9.096103	2.355897	1.605308	9.123268	2.348301	1.594638	-15.114900	-25.594900	25.000000
9.096103	2.355897	1.605308	9.123285	2.348299	1.594792	-15.114900	-24.997800	25.000000
9.096103	2.355897	1.605308	9.123303	2.363796	1.595323	-15.114900	-23.900100	25.000000
9.096078	2.355899	1.605153	9.123218	2.348306	1.594177	-14.267500	-30.679400	25.000000
9.096078	2.355899	1.605153	9.051685	2.356115	1.588607	-14.267500	-28.387500	25.000000
9.096078	2.355899	1.605153	9.122767	2.363855	1.589857	-14.267500	-27.289800	25.000000
9.096078	2.355899	1.605153	9.193046	2.356123	1.587718	-14.267500	-26.692600	25.000000
9.096078	2.355899	1.605153	9.122627	2.363871	1.588138	-14.267500	-25.594900	25.000000
9.096078	2.355899	1.605153	9.051723	2.356111	1.589076	-14.267500	-24.997800	25.000000
9.096078	2.355899	1.605153	9.051660	2.356118	1.588295	-14.267500	-23.900100	25.000000
9.096078	2.355899	1.605153	9.193307	2.356095	1.590794	-14.267500	-23.302900	25.000000
9.096078	2.355899	1.605153	9.051803	2.356102	1.590013	-14.267500	-22.205200	25.000000
9.096078	2.355899	1.605153	9.123120	2.363816	1.593605	-14.267500	-21.608100	25.000000
9.096078	2.355899	1.605153	9.123057	2.363823	1.592980	-14.267500	-20.510400	25.000000
9.096785	2.355822	1.605148	9.123355	2.363790	1.595791	-14.267500	-18.815600	25.000000
9.096103	2.355897	1.605308	9.123136	2.348315	1.593408	-13.420000	-33.472000	25.000000
9.096810	2.355819	1.605303	9.122500	2.348384	1.586180	-13.420000	-31.777200	25.000000
9.096103	2.355897	1.605308	9.122676	2.348364	1.588487	-13.420000	-30.679400	25.000000
9.096103	2.355897	1.605308	9.122176	2.348418	1.580642	-13.420000	-30.082300	25.000000
9.096103	2.355897	1.605308	9.122285	2.348407	1.582796	-13.420000	-28.984600	25.000000
9.096103	2.355897	1.605308	9.122078	2.363932	1.578296	-13.420000	-28.387500	25.000000
9.096103	2.355897	1.605308	9.192451	2.356188	1.576027	-13.420000	-27.289800	25.000000
9.096103	2.355897	1.605308	9.051010	2.356190	1.575171	-13.420000	-26.692600	25.000000
9.096103	2.355897	1.605308	9.121998	2.348438	1.575258	-13.420000	-25.594900	25.000000
9.096103	2.355897	1.605308	9.122011	2.363940	1.575953	-13.420000	-24.997800	25.000000
9.096103	2.355897	1.605308	9.051055	2.356185	1.577046	-13.420000	-23.900100	25.000000
9.096103	2.355897	1.605308	9.051172	2.356172	1.580327	-13.420000	-23.302900	25.000000
9.096103	2.355897	1.605308	9.051193	2.356169	1.580796	-13.420000	-22.205200	25.000000
9.096103	2.355897	1.605308	9.051530	2.356132	1.586576	-13.420000	-21.608100	25.000000
9.096103	2.355897	1.605308	9.122415	2.363895	1.585170	-13.420000	-20.510400	25.000000
9.096810	2.355819	1.605303	9.122822	2.363849	1.590481	-13.420000	-19.913300	25.000000
9.096103	2.355897	1.605308	9.123201	2.363807	1.594386	-13.420000	-18.218400	25.000000
9.096103	2.355897	1.605308	9.123444	2.348282	1.596175	-12.572600	-35.764000	25.000000
9.096103	2.355897	1.605308	9.122864	2.348344	1.590640	-12.572600	-35.166800	25.000000
9.096103	2.355897	1.605308	9.052681	2.340506	1.586949	-12.572600	-33.472000	25.000000
9.096103	2.355897	1.605308	9.051338	2.356153	1.583608	-12.572600	-32.374300	25.000000
9.096810	2.355819	1.605303	9.051007	2.356190	1.575015	-12.572600	-31.777200	25.000000
9.096103	2.355897	1.605308	9.052121	2.340565	1.575412	-12.572600	-30.679400	25.000000
9.096103	2.355897	1.605308	9.051016	2.356189	1.566156	-12.572600	-30.082300	25.000000
9.096103	2.355897	1.605308	9.122187	2.348417	1.560720	-12.572600	-28.984600	25.000000
9.096103	2.355897	1.605308	9.122591	2.348374	1.554182	-12.572600	-28.387500	25.000000
9.096103	2.355897	1.605308	9.122728	2.348359	1.552491	-12.572600	-27.289800	25.000000
9.096103	2.355897	1.605308	9.052081	2.356071	1.548612	-12.572600	-26.692600	25.000000
9.096103	2.355897	1.605308	9.052065	2.356073	1.548769	-12.572600	-25.594900	25.000000
9.096103	2.355897	1.605308	9.051974	2.356083	1.549706	-12.572600	-24.997800	25.000000
9.096103	2.355897	1.605308	9.122567	2.363878	1.554235	-12.572600	-23.900100	25.000000
9.096103	2.355897	1.605308	9.122094	2.363930	1.562828	-12.572600	-23.302900	25.000000
9.096103	2.355897	1.605308	9.122236	2.363915	1.559547	-12.572600	-22.205200	25.000000
9.096103	2.355897	1.605308	9.121976	2.363944	1.574078	-12.572600	-21.608100	25.000000
9.096103	2.355897	1.605308	9.121952	2.363946	1.570640	-12.572600	-20.510400	25.000000
9.096810	2.355819	1.605303	9.122228	2.363916	1.581890	-12.572600	-19.913300	25.000000
9.096810	2.355819	1.605303	9.051329	2.356154	1.583452	-12.572600	-18.815600	25.000000
9.096103	2.355897	1.605308	9.122980	2.363832	1.592199	-12.572600	-18.218400	25.000000
9.096103	2.355897	1.605308	9.122702	2.363863	1.589076	-12.572600	-17.120700	25.000000
9.096103	2.355897	1.605308	9.123041	2.348325	1.592485	-11.725200	-36.861700	25.000000
9.096103	2.355897	1.605308	9.052490	2.340526	1.584180	-11.725200	-35.166800	25.000000
9.096103	2.355897	1.605308	9.124868	2.332867	1.588219	-11.725200	-34.069100	25.000000
9.096103	2.355897	1.605308	9.052094	2.340568	1.573873	-11.725200	-33.472000	25.000000
9.096103	2.355897	1.605308	9.052072	2.340571	1.571258	-11.725200	-32.374300	25.000000
9.096810	2.355819	1.605303	9.052366	2.340539	1.559566	-11.725200	-31.777200	25.000000
9.096103	2.355897	1.605308	9.053802	2.340386	1.543572	-11.725200	-30.679400	25.000000
9.096103	2.355897	1.605308	9.055523	2.340201	1.532354	-11.725200	-30.082300	25.000000
9.096103	2.355897	1.605308	9.129053	2.347677	1.515468	-11.725200	-28.984600	25.000000
9.096103	2.355897	1.605308	9.136197	2.346909	1.492495	-11.725200	-28.387500	25.000000
9.096103	2.355897	1.605308	9.061810	2.339530	1.506271	-11.725200	-27.289800	25.000000
9.096103	2.355897	1.605308	9.066471	2.354486	1.488172	-11.725200	-26.692600	25.000000
9.096103	2.355897	1.605308	9.066471	2.354486	1.488172	-11.725200	-25.594900	25.000000
9.096103	2.355897	1.605308	9.135103	2.362485	1.494383	-11.725200	-24.997800	25.000000
9.096103	2.355897	1.605308	9.133044	2.362713	1.500599	-11.725200	-23.900100	25.000000
9.096103	2.355897	1.605308	9.056097	2.371360	1.527965	-11.725200	-23.302900	25.000000
9.096103	2.355897	1.605308	9.060044	2.370911	1.510552	-11.725200	-22.205200	25.000000
9.096103	2.355897	1.605308	9.053921	2.371607	1.541757	-11.725200	-21.608100	25.000000
9.096103	2.355897	1.605308	9.122794	2.363852	1.551424	-11.725200	-20.510400	25.000000
9.096810	2.355819	1.605303	9.052072	2.371818	1.570828	-11.725200	-19.913300	25.000000
9.096810	2.355819	1.605303	9.052140	2.371810	1.565225	-11.725200	-18.815600	25.000000
9.096103	2.355897	1.605308	9.052264	2.371796	1.580161	-11.725200	-18.218400	25.000000
9.096103	2.355897	1.605308	9.122436	2.363892	1.585483	-11.725200	-17.120700	25.000000
9.096103	2.355897	1.605308	9.122878	2.363843	1.591106	-11.725200	-16.523600	25.000000
9.096103	2.355897	1.605308	9.123057	2.363823	1.592980	-11.725200	-15.425900	25.000000
9.096103	2.355897	1.605308	9.123444	2.363780	1.596572	-11.725200	-14.828700	25.000000
9.096103	2.355897	1.605308	9.123426	2.348284	1.596022	-10.877800	-38.556500	25.000000
9.096103	2.355897	1.605308	9.122579	2.348375	1.587256	-10.877800	-36.861700	25.000000
9.096103	2.355897	1.605308	9.194588	2.340694	1.592460	-10.877800	-35.764000	25.000000
9.096103	2.355897	1.605308	9.052227	2.340554	1.578950	-10.877800	-35.166800	25.000000
9.096103	2.355897	1.605308	9.124162	2.332941	1.573524	-10.877800	-34.069100	25.000000
9.096103	2.355897	1.605308	8.983274	2.332522	1.556028	-10.877800	-33.472000	25.000000
9.096103	2.355897	1.605308	9.198461	2.325259	1.544235	-10.877800	-32.374300	25.000000
9.096810	2.355819	1.605303	8.993047	2.331486	1.504739	-10.877800	-31.777200	25.000000
9.096103	2.355897	1.605308	9.213664	2.308937	1.503252	-10.877800	-30.679400	25.000000
9.096103	2.355897	1.605308	9.091892	2.306255	1.459320	-10.877800	-30.082300	25.000000
9.096103	2.355897	1.605308	9.050685	2.310382	1.410073	-10.877800	-28.984600	25.000000
9.096103	2.355897	1.605308	9.242970	2.306056	1.357665	-10.877800	-28.387500	25.000000
9.096103	2.355897	1.605308	8.946893	2.321018	1.359916	-10.877800	-27.289800	25.000000
9.096103	2.355897	1.605308	9.058526	2.355360	1.313711	-10.877800	-26.692600	25.000000
9.096103	2.355897	1.605308	9.130854	2.332242	1.318478	-10.877800	-25.594900	25.000000
9.096103	2.355897	1.605308	9.220569	2.368552	1.362740	-10.877800	-24.997800	25.000000
9.096103	2.355897	1.605308	9.042699	2.372888	1.326589	-10.877800	-23.900100	25.000000
9.096103	2.355897	1.605308	9.056136	2.403614	1.395934	-10.877800	-23.302900	25.000000
9.096103	2.355897	1.605308	9.234116	2.382659	1.439805	-10.877800	-22.205200	25.000000
9.096103	2.355897	1.605308	9.211428	2.385260	1.488443	-10.877800	-21.608100	25.000000
9.096103	2.355897	1.605308	9.006686	2.409671	1.490966	-10.877800	-20.510400	25.000000
9.096810	2.355819	1.605303	9.200498	2.386520	1.529075	-10.877800	-19.913300	25.000000
9.096810	2.355819	1.605303	9.056078	2.387353	1.552734	-10.877800	-18.815600	25.000000
9.096103	2.355897	1.605308	9.124146	2.379446	1.571733	-10.877800	-18.218400	25.000000
9.096103	2.355897	1.605308	9.124153	2.379445	1.568733	-10.877800	-17.120700	25.000000
9.096103	2.355897	1.605308	9.052382	2.371783	1.582701	-10.877800	-16.523600	25.000000
9.096103	2.355897	1.605308	9.052894	2.371725	1.590159	-10.877800	-15.425900	25.000000
9.096103	2.355897	1.605308	9.053450	2.371661	1.595870	-10.877800	-14.828700	25.000000
9.096103	2.355897	1.605308	9.123185	2.363809	1.594230	-10.877800	-13.731000	25.000000
9.096078	2.355899	1.605153	9.123041	2.348325	1.592485	-10.030400	-37.458800	25.000000
9.096078	2.355899	1.605153	9.124638	2.332891	1.585189	-10.030400	-36.861700	25.000000
9.096078	2.355899	1.605153	9.052416	2.340534	1.582950	-10.030400	-35.764000	25.000000
9.096078	2.355899	1.605153	9.196743	2.325435	1.569453	-10.030400	-35.166800	25.000000
9.096078	2.355899	1.605153	9.056234	2.324867	1.552011	-10.030400	-34.069100	25.000000
9.096078	2.355899	1.605153	9.215335	2.294200	1.524453	-10.030400	-33.472000	25.000000
9.096078	2.355899	1.605153	9.008907	2.299640	1.493340	-10.030400	-32.374300	25.000000
9.096785	2.355822	1.605148	9.420855	2.234014	1.387931	-10.030400	-31.777200	25.000000
9.096078	2.355899	1.605153	8.853705	2.285102	1.407122	-10.030400	-30.679400	25.000000
9.096078	2.355899	1.605153	8.729261	2.180697	1.107149	-10.030400	-30.082300	25.000000
9.096078	2.355899	1.605153	9.445105	2.179403	1.269451	-10.030400	-28.984600	25.000000
9.096078	2.355899	1.605153	9.348262	2.122527	1.000214	-10.030400	-28.387500	25.000000
9.096078	2.355899	1.605153	8.778383	2.149331	0.979020	-10.030400	-27.289800	25.000000
9.096078	2.355899	1.605153	9.141116	2.202769	0.862170	-10.030400	-26.692600	25.000000
9.096078	2.355899	1.605153	9.119759	2.164247	0.916714	-10.030400	-25.594900	25.000000
9.096078	2.355899	1.605153	9.202717	2.238752	0.844154	-10.030400	-24.997800	25.000000
9.096078	2.355899	1.605153	9.083502	2.337223	0.893669	-10.030400	-23.900100	25.000000
9.096078	2.355899	1.605153	8.902247	2.440057	1.021422	-10.030400	-23.302900	25.000000
9.096078	2.355899	1.605153	9.298387	2.375399	1.155722	-10.030400	-22.205200	25.000000
9.096078	2.355899	1.605153	9.134555	2.427020	1.401253	-10.030400	-21.608100	25.000000
9.096078	2.355899	1.605153	9.180354	2.437961	1.285790	-10.030400	-20.510400	25.000000
9.096785	2.355822	1.605148	9.157489	2.407683	1.466261	-10.030400	-19.913300	25.000000
9.096785	2.355822	1.605148	8.936442	2.418464	1.503103	-10.030400	-18.815600	25.000000
9.096078	2.355899	1.605153	9.130988	2.394644	1.536616	-10.030400	-18.218400	25.000000
9.096078	2.355899	1.605153	9.055558	2.387414	1.561764	-10.030400	-17.120700	25.000000
9.096078	2.355899	1.605153	9.052075	2.371818	1.572066	-10.030400	-16.523600	25.000000
9.096078	2.355899	1.605153	9.052461	2.371774	1.584129	-10.030400	-15.425900	25.000000
9.096078	2.355899	1.605153	9.123152	2.363813	1.593917	-10.030400	-14.828700	25.000000
9.096078	2.355899	1.605153	9.122676	2.363866	1.588763	-10.030400	-13.731000	25.000000
9.096805	2.355820	1.605272	9.053744	2.340392	1.597559	-9.182950	-40.251400	25.000000
9.096098	2.355897	1.605277	9.123337	2.348293	1.595253	-9.182950	-38.556500	25.000000
9.096098	2.355897	1.605277	9.122728	2.348359	1.589102	-9.182950	-37.458800	25.000000
9.096098	2.355897	1.605277	9.124444	2.332911	1.582008	-9.182950	-36.861700	25.000000
9.096098	2.355897	1.605277	9.055385	2.324955	1.570948	-9.182950	-35.764000	25.000000
9.096098	2.355897	1.605277	8.925855	2.307979	1.520385	-9.182950	-35.166800	25.000000
9.096098	2.355897	1.605277	9.277103	2.302734	1.553262	-9.182950	-34.069100	25.000000
9.096098	2.355897	1.605277	9.180005	2.199671	1.387931	-9.182950	-33.472000	25.000000
9.096098	2.355897	1.605277	8.973433	2.259075	1.476871	-9.182950	-32.374300	25.000000
9.096805	2.355820	1.605272	9.011659	2.106504	1.269451	-9.182950	-31.777200	25.000000
9.096098	2.355897	1.605277	9.243917	1.947449	1.060308	-9.182950	-30.679400	25.000000
9.096098	2.355897	1.605277	8.725824	2.021378	1.021643	-9.182950	-30.082300	25.000000
9.096098	2.355897	1.605277	9.343982	2.226880	1.283220	-9.182950	-28.984600	25.000000
9.096098	2.355897	1.605277	9.384029	2.350857	2.271293	-9.182950	-28.387500	25.000000
9.096098	2.355897	1.605277	8.757306	2.516231	1.672406	-9.182950	-27.289800	25.000000
9.096098	2.355897	1.605277	8.819864	2.132806	2.184815	-9.182950	-26.692600	25.000000
9.096098	2.355897	1.605277	9.477341	2.229366	2.356194	-9.182950	-25.594900	25.000000
9.096098	2.355897	1.605277	10.116699	2.145583	1.717357	-9.182950	-24.997800	25.000000
9.096098	2.355897	1.605277	7.880996	2.416799	1.668561	-9.182950	-23.900100	25.000000
9.096098	2.355897	1.605277	10.026590	2.371851	1.287575	-9.182950	-23.302900	25.000000
9.096098	2.355897	1.605277	8.017288	2.583312	1.719686	-9.182950	-22.205200	25.000000
9.096098	2.355897	1.605277	9.330595	2.435553	1.033210	-9.182950	-21.608100	25.000000
9.096098	2.355897	1.605277	8.846468	2.521602	0.923404	-9.182950	-20.510400	25.000000
9.096805	2.355820	1.605272	9.005559	2.497269	1.291735	-9.182950	-19.913300	25.000000
9.096805	2.355820	1.605272	9.145491	2.442466	1.400061	-9.182950	-18.815600	25.000000
9.096098	2.355897	1.605277	9.212215	2.401121	1.501552	-9.182950	-18.218400	25.000000
9.096098	2.355897	1.605277	8.941946	2.434819	1.522558	-9.182950	-17.120700	25.000000
9.096098	2.355897	1.605277	9.124145	2.379446	1.571415	-9.182950	-16.523600	25.000000
9.096098	2.355897	1.605277	9.128727	2.394911	1.561053	-9.182950	-15.425900	25.000000
9.096098	2.355897	1.605277	9.052480	2.371772	1.584446	-9.182950	-14.828700	25.000000
9.096098	2.355897	1.605277	9.124986	2.379349	1.590476	-9.182950	-13.731000	25.000000
9.096098	2.355897	1.605277	9.053381	2.371669	1.595236	-9.182950	-13.133900	25.000000
9.096805	2.355820	1.605272	9.053941	2.340371	1.599096	-8.335530	-40.251400	25.000000
9.096098	2.355897	1.605277	9.195029	2.340647	1.596397	-8.335530	-39.153600	25.000000
9.096098	2.355897	1.605277	9.124894	2.332864	1.588522	-8.335530	-38.556500	25.000000
9.096098	2.355897	1.605277	9.052977	2.340474	1.590486	-8.335530	-37.458800	25.000000
9.096098	2.355897	1.605277	9.128623	2.317444	1.577050	-8.335530	-36.861700	25.000000
9.096098	2.355897	1.605277	8.987592	2.316806	1.558297	-8.335530	-35.764000	25.000000
9.096098	2.355897	1.605277	9.222776	2.223319	1.483349	-8.335530	-35.166800	25.000000
9.096098	2.355897	1.605277	9.083177	2.277792	1.528792	-8.335530	-34.069100	25.000000
9.096098	2.355897	1.605277	8.659567	2.130818	1.377410	-8.335530	-33.472000	25.000000
9.096098	2.355897	1.605277	9.508943	1.970459	1.245436	-8.335530	-32.374300	25.000000
9.096805	2.355820	1.605272	8.286881	2.249132	1.443366	-8.335530	-31.777200	25.000000
9.096098	2.355897	1.605277	9.898262	1.997876	1.308049	-8.335530	-30.679400	25.000000
9.096098	2.355897	1.605277	9.454628	2.140543	2.141379	-8.335530	-30.082300	25.000000
9.096098	2.355897	1.605277	8.665449	2.368115	1.960505	-8.335530	-28.984600	25.000000
9.096098	2.355897	1.605277	9.583841	1.889175	2.520066	-8.335530	-28.387500	25.000000
9.096098	2.355897	1.605277	8.613362	2.147977	2.316999	-8.335530	-27.289800	25.000000
9.096098	2.355897	1.605277	9.438882	1.735758	2.721187	-8.335530	-26.692600	25.000000
9.096098	2.355897	1.605277	8.701201	1.452144	2.860113	-8.335530	-25.594900	25.000000
9.096098	2.355897	1.605277	6.796196	1.728433	2.154667	-8.335530	-24.997800	25.000000
9.096098	2.355897	1.605277	10.859978	1.472359	2.251318	-8.335530	-23.900100	25.000000
9.096098	2.355897	1.605277	10.283968	1.806341	2.214297	-8.335530	-23.302900	25.000000
9.096098	2.355897	1.605277	7.754895	1.861129	2.076588	-8.335530	-22.205200	25.000000
9.096098	2.355897	1.605277	11.601138	2.165532	1.527074	-8.335530	-21.608100	25.000000
9.096098	2.355897	1.605277	5.432274	2.454600	2.241004	-8.335530	-20.510400	25.000000
9.096805	2.355820	1.605272	8.919641	2.635148	0.982794	-8.335530	-19.913300	25.000000
9.096805	2.355820	1.605272	9.316652	2.488613	1.012197	-8.335530	-18.815600	25.000000
9.096098	2.355897	1.605277	8.915722	2.473702	1.481940	-8.335530	-18.218400	25.000000
9.096098	2.355897	1.605277	9.237424	2.464565	1.397125	-8.335530	-17.120700	25.000000
9.096098	2.355897	1.605277	9.069421	2.418514	1.550799	-8.335530	-16.523600	25.000000
9.096098	2.355897	1.605277	9.129570	2.394811	1.548542	-8.335530	-15.425900	25.000000
9.096098	2.355897	1.605277	9.055713	2.387396	1.583215	-8.335530	-14.828700	25.000000
9.096098	2.355897	1.605277	9.124420	2.379414	1.582066	-8.335530	-13.731000	25.000000
9.096098	2.355897	1.605277	9.125636	2.379275	1.596981	-8.335530	-13.133900	25.000000
9.096098	2.355897	1.605277	9.053201	2.371690	1.593491	-8.335530	-12.036200	25.000000
9.096805	2.355820	1.605272	9.053521	2.340416	1.595714	-7.488110	-40.251400	25.000000
9.096098	2.355897	1.605277	9.053941	2.340371	1.599096	-7.488110	-39.153600	25.000000
9.096098	2.355897	1.605277	9.125157	2.332837	1.591399	-7.488110	-38.556500	25.000000
9.096098	2.355897	1.605277	9.055756	2.324916	1.583220	-7.488110	-37.458800	25.000000
9.096098	2.355897	1.605277	9.285008	2.287593	1.565511	-7.488110	-36.861700	25.000000
9.096098	2.355897	1.605277	8.994661	2.301055	1.553186	-7.488110	-35.764000	25.000000
9.096098	2.355897	1.605277	9.642868	2.177752	1.498769	-7.488110	-35.166800	25.000000
9.096098	2.355897	1.605277	8.545180	2.167260	1.430300	-7.488110	-34.069100	25.000000
9.096098	2.355897	1.605277	8.430830	2.038376	1.325173	-7.488110	-33.472000	25.000000
9.096098	2.355897	1.605277	9.733530	1.983052	1.349208	-7.488110	-32.374300	25.000000
9.096805	2.355820	1.605272	6.108191	3.089798	2.819842	-7.488110	-31.777200	25.000000
9.096098	2.355897	1.605277	11.275194	2.218170	2.411257	-7.488110	-30.679400	25.000000
9.096098	2.355897	1.605277	8.290882	1.672287	3.472775	-7.488110	-30.082300	25.000000
9.096098	2.355897	1.605277	9.761138	1.896140	2.828697	-7.488110	-28.984600	25.000000
9.096098	2.355897	1.605277	9.865136	1.369752	2.714965	-7.488110	-28.387500	25.000000
9.096098	2.355897	1.605277	8.264236	1.420183	2.765632	-7.488110	-27.289800	25.000000
9.096098	2.355897	1.605277	8.355693	1.299396	2.677945	-7.488110	-26.692600	25.000000
9.096098	2.355897	1.605277	9.741791	1.305952	2.476818	-7.488110	-25.594900	25.000000
9.096098	2.355897	1.605277	10.540398	1.160952	2.253615	-7.488110	-24.997800	25.000000
9.096098	2.355897	1.605277	7.305477	1.192233	2.356194	-7.488110	-23.900100	25.000000
9.096098	2.355897	1.605277	10.856063	1.405155	2.176932	-7.488110	-23.302900	25.000000
9.096098	2.355897	1.605277	6.891183	1.309533	2.142134	-7.488110	-22.205200	25.000000
9.096098	2.355897	1.605277	11.237811	1.535373	2.002582	-7.488110	-21.608100	25.000000
9.096098	2.355897	1.605277	6.172586	1.587646	2.275908	-7.488110	-20.510400	25.000000
9.096805	2.355820	1.605272	7.252868	2.452948	1.507836	-7.488110	-19.913300	25.000000
9.096805	2.355820	1.605272	10.633419	2.466354	1.125989	-7.488110	-18.815600	25.000000
9.096098	2.355897	1.605277	8.872745	2.621607	1.261958	-7.488110	-18.218400	25.000000
9.096098	2.355897	1.605277	9.297446	2.509297	1.303746	-7.488110	-17.120700	25.000000
9.096098	2.355897	1.605277	9.176298	2.455508	1.503141	-7.488110	-16.523600	25.000000
9.096098	2.355897	1.605277	9.003673	2.426828	1.549274	-7.488110	-15.425900	25.000000
9.096098	2.355897	1.605277	9.196830	2.386943	1.577304	-7.488110	-14.828700	25.000000
9.096098	2.355897	1.605277	9.128623	2.394923	1.577570	-7.488110	-13.731000	25.000000
9.096098	2.355897	1.605277	9.123408	2.363784	1.596260	-7.488110	-13.133900	25.000000
9.096098	2.355897	1.605277	9.052935	2.371720	1.590635	-7.488110	-12.036200	25.000000
9.096451	2.355858	1.605275	9.053861	2.371614	1.599360	-7.488110	-10.341400	25.000000
9.096098	2.355897	1.605277	9.054215	2.340341	1.601095	-6.640690	-41.946200	25.000000
9.096805	2.355820	1.605272	9.126039	2.332745	1.598971	-6.640690	-40.251400	25.000000
9.096098	2.355897	1.605277	9.053503	2.340418	1.595560	-6.640690	-39.153600	25.000000
9.096098	2.355897	1.605277	9.056141	2.324876	1.588522	-6.640690	-38.556500	25.000000
9.096098	2.355897	1.605277	9.202624	2.310029	1.584178	-6.640690	-37.458800	25.000000
9.096098	2.355897	1.605277	9.246371	2.248843	1.553576	-6.640690	-36.861700	25.000000
9.096098	2.355897	1.605277	8.938238	2.276931	1.554621	-6.640690	-35.764000	25.000000
9.096098	2.355897	1.605277	9.029535	1.933061	1.386176	-6.640690	-35.166800	25.000000
9.096098	2.355897	1.605277	9.129759	2.111571	1.487655	-6.640690	-34.069100	25.000000
9.096098	2.355897	1.605277	10.242466	2.549686	1.642602	-6.640690	-33.472000	25.000000
9.096098	2.355897	1.605277	7.708437	2.101267	1.358653	-6.640690	-32.374300	25.000000
9.096805	2.355820	1.605272	6.175759	2.542432	2.457883	-6.640690	-31.777200	25.000000
9.096098	2.355897	1.605277	10.912836	2.026227	4.212228	-6.640690	-30.679400	25.000000
9.096098	2.355897	1.605277	6.267575	1.237584	2.937575	-6.640690	-30.082300	25.000000
9.096098	2.355897	1.605277	10.962591	1.366879	4.269572	-6.640690	-28.984600	25.000000
9.096098	2.355897	1.605277	9.291442	0.733824	3.226869	-6.640690	-28.387500	25.000000
9.096098	2.355897	1.605277	8.945032	0.724216	3.236224	-6.640690	-27.289800	25.000000
9.096098	2.355897	1.605277	9.080198	0.920134	2.414950	-6.640690	-26.692600	25.000000
9.096098	2.355897	1.605277	9.148770	0.855520	2.541542	-6.640690	-25.594900	25.000000
9.096098	2.355897	1.605277	9.720597	0.931450	2.201478	-6.640690	-24.997800	25.000000
9.096098	2.355897	1.605277	8.584870	0.977468	1.990447	-6.640690	-23.900100	25.000000
9.096098	2.355897	1.605277	9.720597	1.124007	2.136651	-6.640690	-23.302900	25.000000
9.096098	2.355897	1.605277	8.395832	1.166848	1.859772	-6.640690	-22.205200	25.000000
9.096098	2.355897	1.605277	9.026073	1.358709	1.978664	-6.640690	-21.608100	25.000000
9.096098	2.355897	1.605277	9.236341	1.036937	2.267145	-6.640690	-20.510400	25.000000
9.096805	2.355820	1.605272	11.270954	2.185484	1.612077	-6.640690	-19.913300	25.000000
9.096805	2.355820	1.605272	6.310277	1.893301	1.976127	-6.640690	-18.815600	25.000000
9.096098	2.355897	1.605277	9.065407	2.628936	1.236244	-6.640690	-18.218400	25.000000
9.096098	2.355897	1.605277	9.112634	2.665682	1.205858	-6.640690	-17.120700	25.000000
9.096098	2.355897	1.605277	9.036642	2.511244	1.471128	-6.640690	-16.523600	25.000000
9.096098	2.355897	1.605277	9.109885	2.464461	1.518213	-6.640690	-15.425900	25.000000
9.096098	2.355897	1.605277	8.987434	2.395518	1.581124	-6.640690	-14.828700	25.000000
9.096098	2.355897	1.605277	9.135176	2.410395	1.564567	-6.640690	-13.731000	25.000000
9.096098	2.355897	1.605277	9.053486	2.371657	1.596188	-6.640690	-13.133900	25.000000
9.096098	2.355897	1.605277	9.124881	2.379361	1.589207	-6.640690	-12.036200	25.000000
9.096451	2.355858	1.605275	9.054150	2.371581	1.601580	-6.640690	-10.341400	25.000000
9.096805	2.355820	1.605272	9.053630	2.340404	1.596637	-5.793270	-40.251400	25.000000
9.096098	2.355897	1.605277	9.195398	2.340608	1.599273	-5.793270	-39.153600	25.000000
9.096098	2.355897	1.605277	8.987975	2.316766	1.588522	-5.793270	-38.556500	25.000000
9.096098	2.355897	1.605277	9.202796	2.310012	1.586530	-5.793270	-37.458800	25.000000
9.096098	2.355897	1.605277	8.763739	2.234674	1.544426	-5.793270	-36.861700	25.000000
9.096098	2.355897	1.605277	9.340894	2.227135	1.564310	-5.793270	-35.764000	25.000000
9.096098	2.355897	1.605277	10.130903	1.773547	1.412937	-5.793270	-35.166800	25.000000
9.096098	2.355897	1.605277	8.002250	1.904355	1.443489	-5.793270	-34.069100	25.000000
9.096098	2.355897	1.605277	10.481412	2.276760	1.432445	-5.793270	-33.472000	25.000000
9.096098	2.355897	1.605277	7.425631	2.957383	1.272297	-5.793270	-32.374300	25.000000
9.096805	2.355820	1.605272	5.622587	2.242716	4.698981	-5.793270	-31.777200	25.000000
9.096098	2.355897	1.605277	11.518060	1.972178	4.690129	-5.793270	-30.679400	25.000000
9.096098	2.355897	1.605277	12.111519	1.145237	4.637077	-5.793270	-30.082300	25.000000
9.096098	2.355897	1.605277	1.703995	1.512077	1.606076	-5.793270	-28.984600	25.000000
9.096098	2.355897	1.605277	8.067069	0.409526	4.139929	-5.793270	-28.387500	25.000000
9.096098	2.355897	1.605277	9.971178	0.445021	4.055841	-5.793270	-27.289800	25.000000
9.096098	2.355897	1.605277	9.093404	0.393047	2.457883	-5.793270	-26.692600	25.000000
9.096098	2.355897	1.605277	9.120685	0.565660	2.021636	-5.793270	-25.594900	25.000000
9.096098	2.355897	1.605277	9.814764	0.887050	1.618129	-5.793270	-24.997800	25.000000
9.096098	2.355897	1.605277	8.352395	0.803194	1.629064	-5.793270	-23.900100	25.000000
9.096098	2.355897	1.605277	9.671510	0.927671	1.820162	-5.793270	-23.302900	25.000000
9.096098	2.355897	1.605277	8.374778	0.870044	1.550487	-5.793270	-22.205200	25.000000
9.096098	2.355897	1.605277	9.918916	0.815425	1.914007	-5.793270	-21.608100	25.000000
9.096098	2.355897	1.605277	8.182426	0.988481	1.884680	-5.793270	-20.510400	25.000000
9.096805	2.355820	1.605272	8.786131	1.304755	1.870163	-5.793270	-19.913300	25.000000
9.096805	2.355820	1.605272	9.450376	1.799224	1.868497	-5.793270	-18.815600	25.000000
9.096098	2.355897	1.605277	11.261550	2.386403	1.394998	-5.793270	-18.218400	25.000000
9.096098	2.355897	1.605277	6.283224	2.324525	1.981707	-5.793270	-17.120700	25.000000
9.096098	2.355897	1.605277	9.129759	2.595093	1.433370	-5.793270	-16.523600	25.000000
9.096098	2.355897	1.605277	9.195700	2.524559	1.482348	-5.793270	-15.425900	25.000000
9.096098	2.355897	1.605277	9.219841	2.432929	1.558480	-5.793270	-14.828700	25.000000
9.096098	2.355897	1.605277	8.994120	2.411228	1.581596	-5.793270	-13.731000	25.000000
9.096098	2.355897	1.605277	9.056695	2.387280	1.595630	-5.793270	-13.133900	25.000000
9.096098	2.355897	1.605277	9.124959	2.379352	1.590159	-5.793270	-12.036200	25.000000
9.096451	2.355858	1.605275	9.195218	2.371382	1.598758	-5.793270	-10.341400	25.000000
9.096168	2.355889	1.605277	9.054461	2.371546	1.603800	-5.793270	-8.646520	25.000000
9.096098	2.355897	1.605277	9.054601	2.340300	1.603708	-4.945850	-42.543300	25.000000
9.096098	2.355897	1.605277	9.054461	2.340315	1.602785	-4.945850	-40.848500	25.000000
9.096805	2.355820	1.605272	9.126249	2.332723	1.600485	-4.945850	-40.251400	25.000000
9.096098	2.355897	1.605277	8.984545	2.332388	1.598328	-4.945850	-39.153600	25.000000
9.096098	2.355897	1.605277	8.994547	2.301066	1.587064	-4.945850	-38.556500	25.000000
9.096098	2.355897	1.605277	9.136481	2.301848	1.594174	-4.945850	-37.458800	25.000000
9.096098	2.355897	1.605277	8.840910	2.227863	1.564939	-4.945850	-36.861700	25.000000
9.096098	2.355897	1.605277	9.487106	2.176321	1.561566	-4.945850	-35.764000	25.000000
9.096098	2.355897	1.605277	10.312051	1.658184	1.451754	-4.945850	-35.166800	25.000000
9.096098	2.355897	1.605277	7.590784	1.655209	1.440866	-4.945850	-34.069100	25.000000
9.096098	2.355897	1.605277	8.145404	2.952361	2.513756	-4.945850	-33.472000	25.000000
9.096098	2.355897	1.605277	9.988599	2.227736	1.620123	-4.945850	-32.374300	25.000000
9.096805	2.355820	1.605272	5.565070	2.274298	2.540519	-4.945850	-31.777200	25.000000
9.096098	2.355897	1.605277	11.054863	1.921693	4.479092	-4.945850	-30.679400	25.000000
9.096098	2.355897	1.605277	4.745524	2.255153	4.321782	-4.945850	-30.082300	25.000000
9.096098	2.355897	1.605277	11.502174	0.764682	4.096519	-4.945850	-28.984600	25.000000
9.096098	2.355897	1.605277	7.714072	0.518542	4.043775	-4.945850	-28.387500	25.000000
9.096098	2.355897	1.605277	10.286399	0.393560	4.180665	-4.945850	-27.289800	25.000000
9.096098	2.355897	1.605277	10.472922	0.477810	1.651868	-4.945850	-26.692600	25.000000
9.096098	2.355897	1.605277	7.503306	0.329360	1.719686	-4.945850	-25.594900	25.000000
9.096098	2.355897	1.605277	9.179439	1.020538	1.392200	-4.945850	-24.997800	25.000000
9.096098	2.355897	1.605277	9.055032	0.959089	1.235395	-4.945850	-23.900100	25.000000
9.096098	2.355897	1.605277	9.322130	0.843190	1.295851	-4.945850	-23.302900	25.000000
9.096098	2.355897	1.605277	8.853389	0.746335	1.378295	-4.945850	-22.205200	25.000000
9.096098	2.355897	1.605277	9.164197	0.718293	1.362019	-4.945850	-21.608100	25.000000
9.096098	2.355897	1.605277	8.999578	0.731042	1.517513	-4.945850	-20.510400	25.000000
9.096805	2.355820	1.605272	9.026937	1.403853	1.721908	-4.945850	-19.913300	25.000000
9.096805	2.355820	1.605272	9.143681	0.952515	1.687827	-4.945850	-18.815600	25.000000
9.096098	2.355897	1.605277	3.876713	2.761477	1.339308	-4.945850	-18.218400	25.000000
9.096098	2.355897	1.605277	12.128648	2.107361	1.502633	-4.945850	-17.120700	25.000000
9.096098	2.355897	1.605277	9.393876	2.654195	1.357798	-4.945850	-16.523600	25.000000
9.096098	2.355897	1.605277	8.691628	2.635004	1.480566	-4.945850	-15.425900	25.000000
9.096098	2.355897	1.605277	8.949906	2.451140	1.575831	-4.945850	-14.828700	25.000000
9.096098	2.355897	1.605277	9.219598	2.432960	1.565546	-4.945850	-13.731000	25.000000
9.096098	2.355897	1.605277	8.988415	2.395400	1.594890	-4.945850	-13.133900	25.000000
9.096098	2.355897	1.605277	9.129631	2.394804	1.593696	-4.945850	-12.036200	25.000000
9.096805	2.355820	1.605272	9.126122	2.379219	1.600946	-4.945850	-11.439100	25.000000
9.096451	2.355858	1.605275	9.054086	2.371589	1.601105	-4.945850	-10.341400	25.000000
9.096168	2.355889	1.605277	9.054461	2.371546	1.603800	-4.945850	-9.744220	25.000000
9.096168	2.355889	1.605277	9.054461	2.371546	1.603800	-4.945850	-8.646520	25.000000
9.096805	2.355820	1.605272	9.057528	2.324732	1.600636	-4.098430	-40.251400	25.000000
9.096098	2.355897	1.605277	9.126446	2.332702	1.601847	-4.098430	-39.153600	25.000000
9.096098	2.355897	1.605277	8.995419	2.300980	1.595567	-4.098430	-38.556500	25.000000
9.096098	2.355897	1.605277	9.211383	2.294579	1.595719	-4.098430	-37.458800	25.000000
9.096098	2.355897	1.605277	9.296264	2.125973	1.573708	-4.098430	-36.861700	25.000000
9.096098	2.355897	1.605277	9.060810	2.223089	1.583435	-4.098430	-35.764000	25.000000
9.096098	2.355897	1.605277	9.762776	1.485677	1.495680	-4.098430	-35.166800	25.000000
9.096098	2.355897	1.605277	8.448479	1.751695	1.520237	-4.098430	-34.069100	25.000000
9.096098	2.355897	1.605277	8.822381	2.303328	1.705363	-4.098430	-33.472000	25.000000
9.096098	2.355897	1.605277	9.253783	2.793884	3.398109	-4.098430	-32.374300	25.000000
9.096805	2.355820	1.605272	9.471008	1.270672	3.491308	-4.098430	-31.777200	25.000000
9.096098	2.355897	1.605277	7.613967	2.831147	5.156808	-4.098430	-30.679400	25.000000
9.096098	2.355897	1.605277	11.809742	0.925796	4.262958	-4.098430	-30.082300	25.000000
9.096098	2.355897	1.605277	4.913247	1.083632	3.397744	-4.098430	-28.984600	25.000000
9.096098	2.355897	1.605277	8.830159	0.348282	4.299219	-4.098430	-28.387500	25.000000
9.096098	2.355897	1.605277	9.353422	0.275774	3.432297	-4.098430	-27.289800	25.000000
9.096098	2.355897	1.605277	9.951910	0.686103	1.531769	-4.098430	-26.692600	25.000000
9.096098	2.355897	1.605277	8.230262	0.360922	1.637216	-4.098430	-25.594900	25.000000
9.096098	2.355897	1.605277	8.254793	0.950249	1.502247	-4.098430	-24.997800	25.000000
9.096098	2.355897	1.605277	9.765250	1.080306	1.513881	-4.098430	-23.900100	25.000000
9.096098	2.355897	1.605277	8.466694	0.816142	1.336828	-4.098430	-23.302900	25.000000
9.096098	2.355897	1.605277	9.712162	0.795185	1.471128	-4.098430	-22.205200	25.000000
9.096098	2.355897	1.605277	9.450630	0.580984	1.301501	-4.098430	-21.608100	25.000000
9.096098	2.355897	1.605277	8.725829	0.764116	1.234903	-4.098430	-20.510400	25.000000
9.096805	2.355820	1.605272	10.298490	0.836586	1.462017	-4.098430	-19.913300	25.000000
9.096805	2.355820	1.605272	7.908407	1.262459	1.473769	-4.098430	-18.815600	25.000000
9.096098	2.355897	1.605277	8.493085	2.765668	1.294699	-4.098430	-18.218400	25.000000
9.096098	2.355897	1.605277	9.474835	1.719099	1.447765	-4.098430	-17.120700	25.000000
9.096098	2.355897	1.605277	8.874689	2.779744	1.407741	-4.098430	-16.523600	25.000000
9.096098	2.355897	1.605277	9.291528	2.699947	1.380808	-4.098430	-15.425900	25.000000
9.096098	2.355897	1.605277	9.245614	2.463463	1.564417	-4.098430	-14.828700	25.000000
9.096098	2.355897	1.605277	8.950365	2.451078	1.587461	-4.098430	-13.731000	25.000000
9.096098	2.355897	1.605277	8.988728	2.395362	1.597839	-4.098430	-13.133900	25.000000
9.096098	2.355897	1.605277	9.129860	2.394777	1.595952	-4.098430	-12.036200	25.000000
9.096805	2.355820	1.605272	9.054129	2.371584	1.601422	-4.098430	-11.439100	25.000000
9.096451	2.355858	1.605275	9.054393	2.371554	1.603325	-4.098430	-10.341400	25.000000
9.096098	2.355897	1.605277	9.054720	2.340287	1.604476	-3.251010	-40.848500	25.000000
9.096805	2.355820	1.605272	9.057937	2.324690	1.603361	-3.251010	-40.251400	25.000000
9.096098	2.355897	1.605277	9.196060	2.340539	1.603815	-3.251010	-39.153600	25.000000
9.096098	2.355897	1.605277	9.212240	2.294497	1.601656	-3.251010	-38.556500	25.000000
9.096098	2.355897	1.605277	8.996362	2.300886	1.602278	-3.251010	-37.458800	25.000000
9.096098	2.355897	1.605277	9.298562	2.125820	1.597119	-3.251010	-36.861700	25.000000
9.096098	2.355897	1.605277	8.862280	2.211850	1.598958	-3.251010	-35.764000	25.000000
9.096098	2.355897	1.605277	9.777488	1.696724	1.574508	-3.251010	-35.166800	25.000000
9.096098	2.355897	1.605277	8.388803	1.426774	1.549113	-3.251010	-34.069100	25.000000
9.096098	2.355897	1.605277	10.158918	2.874983	4.918211	-3.251010	-33.472000	25.000000
9.096098	2.355897	1.605277	7.928986	2.577363	1.579051	-3.251010	-32.374300	25.000000
9.096805	2.355820	1.605272	11.837407	1.898491	4.748980	-3.251010	-31.777200	25.000000
9.096098	2.355897	1.605277	2.784385	1.010384	0.689309	-3.251010	-30.679400	25.000000
9.096098	2.355897	1.605277	10.374608	1.012030	4.924276	-3.251010	-30.082300	25.000000
9.096098	2.355897	1.605277	7.501393	0.403152	5.708377	-3.251010	-28.984600	25.000000
9.096098	2.355897	1.605277	8.759846	0.325455	6.258191	-3.251010	-28.387500	25.000000
9.096098	2.355897	1.605277	9.471198	0.349071	5.988772	-3.251010	-27.289800	25.000000
9.096098	2.355897	1.605277	9.746225	0.642984	1.280979	-3.251010	-26.692600	25.000000
9.096098	2.355897	1.605277	8.491266	0.512577	0.914808	-3.251010	-25.594900	25.000000
9.096098	2.355897	1.605277	9.104351	0.949439	1.544046	-3.251010	-24.997800	25.000000
9.096098	2.355897	1.605277	9.093423	0.975390	1.658041	-3.251010	-23.900100	25.000000
9.096098	2.355897	1.605277	8.951793	0.880528	1.597746	-3.251010	-23.302900	25.000000
9.096098	2.355897	1.605277	9.092045	0.879002	1.593507	-3.251010	-22.205200	25.000000
9.096098	2.355897	1.605277	9.578669	0.720206	1.645262	-3.251010	-21.608100	25.000000
9.096098	2.355897	1.605277	8.645953	0.565491	1.689797	-3.251010	-20.510400	25.000000
9.096805	2.355820	1.605272	8.214773	0.733905	1.598062	-3.251010	-19.913300	25.000000
9.096805	2.355820	1.605272	9.950960	1.157128	1.621303	-3.251010	-18.815600	25.000000
9.096098	2.355897	1.605277	5.738127	2.294597	2.105233	-3.251010	-18.218400	25.000000
9.096098	2.355897	1.605277	11.444339	1.791021	1.681157	-3.251010	-17.120700	25.000000
9.096098	2.355897	1.605277	9.050048	2.731596	1.506718	-3.251010	-16.523600	25.000000
9.096098	2.355897	1.605277	9.144734	2.794695	1.494493	-3.251010	-15.425900	25.000000
9.096098	2.355897	1.605277	8.887578	2.459673	1.595434	-3.251010	-14.828700	25.000000
9.096098	2.355897	1.605277	9.200639	2.487209	1.578296	-3.251010	-13.731000	25.000000
9.096098	2.355897	1.605277	8.989350	2.395287	1.602916	-3.251010	-13.133900	25.000000
9.096098	2.355897	1.605277	9.130185	2.394739	1.598853	-3.251010	-12.036200	25.000000
9.096805	2.355820	1.605272	9.195874	2.371309	1.603597	-3.251010	-11.439100	25.000000
9.096451	2.355858	1.605275	9.054461	2.371546	1.603800	-3.251010	-10.341400	25.000000
9.096098	2.355897	1.605277	9.054892	2.340269	1.605552	-2.403590	-40.848500	25.000000
9.096805	2.355820	1.605272	9.127170	2.332626	1.606387	-2.403590	-40.251400	25.000000
9.096098	2.355897	1.605277	9.054968	2.340261	1.606013	-2.403590	-39.153600	25.000000
9.096098	2.355897	1.605277	9.064353	2.309007	1.608092	-2.403590	-38.556500	25.000000
9.096098	2.355897	1.605277	9.213170	2.294408	1.607012	-2.403590	-37.458800	25.000000
9.096098	2.355897	1.605277	9.519223	2.161286	1.613808	-2.403590	-36.861700	25.000000
9.096098	2.355897	1.605277	8.667503	2.199881	1.619330	-2.403590	-35.764000	25.000000
9.096098	2.355897	1.605277	7.472148	1.435213	1.601867	-2.403590	-35.166800	25.000000
9.096098	2.355897	1.605277	10.396624	1.384076	1.626621	-2.403590	-34.069100	25.000000
9.096098	2.355897	1.605277	5.252390	2.599736	1.855181	-2.403590	-33.472000	25.000000
9.096098	2.355897	1.605277	11.731262	2.368903	1.025141	-2.403590	-32.374300	25.000000
9.096805	2.355820	1.605272	8.075271	2.103336	5.034140	-2.403590	-31.777200	25.000000
9.096098	2.355897	1.605277	9.277225	1.788084	0.704915	-2.403590	-30.679400	25.000000
9.096098	2.355897	1.605277	8.584288	1.176213	5.462088	-2.403590	-30.082300	25.000000
9.096098	2.355897	1.605277	9.571834	1.081359	6.176450	-2.403590	-28.984600	25.000000
9.096098	2.355897	1.605277	10.033190	0.560126	0.107135	-2.403590	-28.387500	25.000000
9.096098	2.355897	1.605277	7.989524	0.598677	5.759907	-2.403590	-27.289800	25.000000
9.096098	2.355897	1.605277	8.967302	0.324255	0.713562	-2.403590	-26.692600	25.000000
9.096098	2.355897	1.605277	9.218460	0.336977	1.498554	-2.403590	-25.594900	25.000000
9.096098	2.355897	1.605277	9.170688	1.082768	1.565982	-2.403590	-24.997800	25.000000
9.096098	2.355897	1.605277	8.987313	0.794014	1.625274	-2.403590	-23.900100	25.000000
9.096098	2.355897	1.605277	8.217399	0.821012	1.503067	-2.403590	-23.302900	25.000000
9.096098	2.355897	1.605277	9.980317	0.821203	1.608723	-2.403590	-22.205200	25.000000
9.096098	2.355897	1.605277	9.443140	0.635429	1.529748	-2.403590	-21.608100	25.000000
9.096098	2.355897	1.605277	8.697362	0.691409	1.699177	-2.403590	-20.510400	25.000000
9.096805	2.355820	1.605272	7.567358	0.697501	1.899704	-2.403590	-19.913300	25.000000
9.096805	2.355820	1.605272	10.383333	0.918841	1.684932	-2.403590	-18.815600	25.000000
9.096098	2.355897	1.605277	10.769076	1.852140	1.738805	-2.403590	-18.218400	25.000000
9.096098	2.355897	1.605277	7.136841	1.361906	1.981895	-2.403590	-17.120700	25.000000
9.096098	2.355897	1.605277	9.079393	2.672835	1.601031	-2.403590	-16.523600	25.000000
9.096098	2.355897	1.605277	9.082894	2.672074	1.639226	-2.403590	-15.425900	25.000000
9.096098	2.355897	1.605277	9.162345	2.510958	1.602082	-2.403590	-14.828700	25.000000
9.096098	2.355897	1.605277	9.107053	2.464848	1.605169	-2.403590	-13.731000	25.000000
9.096098	2.355897	1.605277	9.071176	2.418295	1.606614	-2.403590	-13.133900	25.000000
9.096098	2.355897	1.605277	9.131106	2.394630	1.605782	-2.403590	-12.036200	25.000000
9.096451	2.355858	1.605275	9.126820	2.379139	1.605861	-2.403590	-10.341400	25.000000
9.096168	2.355889	1.605277	9.054793	2.371508	1.606020	-2.403590	-8.646520	25.000000
9.096098	2.355897	1.605277	9.196403	2.340503	1.605933	-1.556170	-40.848500	25.000000
9.096805	2.355820	1.605272	9.127379	2.332605	1.607598	-1.556170	-40.251400	25.000000
9.096098	2.355897	1.605277	9.055523	2.340201	1.609239	-1.556170	-39.153600	25.000000
9.096098	2.355897	1.605277	9.066206	2.308822	1.617032	-1.556170	-38.556500	25.000000
9.096098	2.355897	1.605277	9.206134	2.309681	1.610481	-1.556170	-37.458800	25.000000
9.096098	2.355897	1.605277	8.945971	2.163868	1.640951	-1.556170	-36.861700	25.000000
9.096098	2.355897	1.605277	9.269137	2.233111	1.621438	-1.556170	-35.764000	25.000000
9.096098	2.355897	1.605277	9.368484	1.646655	1.665139	-1.556170	-35.166800	25.000000
9.096098	2.355897	1.605277	8.806077	1.345178	1.709892	-1.556170	-34.069100	25.000000
9.096098	2.355897	1.605277	10.751656	2.054481	1.632822	-1.556170	-33.472000	25.000000
9.096098	2.355897	1.605277	7.125595	2.626207	1.653465	-1.556170	-32.374300	25.000000
9.096805	2.355820	1.605272	5.351224	2.143531	5.491498	-1.556170	-31.777200	25.000000
9.096098	2.355897	1.605277	11.635618	2.102571	4.636535	-1.556170	-30.679400	25.000000
9.096098	2.355897	1.605277	11.202196	0.523846	4.677047	-1.556170	-30.082300	25.000000
9.096098	2.355897	1.605277	4.905750	2.456881	4.671122	-1.556170	-28.984600	25.000000
9.096098	2.355897	1.605277	10.294605	0.526581	4.452409	-1.556170	-28.387500	25.000000
9.096098	2.355897	1.605277	7.704940	0.282280	4.055841	-1.556170	-27.289800	25.000000
9.096098	2.355897	1.605277	9.130482	0.169263	2.425209	-1.556170	-26.692600	25.000000
9.096098	2.355897	1.605277	9.123382	0.267046	1.999143	-1.556170	-25.594900	25.000000
9.096098	2.355897	1.605277	10.528229	0.975930	1.736699	-1.556170	-24.997800	25.000000
9.096098	2.355897	1.605277	7.503339	0.992709	1.813459	-1.556170	-23.900100	25.000000
9.096098	2.355897	1.605277	9.665402	0.775764	1.794273	-1.556170	-23.302900	25.000000
9.096098	2.355897	1.605277	8.593887	0.935464	1.874716	-1.556170	-22.205200	25.000000
9.096098	2.355897	1.605277	9.872183	0.692206	1.586668	-1.556170	-21.608100	25.000000
9.096098	2.355897	1.605277	8.237330	0.680988	1.753064	-1.556170	-20.510400	25.000000
9.096805	2.355820	1.605272	9.940322	0.564151	1.646125	-1.556170	-19.913300	25.000000
9.096805	2.355820	1.605272	8.124045	0.793126	1.746169	-1.556170	-18.815600	25.000000
9.096098	2.355897	1.605277	9.330836	1.969215	1.571959	-1.556170	-18.218400	25.000000
9.096098	2.355897	1.605277	8.757340	1.253774	1.641761	-1.556170	-17.120700	25.000000
9.096098	2.355897	1.605277	9.041880	2.656800	1.651573	-1.556170	-16.523600	25.000000
9.096098	2.355897	1.605277	9.081459	2.672386	1.626835	-1.556170	-15.425900	25.000000
9.096098	2.355897	1.605277	9.085153	2.503963	1.626295	-1.556170	-14.828700	25.000000
9.096098	2.355897	1.605277	9.109248	2.464548	1.619880	-1.556170	-13.731000	25.000000
9.096098	2.355897	1.605277	9.064353	2.402617	1.611757	-1.556170	-13.133900	25.000000
9.096098	2.355897	1.605277	9.131681	2.394562	1.609487	-1.556170	-12.036200	25.000000
9.096451	2.355858	1.605275	9.127195	2.379096	1.608239	-1.556170	-10.341400	25.000000
9.096805	2.355820	1.605272	9.055805	2.340171	1.610775	-0.708747	-40.251400	25.000000
9.096098	2.355897	1.605277	9.127848	2.332556	1.610170	-0.708747	-39.153600	25.000000
9.096098	2.355897	1.605277	9.133132	2.316988	1.614053	-0.708747	-38.556500	25.000000
9.096098	2.355897	1.605277	9.067282	2.308714	1.621499	-0.708747	-37.458800	25.000000
9.096098	2.355897	1.605277	9.374455	2.211012	1.640019	-0.708747	-36.861700	25.000000
9.096098	2.355897	1.605277	8.900006	2.251337	1.641692	-0.708747	-35.764000	25.000000
9.096098	2.355897	1.605277	7.671408	1.795590	1.715719	-0.708747	-35.166800	25.000000
9.096098	2.355897	1.605277	10.320126	1.766814	1.726525	-0.708747	-34.069100	25.000000
9.096098	2.355897	1.605277	10.983028	2.116457	1.771325	-0.708747	-33.472000	25.000000
9.096098	2.355897	1.605277	6.698089	2.560857	1.880499	-0.708747	-32.374300	25.000000
9.096805	2.355820	1.605272	11.033898	2.103108	4.751317	-0.708747	-31.777200	25.000000
9.096098	2.355897	1.605277	6.491040	2.274500	5.141692	-0.708747	-30.679400	25.000000
9.096098	2.355897	1.605277	2.138340	2.105680	1.362740	-0.708747	-30.082300	25.000000
9.096098	2.355897	1.605277	12.002471	1.054995	4.927630	-0.708747	-28.984600	25.000000
9.096098	2.355897	1.605277	8.129213	0.482808	5.364369	-0.708747	-28.387500	25.000000
9.096098	2.355897	1.605277	10.006918	0.378129	5.539908	-0.708747	-27.289800	25.000000
9.096098	2.355897	1.605277	8.654028	0.325360	0.657238	-0.708747	-26.692600	25.000000
9.096098	2.355897	1.605277	9.520551	0.363045	0.716326	-0.708747	-25.594900	25.000000
9.096098	2.355897	1.605277	7.684068	0.674793	1.556214	-0.708747	-24.997800	25.000000
9.096098	2.355897	1.605277	10.329105	0.864984	1.695782	-0.708747	-23.900100	25.000000
9.096098	2.355897	1.605277	9.592184	0.921459	1.822124	-0.708747	-23.302900	25.000000
9.096098	2.355897	1.605277	8.589622	0.875898	1.872415	-0.708747	-22.205200	25.000000
9.096098	2.355897	1.605277	9.213517	0.847218	1.914989	-0.708747	-21.608100	25.000000
9.096098	2.355897	1.605277	8.961032	0.674275	2.036043	-0.708747	-20.510400	25.000000
9.096805	2.355820	1.605272	8.484816	0.955131	1.658973	-0.708747	-19.913300	25.000000
9.096805	2.355820	1.605272	9.615092	0.642126	1.925502	-0.708747	-18.815600	25.000000
9.096098	2.355897	1.605277	4.842852	2.162195	1.470138	-0.708747	-18.218400	25.000000
9.096098	2.355897	1.605277	11.806114	1.757374	1.585278	-0.708747	-17.120700	25.000000
9.096098	2.355897	1.605277	9.354833	2.737122	1.781510	-0.708747	-16.523600	25.000000
9.096098	2.355897	1.605277	8.809404	2.737532	1.762529	-0.708747	-15.425900	25.000000
9.096098	2.355897	1.605277	9.098181	2.448673	1.634503	-0.708747	-14.828700	25.000000
9.096098	2.355897	1.605277	9.089450	2.503325	1.646577	-0.708747	-13.731000	25.000000
9.096098	2.355897	1.605277	9.132820	2.394427	1.615927	-0.708747	-13.133900	25.000000
9.096098	2.355897	1.605277	8.997939	2.410754	1.615766	-0.708747	-12.036200	25.000000
9.096805	2.355820	1.605272	9.055496	2.371428	1.610300	-0.708747	-11.439100	25.000000
9.096451	2.355858	1.605275	9.055333	2.371447	1.609349	-0.708747	-10.341400	25.000000
9.096168	2.355889	1.605277	9.055121	2.371471	1.608081	-0.708747	-8.646520	25.000000
9.096098	2.355897	1.605276	9.055414	2.340213	1.608624	0.138673	-41.946200	25.000000
9.096804	2.355820	1.605270	9.128138	2.332525	1.611683	0.138673	-40.251400	25.000000
9.096098	2.355897	1.605276	9.134856	2.316813	1.621499	0.138673	-38.556500	25.000000
9.096098	2.355897	1.605276	9.060690	2.324405	1.617732	0.138673	-37.458800	25.000000
9.096098	2.355897	1.605276	9.319469	2.256326	1.633215	0.138673	-36.861700	25.000000
9.096098	2.355897	1.605276	8.906071	2.250785	1.656096	0.138673	-35.764000	25.000000
9.096098	2.355897	1.605276	9.451011	2.079128	1.687339	0.138673	-35.166800	25.000000
9.096098	2.355897	1.605276	8.694228	1.886569	1.770565	0.138673	-34.069100	25.000000
9.096098	2.355897	1.605276	7.119838	2.052730	1.828846	0.138673	-33.472000	25.000000
9.096098	2.355897	1.605276	10.748344	2.023365	1.687966	0.138673	-32.374300	25.000000
9.096804	2.355820	1.605270	8.429116	2.362880	1.297137	0.138673	-31.777200	25.000000
9.096098	2.355897	1.605276	9.458589	2.257956	5.543254	0.138673	-30.679400	25.000000
9.096098	2.355897	1.605276	5.857234	2.101979	0.141057	0.138673	-30.082300	25.000000
9.096098	2.355897	1.605276	11.381558	1.320782	5.750542	0.138673	-28.984600	25.000000
9.096098	2.355897	1.605276	9.151727	0.926070	6.105900	0.138673	-28.387500	25.000000
9.096098	2.355897	1.605276	9.005643	1.098121	0.067398	0.138673	-27.289800	25.000000
9.096098	2.355897	1.605276	9.435937	0.810887	0.316665	0.138673	-26.692600	25.000000
9.096098	2.355897	1.605276	8.714063	0.534197	0.128828	0.138673	-25.594900	25.000000
9.096098	2.355897	1.605276	9.405615	0.592957	0.925773	0.138673	-24.997800	25.000000
9.096098	2.355897	1.605276	8.742545	0.766109	1.339422	0.138673	-23.900100	25.000000
9.096098	2.355897	1.605276	8.737849	0.889957	1.408069	0.138673	-23.302900	25.000000
9.096098	2.355897	1.605276	9.540985	0.683129	1.484346	0.138673	-22.205200	25.000000
9.096098	2.355897	1.605276	9.378598	0.644012	1.675766	0.138673	-21.608100	25.000000
9.096098	2.355897	1.605276	8.825735	0.673242	1.764628	0.138673	-20.510400	25.000000
9.096804	2.355820	1.605270	10.602521	0.946204	1.584284	0.138673	-19.913300	25.000000
9.096804	2.355820	1.605270	7.243328	1.002228	1.535729	0.138673	-18.815600	25.000000
9.096098	2.355897	1.605276	11.909782	1.958259	1.640682	0.138673	-18.218400	25.000000
9.096098	2.355897	1.605276	4.515097	2.571074	1.909407	0.138673	-17.120700	25.000000
9.096098	2.355897	1.605276	8.726076	2.702958	1.810539	0.138673	-16.523600	25.000000
9.096098	2.355897	1.605276	9.447518	2.689895	1.901749	0.138673	-15.425900	25.000000
9.096098	2.355897	1.605276	8.945636	2.434336	1.636220	0.138673	-14.828700	25.000000
9.096098	2.355897	1.605276	9.136214	2.478468	1.663388	0.138673	-13.731000	25.000000
9.096098	2.355897	1.605276	9.060028	2.386889	1.617536	0.138673	-13.133900	25.000000
9.096098	2.355897	1.605276	9.066206	2.402393	1.621572	0.138673	-12.036200	25.000000
9.096804	2.355820	1.605270	9.055805	2.371393	1.612043	0.138673	-11.439100	25.000000
9.096168	2.355889	1.605275	9.055174	2.371465	1.608398	0.138673	-8.646520	25.000000
9.096098	2.355897	1.605276	9.056097	2.340140	1.612311	0.986093	-39.153600	25.000000
9.096098	2.355897	1.605276	9.062147	2.324254	1.623777	0.986093	-38.556500	25.000000
9.096098	2.355897	1.605276	9.133455	2.316955	1.615543	0.986093	-37.458800	25.000000
9.096098	2.355897	1.605276	9.146174	2.300898	1.636876	0.986093	-36.861700	25.000000
9.096098	2.355897	1.605276	9.108507	2.261095	1.652046	0.986093	-35.764000	25.000000
9.096098	2.355897	1.605276	9.022394	2.067570	1.753356	0.986093	-35.166800	25.000000
9.096098	2.355897	1.605276	9.059189	2.195727	1.684009	0.986093	-34.069100	25.000000
9.096098	2.355897	1.605276	8.993448	1.669920	1.889013	0.986093	-33.472000	25.000000
9.096098	2.355897	1.605276	9.126094	1.698249	1.850613	0.986093	-32.374300	25.000000
9.096804	2.355820	1.605270	10.022420	2.200222	1.591781	0.986093	-31.777200	25.000000
9.096098	2.355897	1.605276	8.039434	2.491580	0.690791	0.986093	-30.679400	25.000000
9.096098	2.355897	1.605276	7.205283	2.439247	0.258527	0.986093	-30.082300	25.000000
9.096098	2.355897	1.605276	10.647446	1.856422	0.206034	0.986093	-28.984600	25.000000
9.096098	2.355897	1.605276	7.260475	1.528086	5.662295	0.986093	-28.387500	25.000000
9.096098	2.355897	1.605276	10.591015	1.346079	0.155595	0.986093	-27.289800	25.000000
9.096098	2.355897	1.605276	9.079146	0.690390	6.114625	0.986093	-26.692600	25.000000
9.096098	2.355897	1.605276	9.122478	0.909845	6.263743	0.986093	-25.594900	25.000000
9.096098	2.355897	1.605276	9.301075	0.797016	0.742871	0.986093	-24.997800	25.000000
9.096098	2.355897	1.605276	9.003333	1.060188	1.021643	0.986093	-23.900100	25.000000
9.096098	2.355897	1.605276	8.104320	0.905929	0.851966	0.986093	-23.302900	25.000000
9.096098	2.355897	1.605276	9.978477	0.640620	0.964191	0.986093	-22.205200	25.000000
9.096098	2.355897	1.605276	9.100000	0.893904	1.195526	0.986093	-21.608100	25.000000
9.096098	2.355897	1.605276	9.118114	0.660579	1.067170	0.986093	-20.510400	25.000000
9.096804	2.355820	1.605270	10.307764	1.295700	1.316038	0.986093	-19.913300	25.000000
9.096804	2.355820	1.605270	7.782673	1.118683	1.190290	0.986093	-18.815600	25.000000
9.096098	2.355897	1.605276	8.369833	2.738802	2.119057	0.986093	-18.218400	25.000000
9.096098	2.355897	1.605276	9.492992	1.772305	1.556819	0.986093	-17.120700	25.000000
9.096098	2.355897	1.605276	9.201571	2.562233	1.805183	0.986093	-16.523600	25.000000
9.096098	2.355897	1.605276	8.972006	2.647747	1.839729	0.986093	-15.425900	25.000000
9.096098	2.355897	1.605276	9.011659	2.425807	1.638489	0.986093	-14.828700	25.000000
9.096098	2.355897	1.605276	9.235935	2.430898	1.662208	0.986093	-13.731000	25.000000
9.096098	2.355897	1.605276	9.202657	2.386270	1.623129	0.986093	-13.133900	25.000000
9.096098	2.355897	1.605276	9.060353	2.386851	1.619146	0.986093	-12.036200	25.000000
9.096804	2.355820	1.605270	9.055523	2.371425	1.610458	0.986093	-11.439100	25.000000
9.096168	2.355889	1.605275	9.055174	2.371465	1.608398	0.986093	-8.646520	25.000000
9.096805	2.355820	1.605272	9.055805	2.340171	1.610775	1.833510	-40.251400	25.000000
9.096098	2.355897	1.605277	9.056097	2.340140	1.612311	1.833510	-39.153600	25.000000
9.096098	2.355897	1.605277	9.129074	2.332427	1.616220	1.833510	-38.556500	25.000000
9.096098	2.355897	1.605277	9.130854	2.332242	1.623777	1.833510	-37.458800	25.000000
9.096098	2.355897	1.605277	9.211303	2.309170	1.631018	1.833510	-36.861700	25.000000
9.096098	2.355897	1.605277	9.009489	2.299582	1.649736	1.833510	-35.764000	25.000000
9.096098	2.355897	1.605277	9.351385	2.239831	1.669108	1.833510	-35.166800	25.000000
9.096098	2.355897	1.605277	8.872818	2.196983	1.728628	1.833510	-34.069100	25.000000
9.096098	2.355897	1.605277	7.948843	1.918702	1.841743	1.833510	-33.472000	25.000000
9.096098	2.355897	1.605277	10.114944	1.758753	1.930745	1.833510	-32.374300	25.000000
9.096805	2.355820	1.605272	9.006248	2.426498	1.613144	1.833510	-31.777200	25.000000
9.096098	2.355897	1.605277	9.236455	1.971167	1.917458	1.833510	-30.679400	25.000000
9.096098	2.355897	1.605277	8.778160	2.371276	1.254736	1.833510	-30.082300	25.000000
9.096098	2.355897	1.605277	9.094812	2.291238	5.532969	1.833510	-28.984600	25.000000
9.096098	2.355897	1.605277	6.038717	2.228191	5.364258	1.833510	-28.387500	25.000000
9.096098	2.355897	1.605277	11.177728	1.348899	6.145179	1.833510	-27.289800	25.000000
9.096098	2.355897	1.605277	8.631709	1.101989	0.010389	1.833510	-26.692600	25.000000
9.096098	2.355897	1.605277	9.669793	1.003022	0.193787	1.833510	-25.594900	25.000000
9.096098	2.355897	1.605277	9.352005	1.175649	0.818173	1.833510	-24.997800	25.000000
9.096098	2.355897	1.605277	8.861715	1.127620	0.723530	1.833510	-23.900100	25.000000
9.096098	2.355897	1.605277	9.435041	0.853798	0.482513	1.833510	-23.302900	25.000000
9.096098	2.355897	1.605277	8.725824	0.780539	0.529247	1.833510	-22.205200	25.000000
9.096098	2.355897	1.605277	7.694803	1.253605	0.872555	1.833510	-21.608100	25.000000
9.096098	2.355897	1.605277	10.348430	1.194794	1.060671	1.833510	-20.510400	25.000000
9.096805	2.355820	1.605272	9.746676	1.434741	1.014392	1.833510	-19.913300	25.000000
9.096805	2.355820	1.605272	8.473637	1.718376	1.230180	1.833510	-18.815600	25.000000
9.096098	2.355897	1.605277	8.201981	2.137028	1.491254	1.833510	-18.218400	25.000000
9.096098	2.355897	1.605277	9.971565	2.518898	1.901791	1.833510	-17.120700	25.000000
9.096098	2.355897	1.605277	9.256911	2.479325	1.750964	1.833510	-16.523600	25.000000
9.096098	2.355897	1.605277	8.933667	2.546912	1.776029	1.833510	-15.425900	25.000000
9.096098	2.355897	1.605277	9.070634	2.401858	1.639540	1.833510	-14.828700	25.000000
9.096098	2.355897	1.605277	9.016651	2.425171	1.655340	1.833510	-13.731000	25.000000
9.096098	2.355897	1.605277	9.061396	2.386728	1.623972	1.833510	-13.133900	25.000000
9.096098	2.355897	1.605277	9.056716	2.371289	1.616796	1.833510	-12.036200	25.000000
9.096805	2.355820	1.605272	9.056097	2.371360	1.613627	1.833510	-11.439100	25.000000
9.096098	2.355897	1.605277	9.057378	2.340003	1.618453	2.680930	-38.556500	25.000000
9.096098	2.355897	1.605277	9.129074	2.332427	1.616220	2.680930	-37.458800	25.000000
9.096098	2.355897	1.605277	9.065120	2.323946	1.634347	2.680930	-36.861700	25.000000
9.096098	2.355897	1.605277	9.138649	2.316430	1.634888	2.680930	-35.764000	25.000000
9.096098	2.355897	1.605277	8.956473	2.289941	1.677848	2.680930	-35.166800	25.000000
9.096098	2.355897	1.605277	9.261080	2.261494	1.674647	2.680930	-34.069100	25.000000
9.096098	2.355897	1.605277	8.699563	2.074626	1.860996	2.680930	-33.472000	25.000000
9.096098	2.355897	1.605277	9.410547	2.181964	1.737651	2.680930	-32.374300	25.000000
9.096805	2.355820	1.605272	9.235259	1.822491	2.034444	2.680930	-31.777200	25.000000
9.096098	2.355897	1.605277	8.995310	1.813291	1.983207	2.680930	-30.679400	25.000000
9.096098	2.355897	1.605277	6.456594	2.723326	2.071969	2.680930	-30.082300	25.000000
9.096098	2.355897	1.605277	10.997586	2.372209	1.040464	2.680930	-28.984600	25.000000
9.096098	2.355897	1.605277	10.653211	1.965853	0.360675	2.680930	-28.387500	25.000000
9.096098	2.355897	1.605277	7.150811	2.325725	0.055712	2.680930	-27.289800	25.000000
9.096098	2.355897	1.605277	10.297650	1.671963	0.674741	2.680930	-26.692600	25.000000
9.096098	2.355897	1.605277	7.766782	1.795424	0.588003	2.680930	-25.594900	25.000000
9.096098	2.355897	1.605277	10.900294	1.187153	0.450374	2.680930	-24.997800	25.000000
9.096098	2.355897	1.605277	6.760924	1.720745	0.383284	2.680930	-23.900100	25.000000
9.096098	2.355897	1.605277	10.622617	1.184722	0.655696	2.680930	-23.302900	25.000000
9.096098	2.355897	1.605277	7.209716	1.216688	0.410717	2.680930	-22.205200	25.000000
9.096098	2.355897	1.605277	8.379314	1.598248	0.989416	2.680930	-21.608100	25.000000
9.096098	2.355897	1.605277	9.804208	1.833914	1.026754	2.680930	-20.510400	25.000000
9.096805	2.355820	1.605272	6.839474	2.041206	0.806277	2.680930	-19.913300	25.000000
9.096805	2.355820	1.605272	10.748716	2.163019	1.506839	2.680930	-18.815600	25.000000
9.096098	2.355897	1.605277	9.153928	2.531021	1.937149	2.680930	-18.218400	25.000000
9.096098	2.355897	1.605277	9.025902	2.592695	2.040142	2.680930	-17.120700	25.000000
9.096098	2.355897	1.605277	9.275236	2.442582	1.722172	2.680930	-16.523600	25.000000
9.096098	2.355897	1.605277	8.932127	2.471377	1.702752	2.680930	-15.425900	25.000000
9.096098	2.355897	1.605277	9.062941	2.386547	1.630403	2.680930	-14.828700	25.000000
9.096098	2.355897	1.605277	9.140618	2.393506	1.646458	2.680930	-13.731000	25.000000
9.096098	2.355897	1.605277	8.987769	2.379228	1.619146	2.680930	-13.133900	25.000000
9.096098	2.355897	1.605277	9.057378	2.371214	1.619963	2.680930	-12.036200	25.000000
9.096451	2.355858	1.605275	9.055805	2.371393	1.612043	2.680930	-10.341400	25.000000
9.096098	2.355897	1.605277	9.057378	2.340003	1.618453	3.528350	-38.556500	25.000000
9.096098	2.355897	1.605277	9.056401	2.340108	1.613847	3.528350	-37.458800	25.000000
9.096098	2.355897	1.605277	8.991223	2.331679	1.630724	3.528350	-36.861700	25.000000
9.096098	2.355897	1.605277	9.132053	2.332116	1.628309	3.528350	-35.764000	25.000000
9.096098	2.355897	1.605277	9.017344	2.298805	1.667509	3.528350	-35.166800	25.000000
9.096098	2.355897	1.605277	9.069179	2.323527	1.646409	3.528350	-34.069100	25.000000
9.096098	2.355897	1.605277	9.141422	2.230137	1.757335	3.528350	-33.472000	25.000000
9.096098	2.355897	1.605277	9.119189	2.274423	1.694795	3.528350	-32.374300	25.000000
9.096805	2.355820	1.605272	8.193290	2.094868	1.946067	3.528350	-31.777200	25.000000
9.096098	2.355897	1.605277	9.950377	2.051377	1.881795	3.528350	-30.679400	25.000000
9.096098	2.355897	1.605277	9.527329	1.891130	2.078969	3.528350	-30.082300	25.000000
9.096098	2.355897	1.605277	8.581958	1.842117	2.131960	3.528350	-28.984600	25.000000
9.096098	2.355897	1.605277	9.138621	2.162856	1.890045	3.528350	-28.387500	25.000000
9.096098	2.355897	1.605277	8.969392	2.245090	1.613627	3.528350	-27.289800	25.000000
9.096098	2.355897	1.605277	10.632968	2.159013	0.825377	3.528350	-26.692600	25.000000
9.096098	2.355897	1.605277	7.119691	2.627673	0.927295	3.528350	-25.594900	25.000000
9.096098	2.355897	1.605277	8.956562	1.853679	0.406419	3.528350	-24.997800	25.000000
9.096098	2.355897	1.605277	9.187491	2.070211	0.341356	3.528350	-23.900100	25.000000
9.096098	2.355897	1.605277	10.863241	1.928158	1.177517	3.528350	-23.302900	25.000000
9.096098	2.355897	1.605277	6.800735	2.094333	0.869536	3.528350	-22.205200	25.000000
9.096098	2.355897	1.605277	8.991379	2.286547	1.412432	3.528350	-21.608100	25.000000
9.096098	2.355897	1.605277	9.212904	2.417272	1.531472	3.528350	-20.510400	25.000000
9.096805	2.355820	1.605272	8.839480	2.542487	1.966205	3.528350	-19.913300	25.000000
9.096805	2.355820	1.605272	9.278470	2.476351	2.003204	3.528350	-18.815600	25.000000
9.096098	2.355897	1.605277	8.905330	2.475183	1.766411	3.528350	-18.218400	25.000000
9.096098	2.355897	1.605277	9.291550	2.457349	1.876932	3.528350	-17.120700	25.000000
9.096098	2.355897	1.605277	9.162647	2.407059	1.686668	3.528350	-16.523600	25.000000
9.096098	2.355897	1.605277	8.944412	2.417455	1.663748	3.528350	-15.425900	25.000000
9.096098	2.355897	1.605277	9.131643	2.378586	1.629459	3.528350	-14.828700	25.000000
9.096098	2.355897	1.605277	9.064215	2.386398	1.635223	3.528350	-13.731000	25.000000
9.096098	2.355897	1.605277	9.126883	2.363398	1.617637	3.528350	-13.133900	25.000000
9.096098	2.355897	1.605277	9.198049	2.371065	1.616078	3.528350	-12.036200	25.000000
9.096095	2.355897	1.605262	9.126560	2.347946	1.615382	4.375770	-37.458800	25.000000
9.096095	2.355897	1.605262	9.128664	2.347719	1.624591	4.375770	-36.861700	25.000000
9.096095	2.355897	1.605262	9.058455	2.339888	1.623056	4.375770	-35.764000	25.000000
9.096095	2.355897	1.605262	9.138386	2.331456	1.647916	4.375770	-35.166800	25.000000
9.096095	2.355897	1.605262	9.206324	2.324456	1.633401	4.375770	-34.069100	25.000000
9.096095	2.355897	1.605262	9.109314	2.289841	1.696599	4.375770	-33.472000	25.000000
9.096095	2.355897	1.605262	9.082092	2.307232	1.663071	4.375770	-32.374300	25.000000
9.096802	2.355820	1.605256	9.186642	2.226328	1.795125	4.375770	-31.777200	25.000000
9.096095	2.355897	1.605262	8.934741	2.277265	1.739332	4.375770	-30.679400	25.000000
9.096095	2.355897	1.605262	9.678843	2.113661	1.915444	4.375770	-30.082300	25.000000
9.096095	2.355897	1.605262	8.419620	2.163035	1.983207	4.375770	-28.984600	25.000000
9.096095	2.355897	1.605262	8.670640	2.024459	2.155240	4.375770	-28.387500	25.000000
9.096095	2.355897	1.605262	9.583841	1.967160	2.227871	4.375770	-27.289800	25.000000
9.096095	2.355897	1.605262	9.051519	2.156029	2.177179	4.375770	-26.692600	25.000000
9.096095	2.355897	1.605262	9.091755	2.306269	1.934775	4.375770	-25.594900	25.000000
9.096095	2.355897	1.605262	9.352973	2.281278	1.944755	4.375770	-24.997800	25.000000
9.096095	2.355897	1.605262	8.699247	2.380671	1.887803	4.375770	-23.900100	25.000000
9.096095	2.355897	1.605262	9.442457	2.315549	2.295046	4.375770	-23.302900	25.000000
9.096095	2.355897	1.605262	8.879752	2.312703	2.171510	4.375770	-22.205200	25.000000
9.096095	2.355897	1.605262	9.052624	2.404041	2.309716	4.375770	-21.608100	25.000000
9.096095	2.355897	1.605262	9.248784	2.412898	2.136280	4.375770	-20.510400	25.000000
9.096802	2.355820	1.605256	9.112854	2.446736	1.959259	4.375770	-19.913300	25.000000
9.096802	2.355820	1.605256	9.137833	2.426607	1.823872	4.375770	-18.815600	25.000000
9.096095	2.355897	1.605262	9.238636	2.397997	1.702291	4.375770	-18.218400	25.000000
9.096095	2.355897	1.605262	8.985817	2.429121	1.729788	4.375770	-17.120700	25.000000
9.096095	2.355897	1.605262	9.141313	2.377481	1.659452	4.375770	-16.523600	25.000000
9.096095	2.355897	1.605262	9.065589	2.386237	1.640040	4.375770	-15.425900	25.000000
9.096095	2.355897	1.605262	9.129452	2.363112	1.628545	4.375770	-14.828700	25.000000
9.096095	2.355897	1.605262	9.057726	2.371174	1.621546	4.375770	-13.731000	25.000000
9.096095	2.355897	1.605262	9.126560	2.363434	1.616078	4.375770	-13.133900	25.000000
9.096095	2.355897	1.605262	9.127563	2.347838	1.619987	5.223190	-36.861700	25.000000
9.096095	2.355897	1.605262	9.126560	2.347946	1.615382	5.223190	-35.764000	25.000000
9.096095	2.355897	1.605262	9.133805	2.331934	1.634347	5.223190	-35.166800	25.000000
9.096095	2.355897	1.605262	9.059227	2.339805	1.626124	5.223190	-34.069100	25.000000
9.096095	2.355897	1.605262	9.136761	2.331626	1.643396	5.223190	-33.472000	25.000000
9.096095	2.355897	1.605262	9.074585	2.322969	1.659953	5.223190	-32.374300	25.000000
9.096802	2.355820	1.605256	9.035203	2.311947	1.710784	5.223190	-31.777200	25.000000
9.096095	2.355897	1.605262	9.156877	2.314593	1.677848	5.223190	-30.679400	25.000000
9.096095	2.355897	1.605262	9.307975	2.271307	1.751655	5.223190	-30.082300	25.000000
9.096095	2.355897	1.605262	9.021225	2.298422	1.772559	5.223190	-28.984600	25.000000
9.096095	2.355897	1.605262	8.903123	2.280299	1.896292	5.223190	-28.387500	25.000000
9.096095	2.355897	1.605262	9.299548	2.244246	1.843805	5.223190	-27.289800	25.000000
9.096095	2.355897	1.605262	9.252567	2.248304	1.984795	5.223190	-26.692600	25.000000
9.096095	2.355897	1.605262	8.844207	2.271152	1.981513	5.223190	-25.594900	25.000000
9.096095	2.355897	1.605262	9.066973	2.308745	2.034444	5.223190	-24.997800	25.000000
9.096095	2.355897	1.605262	9.167879	2.284263	2.034444	5.223190	-23.900100	25.000000
9.096095	2.355897	1.605262	9.241347	2.335800	1.947124	5.223190	-23.302900	25.000000
9.096095	2.355897	1.605262	8.869634	2.376854	1.993650	5.223190	-22.205200	25.000000
9.096095	2.355897	1.605262	8.980874	2.412876	1.878270	5.223190	-21.608100	25.000000
9.096095	2.355897	1.605262	9.172328	2.373958	1.802067	5.223190	-20.510400	25.000000
9.096802	2.355820	1.605256	9.025458	2.390971	1.706031	5.223190	-19.913300	25.000000
9.096802	2.355820	1.605256	9.198201	2.386785	1.751076	5.223190	-18.815600	25.000000
9.096095	2.355897	1.605262	9.080881	2.384450	1.680037	5.223190	-18.218400	25.000000
9.096095	2.355897	1.605262	9.070303	2.385685	1.654471	5.223190	-17.120700	25.000000
9.096095	2.355897	1.605262	9.132557	2.362768	1.639438	5.223190	-16.523600	25.000000
9.096095	2.355897	1.605262	9.059227	2.371004	1.627877	5.223190	-15.425900	25.000000
9.096095	2.355897	1.605262	8.985544	2.363502	1.618379	5.223190	-14.828700	25.000000
9.096095	2.355897	1.605262	9.128286	2.363242	1.623871	5.223190	-13.731000	25.000000
9.096098	2.355897	1.605277	8.984898	2.347843	1.614518	6.070620	-35.764000	25.000000
9.096098	2.355897	1.605277	9.129053	2.347677	1.626124	6.070620	-35.166800	25.000000
9.096098	2.355897	1.605277	9.127563	2.347838	1.619987	6.070620	-34.069100	25.000000
9.096098	2.355897	1.605277	9.130717	2.347498	1.632257	6.070620	-33.472000	25.000000
9.096098	2.355897	1.605277	9.062759	2.339428	1.638386	6.070620	-32.374300	25.000000
9.096805	2.355820	1.605272	9.072602	2.338380	1.664368	6.070620	-31.777200	25.000000
9.096098	2.355897	1.605277	9.138386	2.331456	1.647916	6.070620	-30.679400	25.000000
9.096098	2.355897	1.605277	9.083089	2.337266	1.685673	6.070620	-30.082300	25.000000
9.096098	2.355897	1.605277	9.160944	2.314185	1.685220	6.070620	-28.984600	25.000000
9.096098	2.355897	1.605277	9.116271	2.333768	1.735446	6.070620	-28.387500	25.000000
9.096098	2.355897	1.605277	9.103016	2.320051	1.710784	6.070620	-27.289800	25.000000
9.096098	2.355897	1.605277	9.067111	2.338964	1.763681	6.070620	-26.692600	25.000000
9.096098	2.355897	1.605277	9.127371	2.332605	1.748889	6.070620	-25.594900	25.000000
9.096098	2.355897	1.605277	9.139633	2.346540	1.766689	6.070620	-24.997800	25.000000
9.096098	2.355897	1.605277	8.996805	2.346542	1.766665	6.070620	-23.900100	25.000000
9.096098	2.355897	1.605277	9.043921	2.372749	1.738559	6.070620	-23.302900	25.000000
9.096098	2.355897	1.605277	9.127371	2.363343	1.754419	6.070620	-22.205200	25.000000
9.096098	2.355897	1.605277	9.171418	2.374061	1.717357	6.070620	-21.608100	25.000000
9.096098	2.355897	1.605277	9.084762	2.368113	1.692415	6.070620	-20.510400	25.000000
9.096805	2.355820	1.605272	9.069377	2.369852	1.659452	6.070620	-19.913300	25.000000
9.096805	2.355820	1.605272	9.147267	2.376801	1.673607	6.070620	-18.815600	25.000000
9.096098	2.355897	1.605277	9.064265	2.370431	1.645262	6.070620	-18.218400	25.000000
9.096098	2.355897	1.605277	9.131615	2.362872	1.636327	6.070620	-17.120700	25.000000
9.096098	2.355897	1.605277	9.129053	2.363157	1.626987	6.070620	-16.523600	25.000000
9.096098	2.355897	1.605277	9.127919	2.363283	1.622313	6.070620	-15.425900	25.000000
9.096098	2.355897	1.605277	9.126883	2.363398	1.617637	6.070620	-13.731000	25.000000
9.096095	2.355897	1.605262	9.127218	2.347875	1.618453	6.918030	-35.166800	25.000000
9.096095	2.355897	1.605262	9.126560	2.347946	1.615382	6.918030	-34.069100	25.000000
9.096095	2.355897	1.605262	9.128664	2.347719	1.624591	6.918030	-33.472000	25.000000
9.096095	2.355897	1.605262	8.987352	2.347574	1.625429	6.918030	-32.374300	25.000000
9.096802	2.355820	1.605256	9.060905	2.339626	1.632257	6.918030	-31.777200	25.000000
9.096095	2.355897	1.605262	9.133044	2.347248	1.639917	6.918030	-30.679400	25.000000
9.096095	2.355897	1.605262	9.136761	2.346848	1.650626	6.918030	-30.082300	25.000000
9.096095	2.355897	1.605262	9.066427	2.339037	1.649097	6.918030	-28.984600	25.000000
9.096095	2.355897	1.605262	9.143681	2.346106	1.667418	6.918030	-28.387500	25.000000
9.096095	2.355897	1.605262	9.070634	2.338589	1.659791	6.918030	-27.289800	25.000000
9.096095	2.355897	1.605262	9.148011	2.345642	1.676554	6.918030	-26.692600	25.000000
9.096095	2.355897	1.605262	9.075731	2.353470	1.675104	6.918030	-25.594900	25.000000
9.096095	2.355897	1.605262	9.077995	2.353222	1.679738	6.918030	-24.997800	25.000000
9.096095	2.355897	1.605262	9.076475	2.353388	1.676649	6.918030	-23.900100	25.000000
9.096095	2.355897	1.605262	9.072602	2.369486	1.667321	6.918030	-23.302900	25.000000
9.096095	2.355897	1.605262	9.076100	2.369091	1.675177	6.918030	-22.205200	25.000000
9.096095	2.355897	1.605262	9.070000	2.369781	1.661027	6.918030	-21.608100	25.000000
9.096095	2.355897	1.605262	9.135644	2.362425	1.648763	6.918030	-20.510400	25.000000
9.096802	2.355820	1.605256	9.131161	2.362922	1.634771	6.918030	-19.913300	25.000000
9.096802	2.355820	1.605256	9.063752	2.370490	1.643683	6.918030	-18.815600	25.000000
9.096095	2.355897	1.605262	9.128286	2.363242	1.623871	6.918030	-18.218400	25.000000
9.096095	2.355897	1.605262	9.129863	2.363067	1.630102	6.918030	-17.120700	25.000000
9.096095	2.355897	1.605262	8.985544	2.363502	1.618379	6.918030	-16.523600	25.000000
9.096095	2.355897	1.605262	9.057378	2.371214	1.619963	6.918030	-15.425900	25.000000
9.096098	2.355897	1.605277	8.985544	2.347772	1.617637	7.765460	-33.472000	25.000000
9.096098	2.355897	1.605277	8.985883	2.347735	1.619196	7.765460	-32.374300	25.000000
9.096805	2.355820	1.605272	9.129053	2.347677	1.626124	7.765460	-31.777200	25.000000
9.096098	2.355897	1.605277	9.056981	2.355531	1.622313	7.765460	-30.679400	25.000000
9.096098	2.355897	1.605277	9.129863	2.347590	1.629191	7.765460	-30.082300	25.000000
9.096098	2.355897	1.605277	9.130285	2.347544	1.630724	7.765460	-28.984600	25.000000
9.096098	2.355897	1.605277	9.061655	2.355016	1.639438	7.765460	-28.387500	25.000000
9.096098	2.355897	1.605277	9.131615	2.347401	1.635322	7.765460	-27.289800	25.000000
9.096098	2.355897	1.605277	9.133543	2.347194	1.641448	7.765460	-26.692600	25.000000
9.096098	2.355897	1.605277	9.063162	2.354850	1.644102	7.765460	-25.594900	25.000000
9.096098	2.355897	1.605277	9.204396	2.354891	1.642978	7.765460	-24.997800	25.000000
9.096098	2.355897	1.605277	9.133543	2.362658	1.642548	7.765460	-23.900100	25.000000
9.096098	2.355897	1.605277	9.132081	2.362820	1.637883	7.765460	-23.302900	25.000000
9.096098	2.355897	1.605277	9.133044	2.362713	1.640993	7.765460	-22.205200	25.000000
9.096098	2.355897	1.605277	9.131161	2.362922	1.634771	7.765460	-21.608100	25.000000
9.096098	2.355897	1.605277	9.130285	2.363020	1.631659	7.765460	-20.510400	25.000000
9.096805	2.355820	1.605272	9.057351	2.355490	1.623871	7.765460	-19.913300	25.000000
9.096805	2.355820	1.605272	9.129053	2.363157	1.626987	7.765460	-18.815600	25.000000
9.096098	2.355897	1.605277	9.127563	2.363322	1.620755	7.765460	-17.120700	25.000000
9.096098	2.355897	1.605277	9.126560	2.363434	1.616078	7.765460	-16.523600	25.000000
9.096805	2.355820	1.605272	9.126560	2.347946	1.615382	8.612880	-31.777200	25.000000
9.096098	2.355897	1.605277	9.127563	2.347838	1.619987	8.612880	-30.082300	25.000000
9.096098	2.355897	1.605277	9.056622	2.355570	1.620755	8.612880	-28.984600	25.000000
9.096098	2.355897	1.605277	9.057351	2.355490	1.623871	8.612880	-28.387500	25.000000
9.096098	2.355897	1.605277	9.057351	2.355490	1.623871	8.612880	-27.289800	25.000000
9.096098	2.355897	1.605277	9.129053	2.347677	1.626124	8.612880	-26.692600	25.000000
9.096098	2.355897	1.605277	9.057732	2.355448	1.625429	8.612880	-25.594900	25.000000
9.096098	2.355897	1.605277	9.199435	2.355429	1.626124	8.612880	-24.997800	25.000000
9.096098	2.355897	1.605277	9.058123	2.355405	1.626987	8.612880	-23.900100	25.000000
9.096098	2.355897	1.605277	9.057732	2.355448	1.625429	8.612880	-23.302900	25.000000
9.096098	2.355897	1.605277	9.128286	2.347760	1.623056	8.612880	-22.205200	25.000000
9.096098	2.355897	1.605277	9.056981	2.355531	1.622313	8.612880	-21.608100	25.000000
9.096805	2.355820	1.605272	9.127218	2.363360	1.619196	8.612880	-19.913300	25.000000
9.096805	2.355820	1.605272	9.126560	2.347946	1.615382	8.612880	-18.815600	25.000000
9.096098	2.355897	1.605277	9.126560	2.347946	1.615382	9.460300	-30.082300	25.000000
9.096098	2.355897	1.605277	9.126883	2.363398	1.617637	9.460300	-28.387500	25.000000
9.096098	2.355897	1.605277	9.126560	2.347946	1.615382	9.460300	-27.289800	25.000000
9.096098	2.355897	1.605277	9.126560	2.363434	1.616078	9.460300	-23.302900	25.000000
9.096098	2.355897	1.605277	9.126883	2.363398	1.617637	9.460300	-22.205200	25.000000
9.096098	2.355897	1.605277	9.126560	2.363434	1.616078	9.460300	-20.510400	25.000000
