8.928216	1.565111	2.716642	3.548493	1.234792	0.842419	-3.406780	-1.080820	-0.427137
8.972499	1.574066	2.744587	3.299333	1.211531	1.063698	-4.272550	-0.426301	-0.591434
8.928216	1.565111	2.716642	3.548493	1.234792	0.842419	-3.406780	-1.080820	-0.427137
8.972499	1.574066	2.744587	3.299333	1.211531	1.063698	-4.272550	-0.426301	-0.591434
8.972499	1.574066	2.744587	3.299333	1.211531	1.063698	-4.272550	-0.426301	-0.591434
8.928216	1.565111	2.716642	3.548493	1.234792	0.842419	-3.406780	-1.080820	-0.427137
8.928216	1.565111	2.716642	3.548493	1.234792	0.842419	-3.406780	-1.080820	-0.427137
8.972499	1.574066	2.744587	3.299333	1.211531	1.063698	-4.272550	-0.426301	-0.591434
8.795845	1.564309	2.735523	7.470107	1.550715	2.683933	-7.152460	1.566780	-0.568706
8.825920	1.567205	2.738965	7.465681	1.493029	2.605781	-7.764900	2.340260	-0.087451
8.972499	1.574066	2.744587	3.299333	1.211531	1.063698	-4.272550	-0.426301	-0.591434
8.928216	1.565111	2.716642	3.548493	1.234792	0.842419	-3.406780	-1.080820	-0.427137
8.928216	1.565111	2.716642	3.548493	1.234792	0.842419	-3.406780	-1.080820	-0.427137
8.972499	1.574066	2.744587	3.299333	1.211531	1.063698	-4.272550	-0.426301	-0.591434
8.972499	1.574066	2.744587	3.299333	1.211531	1.063698	-4.272550	-0.426301	-0.591434
8.928216	1.565111	2.716642	3.548493	1.234792	0.842419	-3.406780	-1.080820	-0.427137
8.972499	1.574066	2.744587	3.299333	1.211531	1.063698	-4.272550	-0.426301	-0.591434
8.928216	1.565111	2.716642	3.548493	1.234792	0.842419	-3.406780	-1.080820	-0.427137
8.928216	1.565111	2.716642	3.548493	1.234792	0.842419	-3.406780	-1.080820	-0.427137
8.972499	1.574066	2.744587	3.299333	1.211531	1.063698	-4.272550	-0.426301	-0.591434
8.928216	1.565111	2.716642	3.548493	1.234792	0.842419	-3.406780	-1.080820	-0.427137
8.972499	1.574066	2.744587	3.299333	1.211531	1.063698	-4.272550	-0.426301	-0.591434
8.928216	1.565111	2.716642	3.548493	1.234792	0.842419	-3.406780	-1.080820	-0.427137
8.972499	1.574066	2.744587	3.299333	1.211531	1.063698	-4.272550	-0.426301	-0.591434
8.822703	1.561907	2.740742	7.415282	1.492499	2.617413	-7.557750	2.891920	-0.787597
8.796640	1.560642	2.738010	7.523935	1.522931	2.701750	-7.152410	1.883470	-0.941440
8.928216	1.565111	2.716642	3.548493	1.234792	0.842419	-3.406780	-1.080820	-0.427137
8.972499	1.574066	2.744587	3.299333	1.211531	1.063698	-4.272550	-0.426301	-0.591434
8.972499	1.574066	2.744587	3.299333	1.211531	1.063698	-4.272550	-0.426301	-0.591434
8.928216	1.565111	2.716642	3.548493	1.234792	0.842419	-3.406780	-1.080820	-0.427137
8.972499	1.574066	2.744587	3.299333	1.211531	1.063698	-4.272550	-0.426301	-0.591434
8.928216	1.565111	2.716642	3.548493	1.234792	0.842419	-3.406780	-1.080820	-0.427137
8.972499	1.574066	2.744587	3.299333	1.211531	1.063698	-4.272550	-0.426301	-0.591434
8.928216	1.565111	2.716642	3.548493	1.234792	0.842419	-3.406780	-1.080820	-0.427137
8.928216	1.565111	2.716642	3.548493	1.234792	0.842419	-3.406780	-1.080820	-0.427137
8.972499	1.574066	2.744587	3.299333	1.211531	1.063698	-4.272550	-0.426301	-0.591434
8.928216	1.565111	2.716642	3.548493	1.234792	0.842419	-3.406780	-1.080820	-0.427137
8.972499	1.574066	2.744587	3.299333	1.211531	1.063698	-4.272550	-0.426301	-0.591434
8.928216	1.565111	2.716642	3.548493	1.234792	0.842419	-3.406780	-1.080820	-0.427137
8.972499	1.574066	2.744587	3.299333	1.211531	1.063698	-4.272550	-0.426301	-0.591434
8.928216	1.565111	2.716642	3.548493	1.234792	0.842419	-3.406780	-1.080820	-0.427137
8.972499	1.574066	2.744587	3.299333	1.211531	1.063698	-4.272550	-0.426301	-0.591434
8.814049	1.567204	2.756504	7.912623	1.558411	2.779863	-7.455200	4.517790	-0.522203
8.825475	1.568869	2.754450	7.856044	1.553993	2.763450	-7.247510	5.154950	0.347189
8.928216	1.565111	2.716642	3.548493	1.234792	0.842419	-3.406780	-1.080820	-0.427137
8.972499	1.574066	2.744587	3.299333	1.211531	1.063698	-4.272550	-0.426301	-0.591434
8.972499	1.574066	2.744587	3.299333	1.211531	1.063698	-4.272550	-0.426301	-0.591434
8.928216	1.565111	2.716642	3.548493	1.234792	0.842419	-3.406780	-1.080820	-0.427137
8.972499	1.574066	2.744587	3.299333	1.211531	1.063698	-4.272550	-0.426301	-0.591434
8.928216	1.565111	2.716642	3.548493	1.234792	0.842419	-3.406780	-1.080820	-0.427137
8.972499	1.574066	2.744587	3.299333	1.211531	1.063698	-4.272550	-0.426301	-0.591434
8.928216	1.565111	2.716642	3.548493	1.234792	0.842419	-3.406780	-1.080820	-0.427137
8.972499	1.574066	2.744587	3.299333	1.211531	1.063698	-4.272550	-0.426301	-0.591434
8.928216	1.565111	2.716642	3.548493	1.234792	0.842419	-3.406780	-1.080820	-0.427137
8.928216	1.565111	2.716642	3.548493	1.234792	0.842419	-3.406780	-1.080820	-0.427137
8.972499	1.574066	2.744587	3.299333	1.211531	1.063698	-4.272550	-0.426301	-0.591434
8.928216	1.565111	2.716642	3.548493	1.234792	0.842419	-3.406780	-1.080820	-0.427137
8.972499	1.574066	2.744587	3.299333	1.211531	1.063698	-4.272550	-0.426301	-0.591434
8.928216	1.565111	2.716642	3.548493	1.234792	0.842419	-3.406780	-1.080820	-0.427137
8.972499	1.574066	2.744587	3.299333	1.211531	1.063698	-4.272550	-0.426301	-0.591434
8.928216	1.565111	2.716642	3.548493	1.234792	0.842419	-3.406780	-1.080820	-0.427137
8.972499	1.574066	2.744587	3.299333	1.211531	1.063698	-4.272550	-0.426301	-0.591434
8.827748	1.568004	2.758221	7.783945	1.558077	2.787333	-6.847410	5.553950	0.117961
8.822361	1.567969	2.758342	7.819458	1.555705	2.775337	-7.408930	4.695290	-0.272376
8.972582	1.574065	2.744594	3.286670	1.226294	1.060872	-4.272620	-0.426257	-0.591452
8.928212	1.565111	2.716643	3.495898	1.214313	0.822099	-3.406840	-1.080760	-0.427146
8.972499	1.574066	2.744587	3.299333	1.211531	1.063698	-4.272550	-0.426301	-0.591434
8.928216	1.565111	2.716642	3.548493	1.234792	0.842419	-3.406780	-1.080820	-0.427137
8.972499	1.574066	2.744587	3.299333	1.211531	1.063698	-4.272550	-0.426301	-0.591434
8.928216	1.565111	2.716642	3.548493	1.234792	0.842419	-3.406780	-1.080820	-0.427137
8.972499	1.574066	2.744587	3.299333	1.211531	1.063698	-4.272550	-0.426301	-0.591434
8.928216	1.565111	2.716642	3.548493	1.234792	0.842419	-3.406780	-1.080820	-0.427137
8.928216	1.565111	2.716642	3.548493	1.234792	0.842419	-3.406780	-1.080820	-0.427137
8.972499	1.574066	2.744587	3.299333	1.211531	1.063698	-4.272550	-0.426301	-0.591434
8.928216	1.565111	2.716642	3.548493	1.234792	0.842419	-3.406780	-1.080820	-0.427137
8.972499	1.574066	2.744587	3.299333	1.211531	1.063698	-4.272550	-0.426301	-0.591434
8.928216	1.565111	2.716642	3.548493	1.234792	0.842419	-3.406780	-1.080820	-0.427137
8.972499	1.574066	2.744587	3.299333	1.211531	1.063698	-4.272550	-0.426301	-0.591434
8.928216	1.565111	2.716642	3.548493	1.234792	0.842419	-3.406780	-1.080820	-0.427137
8.972499	1.574066	2.744587	3.299333	1.211531	1.063698	-4.272550	-0.426301	-0.591434
8.928216	1.565111	2.716642	3.548493	1.234792	0.842419	-3.406780	-1.080820	-0.427137
8.972499	1.574066	2.744587	3.299333	1.211531	1.063698	-4.272550	-0.426301	-0.591434
8.928001	1.565118	2.716668	3.607284	1.129719	0.922390	-3.407470	-1.080150	-0.427233
8.972301	1.574059	2.744611	3.248461	1.325141	0.970470	-4.273370	-0.425830	-0.591621
8.848892	1.570260	2.763470	7.810904	1.568876	2.815794	-6.243320	6.064930	0.431126
8.842808	1.570281	2.763793	7.843586	1.565314	2.803714	-6.999140	5.379130	0.026943
8.972499	1.574066	2.744587	3.299333	1.211531	1.063698	-4.272550	-0.426301	-0.591434
8.928216	1.565111	2.716642	3.548493	1.234792	0.842419	-3.406780	-1.080820	-0.427137
8.928216	1.565111	2.716642	3.548493	1.234792	0.842419	-3.406780	-1.080820	-0.427137
8.972499	1.574066	2.744587	3.299333	1.211531	1.063698	-4.272550	-0.426301	-0.591434
8.928216	1.565111	2.716642	3.548493	1.234792	0.842419	-3.406780	-1.080820	-0.427137
8.972499	1.574066	2.744587	3.299333	1.211531	1.063698	-4.272550	-0.426301	-0.591434
8.972499	1.574066	2.744587	3.299333	1.211531	1.063698	-4.272550	-0.426301	-0.591434
8.928216	1.565111	2.716642	3.548493	1.234792	0.842419	-3.406780	-1.080820	-0.427137
8.972499	1.574066	2.744587	3.299333	1.211531	1.063698	-4.272550	-0.426301	-0.591434
8.928216	1.565111	2.716642	3.548493	1.234792	0.842419	-3.406780	-1.080820	-0.427137
8.928216	1.565111	2.716642	3.548493	1.234792	0.842419	-3.406780	-1.080820	-0.427137
8.972499	1.574066	2.744587	3.299333	1.211531	1.063698	-4.272550	-0.426301	-0.591434
8.928216	1.565111	2.716642	3.548493	1.234792	0.842419	-3.406780	-1.080820	-0.427137
8.972499	1.574066	2.744587	3.299333	1.211531	1.063698	-4.272550	-0.426301	-0.591434
8.972499	1.574066	2.744587	3.299333	1.211531	1.063698	-4.272550	-0.426301	-0.591434
8.928216	1.565111	2.716642	3.548493	1.234792	0.842419	-3.406780	-1.080820	-0.427137
8.928216	1.565111	2.716642	3.548493	1.234792	0.842419	-3.406780	-1.080820	-0.427137
8.972499	1.574066	2.744587	3.299333	1.211531	1.063698	-4.272550	-0.426301	-0.591434
8.928216	1.565111	2.716642	3.548493	1.234792	0.842419	-3.406780	-1.080820	-0.427137
8.972499	1.574066	2.744587	3.299333	1.211531	1.063698	-4.272550	-0.426301	-0.591434
8.928216	1.565111	2.716642	3.548493	1.234792	0.842419	-3.406780	-1.080820	-0.427137
8.972499	1.574066	2.744587	3.299333	1.211531	1.063698	-4.272550	-0.426301	-0.591434
8.876419	1.572011	2.766664	7.675092	1.572360	2.827671	-5.694990	6.360790	0.693634
8.866101	1.572123	2.767466	7.964260	1.579711	2.838109	-6.559350	5.828280	0.276184
8.972499	1.574066	2.744587	3.299333	1.211531	1.063698	-4.272550	-0.426301	-0.591434
8.928216	1.565111	2.716642	3.548493	1.234792	0.842419	-3.406780	-1.080820	-0.427137
8.928216	1.565111	2.716642	3.548493	1.234792	0.842419	-3.406780	-1.080820	-0.427137
8.972499	1.574066	2.744587	3.299333	1.211531	1.063698	-4.272550	-0.426301	-0.591434
8.928216	1.565111	2.716642	3.548493	1.234792	0.842419	-3.406780	-1.080820	-0.427137
8.972499	1.574066	2.744587	3.299333	1.211531	1.063698	-4.272550	-0.426301	-0.591434
8.928216	1.565111	2.716642	3.548493	1.234792	0.842419	-3.406780	-1.080820	-0.427137
8.972499	1.574066	2.744587	3.299333	1.211531	1.063698	-4.272550	-0.426301	-0.591434
8.972499	1.574066	2.744587	3.299333	1.211531	1.063698	-4.272550	-0.426301	-0.591434
8.928216	1.565111	2.716642	3.548493	1.234792	0.842419	-3.406780	-1.080820	-0.427137
8.928216	1.565111	2.716642	3.548493	1.234792	0.842419	-3.406780	-1.080820	-0.427137
8.972499	1.574066	2.744587	3.299333	1.211531	1.063698	-4.272550	-0.426301	-0.591434
8.928216	1.565111	2.716642	3.548493	1.234792	0.842419	-3.406780	-1.080820	-0.427137
8.972499	1.574066	2.744587	3.299333	1.211531	1.063698	-4.272550	-0.426301	-0.591434
8.928216	1.565111	2.716642	3.548493	1.234792	0.842419	-3.406780	-1.080820	-0.427137
8.972499	1.574066	2.744587	3.299333	1.211531	1.063698	-4.272550	-0.426301	-0.591434
8.928216	1.565111	2.716642	3.548493	1.234792	0.842419	-3.406780	-1.080820	-0.427137
8.972499	1.574066	2.744587	3.299333	1.211531	1.063698	-4.272550	-0.426301	-0.591434
8.928216	1.565111	2.716642	3.548493	1.234792	0.842419	-3.406780	-1.080820	-0.427137
8.972499	1.574066	2.744587	3.299333	1.211531	1.063698	-4.272550	-0.426301	-0.591434
8.928216	1.565111	2.716642	3.548493	1.234792	0.842419	-3.406780	-1.080820	-0.427137
8.972499	1.574066	2.744587	3.299333	1.211531	1.063698	-4.272550	-0.426301	-0.591434
8.941620	1.574118	2.768521	7.687736	1.586666	2.867582	-4.456100	6.628440	1.179240
8.924963	1.574750	2.771121	7.813867	1.609711	2.910282	-5.467700	6.447560	0.793380
8.972499	1.574066	2.744587	3.299333	1.211531	1.063698	-4.272550	-0.426301	-0.591434
8.928216	1.565111	2.716642	3.548493	1.234792	0.842419	-3.406780	-1.080820	-0.427137
8.928216	1.565111	2.716642	3.548493	1.234792	0.842419	-3.406780	-1.080820	-0.427137
8.972499	1.574066	2.744587	3.299333	1.211531	1.063698	-4.272550	-0.426301	-0.591434
8.928216	1.565111	2.716642	3.548493	1.234792	0.842419	-3.406780	-1.080820	-0.427137
8.972499	1.574066	2.744587	3.299333	1.211531	1.063698	-4.272550	-0.426301	-0.591434
8.928216	1.565111	2.716642	3.548493	1.234792	0.842419	-3.406780	-1.080820	-0.427137
8.972499	1.574066	2.744587	3.299333	1.211531	1.063698	-4.272550	-0.426301	-0.591434
8.972499	1.574066	2.744587	3.299333	1.211531	1.063698	-4.272550	-0.426301	-0.591434
8.928216	1.565111	2.716642	3.548493	1.234792	0.842419	-3.406780	-1.080820	-0.427137
8.972499	1.574066	2.744587	3.299333	1.211531	1.063698	-4.272550	-0.426301	-0.591434
8.928216	1.565111	2.716642	3.548493	1.234792	0.842419	-3.406780	-1.080820	-0.427137
8.928216	1.565111	2.716642	3.548493	1.234792	0.842419	-3.406780	-1.080820	-0.427137
8.972499	1.574066	2.744587	3.299333	1.211531	1.063698	-4.272550	-0.426301	-0.591434
8.928216	1.565111	2.716642	3.548493	1.234792	0.842419	-3.406780	-1.080820	-0.427137
8.972499	1.574066	2.744587	3.299333	1.211531	1.063698	-4.272550	-0.426301	-0.591434
8.928216	1.565111	2.716642	3.548493	1.234792	0.842419	-3.406780	-1.080820	-0.427137
8.972499	1.574066	2.744587	3.299333	1.211531	1.063698	-4.272550	-0.426301	-0.591434
8.928216	1.565111	2.716642	3.548493	1.234792	0.842419	-3.406780	-1.080820	-0.427137
8.972499	1.574066	2.744587	3.299333	1.211531	1.063698	-4.272550	-0.426301	-0.591434
8.928216	1.565111	2.716642	3.548493	1.234792	0.842419	-3.406780	-1.080820	-0.427137
8.972499	1.574066	2.744587	3.299333	1.211531	1.063698	-4.272550	-0.426301	-0.591434
9.021985	1.567261	2.745669	6.508249	1.581552	2.959265	-1.611380	5.441470	2.129440
9.028055	1.568791	2.749323	6.753029	1.640451	2.939830	-1.052230	5.542710	1.190260
8.919287	1.573330	2.769191	7.905915	1.594325	2.863467	-5.028500	6.519760	1.225320
8.914395	1.573122	2.771000	7.671199	1.581616	2.875112	-5.587120	6.462340	0.282131
8.928216	1.565111	2.716642	3.548493	1.234792	0.842419	-3.406780	-1.080820	-0.427137
8.972499	1.574066	2.744587	3.299333	1.211531	1.063698	-4.272550	-0.426301	-0.591434
8.928216	1.565111	2.716642	3.548493	1.234792	0.842419	-3.406780	-1.080820	-0.427137
8.972499	1.574066	2.744587	3.299333	1.211531	1.063698	-4.272550	-0.426301	-0.591434
8.928216	1.565111	2.716642	3.548493	1.234792	0.842419	-3.406780	-1.080820	-0.427137
8.972499	1.574066	2.744587	3.299333	1.211531	1.063698	-4.272550	-0.426301	-0.591434
8.928216	1.565111	2.716642	3.548493	1.234792	0.842419	-3.406780	-1.080820	-0.427137
8.972499	1.574066	2.744587	3.299333	1.211531	1.063698	-4.272550	-0.426301	-0.591434
8.928216	1.565111	2.716642	3.548493	1.234792	0.842419	-3.406780	-1.080820	-0.427137
8.972499	1.574066	2.744587	3.299333	1.211531	1.063698	-4.272550	-0.426301	-0.591434
8.928216	1.565111	2.716642	3.548493	1.234792	0.842419	-3.406780	-1.080820	-0.427137
8.972499	1.574066	2.744587	3.299333	1.211531	1.063698	-4.272550	-0.426301	-0.591434
8.928216	1.565111	2.716642	3.548493	1.234792	0.842419	-3.406780	-1.080820	-0.427137
8.972499	1.574066	2.744587	3.299333	1.211531	1.063698	-4.272550	-0.426301	-0.591434
8.928216	1.565111	2.716642	3.548493	1.234792	0.842419	-3.406780	-1.080820	-0.427137
8.972499	1.574066	2.744587	3.299333	1.211531	1.063698	-4.272550	-0.426301	-0.591434
8.928216	1.565111	2.716642	3.548493	1.234792	0.842419	-3.406780	-1.080820	-0.427137
8.972499	1.574066	2.744587	3.299333	1.211531	1.063698	-4.272550	-0.426301	-0.591434
8.928216	1.565111	2.716642	3.548493	1.234792	0.842419	-3.406780	-1.080820	-0.427137
8.972499	1.574066	2.744587	3.299333	1.211531	1.063698	-4.272550	-0.426301	-0.591434
8.928216	1.565111	2.716642	3.548493	1.234792	0.842419	-3.406780	-1.080820	-0.427137
8.972499	1.574066	2.744587	3.299333	1.211531	1.063698	-4.272550	-0.426301	-0.591434
9.022329	1.567504	2.745950	6.428483	1.612809	2.945724	-1.602270	5.432050	2.146150
9.025880	1.568691	2.749007	6.921828	1.612705	2.958377	-1.075030	5.551870	1.190850
9.033178	1.572402	2.752395	6.661982	1.621854	2.926510	-0.744759	5.248600	1.666980
9.031035	1.564817	2.739017	6.543034	1.621253	2.938195	-1.763730	5.652830	1.723910
8.928216	1.565111	2.716642	3.548493	1.234792	0.842419	-3.406780	-1.080820	-0.427137
8.972499	1.574066	2.744587	3.299333	1.211531	1.063698	-4.272550	-0.426301	-0.591434
8.928216	1.565111	2.716642	3.548493	1.234792	0.842419	-3.406780	-1.080820	-0.427137
8.972499	1.574066	2.744587	3.299333	1.211531	1.063698	-4.272550	-0.426301	-0.591434
8.928216	1.565111	2.716642	3.548493	1.234792	0.842419	-3.406780	-1.080820	-0.427137
8.972499	1.574066	2.744587	3.299333	1.211531	1.063698	-4.272550	-0.426301	-0.591434
8.928216	1.565111	2.716642	3.548493	1.234792	0.842419	-3.406780	-1.080820	-0.427137
8.972499	1.574066	2.744587	3.299333	1.211531	1.063698	-4.272550	-0.426301	-0.591434
8.928216	1.565111	2.716642	3.548493	1.234792	0.842419	-3.406780	-1.080820	-0.427137
8.972499	1.574066	2.744587	3.299333	1.211531	1.063698	-4.272550	-0.426301	-0.591434
8.928216	1.565111	2.716642	3.548493	1.234792	0.842419	-3.406780	-1.080820	-0.427137
8.972499	1.574066	2.744587	3.299333	1.211531	1.063698	-4.272550	-0.426301	-0.591434
8.928216	1.565111	2.716642	3.548493	1.234792	0.842419	-3.406780	-1.080820	-0.427137
8.972499	1.574066	2.744587	3.299333	1.211531	1.063698	-4.272550	-0.426301	-0.591434
8.928216	1.565111	2.716642	3.548493	1.234792	0.842419	-3.406780	-1.080820	-0.427137
8.972499	1.574066	2.744587	3.299333	1.211531	1.063698	-4.272550	-0.426301	-0.591434
8.928216	1.565111	2.716642	3.548493	1.234792	0.842419	-3.406780	-1.080820	-0.427137
8.972499	1.574066	2.744587	3.299333	1.211531	1.063698	-4.272550	-0.426301	-0.591434
8.928216	1.565111	2.716642	3.548493	1.234792	0.842419	-3.406780	-1.080820	-0.427137
8.972499	1.574066	2.744587	3.299333	1.211531	1.063698	-4.272550	-0.426301	-0.591434
8.928216	1.565111	2.716642	3.548493	1.234792	0.842419	-3.406780	-1.080820	-0.427137
8.972499	1.574066	2.744587	3.299333	1.211531	1.063698	-4.272550	-0.426301	-0.591434
9.025441	1.568669	2.748951	6.706691	1.579743	2.963206	-1.079220	5.553500	1.191110
9.022450	1.567571	2.746004	6.556600	1.648659	2.936696	-1.600490	5.430270	2.149260
9.050692	1.571537	2.750645	6.675792	1.617249	2.916255	-0.607030	5.195140	1.645050
9.049494	1.565735	2.741244	6.637936	1.617515	2.942718	-1.628200	5.592970	1.707370
8.928216	1.565111	2.716642	3.548493	1.234792	0.842419	-3.406780	-1.080820	-0.427137
8.972499	1.574066	2.744587	3.299333	1.211531	1.063698	-4.272550	-0.426301	-0.591434
8.928216	1.565111	2.716642	3.548493	1.234792	0.842419	-3.406780	-1.080820	-0.427137
8.972499	1.574066	2.744587	3.299333	1.211531	1.063698	-4.272550	-0.426301	-0.591434
8.928216	1.565111	2.716642	3.548493	1.234792	0.842419	-3.406780	-1.080820	-0.427137
8.972499	1.574066	2.744587	3.299333	1.211531	1.063698	-4.272550	-0.426301	-0.591434
8.928216	1.565111	2.716642	3.548493	1.234792	0.842419	-3.406780	-1.080820	-0.427137
8.972499	1.574066	2.744587	3.299333	1.211531	1.063698	-4.272550	-0.426301	-0.591434
8.928216	1.565111	2.716642	3.548493	1.234792	0.842419	-3.406780	-1.080820	-0.427137
8.972499	1.574066	2.744587	3.299333	1.211531	1.063698	-4.272550	-0.426301	-0.591434
8.928216	1.565111	2.716642	3.548493	1.234792	0.842419	-3.406780	-1.080820	-0.427137
8.972499	1.574066	2.744587	3.299333	1.211531	1.063698	-4.272550	-0.426301	-0.591434
8.928216	1.565111	2.716642	3.548493	1.234792	0.842419	-3.406780	-1.080820	-0.427137
8.972499	1.574066	2.744587	3.299333	1.211531	1.063698	-4.272550	-0.426301	-0.591434
8.928216	1.565111	2.716642	3.548493	1.234792	0.842419	-3.406780	-1.080820	-0.427137
8.972499	1.574066	2.744587	3.299333	1.211531	1.063698	-4.272550	-0.426301	-0.591434
8.928216	1.565111	2.716642	3.548493	1.234792	0.842419	-3.406780	-1.080820	-0.427137
8.972499	1.574066	2.744587	3.299333	1.211531	1.063698	-4.272550	-0.426301	-0.591434
8.928216	1.565111	2.716642	3.548493	1.234792	0.842419	-3.406780	-1.080820	-0.427137
8.972499	1.574066	2.744587	3.299333	1.211531	1.063698	-4.272550	-0.426301	-0.591434
8.928216	1.565111	2.716642	3.548493	1.234792	0.842419	-3.406780	-1.080820	-0.427137
8.972499	1.574066	2.744587	3.299333	1.211531	1.063698	-4.272550	-0.426301	-0.591434
9.025387	1.568669	2.748937	6.606512	1.579878	2.962010	-1.080310	5.553920	1.191190
9.022504	1.567571	2.746018	6.751963	1.646402	2.942741	-1.600020	5.429800	2.150060
9.032630	1.569368	2.748502	6.555913	1.622681	2.929219	-1.492160	5.349100	2.258300
9.011713	1.568333	2.746289	6.705132	1.627500	2.973497	-1.235870	5.606630	1.222470
9.096728	1.570771	2.751233	9.138932	1.569877	2.736701	-3.962560	-8.639490	0.618976
8.928216	1.565111	2.716642	3.548493	1.234792	0.842419	-3.406780	-1.080820	-0.427137
8.972499	1.574066	2.744587	3.299333	1.211531	1.063698	-4.272550	-0.426301	-0.591434
8.928216	1.565111	2.716642	3.548493	1.234792	0.842419	-3.406780	-1.080820	-0.427137
8.972499	1.574066	2.744587	3.299333	1.211531	1.063698	-4.272550	-0.426301	-0.591434
8.928216	1.565111	2.716642	3.548493	1.234792	0.842419	-3.406780	-1.080820	-0.427137
8.972499	1.574066	2.744587	3.299333	1.211531	1.063698	-4.272550	-0.426301	-0.591434
8.928216	1.565111	2.716642	3.548493	1.234792	0.842419	-3.406780	-1.080820	-0.427137
8.972499	1.574066	2.744587	3.299333	1.211531	1.063698	-4.272550	-0.426301	-0.591434
8.928216	1.565111	2.716642	3.548493	1.234792	0.842419	-3.406780	-1.080820	-0.427137
8.972499	1.574066	2.744587	3.299333	1.211531	1.063698	-4.272550	-0.426301	-0.591434
8.928216	1.565111	2.716642	3.548493	1.234792	0.842419	-3.406780	-1.080820	-0.427137
8.972499	1.574066	2.744587	3.299333	1.211531	1.063698	-4.272550	-0.426301	-0.591434
8.928216	1.565111	2.716642	3.548493	1.234792	0.842419	-3.406780	-1.080820	-0.427137
8.972499	1.574066	2.744587	3.299333	1.211531	1.063698	-4.272550	-0.426301	-0.591434
8.928216	1.565111	2.716642	3.548493	1.234792	0.842419	-3.406780	-1.080820	-0.427137
8.972499	1.574066	2.744587	3.299333	1.211531	1.063698	-4.272550	-0.426301	-0.591434
8.928216	1.565111	2.716642	3.548493	1.234792	0.842419	-3.406780	-1.080820	-0.427137
8.972499	1.574066	2.744587	3.299333	1.211531	1.063698	-4.272550	-0.426301	-0.591434
8.928216	1.565111	2.716642	3.548493	1.234792	0.842419	-3.406780	-1.080820	-0.427137
8.972499	1.574066	2.744587	3.299333	1.211531	1.063698	-4.272550	-0.426301	-0.591434
8.928216	1.565111	2.716642	3.548493	1.234792	0.842419	-3.406780	-1.080820	-0.427137
8.972499	1.574066	2.744587	3.299333	1.211531	1.063698	-4.272550	-0.426301	-0.591434
9.026173	1.568702	2.749045	6.844947	1.639514	2.947069	-1.072260	5.550780	1.190700
9.022392	1.567482	2.745905	6.512150	1.584617	2.956245	-1.603420	5.433210	2.144110
9.033059	1.569114	2.749995	6.410551	1.588424	2.956436	-0.999775	5.519400	1.195050
9.021575	1.566695	2.745037	6.945568	1.626833	2.944197	-1.629720	5.461700	2.092150
8.928216	1.565111	2.716642	3.548493	1.234792	0.842419	-3.406780	-1.080820	-0.427137
8.972499	1.574066	2.744587	3.299333	1.211531	1.063698	-4.272550	-0.426301	-0.591434
8.928216	1.565111	2.716642	3.548493	1.234792	0.842419	-3.406780	-1.080820	-0.427137
8.972499	1.574066	2.744587	3.299333	1.211531	1.063698	-4.272550	-0.426301	-0.591434
8.928216	1.565111	2.716642	3.548493	1.234792	0.842419	-3.406780	-1.080820	-0.427137
8.972499	1.574066	2.744587	3.299333	1.211531	1.063698	-4.272550	-0.426301	-0.591434
8.928216	1.565111	2.716642	3.548493	1.234792	0.842419	-3.406780	-1.080820	-0.427137
8.972499	1.574066	2.744587	3.299333	1.211531	1.063698	-4.272550	-0.426301	-0.591434
8.928216	1.565111	2.716642	3.548493	1.234792	0.842419	-3.406780	-1.080820	-0.427137
8.972499	1.574066	2.744587	3.299333	1.211531	1.063698	-4.272550	-0.426301	-0.591434
8.928216	1.565111	2.716642	3.548493	1.234792	0.842419	-3.406780	-1.080820	-0.427137
8.972499	1.574066	2.744587	3.299333	1.211531	1.063698	-4.272550	-0.426301	-0.591434
8.972499	1.574066	2.744587	3.299333	1.211531	1.063698	-4.272550	-0.426301	-0.591434
8.928216	1.565111	2.716642	3.548493	1.234792	0.842419	-3.406780	-1.080820	-0.427137
8.928216	1.565111	2.716642	3.548493	1.234792	0.842419	-3.406780	-1.080820	-0.427137
8.972499	1.574066	2.744587	3.299333	1.211531	1.063698	-4.272550	-0.426301	-0.591434
8.928216	1.565111	2.716642	3.548493	1.234792	0.842419	-3.406780	-1.080820	-0.427137
8.972499	1.574066	2.744587	3.299333	1.211531	1.063698	-4.272550	-0.426301	-0.591434
8.928216	1.565111	2.716642	3.548493	1.234792	0.842419	-3.406780	-1.080820	-0.427137
8.972499	1.574066	2.744587	3.299333	1.211531	1.063698	-4.272550	-0.426301	-0.591434
8.928216	1.565111	2.716642	3.548493	1.234792	0.842419	-3.406780	-1.080820	-0.427137
8.972499	1.574066	2.744587	3.299333	1.211531	1.063698	-4.272550	-0.426301	-0.591434
8.853639	1.547550	2.687849	6.504465	1.492617	2.795457	1.022030	4.094100	1.272420
8.824202	1.547563	2.687117	6.872549	1.660841	2.704083	0.941945	3.674280	2.283510
9.038303	1.569546	2.750630	6.409273	1.592797	2.957970	-0.941811	5.490440	1.209270
9.022247	1.566141	2.744406	6.948406	1.618163	2.939959	-1.645760	5.482210	2.051480
9.090260	1.570830	2.753140	9.024965	1.570791	2.767259	-3.236740	10.409100	0.069545
9.097168	1.570773	2.751288	9.138934	1.569626	2.736701	-2.596360	-8.983230	0.518126
8.928216	1.565111	2.716642	3.548493	1.234792	0.842419	-3.406780	-1.080820	-0.427137
8.972499	1.574066	2.744587	3.299333	1.211531	1.063698	-4.272550	-0.426301	-0.591434
8.928216	1.565111	2.716642	3.548493	1.234792	0.842419	-3.406780	-1.080820	-0.427137
8.972499	1.574066	2.744587	3.299333	1.211531	1.063698	-4.272550	-0.426301	-0.591434
8.928216	1.565111	2.716642	3.548493	1.234792	0.842419	-3.406780	-1.080820	-0.427137
8.972499	1.574066	2.744587	3.299333	1.211531	1.063698	-4.272550	-0.426301	-0.591434
8.928216	1.565111	2.716642	3.548493	1.234792	0.842419	-3.406780	-1.080820	-0.427137
8.972499	1.574066	2.744587	3.299333	1.211531	1.063698	-4.272550	-0.426301	-0.591434
8.928216	1.565111	2.716642	3.548493	1.234792	0.842419	-3.406780	-1.080820	-0.427137
8.972499	1.574066	2.744587	3.299333	1.211531	1.063698	-4.272550	-0.426301	-0.591434
8.928216	1.565111	2.716642	3.548493	1.234792	0.842419	-3.406780	-1.080820	-0.427137
8.972499	1.574066	2.744587	3.299333	1.211531	1.063698	-4.272550	-0.426301	-0.591434
8.972499	1.574066	2.744587	3.299333	1.211531	1.063698	-4.272550	-0.426301	-0.591434
8.928216	1.565111	2.716642	3.548493	1.234792	0.842419	-3.406780	-1.080820	-0.427137
8.928216	1.565111	2.716642	3.548493	1.234792	0.842419	-3.406780	-1.080820	-0.427137
8.972499	1.574066	2.744587	3.299333	1.211531	1.063698	-4.272550	-0.426301	-0.591434
8.928216	1.565111	2.716642	3.548493	1.234792	0.842419	-3.406780	-1.080820	-0.427137
8.972499	1.574066	2.744587	3.299333	1.211531	1.063698	-4.272550	-0.426301	-0.591434
8.928216	1.565111	2.716642	3.548493	1.234792	0.842419	-3.406780	-1.080820	-0.427137
8.972499	1.574066	2.744587	3.299333	1.211531	1.063698	-4.272550	-0.426301	-0.591434
8.928216	1.565111	2.716642	3.548493	1.234792	0.842419	-3.406780	-1.080820	-0.427137
8.972499	1.574066	2.744587	3.299333	1.211531	1.063698	-4.272550	-0.426301	-0.591434
8.832341	1.546474	2.687025	6.754421	1.563838	2.697810	1.109850	3.983520	1.309670
8.838767	1.546809	2.687725	6.632110	1.589193	2.738681	0.857154	3.731430	2.347720
9.021917	1.567227	2.745630	6.704722	1.575271	2.964674	-1.612430	5.442430	2.127880
9.028293	1.568814	2.749346	6.657515	1.645970	2.936812	-1.049890	5.541640	1.190520
9.091370	1.570799	2.753190	9.024965	1.570850	2.767259	-2.473240	11.539700	0.054777
9.097403	1.570777	2.751370	9.047105	1.569603	2.732347	-1.848590	-9.304020	0.428050
8.928216	1.565111	2.716642	3.548493	1.234792	0.842419	-3.406780	-1.080820	-0.427137
8.972499	1.574066	2.744587	3.299333	1.211531	1.063698	-4.272550	-0.426301	-0.591434
8.928216	1.565111	2.716642	3.548493	1.234792	0.842419	-3.406780	-1.080820	-0.427137
8.972499	1.574066	2.744587	3.299333	1.211531	1.063698	-4.272550	-0.426301	-0.591434
8.928216	1.565111	2.716642	3.548493	1.234792	0.842419	-3.406780	-1.080820	-0.427137
8.972499	1.574066	2.744587	3.299333	1.211531	1.063698	-4.272550	-0.426301	-0.591434
8.928216	1.565111	2.716642	3.548493	1.234792	0.842419	-3.406780	-1.080820	-0.427137
8.972499	1.574066	2.744587	3.299333	1.211531	1.063698	-4.272550	-0.426301	-0.591434
8.928216	1.565111	2.716642	3.548493	1.234792	0.842419	-3.406780	-1.080820	-0.427137
8.972499	1.574066	2.744587	3.299333	1.211531	1.063698	-4.272550	-0.426301	-0.591434
8.928216	1.565111	2.716642	3.548493	1.234792	0.842419	-3.406780	-1.080820	-0.427137
8.972499	1.574066	2.744587	3.299333	1.211531	1.063698	-4.272550	-0.426301	-0.591434
8.972499	1.574066	2.744587	3.299333	1.211531	1.063698	-4.272550	-0.426301	-0.591434
8.928216	1.565111	2.716642	3.548493	1.234792	0.842419	-3.406780	-1.080820	-0.427137
8.928216	1.565111	2.716642	3.548493	1.234792	0.842419	-3.406780	-1.080820	-0.427137
8.972499	1.574066	2.744587	3.299333	1.211531	1.063698	-4.272550	-0.426301	-0.591434
8.928216	1.565111	2.716642	3.548493	1.234792	0.842419	-3.406780	-1.080820	-0.427137
8.972499	1.574066	2.744587	3.299333	1.211531	1.063698	-4.272550	-0.426301	-0.591434
8.928216	1.565111	2.716642	3.548493	1.234792	0.842419	-3.406780	-1.080820	-0.427137
8.972499	1.574066	2.744587	3.299333	1.211531	1.063698	-4.272550	-0.426301	-0.591434
8.928216	1.565111	2.716642	3.548493	1.234792	0.842419	-3.406780	-1.080820	-0.427137
8.972499	1.574066	2.744587	3.299333	1.211531	1.063698	-4.272550	-0.426301	-0.591434
8.844141	1.546789	2.688046	6.581178	1.593287	2.718739	0.829708	3.752310	2.363650
8.828060	1.546134	2.687062	6.762620	1.562663	2.730876	1.129220	3.954440	1.327130
9.021729	1.567150	2.745537	6.847489	1.636561	2.944197	-1.615020	5.445260	2.122670
9.029025	1.568847	2.749439	6.508494	1.584625	2.959265	-1.042770	5.538690	1.190600
9.097554	1.570769	2.751448	9.138941	1.569111	2.736701	-0.923049	-10.686200	0.200555
8.928216	1.565111	2.716642	3.548493	1.234792	0.842419	-3.406780	-1.080820	-0.427137
8.972499	1.574066	2.744587	3.299333	1.211531	1.063698	-4.272550	-0.426301	-0.591434
8.928216	1.565111	2.716642	3.548493	1.234792	0.842419	-3.406780	-1.080820	-0.427137
8.972499	1.574066	2.744587	3.299333	1.211531	1.063698	-4.272550	-0.426301	-0.591434
8.928216	1.565111	2.716642	3.548493	1.234792	0.842419	-3.406780	-1.080820	-0.427137
8.972499	1.574066	2.744587	3.299333	1.211531	1.063698	-4.272550	-0.426301	-0.591434
8.928216	1.565111	2.716642	3.548493	1.234792	0.842419	-3.406780	-1.080820	-0.427137
8.972499	1.574066	2.744587	3.299333	1.211531	1.063698	-4.272550	-0.426301	-0.591434
8.928216	1.565111	2.716642	3.548493	1.234792	0.842419	-3.406780	-1.080820	-0.427137
8.972499	1.574066	2.744587	3.299333	1.211531	1.063698	-4.272550	-0.426301	-0.591434
8.928216	1.565111	2.716642	3.548493	1.234792	0.842419	-3.406780	-1.080820	-0.427137
8.972499	1.574066	2.744587	3.299333	1.211531	1.063698	-4.272550	-0.426301	-0.591434
8.928216	1.565111	2.716642	3.548493	1.234792	0.842419	-3.406780	-1.080820	-0.427137
8.972499	1.574066	2.744587	3.299333	1.211531	1.063698	-4.272550	-0.426301	-0.591434
8.928216	1.565111	2.716642	3.548493	1.234792	0.842419	-3.406780	-1.080820	-0.427137
8.972499	1.574066	2.744587	3.299333	1.211531	1.063698	-4.272550	-0.426301	-0.591434
8.928216	1.565111	2.716642	3.548493	1.234792	0.842419	-3.406780	-1.080820	-0.427137
8.972499	1.574066	2.744587	3.299333	1.211531	1.063698	-4.272550	-0.426301	-0.591434
8.928216	1.565111	2.716642	3.548493	1.234792	0.842419	-3.406780	-1.080820	-0.427137
8.972499	1.574066	2.744587	3.299333	1.211531	1.063698	-4.272550	-0.426301	-0.591434
8.928216	1.565111	2.716642	3.548493	1.234792	0.842419	-3.406780	-1.080820	-0.427137
8.972499	1.574066	2.744587	3.299333	1.211531	1.063698	-4.272550	-0.426301	-0.591434
8.845125	1.546815	2.688101	6.488969	1.583433	2.712414	0.824907	3.756100	2.366150
8.827430	1.546075	2.687077	6.762413	1.573014	2.730876	1.132290	3.949630	1.330290
9.021835	1.567172	2.745566	6.931969	1.615532	2.951277	-1.614340	5.444390	2.124430
9.028787	1.568836	2.749416	6.422717	1.605056	2.948780	-1.045000	5.539550	1.190760
9.094144	1.570799	2.752720	9.024965	1.570905	2.767259	-0.879295	11.854900	0.044382
9.097669	1.570775	2.751453	9.138945	1.568827	2.736701	-0.073942	-10.944000	0.149763
8.928216	1.565111	2.716642	3.548493	1.234792	0.842419	-3.406780	-1.080820	-0.427137
8.972499	1.574066	2.744587	3.299333	1.211531	1.063698	-4.272550	-0.426301	-0.591434
8.928216	1.565111	2.716642	3.548493	1.234792	0.842419	-3.406780	-1.080820	-0.427137
8.972499	1.574066	2.744587	3.299333	1.211531	1.063698	-4.272550	-0.426301	-0.591434
8.972499	1.574066	2.744587	3.299333	1.211531	1.063698	-4.272550	-0.426301	-0.591434
8.928216	1.565111	2.716642	3.548493	1.234792	0.842419	-3.406780	-1.080820	-0.427137
8.928216	1.565111	2.716642	3.548493	1.234792	0.842419	-3.406780	-1.080820	-0.427137
8.972499	1.574066	2.744587	3.299333	1.211531	1.063698	-4.272550	-0.426301	-0.591434
8.928216	1.565111	2.716642	3.548493	1.234792	0.842419	-3.406780	-1.080820	-0.427137
8.972499	1.574066	2.744587	3.299333	1.211531	1.063698	-4.272550	-0.426301	-0.591434
8.972499	1.574066	2.744587	3.299333	1.211531	1.063698	-4.272550	-0.426301	-0.591434
8.928216	1.565111	2.716642	3.548493	1.234792	0.842419	-3.406780	-1.080820	-0.427137
8.928216	1.565111	2.716642	3.548493	1.234792	0.842419	-3.406780	-1.080820	-0.427137
8.972499	1.574066	2.744587	3.299333	1.211531	1.063698	-4.272550	-0.426301	-0.591434
8.928216	1.565111	2.716642	3.548493	1.234792	0.842419	-3.406780	-1.080820	-0.427137
8.972499	1.574066	2.744587	3.299333	1.211531	1.063698	-4.272550	-0.426301	-0.591434
8.928216	1.565111	2.716642	3.548493	1.234792	0.842419	-3.406780	-1.080820	-0.427137
8.972499	1.574066	2.744587	3.299333	1.211531	1.063698	-4.272550	-0.426301	-0.591434
8.928216	1.565111	2.716642	3.548493	1.234792	0.842419	-3.406780	-1.080820	-0.427137
8.972499	1.574066	2.744587	3.299333	1.211531	1.063698	-4.272550	-0.426301	-0.591434
8.928216	1.565111	2.716642	3.548493	1.234792	0.842419	-3.406780	-1.080820	-0.427137
8.972499	1.574066	2.744587	3.299333	1.211531	1.063698	-4.272550	-0.426301	-0.591434
8.845213	1.546804	2.688118	6.579752	1.562285	2.718739	0.824269	3.756610	2.366470
8.827404	1.546075	2.687088	6.764149	1.593565	2.730876	1.132700	3.949000	1.330710
9.021557	1.566606	2.744927	6.326341	1.612539	2.945748	-1.633110	5.465230	2.085970
9.033967	1.569191	2.750097	6.928987	1.604574	2.951277	-0.990326	5.514610	1.197530
9.097320	1.570781	2.751557	9.047121	1.568575	2.732347	0.786568	-11.155300	0.110718
9.097215	1.570783	2.751599	9.047112	1.569083	2.732347	0.647663	-10.069900	0.198261
8.928216	1.565111	2.716642	3.548493	1.234792	0.842419	-3.406780	-1.080820	-0.427137
8.972499	1.574066	2.744587	3.299333	1.211531	1.063698	-4.272550	-0.426301	-0.591434
8.928216	1.565111	2.716642	3.548493	1.234792	0.842419	-3.406780	-1.080820	-0.427137
8.972499	1.574066	2.744587	3.299333	1.211531	1.063698	-4.272550	-0.426301	-0.591434
8.928216	1.565111	2.716642	3.548493	1.234792	0.842419	-3.406780	-1.080820	-0.427137
8.972499	1.574066	2.744587	3.299333	1.211531	1.063698	-4.272550	-0.426301	-0.591434
8.928216	1.565111	2.716642	3.548493	1.234792	0.842419	-3.406780	-1.080820	-0.427137
8.972499	1.574066	2.744587	3.299333	1.211531	1.063698	-4.272550	-0.426301	-0.591434
8.928216	1.565111	2.716642	3.548493	1.234792	0.842419	-3.406780	-1.080820	-0.427137
8.972499	1.574066	2.744587	3.299333	1.211531	1.063698	-4.272550	-0.426301	-0.591434
8.928216	1.565111	2.716642	3.548493	1.234792	0.842419	-3.406780	-1.080820	-0.427137
8.972499	1.574066	2.744587	3.299333	1.211531	1.063698	-4.272550	-0.426301	-0.591434
8.928216	1.565111	2.716642	3.548493	1.234792	0.842419	-3.406780	-1.080820	-0.427137
8.972499	1.574066	2.744587	3.299333	1.211531	1.063698	-4.272550	-0.426301	-0.591434
8.928216	1.565111	2.716642	3.548493	1.234792	0.842419	-3.406780	-1.080820	-0.427137
8.972499	1.574066	2.744587	3.299333	1.211531	1.063698	-4.272550	-0.426301	-0.591434
8.928216	1.565111	2.716642	3.548493	1.234792	0.842419	-3.406780	-1.080820	-0.427137
8.972499	1.574066	2.744587	3.299333	1.211531	1.063698	-4.272550	-0.426301	-0.591434
8.928216	1.565111	2.716642	3.548493	1.234792	0.842419	-3.406780	-1.080820	-0.427137
8.972499	1.574066	2.744587	3.299333	1.211531	1.063698	-4.272550	-0.426301	-0.591434
8.928216	1.565111	2.716642	3.548493	1.234792	0.842419	-3.406780	-1.080820	-0.427137
8.972499	1.574066	2.744587	3.299333	1.211531	1.063698	-4.272550	-0.426301	-0.591434
8.845021	1.546803	2.688095	6.623335	1.596315	2.704965	0.825436	3.755680	2.365880
8.827517	1.546087	2.687082	6.762779	1.560150	2.730876	1.131960	3.950160	1.329940
9.023978	1.565677	2.744269	6.601160	1.562767	2.966482	-1.638140	5.492260	2.011030
9.041312	1.569436	2.750827	6.672228	1.641747	2.925042	-0.902595	5.478950	1.196320
9.096376	1.570792	2.751752	9.138930	1.570074	2.736701	1.719100	-12.258500	0.047830
9.097294	1.570786	2.751555	9.138944	1.568925	2.736701	1.652540	-11.324200	0.081434
9.097298	1.570784	2.751615	9.047134	1.568011	2.732347	1.524790	-10.235900	0.146684
9.134728	1.568976	2.741501	7.417688	1.653125	1.973912	0.138538	-4.526830	0.796296
9.309394	1.583588	2.753628	8.689655	1.684973	2.013722	-0.084563	-3.454250	0.865202
8.928216	1.565111	2.716642	3.548493	1.234792	0.842419	-3.406780	-1.080820	-0.427137
8.972499	1.574066	2.744587	3.299333	1.211531	1.063698	-4.272550	-0.426301	-0.591434
8.928216	1.565111	2.716642	3.548493	1.234792	0.842419	-3.406780	-1.080820	-0.427137
8.972499	1.574066	2.744587	3.299333	1.211531	1.063698	-4.272550	-0.426301	-0.591434
8.928216	1.565111	2.716642	3.548493	1.234792	0.842419	-3.406780	-1.080820	-0.427137
8.972499	1.574066	2.744587	3.299333	1.211531	1.063698	-4.272550	-0.426301	-0.591434
8.972499	1.574066	2.744587	3.299333	1.211531	1.063698	-4.272550	-0.426301	-0.591434
8.928216	1.565111	2.716642	3.548493	1.234792	0.842419	-3.406780	-1.080820	-0.427137
8.928216	1.565111	2.716642	3.548493	1.234792	0.842419	-3.406780	-1.080820	-0.427137
8.972499	1.574066	2.744587	3.299333	1.211531	1.063698	-4.272550	-0.426301	-0.591434
8.928216	1.565111	2.716642	3.548493	1.234792	0.842419	-3.406780	-1.080820	-0.427137
8.972499	1.574066	2.744587	3.299333	1.211531	1.063698	-4.272550	-0.426301	-0.591434
8.972499	1.574066	2.744587	3.299333	1.211531	1.063698	-4.272550	-0.426301	-0.591434
8.928216	1.565111	2.716642	3.548493	1.234792	0.842419	-3.406780	-1.080820	-0.427137
8.972499	1.574066	2.744587	3.299333	1.211531	1.063698	-4.272550	-0.426301	-0.591434
8.928216	1.565111	2.716642	3.548493	1.234792	0.842419	-3.406780	-1.080820	-0.427137
8.928216	1.565111	2.716642	3.548493	1.234792	0.842419	-3.406780	-1.080820	-0.427137
8.972499	1.574066	2.744587	3.299333	1.211531	1.063698	-4.272550	-0.426301	-0.591434
8.841419	1.547020	2.687194	6.765336	1.628031	2.697810	1.071500	4.035400	1.286280
8.830799	1.547036	2.687350	6.599894	1.523202	2.752636	0.900215	3.701120	2.317710
8.843785	1.546788	2.688026	6.803604	1.584760	2.717398	0.831483	3.750920	2.362710
8.828270	1.546157	2.687061	6.579514	1.570340	2.718739	1.128060	3.956240	1.325970
9.121991	1.561783	2.749533	6.944955	1.498739	2.949860	-0.577269	5.421490	0.938601
9.026931	1.559449	2.735767	6.826427	1.519503	2.955704	-0.565130	5.661480	-0.132474
9.096876	1.570789	2.751655	9.087394	1.567825	2.722251	2.520440	-11.456700	0.059740
9.097154	1.570786	2.751668	9.047131	1.568144	2.732347	2.409330	-10.365600	0.106826
9.101612	1.570722	2.751026	8.860867	1.549691	2.647651	2.050790	-8.672550	0.259099
9.101574	1.570762	2.751036	9.281864	1.543751	2.610415	1.727280	-7.631290	0.385921
8.928216	1.565111	2.716642	3.548493	1.234792	0.842419	-3.406780	-1.080820	-0.427137
8.972499	1.574066	2.744587	3.299333	1.211531	1.063698	-4.272550	-0.426301	-0.591434
8.928216	1.565111	2.716642	3.548493	1.234792	0.842419	-3.406780	-1.080820	-0.427137
8.972499	1.574066	2.744587	3.299333	1.211531	1.063698	-4.272550	-0.426301	-0.591434
8.928216	1.565111	2.716642	3.548493	1.234792	0.842419	-3.406780	-1.080820	-0.427137
8.972499	1.574066	2.744587	3.299333	1.211531	1.063698	-4.272550	-0.426301	-0.591434
8.928216	1.565111	2.716642	3.548493	1.234792	0.842419	-3.406780	-1.080820	-0.427137
8.972499	1.574066	2.744587	3.299333	1.211531	1.063698	-4.272550	-0.426301	-0.591434
8.928216	1.565111	2.716642	3.548493	1.234792	0.842419	-3.406780	-1.080820	-0.427137
8.972499	1.574066	2.744587	3.299333	1.211531	1.063698	-4.272550	-0.426301	-0.591434
8.928216	1.565111	2.716642	3.548493	1.234792	0.842419	-3.406780	-1.080820	-0.427137
8.972499	1.574066	2.744587	3.299333	1.211531	1.063698	-4.272550	-0.426301	-0.591434
8.972499	1.574066	2.744587	3.299333	1.211531	1.063698	-4.272550	-0.426301	-0.591434
8.928216	1.565111	2.716642	3.548493	1.234792	0.842419	-3.406780	-1.080820	-0.427137
8.972499	1.574066	2.744587	3.299333	1.211531	1.063698	-4.272550	-0.426301	-0.591434
8.928216	1.565111	2.716642	3.548493	1.234792	0.842419	-3.406780	-1.080820	-0.427137
8.972499	1.574066	2.744587	3.299333	1.211531	1.063698	-4.272550	-0.426301	-0.591434
8.928216	1.565111	2.716642	3.548493	1.234792	0.842419	-3.406780	-1.080820	-0.427137
8.825896	1.545912	2.687141	6.583567	1.605891	2.718739	1.140390	3.936710	1.339110
8.847769	1.546844	2.688284	6.671893	1.552959	2.724890	0.811599	3.766860	2.372550
8.820345	1.548222	2.686987	6.124331	1.457070	2.739722	0.976081	3.654010	2.252220
8.866816	1.547990	2.688892	7.225595	1.692192	2.776621	0.970008	4.148570	1.272260
9.099903	1.570915	2.754452	9.082401	1.571248	2.781533	1.521810	8.535720	0.050512
9.097582	1.570840	2.754455	8.953774	1.571768	2.788051	1.938720	9.551150	0.055381
9.096876	1.570791	2.751655	9.178817	1.567964	2.726687	3.388240	-11.559000	0.043759
9.097534	1.570789	2.751566	9.087429	1.566725	2.722251	3.295700	-10.465800	0.076865
9.099127	1.570766	2.751400	8.860910	1.549465	2.647651	3.110150	-9.295260	0.143389
9.099459	1.570774	2.751427	9.268056	1.550079	2.634494	2.842210	-8.234700	0.234832
8.928216	1.565111	2.716642	3.548493	1.234792	0.842419	-3.406780	-1.080820	-0.427137
8.972499	1.574066	2.744587	3.299333	1.211531	1.063698	-4.272550	-0.426301	-0.591434
8.928216	1.565111	2.716642	3.548493	1.234792	0.842419	-3.406780	-1.080820	-0.427137
8.972499	1.574066	2.744587	3.299333	1.211531	1.063698	-4.272550	-0.426301	-0.591434
8.928216	1.565111	2.716642	3.548493	1.234792	0.842419	-3.406780	-1.080820	-0.427137
8.972499	1.574066	2.744587	3.299333	1.211531	1.063698	-4.272550	-0.426301	-0.591434
8.928216	1.565111	2.716642	3.548493	1.234792	0.842419	-3.406780	-1.080820	-0.427137
8.972499	1.574066	2.744587	3.299333	1.211531	1.063698	-4.272550	-0.426301	-0.591434
8.928216	1.565111	2.716642	3.548493	1.234792	0.842419	-3.406780	-1.080820	-0.427137
8.972499	1.574066	2.744587	3.299333	1.211531	1.063698	-4.272550	-0.426301	-0.591434
8.972499	1.574066	2.744587	3.299333	1.211531	1.063698	-4.272550	-0.426301	-0.591434
8.928216	1.565111	2.716642	3.548493	1.234792	0.842419	-3.406780	-1.080820	-0.427137
8.972499	1.574066	2.744587	3.299333	1.211531	1.063698	-4.272550	-0.426301	-0.591434
8.928216	1.565111	2.716642	3.548493	1.234792	0.842419	-3.406780	-1.080820	-0.427137
8.972499	1.574066	2.744587	3.299333	1.211531	1.063698	-4.272550	-0.426301	-0.591434
8.928216	1.565111	2.716642	3.548493	1.234792	0.842419	-3.406780	-1.080820	-0.427137
8.828216	1.546157	2.687058	6.579682	1.563653	2.718739	1.128410	3.955650	1.326420
8.843954	1.546800	2.688023	6.804360	1.591226	2.717398	0.830899	3.751340	2.363090
8.844856	1.546803	2.688086	6.804017	1.588581	2.717398	0.826221	3.755070	2.365450
8.827597	1.546087	2.687073	6.539161	1.566973	2.732685	1.131470	3.950940	1.329400
8.895182	1.576743	2.705186	6.934067	1.466484	2.626044	0.392958	4.739260	-1.851080
8.960740	1.576055	2.710821	6.665501	1.620325	2.570255	0.427397	4.947020	-0.773772
9.098771	1.570834	2.752798	9.082401	1.570910	2.781533	2.748610	9.241070	0.055416
9.096596	1.570804	2.752831	9.118115	1.571180	2.771269	3.066180	10.291800	0.043317
9.096784	1.570795	2.751651	9.138937	1.569341	2.736701	4.316880	-13.453300	0.013301
9.096876	1.570792	2.751655	9.087491	1.565294	2.722251	4.254830	-11.637100	0.032019
9.097061	1.570791	2.751664	9.087403	1.567495	2.722251	4.180310	-10.542200	0.054836
9.098094	1.570781	2.751532	9.260169	1.555245	2.658624	4.071610	-9.613840	0.088037
9.098519	1.570781	2.751563	8.960075	1.538648	2.627987	3.868620	-8.536730	0.147763
9.040986	1.556037	2.729883	8.073971	1.671288	3.050595	1.699590	-3.611180	0.653769
9.014079	1.615297	2.871461	7.792362	1.735808	2.991416	0.814258	-3.080630	0.280067
8.928216	1.565111	2.716642	3.548493	1.234792	0.842419	-3.406780	-1.080820	-0.427137
8.972499	1.574066	2.744587	3.299333	1.211531	1.063698	-4.272550	-0.426301	-0.591434
8.928216	1.565111	2.716642	3.548493	1.234792	0.842419	-3.406780	-1.080820	-0.427137
8.972499	1.574066	2.744587	3.299333	1.211531	1.063698	-4.272550	-0.426301	-0.591434
8.928216	1.565111	2.716642	3.548493	1.234792	0.842419	-3.406780	-1.080820	-0.427137
8.972499	1.574066	2.744587	3.299333	1.211531	1.063698	-4.272550	-0.426301	-0.591434
8.928216	1.565111	2.716642	3.548493	1.234792	0.842419	-3.406780	-1.080820	-0.427137
8.972499	1.574066	2.744587	3.299333	1.211531	1.063698	-4.272550	-0.426301	-0.591434
8.972499	1.574066	2.744587	3.299333	1.211531	1.063698	-4.272550	-0.426301	-0.591434
8.928216	1.565111	2.716642	3.548493	1.234792	0.842419	-3.406780	-1.080820	-0.427137
8.972499	1.574066	2.744587	3.299333	1.211531	1.063698	-4.272550	-0.426301	-0.591434
8.928216	1.565111	2.716642	3.548493	1.234792	0.842419	-3.406780	-1.080820	-0.427137
8.843774	1.547128	2.687275	6.580410	1.527320	2.684748	1.061140	4.047580	1.283560
8.829352	1.547134	2.687309	6.751589	1.625032	2.777614	0.909350	3.694520	2.311790
8.868726	1.546912	2.685030	8.298807	1.690375	2.957288	1.147580	3.677240	1.830270
8.949956	1.557165	2.710908	4.490267	1.584159	2.721785	0.376163	4.457530	1.862110
8.844498	1.546802	2.688078	6.671231	1.559854	2.724890	0.827767	3.753820	2.364720
8.827798	1.546110	2.687072	6.714057	1.595970	2.711266	1.130450	3.952490	1.328450
8.945804	1.572744	2.712741	6.747607	1.465379	2.790148	0.384479	4.998770	-0.609030
9.000818	1.566310	2.702080	7.006468	1.583642	2.799529	0.889254	4.574020	0.268319
9.098177	1.570812	2.752320	9.024966	1.570988	2.767259	3.813650	9.581230	0.045812
9.096691	1.570795	2.751647	9.138944	1.568892	2.736701	5.171000	-13.477900	0.010233
9.096404	1.570795	2.751753	9.138934	1.569604	2.736701	5.144290	-12.380500	0.017032
9.096876	1.570793	2.751655	9.087559	1.564084	2.722251	5.119820	-11.696100	0.023402
9.096969	1.570792	2.751659	9.128619	1.566305	2.712245	5.061170	-10.600100	0.038912
9.097512	1.570788	2.751601	8.997644	1.544120	2.643133	4.992750	-9.803430	0.056922
9.098029	1.570785	2.751636	9.163847	1.536961	2.589938	4.845320	-8.716320	0.094520
9.103293	1.570739	2.751125	8.867858	1.381344	1.947038	4.516140	-7.428250	0.172360
9.104305	1.570762	2.751231	9.297613	1.938241	2.049907	4.103390	-6.414450	0.254756
8.928216	1.565111	2.716642	3.548493	1.234792	0.842419	-3.406780	-1.080820	-0.427137
8.972499	1.574066	2.744587	3.299333	1.211531	1.063698	-4.272550	-0.426301	-0.591434
8.928216	1.565111	2.716642	3.548493	1.234792	0.842419	-3.406780	-1.080820	-0.427137
8.972499	1.574066	2.744587	3.299333	1.211531	1.063698	-4.272550	-0.426301	-0.591434
8.928216	1.565111	2.716642	3.548493	1.234792	0.842419	-3.406780	-1.080820	-0.427137
8.972499	1.574066	2.744587	3.299333	1.211531	1.063698	-4.272550	-0.426301	-0.591434
8.928216	1.565111	2.716642	3.548493	1.234792	0.842419	-3.406780	-1.080820	-0.427137
8.972499	1.574066	2.744587	3.299333	1.211531	1.063698	-4.272550	-0.426301	-0.591434
8.972499	1.574066	2.744587	3.299333	1.211531	1.063698	-4.272550	-0.426301	-0.591434
8.928216	1.565111	2.716642	3.548493	1.234792	0.842419	-3.406780	-1.080820	-0.427137
8.826872	1.546017	2.687096	6.488452	1.570488	2.712414	1.135250	3.944930	1.333480
8.846035	1.546817	2.688176	6.803735	1.586083	2.717398	0.820130	3.759910	2.368570
8.894288	1.550220	2.693227	6.964173	1.442649	2.653339	0.597821	3.992320	2.367520
8.825341	1.543735	2.689050	6.325101	1.802099	2.915524	1.218410	3.780670	1.487170
8.846838	1.546831	2.688220	6.579886	1.560158	2.718739	0.816258	3.763050	2.370400
8.826401	1.545971	2.687119	6.764686	1.596817	2.730876	1.137620	3.941170	1.336020
8.952698	1.554812	2.710651	7.570522	1.700610	3.098952	0.424414	4.478980	1.720640
8.863856	1.549043	2.684570	5.480912	1.570796	2.566747	1.135120	3.660140	1.891910
9.104177	1.570876	2.753552	8.981107	1.572689	2.812800	3.859740	7.392510	0.060694
9.100441	1.570818	2.753598	9.075795	1.571579	2.816358	4.370560	8.364100	0.054949
9.096311	1.570795	2.751749	9.047107	1.569492	2.732347	6.024450	-13.497300	0.007656
9.096404	1.570795	2.751753	9.138959	1.568181	2.736701	6.002150	-12.399900	0.012695
9.096784	1.570794	2.751651	9.170731	1.565562	2.702330	5.983350	-11.740700	0.017050
9.097061	1.570793	2.751664	9.038099	1.561392	2.707639	5.937440	-10.644000	0.027540
9.097230	1.570791	2.751647	8.839661	1.530060	2.606998	5.892300	-9.923320	0.037895
9.097469	1.570789	2.751670	9.382132	1.530283	2.553590	5.787610	-8.830870	0.061221
9.099361	1.570777	2.751482	11.060294	1.615113	1.941219	5.645010	-7.926180	0.091550
9.100357	1.570778	2.751563	6.525458	1.796445	2.211153	5.379600	-6.862280	0.142757
7.969210	1.590609	2.809265	6.698354	1.836684	4.852098	2.942890	-3.262810	0.376756
8.234214	1.514056	2.891203	9.180852	1.379785	3.480885	2.182760	-2.478280	0.484747
8.928216	1.565111	2.716642	3.548493	1.234792	0.842419	-3.406780	-1.080820	-0.427137
8.972499	1.574066	2.744587	3.299333	1.211531	1.063698	-4.272550	-0.426301	-0.591434
8.909545	1.584063	2.701815	6.911595	1.569075	2.593729	0.249893	4.898020	-1.663230
9.005270	1.574119	2.714598	6.688831	1.567597	2.590917	0.933847	4.554280	-0.876463
8.826451	1.545982	2.687110	6.762969	1.557784	2.730876	1.137140	3.941870	1.335620
8.846697	1.546830	2.688212	6.624020	1.600088	2.704965	0.816978	3.762430	2.370140
8.825573	1.545878	2.687148	6.580919	1.550129	2.718739	1.142050	3.933990	1.341050
8.848383	1.546857	2.688318	6.716621	1.608175	2.711266	0.808721	3.769220	2.373860
8.848683	1.546858	2.688335	6.723101	1.569458	2.744513	0.807341	3.770360	2.374470
8.825398	1.545866	2.687164	6.531893	1.589934	2.698490	1.142840	3.932700	1.341980
8.847457	1.546832	2.688254	6.815434	1.572557	2.750188	0.813335	3.765420	2.371780
8.825998	1.545935	2.687134	6.531417	1.585648	2.698490	1.139350	3.938370	1.337980
8.840595	1.546791	2.687838	6.671508	1.556556	2.724890	0.847773	3.738280	2.353790
8.830765	1.546357	2.687025	6.581867	1.597540	2.718739	1.116680	3.973280	1.315800
8.875356	1.546809	2.693852	7.461442	1.441642	2.703333	1.032660	4.223020	0.980062
9.011749	1.556570	2.697329	6.229687	1.650983	2.880990	1.568670	4.013990	0.045212
9.099952	1.570816	2.752424	9.082401	1.570928	2.781533	5.284350	7.912860	0.052047
9.097781	1.570800	2.752397	8.988885	1.571553	2.777614	5.594540	8.965710	0.036957
9.096311	1.570796	2.751749	9.138932	1.569855	2.736701	6.885550	-14.137200	0.004147
9.096404	1.570796	2.751753	9.047150	1.567425	2.732347	6.877360	-13.513000	0.005674
9.096784	1.570795	2.751651	9.138940	1.569155	2.736701	6.859680	-12.415500	0.009352
9.096496	1.570795	2.751757	9.080484	1.562867	2.697647	6.845230	-11.774300	0.012242
9.096496	1.570794	2.751757	9.080805	1.559233	2.697647	6.809440	-10.677200	0.019434
9.096909	1.570793	2.751704	9.360668	1.505584	2.485244	6.778280	-10.001600	0.025691
9.097263	1.570791	2.751697	8.831902	1.519823	2.566168	6.704840	-8.906480	0.040116
9.098051	1.570787	2.751601	6.735251	1.654037	2.067765	6.628420	-8.152730	0.054554
9.098715	1.570784	2.751655	10.847216	1.937583	2.180713	6.462350	-7.068050	0.083797
9.103445	1.570758	2.751287	7.227420	1.313377	2.162767	6.203900	-6.062010	0.123900
9.105709	1.570766	2.751520	10.585410	1.620886	2.960893	5.786040	-5.048330	0.176648
6.466706	1.568709	2.878753	7.944992	1.604787	5.345815	2.857250	-1.638670	1.197610
6.930899	1.574230	2.847358	7.729483	1.709673	5.058928	2.223730	-2.464080	0.847895
6.325939	1.524573	2.744753	7.827835	1.353187	5.903894	2.830470	-1.689870	1.179350
6.586484	1.517891	2.749807	7.901297	1.335765	6.010427	3.187660	-0.701509	1.496380
8.833246	1.546545	2.687001	6.713348	1.550239	2.711266	1.104650	3.990020	1.307480
8.837763	1.546840	2.687695	6.634376	1.602757	2.738681	0.862880	3.726670	2.345340
8.827213	1.546052	2.687090	6.579515	1.571404	2.718739	1.133450	3.947710	1.331700
8.845502	1.546816	2.688134	6.803618	1.584907	2.717398	0.822958	3.757590	2.367270
8.846284	1.546818	2.688190	6.488614	1.577886	2.712414	0.818967	3.760810	2.369210
8.826705	1.546005	2.687099	6.762636	1.579225	2.730876	1.135920	3.943800	1.334320
8.821224	1.548099	2.687047	7.069607	1.685908	2.792822	0.969205	3.656970	2.261060
8.863825	1.547915	2.688614	6.166629	1.465846	2.721713	0.980117	4.137110	1.274000
8.810658	1.545983	2.685387	6.375852	1.481749	2.684987	0.952030	3.726000	2.144730
8.865743	1.547389	2.689541	6.983063	1.644326	2.774419	1.076150	4.112240	1.124750
9.105187	1.570841	2.752932	9.052099	1.573249	2.861776	5.614980	6.109630	0.066799
9.100672	1.570805	2.752955	8.984475	1.573913	2.848004	6.101350	7.093590	0.052569
9.098436	1.570803	2.752106	9.118115	1.571192	2.771269	6.415050	8.140940	0.036948
9.097157	1.570798	2.752072	9.118114	1.570834	2.771269	6.602920	9.222380	0.024833
9.096311	1.570796	2.751749	9.047107	1.569470	2.732347	7.736360	-14.142800	0.002984
9.096404	1.570796	2.751753	9.138950	1.568608	2.736701	7.731510	-13.526900	0.004057
9.096404	1.570796	2.751753	9.047175	1.566707	2.732347	7.716530	-12.429300	0.006708
9.096496	1.570795	2.751757	9.168219	1.562179	2.677945	7.704730	-11.799300	0.008817
9.096496	1.570795	2.751757	9.035224	1.553198	2.682895	7.677340	-10.702000	0.013747
9.096741	1.570794	2.751720	9.354143	1.517319	2.485244	7.655290	-10.054000	0.017593
9.096964	1.570793	2.751719	8.769515	1.442731	2.348065	7.603610	-8.957570	0.026588
9.097469	1.570791	2.751670	7.758866	1.885278	2.143762	7.558130	-8.275020	0.034253
9.097932	1.570789	2.751691	10.200490	1.995164	2.272422	7.453780	-7.182420	0.050858
9.099242	1.570784	2.751572	10.841044	1.651966	3.504913	7.348610	-6.428590	0.066326
9.100515	1.570781	2.751665	6.786430	1.478274	2.925331	7.128680	-5.353530	0.094965
9.108221	1.570750	2.751253	5.574047	0.891931	2.688254	6.813120	-4.395590	0.128219
9.112004	1.570762	2.751744	10.827322	1.299645	5.001091	6.301860	-3.425040	0.168147
6.488069	1.456781	2.759124	7.284840	1.220498	5.882323	3.207870	-1.152000	0.771096
6.622454	1.499539	2.667104	8.331362	0.971413	0.151765	3.125140	-0.734702	1.783010
7.392066	1.488955	2.609641	7.379024	1.122244	1.358653	3.266100	0.031993	1.685930
7.972397	1.520376	2.664678	8.217664	1.090075	0.814516	3.127510	1.101430	1.890980
8.816915	1.547067	2.686316	6.970053	1.670530	2.710192	0.950066	3.692140	2.224650
8.860988	1.547580	2.688731	6.420816	1.473772	2.790148	1.026950	4.117780	1.215760
8.907893	1.579126	2.706611	6.635511	1.525570	2.549406	0.418717	4.820540	-1.425260
9.006077	1.576616	2.711239	6.985701	1.571512	2.729182	0.644316	4.817870	-0.350992
8.951033	1.550819	2.695562	7.704732	1.470691	2.607884	1.328710	4.125530	0.482222
8.961856	1.557446	2.685890	6.265628	1.556432	2.713644	2.085930	3.512620	-0.023636
9.111076	1.570849	2.753150	9.721615	1.581186	3.207477	6.135140	4.525170	0.078160
9.104067	1.570805	2.753262	8.371059	1.586924	3.270986	6.703310	5.464260	0.062841
9.100080	1.570805	2.752216	9.108251	1.572476	2.805954	7.064680	6.433750	0.046980
9.098170	1.570799	2.752177	9.013879	1.571063	2.802300	7.309590	7.503680	0.033025
9.097667	1.570799	2.751964	9.118114	1.571010	2.771269	7.428000	8.266030	0.025232
9.096927	1.570797	2.751931	9.118114	1.570824	2.771269	7.544030	9.357540	0.016907
9.096311	1.570796	2.751749	9.138965	1.567951	2.736701	8.583470	-13.536300	0.002757
9.096691	1.570796	2.751647	9.087497	1.565184	2.722251	8.571970	-12.438700	0.004674
9.096404	1.570796	2.751753	9.084736	1.548119	2.648397	8.564700	-11.819300	0.005908
9.096876	1.570795	2.751655	9.034649	1.557292	2.682895	8.542240	-10.721900	0.009494
9.096551	1.570795	2.751771	7.960584	1.385071	2.183617	8.527520	-10.090600	0.011865
9.096833	1.570794	2.751725	10.175461	1.452590	2.243992	8.489340	-8.993630	0.017769
9.097040	1.570793	2.751698	8.436824	2.051338	2.233012	8.460300	-8.346670	0.022141
9.097410	1.570792	2.751715	9.628084	1.855038	2.194819	8.393760	-7.251030	0.031721
9.098008	1.570790	2.751671	9.138293	1.485337	3.818049	8.338810	-6.582390	0.039152
9.098617	1.570788	2.751710	9.062345	1.591764	3.793924	8.217340	-5.491540	0.054175
9.099998	1.570784	2.751630	11.732540	1.364783	4.891853	8.113290	-4.796920	0.065647
9.101604	1.570782	2.751750	4.233214	0.399422	0.910286	7.896820	-3.720970	0.085971
9.105350	1.570773	2.751587	9.362859	1.141161	0.052974	7.706860	-3.011110	0.100343
9.109384	1.570774	2.751982	8.749341	1.292928	6.226033	7.339440	-1.976930	0.120846
9.120816	1.570763	2.751758	7.942802	1.496447	0.803253	7.040030	-1.317910	0.131675
9.131436	1.570776	2.753195	9.989800	1.439284	0.813962	6.512290	-0.355431	0.140128
9.144302	1.570776	2.753915	8.492464	1.480003	1.818184	6.274550	0.035758	0.140489
9.145319	1.570826	2.753961	9.490025	1.556043	1.323364	6.239820	1.132760	0.122648
9.132094	1.570827	2.753453	8.238622	1.122618	2.016374	6.453950	1.501940	0.113731
9.115145	1.570802	2.753652	9.744645	1.682887	2.524945	6.977170	2.466690	0.092792
9.108516	1.570811	2.752619	11.091749	1.377561	2.735495	7.267640	3.091510	0.080305
9.103022	1.570800	2.752586	6.366757	1.674646	2.869800	7.648420	4.120880	0.062007
9.101009	1.570802	2.752198	9.047192	1.575328	2.907337	7.844530	4.814830	0.051356
9.098915	1.570798	2.752151	9.056531	1.574551	2.903041	8.075470	5.887870	0.037607
9.098222	1.570798	2.751989	9.141663	1.571070	2.795625	8.187170	6.579400	0.030402
9.097444	1.570797	2.751966	9.082403	1.571501	2.781533	8.319160	7.669100	0.021390
9.097155	1.570797	2.751870	9.024965	1.570920	2.767259	8.379710	8.340550	0.017018
9.096311	1.570796	2.751749	9.138933	1.569735	2.736701	9.438820	-14.151800	0.001277
9.096311	1.570796	2.751749	9.178839	1.567201	2.726687	9.435720	-13.544900	0.001876
9.096691	1.570796	2.751647	9.128773	1.563457	2.712245	9.427270	-12.447300	0.003175
9.096311	1.570796	2.751749	8.862767	1.541230	2.647651	9.419960	-11.833700	0.004137
9.096404	1.570796	2.751753	9.230320	1.549452	2.619758	9.405460	-10.736100	0.006400
9.096480	1.570795	2.751732	7.893820	1.356331	1.806341	9.391960	-10.115700	0.008199
9.096703	1.570795	2.751731	10.077902	1.400293	2.007423	9.367140	-9.018300	0.011722
9.096871	1.570794	2.751714	8.334651	2.152578	2.182699	9.345890	-8.390870	0.014592
9.097056	1.570794	2.751723	9.790220	1.497187	2.144595	9.302760	-7.294030	0.020220
9.097317	1.570793	2.751711	11.940607	1.563259	4.075588	9.270740	-6.661200	0.024186
9.097687	1.570792	2.751728	4.495954	0.858040	3.565787	9.200320	-5.565790	0.032300
9.098117	1.570790	2.751699	9.985489	1.147689	5.606729	9.149760	-4.933150	0.037635
9.098949	1.570789	2.751737	8.122192	1.218840	5.005102	9.043660	-3.840640	0.047608
9.099618	1.570788	2.751732	9.006475	1.379773	0.352153	8.974390	-3.228440	0.053275
9.100745	1.570787	2.751806	9.195678	1.251100	0.082570	8.839090	-2.139150	0.062434
9.101539	1.570786	2.751854	7.602626	1.548039	1.001040	8.768890	-1.580050	0.066146
9.102804	1.570787	2.751921	10.345393	1.558133	1.276562	8.653880	-0.488400	0.069889
9.102856	1.570788	2.752022	8.935010	1.528254	1.739628	8.620350	0.008989	0.069762
9.102917	1.570792	2.752035	9.222413	1.491558	2.371578	8.613230	1.106660	0.065177
9.102336	1.570793	2.752104	6.124549	1.408439	2.856475	8.640570	1.599080	0.061537
9.101095	1.570796	2.752060	11.218217	1.590409	2.267818	8.747200	2.691540	0.051761
9.100241	1.570796	2.752057	9.149660	1.582710	3.375437	8.814500	3.240750	0.046488
9.099093	1.570797	2.752017	9.110049	1.578480	3.296996	8.950300	4.329970	0.036462
9.098652	1.570797	2.751961	9.013881	1.571606	2.837384	9.020660	4.935050	0.031403
9.097743	1.570797	2.751944	9.109380	1.573903	2.840672	9.131450	6.027120	0.023466
9.097525	1.570797	2.751887	9.118114	1.570961	2.771269	9.185030	6.657840	0.019585
9.097063	1.570796	2.751866	9.082401	1.571197	2.781533	9.260810	7.752900	0.014013
9.096404	1.570796	2.751753	9.047108	1.569415	2.732347	10.292100	-15.252500	0.000165
9.096496	1.570796	2.751757	9.047130	1.568177	2.732347	10.289500	-14.154800	0.000657
9.096034	1.570796	2.751736	9.128913	1.561595	2.712245	10.287600	-13.550400	0.000904
9.096589	1.570796	2.751761	9.128653	1.565538	2.712245	10.279600	-12.452800	0.002103
9.095941	1.570796	2.751732	8.788771	1.530962	2.616797	10.276500	-11.844400	0.002564
9.096311	1.570796	2.751749	9.270173	1.537350	2.571552	10.263100	-10.746800	0.004335
9.096964	1.570796	2.751719	9.907932	1.451213	1.870043	10.256300	-10.134000	0.005287
9.096480	1.570795	2.751732	8.153942	1.679794	2.251318	10.235800	-9.036470	0.007840
9.096463	1.570795	2.751708	9.728253	1.345842	1.815775	10.222800	-8.420010	0.009500
9.097073	1.570795	2.751747	8.427716	1.620653	2.330990	10.192900	-7.322720	0.013008
9.096779	1.570794	2.751710	6.864284	0.897563	5.176037	10.172600	-6.705820	0.015356
9.097149	1.570794	2.751727	10.226774	1.583508	3.298703	10.129900	-5.608960	0.019903
9.097464	1.570793	2.751729	9.556150	1.207035	5.688972	10.102000	-4.997340	0.022673
9.098019	1.570792	2.751754	8.517042	1.172923	5.470767	10.044700	-3.901150	0.027852
9.098520	1.570792	2.751765	9.688080	1.433079	0.585112	10.010800	-3.304850	0.030586
9.098612	1.570792	2.751769	8.510165	1.361280	0.279950	9.947450	-2.208990	0.034970
9.098721	1.570791	2.751798	8.077846	1.575748	1.190290	9.916710	-1.639140	0.036695
9.099084	1.570792	2.751817	10.009823	1.560007	1.613770	9.870320	-0.542426	0.038408
9.099037	1.570792	2.751858	11.043659	1.554497	2.478167	9.856600	0.003167	0.038360
9.099124	1.570793	2.751864	6.639849	1.379875	1.931362	9.853650	1.100860	0.036421
9.098880	1.570794	2.751900	8.302174	1.351016	2.722115	9.864610	1.644620	0.034665
9.098640	1.570795	2.751878	9.767989	1.525736	2.356194	9.906990	2.741490	0.030087
9.098249	1.570795	2.751896	9.021498	1.576893	3.072812	9.936310	3.307380	0.027422
9.097879	1.570796	2.751879	9.117720	1.581325	3.080132	9.999130	4.403260	0.022194
9.097416	1.570796	2.751858	9.075805	1.572515	2.816358	10.033700	4.996550	0.019448
9.096954	1.570796	2.751837	8.981092	1.571286	2.812800	10.093200	6.092620	0.014864
9.096714	1.570796	2.751814	9.118114	1.571076	2.771269	10.122500	6.703080	0.012643
9.097177	1.570796	2.751835	8.988882	1.570870	2.777614	10.167300	7.799870	0.009286
9.096937	1.570796	2.751813	9.024965	1.570831	2.767259	10.219000	9.513520	0.005295
9.095951	1.570796	2.751613	9.138930	1.570129	2.736701	11.140300	-16.949700	0.000000
9.096876	1.570796	2.751655	9.138932	1.569844	2.736701	11.140300	-15.852000	0.000008
9.095571	1.570796	2.751715	9.047150	1.567436	2.732347	11.140000	-15.253700	0.000061
9.096496	1.570796	2.751757	9.138941	1.569067	2.736701	11.138400	-14.156000	0.000376
9.096496	1.570796	2.751757	9.038118	1.561170	2.707639	11.137100	-13.555100	0.000589
9.096496	1.570796	2.751757	9.124020	1.561151	2.687749	11.133400	-12.457400	0.001126
9.096496	1.570796	2.751757	9.324162	1.538616	2.562518	11.128200	-11.852000	0.001707
9.096496	1.570796	2.751757	8.807951	1.491239	2.493536	11.121400	-10.754300	0.002693
9.096648	1.570796	2.751716	6.254798	1.788343	2.263438	11.114200	-10.146600	0.003418
9.096572	1.570796	2.751737	11.244061	1.734276	2.058633	11.101700	-9.048950	0.005032
9.096572	1.570796	2.751737	9.828983	1.639015	2.936197	11.091500	-8.439320	0.006030
9.096610	1.570795	2.751726	8.264508	1.312629	2.365044	11.071400	-7.341810	0.008358
9.096610	1.570795	2.751726	5.693408	0.774370	6.080864	11.059300	-6.733450	0.009609
9.096610	1.570795	2.751726	10.740037	1.550311	3.701179	11.030600	-5.636130	0.012444
9.096648	1.570794	2.751716	9.126883	1.247449	5.891950	11.013300	-5.031910	0.014098
9.097573	1.570794	2.751758	9.036592	1.185053	5.771446	10.980200	-3.934710	0.016933
9.097573	1.570794	2.751758	10.215973	1.442212	0.722544	10.961700	-3.341250	0.018364
9.097535	1.570794	2.751768	7.752522	1.511426	0.573667	10.928400	-2.244050	0.020616
9.097535	1.570794	2.751768	10.909143	1.604719	1.547865	10.912700	-1.664580	0.021494
9.097524	1.570794	2.751771	6.952446	1.445332	1.810852	10.890000	-0.567113	0.022347
9.098377	1.570794	2.751832	5.712408	1.312345	3.050933	10.883300	0.001007	0.022326
9.097421	1.570794	2.751799	11.408861	1.536606	2.300352	10.881800	1.098710	0.021383
9.097383	1.570795	2.751809	8.169847	1.641849	2.628535	10.887200	1.666080	0.020479
9.097383	1.570795	2.751809	9.799490	1.333880	2.673250	10.908300	2.763570	0.018073
9.097307	1.570795	2.751829	9.084272	1.575200	2.939879	10.923500	3.341450	0.016620
9.097345	1.570796	2.751819	9.151929	1.575932	2.959198	10.956700	4.438640	0.013734
9.097307	1.570796	2.751829	9.141667	1.571792	2.795625	10.975200	5.030610	0.012226
9.097345	1.570796	2.751819	9.047652	1.571150	2.791877	11.009100	6.127780	0.009541
9.096420	1.570796	2.751777	9.118114	1.570857	2.771269	11.026900	6.730640	0.008103
9.096382	1.570796	2.751787	9.118114	1.570960	2.771269	11.054400	7.828000	0.006014
9.096496	1.570796	2.751757	9.047123	1.568475	2.732347	11.987800	-15.254600	0.000000
9.096496	1.570796	2.751757	9.047183	1.566486	2.732347	11.987400	-14.156900	0.000071
9.096496	1.570796	2.751757	9.080716	1.560114	2.697647	11.987000	-13.557600	0.000117
9.096496	1.570796	2.751757	9.079688	1.554936	2.673019	11.983300	-12.459900	0.000634
9.096496	1.570796	2.751757	9.353096	1.519454	2.485244	11.982100	-11.857800	0.000809
9.095571	1.570796	2.751715	8.837986	1.446010	2.372322	11.974900	-10.760100	0.001638
9.095647	1.570796	2.751695	9.117017	1.769535	2.276995	11.971200	-10.155500	0.002151
9.095609	1.570796	2.751705	9.109336	2.125783	2.191046	11.961200	-9.057830	0.003088
9.096572	1.570796	2.751737	9.031265	1.569468	3.546775	11.955500	-8.452470	0.003762
9.096572	1.570796	2.751737	9.153338	1.603577	3.244524	11.940900	-7.354870	0.005192
9.096572	1.570796	2.751737	9.028796	1.111824	5.501902	11.932700	-6.750780	0.006016
9.096610	1.570795	2.751726	8.645288	1.431543	3.968504	11.915500	-5.653220	0.007644
9.097497	1.570795	2.751778	9.343789	1.209833	6.002686	11.904700	-5.052580	0.008561
9.096572	1.570795	2.751737	8.871240	1.296845	6.185847	11.883300	-3.955090	0.010356
9.097535	1.570795	2.751768	8.358229	1.606697	1.016004	11.872500	-3.361030	0.011161
9.096572	1.570795	2.751737	9.752441	1.467046	0.734348	11.853300	-2.263490	0.012421
9.096572	1.570795	2.751737	8.900455	1.580908	1.570796	11.844500	-1.677490	0.012909
9.097486	1.570795	2.751781	9.287648	1.465083	2.155796	11.831800	-0.579862	0.013435
9.097446	1.570795	2.751792	11.949582	1.616839	2.870197	11.828200	0.000177	0.013417
9.097421	1.570795	2.751799	4.524555	1.223491	2.087027	11.827600	1.097880	0.012903
9.097421	1.570795	2.751799	8.225441	1.581860	3.219484	11.830600	1.677500	0.012400
9.096496	1.570795	2.751757	9.880337	1.536175	3.018745	11.841900	2.775140	0.011086
9.097383	1.570796	2.751809	9.197495	1.575037	2.886593	11.850400	3.360310	0.010263
9.096420	1.570796	2.751777	8.996349	1.572353	2.884212	11.869900	4.457840	0.008478
9.096420	1.570796	2.751777	9.141665	1.571442	2.795625	11.880600	5.050680	0.007596
9.097383	1.570796	2.751809	9.082401	1.571017	2.781533	11.900200	6.148200	0.006078
9.096458	1.570796	2.751767	9.118114	1.570852	2.771269	11.910800	6.747740	0.005224
9.096496	1.570796	2.751757	9.138935	1.569571	2.736701	12.835200	-15.852000	0.000000
9.096496	1.570796	2.751757	9.138962	1.568061	2.736701	12.835200	-15.254800	-0.000000
9.096496	1.570796	2.751757	9.087508	1.564964	2.722251	12.835200	-14.157100	0.000000
9.095571	1.570796	2.751715	9.172294	1.551607	2.653560	12.834800	-13.559400	0.000060
9.096496	1.570796	2.751757	9.079921	1.553394	2.673019	12.834100	-12.461700	0.000160
9.096496	1.570796	2.751757	7.968068	1.380137	2.183617	12.831500	-11.861400	0.000519
9.096496	1.570796	2.751757	10.096836	1.452663	2.250210	12.828900	-10.763700	0.000840
9.095647	1.570796	2.751695	10.034441	1.969975	2.248916	12.825100	-10.161700	0.001095
9.096534	1.570796	2.751747	7.988116	1.928923	2.233012	12.819000	-9.064000	0.001905
9.096534	1.570796	2.751747	10.490114	1.556497	3.859526	12.815200	-8.461690	0.002290
9.096534	1.570796	2.751747	7.388565	1.439132	3.703086	12.805000	-7.364040	0.003135
9.096572	1.570796	2.751737	6.140033	0.964255	5.399513	12.799800	-6.762120	0.003654
9.096572	1.570796	2.751737	11.249000	1.337556	4.924120	12.786600	-5.664500	0.004751
9.096534	1.570796	2.751747	8.134451	1.332515	6.249021	12.779800	-5.065230	0.005344
9.096572	1.570796	2.751737	9.986140	1.283466	0.126686	12.768000	-3.967600	0.006246
9.097497	1.570795	2.751778	8.484462	1.612662	1.271430	12.761100	-3.372780	0.006746
9.096534	1.570795	2.751747	9.706799	1.534814	0.916986	12.749200	-2.275140	0.007443
9.096534	1.570795	2.751747	7.996631	1.532020	1.721543	12.743800	-1.684830	0.007736
9.096542	1.570795	2.751745	10.066027	1.514140	2.313966	12.736100	-0.587159	0.008084
9.096518	1.570795	2.751751	11.526791	1.582075	2.350060	12.733900	-0.000298	0.008080
9.096534	1.570796	2.751747	5.737813	1.457269	3.124051	12.733600	1.097400	0.007780
9.096496	1.570796	2.751757	9.190574	1.579936	3.345390	12.735400	1.684040	0.007482
9.097421	1.570796	2.751799	8.914055	1.577864	3.301577	12.741900	2.781720	0.006740
9.096458	1.570796	2.751767	9.013882	1.571762	2.837384	12.746600	3.371160	0.006291
9.096496	1.570796	2.751757	9.176089	1.573477	2.854311	12.757600	4.468800	0.005305
9.096458	1.570796	2.751767	9.118115	1.571191	2.771269	12.765100	5.063080	0.004605
9.096458	1.570796	2.751767	9.082401	1.570984	2.781533	12.777400	6.160710	0.003631
9.096458	1.570796	2.751767	9.118114	1.570817	2.771269	12.795800	7.856550	0.002202
9.096496	1.570796	2.751757	9.219627	1.566566	2.716760	13.682600	-15.254800	0.000000
9.096496	1.570796	2.751757	8.996338	1.563682	2.717725	13.682600	-14.157100	0.000000
9.096496	1.570796	2.751757	9.306965	1.555753	2.649107	13.682600	-13.559900	0.000000
9.096496	1.570796	2.751757	8.924810	1.533252	2.612711	13.682300	-12.462200	0.000039
9.096496	1.570796	2.751757	10.328645	1.378889	1.954966	13.681900	-11.863600	0.000087
9.096496	1.570796	2.751757	7.678053	1.394052	1.879995	13.678900	-10.765900	0.000422
9.096344	1.570796	2.751798	10.568349	1.928476	2.356194	13.677500	-10.165600	0.000604
9.096534	1.570796	2.751747	7.337636	1.566708	1.875307	13.672600	-9.067960	0.000988
9.096534	1.570796	2.751747	11.923762	1.512896	4.094093	13.670600	-8.467590	0.001193
9.096534	1.570796	2.751747	4.283643	0.906763	2.932570	13.664700	-7.369910	0.001819
9.096534	1.570796	2.751747	10.356158	1.256660	5.433129	13.660000	-6.769550	0.002087
9.096534	1.570796	2.751747	7.681797	1.141128	5.220878	13.652700	-5.671870	0.002740
9.096534	1.570796	2.751747	9.599490	1.295440	0.172979	13.648600	-5.073510	0.003057
9.096534	1.570796	2.751747	8.450734	1.446225	0.407084	13.639900	-3.975850	0.003528
9.096534	1.570796	2.751747	8.771823	1.584705	1.071450	13.634800	-3.379780	0.004005
9.096534	1.570796	2.751747	9.420697	1.584808	1.505994	13.627200	-2.282100	0.004536
9.096534	1.570796	2.751747	10.973951	1.548925	2.401325	13.624300	-1.689330	0.004672
9.096531	1.570796	2.751748	6.757633	1.446170	1.873681	13.620100	-0.591635	0.004774
9.096518	1.570796	2.751751	6.906924	1.252731	2.485897	13.618400	-0.000674	0.004766
9.096496	1.570796	2.751757	10.824421	1.608683	2.553590	13.618000	1.097030	0.004622
9.096496	1.570796	2.751757	9.101505	1.579147	3.125440	13.619300	1.687860	0.004396
9.096534	1.570796	2.751747	9.200573	1.579057	3.134093	13.623600	2.785550	0.003879
9.096496	1.570796	2.751757	9.044340	1.571791	2.826835	13.626600	3.378020	0.003591
9.096496	1.570796	2.751757	9.075801	1.572196	2.816358	13.633100	4.475700	0.003022
9.096458	1.570796	2.751767	9.024965	1.570891	2.767259	13.637100	5.070820	0.002704
9.096458	1.570796	2.751767	9.118114	1.571090	2.771269	13.645200	6.168490	0.002030
9.096458	1.570796	2.751767	9.024965	1.570841	2.767259	13.650300	6.766460	0.001643
9.096496	1.570796	2.751757	9.047107	1.569448	2.732347	14.530000	-16.949700	0.000000
9.096496	1.570796	2.751757	9.128765	1.563566	2.712245	14.530000	-15.254800	0.000000
9.096496	1.570796	2.751757	9.080468	1.563087	2.697647	14.530000	-14.157100	0.000000
9.096496	1.570796	2.751757	8.863459	1.517745	2.581796	14.530000	-13.560000	0.000000
9.096496	1.570796	2.751757	9.332358	1.546148	2.601173	14.530000	-12.462300	0.000000
9.096496	1.570796	2.751757	9.190125	1.795643	2.149511	14.530000	-11.864900	0.000010
9.095571	1.570796	2.751715	9.059965	1.326997	1.906934	14.529400	-10.767200	0.000061
9.096648	1.570796	2.751716	10.367816	1.372741	1.839637	14.528900	-10.168800	0.000126
9.096534	1.570796	2.751747	7.589493	1.507509	2.309499	14.525800	-9.071070	0.000423
9.095609	1.570796	2.751705	10.646107	1.416134	4.291269	14.523900	-8.471380	0.000657
9.095609	1.570796	2.751705	5.916764	1.151282	2.251318	14.519200	-7.373690	0.000959
9.096496	1.570796	2.751757	9.445634	1.269840	5.655204	14.517100	-6.774520	0.001165
9.096534	1.570796	2.751747	8.676981	1.155604	5.569095	14.512400	-5.676840	0.001604
9.096534	1.570796	2.751747	10.264619	1.392546	0.552303	14.509000	-5.078620	0.001676
9.096534	1.570796	2.751747	7.815728	1.486251	0.423439	14.504300	-3.980930	0.001979
9.096534	1.570796	2.751747	10.901419	1.586929	1.570796	14.502100	-3.384630	0.002122
9.096534	1.570796	2.751747	6.703584	1.543928	1.396816	14.496600	-2.286950	0.002529
9.096534	1.570796	2.751747	10.394811	1.463808	2.064738	14.493600	-1.691960	0.002525
9.096523	1.570796	2.751750	7.523962	1.490966	2.857799	14.491300	-0.594263	0.002598
9.096514	1.570796	2.751752	9.329957	1.399542	2.371578	14.490400	-0.000882	0.002603
9.096496	1.570796	2.751757	8.866008	1.492892	2.758985	14.490200	1.096820	0.002530
9.096534	1.570796	2.751747	9.105439	1.578264	2.989444	14.490700	1.690080	0.002447
9.096496	1.570796	2.751757	9.089231	1.574647	3.001407	14.492800	2.787780	0.002230
9.095609	1.570796	2.751705	9.108244	1.571894	2.805954	14.495000	3.382220	0.001990
9.096496	1.570796	2.751757	9.075793	1.571281	2.816358	14.499500	4.479920	0.001573
9.096496	1.570796	2.751757	9.118114	1.570996	2.771269	14.501800	5.075830	0.001408
9.096496	1.570796	2.751757	9.118114	1.570860	2.771269	14.506500	6.173520	0.001046
9.095571	1.570796	2.751715	9.138985	1.567251	2.736701	15.377400	-16.949700	0.000000
9.095571	1.570796	2.751715	9.047112	1.569105	2.732347	15.377400	-15.852000	0.000000
9.095571	1.570796	2.751715	9.213747	1.564718	2.692507	15.377400	-15.254800	0.000000
9.095571	1.570796	2.751715	9.081086	1.556811	2.697647	15.377400	-14.157100	0.000000
9.095571	1.570796	2.751715	9.551670	1.531002	2.527433	15.377400	-13.560000	0.000000
9.095571	1.570796	2.751715	8.570817	1.492544	2.530867	15.377400	-12.462300	0.000000
9.095571	1.570796	2.751715	9.267842	2.044760	2.253113	15.377400	-11.865100	-0.000000
9.095951	1.570796	2.751613	8.877860	1.505419	2.064738	15.377400	-10.767500	0.000000
9.096420	1.570796	2.751777	11.079896	1.634920	2.722450	15.377100	-10.170000	0.000027
9.096534	1.570796	2.751747	6.451550	1.312170	2.931619	15.376800	-9.072330	0.000065
9.095571	1.570796	2.751715	5.290378	1.215571	2.492043	15.375600	-8.474020	0.000122
9.095571	1.570796	2.751715	10.902596	1.344144	4.645508	15.373000	-7.376320	0.000401
9.096534	1.570796	2.751747	9.354143	1.233005	5.936350	15.371600	-6.777760	0.000535
9.096496	1.570796	2.751757	8.809654	1.235357	5.808785	15.367900	-5.680060	0.000678
9.096496	1.570796	2.751757	9.824973	1.416495	0.602287	15.365700	-5.081970	0.000930
9.096534	1.570796	2.751747	8.282059	1.588909	0.828107	15.362100	-3.984280	0.001219
9.096534	1.570796	2.751747	7.987640	1.570796	1.422525	15.360900	-3.387470	0.001285
9.096534	1.570796	2.751747	9.991226	1.515720	1.941065	15.357400	-2.289770	0.001334
9.096534	1.570796	2.751747	4.026214	1.045220	2.457883	15.356000	-1.693940	0.001442
9.096519	1.570796	2.751751	12.130128	1.603778	2.652121	15.354100	-0.596242	0.001505
9.096512	1.570796	2.751753	7.757551	1.617219	2.799437	15.353600	-0.001185	0.001500
9.096534	1.570796	2.751747	10.219203	1.434355	2.788602	15.354100	1.096510	0.001361
9.096496	1.570796	2.751757	9.044823	1.573781	2.908413	15.354600	1.691600	0.001286
9.096496	1.570796	2.751757	9.104834	1.575190	2.929119	15.356100	2.789300	0.001111
9.096534	1.570796	2.751747	9.141665	1.571453	2.795625	15.357300	3.384850	0.001006
9.095571	1.570796	2.751715	9.176057	1.571210	2.785373	15.359600	4.482550	0.000867
9.096534	1.570796	2.751747	9.118114	1.570849	2.771269	15.362000	5.079440	0.000626
9.096496	1.570796	2.751757	9.024965	1.570925	2.767259	15.365800	6.177140	0.000452
9.096496	1.570796	2.751757	9.087391	1.567935	2.722251	16.224900	-16.949700	0.000000
9.096496	1.570796	2.751757	9.047171	1.566817	2.732347	16.224900	-15.852000	0.000000
9.096496	1.570796	2.751757	9.125028	1.556878	2.663240	16.224900	-15.254800	0.000000
9.096496	1.570796	2.751757	9.081045	1.557141	2.697647	16.224900	-14.157100	0.000000
9.096496	1.570796	2.751757	9.191414	1.449736	2.332943	16.224900	-13.560000	0.000000
9.096496	1.570796	2.751757	8.921121	1.505736	2.475623	16.224900	-12.462300	0.000000
9.096496	1.570796	2.751757	8.237111	1.828586	2.249459	16.224900	-11.865100	0.000000
9.096876	1.570796	2.751655	9.860527	2.067634	2.258149	16.224900	-10.767500	0.000000
9.096534	1.570796	2.751747	9.421990	1.608164	3.533933	16.224900	-10.170300	0.000000
9.096496	1.570796	2.751757	8.659736	1.554051	3.386571	16.224800	-9.072590	0.000003
9.096496	1.570796	2.751757	12.271512	1.348960	4.821201	16.224500	-8.475210	0.000026
9.096496	1.570796	2.751757	2.860350	0.429966	4.316308	16.224100	-7.377510	0.000069
9.096496	1.570796	2.751757	9.908991	1.220557	6.131108	16.223100	-6.779700	0.000107
9.096496	1.570796	2.751757	8.145729	1.322733	6.126781	16.221600	-5.682000	0.000204
9.096534	1.570796	2.751747	9.155174	1.494481	0.746658	16.220500	-5.084160	0.000321
9.096496	1.570796	2.751757	8.997889	1.598473	1.072337	16.217100	-3.986460	0.000436
9.096496	1.570796	2.751757	6.311648	1.470814	1.730709	16.216500	-3.389300	0.000472
9.095571	1.570796	2.751715	11.184547	1.552019	2.014447	16.215400	-2.291600	0.000518
9.096496	1.570796	2.751757	11.483310	1.607379	2.966416	16.214200	-1.695010	0.000613
9.095590	1.570796	2.751710	5.618443	1.368292	2.001935	16.212700	-0.597315	0.000708
9.096511	1.570796	2.751753	9.303425	1.559617	3.166319	16.212500	-0.001239	0.000716
9.096534	1.570796	2.751747	8.948005	1.576272	3.323645	16.212500	1.096460	0.000690
9.096534	1.570796	2.751747	9.148268	1.573890	2.864794	16.212700	1.692570	0.000658
9.096534	1.570796	2.751747	9.011811	1.572483	2.877774	16.214300	2.790270	0.000471
9.096496	1.570796	2.751757	9.141664	1.571234	2.795625	16.215100	3.386750	0.000410
9.095571	1.570796	2.751715	9.082401	1.571094	2.781533	16.216200	4.484450	0.000341
9.095571	1.570796	2.751715	9.024965	1.570847	2.767259	16.216800	5.081350	0.000310
9.096496	1.570796	2.751757	9.024965	1.570867	2.767259	16.219100	6.179050	0.000143
9.096496	1.570796	2.751757	9.047109	1.569326	2.732347	17.072300	-18.644500	0.000000
9.096496	1.570796	2.751757	9.138934	1.569636	2.736701	17.072300	-17.546800	0.000000
9.096496	1.570796	2.751757	9.128570	1.567729	2.712245	17.072300	-16.949700	0.000000
9.096496	1.570796	2.751757	8.996266	1.564905	2.717725	17.072300	-15.852000	0.000000
9.096496	1.570796	2.751757	9.213621	1.559508	2.668237	17.072300	-15.254800	0.000000
9.096496	1.570796	2.751757	8.997779	1.543564	2.643133	17.072300	-14.157100	0.000000
9.096496	1.570796	2.751757	9.783154	1.467373	2.261587	17.072300	-13.560000	0.000000
9.096496	1.570796	2.751757	8.485099	1.348586	2.061464	17.072300	-12.462300	0.000000
9.096496	1.570796	2.751757	8.174350	2.068151	2.247711	17.072300	-11.865100	0.000000
9.096876	1.570796	2.751655	9.992998	1.844386	2.230928	17.072300	-10.767500	0.000000
9.096496	1.570796	2.751757	6.370879	1.347629	3.720667	17.072300	-10.170300	0.000000
9.096534	1.570796	2.751747	11.053669	1.565368	3.862976	17.072300	-9.072610	0.000000
9.096534	1.570796	2.751747	6.000833	0.988524	5.211736	17.072300	-8.475460	0.000000
9.095609	1.570796	2.751705	11.330049	1.321079	5.065829	17.072200	-7.377760	0.000001
9.096496	1.570796	2.751757	10.008117	1.285157	0.146315	17.072100	-6.780500	0.000002
9.096496	1.570796	2.751757	7.988617	1.353791	0.017947	17.071700	-5.682800	0.000044
9.096534	1.570796	2.751747	9.442543	1.549190	0.935770	17.071400	-5.085440	0.000066
9.096534	1.570796	2.751747	8.786595	1.609274	1.317531	17.070400	-3.987740	0.000088
9.096496	1.570796	2.751757	6.338683	1.464898	2.300074	17.069600	-3.390440	0.000137
9.096496	1.570796	2.751757	11.124698	1.555514	1.957980	17.069000	-2.292740	0.000168
9.095609	1.570796	2.751705	10.545753	1.545191	2.235167	17.068700	-1.695800	0.000175
9.096512	1.570796	2.751753	7.236581	1.514109	3.058451	17.067900	-0.598096	0.000225
9.096511	1.570796	2.751753	9.122959	1.580771	3.305660	17.067100	-0.001276	0.000241
9.096534	1.570796	2.751747	8.960809	1.578273	3.257919	17.066700	1.096420	0.000228
9.096496	1.570796	2.751757	9.139487	1.572427	2.830222	17.067000	1.693140	0.000206
9.095571	1.570796	2.751715	9.080209	1.572338	2.851191	17.067900	2.790840	0.000136
9.095571	1.570796	2.751715	9.082401	1.571175	2.781533	17.068800	3.387910	0.000116
9.095571	1.570796	2.751715	9.082401	1.570925	2.781533	17.070200	4.485610	0.000047
9.095571	1.570796	2.751715	9.118114	1.570858	2.771269	17.070800	5.082990	0.000043
9.096496	1.570796	2.751757	9.047119	1.568707	2.732347	17.919700	-18.644500	0.000000
9.096496	1.570796	2.751757	9.138935	1.569549	2.736701	17.919700	-17.546800	0.000000
9.096496	1.570796	2.751757	9.128737	1.564005	2.712245	17.919700	-16.949700	0.000000
9.096496	1.570796	2.751757	9.128633	1.565976	2.712245	17.919700	-15.852000	0.000000
9.096496	1.570796	2.751757	9.316538	1.552870	2.625110	17.919700	-15.254800	0.000000
9.096496	1.570796	2.751757	8.912887	1.533651	2.637766	17.919700	-14.157100	0.000000
9.096496	1.570796	2.751757	8.952793	1.374060	1.824062	17.919700	-13.560000	0.000000
9.096496	1.570796	2.751757	9.259503	1.438656	2.083186	17.919700	-12.462300	0.000000
9.096496	1.570796	2.751757	9.151699	1.412792	2.004750	17.919700	-11.865100	0.000000
9.096876	1.570796	2.751655	9.080837	2.094342	2.293215	17.919700	-10.767500	0.000000
9.096496	1.570796	2.751757	12.027402	1.547514	3.950516	17.919700	-10.170300	0.000000
9.096534	1.570796	2.751747	3.583699	0.448027	2.880990	17.919700	-9.072610	0.000000
9.096496	1.570796	2.751757	9.227134	1.169998	5.547746	17.919700	-8.475460	0.000000
9.096534	1.570796	2.751747	9.077995	1.257246	5.207115	17.919700	-7.377770	0.000000
9.096496	1.570796	2.751757	7.889081	1.410395	0.220062	17.919700	-6.780620	0.000000
9.096534	1.570796	2.751747	10.191963	1.354232	0.391700	17.919700	-5.682930	0.000000
9.096534	1.570796	2.751747	7.277937	1.586323	1.169874	17.919700	-5.085760	0.000000
9.096534	1.570796	2.751747	10.592784	1.585713	1.439181	17.919500	-3.988060	0.000000
9.096496	1.570796	2.751757	10.395942	1.489907	1.956679	17.919500	-3.390900	0.000001
9.096496	1.570796	2.751757	7.536949	1.525670	2.612562	17.919400	-2.293200	0.000011
9.096534	1.570796	2.751747	7.504832	1.238244	2.436024	17.919300	-1.696070	0.000017
9.096512	1.570796	2.751753	10.334099	1.613387	2.591207	17.919100	-0.598367	0.000021
9.096512	1.570796	2.751753	9.110932	1.578919	3.093279	17.919000	-0.001274	0.000022
9.096496	1.570796	2.751757	9.009569	1.578011	3.096069	17.919000	1.096430	0.000022
9.095571	1.570796	2.751715	9.075794	1.571402	2.816358	17.919100	1.693530	0.000020
9.096496	1.570796	2.751757	9.170616	1.572312	2.819842	17.919300	2.791230	0.000013
9.096534	1.570796	2.751747	9.118114	1.570894	2.771269	17.919400	3.388370	0.000006
9.096534	1.570796	2.751747	9.118114	1.571047	2.771269	17.919600	4.486070	-0.000002
9.096876	1.570796	2.751655	9.138930	1.570063	2.736701	18.767100	-20.339400	0.000000
9.096496	1.570796	2.751757	9.138936	1.569418	2.736701	18.767100	-18.644500	0.000000
9.096496	1.570796	2.751757	9.047136	1.567945	2.732347	18.767100	-17.546800	0.000000
9.096496	1.570796	2.751757	9.219649	1.566024	2.716760	18.767100	-16.949700	0.000000
9.096496	1.570796	2.751757	9.038230	1.559953	2.707639	18.767100	-15.852000	0.000000
9.096496	1.570796	2.751757	9.081388	1.520122	2.544416	18.767100	-15.254800	0.000000
9.096496	1.570796	2.751757	9.145649	1.541270	2.614306	18.767100	-14.157100	0.000000
9.096496	1.570796	2.751757	10.023976	1.823889	2.029836	18.767100	-13.560000	0.000000
9.096496	1.570796	2.751757	8.050441	1.273275	1.999574	18.767100	-12.462300	0.000000
9.096496	1.570796	2.751757	10.558035	1.342449	1.806341	18.767100	-11.865100	0.000000
9.096876	1.570796	2.751655	7.296746	1.440231	2.277923	18.767100	-10.767500	0.000000
9.096496	1.570796	2.751757	9.139743	1.508391	2.920546	18.767100	-10.170300	0.000000
9.096534	1.570796	2.751747	8.052335	1.122518	4.920595	18.767100	-9.072610	0.000000
9.096496	1.570796	2.751757	8.789767	1.173623	5.602664	18.767100	-8.475460	0.000000
9.096534	1.570796	2.751747	9.389888	1.256820	5.688972	18.767100	-7.377770	0.000000
9.096496	1.570796	2.751757	7.757474	1.534694	0.527146	18.767100	-6.780620	0.000000
9.096534	1.570796	2.751747	10.233773	1.373103	0.521618	18.767100	-5.682930	0.000000
9.096496	1.570796	2.751757	6.682312	1.536370	1.417464	18.767100	-5.085780	0.000000
9.096496	1.570796	2.751757	10.908570	1.585831	1.607477	18.767100	-3.988080	0.000000
9.096496	1.570796	2.751757	9.153475	1.536923	2.864794	18.767100	-3.390940	0.000000
9.096496	1.570796	2.751757	9.023946	1.408290	1.999283	18.767100	-2.293240	0.000000
9.096496	1.570796	2.751757	8.950285	1.597614	2.702940	18.767100	-1.696100	0.000000
9.096512	1.570796	2.751753	9.204890	1.307017	2.459822	18.767100	-0.598403	0.000000
9.096514	1.570796	2.751752	9.132701	1.577476	2.971043	18.767100	-0.001263	0.000000
9.096496	1.570796	2.751757	9.009500	1.574459	2.985568	18.767100	1.096440	0.000000
9.096496	1.570796	2.751757	9.108243	1.571806	2.805954	18.767100	1.693580	0.000000
9.096496	1.570796	2.751757	9.047653	1.571249	2.791877	18.767100	2.791280	0.000000
9.096496	1.570796	2.751757	9.118114	1.570975	2.771269	18.767100	3.388420	0.000000
9.096496	1.570796	2.751757	9.118114	1.570860	2.771269	18.767100	4.486120	0.000000
9.095571	1.570796	2.751715	9.047158	1.567182	2.732347	19.614500	-18.644500	0.000000
9.095571	1.570796	2.751715	9.138943	1.568969	2.736701	19.614500	-17.546800	0.000000
9.095571	1.570796	2.751715	9.124425	1.557316	2.687749	19.614500	-16.949700	0.000000
9.095571	1.570796	2.751715	9.128780	1.563347	2.712245	19.614500	-15.852000	0.000000
9.095571	1.570796	2.751715	9.433451	1.517769	2.491722	19.614500	-15.254800	0.000000
9.095571	1.570796	2.751715	8.648954	1.499050	2.537514	19.614500	-14.157100	0.000000
9.095571	1.570796	2.751715	6.584193	1.953707	2.263438	19.614500	-13.560000	0.000000
9.095571	1.570796	2.751715	11.018752	1.732131	2.133294	19.614500	-12.462300	0.000000
9.095571	1.570796	2.751715	10.362263	1.574656	2.684850	19.614500	-11.865100	0.000000
9.095951	1.570796	2.751613	7.644900	1.493544	3.217761	19.614500	-10.767500	0.000000
9.095571	1.570796	2.751715	3.876648	0.869921	1.995189	19.614500	-10.170300	0.000000
9.095609	1.570796	2.751705	11.601853	1.408909	4.464445	19.614500	-9.072610	0.000000
9.095571	1.570796	2.751715	8.718371	1.291915	5.942569	19.614500	-8.475460	0.000000
9.095609	1.570796	2.751705	9.456215	1.191651	5.885767	19.614500	-7.377770	0.000000
9.095571	1.570796	2.751715	7.722202	1.547485	0.638320	19.614500	-6.780620	0.000000
9.095609	1.570796	2.751705	10.234276	1.470965	0.799286	19.614500	-5.682930	0.000000
9.095571	1.570796	2.751715	7.833977	1.437648	2.018316	19.614500	-5.085780	0.000000
9.095571	1.570796	2.751715	10.117870	1.613308	1.529236	19.614500	-3.988080	0.000000
9.095571	1.570796	2.751715	8.707721	1.441818	2.065522	19.614500	-3.390940	0.000000
9.095571	1.570796	2.751715	9.407279	1.531455	3.141593	19.614500	-2.293240	0.000000
9.095571	1.570796	2.751715	8.659682	1.559248	3.024686	19.614500	-1.696100	0.000000
9.095587	1.570796	2.751711	9.494509	1.495946	2.710070	19.614500	-0.598403	0.000000
9.095589	1.570796	2.751710	9.066040	1.573664	2.898754	19.614500	-0.001263	0.000000
9.095571	1.570796	2.751715	9.119835	1.574744	2.921615	19.614500	1.096440	0.000000
9.095571	1.570796	2.751715	9.108239	1.571181	2.805954	19.614500	1.693580	0.000000
9.095571	1.570796	2.751715	9.141665	1.571420	2.795625	19.614500	2.791280	0.000000
9.095571	1.570796	2.751715	9.024965	1.570840	2.767259	19.614500	3.388420	0.000000
9.095571	1.570796	2.751715	9.118114	1.570920	2.771269	19.614500	4.486120	0.000000
