9.937198	1.958403	0.199250	10.000680	1.939038	0.222621	-70.586500	-22.852500	25.000000
9.937198	1.958403	0.199250	9.891456	1.943302	0.215490	-70.586500	-21.754800	25.000000
9.937381	1.958396	0.199357	9.898404	1.899995	0.239282	-70.586500	-21.283500	25.000000
9.937381	1.958396	0.199357	9.953015	1.919420	0.276097	-70.586500	-20.185800	25.000000
9.937381	1.958396	0.199357	10.381180	1.732366	0.433089	-70.586500	-19.714400	25.000000
9.937381	1.958396	0.199357	9.480105	1.748950	0.304803	-70.586500	-18.616700	25.000000
9.937198	1.958403	0.199250	10.066484	1.541984	0.463648	-70.586500	-18.145300	25.000000
9.937198	1.958403	0.199250	9.861993	1.706070	0.312042	-70.586500	-17.047600	25.000000
9.937381	1.958396	0.199357	9.686284	2.042327	0.082371	-70.586500	-16.576300	25.000000
9.937381	1.958396	0.199357	10.081215	1.968018	0.389495	-70.586500	-15.478600	25.000000
9.937381	1.958396	0.199357	9.771392	2.258165	0.201291	-70.586500	-15.007200	25.000000
9.937381	1.958396	0.199357	10.023098	2.289592	0.302885	-70.586500	-13.909500	25.000000
9.937198	1.958403	0.199250	10.206023	2.163365	0.333330	-70.586500	-13.438100	25.000000
9.937198	1.958403	0.199250	9.625487	2.141510	0.000000	-70.586500	-12.340400	25.000000
9.937381	1.958396	0.199357	9.980261	1.620916	6.166545	-70.586500	-11.869100	25.000000
9.937381	1.958396	0.199357	9.873403	1.824695	0.109143	-70.586500	-10.771400	25.000000
9.937381	1.958396	0.199357	9.797164	1.761807	0.062834	-70.586500	-10.300000	25.000000
9.937363	1.958396	0.199346	10.140124	1.775374	6.207170	-70.586500	-9.202310	25.000000
9.937344	1.958397	0.199335	9.922001	1.899182	0.139940	-70.586500	-8.730940	25.000000
9.937344	1.958397	0.199335	9.859513	1.944568	0.131112	-70.586500	-7.633240	25.000000
9.937363	1.958396	0.199346	9.914540	1.942392	0.172979	-70.586500	-7.161880	25.000000
9.937363	1.958396	0.199346	9.874837	1.954858	0.184543	-70.586500	-6.064180	25.000000
9.937198	1.958403	0.199250	9.948613	1.951863	0.226068	-69.802000	-22.852500	25.000000
9.937198	1.958403	0.199250	9.893452	1.943223	0.216550	-69.802000	-21.754800	25.000000
9.937381	1.958396	0.199357	9.905175	1.899761	0.242391	-69.802000	-21.283500	25.000000
9.937381	1.958396	0.199357	10.036060	1.905844	0.283372	-69.802000	-20.185800	25.000000
9.937381	1.958396	0.199357	9.465353	1.652236	0.368696	-69.802000	-19.714400	25.000000
9.937381	1.958396	0.199357	10.382466	1.780370	0.437222	-69.802000	-18.616700	25.000000
9.937198	1.958403	0.199250	10.340484	1.799069	0.508063	-69.802000	-18.145300	25.000000
9.937198	1.958403	0.199250	9.448407	1.710961	0.182722	-69.802000	-17.047600	25.000000
9.937381	1.958396	0.199357	10.018787	2.316821	0.391864	-69.802000	-16.576300	25.000000
9.937381	1.958396	0.199357	9.744619	2.195600	6.252815	-69.802000	-15.478600	25.000000
9.937381	1.958396	0.199357	9.904120	2.511113	0.342333	-69.802000	-15.007200	25.000000
9.937381	1.958396	0.199357	9.964015	2.612184	0.417417	-69.802000	-13.909500	25.000000
9.937198	1.958403	0.199250	9.721605	2.484957	0.108052	-69.802000	-13.438100	25.000000
9.937198	1.958403	0.199250	10.149384	2.563469	0.447520	-69.802000	-12.340400	25.000000
9.937381	1.958396	0.199357	10.647065	1.740673	0.133811	-69.802000	-11.869100	25.000000
9.937381	1.958396	0.199357	9.142450	2.230050	0.085899	-69.802000	-10.771400	25.000000
9.937381	1.958396	0.199357	10.164433	1.767850	6.166545	-69.802000	-10.300000	25.000000
9.937363	1.958396	0.199346	9.659120	1.679717	6.263396	-69.802000	-9.202310	25.000000
9.937344	1.958397	0.199335	9.996119	1.907236	0.087014	-69.802000	-8.730940	25.000000
9.937344	1.958397	0.199335	9.949518	1.908874	0.135720	-69.802000	-7.633240	25.000000
9.937363	1.958396	0.199346	9.909773	1.942580	0.169778	-69.802000	-7.161880	25.000000
9.937363	1.958396	0.199346	9.954501	1.951626	0.175111	-69.802000	-6.064180	25.000000
9.937363	1.958396	0.199346	9.921336	1.963852	0.189906	-69.802000	-5.592810	25.000000
9.936290	1.958440	0.199272	9.936302	1.952360	0.219728	-69.017400	-22.852500	25.000000
9.936290	1.958440	0.199272	9.907699	1.942662	0.223957	-69.017400	-21.754800	25.000000
9.936474	1.958433	0.199378	10.052069	1.905290	0.289439	-69.017400	-21.283500	25.000000
9.936474	1.958433	0.199378	9.860330	1.912056	0.251243	-69.017400	-20.185800	25.000000
9.936474	1.958433	0.199378	9.813363	1.632997	0.454515	-69.017400	-19.714400	25.000000
9.936474	1.958433	0.199378	10.002500	1.792554	0.422387	-69.017400	-18.616700	25.000000
9.936290	1.958440	0.199272	9.385356	1.851495	0.063249	-69.017400	-18.145300	25.000000
9.936290	1.958440	0.199272	10.369744	1.925341	0.485723	-69.017400	-17.047600	25.000000
9.936474	1.958433	0.199378	9.489319	2.517406	5.928129	-69.017400	-16.576300	25.000000
9.936474	1.958433	0.199378	10.266707	2.433705	0.337099	-69.017400	-15.478600	25.000000
9.936474	1.958433	0.199378	9.999720	2.765280	0.704494	-69.017400	-15.007200	25.000000
9.936474	1.958433	0.199378	9.865318	2.833234	0.740511	-69.017400	-13.909500	25.000000
9.936290	1.958440	0.199272	10.052283	2.876068	0.710271	-69.017400	-13.438100	25.000000
9.936290	1.958440	0.199272	9.791961	2.823260	0.339293	-69.017400	-12.340400	25.000000
9.936474	1.958433	0.199378	9.035840	2.570101	0.189370	-69.017400	-11.869100	25.000000
9.936474	1.958433	0.199378	10.798611	1.990467	0.395571	-69.017400	-10.771400	25.000000
9.936474	1.958433	0.199378	9.934777	1.786872	6.255357	-69.017400	-10.300000	25.000000
9.936455	1.958434	0.199368	10.034391	1.780616	6.229156	-69.017400	-9.202310	25.000000
9.936437	1.958434	0.199357	9.966589	1.929620	0.082607	-69.017400	-8.730940	25.000000
9.936437	1.958434	0.199357	9.956023	1.866362	0.071457	-69.017400	-7.633240	25.000000
9.936455	1.958434	0.199368	9.912941	1.942455	0.171913	-69.017400	-7.161880	25.000000
9.936455	1.958434	0.199368	9.931344	1.952560	0.159084	-69.017400	-6.064180	25.000000
9.936455	1.958434	0.199368	9.971163	1.950957	0.185746	-69.017400	-5.592810	25.000000
9.936455	1.958434	0.199368	10.012138	1.960095	0.187868	-69.017400	-4.495110	25.000000
9.937198	1.958403	0.199250	9.899500	1.942985	0.219728	-68.232900	-22.852500	25.000000
9.937198	1.958403	0.199250	10.002745	1.938958	0.223667	-68.232900	-21.754800	25.000000
9.937381	1.958396	0.199357	9.984433	1.918277	0.288396	-68.232900	-21.283500	25.000000
9.937381	1.958396	0.199357	9.858681	1.901371	0.264747	-68.232900	-20.185800	25.000000
9.937381	1.958396	0.199357	10.208447	1.786002	0.468132	-68.232900	-19.714400	25.000000
9.937381	1.958396	0.199357	9.573589	1.669142	0.444870	-68.232900	-18.616700	25.000000
9.937198	1.958403	0.199250	9.683822	2.187420	6.273059	-68.232900	-18.145300	25.000000
9.937198	1.958403	0.199250	10.200000	1.848876	0.353997	-68.232900	-17.047600	25.000000
9.937381	1.958396	0.199357	10.072363	2.908512	0.151015	-68.232900	-16.576300	25.000000
9.937381	1.958396	0.199357	9.892442	2.431275	5.795964	-68.232900	-15.478600	25.000000
9.937381	1.958396	0.199357	10.271407	2.911199	1.686162	-68.232900	-15.007200	25.000000
9.937381	1.958396	0.199357	9.597771	2.891846	1.672143	-68.232900	-13.909500	25.000000
9.937198	1.958403	0.199250	10.013711	2.990748	1.980924	-68.232900	-13.438100	25.000000
9.937198	1.958403	0.199250	9.903095	2.997173	2.100386	-68.232900	-12.340400	25.000000
9.937381	1.958396	0.199357	9.615092	2.781967	1.239700	-68.232900	-11.869100	25.000000
9.937381	1.958396	0.199357	10.152340	2.291544	0.598911	-68.232900	-10.771400	25.000000
9.937381	1.958396	0.199357	9.810245	2.001962	0.052760	-68.232900	-10.300000	25.000000
9.937363	1.958396	0.199346	10.048010	1.740802	0.025247	-68.232900	-9.202310	25.000000
9.937344	1.958397	0.199335	9.871555	1.911652	0.027950	-68.232900	-8.730940	25.000000
9.937344	1.958397	0.199335	9.950683	1.835153	0.032280	-68.232900	-7.633240	25.000000
9.937363	1.958396	0.199346	9.973811	1.940078	0.147827	-68.232900	-7.161880	25.000000
9.937363	1.958396	0.199346	9.902025	1.942885	0.164436	-68.232900	-6.064180	25.000000
9.937363	1.958396	0.199346	10.008701	1.960235	0.185746	-68.232900	-5.592810	25.000000
9.937363	1.958396	0.199346	9.914439	1.964141	0.185616	-68.232900	-4.495110	25.000000
9.937198	1.958403	0.199250	9.911857	1.942498	0.226068	-67.448400	-22.852500	25.000000
9.937198	1.958403	0.199250	9.934284	1.952441	0.218669	-67.448400	-21.754800	25.000000
9.937381	1.958396	0.199357	9.986491	1.907573	0.301619	-67.448400	-21.283500	25.000000
9.937381	1.958396	0.199357	9.915644	1.920791	0.260602	-67.448400	-20.185800	25.000000
9.937381	1.958396	0.199357	9.974673	1.802444	0.436005	-67.448400	-19.714400	25.000000
9.937381	1.958396	0.199357	9.919924	1.729732	0.477345	-67.448400	-18.616700	25.000000
9.937198	1.958403	0.199250	10.235253	2.323906	0.268366	-67.448400	-18.145300	25.000000
9.937198	1.958403	0.199250	9.636618	1.865607	6.215896	-67.448400	-17.047600	25.000000
9.937381	1.958396	0.199357	9.880162	3.014122	6.123272	-67.448400	-16.576300	25.000000
9.937381	1.958396	0.199357	9.896611	2.415434	5.233234	-67.448400	-15.478600	25.000000
9.937381	1.958396	0.199357	9.737294	2.723861	2.433241	-67.448400	-15.007200	25.000000
9.937381	1.958396	0.199357	10.197848	2.769501	2.668295	-67.448400	-13.909500	25.000000
9.937198	1.958403	0.199250	10.071822	2.722453	2.643025	-67.448400	-13.438100	25.000000
9.937198	1.958403	0.199250	9.869650	2.771104	2.828691	-67.448400	-12.340400	25.000000
9.937381	1.958396	0.199357	9.003789	2.881087	1.442377	-67.448400	-11.869100	25.000000
9.937381	1.958396	0.199357	10.751327	2.452774	1.670319	-67.448400	-10.771400	25.000000
9.937381	1.958396	0.199357	8.800619	2.202930	0.004225	-67.448400	-10.300000	25.000000
9.937363	1.958396	0.199346	11.022364	1.771740	0.305647	-67.448400	-9.202310	25.000000
9.937344	1.958397	0.199335	10.026610	1.853816	6.207290	-67.448400	-8.730940	25.000000
9.937344	1.958397	0.199335	9.754102	1.840613	0.015956	-67.448400	-7.633240	25.000000
9.937363	1.958396	0.199346	9.906483	1.953568	0.139743	-67.448400	-7.161880	25.000000
9.937363	1.958396	0.199346	9.977976	1.939916	0.151015	-67.448400	-6.064180	25.000000
9.937363	1.958396	0.199346	9.967753	1.951094	0.183622	-67.448400	-5.592810	25.000000
9.937363	1.958396	0.199346	9.962710	1.951296	0.180434	-67.448400	-4.495110	25.000000
9.936290	1.958440	0.199272	10.026969	1.948734	0.217389	-66.663800	-22.852500	25.000000
9.936290	1.958440	0.199272	9.948613	1.951863	0.226068	-66.663800	-21.754800	25.000000
9.936474	1.958433	0.199378	9.860020	1.933677	0.263398	-66.663800	-21.283500	25.000000
9.936474	1.958433	0.199378	9.896464	1.910760	0.304803	-66.663800	-20.185800	25.000000
9.936474	1.958433	0.199378	9.945632	1.808302	0.426627	-66.663800	-19.714400	25.000000
9.936474	1.958433	0.199378	9.977019	1.820967	0.426627	-66.663800	-18.616700	25.000000
9.936290	1.958440	0.199272	10.144457	2.463468	0.141897	-66.663800	-18.145300	25.000000
9.936290	1.958440	0.199272	9.717736	1.884637	6.107009	-66.663800	-17.047600	25.000000
9.936474	1.958433	0.199378	9.073307	3.014390	5.230458	-66.663800	-16.576300	25.000000
9.936474	1.958433	0.199378	10.603400	2.254763	4.882339	-66.663800	-15.478600	25.000000
9.936474	1.958433	0.199378	9.887750	2.496374	3.016820	-66.663800	-15.007200	25.000000
9.936474	1.958433	0.199378	9.998820	2.465609	2.802655	-66.663800	-13.909500	25.000000
9.936290	1.958440	0.199272	9.513801	2.496160	2.933916	-66.663800	-13.438100	25.000000
9.936290	1.958440	0.199272	10.385162	2.420480	2.774628	-66.663800	-12.340400	25.000000
9.936474	1.958433	0.199378	9.082401	2.603726	2.063282	-66.663800	-11.869100	25.000000
9.936474	1.958433	0.199378	10.726136	2.358237	2.384225	-66.663800	-10.771400	25.000000
9.936474	1.958433	0.199378	11.324310	1.802457	0.200954	-66.663800	-10.300000	25.000000
9.936455	1.958434	0.199368	8.132650	2.437747	0.893088	-66.663800	-9.202310	25.000000
9.936437	1.958434	0.199357	9.844902	1.869800	6.241720	-66.663800	-8.730940	25.000000
9.936437	1.958434	0.199357	9.982109	1.834301	6.194874	-66.663800	-7.633240	25.000000
9.936455	1.958434	0.199368	9.891693	1.954170	0.126789	-66.663800	-7.161880	25.000000
9.936455	1.958434	0.199368	10.015114	1.927804	0.133608	-66.663800	-6.064180	25.000000
9.936455	1.958434	0.199368	9.996980	1.960717	0.178306	-66.663800	-5.592810	25.000000
9.936455	1.958434	0.199368	9.873140	1.954928	0.183469	-66.663800	-4.495110	25.000000
9.936437	1.958434	0.199357	9.981628	1.950538	0.192107	-66.663800	-2.926040	25.000000
9.937198	1.958403	0.199250	9.946537	1.951947	0.225013	-65.879300	-22.852500	25.000000
9.937198	1.958403	0.199250	9.936302	1.952360	0.219728	-65.879300	-21.754800	25.000000
9.937381	1.958396	0.199357	9.974969	1.929305	0.270947	-65.879300	-21.283500	25.000000
9.937381	1.958396	0.199357	9.896464	1.910760	0.304803	-65.879300	-20.185800	25.000000
9.937381	1.958396	0.199357	9.794897	1.850066	0.392340	-65.879300	-19.714400	25.000000
9.937381	1.958396	0.199357	10.043904	1.874115	0.407632	-65.879300	-18.616700	25.000000
9.937198	1.958403	0.199250	9.764138	2.627080	0.045801	-65.879300	-18.145300	25.000000
9.937198	1.958403	0.199250	10.017205	1.885429	5.949483	-65.879300	-17.047600	25.000000
9.937381	1.958396	0.199357	9.868212	2.149825	5.294347	-65.879300	-16.576300	25.000000
9.937381	1.958396	0.199357	9.847842	2.452373	4.040142	-65.879300	-15.478600	25.000000
9.937381	1.958396	0.199357	10.533334	2.200132	3.081547	-65.879300	-15.007200	25.000000
9.937381	1.958396	0.199357	9.300543	2.203545	3.140259	-65.879300	-13.909500	25.000000
9.937198	1.958403	0.199250	9.954898	2.180449	3.018757	-65.879300	-13.438100	25.000000
9.937198	1.958403	0.199250	9.947985	2.180934	2.806654	-65.879300	-12.340400	25.000000
9.937381	1.958396	0.199357	10.165628	2.166043	2.725781	-65.879300	-11.869100	25.000000
9.937381	1.958396	0.199357	9.711848	2.210813	2.410686	-65.879300	-10.771400	25.000000
9.937381	1.958396	0.199357	11.601293	1.969135	1.136429	-65.879300	-10.300000	25.000000
9.937363	1.958396	0.199346	7.626926	2.122874	6.112973	-65.879300	-9.202310	25.000000
9.937344	1.958397	0.199335	9.758489	1.904897	0.064043	-65.879300	-8.730940	25.000000
9.937344	1.958397	0.199335	10.123814	1.976982	6.278884	-65.879300	-7.633240	25.000000
9.937363	1.958396	0.199346	9.878340	1.954715	0.113792	-65.879300	-7.161880	25.000000
9.937363	1.958396	0.199346	9.953396	1.919407	0.108178	-65.879300	-6.064180	25.000000
9.937363	1.958396	0.199346	9.952889	1.951691	0.174045	-65.879300	-5.592810	25.000000
9.937363	1.958396	0.199346	9.996980	1.960717	0.178306	-65.879300	-4.495110	25.000000
9.937198	1.958403	0.199250	9.936302	1.952360	0.219728	-65.094800	-22.852500	25.000000
9.937198	1.958403	0.199250	9.942414	1.952113	0.222900	-65.094800	-21.754800	25.000000
9.937381	1.958396	0.199357	9.841748	1.912727	0.284226	-65.094800	-21.283500	25.000000
9.937381	1.958396	0.199357	10.035935	1.937683	0.281232	-65.094800	-20.185800	25.000000
9.937381	1.958396	0.199357	9.712878	1.873993	0.352458	-65.094800	-19.714400	25.000000
9.937381	1.958396	0.199357	10.254267	1.919119	0.393993	-65.094800	-18.616700	25.000000
9.937198	1.958403	0.199250	8.814193	2.546702	0.372988	-65.094800	-18.145300	25.000000
9.937198	1.958403	0.199250	10.787956	2.011307	5.497787	-65.094800	-17.047600	25.000000
9.937381	1.958396	0.199357	8.257052	2.176342	5.578074	-65.094800	-16.576300	25.000000
9.937381	1.958396	0.199357	11.152130	2.025702	4.257670	-65.094800	-15.478600	25.000000
9.937381	1.958396	0.199357	10.039004	1.895214	3.198374	-65.094800	-15.007200	25.000000
9.937381	1.958396	0.199357	9.730308	1.916806	3.325062	-65.094800	-13.909500	25.000000
9.937198	1.958403	0.199250	10.646826	1.885938	2.985864	-65.094800	-13.438100	25.000000
9.937198	1.958403	0.199250	9.160071	1.904462	2.952128	-65.094800	-12.340400	25.000000
9.937381	1.958396	0.199357	9.055937	1.955672	2.763299	-65.094800	-11.869100	25.000000
9.937381	1.958396	0.199357	10.763828	1.862936	2.743070	-65.094800	-10.771400	25.000000
9.937381	1.958396	0.199357	5.543465	2.351150	1.989021	-65.094800	-10.300000	25.000000
9.937363	1.958396	0.199346	12.605951	1.868695	0.714927	-65.094800	-9.202310	25.000000
9.937344	1.958397	0.199335	9.797836	2.025140	0.029537	-65.094800	-8.730940	25.000000
9.937344	1.958397	0.199335	10.107502	2.088265	0.477903	-65.094800	-7.633240	25.000000
9.937363	1.958396	0.199346	9.936745	1.920016	0.089011	-65.094800	-7.161880	25.000000
9.937363	1.958396	0.199346	9.854359	1.955698	0.085505	-65.094800	-6.064180	25.000000
9.937363	1.958396	0.199346	9.952889	1.951691	0.174045	-65.094800	-5.592810	25.000000
9.937363	1.958396	0.199346	9.948110	1.951884	0.170846	-65.094800	-4.495110	25.000000
9.936290	1.958440	0.199272	9.940367	1.952196	0.221843	-64.310200	-22.852500	25.000000
9.936290	1.958440	0.199272	9.971961	1.961748	0.218669	-64.310200	-21.754800	25.000000
9.936474	1.958433	0.199378	9.982986	1.950484	0.284226	-64.310200	-21.283500	25.000000
9.936474	1.958433	0.199378	9.910600	1.931740	0.284226	-64.310200	-20.185800	25.000000
9.936474	1.958433	0.199378	10.131634	1.934056	0.378546	-64.310200	-19.714400	25.000000
9.936474	1.958433	0.199378	9.743203	1.905442	0.332059	-64.310200	-18.616700	25.000000
9.936290	1.958440	0.199272	9.214120	2.019853	0.012048	-64.310200	-18.145300	25.000000
9.936290	1.958440	0.199272	10.336827	2.368690	4.781722	-64.310200	-17.047600	25.000000
9.936474	1.958433	0.199378	13.203166	1.800017	5.033648	-64.310200	-16.576300	25.000000
9.936474	1.958433	0.199378	3.733631	2.550426	3.756256	-64.310200	-15.478600	25.000000
9.936474	1.958433	0.199378	9.861410	1.626598	3.443750	-64.310200	-15.007200	25.000000
9.936474	1.958433	0.199378	10.040284	1.618622	3.355611	-64.310200	-13.909500	25.000000
9.936290	1.958440	0.199272	9.816379	1.624814	2.938195	-64.310200	-13.438100	25.000000
9.936290	1.958440	0.199272	10.152635	1.624010	3.054683	-64.310200	-12.340400	25.000000
9.936474	1.958433	0.199378	10.098832	1.612397	2.797902	-64.310200	-11.869100	25.000000
9.936474	1.958433	0.199378	9.678140	1.614207	2.954339	-64.310200	-10.771400	25.000000
9.936474	1.958433	0.199378	12.134150	1.854800	0.953740	-64.310200	-10.300000	25.000000
9.936455	1.958434	0.199368	6.820586	1.868400	2.045417	-64.310200	-9.202310	25.000000
9.936437	1.958434	0.199357	8.602906	2.482308	0.582739	-64.310200	-8.730940	25.000000
9.936437	1.958434	0.199357	11.101802	1.844425	0.455280	-64.310200	-7.633240	25.000000
9.936455	1.958434	0.199368	9.924213	1.952849	0.043451	-64.310200	-7.161880	25.000000
9.936455	1.958434	0.199368	9.923331	1.920508	0.069779	-64.310200	-6.064180	25.000000
9.936455	1.958434	0.199368	9.894690	1.964969	0.172707	-64.310200	-5.592810	25.000000
9.936455	1.958434	0.199368	9.938818	1.952258	0.164436	-64.310200	-4.495110	25.000000
9.936437	1.958434	0.199357	9.974613	1.950819	0.187868	-64.310200	-4.023740	25.000000
9.937198	1.958403	0.199250	9.934284	1.952441	0.218669	-63.525700	-22.852500	25.000000
9.937198	1.958403	0.199250	9.934284	1.952441	0.218669	-63.525700	-21.754800	25.000000
9.937381	1.958396	0.199357	9.882312	1.932821	0.272800	-63.525700	-21.283500	25.000000
9.937381	1.958396	0.199357	10.064537	1.947253	0.278153	-63.525700	-20.185800	25.000000
9.937381	1.958396	0.199357	10.028958	1.927289	0.358771	-63.525700	-19.714400	25.000000
9.937381	1.958396	0.199357	9.751410	1.905149	0.366394	-63.525700	-18.616700	25.000000
9.937198	1.958403	0.199250	11.202232	2.094280	4.733005	-63.525700	-18.145300	25.000000
9.937198	1.958403	0.199250	7.770457	2.188441	0.206683	-63.525700	-17.047600	25.000000
9.937381	1.958396	0.199357	13.281796	1.794001	5.297180	-63.525700	-16.576300	25.000000
9.937381	1.958396	0.199357	2.630076	1.635478	3.659794	-63.525700	-15.478600	25.000000
9.937381	1.958396	0.199357	9.768193	1.339422	3.529911	-63.525700	-15.007200	25.000000
9.937381	1.958396	0.199357	10.131634	1.351911	3.569057	-63.525700	-13.909500	25.000000
9.937198	1.958403	0.199250	10.272536	1.389717	2.997596	-63.525700	-13.438100	25.000000
9.937198	1.958403	0.199250	9.631459	1.335008	2.953621	-63.525700	-12.340400	25.000000
9.937381	1.958396	0.199357	10.434012	1.343622	2.912361	-63.525700	-11.869100	25.000000
9.937381	1.958396	0.199357	9.372454	1.326165	2.998140	-63.525700	-10.771400	25.000000
9.937381	1.958396	0.199357	13.029144	1.671510	1.411989	-63.525700	-10.300000	25.000000
9.937363	1.958396	0.199346	4.959072	1.651544	1.811850	-63.525700	-9.202310	25.000000
9.937344	1.958397	0.199335	11.341076	1.978811	1.025435	-63.525700	-8.730940	25.000000
9.937344	1.958397	0.199335	8.212795	2.107606	0.127870	-63.525700	-7.633240	25.000000
9.937363	1.958396	0.199346	9.972722	1.940120	0.007742	-63.525700	-7.161880	25.000000
9.937363	1.958396	0.199346	9.942378	1.930534	0.035791	-63.525700	-6.064180	25.000000
9.937363	1.958396	0.199346	9.848878	1.955924	0.167310	-63.525700	-5.592810	25.000000
9.937363	1.958396	0.199346	9.931344	1.952560	0.159084	-63.525700	-4.495110	25.000000
9.937344	1.958397	0.199335	9.879985	1.954648	0.187762	-63.525700	-4.023740	25.000000
9.937344	1.958397	0.199335	10.012138	1.960095	0.187868	-63.525700	-2.926040	25.000000
9.936290	1.958440	0.199272	9.930277	1.952603	0.216550	-62.741100	-22.852500	25.000000
9.936290	1.958440	0.199272	9.971961	1.961748	0.218669	-62.741100	-21.754800	25.000000
9.936474	1.958433	0.199378	9.930841	1.941753	0.278003	-62.741100	-21.283500	25.000000
9.936474	1.958433	0.199378	10.027283	1.948722	0.262676	-62.741100	-20.185800	25.000000
9.936474	1.958433	0.199378	9.976973	1.907907	0.392340	-62.741100	-19.714400	25.000000
9.936474	1.958433	0.199378	9.976973	1.907907	0.392340	-62.741100	-18.616700	25.000000
9.936290	1.958440	0.199272	11.252555	1.887084	5.786077	-62.741100	-18.145300	25.000000
9.936290	1.958440	0.199272	7.457211	2.235534	3.939038	-62.741100	-17.047600	25.000000
9.936474	1.958433	0.199378	10.699421	1.927889	5.958280	-62.741100	-16.576300	25.000000
9.936474	1.958433	0.199378	8.183331	1.243605	4.411044	-62.741100	-15.478600	25.000000
9.936474	1.958433	0.199378	9.904544	1.099169	3.757890	-62.741100	-15.007200	25.000000
9.936474	1.958433	0.199378	9.920685	1.077244	3.723246	-62.741100	-13.909500	25.000000
9.936290	1.958440	0.199272	9.916779	1.099798	2.965282	-62.741100	-13.438100	25.000000
9.936290	1.958440	0.199272	9.932276	1.123053	2.859764	-62.741100	-12.340400	25.000000
9.936474	1.958433	0.199378	9.905963	1.076444	3.073880	-62.741100	-11.869100	25.000000
9.936474	1.958433	0.199378	9.952568	1.067532	2.917201	-62.741100	-10.771400	25.000000
9.936474	1.958433	0.199378	12.455550	1.531446	1.484879	-62.741100	-10.300000	25.000000
9.936455	1.958434	0.199368	6.436466	1.240089	1.819759	-62.741100	-9.202310	25.000000
9.936437	1.958434	0.199357	5.532630	2.143894	0.328553	-62.741100	-8.730940	25.000000
9.936437	1.958434	0.199357	12.879829	1.870288	0.894786	-62.741100	-7.633240	25.000000
9.936455	1.958434	0.199368	9.918479	1.953081	6.259820	-62.741100	-7.161880	25.000000
9.936455	1.958434	0.199368	9.843299	1.934322	6.280685	-62.741100	-6.064180	25.000000
9.936455	1.958434	0.199368	9.969032	1.961869	0.159084	-62.741100	-5.592810	25.000000
9.936455	1.958434	0.199368	9.924117	1.952852	0.153723	-62.741100	-4.495110	25.000000
9.936437	1.958434	0.199357	9.971163	1.950957	0.185746	-62.741100	-4.023740	25.000000
9.936437	1.958434	0.199357	9.971163	1.950957	0.185746	-62.741100	-2.926040	25.000000
9.936290	1.958440	0.199272	9.930277	1.952603	0.216550	-61.956600	-22.852500	25.000000
9.936290	1.958440	0.199272	9.964015	1.962077	0.214430	-61.956600	-21.754800	25.000000
9.936474	1.958433	0.199378	9.893538	1.943220	0.262350	-61.956600	-21.283500	25.000000
9.936474	1.958433	0.199378	9.942515	1.952109	0.267583	-61.956600	-20.185800	25.000000
9.936474	1.958433	0.199378	9.759098	1.904875	0.424832	-61.956600	-19.714400	25.000000
9.936474	1.958433	0.199378	10.082658	1.904235	0.444870	-61.956600	-18.616700	25.000000
9.936290	1.958440	0.199272	12.561051	1.861473	5.544811	-61.956600	-18.145300	25.000000
9.936290	1.958440	0.199272	4.609772	2.118389	3.616603	-61.956600	-17.047600	25.000000
9.936474	1.958433	0.199378	3.220311	0.354565	4.892242	-61.956600	-16.576300	25.000000
9.936474	1.958433	0.199378	13.207153	1.748144	5.355890	-61.956600	-15.478600	25.000000
9.936474	1.958433	0.199378	9.609370	0.799262	4.019509	-61.956600	-15.007200	25.000000
9.936474	1.958433	0.199378	10.234745	0.907712	3.962064	-61.956600	-13.909500	25.000000
9.936290	1.958440	0.199272	9.955320	0.885597	2.908571	-61.956600	-13.438100	25.000000
9.936290	1.958440	0.199272	10.047607	0.867258	2.756239	-61.956600	-12.340400	25.000000
9.936474	1.958433	0.199378	9.849792	0.808796	2.889126	-61.956600	-11.869100	25.000000
9.936474	1.958433	0.199378	10.000180	0.849993	3.082993	-61.956600	-10.771400	25.000000
9.936474	1.958433	0.199378	6.965114	1.203673	1.321490	-61.956600	-10.300000	25.000000
9.936455	1.958434	0.199368	12.116904	1.234368	1.726085	-61.956600	-9.202310	25.000000
9.936437	1.958434	0.199357	11.829628	1.784601	1.045213	-61.956600	-8.730940	25.000000
9.936437	1.958434	0.199357	7.454502	1.892926	0.141897	-61.956600	-7.633240	25.000000
9.936455	1.958434	0.199368	9.960402	1.962226	6.244075	-61.956600	-7.161880	25.000000
9.936455	1.958434	0.199368	9.975851	1.939998	6.255236	-61.956600	-6.064180	25.000000
9.936455	1.958434	0.199368	9.959021	1.962284	0.151576	-61.956600	-5.592810	25.000000
9.936455	1.958434	0.199368	9.952166	1.962568	0.146202	-61.956600	-4.495110	25.000000
9.936437	1.958434	0.199357	9.878259	1.954718	0.186689	-61.956600	-4.023740	25.000000
9.936437	1.958434	0.199357	9.878259	1.954718	0.186689	-61.956600	-2.926040	25.000000
9.937198	1.958403	0.199250	9.928288	1.952684	0.215490	-61.172100	-22.852500	25.000000
9.937198	1.958403	0.199250	9.962053	1.962158	0.213369	-61.172100	-21.754800	25.000000
9.937381	1.958396	0.199357	10.024874	1.948817	0.261639	-61.172100	-21.283500	25.000000
9.937381	1.958396	0.199357	9.874518	1.943972	0.253947	-61.172100	-20.185800	25.000000
9.937381	1.958396	0.199357	10.148399	1.922909	0.468342	-61.172100	-19.714400	25.000000
9.937381	1.958396	0.199357	9.661263	1.919383	0.443946	-61.172100	-18.616700	25.000000
9.937198	1.958403	0.199250	13.167646	1.850089	5.503374	-61.172100	-18.145300	25.000000
9.937198	1.958403	0.199250	2.864001	1.623195	3.778101	-61.172100	-17.047600	25.000000
9.937381	1.958396	0.199357	7.110246	0.914248	4.819125	-61.172100	-16.576300	25.000000
9.937381	1.958396	0.199357	12.007618	1.676761	5.349190	-61.172100	-15.478600	25.000000
9.937381	1.958396	0.199357	9.386592	0.627214	4.513213	-61.172100	-15.007200	25.000000
9.937381	1.958396	0.199357	10.432277	0.754654	4.251244	-61.172100	-13.909500	25.000000
9.937198	1.958403	0.199250	10.040498	0.665167	2.628852	-61.172100	-13.438100	25.000000
9.937198	1.958403	0.199250	9.884377	0.627738	2.874887	-61.172100	-12.340400	25.000000
9.937381	1.958396	0.199357	9.751595	0.626433	3.064552	-61.172100	-11.869100	25.000000
9.937381	1.958396	0.199357	10.105073	0.624127	2.768948	-61.172100	-10.771400	25.000000
9.937381	1.958396	0.199357	8.737070	1.171091	1.199519	-61.172100	-10.300000	25.000000
9.937363	1.958396	0.199346	10.996731	0.949621	1.749550	-61.172100	-9.202310	25.000000
9.937344	1.958397	0.199335	11.204910	1.669126	1.054987	-61.172100	-8.730940	25.000000
9.937344	1.958397	0.199335	8.389422	1.850987	0.124355	-61.172100	-7.633240	25.000000
9.937363	1.958396	0.199346	9.955923	1.962412	6.261341	-61.172100	-7.161880	25.000000
9.937363	1.958396	0.199346	9.956130	1.962403	6.260255	-61.172100	-6.064180	25.000000
9.937363	1.958396	0.199346	9.950824	1.962624	0.145126	-61.172100	-5.592810	25.000000
9.937363	1.958396	0.199346	9.905196	1.953620	0.138665	-61.172100	-4.495110	25.000000
9.937344	1.958397	0.199335	10.003619	1.960444	0.182560	-61.172100	-4.023740	25.000000
9.937344	1.958397	0.199335	9.912739	1.964212	0.184543	-61.172100	-2.926040	25.000000
9.936290	1.958440	0.199272	9.962053	1.962158	0.213369	-60.387500	-22.852500	25.000000
9.936290	1.958440	0.199272	9.962053	1.962158	0.213369	-60.387500	-21.754800	25.000000
9.936474	1.958433	0.199378	9.956184	1.962401	0.257102	-60.387500	-21.283500	25.000000
9.936474	1.958433	0.199378	9.897601	1.953929	0.247621	-60.387500	-20.185800	25.000000
9.936474	1.958433	0.199378	10.261092	1.939692	0.454302	-60.387500	-19.714400	25.000000
9.936474	1.958433	0.199378	9.492102	1.925868	0.453598	-60.387500	-18.616700	25.000000
9.936290	1.958440	0.199272	6.801470	1.210165	4.570492	-60.387500	-18.145300	25.000000
9.936290	1.958440	0.199272	11.827324	1.946521	5.831732	-60.387500	-17.047600	25.000000
9.936474	1.958433	0.199378	7.286350	1.497993	5.311841	-60.387500	-16.576300	25.000000
9.936474	1.958433	0.199378	11.976644	1.212496	5.096207	-60.387500	-15.478600	25.000000
9.936474	1.958433	0.199378	10.544401	0.679855	4.618724	-60.387500	-15.007200	25.000000
9.936474	1.958433	0.199378	9.332009	0.619100	5.106612	-60.387500	-13.909500	25.000000
9.936290	1.958440	0.199272	9.697056	0.502140	2.643443	-60.387500	-13.438100	25.000000
9.936290	1.958440	0.199272	10.142998	0.328691	2.658822	-60.387500	-12.340400	25.000000
9.936474	1.958433	0.199378	9.623180	0.390155	2.960273	-60.387500	-11.869100	25.000000
9.936474	1.958433	0.199378	10.282359	0.484279	2.559963	-60.387500	-10.771400	25.000000
9.936474	1.958433	0.199378	10.930183	1.126301	1.296812	-60.387500	-10.300000	25.000000
9.936455	1.958434	0.199368	8.905616	0.648071	1.402590	-60.387500	-9.202310	25.000000
9.936437	1.958434	0.199357	6.315505	1.356995	0.470894	-60.387500	-8.730940	25.000000
9.936437	1.958434	0.199357	12.495599	1.846367	0.808923	-60.387500	-7.633240	25.000000
9.936455	1.958434	0.199368	9.865237	1.966211	0.029662	-60.387500	-7.161880	25.000000
9.936455	1.958434	0.199368	9.997620	1.971529	0.034769	-60.387500	-6.064180	25.000000
9.936455	1.958434	0.199368	9.972963	1.972576	0.131112	-60.387500	-5.592810	25.000000
9.936455	1.958434	0.199368	9.941710	1.963003	0.137587	-60.387500	-4.495110	25.000000
9.936437	1.958434	0.199357	9.966062	1.951162	0.182560	-60.387500	-4.023740	25.000000
9.936437	1.958434	0.199357	9.871454	1.954997	0.182395	-60.387500	-2.926040	25.000000
9.936290	1.958440	0.199272	9.922379	1.952923	0.212307	-59.603000	-22.852500	25.000000
9.936290	1.958440	0.199272	9.960100	1.962239	0.212307	-59.603000	-21.754800	25.000000
9.936474	1.958433	0.199378	9.926434	1.963639	0.243392	-59.603000	-21.283500	25.000000
9.936474	1.958433	0.199378	10.025094	1.959565	0.244979	-59.603000	-20.185800	25.000000
9.936474	1.958433	0.199378	9.651943	1.953017	0.413689	-59.603000	-19.714400	25.000000
9.936474	1.958433	0.199378	10.220567	1.941225	0.444870	-59.603000	-18.616700	25.000000
9.936290	1.958440	0.199272	7.661488	1.054829	5.162615	-59.603000	-18.145300	25.000000
9.936290	1.958440	0.199272	11.542773	1.986371	5.853423	-59.603000	-17.047600	25.000000
9.936474	1.958433	0.199378	6.964194	1.093372	5.313844	-59.603000	-16.576300	25.000000
9.936474	1.958433	0.199378	12.152777	1.252777	5.047837	-59.603000	-15.478600	25.000000
9.936474	1.958433	0.199378	9.997000	0.515064	5.221460	-59.603000	-15.007200	25.000000
9.936474	1.958433	0.199378	9.876234	0.879035	5.205440	-59.603000	-13.909500	25.000000
9.936290	1.958440	0.199272	10.202789	0.142067	2.022061	-59.603000	-13.438100	25.000000
9.936290	1.958440	0.199272	9.562348	0.276170	2.667654	-59.603000	-12.340400	25.000000
9.936474	1.958433	0.199378	9.637790	0.265538	2.722164	-59.603000	-11.869100	25.000000
9.936474	1.958433	0.199378	10.154772	0.332074	2.092565	-59.603000	-10.771400	25.000000
9.936474	1.958433	0.199378	10.503809	0.704974	1.393571	-59.603000	-10.300000	25.000000
9.936455	1.958434	0.199368	9.347727	1.031545	0.944750	-59.603000	-9.202310	25.000000
9.936437	1.958434	0.199357	7.852315	1.629029	0.406567	-59.603000	-8.730940	25.000000
9.936437	1.958434	0.199357	11.597827	1.555965	1.006713	-59.603000	-7.633240	25.000000
9.936455	1.958434	0.199368	9.994498	1.960819	0.097516	-59.603000	-7.161880	25.000000
9.936455	1.958434	0.199368	9.922701	1.963795	0.120295	-59.603000	-6.064180	25.000000
9.936455	1.958434	0.199368	9.970577	1.972678	0.128951	-59.603000	-5.592810	25.000000
9.936455	1.958434	0.199368	9.928368	1.963558	0.125707	-59.603000	-4.495110	25.000000
9.936437	1.958434	0.199357	9.909369	1.964353	0.182395	-59.603000	-4.023740	25.000000
9.936437	1.958434	0.199357	9.907699	1.964423	0.181320	-59.603000	-2.926040	25.000000
9.937198	1.958403	0.199250	9.956224	1.962400	0.210183	-58.818500	-22.852500	25.000000
9.937198	1.958403	0.199250	9.958157	1.962319	0.211245	-58.818500	-21.754800	25.000000
9.937381	1.958396	0.199357	9.886354	1.954388	0.242333	-58.818500	-21.283500	25.000000
9.937381	1.958396	0.199357	9.913249	1.964190	0.237032	-58.818500	-20.185800	25.000000
9.937381	1.958396	0.199357	9.971961	1.961748	0.424832	-58.818500	-19.714400	25.000000
9.937381	1.958396	0.199357	9.964437	1.962059	0.366394	-58.818500	-18.616700	25.000000
9.937198	1.958403	0.199250	9.633488	1.975144	6.170034	-58.818500	-18.145300	25.000000
9.937198	1.958403	0.199250	10.107997	1.316787	5.570124	-58.818500	-17.047600	25.000000
9.937381	1.958396	0.199357	8.530533	0.667432	5.142151	-58.818500	-16.576300	25.000000
9.937381	1.958396	0.199357	11.115305	1.362369	5.139016	-58.818500	-15.478600	25.000000
9.937381	1.958396	0.199357	10.791200	0.693294	5.227938	-58.818500	-15.007200	25.000000
9.937381	1.958396	0.199357	8.976636	0.823658	5.551499	-58.818500	-13.909500	25.000000
9.937198	1.958403	0.199250	10.213432	0.149176	0.192228	-58.818500	-13.438100	25.000000
9.937198	1.958403	0.199250	9.642329	0.093735	1.945130	-58.818500	-12.340400	25.000000
9.937381	1.958396	0.199357	9.757188	0.179741	1.320534	-58.818500	-11.869100	25.000000
9.937381	1.958396	0.199357	10.083160	0.276561	1.883128	-58.818500	-10.771400	25.000000
9.937381	1.958396	0.199357	10.966312	0.947635	1.142310	-58.818500	-10.300000	25.000000
9.937363	1.958396	0.199346	8.670640	0.723254	0.723748	-58.818500	-9.202310	25.000000
9.937344	1.958397	0.199335	11.642702	1.652483	0.901439	-58.818500	-8.730940	25.000000
9.937344	1.958397	0.199335	7.865882	1.232572	0.651587	-58.818500	-7.633240	25.000000
9.937363	1.958396	0.199346	9.993623	1.917944	0.144154	-58.818500	-7.161880	25.000000
9.937363	1.958396	0.199346	9.965320	1.972902	0.193118	-58.818500	-6.064180	25.000000
9.937363	1.958396	0.199346	9.999905	1.982317	0.119212	-58.818500	-5.592810	25.000000
9.937363	1.958396	0.199346	9.832197	1.967614	0.122714	-58.818500	-4.495110	25.000000
9.937344	1.958397	0.199335	9.995344	1.960784	0.177241	-58.818500	-4.023740	25.000000
9.937344	1.958397	0.199335	9.907699	1.964423	0.181320	-58.818500	-2.926040	25.000000
9.936290	1.958440	0.199272	9.918488	1.953081	0.210183	-58.033900	-21.754800	25.000000
9.936474	1.958433	0.199378	9.990400	1.960987	0.228178	-58.033900	-21.283500	25.000000
9.936474	1.958433	0.199378	9.915422	1.964099	0.238093	-58.033900	-20.185800	25.000000
9.936474	1.958433	0.199378	10.175461	1.964136	0.358771	-58.033900	-19.714400	25.000000
9.936474	1.958433	0.199378	9.766268	1.981586	0.353542	-58.033900	-18.616700	25.000000
9.936290	1.958440	0.199272	10.043286	1.481064	0.023995	-58.033900	-18.145300	25.000000
9.936290	1.958440	0.199272	9.788187	2.013149	6.002556	-58.033900	-17.047600	25.000000
9.936474	1.958433	0.199378	11.375852	1.285650	5.147356	-58.033900	-16.576300	25.000000
9.936474	1.958433	0.199378	8.295179	0.609816	5.753596	-58.033900	-15.478600	25.000000
9.936474	1.958433	0.199378	10.737784	0.823249	5.416883	-58.033900	-15.007200	25.000000
9.936474	1.958433	0.199378	9.113177	0.659882	5.485130	-58.033900	-13.909500	25.000000
9.936290	1.958440	0.199272	9.801052	0.202898	0.276471	-58.033900	-13.438100	25.000000
9.936290	1.958440	0.199272	10.073286	0.338998	6.110557	-58.033900	-12.340400	25.000000
9.936474	1.958433	0.199378	9.865840	0.232669	1.004741	-58.033900	-11.869100	25.000000
9.936474	1.958433	0.199378	9.943933	0.332283	0.894611	-58.033900	-10.771400	25.000000
9.936474	1.958433	0.199378	8.846468	0.809942	0.596660	-58.033900	-10.300000	25.000000
9.936455	1.958434	0.199368	10.970871	0.902279	1.034361	-58.033900	-9.202310	25.000000
9.936437	1.958434	0.199357	10.108412	1.650021	0.701091	-58.033900	-8.730940	25.000000
9.936437	1.958434	0.199357	9.770650	1.130989	0.913721	-58.033900	-7.633240	25.000000
9.936455	1.958434	0.199368	9.904464	1.953650	0.250786	-58.033900	-7.161880	25.000000
9.936455	1.958434	0.199368	9.903313	1.899825	0.124090	-58.033900	-6.064180	25.000000
9.936455	1.958434	0.199368	9.962535	1.973021	0.121378	-58.033900	-5.592810	25.000000
9.936455	1.958434	0.199368	9.898490	1.986793	0.109560	-58.033900	-4.495110	25.000000
9.936437	1.958434	0.199357	9.906039	1.964492	0.180245	-58.033900	-4.023740	25.000000
9.936437	1.958434	0.199357	9.995344	1.960784	0.177241	-58.033900	-2.926040	25.000000
9.936474	1.958433	0.199378	9.898303	1.964817	0.229587	-57.249400	-21.283500	25.000000
9.936474	1.958433	0.199378	9.984167	1.961244	0.225013	-57.249400	-20.185800	25.000000
9.936474	1.958433	0.199378	9.821405	1.979142	0.304208	-57.249400	-19.714400	25.000000
9.936474	1.958433	0.199378	10.112369	1.966726	0.338698	-57.249400	-18.616700	25.000000
9.936290	1.958440	0.199272	10.472746	1.821683	0.329232	-57.249400	-18.145300	25.000000
9.936290	1.958440	0.199272	9.345272	1.943162	0.033321	-57.249400	-17.047600	25.000000
9.936474	1.958433	0.199378	11.184364	1.205055	5.244598	-57.249400	-16.576300	25.000000
9.936474	1.958433	0.199378	8.381527	0.989837	0.042831	-57.249400	-15.478600	25.000000
9.936474	1.958433	0.199378	9.808670	0.634430	5.570828	-57.249400	-15.007200	25.000000
9.936474	1.958433	0.199378	10.057336	0.841721	5.535505	-57.249400	-13.909500	25.000000
9.936290	1.958440	0.199272	10.025847	0.433136	0.061826	-57.249400	-13.438100	25.000000
9.936290	1.958440	0.199272	9.886031	0.494872	6.081613	-57.249400	-12.340400	25.000000
9.936474	1.958433	0.199378	10.029701	0.457103	0.581110	-57.249400	-11.869100	25.000000
9.936474	1.958433	0.199378	9.881619	0.425622	0.489957	-57.249400	-10.771400	25.000000
9.936474	1.958433	0.199378	10.143471	0.723867	0.774872	-57.249400	-10.300000	25.000000
9.936455	1.958434	0.199368	9.743716	1.031944	0.717705	-57.249400	-9.202310	25.000000
9.936437	1.958434	0.199357	8.822296	1.065575	0.638320	-57.249400	-8.730940	25.000000
9.936437	1.958434	0.199357	10.973951	1.548925	0.830529	-57.249400	-7.633240	25.000000
9.936455	1.958434	0.199368	10.016486	2.003480	0.143452	-57.249400	-7.161880	25.000000
9.936455	1.958434	0.199368	9.923326	1.846357	0.176856	-57.249400	-6.064180	25.000000
9.936455	1.958434	0.199368	9.942354	1.995858	0.112852	-57.249400	-5.592810	25.000000
9.936455	1.958434	0.199368	9.859513	1.977471	0.110657	-57.249400	-4.495110	25.000000
9.936437	1.958434	0.199357	9.904388	1.964562	0.179169	-57.249400	-4.023740	25.000000
9.936437	1.958434	0.199357	9.902747	1.964631	0.178093	-57.249400	-2.926040	25.000000
9.937381	1.958396	0.199357	9.946537	1.951947	0.225013	-56.464900	-21.283500	25.000000
9.937381	1.958396	0.199357	9.975991	1.961582	0.220786	-56.464900	-20.185800	25.000000
9.937381	1.958396	0.199357	10.058827	1.968952	0.284226	-56.464900	-19.714400	25.000000
9.937381	1.958396	0.199357	9.861541	1.988449	0.304208	-56.464900	-18.616700	25.000000
9.937198	1.958403	0.199250	9.826495	1.967857	0.384605	-56.464900	-18.145300	25.000000
9.937198	1.958403	0.199250	10.002500	1.993138	0.453844	-56.464900	-17.047600	25.000000
9.937381	1.958396	0.199357	9.386826	1.130587	0.304992	-56.464900	-16.576300	25.000000
9.937381	1.958396	0.199357	10.268306	1.453664	5.538708	-56.464900	-15.478600	25.000000
9.937381	1.958396	0.199357	9.239589	0.775148	5.729504	-56.464900	-15.007200	25.000000
9.937381	1.958396	0.199357	10.532806	0.750938	5.726061	-56.464900	-13.909500	25.000000
9.937198	1.958403	0.199250	10.183005	0.667094	6.273662	-56.464900	-13.438100	25.000000
9.937198	1.958403	0.199250	9.775500	0.663756	6.196735	-56.464900	-12.340400	25.000000
9.937381	1.958396	0.199357	9.877935	0.660576	0.346798	-56.464900	-11.869100	25.000000
9.937381	1.958396	0.199357	9.961973	0.638394	0.338265	-56.464900	-10.771400	25.000000
9.937381	1.958396	0.199357	10.614613	0.887690	0.699404	-56.464900	-10.300000	25.000000
9.937363	1.958396	0.199346	9.354143	0.942244	0.510950	-56.464900	-9.202310	25.000000
9.937344	1.958397	0.199335	8.676843	1.185631	0.368960	-56.464900	-8.730940	25.000000
9.937344	1.958397	0.199335	11.039022	1.425344	0.863163	-56.464900	-7.633240	25.000000
9.937363	1.958396	0.199346	9.873829	2.021384	0.141102	-56.464900	-7.161880	25.000000
9.937363	1.958396	0.199346	9.986296	1.875921	0.072504	-56.464900	-6.064180	25.000000
9.937363	1.958396	0.199346	9.977455	1.983300	0.094226	-56.464900	-5.592810	25.000000
9.937363	1.958396	0.199346	9.951990	1.995420	0.122714	-56.464900	-4.495110	25.000000
9.937344	1.958397	0.199335	9.901116	1.964699	0.177016	-56.464900	-4.023740	25.000000
9.937344	1.958397	0.199335	9.902747	1.964631	0.178093	-56.464900	-2.926040	25.000000
9.936474	1.958433	0.199378	9.930277	1.952603	0.216550	-55.680300	-21.283500	25.000000
9.936474	1.958433	0.199378	9.978021	1.961498	0.221843	-55.680300	-20.185800	25.000000
9.936474	1.958433	0.199378	9.915362	1.975046	0.264135	-55.680300	-19.714400	25.000000
9.936474	1.958433	0.199378	9.924822	1.985621	0.291457	-55.680300	-18.616700	25.000000
9.936290	1.958440	0.199272	9.649870	2.044252	0.484478	-55.680300	-18.145300	25.000000
9.936290	1.958440	0.199272	10.223502	2.015711	0.521834	-55.680300	-17.047600	25.000000
9.936474	1.958433	0.199378	9.653499	1.127566	5.971309	-55.680300	-16.576300	25.000000
9.936474	1.958433	0.199378	10.060801	1.910254	0.286499	-55.680300	-15.478600	25.000000
9.936474	1.958433	0.199378	10.395191	0.778642	5.874696	-55.680300	-15.007200	25.000000
9.936474	1.958433	0.199378	9.459915	0.937294	5.990472	-55.680300	-13.909500	25.000000
9.936290	1.958440	0.199272	10.057385	0.814733	0.068523	-55.680300	-13.438100	25.000000
9.936290	1.958440	0.199272	9.785935	0.857937	6.254680	-55.680300	-12.340400	25.000000
9.936474	1.958433	0.199378	9.908930	0.894770	0.244351	-55.680300	-11.869100	25.000000
9.936474	1.958433	0.199378	9.913748	0.908021	0.235047	-55.680300	-10.771400	25.000000
9.936474	1.958433	0.199378	9.471008	0.989576	0.457998	-55.680300	-10.300000	25.000000
9.936455	1.958434	0.199368	10.402404	0.979349	0.494726	-55.680300	-9.202310	25.000000
9.936437	1.958434	0.199357	8.809563	1.196614	0.221314	-55.680300	-8.730940	25.000000
9.936437	1.958434	0.199357	10.799079	1.477133	0.759088	-55.680300	-7.633240	25.000000
9.936455	1.958434	0.199368	10.023597	2.003152	6.266703	-55.680300	-7.161880	25.000000
9.936455	1.958434	0.199368	9.884614	1.987414	0.093064	-55.680300	-6.064180	25.000000
9.936455	1.958434	0.199368	9.955380	1.995266	0.125996	-55.680300	-5.592810	25.000000
9.936455	1.958434	0.199368	9.924661	1.996665	0.091962	-55.680300	-4.495110	25.000000
9.936437	1.958434	0.199357	9.901116	1.964699	0.177016	-55.680300	-4.023740	25.000000
9.936437	1.958434	0.199357	9.938310	1.974058	0.175940	-55.680300	-2.926040	25.000000
9.936474	1.958433	0.199378	9.877773	1.965681	0.218907	-54.895800	-21.283500	25.000000
9.936474	1.958433	0.199378	9.965987	1.961995	0.215490	-54.895800	-20.185800	25.000000
9.936474	1.958433	0.199378	10.021103	1.970536	0.268627	-54.895800	-19.714400	25.000000
9.936474	1.958433	0.199378	9.884963	1.976362	0.250319	-54.895800	-18.616700	25.000000
9.936290	1.958440	0.199272	9.427619	2.080511	0.452778	-54.895800	-18.145300	25.000000
9.936290	1.958440	0.199272	10.423531	2.017190	0.511231	-54.895800	-17.047600	25.000000
9.936474	1.958433	0.199378	10.601363	1.816630	0.524574	-54.895800	-16.576300	25.000000
9.936474	1.958433	0.199378	9.318031	1.663222	6.086847	-54.895800	-15.478600	25.000000
9.936474	1.958433	0.199378	9.868860	1.175535	6.241451	-54.895800	-15.007200	25.000000
9.936474	1.958433	0.199378	10.075197	0.895283	5.978328	-54.895800	-13.909500	25.000000
9.936290	1.958440	0.199272	10.318551	0.985552	0.216777	-54.895800	-13.438100	25.000000
9.936290	1.958440	0.199272	9.543799	0.994578	6.256941	-54.895800	-12.340400	25.000000
9.936474	1.958433	0.199378	9.929532	1.156180	0.203869	-54.895800	-11.869100	25.000000
9.936474	1.958433	0.199378	9.924213	1.122663	0.179853	-54.895800	-10.771400	25.000000
9.936474	1.958433	0.199378	9.982986	1.057748	0.303571	-54.895800	-10.300000	25.000000
9.936455	1.958434	0.199368	9.870157	1.097391	0.397418	-54.895800	-9.202310	25.000000
9.936437	1.958434	0.199357	10.753330	1.504722	0.686385	-54.895800	-8.730940	25.000000
9.936437	1.958434	0.199357	9.095939	1.370469	0.056121	-54.895800	-7.633240	25.000000
9.936455	1.958434	0.199368	9.973685	2.038892	6.269703	-54.895800	-7.161880	25.000000
9.936455	1.958434	0.199368	9.893815	2.065811	6.245502	-54.895800	-6.064180	25.000000
9.936455	1.958434	0.199368	9.908991	1.986325	0.120524	-54.895800	-5.592810	25.000000
9.936455	1.958434	0.199368	10.014989	2.014576	0.099669	-54.895800	-4.495110	25.000000
9.936437	1.958434	0.199357	10.027368	1.970272	0.172979	-54.895800	-4.023740	25.000000
9.936437	1.958434	0.199357	9.901116	1.964699	0.177016	-54.895800	-2.926040	25.000000
9.937381	1.958396	0.199357	9.965987	1.961995	0.215490	-54.111300	-21.283500	25.000000
9.937381	1.958396	0.199357	9.958157	1.962319	0.211245	-54.111300	-20.185800	25.000000
9.937381	1.958396	0.199357	9.967367	1.972815	0.244450	-54.111300	-19.714400	25.000000
9.937381	1.958396	0.199357	9.884963	1.976362	0.250319	-54.111300	-18.616700	25.000000
9.937198	1.958403	0.199250	10.183320	2.050526	0.458697	-54.111300	-18.145300	25.000000
9.937198	1.958403	0.199250	9.764220	2.026822	0.361441	-54.111300	-17.047600	25.000000
9.937381	1.958396	0.199357	10.579698	1.958521	0.559682	-54.111300	-16.576300	25.000000
9.937381	1.958396	0.199357	9.332202	1.875527	0.022468	-54.111300	-15.478600	25.000000
9.937381	1.958396	0.199357	10.266587	1.106207	0.130788	-54.111300	-15.007200	25.000000
9.937381	1.958396	0.199357	9.683745	1.467346	6.117456	-54.111300	-13.909500	25.000000
9.937198	1.958403	0.199250	9.691486	1.052639	0.067753	-54.111300	-13.438100	25.000000
9.937198	1.958403	0.199250	10.132033	1.143373	0.264445	-54.111300	-12.340400	25.000000
9.937381	1.958396	0.199357	9.981483	1.233844	0.159913	-54.111300	-11.869100	25.000000
9.937381	1.958396	0.199357	9.865414	1.261810	0.205743	-54.111300	-10.771400	25.000000
9.937381	1.958396	0.199357	9.864122	1.164323	0.282999	-54.111300	-10.300000	25.000000
9.937363	1.958396	0.199346	9.975816	1.147252	0.207100	-54.111300	-9.202310	25.000000
9.937344	1.958397	0.199335	9.663726	1.753943	6.262136	-54.111300	-8.730940	25.000000
9.937344	1.958397	0.199335	10.151483	1.407834	0.557541	-54.111300	-7.633240	25.000000
9.937363	1.958396	0.199346	9.905473	2.123467	6.197680	-54.111300	-7.161880	25.000000
9.937363	1.958396	0.199346	9.958961	2.096776	6.228588	-54.111300	-6.064180	25.000000
9.937363	1.958396	0.199346	10.025473	2.014079	0.111755	-54.111300	-5.592810	25.000000
9.937363	1.958396	0.199346	9.863650	1.977290	0.115045	-54.111300	-4.495110	25.000000
9.937344	1.958397	0.199335	9.993718	1.960851	0.176176	-54.111300	-4.023740	25.000000
9.937344	1.958397	0.199335	9.935109	1.974196	0.173785	-54.111300	-2.926040	25.000000
9.936474	1.958433	0.199378	9.956224	1.962400	0.210183	-53.326700	-21.283500	25.000000
9.936474	1.958433	0.199378	9.867872	1.966100	0.213548	-53.326700	-20.185800	25.000000
9.936474	1.958433	0.199378	9.960728	1.973098	0.241274	-53.326700	-19.714400	25.000000
9.936474	1.958433	0.199378	9.941328	1.973929	0.231717	-53.326700	-18.616700	25.000000
9.936290	1.958440	0.199272	10.136074	1.987224	0.352458	-53.326700	-18.145300	25.000000
9.936290	1.958440	0.199272	9.739610	2.051080	0.354706	-53.326700	-17.047600	25.000000
9.936474	1.958433	0.199378	10.075713	2.067344	0.493941	-53.326700	-16.576300	25.000000
9.936474	1.958433	0.199378	9.814275	1.902925	0.129703	-53.326700	-15.478600	25.000000
9.936474	1.958433	0.199378	9.502263	1.656143	6.163547	-53.326700	-15.007200	25.000000
9.936474	1.958433	0.199378	10.248366	1.363427	0.214018	-53.326700	-13.909500	25.000000
9.936290	1.958440	0.199272	9.858316	1.186057	0.173785	-53.326700	-13.438100	25.000000
9.936290	1.958440	0.199272	10.124940	1.175385	0.228885	-53.326700	-12.340400	25.000000
9.936474	1.958433	0.199378	9.731393	1.202892	0.199555	-53.326700	-11.869100	25.000000
9.936474	1.958433	0.199378	10.160492	1.176845	0.197396	-53.326700	-10.771400	25.000000
9.936474	1.958433	0.199378	9.940931	1.221730	0.227842	-53.326700	-10.300000	25.000000
9.936455	1.958434	0.199368	9.891330	1.219905	0.138243	-53.326700	-9.202310	25.000000
9.936437	1.958434	0.199357	9.771725	1.483701	0.390998	-53.326700	-8.730940	25.000000
9.936437	1.958434	0.199357	10.118325	1.973989	6.244495	-53.326700	-7.633240	25.000000
9.936455	1.958434	0.199368	9.884781	2.124759	6.243920	-53.326700	-7.161880	25.000000
9.936455	1.958434	0.199368	10.044720	2.174217	6.152232	-53.326700	-6.064180	25.000000
9.936455	1.958434	0.199368	9.929879	2.018655	0.106339	-53.326700	-5.592810	25.000000
9.936455	1.958434	0.199368	9.921693	1.985760	0.132552	-53.326700	-4.495110	25.000000
9.936437	1.958434	0.199357	10.022654	1.970471	0.169778	-53.326700	-4.023740	25.000000
9.936437	1.958434	0.199357	9.907699	1.964423	0.181320	-53.326700	-2.926040	25.000000
9.936474	1.958433	0.199378	9.958157	1.962319	0.211245	-52.542200	-20.185800	25.000000
9.936474	1.958433	0.199378	9.932955	1.974288	0.227455	-52.542200	-19.714400	25.000000
9.936474	1.958433	0.199378	10.030952	1.970121	0.229232	-52.542200	-18.616700	25.000000
9.936290	1.958440	0.199272	9.922197	1.985738	0.290402	-52.542200	-18.145300	25.000000
9.936290	1.958440	0.199272	9.887366	2.031984	0.321751	-52.542200	-17.047600	25.000000
9.936474	1.958433	0.199378	10.155787	2.074284	0.367981	-52.542200	-16.576300	25.000000
9.936474	1.958433	0.199378	9.732934	2.098378	0.442374	-52.542200	-15.478600	25.000000
9.936474	1.958433	0.199378	9.447629	1.785187	6.200764	-52.542200	-15.007200	25.000000
9.936474	1.958433	0.199378	10.375360	1.538021	0.228606	-52.542200	-13.909500	25.000000
9.936290	1.958440	0.199272	9.787768	1.172076	0.221314	-52.542200	-13.438100	25.000000
9.936290	1.958440	0.199272	10.127196	1.321358	0.152417	-52.542200	-12.340400	25.000000
9.936474	1.958433	0.199378	9.807120	1.128230	0.243884	-52.542200	-11.869100	25.000000
9.936474	1.958433	0.199378	10.075917	1.096701	0.191926	-52.542200	-10.771400	25.000000
9.936474	1.958433	0.199378	10.104276	1.185236	0.279180	-52.542200	-10.300000	25.000000
9.936455	1.958434	0.199368	9.716357	1.373982	0.077738	-52.542200	-9.202310	25.000000
9.936437	1.958434	0.199357	10.249785	1.898593	0.435071	-52.542200	-8.730940	25.000000
9.936437	1.958434	0.199357	9.505135	1.836943	6.090067	-52.542200	-7.633240	25.000000
9.936455	1.958434	0.199368	9.779780	2.107445	6.248675	-52.542200	-7.161880	25.000000
9.936455	1.958434	0.199368	10.016267	2.225607	6.177254	-52.542200	-6.064180	25.000000
9.936455	1.958434	0.199368	10.006623	2.026071	0.139537	-52.542200	-5.592810	25.000000
9.936455	1.958434	0.199368	9.942354	1.995858	0.112852	-52.542200	-4.495110	25.000000
9.936437	1.958434	0.199357	9.943184	1.973849	0.179169	-52.542200	-4.023740	25.000000
9.936437	1.958434	0.199357	9.990495	1.960983	0.174045	-52.542200	-2.926040	25.000000
9.936474	1.958433	0.199378	9.986236	1.961159	0.226068	-51.757700	-19.714400	25.000000
9.936474	1.958433	0.199378	9.967969	1.961913	0.216550	-51.757700	-18.616700	25.000000
9.936290	1.958440	0.199272	9.772763	2.015030	0.271917	-51.757700	-18.145300	25.000000
9.936290	1.958440	0.199272	9.960100	1.973125	0.283096	-51.757700	-17.047600	25.000000
9.936474	1.958433	0.199378	9.406912	2.156499	0.406567	-51.757700	-16.576300	25.000000
9.936474	1.958433	0.199378	10.280564	2.101116	0.519146	-51.757700	-15.478600	25.000000
9.936474	1.958433	0.199378	9.540047	1.660013	6.262136	-51.757700	-15.007200	25.000000
9.936474	1.958433	0.199378	10.291127	1.989061	0.389392	-51.757700	-13.909500	25.000000
9.936290	1.958440	0.199272	9.681348	1.380629	0.037877	-51.757700	-13.438100	25.000000
9.936290	1.958440	0.199272	10.211915	1.337586	0.260602	-51.757700	-12.340400	25.000000
9.936474	1.958433	0.199378	9.774457	1.182580	0.234255	-51.757700	-11.869100	25.000000
9.936474	1.958433	0.199378	10.002000	1.115296	0.201762	-51.757700	-10.771400	25.000000
9.936474	1.958433	0.199378	9.966634	1.182878	0.221843	-51.757700	-10.300000	25.000000
9.936455	1.958434	0.199368	9.885166	1.534370	0.190447	-51.757700	-9.202310	25.000000
9.936437	1.958434	0.199357	9.499663	1.708074	0.046774	-51.757700	-8.730940	25.000000
9.936437	1.958434	0.199357	10.307745	2.265679	0.172624	-51.757700	-7.633240	25.000000
9.936455	1.958434	0.199368	10.082471	2.220575	6.199879	-51.757700	-7.161880	25.000000
9.936455	1.958434	0.199368	9.828044	2.116387	0.017022	-51.757700	-6.064180	25.000000
9.936455	1.958434	0.199368	9.856145	1.999821	0.118543	-51.757700	-5.592810	25.000000
9.936455	1.958434	0.199368	9.974748	2.016495	0.149439	-51.757700	-4.495110	25.000000
9.936437	1.958434	0.199357	9.948146	1.973637	0.182395	-51.757700	-4.023740	25.000000
9.936437	1.958434	0.199357	9.894690	1.964969	0.172707	-51.757700	-2.926040	25.000000
9.936474	1.958433	0.199378	10.014509	1.970814	0.220786	-50.973100	-19.714400	25.000000
9.936474	1.958433	0.199378	9.962053	1.962158	0.213369	-50.973100	-18.616700	25.000000
9.936290	1.958440	0.199272	9.900631	1.997767	0.263819	-50.973100	-18.145300	25.000000
9.936290	1.958440	0.199272	9.882692	1.976461	0.249252	-50.973100	-17.047600	25.000000
9.936474	1.958433	0.199378	9.839207	2.057277	0.339930	-50.973100	-16.576300	25.000000
9.936474	1.958433	0.199378	10.030454	2.139287	0.453066	-50.973100	-15.478600	25.000000
9.936474	1.958433	0.199378	9.921693	2.195156	0.463648	-50.973100	-15.007200	25.000000
9.936474	1.958433	0.199378	9.910600	1.825806	0.199441	-50.973100	-13.909500	25.000000
9.936290	1.958440	0.199272	10.276739	1.625120	0.266252	-50.973100	-13.438100	25.000000
9.936290	1.958440	0.199272	9.541188	1.503458	0.064122	-50.973100	-12.340400	25.000000
9.936474	1.958433	0.199378	9.962695	1.314037	0.221821	-50.973100	-11.869100	25.000000
9.936474	1.958433	0.199378	9.838974	1.381643	0.184204	-50.973100	-10.771400	25.000000
9.936474	1.958433	0.199378	9.569896	1.460856	0.050483	-50.973100	-10.300000	25.000000
9.936455	1.958434	0.199368	10.267093	1.576640	0.362419	-50.973100	-9.202310	25.000000
9.936437	1.958434	0.199357	9.900914	2.221825	6.144341	-50.973100	-8.730940	25.000000
9.936437	1.958434	0.199357	9.934893	1.909392	0.282257	-50.973100	-7.633240	25.000000
9.936455	1.958434	0.199368	9.895931	2.197033	0.067149	-50.973100	-7.161880	25.000000
9.936455	1.958434	0.199368	10.089942	2.100704	6.245617	-50.973100	-6.064180	25.000000
9.936455	1.958434	0.199368	9.958860	1.995108	0.129275	-50.973100	-5.592810	25.000000
9.936455	1.958434	0.199368	9.889737	2.020606	0.154442	-50.973100	-4.495110	25.000000
9.936437	1.958434	0.199357	9.949819	1.973565	0.183469	-50.973100	-4.023740	25.000000
9.936437	1.958434	0.199357	9.936705	1.974127	0.174862	-50.973100	-2.926040	25.000000
