9.937089	1.939997	2.744394	9.944848	1.941205	2.731035	49.014600	-32.588800	25.000000
9.937089	1.939997	2.744394	9.944848	1.941205	2.731035	49.014600	-31.491100	25.000000
9.937089	1.939997	2.744394	10.057336	1.947536	2.711425	49.014600	-31.019700	25.000000
9.937089	1.939997	2.744394	9.896464	1.953975	2.726687	49.014600	-29.922000	25.000000
9.937450	1.939983	2.744295	9.797959	1.991331	2.677945	49.014600	-29.450700	25.000000
9.937450	1.939983	2.744295	10.048383	1.958615	2.673137	49.014600	-28.353000	25.000000
9.937089	1.939997	2.744394	9.484197	2.089277	2.563691	49.014600	-27.881600	25.000000
9.937089	1.939997	2.744394	10.364362	2.074214	2.434161	49.014600	-26.783900	25.000000
9.937089	1.939997	2.744394	10.585367	1.646444	2.690656	49.014600	-26.312500	25.000000
9.937089	1.939997	2.744394	9.191844	2.120227	2.735026	49.014600	-25.214800	25.000000
9.937450	1.939983	2.744295	9.431352	1.413222	2.880990	49.014600	-24.743500	25.000000
9.937450	1.939983	2.744295	10.420921	1.507420	2.746802	49.014600	-23.645800	25.000000
9.937089	1.939997	2.744394	9.843272	1.324492	2.743578	49.014600	-23.174400	25.000000
9.937089	1.939997	2.744394	10.144949	1.208036	2.706239	49.014600	-22.076700	25.000000
9.937089	1.939997	2.744394	9.187491	1.395754	2.907337	49.014600	-21.605300	25.000000
9.937089	1.939997	2.744394	10.640019	1.362527	2.596231	49.014600	-20.507600	25.000000
9.937450	1.939983	2.744295	9.805101	2.216459	3.052089	49.014600	-20.036300	25.000000
9.937450	1.939983	2.744295	10.050871	1.750857	2.646281	49.014600	-18.938600	25.000000
9.937089	1.939997	2.744394	10.076016	2.285006	2.968670	49.014600	-18.467200	25.000000
9.937089	1.939997	2.744394	9.869326	2.137694	2.967755	49.014600	-17.369500	25.000000
9.937089	1.939997	2.744394	9.930257	1.996410	2.826835	49.014600	-16.898100	25.000000
9.937089	1.939997	2.744394	10.016986	2.036707	2.823376	49.014600	-15.800400	25.000000
9.937450	1.939983	2.744295	9.944848	1.941205	2.731035	49.799100	-33.060200	25.000000
9.937089	1.939997	2.744394	9.944848	1.941205	2.731035	49.799100	-32.588800	25.000000
9.937089	1.939997	2.744394	9.944848	1.941205	2.731035	49.799100	-31.491100	25.000000
9.937089	1.939997	2.744394	9.934284	1.952441	2.716760	49.799100	-31.019700	25.000000
9.937089	1.939997	2.744394	9.972963	1.950885	2.706922	49.799100	-29.922000	25.000000
9.937450	1.939983	2.744295	10.034441	1.991708	2.589938	49.799100	-29.450700	25.000000
9.937450	1.939983	2.744295	9.800510	1.991214	2.652950	49.799100	-28.353000	25.000000
9.937089	1.939997	2.744394	9.689685	2.019115	2.626708	49.799100	-27.881600	25.000000
9.937089	1.939997	2.744394	10.161201	2.040590	2.489262	49.799100	-26.783900	25.000000
9.937089	1.939997	2.744394	9.132431	1.755810	3.010882	49.799100	-26.312500	25.000000
9.937089	1.939997	2.744394	10.619200	1.483107	2.809379	49.799100	-25.214800	25.000000
9.937450	1.939983	2.744295	10.192644	1.251444	2.738058	49.799100	-24.743500	25.000000
9.937450	1.939983	2.744295	9.713393	1.331739	2.873482	49.799100	-23.645800	25.000000
9.937089	1.939997	2.744394	10.144457	1.089073	2.692869	49.799100	-23.174400	25.000000
9.937089	1.939997	2.744394	9.767804	1.193339	2.697647	49.799100	-22.076700	25.000000
9.937089	1.939997	2.744394	9.291932	1.320670	2.928948	49.799100	-21.605300	25.000000
9.937089	1.939997	2.744394	10.627323	1.235192	2.619974	49.799100	-20.507600	25.000000
9.937450	1.939983	2.744295	9.392550	1.581443	2.816475	49.799100	-20.036300	25.000000
9.937450	1.939983	2.744295	10.542296	2.176251	2.849031	49.799100	-18.938600	25.000000
9.937089	1.939997	2.744394	9.849873	2.138952	2.984365	49.799100	-18.467200	25.000000
9.937089	1.939997	2.744394	10.071648	2.259384	3.000969	49.799100	-17.369500	25.000000
9.937089	1.939997	2.744394	10.045397	2.035286	2.812800	49.799100	-16.898100	25.000000
9.937089	1.939997	2.744394	9.861541	1.988449	2.837384	49.799100	-15.800400	25.000000
9.936229	1.940031	2.744353	9.944848	1.941205	2.731035	50.583600	-35.726900	25.000000
9.936229	1.940031	2.744353	9.944848	1.941205	2.731035	50.583600	-34.629200	25.000000
9.936229	1.940031	2.744353	9.944848	1.941205	2.731035	50.583600	-32.588800	25.000000
9.936229	1.940031	2.744353	9.859513	1.944568	2.726687	50.583600	-31.491100	25.000000
9.936229	1.940031	2.744353	9.888883	1.954284	2.702330	50.583600	-31.019700	25.000000
9.936229	1.940031	2.744353	9.969453	1.951026	2.682776	50.583600	-29.922000	25.000000
9.936590	1.940017	2.744253	9.930257	2.052433	2.509455	50.583600	-29.450700	25.000000
9.936590	1.940017	2.744253	9.993998	1.982575	2.589938	50.583600	-28.353000	25.000000
9.936229	1.940031	2.744353	8.215838	2.093282	2.957970	50.583600	-27.881600	25.000000
9.936229	1.940031	2.744353	11.386395	1.702917	2.622447	50.583600	-26.783900	25.000000
9.936229	1.940031	2.744353	9.944838	1.309404	2.992188	50.583600	-26.312500	25.000000
9.936229	1.940031	2.744353	9.912583	1.592992	2.935292	50.583600	-25.214800	25.000000
9.936590	1.940017	2.744253	9.657122	1.222053	2.816358	50.583600	-24.743500	25.000000
9.936590	1.940017	2.744253	10.141992	1.197357	2.715842	50.583600	-23.645800	25.000000
9.936229	1.940031	2.744353	10.219100	1.136491	2.731035	50.583600	-23.174400	25.000000
9.936229	1.940031	2.744353	9.647279	1.199529	2.692869	50.583600	-22.076700	25.000000
9.936229	1.940031	2.744353	9.778037	1.343859	2.776680	50.583600	-21.605300	25.000000
9.936229	1.940031	2.744353	10.074721	1.151674	2.809533	50.583600	-20.507600	25.000000
9.936590	1.940017	2.744253	10.667338	2.070348	2.792822	50.583600	-20.036300	25.000000
9.936590	1.940017	2.744253	9.224966	1.462181	2.819842	50.583600	-18.938600	25.000000
9.936229	1.940031	2.744353	10.014869	2.140281	3.051362	50.583600	-18.467200	25.000000
9.936229	1.940031	2.744353	9.859533	2.187220	2.951510	50.583600	-17.369500	25.000000
9.936229	1.940031	2.744353	9.875728	1.998914	2.848004	50.583600	-16.898100	25.000000
9.936229	1.940031	2.744353	10.060318	2.001469	2.795625	50.583600	-15.800400	25.000000
9.937450	1.939983	2.744295	9.944848	1.941205	2.731035	51.368200	-34.157900	25.000000
9.937089	1.939997	2.744394	9.897474	1.943064	2.716760	51.368200	-32.588800	25.000000
9.937089	1.939997	2.744394	9.982485	1.939741	2.721187	51.368200	-31.491100	25.000000
9.937089	1.939997	2.744394	10.053358	1.947692	2.663592	51.368200	-31.019700	25.000000
9.937089	1.939997	2.744394	9.880789	1.976543	2.673019	51.368200	-29.922000	25.000000
9.937450	1.939983	2.744295	9.407975	2.069534	2.476303	51.368200	-29.450700	25.000000
9.937450	1.939983	2.744295	10.439828	1.995317	2.445508	51.368200	-28.353000	25.000000
9.937089	1.939997	2.744394	8.869611	1.763655	3.107124	51.368200	-27.881600	25.000000
9.937089	1.939997	2.744394	10.883860	1.776210	2.631759	51.368200	-26.783900	25.000000
9.937089	1.939997	2.744394	10.587356	1.371122	2.837213	51.368200	-26.312500	25.000000
9.937089	1.939997	2.744394	9.211411	1.204402	3.140430	51.368200	-25.214800	25.000000
9.937450	1.939983	2.744295	10.129166	1.077106	2.798569	51.368200	-24.743500	25.000000
9.937450	1.939983	2.744295	9.776502	1.204670	2.712245	51.368200	-23.645800	25.000000
9.937089	1.939997	2.744394	9.479451	1.259887	2.767259	51.368200	-23.174400	25.000000
9.937089	1.939997	2.744394	10.307764	1.234653	2.751545	51.368200	-22.076700	25.000000
9.937089	1.939997	2.744394	9.900000	1.252308	2.725528	51.368200	-21.605300	25.000000
9.937089	1.939997	2.744394	9.964939	1.211910	2.802895	51.368200	-20.507600	25.000000
9.937450	1.939983	2.744295	10.511898	1.523213	2.498092	51.368200	-20.036300	25.000000
9.937450	1.939983	2.744295	9.419496	1.853766	3.041924	51.368200	-18.938600	25.000000
9.937089	1.939997	2.744394	9.872836	2.161667	2.986069	51.368200	-18.467200	25.000000
9.937089	1.939997	2.744394	9.921598	2.098963	3.014053	51.368200	-17.369500	25.000000
9.937089	1.939997	2.744394	9.821405	1.979142	2.837384	51.368200	-16.898100	25.000000
9.937089	1.939997	2.744394	10.072239	2.011876	2.805954	51.368200	-15.800400	25.000000
9.937089	1.939997	2.744394	9.897474	1.943064	2.716760	52.152700	-32.588800	25.000000
9.937089	1.939997	2.744394	9.972963	1.950885	2.706922	52.152700	-31.491100	25.000000
9.937089	1.939997	2.744394	10.141006	1.954887	2.630362	52.152700	-31.019700	25.000000
9.937089	1.939997	2.744394	9.688137	1.985102	2.622447	52.152700	-29.922000	25.000000
9.937450	1.939983	2.744295	9.471536	1.995181	2.672764	52.152700	-29.450700	25.000000
9.937450	1.939983	2.744295	10.427368	1.985355	2.527433	52.152700	-28.353000	25.000000
9.937089	1.939997	2.744394	10.884048	1.426044	2.786951	52.152700	-27.881600	25.000000
9.937089	1.939997	2.744394	8.885100	1.824491	3.128803	52.152700	-26.783900	25.000000
9.937089	1.939997	2.744394	10.094553	0.871196	3.063828	52.152700	-26.312500	25.000000
9.937089	1.939997	2.744394	9.810708	1.173061	3.041924	52.152700	-25.214800	25.000000
9.937450	1.939983	2.744295	9.188036	1.108245	2.908413	52.152700	-24.743500	25.000000
9.937450	1.939983	2.744295	10.585367	0.990913	2.672895	52.152700	-23.645800	25.000000
9.937089	1.939997	2.744394	9.687621	1.255947	2.775198	52.152700	-23.174400	25.000000
9.937089	1.939997	2.744394	10.184793	1.209520	2.776680	52.152700	-22.076700	25.000000
9.937089	1.939997	2.744394	9.598437	1.163751	2.708392	52.152700	-21.605300	25.000000
9.937089	1.939997	2.744394	10.222524	1.200442	2.649783	52.152700	-20.507600	25.000000
9.937450	1.939983	2.744295	8.426292	1.473328	2.998009	52.152700	-20.036300	25.000000
9.937450	1.939983	2.744295	11.166024	1.706444	2.432966	52.152700	-18.938600	25.000000
9.937089	1.939997	2.744394	9.940322	2.121306	3.011381	52.152700	-18.467200	25.000000
9.937089	1.939997	2.744394	9.868764	2.078742	2.972631	52.152700	-17.369500	25.000000
9.937089	1.939997	2.744394	9.988493	1.993768	2.805954	52.152700	-16.898100	25.000000
9.937089	1.939997	2.744394	9.849365	1.977914	2.826835	52.152700	-15.800400	25.000000
9.936229	1.940031	2.744353	9.944848	1.941205	2.731035	52.937200	-35.726900	25.000000
9.936590	1.940017	2.744253	9.944848	1.941205	2.731035	52.937200	-34.157900	25.000000
9.936590	1.940017	2.744253	9.944848	1.941205	2.731035	52.937200	-33.060200	25.000000
9.936229	1.940031	2.744353	9.936297	1.941539	2.706922	52.937200	-32.588800	25.000000
9.936229	1.940031	2.744353	9.888883	1.954284	2.702330	52.937200	-31.491100	25.000000
9.936229	1.940031	2.744353	9.900000	1.964746	2.614306	52.937200	-31.019700	25.000000
9.936229	1.940031	2.744353	9.924717	1.974643	2.535355	52.937200	-29.922000	25.000000
9.936590	1.940017	2.744253	9.211949	1.902510	2.921678	52.937200	-29.450700	25.000000
9.936590	1.940017	2.744253	10.594338	1.917505	2.469986	52.937200	-28.353000	25.000000
9.936229	1.940031	2.744353	10.225087	0.981836	3.165118	52.937200	-27.881600	25.000000
9.936229	1.940031	2.744353	9.595238	1.747849	2.966000	52.937200	-26.783900	25.000000
9.936229	1.940031	2.744353	9.666483	0.804993	3.281257	52.937200	-26.312500	25.000000
9.936229	1.940031	2.744353	10.190682	0.758086	3.098762	52.937200	-25.214800	25.000000
9.936590	1.940017	2.744253	9.976973	0.820891	2.906580	52.937200	-24.743500	25.000000
9.936590	1.940017	2.744253	9.945351	1.008758	2.789776	52.937200	-23.645800	25.000000
9.936229	1.940031	2.744353	9.968952	1.056955	2.714012	52.937200	-23.174400	25.000000
9.936229	1.940031	2.744353	9.914636	1.042219	2.745903	52.937200	-22.076700	25.000000
9.936229	1.940031	2.744353	10.265963	1.073211	2.593569	52.937200	-21.605300	25.000000
9.936229	1.940031	2.744353	9.552487	1.184387	2.541052	52.937200	-20.507600	25.000000
9.936590	1.940017	2.744253	8.321805	1.543275	2.972491	52.937200	-20.036300	25.000000
9.936590	1.940017	2.744253	11.248689	1.596411	2.337329	52.937200	-18.938600	25.000000
9.936229	1.940031	2.744353	9.934465	2.086598	2.960083	52.937200	-18.467200	25.000000
9.936229	1.940031	2.744353	9.911211	2.076359	3.013233	52.937200	-17.369500	25.000000
9.936229	1.940031	2.744353	9.936800	1.974123	2.830222	52.937200	-16.898100	25.000000
9.936229	1.940031	2.744353	9.978477	1.983255	2.795625	52.937200	-15.800400	25.000000
9.937089	1.939997	2.744394	9.944848	1.941205	2.731035	53.721800	-35.726900	25.000000
9.937450	1.939983	2.744295	9.944848	1.941205	2.731035	53.721800	-34.157900	25.000000
9.937450	1.939983	2.744295	9.946859	1.930364	2.721187	53.721800	-33.060200	25.000000
9.937089	1.939997	2.744394	9.974467	1.940052	2.673137	53.721800	-32.588800	25.000000
9.937089	1.939997	2.744394	9.891916	1.943284	2.692507	53.721800	-31.491100	25.000000
9.937089	1.939997	2.744394	10.390861	1.965954	2.452195	53.721800	-31.019700	25.000000
9.937089	1.939997	2.744394	9.478924	1.983284	2.528037	53.721800	-29.922000	25.000000
9.937450	1.939983	2.744295	10.063742	1.553903	2.961739	53.721800	-29.450700	25.000000
9.937450	1.939983	2.744295	9.775664	2.042258	2.544036	53.721800	-28.353000	25.000000
9.937089	1.939997	2.744394	8.871843	1.366489	3.511411	53.721800	-27.881600	25.000000
9.937089	1.939997	2.744394	10.857721	0.700635	3.140164	53.721800	-26.783900	25.000000
9.937089	1.939997	2.744394	10.318256	0.652270	3.370306	53.721800	-26.312500	25.000000
9.937089	1.939997	2.744394	9.526411	0.611520	3.391006	53.721800	-25.214800	25.000000
9.937450	1.939983	2.744295	9.566943	0.780189	2.827361	53.721800	-24.743500	25.000000
9.937450	1.939983	2.744295	10.286520	0.710135	2.892997	53.721800	-23.645800	25.000000
9.937089	1.939997	2.744394	9.980982	0.821265	2.610563	53.721800	-23.174400	25.000000
9.937089	1.939997	2.744394	9.845811	0.836135	2.610563	53.721800	-22.076700	25.000000
9.937089	1.939997	2.744394	8.999444	1.072639	2.536048	53.721800	-21.605300	25.000000
9.937089	1.939997	2.744394	10.730331	1.096571	2.363602	53.721800	-20.507600	25.000000
9.937450	1.939983	2.744295	7.632017	1.311209	2.867017	53.721800	-20.036300	25.000000
9.937450	1.939983	2.744295	11.727811	1.756552	2.350060	53.721800	-18.938600	25.000000
9.937089	1.939997	2.744394	9.842383	2.034257	2.987648	53.721800	-18.467200	25.000000
9.937089	1.939997	2.744394	9.992342	2.083317	2.983618	53.721800	-17.369500	25.000000
9.937089	1.939997	2.744394	9.986992	1.961128	2.799297	53.721800	-16.898100	25.000000
9.937089	1.939997	2.744394	9.908078	1.975361	2.805954	53.721800	-15.800400	25.000000
9.937089	1.939997	2.744394	9.944848	1.941205	2.731035	54.506300	-34.629200	25.000000
9.937450	1.939983	2.744295	9.897474	1.943064	2.716760	54.506300	-34.157900	25.000000
9.937450	1.939983	2.744295	9.944848	1.941205	2.731035	54.506300	-33.060200	25.000000
9.937089	1.939997	2.744394	10.100000	1.935247	2.668467	54.506300	-32.588800	25.000000
9.937089	1.939997	2.744394	9.766268	1.948316	2.673019	54.506300	-31.491100	25.000000
9.937089	1.939997	2.744394	9.786726	1.958500	2.489262	54.506300	-31.019700	25.000000
9.937089	1.939997	2.744394	10.124722	1.966216	2.401618	54.506300	-29.922000	25.000000
9.937450	1.939983	2.744295	9.278523	2.122597	3.122608	54.506300	-29.450700	25.000000
9.937450	1.939983	2.744295	10.305486	1.068441	2.970255	54.506300	-28.353000	25.000000
9.937089	1.939997	2.744394	9.876234	0.930549	4.061312	54.506300	-27.881600	25.000000
9.937089	1.939997	2.744394	10.044401	0.598235	3.283490	54.506300	-26.783900	25.000000
9.937089	1.939997	2.744394	10.512830	0.596049	3.512659	54.506300	-26.312500	25.000000
9.937089	1.939997	2.744394	9.278922	0.552163	3.629133	54.506300	-25.214800	25.000000
9.937450	1.939983	2.744295	9.683987	0.541212	2.865496	54.506300	-24.743500	25.000000
9.937450	1.939983	2.744295	10.130000	0.556776	2.682958	54.506300	-23.645800	25.000000
9.937089	1.939997	2.744394	9.934284	0.599843	2.444571	54.506300	-23.174400	25.000000
9.937089	1.939997	2.744394	9.873702	0.692392	2.412315	54.506300	-22.076700	25.000000
9.937089	1.939997	2.744394	10.876121	1.008325	2.225167	54.506300	-21.605300	25.000000
9.937089	1.939997	2.744394	8.810221	1.186869	2.451557	54.506300	-20.507600	25.000000
9.937450	1.939983	2.744295	8.587019	1.821462	2.972491	54.506300	-20.036300	25.000000
9.937450	1.939983	2.744295	11.064918	1.451216	2.181522	54.506300	-18.938600	25.000000
9.937089	1.939997	2.744394	10.040100	2.069267	2.977563	54.506300	-18.467200	25.000000
9.937089	1.939997	2.744394	9.812365	2.024417	2.976444	54.506300	-17.369500	25.000000
9.937089	1.939997	2.744394	9.918669	1.953073	2.809533	54.506300	-16.898100	25.000000
9.937089	1.939997	2.744394	9.938813	1.974037	2.795625	54.506300	-15.800400	25.000000
9.936229	1.940031	2.744353	9.944848	1.941205	2.731035	55.290800	-35.726900	25.000000
9.936229	1.940031	2.744353	9.944848	1.941205	2.731035	55.290800	-34.629200	25.000000
9.936590	1.940017	2.744253	9.936297	1.941539	2.706922	55.290800	-34.157900	25.000000
9.936590	1.940017	2.744253	9.982485	1.939741	2.721187	55.290800	-33.060200	25.000000
9.936229	1.940031	2.744353	9.952387	1.940911	2.610415	55.290800	-32.588800	25.000000
9.936229	1.940031	2.744353	9.977976	1.939916	2.649107	55.290800	-31.491100	25.000000
9.936229	1.940031	2.744353	9.708244	1.939620	2.608749	55.290800	-31.019700	25.000000
9.936229	1.940031	2.744353	10.141499	1.933686	2.483325	55.290800	-29.922000	25.000000
9.936590	1.940017	2.744253	9.589708	0.611852	3.196084	55.290800	-29.450700	25.000000
9.936590	1.940017	2.744253	9.744973	1.990390	3.478267	55.290800	-28.353000	25.000000
9.936229	1.940031	2.744353	10.336827	0.865620	4.237378	55.290800	-27.881600	25.000000
9.936229	1.940031	2.744353	9.596874	0.482786	3.911119	55.290800	-26.783900	25.000000
9.936229	1.940031	2.744353	9.585927	0.544434	3.623256	55.290800	-26.312500	25.000000
9.936229	1.940031	2.744353	10.214695	0.532572	3.734943	55.290800	-25.214800	25.000000
9.936590	1.940017	2.744253	10.402062	0.395267	2.539048	55.290800	-24.743500	25.000000
9.936590	1.940017	2.744253	9.402042	0.359801	2.381830	55.290800	-23.645800	25.000000
9.936229	1.940031	2.744353	10.416813	0.546424	2.009656	55.290800	-23.174400	25.000000
9.936229	1.940031	2.744353	9.472592	0.524338	2.311448	55.290800	-22.076700	25.000000
9.936229	1.940031	2.744353	9.762172	0.908896	2.227284	55.290800	-21.605300	25.000000
9.936229	1.940031	2.744353	10.073728	1.330239	2.283857	55.290800	-20.507600	25.000000
9.936590	1.940017	2.744253	9.284934	1.253147	2.146221	55.290800	-20.036300	25.000000
9.936590	1.940017	2.744253	10.416665	2.003713	2.829875	55.290800	-18.938600	25.000000
9.936229	1.940031	2.744353	9.982986	2.016101	2.985568	55.290800	-18.467200	25.000000
9.936229	1.940031	2.744353	9.883162	2.020927	2.929871	55.290800	-17.369500	25.000000
9.936229	1.940031	2.744353	9.893938	1.954078	2.785373	55.290800	-16.898100	25.000000
9.936229	1.940031	2.744353	9.949372	1.951833	2.799297	55.290800	-15.800400	25.000000
9.937089	1.939997	2.744394	9.944848	1.941205	2.731035	56.075400	-35.726900	25.000000
9.937089	1.939997	2.744394	9.944848	1.941205	2.731035	56.075400	-34.629200	25.000000
9.937450	1.939983	2.744295	9.897474	1.943064	2.716760	56.075400	-34.157900	25.000000
9.937450	1.939983	2.744295	10.020978	1.938257	2.711425	56.075400	-33.060200	25.000000
9.937089	1.939997	2.744394	9.732934	1.949674	2.568926	56.075400	-32.588800	25.000000
9.937089	1.939997	2.744394	10.160709	1.932968	2.612003	56.075400	-31.491100	25.000000
9.937089	1.939997	2.744394	11.060741	1.752616	2.814028	56.075400	-31.019700	25.000000
9.937089	1.939997	2.744394	8.528775	2.019531	2.823957	56.075400	-29.922000	25.000000
9.937450	1.939983	2.744295	8.191459	0.310400	3.101614	56.075400	-29.450700	25.000000
9.937450	1.939983	2.744295	10.783784	1.682305	4.012872	56.075400	-28.353000	25.000000
9.937089	1.939997	2.744394	11.077003	0.606721	4.305418	56.075400	-27.881600	25.000000
9.937089	1.939997	2.744394	8.594184	0.920955	4.242206	56.075400	-26.783900	25.000000
9.937089	1.939997	2.744394	10.304640	0.422149	3.592529	56.075400	-26.312500	25.000000
9.937089	1.939997	2.744394	9.684813	0.499833	3.890422	56.075400	-25.214800	25.000000
9.937450	1.939983	2.744295	10.110237	0.285846	2.072103	56.075400	-24.743500	25.000000
9.937450	1.939983	2.744295	9.777674	0.345462	1.652433	56.075400	-23.645800	25.000000
9.937089	1.939997	2.744394	9.778548	0.345710	1.661456	56.075400	-23.174400	25.000000
9.937089	1.939997	2.744394	10.102084	0.588973	1.956266	56.075400	-22.076700	25.000000
9.937089	1.939997	2.744394	11.301770	1.072646	2.029939	56.075400	-21.605300	25.000000
9.937089	1.939997	2.744394	8.388683	1.330061	2.416989	56.075400	-20.507600	25.000000
9.937450	1.939983	2.744295	12.859689	1.883822	2.338855	56.075400	-20.036300	25.000000
9.937450	1.939983	2.744295	5.417389	1.210482	2.757423	56.075400	-18.938600	25.000000
9.937089	1.939997	2.744394	9.997380	2.004363	2.946359	56.075400	-18.467200	25.000000
9.937089	1.939997	2.744394	9.891916	1.987087	2.907337	56.075400	-17.369500	25.000000
9.937089	1.939997	2.744394	9.893938	1.954078	2.785373	56.075400	-16.898100	25.000000
9.937089	1.939997	2.744394	9.980982	1.950564	2.789135	56.075400	-15.800400	25.000000
9.937089	1.939997	2.744394	9.909087	1.931798	2.731035	56.859900	-35.726900	25.000000
9.937089	1.939997	2.744394	9.944848	1.941205	2.731035	56.859900	-34.629200	25.000000
9.937450	1.939983	2.744295	9.936297	1.941539	2.706922	56.859900	-34.157900	25.000000
9.937450	1.939983	2.744295	9.940322	1.930612	2.697173	56.859900	-33.060200	25.000000
9.937089	1.939997	2.744394	9.642614	1.920086	2.489262	56.859900	-32.588800	25.000000
9.937089	1.939997	2.744394	10.259630	1.908579	2.562186	56.859900	-31.491100	25.000000
9.937089	1.939997	2.744394	8.970245	1.987416	3.168415	56.859900	-31.019700	25.000000
9.937089	1.939997	2.744394	10.862808	1.562511	3.464799	56.859900	-29.922000	25.000000
9.937450	1.939983	2.744295	5.188921	0.389635	3.345953	56.859900	-29.450700	25.000000
9.937450	1.939983	2.744295	12.734791	1.324898	4.555492	56.859900	-28.353000	25.000000
9.937089	1.939997	2.744394	12.535549	0.825661	4.263303	56.859900	-27.881600	25.000000
9.937089	1.939997	2.744394	6.392183	0.744727	4.383339	56.859900	-26.783900	25.000000
9.937089	1.939997	2.744394	9.929451	0.357977	3.935121	56.859900	-26.312500	25.000000
9.937089	1.939997	2.744394	9.845161	0.171935	4.190297	56.859900	-25.214800	25.000000
9.937450	1.939983	2.744295	9.829654	0.387729	1.037299	56.859900	-24.743500	25.000000
9.937450	1.939983	2.744295	10.038033	0.358459	1.459826	56.859900	-23.645800	25.000000
9.937089	1.939997	2.744394	9.015818	0.304893	1.639945	56.859900	-23.174400	25.000000
9.937089	1.939997	2.744394	10.771851	0.581734	1.490966	56.859900	-22.076700	25.000000
9.937089	1.939997	2.744394	6.884766	1.087394	2.425849	56.859900	-21.605300	25.000000
9.937089	1.939997	2.744394	12.226201	1.373214	2.056828	56.859900	-20.507600	25.000000
9.937450	1.939983	2.744295	11.450397	1.978490	2.656672	56.859900	-20.036300	25.000000
9.937450	1.939983	2.744295	8.018784	1.378817	2.045807	56.859900	-18.938600	25.000000
9.937089	1.939997	2.744394	9.876457	1.965737	2.877457	56.859900	-18.467200	25.000000
9.937089	1.939997	2.744394	9.985209	1.982960	2.907748	56.859900	-17.369500	25.000000
9.937089	1.939997	2.744394	9.980982	1.950564	2.789135	56.859900	-16.898100	25.000000
9.937089	1.939997	2.744394	9.889894	1.943364	2.775198	56.859900	-15.800400	25.000000
9.936229	1.940031	2.744353	9.944848	1.941205	2.731035	57.644400	-35.726900	25.000000
9.936229	1.940031	2.744353	9.944848	1.941205	2.731035	57.644400	-34.629200	25.000000
9.936590	1.940017	2.744253	9.813256	1.935487	2.677945	57.644400	-34.157900	25.000000
9.936590	1.940017	2.744253	10.065287	1.925945	2.692162	57.644400	-33.060200	25.000000
9.936229	1.940031	2.744353	10.481889	1.891073	2.455863	57.644400	-32.588800	25.000000
9.936229	1.940031	2.744353	9.379232	1.896373	2.459822	57.644400	-31.491100	25.000000
9.936229	1.940031	2.744353	12.262039	1.880741	3.884592	57.644400	-31.019700	25.000000
9.936229	1.940031	2.744353	6.613025	1.324866	3.682012	57.644400	-29.922000	25.000000
9.936590	1.940017	2.744253	11.019873	0.917267	5.156612	57.644400	-29.450700	25.000000
9.936590	1.940017	2.744253	8.448136	1.582634	4.185064	57.644400	-28.353000	25.000000
9.936229	1.940031	2.744353	5.968249	0.716681	3.800399	57.644400	-27.881600	25.000000
9.936229	1.940031	2.744353	12.651482	0.946025	4.446137	57.644400	-26.783900	25.000000
9.936229	1.940031	2.744353	9.637453	0.169094	6.084581	57.644400	-26.312500	25.000000
9.936229	1.940031	2.744353	10.259240	0.176419	4.925034	57.644400	-25.214800	25.000000
9.936590	1.940017	2.744253	10.145935	0.540432	0.934958	57.644400	-24.743500	25.000000
9.936590	1.940017	2.744253	9.623409	0.416682	0.730907	57.644400	-23.645800	25.000000
9.936229	1.940031	2.744353	10.088112	0.638610	1.504228	57.644400	-23.174400	25.000000
9.936229	1.940031	2.744353	9.824200	0.412541	0.905968	57.644400	-22.076700	25.000000
9.936229	1.940031	2.744353	9.178802	0.992125	1.888432	57.644400	-21.605300	25.000000
9.936229	1.940031	2.744353	10.510571	1.751599	2.410934	57.644400	-20.507600	25.000000
9.936590	1.940017	2.744253	10.092889	1.933395	2.668467	57.644400	-20.036300	25.000000
9.936590	1.940017	2.744253	9.807247	1.713007	2.173084	57.644400	-18.938600	25.000000
9.936229	1.940031	2.744353	10.008996	1.971047	2.878195	57.644400	-18.467200	25.000000
9.936229	1.940031	2.744353	9.931767	1.963417	2.854311	57.644400	-17.369500	25.000000
9.936229	1.940031	2.744353	9.976973	1.939955	2.779048	57.644400	-16.898100	25.000000
9.936229	1.940031	2.744353	9.923709	1.942032	2.765102	57.644400	-15.800400	25.000000
9.937089	1.939997	2.744394	9.944848	1.941205	2.731035	58.429000	-35.726900	25.000000
9.937089	1.939997	2.744394	9.909087	1.931798	2.731035	58.429000	-34.629200	25.000000
9.937450	1.939983	2.744295	9.863569	1.922718	2.658624	58.429000	-34.157900	25.000000
9.937450	1.939983	2.744295	10.022475	1.927530	2.677945	58.429000	-33.060200	25.000000
9.937089	1.939997	2.744394	10.242070	1.878292	2.479651	58.429000	-32.588800	25.000000
9.937089	1.939997	2.744394	9.646761	1.865287	2.448241	58.429000	-31.491100	25.000000
9.937089	1.939997	2.744394	13.118857	1.871045	3.876187	58.429000	-31.019700	25.000000
9.937089	1.939997	2.744394	3.816032	1.335402	4.957368	58.429000	-29.922000	25.000000
9.937450	1.939983	2.744295	4.022748	1.380728	4.004037	58.429000	-29.450700	25.000000
9.937450	1.939983	2.744295	13.256489	1.343289	4.664364	58.429000	-28.353000	25.000000
9.937089	1.939997	2.744394	11.843564	1.068689	4.586839	58.429000	-27.881600	25.000000
9.937089	1.939997	2.744394	7.465313	0.590778	4.058306	58.429000	-26.783900	25.000000
9.937089	1.939997	2.744394	10.725321	0.343158	6.213852	58.429000	-26.312500	25.000000
9.937089	1.939997	2.744394	9.001561	0.425208	0.247591	58.429000	-25.214800	25.000000
9.937450	1.939983	2.744295	10.056341	0.667173	0.785398	58.429000	-24.743500	25.000000
9.937450	1.939983	2.744295	9.824968	0.583375	0.480175	58.429000	-23.645800	25.000000
9.937089	1.939997	2.744394	11.004090	0.782962	1.187898	58.429000	-23.174400	25.000000
9.937089	1.939997	2.744394	8.677557	0.503659	0.989416	58.429000	-22.076700	25.000000
9.937089	1.939997	2.744394	5.853195	1.670565	2.863293	58.429000	-21.605300	25.000000
9.937089	1.939997	2.744394	12.611164	1.500642	1.988214	58.429000	-20.507600	25.000000
9.937450	1.939983	2.744295	9.580710	1.944770	2.612711	58.429000	-20.036300	25.000000
9.937450	1.939983	2.744295	10.304853	1.938051	2.701197	58.429000	-18.938600	25.000000
9.937089	1.939997	2.744394	9.976973	1.950725	2.823255	58.429000	-18.467200	25.000000
9.937089	1.939997	2.744394	9.920685	1.952991	2.843892	58.429000	-17.369500	25.000000
9.937089	1.939997	2.744394	10.010494	1.938660	2.769038	58.429000	-16.898100	25.000000
9.937089	1.939997	2.744394	9.889894	1.943364	2.775198	58.429000	-15.800400	25.000000
9.937089	1.939997	2.744394	9.946859	1.930364	2.721187	59.213500	-35.726900	25.000000
9.937089	1.939997	2.744394	9.946859	1.930364	2.721187	59.213500	-34.629200	25.000000
9.937450	1.939983	2.744295	10.126204	1.913211	2.626348	59.213500	-34.157900	25.000000
9.937450	1.939983	2.744295	9.829547	1.913168	2.658624	59.213500	-33.060200	25.000000
9.937089	1.939997	2.744394	9.631718	1.887537	2.550560	59.213500	-32.588800	25.000000
9.937089	1.939997	2.744394	10.208330	1.910345	2.631467	59.213500	-31.491100	25.000000
9.937089	1.939997	2.744394	3.471743	2.298788	2.127760	59.213500	-31.019700	25.000000
9.937089	1.939997	2.744394	12.807552	1.769644	4.442295	59.213500	-29.922000	25.000000
9.937450	1.939983	2.744295	9.709794	1.885985	3.834944	59.213500	-29.450700	25.000000
9.937450	1.939983	2.744295	9.988298	1.137912	4.590770	59.213500	-28.353000	25.000000
9.937089	1.939997	2.744394	10.121388	0.736230	5.096994	59.213500	-27.881600	25.000000
9.937089	1.939997	2.744394	9.707343	1.088780	4.694949	59.213500	-26.783900	25.000000
9.937089	1.939997	2.744394	10.705251	0.653431	0.182327	59.213500	-26.312500	25.000000
9.937089	1.939997	2.744394	9.186191	0.737367	0.472337	59.213500	-25.214800	25.000000
9.937450	1.939983	2.744295	10.701869	0.767714	0.415492	59.213500	-24.743500	25.000000
9.937450	1.939983	2.744295	9.172786	0.843288	0.588003	59.213500	-23.645800	25.000000
9.937089	1.939997	2.744394	10.294173	1.018588	1.281525	59.213500	-23.174400	25.000000
9.937089	1.939997	2.744394	9.565041	0.779988	0.837981	59.213500	-22.076700	25.000000
9.937089	1.939997	2.744394	10.406325	1.478413	1.956679	59.213500	-21.605300	25.000000
9.937089	1.939997	2.744394	9.383944	1.927869	2.805455	59.213500	-20.507600	25.000000
9.937450	1.939983	2.744295	9.931974	1.963408	2.945266	59.213500	-20.036300	25.000000
9.937450	1.939983	2.744295	9.948588	1.962717	2.935665	59.213500	-18.938600	25.000000
9.937089	1.939997	2.744394	10.006498	1.949547	2.813039	59.213500	-18.467200	25.000000
9.937089	1.939997	2.744394	9.793876	1.947198	2.805954	59.213500	-17.369500	25.000000
9.937089	1.939997	2.744394	9.837174	1.945459	2.761086	59.213500	-16.898100	25.000000
9.937089	1.939997	2.744394	10.010494	1.938660	2.769038	59.213500	-15.800400	25.000000
9.936229	1.940031	2.744353	9.946859	1.930364	2.721187	59.998000	-35.726900	25.000000
9.936229	1.940031	2.744353	9.900505	1.932125	2.706922	59.998000	-34.629200	25.000000
9.936590	1.940017	2.744253	10.074721	1.904508	2.588561	59.998000	-34.157900	25.000000
9.936590	1.940017	2.744253	9.757561	1.904930	2.643978	59.998000	-33.060200	25.000000
9.936229	1.940031	2.744353	8.698276	1.910703	2.869993	59.998000	-32.588800	25.000000
9.936229	1.940031	2.744353	11.092790	2.038394	2.791096	59.998000	-31.491100	25.000000
9.936229	1.940031	2.744353	12.467734	1.838672	4.317982	59.998000	-31.019700	25.000000
9.936229	1.940031	2.744353	4.770629	2.492348	0.719156	59.998000	-29.922000	25.000000
9.936590	1.940017	2.744253	6.392446	0.987841	4.939188	59.998000	-29.450700	25.000000
9.936590	1.940017	2.744253	12.063643	1.903589	3.802636	59.998000	-28.353000	25.000000
9.936229	1.940031	2.744353	9.513149	0.954340	5.379082	59.998000	-27.881600	25.000000
9.936229	1.940031	2.744353	10.311159	1.108373	5.234223	59.998000	-26.783900	25.000000
9.936229	1.940031	2.744353	9.560858	0.945026	0.301345	59.998000	-26.312500	25.000000
9.936229	1.940031	2.744353	10.342147	1.021444	0.575425	59.998000	-25.214800	25.000000
9.936590	1.940017	2.744253	9.841240	0.977771	0.298499	59.998000	-24.743500	25.000000
9.936590	1.940017	2.744253	10.026964	1.037205	0.442925	59.998000	-23.645800	25.000000
9.936229	1.940031	2.744353	7.269801	1.052732	1.163826	59.998000	-23.174400	25.000000
9.936229	1.940031	2.744353	11.999167	1.213199	1.158895	59.998000	-22.076700	25.000000
9.936229	1.940031	2.744353	12.443070	1.923647	2.651132	59.998000	-21.605300	25.000000
9.936229	1.940031	2.744353	6.511405	1.613811	2.356194	59.998000	-20.507600	25.000000
9.936590	1.940017	2.744253	9.999705	1.949817	3.002284	59.998000	-20.036300	25.000000
9.936590	1.940017	2.744253	9.902025	1.942885	2.977157	59.998000	-18.938600	25.000000
9.936229	1.940031	2.744353	10.036932	1.948340	2.802895	59.998000	-18.467200	25.000000
9.936229	1.940031	2.744353	9.912618	1.942468	2.799297	59.998000	-17.369500	25.000000
9.936229	1.940031	2.744353	9.958414	1.940676	2.755086	59.998000	-16.898100	25.000000
9.937089	1.939997	2.744394	9.865597	1.922643	2.706922	60.782600	-35.726900	25.000000
9.937089	1.939997	2.744394	9.985489	1.928910	2.711425	60.782600	-34.629200	25.000000
9.937450	1.939983	2.744295	10.187738	1.900665	2.608290	60.782600	-34.157900	25.000000
9.937450	1.939983	2.744295	9.678843	1.864282	2.571552	60.782600	-33.060200	25.000000
9.937089	1.939997	2.744394	11.118453	2.287053	2.998009	60.782600	-32.588800	25.000000
9.937089	1.939997	2.744394	8.617430	1.877286	3.079478	60.782600	-31.491100	25.000000
9.937089	1.939997	2.744394	5.672742	2.777066	1.719686	60.782600	-31.019700	25.000000
9.937089	1.939997	2.744394	12.347182	1.935162	4.558356	60.782600	-29.922000	25.000000
9.937450	1.939983	2.744295	7.505891	1.339589	5.243419	60.782600	-29.450700	25.000000
9.937450	1.939983	2.744295	10.931427	1.926805	3.469516	60.782600	-28.353000	25.000000
9.937089	1.939997	2.744394	9.948869	1.243330	5.633315	60.782600	-27.881600	25.000000
9.937089	1.939997	2.744394	10.024470	1.245891	5.639684	60.782600	-26.783900	25.000000
9.937089	1.939997	2.744394	10.447488	1.249428	0.540420	60.782600	-26.312500	25.000000
9.937089	1.939997	2.744394	9.406912	1.246212	0.403419	60.782600	-25.214800	25.000000
9.937450	1.939983	2.744295	9.488019	1.192986	0.269733	60.782600	-24.743500	25.000000
9.937450	1.939983	2.744295	10.320969	1.265727	0.223297	60.782600	-23.645800	25.000000
9.937089	1.939997	2.744394	11.321435	1.535458	1.520397	60.782600	-23.174400	25.000000
9.937089	1.939997	2.744394	8.244319	1.328260	1.015376	60.782600	-22.076700	25.000000
9.937089	1.939997	2.744394	7.805767	1.910372	2.500809	60.782600	-21.605300	25.000000
9.937089	1.939997	2.744394	11.681609	1.902123	2.681994	60.782600	-20.507600	25.000000
9.937450	1.939983	2.744295	9.943219	1.941269	2.950545	60.782600	-20.036300	25.000000
9.937450	1.939983	2.744295	9.971364	1.929441	2.915837	60.782600	-18.938600	25.000000
9.937089	1.939997	2.744394	9.944345	1.941225	2.789135	60.782600	-18.467200	25.000000
9.937089	1.939997	2.744394	9.976973	1.939955	2.779048	60.782600	-17.369500	25.000000
9.937089	1.939997	2.744394	9.923709	1.942032	2.765102	60.782600	-16.898100	25.000000
9.937089	1.939997	2.744394	9.923709	1.942032	2.765102	60.782600	-15.800400	25.000000
9.937089	1.939997	2.744394	9.940322	1.930612	2.697173	61.567100	-35.726900	25.000000
9.937089	1.939997	2.744394	9.985489	1.928910	2.711425	61.567100	-34.629200	25.000000
9.937450	1.939983	2.744295	9.961426	1.887252	2.597550	61.567100	-34.157900	25.000000
9.937450	1.939983	2.744295	9.978978	1.824021	2.510513	61.567100	-33.060200	25.000000
9.937089	1.939997	2.744394	9.588535	2.095086	3.524336	61.567100	-32.588800	25.000000
9.937089	1.939997	2.744394	10.275354	2.243176	2.653465	61.567100	-31.491100	25.000000
9.937089	1.939997	2.744394	6.786752	2.624663	2.677945	61.567100	-31.019700	25.000000
9.937089	1.939997	2.744394	11.916795	2.031692	4.485590	61.567100	-29.922000	25.000000
9.937450	1.939983	2.744295	9.211715	1.678476	5.378604	61.567100	-29.450700	25.000000
9.937450	1.939983	2.744295	9.758084	1.925598	3.668330	61.567100	-28.353000	25.000000
9.937089	1.939997	2.744394	9.977154	1.476441	5.986907	61.567100	-27.881600	25.000000
9.937089	1.939997	2.744394	9.911231	1.505167	5.855721	61.567100	-26.783900	25.000000
9.937089	1.939997	2.744394	10.094677	1.526204	0.397079	61.567100	-26.312500	25.000000
9.937089	1.939997	2.744394	9.707219	1.468633	0.370891	61.567100	-25.214800	25.000000
9.937450	1.939983	2.744295	10.173053	1.469375	0.352063	61.567100	-24.743500	25.000000
9.937450	1.939983	2.744295	9.637624	1.474149	0.139096	61.567100	-23.645800	25.000000
9.937089	1.939997	2.744394	13.099740	1.681713	1.625173	61.567100	-23.174400	25.000000
9.937089	1.939997	2.744394	5.119778	1.825506	1.422206	61.567100	-22.076700	25.000000
9.937089	1.939997	2.744394	10.104454	2.010371	2.425849	61.567100	-21.605300	25.000000
9.937089	1.939997	2.744394	9.684007	1.962835	2.823376	61.567100	-20.507600	25.000000
9.937450	1.939983	2.744295	10.026744	1.927371	2.889903	61.567100	-20.036300	25.000000
9.937450	1.939983	2.744295	9.800020	1.936003	2.862693	61.567100	-18.938600	25.000000
9.937089	1.939997	2.744394	9.853933	1.933912	2.775198	61.567100	-18.467200	25.000000
9.937089	1.939997	2.744394	9.974969	1.929305	2.769038	61.567100	-17.369500	25.000000
9.936229	1.940031	2.744353	9.940322	1.930612	2.697173	62.351600	-35.726900	25.000000
9.936229	1.940031	2.744353	9.946356	1.919664	2.687514	62.351600	-34.629200	25.000000
9.936590	1.940017	2.744253	10.175048	1.865972	2.553590	62.351600	-34.157900	25.000000
9.936590	1.940017	2.744253	9.569227	1.780283	2.500228	62.351600	-33.060200	25.000000
9.936229	1.940031	2.744353	10.472960	2.342048	2.453333	62.351600	-32.588800	25.000000
9.936229	1.940031	2.744353	9.164148	2.059203	3.526688	62.351600	-31.491100	25.000000
9.936229	1.940031	2.744353	8.728115	2.866526	3.624106	62.351600	-31.019700	25.000000
9.936229	1.940031	2.744353	10.927946	1.887177	3.817837	62.351600	-29.922000	25.000000
9.936590	1.940017	2.744253	5.046474	2.768881	4.915121	62.351600	-29.450700	25.000000
9.936590	1.940017	2.744253	12.956373	1.836325	4.892529	62.351600	-28.353000	25.000000
9.936229	1.940031	2.744353	9.135913	1.743503	0.000000	62.351600	-27.881600	25.000000
9.936229	1.940031	2.744353	10.657640	1.772008	6.117722	62.351600	-26.783900	25.000000
9.936229	1.940031	2.744353	9.957555	1.749500	0.431695	62.351600	-26.312500	25.000000
9.936229	1.940031	2.744353	9.843150	1.748503	0.197396	62.351600	-25.214800	25.000000
9.936590	1.940017	2.744253	9.834231	1.735250	0.249979	62.351600	-24.743500	25.000000
9.936590	1.940017	2.744253	10.106735	1.738801	0.549025	62.351600	-23.645800	25.000000
9.936229	1.940031	2.744353	3.889730	2.374374	1.570796	62.351600	-23.174400	25.000000
9.936229	1.940031	2.744353	13.315029	1.821247	2.089942	62.351600	-22.076700	25.000000
9.936229	1.940031	2.744353	10.015114	1.949204	2.930499	62.351600	-21.605300	25.000000
9.936229	1.940031	2.744353	9.954014	1.951646	2.831477	62.351600	-20.507600	25.000000
9.936590	1.940017	2.744253	9.946356	1.941146	2.857367	62.351600	-20.036300	25.000000
9.936590	1.940017	2.744253	9.904544	1.931971	2.823255	62.351600	-18.938600	25.000000
9.936229	1.940031	2.744353	9.923709	1.942032	2.765102	62.351600	-18.467200	25.000000
9.936229	1.940031	2.744353	9.923709	1.942032	2.765102	62.351600	-17.369500	25.000000
9.936229	1.940031	2.744353	9.958414	1.940676	2.755086	62.351600	-16.898100	25.000000
9.936229	1.940031	2.744353	9.922701	1.931280	2.755086	62.351600	-15.800400	25.000000
9.937089	1.939997	2.744394	9.905554	1.921163	2.697173	63.136200	-35.726900	25.000000
9.937089	1.939997	2.744394	9.921693	1.899193	2.677945	63.136200	-34.629200	25.000000
9.937450	1.939983	2.744295	9.780087	1.828229	2.559455	63.136200	-34.157900	25.000000
9.937450	1.939983	2.744295	10.184994	1.747463	2.462179	63.136200	-33.060200	25.000000
9.937089	1.939997	2.744394	10.090966	2.672297	3.308903	63.136200	-32.588800	25.000000
9.937089	1.939997	2.744394	9.693627	1.842339	2.689439	63.136200	-31.491100	25.000000
9.937089	1.939997	2.744394	10.536128	1.919502	3.718391	63.136200	-31.019700	25.000000
9.937089	1.939997	2.744394	9.360556	2.709439	3.243799	63.136200	-29.922000	25.000000
9.937450	1.939983	2.744295	10.145442	2.345944	5.595514	63.136200	-29.450700	25.000000
9.937450	1.939983	2.744295	9.711848	2.135811	4.736774	63.136200	-28.353000	25.000000
9.937089	1.939997	2.744394	10.922289	2.015636	0.109761	63.136200	-27.881600	25.000000
9.937089	1.939997	2.744394	8.784765	2.030799	0.308493	63.136200	-26.783900	25.000000
9.937089	1.939997	2.744394	11.204910	1.964661	0.407430	63.136200	-26.312500	25.000000
9.937089	1.939997	2.744394	8.488816	2.074861	0.343024	63.136200	-25.214800	25.000000
9.937450	1.939983	2.744295	8.843642	2.065667	0.480887	63.136200	-24.743500	25.000000
9.937450	1.939983	2.744295	10.892199	1.966651	0.827627	63.136200	-23.645800	25.000000
9.937089	1.939997	2.744394	12.355161	1.866461	2.132983	63.136200	-23.174400	25.000000
9.937089	1.939997	2.744394	6.268174	2.163224	3.141593	63.136200	-22.076700	25.000000
9.937089	1.939997	2.744394	10.004819	1.875338	3.045052	63.136200	-21.605300	25.000000
9.937089	1.939997	2.744394	9.875976	1.879441	2.989024	63.136200	-20.507600	25.000000
9.937450	1.939983	2.744295	9.881801	1.943684	2.809533	63.136200	-20.036300	25.000000
9.937450	1.939983	2.744295	10.053358	1.926385	2.806420	63.136200	-18.938600	25.000000
9.937089	1.939997	2.744394	10.010494	1.938660	2.769038	63.136200	-18.467200	25.000000
9.937089	1.939997	2.744394	9.923709	1.942032	2.765102	63.136200	-17.369500	25.000000
9.937089	1.939997	2.744394	9.997000	1.907205	2.668467	63.920700	-35.726900	25.000000
9.937089	1.939997	2.744394	9.871677	1.911648	2.697173	63.920700	-34.629200	25.000000
9.937450	1.939983	2.744295	10.368997	1.734513	2.453112	63.920700	-34.157900	25.000000
9.937450	1.939983	2.744295	9.437351	1.777839	2.556593	63.920700	-33.060200	25.000000
9.937089	1.939997	2.744394	8.575599	2.109570	3.350978	63.920700	-32.588800	25.000000
9.937089	1.939997	2.744394	11.002404	2.237052	2.337390	63.920700	-31.491100	25.000000
9.937089	1.939997	2.744394	10.208643	1.973411	3.713058	63.920700	-31.019700	25.000000
9.937089	1.939997	2.744394	9.548722	2.716782	2.725690	63.920700	-29.922000	25.000000
9.937450	1.939983	2.744295	9.989494	2.305955	5.266696	63.920700	-29.450700	25.000000
9.937450	1.939983	2.744295	9.868637	2.744303	5.497787	63.920700	-28.353000	25.000000
9.937089	1.939997	2.744394	9.432391	2.316533	0.353703	63.920700	-27.881600	25.000000
9.937089	1.939997	2.744394	10.465180	2.228817	0.648332	63.920700	-26.783900	25.000000
9.937089	1.939997	2.744394	9.453042	2.314517	0.321751	63.920700	-26.312500	25.000000
9.937089	1.939997	2.744394	10.424011	2.244085	0.513058	63.920700	-25.214800	25.000000
9.937450	1.939983	2.744295	11.543396	2.117387	1.039072	63.920700	-24.743500	25.000000
9.937450	1.939983	2.744295	8.002500	2.457128	1.249046	63.920700	-23.645800	25.000000
9.937089	1.939997	2.744394	10.655046	1.945529	2.413275	63.920700	-23.174400	25.000000
9.937089	1.939997	2.744394	9.184226	1.938327	3.012896	63.920700	-22.076700	25.000000
9.937089	1.939997	2.744394	9.939160	1.887986	2.914079	63.920700	-21.605300	25.000000
9.937089	1.939997	2.744394	9.914152	1.888814	2.983776	63.920700	-20.507600	25.000000
9.937450	1.939983	2.744295	9.908582	1.931817	2.789135	63.920700	-20.036300	25.000000
9.937450	1.939983	2.744295	9.908582	1.931817	2.789135	63.920700	-18.938600	25.000000
9.937089	1.939997	2.744394	9.922701	1.931280	2.755086	63.920700	-18.467200	25.000000
9.937089	1.939997	2.744394	9.923709	1.942032	2.765102	63.920700	-17.369500	25.000000
9.936229	1.940031	2.744353	10.114346	1.913629	2.673250	64.705200	-35.726900	25.000000
9.936229	1.940031	2.744353	9.859006	1.879990	2.677945	64.705200	-34.629200	25.000000
9.936590	1.940017	2.744253	9.252940	1.693225	2.526406	64.705200	-34.157900	25.000000
9.936590	1.940017	2.744253	10.554355	1.749878	2.465348	64.705200	-33.060200	25.000000
9.936229	1.940031	2.744353	8.820998	1.858149	3.023103	64.705200	-32.588800	25.000000
9.936229	1.940031	2.744353	10.932978	2.391655	2.441700	64.705200	-31.491100	25.000000
9.936229	1.940031	2.744353	10.296193	2.595740	3.998487	64.705200	-31.019700	25.000000
9.936229	1.940031	2.744353	9.357222	2.036276	2.807740	64.705200	-29.922000	25.000000
9.936590	1.940017	2.744253	10.042634	2.921328	5.227013	64.705200	-29.450700	25.000000
9.936590	1.940017	2.744253	9.809531	2.661371	5.793877	64.705200	-28.353000	25.000000
9.936229	1.940031	2.744353	10.190682	2.473542	0.863888	64.705200	-27.881600	25.000000
9.936229	1.940031	2.744353	9.688137	2.524268	0.697021	64.705200	-26.783900	25.000000
9.936229	1.940031	2.744353	10.210602	2.536895	0.460566	64.705200	-26.312500	25.000000
9.936229	1.940031	2.744353	9.655180	2.566107	0.463648	64.705200	-25.214800	25.000000
9.936590	1.940017	2.744253	11.743292	2.116998	1.829794	64.705200	-24.743500	25.000000
9.936590	1.940017	2.744253	7.628473	2.732834	1.716425	64.705200	-23.645800	25.000000
9.936229	1.940031	2.744353	10.135191	1.830229	2.895128	64.705200	-23.174400	25.000000
9.936229	1.940031	2.744353	9.703381	1.928787	2.937723	64.705200	-22.076700	25.000000
9.936229	1.940031	2.744353	10.012617	1.885579	2.881329	64.705200	-21.605300	25.000000
9.936229	1.940031	2.744353	9.829873	1.923978	2.876101	64.705200	-20.507600	25.000000
9.936590	1.940017	2.744253	9.976973	1.939955	2.779048	64.705200	-20.036300	25.000000
9.936590	1.940017	2.744253	9.941328	1.930573	2.779048	64.705200	-18.938600	25.000000
9.936229	1.940031	2.744353	9.887871	1.932608	2.765102	64.705200	-18.467200	25.000000
9.936229	1.940031	2.744353	9.958414	1.940676	2.755086	64.705200	-17.369500	25.000000
9.936229	1.940031	2.744353	9.958414	1.940676	2.755086	64.705200	-15.800400	25.000000
9.937089	1.939997	2.744394	9.806630	1.892426	2.697173	65.489800	-35.726900	25.000000
9.937089	1.939997	2.744394	10.104949	1.882605	2.654693	65.489800	-34.629200	25.000000
9.937450	1.939983	2.744295	9.708759	1.612008	2.487783	65.489800	-34.157900	25.000000
9.937450	1.939983	2.744295	10.161201	1.768917	2.520176	65.489800	-33.060200	25.000000
9.937089	1.939997	2.744394	11.080162	2.111143	2.430683	65.489800	-32.588800	25.000000
9.937089	1.939997	2.744394	8.586617	1.990633	3.039386	65.489800	-31.491100	25.000000
9.937089	1.939997	2.744394	9.370394	2.023667	3.219885	65.489800	-31.019700	25.000000
9.937089	1.939997	2.744394	10.419704	2.794971	2.859607	65.489800	-29.922000	25.000000
9.937450	1.939983	2.744295	9.137286	3.051222	5.884663	65.489800	-29.450700	25.000000
9.937450	1.939983	2.744295	10.701635	3.003663	1.098030	65.489800	-28.353000	25.000000
9.937089	1.939997	2.744394	9.861668	2.745991	1.001040	65.489800	-27.881600	25.000000
9.937089	1.939997	2.744394	9.959337	2.676174	1.161204	65.489800	-26.783900	25.000000
9.937089	1.939997	2.744394	9.732548	2.842338	0.723748	65.489800	-26.312500	25.000000
9.937089	1.939997	2.744394	10.063543	2.700426	1.196772	65.489800	-25.214800	25.000000
9.937450	1.939983	2.744295	10.155787	1.922642	2.876261	65.489800	-24.743500	25.000000
9.937450	1.939983	2.744295	9.627565	2.355062	1.962201	65.489800	-23.645800	25.000000
9.937089	1.939997	2.744394	9.964562	1.778005	3.038863	65.489800	-23.174400	25.000000
9.937089	1.939997	2.744394	9.846243	1.844349	3.011481	65.489800	-22.076700	25.000000
9.937089	1.939997	2.744394	9.902525	1.921274	2.847046	65.489800	-21.605300	25.000000
9.937089	1.939997	2.744394	9.988493	1.918130	2.816475	65.489800	-20.507600	25.000000
9.937450	1.939983	2.744295	9.941328	1.930573	2.779048	65.489800	-20.036300	25.000000
9.937450	1.939983	2.744295	9.887871	1.932608	2.765102	65.489800	-18.938600	25.000000
9.937089	1.939997	2.744394	9.922701	1.931280	2.755086	65.489800	-18.467200	25.000000
9.937089	1.939997	2.744394	10.066280	1.883843	2.640579	66.274300	-35.726900	25.000000
9.937089	1.939997	2.744394	9.829039	1.870298	2.677945	66.274300	-34.629200	25.000000
9.937450	1.939983	2.744295	9.526852	1.732094	2.568338	66.274300	-34.157900	25.000000
9.937450	1.939983	2.744295	10.249995	1.602021	2.466852	66.274300	-33.060200	25.000000
9.937089	1.939997	2.744394	10.541347	2.130861	2.547379	66.274300	-32.588800	25.000000
9.937089	1.939997	2.744394	9.297849	1.732832	2.785373	66.274300	-31.491100	25.000000
9.937089	1.939997	2.744394	10.563432	2.505903	2.608009	66.274300	-31.019700	25.000000
9.937089	1.939997	2.744394	9.261987	2.206601	3.259956	66.274300	-29.922000	25.000000
9.937450	1.939983	2.744295	10.158376	2.840042	2.412473	66.274300	-29.450700	25.000000
9.937450	1.939983	2.744295	9.682608	2.792927	1.991169	66.274300	-28.353000	25.000000
9.937089	1.939997	2.744394	9.565480	2.864270	1.873226	66.274300	-27.881600	25.000000
9.937089	1.939997	2.744394	10.316375	2.693972	1.741836	66.274300	-26.783900	25.000000
9.937089	1.939997	2.744394	9.693508	2.505903	2.271319	66.274300	-26.312500	25.000000
9.937089	1.939997	2.744394	10.103643	2.824520	1.749514	66.274300	-25.214800	25.000000
9.937450	1.939983	2.744295	8.866228	1.988908	3.166279	66.274300	-24.743500	25.000000
9.937450	1.939983	2.744295	10.940293	1.877206	2.574863	66.274300	-23.645800	25.000000
9.937089	1.939997	2.744394	9.862312	1.873503	2.985874	66.274300	-23.174400	25.000000
9.937089	1.939997	2.744394	10.059722	1.772972	2.964099	66.274300	-22.076700	25.000000
9.937089	1.939997	2.744394	9.876740	1.933034	2.799297	66.274300	-21.605300	25.000000
9.937089	1.939997	2.744394	10.018982	1.917028	2.806420	66.274300	-20.507600	25.000000
9.937450	1.939983	2.744295	10.010494	1.938660	2.769038	66.274300	-20.036300	25.000000
9.937450	1.939983	2.744295	9.887871	1.932608	2.765102	66.274300	-18.938600	25.000000
9.937089	1.939997	2.744394	9.958414	1.929928	2.745151	66.274300	-15.800400	25.000000
9.936229	1.940031	2.744353	9.902525	1.878586	2.692162	67.058800	-35.726900	25.000000
9.936229	1.940031	2.744353	10.062306	1.852785	2.645549	67.058800	-34.629200	25.000000
9.936590	1.940017	2.744253	10.323396	1.575640	2.472903	67.058800	-34.157900	25.000000
9.936590	1.940017	2.744253	9.449175	1.716295	2.577324	67.058800	-33.060200	25.000000
9.936229	1.940031	2.744353	9.674446	1.615258	2.645549	67.058800	-32.588800	25.000000
9.936229	1.940031	2.744353	10.202789	1.987547	2.601173	67.058800	-31.491100	25.000000
9.936229	1.940031	2.744353	9.744686	2.465322	2.777833	67.058800	-31.019700	25.000000
9.936229	1.940031	2.744353	10.085157	2.089527	2.854510	67.058800	-29.922000	25.000000
9.936590	1.940017	2.744253	9.720597	2.574692	2.505754	67.058800	-29.450700	25.000000
9.936590	1.940017	2.744253	10.207840	2.537287	2.380580	67.058800	-28.353000	25.000000
9.936229	1.940031	2.744353	10.237676	2.644779	2.341703	67.058800	-27.881600	25.000000
9.936229	1.940031	2.744353	9.679876	2.621513	2.385598	67.058800	-26.783900	25.000000
9.936229	1.940031	2.744353	9.396276	2.131906	2.887468	67.058800	-26.312500	25.000000
9.936229	1.940031	2.744353	10.412492	2.403118	2.305732	67.058800	-25.214800	25.000000
9.936590	1.940017	2.744253	9.892548	1.773340	3.004949	67.058800	-24.743500	25.000000
9.936590	1.940017	2.744253	9.949176	1.767045	2.961281	67.058800	-23.645800	25.000000
9.936229	1.940031	2.744353	9.996644	1.854688	2.853130	67.058800	-23.174400	25.000000
9.936229	1.940031	2.744353	9.849371	1.869661	2.928570	67.058800	-22.076700	25.000000
9.936229	1.940031	2.744353	9.906563	1.921125	2.779048	67.058800	-21.605300	25.000000
9.936229	1.940031	2.744353	9.908582	1.931817	2.789135	67.058800	-20.507600	25.000000
9.936590	1.940017	2.744253	9.922701	1.931280	2.755086	67.058800	-20.036300	25.000000
9.936590	1.940017	2.744253	9.922701	1.931280	2.755086	67.058800	-18.938600	25.000000
9.936229	1.940031	2.744353	9.922701	1.931280	2.755086	67.058800	-18.467200	25.000000
9.936229	1.940031	2.744353	9.958414	1.929928	2.745151	67.058800	-17.369500	25.000000
9.937089	1.939997	2.744394	9.918165	1.836041	2.663927	67.843400	-35.726900	25.000000
9.937089	1.939997	2.744394	9.921693	1.899193	2.677945	67.843400	-34.629200	25.000000
9.937450	1.939983	2.744295	9.114253	1.641074	2.623811	67.843400	-34.157900	25.000000
9.937450	1.939983	2.744295	10.638708	1.628166	2.483027	67.843400	-33.060200	25.000000
9.937089	1.939997	2.744394	10.268033	1.781745	2.561877	67.843400	-32.588800	25.000000
9.937089	1.939997	2.744394	9.553617	1.514243	2.626348	67.843400	-31.491100	25.000000
9.937089	1.939997	2.744394	9.896464	1.986884	2.861776	67.843400	-31.019700	25.000000
9.937089	1.939997	2.744394	10.000500	2.165148	2.623944	67.843400	-29.922000	25.000000
9.937450	1.939983	2.744295	9.792344	2.367198	2.638749	67.843400	-29.450700	25.000000
9.937450	1.939983	2.744295	10.173003	2.289761	2.560836	67.843400	-28.353000	25.000000
9.937089	1.939997	2.744394	9.706699	2.421975	2.705910	67.843400	-27.881600	25.000000
9.937089	1.939997	2.744394	10.143471	2.279256	2.625667	67.843400	-26.783900	25.000000
9.937089	1.939997	2.744394	10.650582	1.683706	2.909907	67.843400	-26.312500	25.000000
9.937089	1.939997	2.744394	9.212470	2.157474	2.828910	67.843400	-25.214800	25.000000
9.937450	1.939983	2.744295	9.837037	1.757918	2.956372	67.843400	-24.743500	25.000000
9.937450	1.939983	2.744295	10.095553	1.688945	3.070712	67.843400	-23.645800	25.000000
9.937089	1.939997	2.744394	9.902525	1.921274	2.847046	67.843400	-23.174400	25.000000
9.937089	1.939997	2.744394	9.981483	1.865585	2.833086	67.843400	-22.076700	25.000000
9.937089	1.939997	2.744394	9.940322	1.919885	2.769038	67.843400	-21.605300	25.000000
9.937089	1.939997	2.744394	9.941328	1.930573	2.779048	67.843400	-20.507600	25.000000
9.937450	1.939983	2.744295	9.958414	1.940676	2.755086	67.843400	-20.036300	25.000000
9.937450	1.939983	2.744295	9.958414	1.940676	2.755086	67.843400	-18.938600	25.000000
9.937089	1.939997	2.744394	9.922701	1.931280	2.755086	67.843400	-18.467200	25.000000
9.937089	1.939997	2.744394	9.861541	1.879908	2.701750	68.627900	-35.726900	25.000000
9.937089	1.939997	2.744394	10.074721	1.842110	2.659514	68.627900	-34.629200	25.000000
9.937450	1.939983	2.744295	9.205433	1.657811	2.653560	68.627900	-34.157900	25.000000
9.937450	1.939983	2.744295	10.618291	1.626389	2.516957	68.627900	-33.060200	25.000000
9.937089	1.939997	2.744394	10.045601	1.442026	2.520176	68.627900	-32.588800	25.000000
9.937089	1.939997	2.744394	9.800837	1.562634	2.641432	68.627900	-31.491100	25.000000
9.937089	1.939997	2.744394	9.723009	1.791655	2.819842	68.627900	-31.019700	25.000000
9.937089	1.939997	2.744394	10.133316	1.849729	2.590610	68.627900	-29.922000	25.000000
9.937450	1.939983	2.744295	9.725225	2.040287	2.776074	68.627900	-29.450700	25.000000
9.937450	1.939983	2.744295	10.238164	2.069858	2.667995	68.627900	-28.353000	25.000000
9.937089	1.939997	2.744394	9.442987	1.961928	2.968911	68.627900	-27.881600	25.000000
9.937089	1.939997	2.744394	10.412012	1.975532	2.687291	68.627900	-26.783900	25.000000
9.937089	1.939997	2.744394	9.990786	1.664017	3.043925	68.627900	-26.312500	25.000000
9.937089	1.939997	2.744394	9.979584	1.685279	2.933317	68.627900	-25.214800	25.000000
9.937450	1.939983	2.744295	9.915629	1.798669	2.867986	68.627900	-24.743500	25.000000
9.937450	1.939983	2.744295	9.941936	1.787744	2.991684	68.627900	-23.645800	25.000000
9.937089	1.939997	2.744394	9.925220	1.909735	2.826599	68.627900	-23.174400	25.000000
9.937089	1.939997	2.744394	9.960924	1.908472	2.782822	68.627900	-22.076700	25.000000
9.937089	1.939997	2.744394	9.974969	1.929305	2.769038	68.627900	-21.605300	25.000000
9.937089	1.939997	2.744394	9.887871	1.932608	2.765102	68.627900	-20.507600	25.000000
9.937450	1.939983	2.744295	9.958414	1.940676	2.755086	68.627900	-20.036300	25.000000
9.937450	1.939983	2.744295	9.922701	1.931280	2.755086	68.627900	-18.938600	25.000000
