9.937518	2.336480	0.279009	9.902146	2.327763	0.288795	-35.570400	-15.220800	25.000000
9.937518	2.336480	0.279009	9.989715	2.305935	0.290164	-35.570400	-14.749400	25.000000
9.937518	2.336480	0.279009	9.974147	2.320966	0.286206	-35.570400	-13.651700	25.000000
9.937320	2.336499	0.278875	9.998280	2.305160	0.295329	-35.570400	-13.180300	25.000000
9.937320	2.336499	0.278875	9.926837	2.284702	0.285074	-35.570400	-12.082600	25.000000
9.937518	2.336480	0.279009	9.924394	2.271657	0.275040	-35.570400	-11.611300	25.000000
9.937518	2.336480	0.279009	10.010275	2.277503	0.287682	-35.570400	-10.513600	25.000000
9.937439	2.336488	0.278955	9.982004	2.266797	0.261443	-35.570400	-10.042200	25.000000
9.937399	2.336492	0.278929	9.985990	2.266464	0.263964	-35.570400	-8.944480	25.000000
9.937419	2.336490	0.278942	9.951728	2.282537	0.250772	-35.570400	-8.473120	25.000000
9.937419	2.336490	0.278942	9.958896	2.268737	0.246250	-35.570400	-7.375420	25.000000
9.937419	2.336490	0.278942	9.950377	2.296005	0.258007	-35.570400	-6.904050	25.000000
9.937419	2.336490	0.278942	9.851315	2.291363	0.234494	-35.570400	-5.806350	25.000000
9.937399	2.336492	0.278929	9.935920	2.310841	0.254896	-35.570400	-5.334980	25.000000
9.937399	2.336492	0.278929	9.996304	2.318902	0.249613	-35.570400	-4.237280	25.000000
9.937419	2.336490	0.278942	9.936644	2.324489	0.261047	-35.570400	-3.765920	25.000000
9.937419	2.336490	0.278942	9.940428	2.324131	0.263712	-35.570400	-2.668220	25.000000
9.937413	2.336490	0.278938	9.948110	2.323407	0.269030	-35.570400	-1.099150	25.000000
9.936825	2.336547	0.279048	9.908325	2.313387	0.287520	-34.785800	-16.318500	25.000000
9.936825	2.336547	0.279048	9.929698	2.311414	0.300606	-34.785800	-14.749400	25.000000
9.936825	2.336547	0.279048	9.851619	2.304925	0.294076	-34.785800	-13.651700	25.000000
9.936627	2.336566	0.278913	9.924717	2.284887	0.283794	-34.785800	-13.180300	25.000000
9.936627	2.336566	0.278913	9.980606	2.280044	0.315488	-34.785800	-12.082600	25.000000
9.936825	2.336547	0.279048	9.884048	2.248844	0.279013	-34.785800	-11.611300	25.000000
9.936825	2.336547	0.279048	9.959362	2.217361	0.297482	-34.785800	-10.513600	25.000000
9.936746	2.336555	0.278994	9.900525	2.209217	0.251690	-34.785800	-10.042200	25.000000
9.936706	2.336559	0.278967	10.000905	2.201789	0.261799	-34.785800	-8.944480	25.000000
9.936726	2.336557	0.278980	9.901798	2.221757	0.212335	-34.785800	-8.473120	25.000000
9.936726	2.336557	0.278980	9.946763	2.218318	0.243144	-34.785800	-7.375420	25.000000
9.936726	2.336557	0.278980	9.924717	2.258519	0.210183	-34.785800	-6.904050	25.000000
9.936726	2.336557	0.278980	10.007142	2.277770	0.234778	-34.785800	-5.806350	25.000000
9.936706	2.336559	0.278967	9.923125	2.312019	0.245641	-34.785800	-5.334980	25.000000
9.936706	2.336559	0.278967	9.914131	2.299250	0.231865	-34.785800	-4.237280	25.000000
9.936726	2.336557	0.278980	9.855257	2.332267	0.256539	-34.785800	-3.765920	25.000000
9.936726	2.336557	0.278980	9.934767	2.324666	0.259713	-34.785800	-2.668220	25.000000
9.936720	2.336557	0.278976	10.007217	2.331598	0.262380	-34.785800	-1.099150	25.000000
9.937320	2.336499	0.278875	9.902146	2.327763	0.288795	-34.001300	-16.789800	25.000000
9.937518	2.336480	0.279009	9.912522	2.312999	0.290146	-34.001300	-16.318500	25.000000
9.937518	2.336480	0.279009	9.982485	2.320187	0.291457	-34.001300	-15.220800	25.000000
9.937518	2.336480	0.279009	9.938516	2.310603	0.305811	-34.001300	-14.749400	25.000000
9.937518	2.336480	0.279009	9.947005	2.296305	0.304328	-34.001300	-13.651700	25.000000
9.937320	2.336499	0.278875	9.957429	2.268861	0.336675	-34.001300	-13.180300	25.000000
9.937320	2.336499	0.278875	9.871596	2.224089	0.295122	-34.001300	-12.082600	25.000000
9.937518	2.336480	0.279009	10.051865	2.114509	0.307046	-34.001300	-11.611300	25.000000
9.937518	2.336480	0.279009	9.915261	2.195623	0.292648	-34.001300	-10.513600	25.000000
9.937439	2.336488	0.278955	9.937449	2.074898	0.263934	-34.001300	-10.042200	25.000000
9.937399	2.336492	0.278929	9.871251	2.078601	0.229232	-34.001300	-8.944480	25.000000
9.937419	2.336490	0.278942	9.865845	2.078906	0.166675	-34.001300	-8.473120	25.000000
9.937419	2.336490	0.278942	9.954818	2.120413	0.211258	-34.001300	-7.375420	25.000000
9.937419	2.336490	0.278942	9.905196	2.234246	0.163463	-34.001300	-6.904050	25.000000
9.937419	2.336490	0.278942	9.912744	2.158969	0.189072	-34.001300	-5.806350	25.000000
9.937399	2.336492	0.278929	9.979058	2.267044	0.202518	-34.001300	-5.334980	25.000000
9.937399	2.336492	0.278929	9.899096	2.300606	0.219992	-34.001300	-4.237280	25.000000
9.937419	2.336490	0.278942	9.917787	2.312512	0.241662	-34.001300	-3.765920	25.000000
9.937419	2.336490	0.278942	9.921900	2.325884	0.250350	-34.001300	-2.668220	25.000000
9.937419	2.336490	0.278942	9.942334	2.323952	0.265043	-34.001300	-2.196850	25.000000
9.937413	2.336490	0.278938	9.932900	2.324842	0.258378	-34.001300	-1.099150	25.000000
9.937415	2.336490	0.278939	9.950055	2.323224	0.270357	-34.001300	-0.627785	25.000000
9.937320	2.336499	0.278875	9.900081	2.327960	0.287463	-33.216800	-17.887500	25.000000
9.937320	2.336499	0.278875	9.972086	2.321158	0.284891	-33.216800	-16.789800	25.000000
9.937518	2.336480	0.279009	9.910505	2.326967	0.294114	-33.216800	-16.318500	25.000000
9.937518	2.336480	0.279009	9.999620	2.318594	0.301908	-33.216800	-15.220800	25.000000
9.937518	2.336480	0.279009	9.892548	2.274376	0.302885	-33.216800	-14.749400	25.000000
9.937518	2.336480	0.279009	9.996179	2.291951	0.331017	-33.216800	-13.651700	25.000000
9.937320	2.336499	0.278875	9.824459	2.227767	0.313621	-33.216800	-13.180300	25.000000
9.937320	2.336499	0.278875	9.982485	2.166369	0.371518	-33.216800	-12.082600	25.000000
9.937518	2.336480	0.279009	9.794897	2.082945	0.321751	-33.216800	-11.611300	25.000000
9.937518	2.336480	0.279009	10.088607	1.935677	0.335173	-33.216800	-10.513600	25.000000
9.937439	2.336488	0.278955	9.780164	1.882566	0.212144	-33.216800	-10.042200	25.000000
9.937399	2.336492	0.278929	10.067353	1.862996	0.266616	-33.216800	-8.944480	25.000000
9.937419	2.336490	0.278942	9.899702	1.910644	0.084743	-33.216800	-8.473120	25.000000
9.937419	2.336490	0.278942	9.889596	1.900299	0.183772	-33.216800	-7.375420	25.000000
9.937419	2.336490	0.278942	9.967066	2.119660	0.155868	-33.216800	-6.904050	25.000000
9.937419	2.336490	0.278942	10.025966	2.025126	0.044415	-33.216800	-5.806350	25.000000
9.937399	2.336492	0.278929	9.883643	2.223156	0.117406	-33.216800	-5.334980	25.000000
9.937399	2.336492	0.278929	9.916779	2.259176	0.203798	-33.216800	-4.237280	25.000000
9.937419	2.336490	0.278942	9.954075	2.322846	0.216282	-33.216800	-3.765920	25.000000
9.937419	2.336490	0.278942	9.990415	2.292458	0.231396	-33.216800	-2.668220	25.000000
9.937419	2.336490	0.278942	9.855257	2.332267	0.256539	-33.216800	-2.196850	25.000000
9.937413	2.336490	0.278938	9.932900	2.324842	0.258378	-33.216800	-1.099150	25.000000
9.937415	2.336490	0.278939	10.012897	2.331058	0.266373	-33.216800	-0.627785	25.000000
9.936627	2.336566	0.278913	9.906306	2.327367	0.291457	-32.432200	-17.887500	25.000000
9.936825	2.336547	0.279048	9.945476	2.323655	0.315215	-32.432200	-16.318500	25.000000
9.936825	2.336547	0.279048	9.988839	2.319596	0.295384	-32.432200	-15.220800	25.000000
9.936825	2.336547	0.279048	10.021622	2.250601	0.357870	-32.432200	-14.749400	25.000000
9.936825	2.336547	0.279048	9.831582	2.279649	0.313276	-32.432200	-13.651700	25.000000
9.936627	2.336566	0.278913	9.762172	2.169291	0.341356	-32.432200	-13.180300	25.000000
9.936627	2.336566	0.278913	10.186756	2.050350	0.433953	-32.432200	-12.082600	25.000000
9.936825	2.336547	0.279048	9.944345	2.006833	0.339293	-32.432200	-11.611300	25.000000
9.936825	2.336547	0.279048	9.993998	1.939296	0.396441	-32.432200	-10.513600	25.000000
9.936746	2.336555	0.278994	9.942656	2.169086	0.319441	-32.432200	-10.042200	25.000000
9.936706	2.336559	0.278967	9.811952	2.105496	0.285784	-32.432200	-8.944480	25.000000
9.936726	2.336557	0.278980	9.833621	2.201624	0.188752	-32.432200	-8.473120	25.000000
9.936726	2.336557	0.278980	9.958916	2.204873	0.175394	-32.432200	-7.375420	25.000000
9.936726	2.336557	0.278980	9.972968	2.038928	0.001124	-32.432200	-6.904050	25.000000
9.936726	2.336557	0.278980	9.990816	2.129972	0.127870	-32.432200	-5.806350	25.000000
9.936706	2.336559	0.278967	9.864892	2.224609	0.088232	-32.432200	-5.334980	25.000000
9.936706	2.336559	0.278967	10.044083	2.091863	0.050532	-32.432200	-4.237280	25.000000
9.936726	2.336557	0.278980	9.958459	2.281954	0.196096	-32.432200	-3.765920	25.000000
9.936726	2.336557	0.278980	9.857834	2.318099	0.190615	-32.432200	-2.668220	25.000000
9.936726	2.336557	0.278980	9.916532	2.326394	0.246323	-32.432200	-2.196850	25.000000
9.936720	2.336557	0.278976	9.921336	2.312184	0.244316	-32.432200	-1.099150	25.000000
9.937320	2.336499	0.278875	9.910505	2.326967	0.294114	-31.647700	-17.887500	25.000000
9.937320	2.336499	0.278875	9.906306	2.327367	0.291457	-31.647700	-16.789800	25.000000
9.937518	2.336480	0.279009	9.864705	2.303729	0.301908	-31.647700	-16.318500	25.000000
9.937518	2.336480	0.279009	9.958916	2.308735	0.317459	-31.647700	-15.220800	25.000000
9.937518	2.336480	0.279009	10.082658	2.271389	0.399781	-31.647700	-14.749400	25.000000
9.937518	2.336480	0.279009	9.774457	2.231718	0.329947	-31.647700	-13.651700	25.000000
9.937320	2.336499	0.278875	9.605727	2.082073	0.404892	-31.647700	-13.180300	25.000000
9.937320	2.336499	0.278875	10.303397	1.948525	0.501013	-31.647700	-12.082600	25.000000
9.937518	2.336480	0.279009	9.393514	2.569936	0.180029	-31.647700	-11.611300	25.000000
9.937518	2.336480	0.279009	10.420154	2.104389	0.417772	-31.647700	-10.513600	25.000000
9.937439	2.336488	0.278955	9.709217	2.757008	0.694035	-31.647700	-10.042200	25.000000
9.937399	2.336492	0.278929	10.208820	2.740852	0.678662	-31.647700	-8.944480	25.000000
9.937419	2.336490	0.278942	9.786818	2.793544	0.558917	-31.647700	-8.473120	25.000000
9.937419	2.336490	0.278942	10.146783	2.879398	0.683054	-31.647700	-7.375420	25.000000
9.937419	2.336490	0.278942	10.426620	2.401631	0.459831	-31.647700	-6.904050	25.000000
9.937419	2.336490	0.278942	9.533121	2.838999	0.169778	-31.647700	-5.806350	25.000000
9.937399	2.336492	0.278929	9.938435	2.133273	0.041643	-31.647700	-5.334980	25.000000
9.937399	2.336492	0.278929	10.015134	2.164161	0.027704	-31.647700	-4.237280	25.000000
9.937419	2.336490	0.278942	10.025572	2.237525	0.141359	-31.647700	-3.765920	25.000000
9.937419	2.336490	0.278942	9.953070	2.309269	0.128062	-31.647700	-2.668220	25.000000
9.937419	2.336490	0.278942	9.917787	2.312512	0.241662	-31.647700	-2.196850	25.000000
9.937413	2.336490	0.278938	9.960422	2.322250	0.221650	-31.647700	-1.099150	25.000000
9.937415	2.336490	0.278939	9.866453	2.331186	0.264657	-31.647700	-0.627785	25.000000
9.937415	2.336490	0.278939	10.003479	2.331954	0.259713	-31.647700	0.469915	25.000000
9.937320	2.336499	0.278875	9.980386	2.320383	0.290146	-30.863200	-17.887500	25.000000
9.937320	2.336499	0.278875	9.910505	2.326967	0.294114	-30.863200	-16.789800	25.000000
9.937518	2.336480	0.279009	9.886562	2.315410	0.320446	-30.863200	-16.318500	25.000000
9.937518	2.336480	0.279009	9.898934	2.300620	0.321322	-30.863200	-15.220800	25.000000
9.937518	2.336480	0.279009	9.816313	2.177885	0.408149	-30.863200	-14.749400	25.000000
9.937518	2.336480	0.279009	9.954898	2.256030	0.399781	-30.863200	-13.651700	25.000000
9.937320	2.336499	0.278875	9.981984	2.049727	0.493941	-30.863200	-13.180300	25.000000
9.937320	2.336499	0.278875	9.900000	2.054032	0.448343	-30.863200	-12.082600	25.000000
9.937518	2.336480	0.279009	9.669023	2.623477	5.213402	-30.863200	-11.611300	25.000000
9.937518	2.336480	0.279009	10.056744	2.541559	0.684367	-30.863200	-10.513600	25.000000
9.937439	2.336488	0.278955	9.334501	2.742241	2.784112	-30.863200	-10.042200	25.000000
9.937399	2.336492	0.278929	10.405941	2.745434	2.742587	-30.863200	-8.944480	25.000000
9.937419	2.336490	0.278942	9.625388	2.750880	2.839684	-30.863200	-8.473120	25.000000
9.937419	2.336490	0.278942	10.176153	2.656047	2.534317	-30.863200	-7.375420	25.000000
9.937419	2.336490	0.278942	10.513800	2.580185	2.292988	-30.863200	-6.904050	25.000000
9.937419	2.336490	0.278942	9.281164	2.894821	2.293776	-30.863200	-5.806350	25.000000
9.937399	2.336492	0.278929	8.542833	2.667341	6.257550	-30.863200	-5.334980	25.000000
9.937399	2.336492	0.278929	11.183023	2.137113	0.449431	-30.863200	-4.237280	25.000000
9.937419	2.336490	0.278942	9.962675	2.192195	6.274544	-30.863200	-3.765920	25.000000
9.937419	2.336490	0.278942	9.835289	2.252843	0.095759	-30.863200	-2.668220	25.000000
9.937419	2.336490	0.278942	9.935975	2.324552	0.200103	-30.863200	-2.196850	25.000000
9.937413	2.336490	0.278938	9.965285	2.321795	0.225667	-30.863200	-1.099150	25.000000
9.937415	2.336490	0.278939	9.930035	2.339024	0.260602	-30.863200	-0.627785	25.000000
9.937415	2.336490	0.278939	9.858950	2.331910	0.259249	-30.863200	0.469915	25.000000
9.936627	2.336566	0.278913	9.912618	2.326766	0.295441	-30.078600	-17.887500	25.000000
9.936627	2.336566	0.278913	9.912618	2.326766	0.295441	-30.078600	-16.789800	25.000000
9.936825	2.336547	0.279048	10.026465	2.316114	0.317459	-30.078600	-16.318500	25.000000
9.936825	2.336547	0.279048	9.927865	2.298016	0.336675	-30.078600	-15.220800	25.000000
9.936825	2.336547	0.279048	10.020479	2.237925	0.446604	-30.078600	-14.749400	25.000000
9.936825	2.336547	0.279048	9.825477	2.140537	0.463648	-30.078600	-13.651700	25.000000
9.936627	2.336566	0.278913	10.600943	2.254952	0.550858	-30.078600	-13.180300	25.000000
9.936627	2.336566	0.278913	9.184770	2.172630	0.212938	-30.078600	-12.082600	25.000000
9.936825	2.336547	0.279048	8.416389	2.914342	2.029727	-30.078600	-11.611300	25.000000
9.936825	2.336547	0.279048	10.964803	2.263222	4.997036	-30.078600	-10.513600	25.000000
9.936746	2.336555	0.278994	10.125196	2.145039	3.125124	-30.078600	-10.042200	25.000000
9.936706	2.336559	0.278967	9.678848	2.175173	3.268751	-30.078600	-8.944480	25.000000
9.936726	2.336557	0.278980	10.043152	2.138479	3.014894	-30.078600	-8.473120	25.000000
9.936726	2.336557	0.278980	9.823569	2.140662	2.840872	-30.078600	-7.375420	25.000000
9.936726	2.336557	0.278980	10.153817	2.097023	2.888327	-30.078600	-6.904050	25.000000
9.936726	2.336557	0.278980	9.640539	2.177920	2.655350	-30.078600	-5.806350	25.000000
9.936706	2.336559	0.278967	7.395269	2.565089	2.089942	-30.078600	-5.334980	25.000000
9.936706	2.336559	0.278967	11.754574	2.187683	0.524321	-30.078600	-4.237280	25.000000
9.936726	2.336557	0.278980	9.853040	2.138746	6.244650	-30.078600	-3.765920	25.000000
9.936726	2.336557	0.278980	9.982590	2.240918	6.205139	-30.078600	-2.668220	25.000000
9.936726	2.336557	0.278980	9.905675	2.313633	0.162445	-30.078600	-2.196850	25.000000
9.936720	2.336557	0.278976	9.944390	2.310064	0.201399	-30.078600	-1.099150	25.000000
9.936722	2.336557	0.278978	9.918311	2.326225	0.247666	-30.078600	-0.627785	25.000000
9.936722	2.336557	0.278978	9.994303	2.332829	0.253029	-30.078600	0.469915	25.000000
9.937320	2.336499	0.278875	9.919017	2.326158	0.299415	-29.294100	-17.887500	25.000000
9.937320	2.336499	0.278875	9.981483	2.334055	0.295441	-29.294100	-16.789800	25.000000
9.937518	2.336480	0.279009	9.939824	2.310483	0.348887	-29.294100	-16.318500	25.000000
9.937518	2.336480	0.279009	9.838033	2.306172	0.330853	-29.294100	-15.220800	25.000000
9.937518	2.336480	0.279009	9.897980	2.123934	0.522092	-29.294100	-14.749400	25.000000
9.937518	2.336480	0.279009	10.065287	2.221873	0.480406	-29.294100	-13.651700	25.000000
9.937320	2.336499	0.278875	10.293687	2.318598	0.558599	-29.294100	-13.180300	25.000000
9.937320	2.336499	0.278875	9.619402	2.498868	5.978438	-29.294100	-12.082600	25.000000
9.937518	2.336480	0.279009	5.505927	2.945120	1.946120	-29.294100	-11.611300	25.000000
9.937518	2.336480	0.279009	12.558960	1.980265	4.772404	-29.294100	-10.513600	25.000000
9.937439	2.336488	0.278955	10.221727	1.643255	3.420835	-29.294100	-10.042200	25.000000
9.937399	2.336492	0.278929	9.723775	1.584166	3.356134	-29.294100	-8.944480	25.000000
9.937419	2.336490	0.278942	10.093800	1.638215	2.909137	-29.294100	-8.473120	25.000000
9.937419	2.336490	0.278942	9.770778	1.612771	3.028673	-29.294100	-7.375420	25.000000
9.937419	2.336490	0.278942	10.223032	1.593101	2.821080	-29.294100	-6.904050	25.000000
9.937419	2.336490	0.278942	9.658141	1.598445	2.962480	-29.294100	-5.806350	25.000000
9.937399	2.336492	0.278929	10.811850	2.204264	0.932804	-29.294100	-5.334980	25.000000
9.937399	2.336492	0.278929	8.719197	1.897719	2.129909	-29.294100	-4.237280	25.000000
9.937419	2.336490	0.278942	10.000500	2.278338	0.000000	-29.294100	-3.765920	25.000000
9.937419	2.336490	0.278942	9.798081	2.296143	0.092883	-29.294100	-2.668220	25.000000
9.937419	2.336490	0.278942	10.021198	2.303098	0.118363	-29.294100	-2.196850	25.000000
9.937413	2.336490	0.278938	9.972407	2.321128	0.161092	-29.294100	-1.099150	25.000000
9.937415	2.336490	0.278939	9.916532	2.326394	0.246323	-29.294100	-0.627785	25.000000
9.937415	2.336490	0.278939	9.906770	2.341295	0.242932	-29.294100	0.469915	25.000000
9.937417	2.336490	0.278941	9.870263	2.330819	0.267355	-29.294100	0.941281	25.000000
9.937320	2.336499	0.278875	9.989975	2.333242	0.300738	-28.509600	-17.887500	25.000000
9.937320	2.336499	0.278875	9.914742	2.326564	0.296767	-28.509600	-16.789800	25.000000
9.937518	2.336480	0.279009	9.927865	2.298016	0.336675	-28.509600	-16.318500	25.000000
9.937518	2.336480	0.279009	10.015069	2.317164	0.352722	-28.509600	-15.220800	25.000000
9.937518	2.336480	0.279009	9.494209	2.163053	0.503399	-28.509600	-14.749400	25.000000
9.937518	2.336480	0.279009	10.215674	2.198556	0.561163	-28.509600	-13.651700	25.000000
9.937320	2.336499	0.278875	9.814051	2.203081	6.048623	-28.509600	-13.180300	25.000000
9.937320	2.336499	0.278875	9.905049	3.109661	3.463343	-28.509600	-12.082600	25.000000
9.937518	2.336480	0.279009	2.049390	1.767237	3.241261	-28.509600	-11.611300	25.000000
9.937518	2.336480	0.279009	13.274506	1.956986	5.117815	-28.509600	-10.513600	25.000000
9.937439	2.336488	0.278955	9.720082	1.123982	3.615444	-28.509600	-10.042200	25.000000
9.937399	2.336492	0.278929	10.086625	1.130390	3.619945	-28.509600	-8.944480	25.000000
9.937419	2.336490	0.278942	9.833534	1.151879	3.005363	-28.509600	-8.473120	25.000000
9.937419	2.336490	0.278942	9.975675	1.201587	2.846018	-28.509600	-7.375420	25.000000
9.937419	2.336490	0.278942	9.509763	1.089778	2.820592	-28.509600	-6.904050	25.000000
9.937419	2.336490	0.278942	10.343409	1.152663	2.961834	-28.509600	-5.806350	25.000000
9.937399	2.336492	0.278929	10.849244	1.905123	1.309251	-28.509600	-5.334980	25.000000
9.937399	2.336492	0.278929	8.842251	1.428954	2.016051	-28.509600	-4.237280	25.000000
9.937419	2.336490	0.278942	10.560776	2.270371	0.636076	-28.509600	-3.765920	25.000000
9.937419	2.336490	0.278942	9.306987	2.507900	0.200954	-28.509600	-2.668220	25.000000
9.937419	2.336490	0.278942	10.017130	2.290114	0.097028	-28.509600	-2.196850	25.000000
9.937413	2.336490	0.278938	9.918246	2.326231	0.074860	-28.509600	-1.099150	25.000000
9.937415	2.336490	0.278939	9.971580	2.335006	0.235545	-28.509600	-0.627785	25.000000
9.937415	2.336490	0.278939	9.968230	2.335328	0.232842	-28.509600	0.469915	25.000000
9.937417	2.336490	0.278941	9.940428	2.324131	0.263712	-28.509600	0.941281	25.000000
9.937419	2.336490	0.278942	9.935638	2.338479	0.264657	-28.509600	2.038980	25.000000
9.936627	2.336566	0.278913	9.914742	2.326564	0.296767	-27.725000	-17.887500	25.000000
9.936627	2.336566	0.278913	9.919017	2.326158	0.299415	-27.725000	-16.789800	25.000000
9.936825	2.336547	0.279048	9.890723	2.301363	0.357817	-27.725000	-16.318500	25.000000
9.936825	2.336547	0.279048	9.923835	2.325701	0.345816	-27.725000	-15.220800	25.000000
9.936825	2.336547	0.279048	10.033942	2.236869	0.531724	-27.725000	-14.749400	25.000000
9.936825	2.336547	0.279048	9.816822	2.190306	0.553294	-27.725000	-13.651700	25.000000
9.936627	2.336566	0.278913	10.310946	2.343798	4.389782	-27.725000	-13.180300	25.000000
9.936627	2.336566	0.278913	9.111668	2.413276	0.266975	-27.725000	-12.082600	25.000000
9.936825	2.336547	0.279048	13.010938	1.986983	5.253529	-27.725000	-11.611300	25.000000
9.936825	2.336547	0.279048	3.685444	0.665061	4.130484	-27.725000	-10.513600	25.000000
9.936746	2.336555	0.278994	10.021477	0.783457	3.946988	-27.725000	-10.042200	25.000000
9.936706	2.336559	0.278967	9.837174	0.719328	4.047286	-27.725000	-8.944480	25.000000
9.936726	2.336557	0.278980	9.888928	0.755269	2.989055	-27.725000	-8.473120	25.000000
9.936726	2.336557	0.278980	10.068783	0.842736	2.733906	-27.725000	-7.375420	25.000000
9.936726	2.336557	0.278980	9.234306	0.659122	2.839974	-27.725000	-6.904050	25.000000
9.936726	2.336557	0.278980	10.542490	0.819002	2.711634	-27.725000	-5.806350	25.000000
9.936706	2.336559	0.278967	9.294090	1.089803	1.755101	-27.725000	-5.334980	25.000000
9.936706	2.336559	0.278967	10.465548	1.651146	1.317913	-27.725000	-4.237280	25.000000
9.936726	2.336557	0.278980	8.610459	2.391563	0.240846	-27.725000	-3.765920	25.000000
9.936726	2.336557	0.278980	11.039022	2.134674	1.232098	-27.725000	-2.668220	25.000000
9.936726	2.336557	0.278980	9.974569	2.334719	0.028465	-27.725000	-2.196850	25.000000
9.936720	2.336557	0.278976	9.992028	2.292316	0.023329	-27.725000	-1.099150	25.000000
9.936722	2.336557	0.278978	9.963278	2.335805	0.228780	-27.725000	-0.627785	25.000000
9.936722	2.336557	0.278978	9.884579	2.329444	0.220634	-27.725000	0.469915	25.000000
9.936724	2.336557	0.278979	9.935638	2.338479	0.264657	-27.725000	0.941281	25.000000
9.936726	2.336557	0.278980	9.933761	2.338661	0.263307	-27.725000	2.038980	25.000000
9.937320	2.336499	0.278875	9.916875	2.326361	0.298092	-26.940500	-17.887500	25.000000
9.937320	2.336499	0.278875	9.985710	2.333650	0.298092	-26.940500	-16.789800	25.000000
9.937518	2.336480	0.279009	9.858073	2.318076	0.347117	-26.940500	-16.318500	25.000000
9.937518	2.336480	0.279009	10.027866	2.315985	0.359088	-26.940500	-15.220800	25.000000
9.937518	2.336480	0.279009	9.714422	2.223510	0.544864	-26.940500	-14.749400	25.000000
9.937518	2.336480	0.279009	10.198529	2.249188	0.542579	-26.940500	-13.651700	25.000000
9.937320	2.336499	0.278875	12.196295	2.132878	5.411346	-26.940500	-13.180300	25.000000
9.937320	2.336499	0.278875	5.886773	2.317863	3.257619	-26.940500	-12.082600	25.000000
9.937518	2.336480	0.279009	13.253762	1.564006	5.002400	-26.940500	-11.611300	25.000000
9.937518	2.336480	0.279009	4.224654	1.341556	4.388333	-26.940500	-10.513600	25.000000
9.937439	2.336488	0.278955	9.552508	0.538628	4.716471	-26.940500	-10.042200	25.000000
9.937399	2.336492	0.278929	10.268028	0.677540	4.505853	-26.940500	-8.944480	25.000000
9.937419	2.336490	0.278942	9.833697	0.546775	2.852009	-26.940500	-8.473120	25.000000
9.937419	2.336490	0.278942	10.165156	0.363762	2.719999	-26.940500	-7.375420	25.000000
9.937419	2.336490	0.278942	9.623929	0.441769	2.688814	-26.940500	-6.904050	25.000000
9.937419	2.336490	0.278942	10.187738	0.547232	2.195432	-26.940500	-5.806350	25.000000
9.937399	2.336492	0.278929	9.462008	0.937456	1.486784	-26.940500	-5.334980	25.000000
9.937399	2.336492	0.278929	10.292565	1.502734	1.236419	-26.940500	-4.237280	25.000000
9.937419	2.336490	0.278942	7.460563	2.380099	0.136403	-26.940500	-3.765920	25.000000
9.937419	2.336490	0.278942	11.713240	1.883198	1.408597	-26.940500	-2.668220	25.000000
9.937419	2.336490	0.278942	9.977025	2.320697	6.268803	-26.940500	-2.196850	25.000000
9.937413	2.336490	0.278938	10.042000	2.342102	6.277352	-26.940500	-1.099150	25.000000
9.937415	2.336490	0.278939	9.945874	2.337486	0.213823	-26.940500	-0.627785	25.000000
9.937415	2.336490	0.278939	9.878846	2.344043	0.219589	-26.940500	0.469915	25.000000
9.937417	2.336490	0.278941	10.001625	2.332131	0.258378	-26.940500	0.941281	25.000000
9.937419	2.336490	0.278942	9.930035	2.339024	0.260602	-26.940500	2.038980	25.000000
9.937320	2.336499	0.278875	9.985710	2.333650	0.298092	-26.156000	-17.887500	25.000000
9.937320	2.336499	0.278875	9.912618	2.326766	0.295441	-26.156000	-16.789800	25.000000
9.937518	2.336480	0.279009	9.873216	2.316656	0.354897	-26.156000	-16.318500	25.000000
9.937518	2.336480	0.279009	9.926308	2.325466	0.347117	-26.156000	-15.220800	25.000000
9.937518	2.336480	0.279009	9.947864	2.269668	0.522403	-26.156000	-14.749400	25.000000
9.937518	2.336480	0.279009	9.958916	2.242803	0.584444	-26.156000	-13.651700	25.000000
9.937320	2.336499	0.278875	11.087380	1.679240	4.648838	-26.156000	-13.180300	25.000000
9.937320	2.336499	0.278875	7.658329	2.390920	0.095859	-26.156000	-12.082600	25.000000
9.937518	2.336480	0.279009	9.034757	0.984334	4.467191	-26.156000	-11.611300	25.000000
9.937518	2.336480	0.279009	10.758088	1.552205	4.883034	-26.156000	-10.513600	25.000000
9.937439	2.336488	0.278955	9.216946	0.656687	5.054935	-26.156000	-10.042200	25.000000
9.937399	2.336492	0.278929	10.568349	0.636319	4.872302	-26.156000	-8.944480	25.000000
9.937419	2.336490	0.278942	9.697680	0.142053	2.958482	-26.156000	-8.473120	25.000000
9.937419	2.336490	0.278942	10.206395	0.144517	2.098381	-26.156000	-7.375420	25.000000
9.937419	2.336490	0.278942	9.466700	0.279243	1.655211	-26.156000	-6.904050	25.000000
9.937419	2.336490	0.278942	10.433834	0.448923	1.809348	-26.156000	-5.806350	25.000000
9.937399	2.336492	0.278929	10.278740	1.355094	1.241172	-26.156000	-5.334980	25.000000
9.937399	2.336492	0.278929	9.528358	0.903067	1.349808	-26.156000	-4.237280	25.000000
9.937419	2.336490	0.278942	8.917399	1.435818	1.661456	-26.156000	-3.765920	25.000000
9.937419	2.336490	0.278942	10.435037	2.267989	0.643501	-26.156000	-2.668220	25.000000
9.937419	2.336490	0.278942	9.899708	2.356173	0.009285	-26.156000	-2.196850	25.000000
9.937413	2.336490	0.278938	9.970668	2.349081	0.009155	-26.156000	-1.099150	25.000000
9.937415	2.336490	0.278939	9.863752	2.345537	0.205743	-26.156000	-0.627785	25.000000
9.937415	2.336490	0.278939	9.871175	2.344801	0.212676	-26.156000	0.469915	25.000000
9.937417	2.336490	0.278941	9.997945	2.332481	0.255706	-26.156000	0.941281	25.000000
9.937419	2.336490	0.278942	9.928187	2.339204	0.259249	-26.156000	2.038980	25.000000
9.936627	2.336566	0.278913	9.912618	2.326766	0.295441	-25.371400	-17.887500	25.000000
9.936627	2.336566	0.278913	9.912618	2.326766	0.295441	-25.371400	-16.789800	25.000000
9.936825	2.336547	0.279048	9.914036	2.326631	0.340600	-25.371400	-16.318500	25.000000
9.936825	2.336547	0.279048	10.063379	2.326299	0.342473	-25.371400	-15.220800	25.000000
9.936825	2.336547	0.279048	10.181356	2.289043	0.533708	-25.371400	-14.749400	25.000000
9.936825	2.336547	0.279048	9.722140	2.262331	0.595410	-25.371400	-13.651700	25.000000
9.936627	2.336566	0.278913	12.259347	2.277461	5.611794	-25.371400	-13.180300	25.000000
9.936627	2.336566	0.278913	5.998675	0.990282	5.122516	-25.371400	-12.082600	25.000000
9.936825	2.336547	0.279048	10.654783	1.275578	4.848182	-25.371400	-11.611300	25.000000
9.936825	2.336547	0.279048	9.207654	0.787055	4.631031	-25.371400	-10.513600	25.000000
9.936746	2.336555	0.278994	9.837174	0.506939	5.054004	-25.371400	-10.042200	25.000000
9.936706	2.336559	0.278967	10.149798	0.709580	5.146275	-25.371400	-8.944480	25.000000
9.936726	2.336557	0.278980	9.686744	0.243922	0.158824	-25.371400	-8.473120	25.000000
9.936726	2.336557	0.278980	10.140187	0.259760	0.204926	-25.371400	-7.375420	25.000000
9.936726	2.336557	0.278980	10.072735	0.487358	1.012197	-25.371400	-6.904050	25.000000
9.936726	2.336557	0.278980	9.777525	0.401494	0.822418	-25.371400	-5.806350	25.000000
9.936706	2.336559	0.278967	8.184742	1.017649	1.294469	-25.371400	-5.334980	25.000000
9.936706	2.336559	0.278967	11.407892	1.037447	1.184619	-25.371400	-4.237280	25.000000
9.936726	2.336557	0.278980	9.143309	2.150698	0.729900	-25.371400	-3.765920	25.000000
9.936726	2.336557	0.278980	10.406368	1.263273	1.510264	-25.371400	-2.668220	25.000000
9.936726	2.336557	0.278980	9.906003	2.369908	0.047790	-25.371400	-2.196850	25.000000
9.936720	2.336557	0.278976	9.975916	2.362732	0.047108	-25.371400	-1.099150	25.000000
9.936722	2.336557	0.278978	9.860852	2.345825	0.202963	-25.371400	-0.627785	25.000000
9.936722	2.336557	0.278978	9.929658	2.353161	0.201573	-25.371400	0.469915	25.000000
9.936724	2.336557	0.278979	9.928187	2.339204	0.259249	-25.371400	0.941281	25.000000
9.936726	2.336557	0.278980	9.926349	2.339383	0.257894	-25.371400	2.038980	25.000000
9.937320	2.336499	0.278875	9.841143	2.333636	0.298189	-24.586900	-17.887500	25.000000
9.937518	2.336480	0.279009	9.985309	2.333689	0.341906	-24.586900	-16.318500	25.000000
9.937518	2.336480	0.279009	9.892543	2.328681	0.328793	-24.586900	-15.220800	25.000000
9.937518	2.336480	0.279009	9.940322	2.310437	0.512389	-24.586900	-14.749400	25.000000
9.937518	2.336480	0.279009	9.986992	2.306181	0.602983	-24.586900	-13.651700	25.000000
9.937320	2.336499	0.278875	11.452074	1.881387	5.445886	-24.586900	-13.180300	25.000000
9.937320	2.336499	0.278875	7.946697	1.890827	0.254625	-24.586900	-12.082600	25.000000
9.937518	2.336480	0.279009	7.796153	1.076295	5.528705	-24.586900	-11.611300	25.000000
9.937518	2.336480	0.279009	11.631423	0.925021	4.962590	-24.586900	-10.513600	25.000000
9.937439	2.336488	0.278955	9.579144	0.456085	5.260938	-24.586900	-10.042200	25.000000
9.937399	2.336492	0.278929	10.212737	0.638620	5.544265	-24.586900	-8.944480	25.000000
9.937419	2.336490	0.278942	9.635917	0.662079	0.089590	-24.586900	-8.473120	25.000000
9.937419	2.336490	0.278942	10.199490	0.549121	0.215816	-24.586900	-7.375420	25.000000
9.937419	2.336490	0.278942	10.036434	0.680643	0.406971	-24.586900	-6.904050	25.000000
9.937419	2.336490	0.278942	9.824968	0.686389	0.521138	-24.586900	-5.806350	25.000000
9.937399	2.336492	0.278929	10.272293	1.040005	1.076855	-24.586900	-5.334980	25.000000
9.937399	2.336492	0.278929	9.618732	0.814598	1.030377	-24.586900	-4.237280	25.000000
9.937419	2.336490	0.278942	10.311824	2.070271	0.769774	-24.586900	-3.765920	25.000000
9.937419	2.336490	0.278942	9.220764	1.043986	1.157667	-24.586900	-2.668220	25.000000
9.937419	2.336490	0.278942	9.905890	2.384506	0.031754	-24.586900	-2.196850	25.000000
9.937413	2.336490	0.278938	9.906182	2.384475	0.033664	-24.586900	-1.099150	25.000000
9.937415	2.336490	0.278939	9.932517	2.352875	0.204353	-24.586900	-0.627785	25.000000
9.937415	2.336490	0.278939	9.924057	2.353723	0.196002	-24.586900	0.469915	25.000000
9.937417	2.336490	0.278941	9.926349	2.339383	0.257894	-24.586900	0.941281	25.000000
9.937419	2.336490	0.278942	9.926349	2.339383	0.257894	-24.586900	2.038980	25.000000
9.937320	2.336499	0.278875	9.908400	2.341136	0.296845	-23.802400	-17.887500	25.000000
9.937518	2.336480	0.279009	10.020898	2.330299	0.319140	-23.802400	-16.318500	25.000000
9.937518	2.336480	0.279009	9.961546	2.335972	0.328793	-23.802400	-15.220800	25.000000
9.937518	2.336480	0.279009	10.037430	2.328737	0.469783	-23.802400	-14.749400	25.000000
9.937518	2.336480	0.279009	9.986992	2.333528	0.538044	-23.802400	-13.651700	25.000000
9.937320	2.336499	0.278875	10.294295	1.846262	6.247846	-23.802400	-13.180300	25.000000
9.937320	2.336499	0.278875	9.528358	2.443600	0.271122	-23.802400	-12.082600	25.000000
9.937518	2.336480	0.279009	9.577578	1.570796	5.579089	-23.802400	-11.611300	25.000000
9.937518	2.336480	0.279009	10.178900	0.865315	5.941029	-23.802400	-10.513600	25.000000
9.937439	2.336488	0.278955	10.024969	0.646815	5.856558	-23.802400	-10.042200	25.000000
9.937399	2.336492	0.278929	9.879904	0.627114	5.865837	-23.802400	-8.944480	25.000000
9.937419	2.336490	0.278942	10.330711	0.799659	0.408082	-23.802400	-8.473120	25.000000
9.937419	2.336490	0.278942	9.447058	0.854907	0.088501	-23.802400	-7.375420	25.000000
9.937419	2.336490	0.278942	10.074999	0.932867	0.270153	-23.802400	-6.904050	25.000000
9.937419	2.336490	0.278942	9.718750	0.766623	0.268724	-23.802400	-5.806350	25.000000
9.937399	2.336492	0.278929	9.264988	0.894367	0.726642	-23.802400	-5.334980	25.000000
9.937399	2.336492	0.278929	10.632027	0.948203	0.834539	-23.802400	-4.237280	25.000000
9.937419	2.336490	0.278942	7.165305	1.705179	0.014084	-23.802400	-3.765920	25.000000
9.937419	2.336490	0.278942	11.888162	1.678676	1.008610	-23.802400	-2.668220	25.000000
9.937419	2.336490	0.278942	9.982813	2.405763	6.271096	-23.802400	-2.196850	25.000000
9.937413	2.336490	0.278938	9.926155	2.427335	6.257191	-23.802400	-1.099150	25.000000
9.937415	2.336490	0.278939	9.864766	2.359721	0.208682	-23.802400	-0.627785	25.000000
9.937415	2.336490	0.278939	9.928852	2.367546	0.201634	-23.802400	0.469915	25.000000
9.937417	2.336490	0.278941	9.924520	2.339561	0.256539	-23.802400	0.941281	25.000000
9.937419	2.336490	0.278942	9.858950	2.346014	0.262889	-23.802400	2.038980	25.000000
9.936627	2.336566	0.278913	9.902146	2.341749	0.292805	-23.017800	-16.789800	25.000000
9.936825	2.336547	0.279048	9.940971	2.337961	0.316890	-23.017800	-16.318500	25.000000
9.936825	2.336547	0.279048	10.009640	2.331368	0.312593	-23.017800	-15.220800	25.000000
9.936825	2.336547	0.279048	9.913123	2.340674	0.419651	-23.017800	-14.749400	25.000000
9.936825	2.336547	0.279048	9.978978	2.348261	0.482513	-23.017800	-13.651700	25.000000
9.936627	2.336566	0.278913	9.139475	2.426400	0.448723	-23.017800	-13.180300	25.000000
9.936627	2.336566	0.278913	10.707474	2.223143	0.411065	-23.017800	-12.082600	25.000000
9.936825	2.336547	0.279048	10.037968	1.392527	5.789655	-23.017800	-11.611300	25.000000
9.936825	2.336547	0.279048	9.733042	1.896030	0.163366	-23.017800	-10.513600	25.000000
9.936746	2.336555	0.278994	10.127191	0.984876	6.188234	-23.017800	-10.042200	25.000000
9.936706	2.336559	0.278967	9.681988	0.834768	6.005077	-23.017800	-8.944480	25.000000
9.936726	2.336557	0.278980	9.807778	0.804700	0.323988	-23.017800	-8.473120	25.000000
9.936726	2.336557	0.278980	10.033050	0.812443	0.366484	-23.017800	-7.375420	25.000000
9.936726	2.336557	0.278980	9.942837	0.789748	0.214061	-23.017800	-6.904050	25.000000
9.936726	2.336557	0.278980	9.942837	0.803812	0.211093	-23.017800	-5.806350	25.000000
9.936706	2.336559	0.278967	9.739610	1.214197	0.566729	-23.017800	-5.334980	25.000000
9.936706	2.336559	0.278967	10.109896	0.923077	0.519146	-23.017800	-4.237280	25.000000
9.936726	2.336557	0.278980	11.325635	2.077873	0.771113	-23.017800	-3.765920	25.000000
9.936726	2.336557	0.278980	8.277077	1.728510	6.148209	-23.017800	-2.668220	25.000000
9.936726	2.336557	0.278980	9.924886	2.427482	6.274262	-23.017800	-2.196850	25.000000
9.936720	2.336557	0.278976	9.987617	2.483205	6.223584	-23.017800	-1.099150	25.000000
9.936722	2.336557	0.278978	10.003404	2.374246	0.204456	-23.017800	-0.627785	25.000000
9.936722	2.336557	0.278978	9.944350	2.351694	0.215444	-23.017800	0.469915	25.000000
9.936724	2.336557	0.278979	9.999780	2.346215	0.260602	-23.017800	0.941281	25.000000
9.936726	2.336557	0.278980	9.924520	2.339561	0.256539	-23.017800	2.038980	25.000000
9.937320	2.336499	0.278875	9.902146	2.327763	0.288795	-22.233300	-17.887500	25.000000
9.937320	2.336499	0.278875	9.900081	2.341951	0.291457	-22.233300	-16.789800	25.000000
9.937518	2.336480	0.279009	9.996444	2.332625	0.304699	-22.233300	-16.318500	25.000000
9.937518	2.336480	0.279009	9.934088	2.352718	0.315918	-22.233300	-15.220800	25.000000
9.937518	2.336480	0.279009	9.950377	2.337050	0.401229	-22.233300	-14.749400	25.000000
9.937518	2.336480	0.279009	9.796938	2.366718	0.404892	-22.233300	-13.651700	25.000000
9.937320	2.336499	0.278875	9.954898	2.424011	0.600714	-22.233300	-13.180300	25.000000
9.937320	2.336499	0.278875	9.985489	2.361761	0.623561	-22.233300	-12.082600	25.000000
9.937518	2.336480	0.279009	10.220881	1.619735	0.041153	-22.233300	-11.611300	25.000000
9.937518	2.336480	0.279009	9.498152	2.254543	5.926640	-22.233300	-10.513600	25.000000
9.937439	2.336488	0.278955	10.114964	1.007634	6.171883	-22.233300	-10.042200	25.000000
9.937399	2.336492	0.278929	9.856982	1.345708	6.074563	-22.233300	-8.944480	25.000000
9.937419	2.336490	0.278942	9.661206	0.698279	0.189502	-22.233300	-8.473120	25.000000
9.937419	2.336490	0.278942	10.211151	0.842045	0.370755	-22.233300	-7.375420	25.000000
9.937419	2.336490	0.278942	9.769795	0.842879	0.231012	-22.233300	-6.904050	25.000000
9.937419	2.336490	0.278942	10.159114	0.647965	0.377478	-22.233300	-5.806350	25.000000
9.937399	2.336492	0.278929	9.473801	1.107953	0.299366	-22.233300	-5.334980	25.000000
9.937399	2.336492	0.278929	10.395966	1.504376	0.593350	-22.233300	-4.237280	25.000000
9.937419	2.336490	0.278942	10.113377	2.516326	6.202008	-22.233300	-3.765920	25.000000
9.937419	2.336490	0.278942	9.627694	1.865888	0.395626	-22.233300	-2.668220	25.000000
9.937419	2.336490	0.278942	10.016720	2.447625	6.237748	-22.233300	-2.196850	25.000000
9.937413	2.336490	0.278938	9.897787	2.462196	0.078227	-22.233300	-1.099150	25.000000
9.937415	2.336490	0.278939	9.878305	2.358342	0.221314	-22.233300	-0.627785	25.000000
9.937415	2.336490	0.278939	9.950382	2.379786	0.221670	-22.233300	0.469915	25.000000
9.937417	2.336490	0.278941	9.931893	2.338843	0.261955	-22.233300	0.941281	25.000000
9.937419	2.336490	0.278942	9.857099	2.346198	0.261517	-22.233300	2.038980	25.000000
9.937518	2.336480	0.279009	9.923331	2.339677	0.306231	-21.448800	-16.318500	25.000000
9.937518	2.336480	0.279009	9.983592	2.333853	0.296767	-21.448800	-15.220800	25.000000
9.937518	2.336480	0.279009	9.924843	2.339529	0.350567	-21.448800	-14.749400	25.000000
9.937518	2.336480	0.279009	9.952934	2.365074	0.371188	-21.448800	-13.651700	25.000000
9.937320	2.336499	0.278875	9.568176	2.438654	0.601455	-21.448800	-13.180300	25.000000
9.937320	2.336499	0.278875	10.267424	2.361696	0.637961	-21.448800	-12.082600	25.000000
9.937518	2.336480	0.279009	10.123739	1.620205	6.034369	-21.448800	-11.611300	25.000000
9.937518	2.336480	0.279009	9.690764	2.523887	0.276097	-21.448800	-10.513600	25.000000
9.937439	2.336488	0.278955	9.592044	1.468450	5.977675	-21.448800	-10.042200	25.000000
9.937399	2.336492	0.278929	10.139946	1.193037	6.120130	-21.448800	-8.944480	25.000000
9.937419	2.336490	0.278942	10.128001	1.008447	0.126382	-21.448800	-8.473120	25.000000
9.937419	2.336490	0.278942	9.811855	0.873587	0.180448	-21.448800	-7.375420	25.000000
9.937419	2.336490	0.278942	10.107423	0.859277	0.346539	-21.448800	-6.904050	25.000000
9.937419	2.336490	0.278942	9.759611	1.032917	0.302885	-21.448800	-5.806350	25.000000
9.937399	2.336492	0.278929	9.327915	1.310577	0.339293	-21.448800	-5.334980	25.000000
9.937399	2.336492	0.278929	10.463747	1.724307	0.655106	-21.448800	-4.237280	25.000000
9.937419	2.336490	0.278942	10.366292	2.379654	0.576375	-21.448800	-3.765920	25.000000
9.937419	2.336490	0.278942	9.590355	2.260172	6.273726	-21.448800	-2.668220	25.000000
9.937419	2.336490	0.278942	10.014295	2.447917	0.029679	-21.448800	-2.196850	25.000000
9.937413	2.336490	0.278938	9.928565	2.458366	0.147312	-21.448800	-1.099150	25.000000
9.937415	2.336490	0.278939	9.975916	2.377107	0.244276	-21.448800	-0.627785	25.000000
9.937415	2.336490	0.278939	9.875227	2.358655	0.218513	-21.448800	0.469915	25.000000
9.937417	2.336490	0.278941	9.860811	2.345829	0.264260	-21.448800	0.941281	25.000000
9.937419	2.336490	0.278942	10.001625	2.346035	0.261955	-21.448800	2.038980	25.000000
9.936825	2.336547	0.279048	9.908400	2.341136	0.296845	-20.664200	-16.318500	25.000000
9.936825	2.336547	0.279048	9.985710	2.333650	0.298092	-20.664200	-15.220800	25.000000
9.936825	2.336547	0.279048	9.947487	2.351382	0.323988	-20.664200	-14.749400	25.000000
9.936825	2.336547	0.279048	9.918069	2.354323	0.350109	-20.664200	-13.651700	25.000000
9.936627	2.336566	0.278913	9.985489	2.361761	0.457278	-20.664200	-13.180300	25.000000
9.936627	2.336566	0.278913	9.891916	2.431337	0.519146	-20.664200	-12.082600	25.000000
9.936825	2.336547	0.279048	10.523041	2.177518	0.496762	-20.664200	-11.611300	25.000000
9.936825	2.336547	0.279048	9.294950	2.301010	6.092870	-20.664200	-10.513600	25.000000
9.936746	2.336555	0.278994	9.843135	1.477194	6.080787	-20.664200	-10.042200	25.000000
9.936706	2.336559	0.278967	10.016252	1.723138	0.007071	-20.664200	-8.944480	25.000000
9.936726	2.336557	0.278980	10.178448	1.381025	0.138501	-20.664200	-8.473120	25.000000
9.936726	2.336557	0.278980	9.758960	1.340252	0.145767	-20.664200	-7.375420	25.000000
9.936726	2.336557	0.278980	10.060696	1.346266	0.289504	-20.664200	-6.904050	25.000000
9.936726	2.336557	0.278980	9.724711	1.384627	0.232289	-20.664200	-5.806350	25.000000
9.936706	2.336559	0.278967	9.782541	2.038461	0.412410	-20.664200	-5.334980	25.000000
9.936706	2.336559	0.278967	10.112487	1.539147	0.472497	-20.664200	-4.237280	25.000000
9.936726	2.336557	0.278980	9.818880	2.472208	0.252144	-20.664200	-3.765920	25.000000
9.936726	2.336557	0.278980	9.926031	2.474805	0.112636	-20.664200	-2.668220	25.000000
9.936726	2.336557	0.278980	9.956385	2.439247	0.099669	-20.664200	-2.196850	25.000000
9.936720	2.336557	0.278976	10.019187	2.431873	0.198898	-20.664200	-1.099150	25.000000
9.936722	2.336557	0.278978	9.983867	2.361925	0.250507	-20.664200	-0.627785	25.000000
9.936722	2.336557	0.278978	9.886172	2.357543	0.228302	-20.664200	0.469915	25.000000
9.936724	2.336557	0.278979	9.933761	2.338661	0.263307	-20.664200	0.941281	25.000000
9.936726	2.336557	0.278980	9.933761	2.338661	0.263307	-20.664200	2.038980	25.000000
9.937518	2.336480	0.279009	9.978296	2.348328	0.296845	-19.879700	-16.318500	25.000000
9.937518	2.336480	0.279009	9.902146	2.341749	0.292805	-19.879700	-15.220800	25.000000
9.937518	2.336480	0.279009	9.925346	2.353593	0.310515	-19.879700	-14.749400	25.000000
9.937518	2.336480	0.279009	9.954316	2.350702	0.328006	-19.879700	-13.651700	25.000000
9.937320	2.336499	0.278875	10.024969	2.357787	0.406747	-19.879700	-13.180300	25.000000
9.937320	2.336499	0.278875	9.800510	2.411120	0.408908	-19.879700	-12.082600	25.000000
9.937518	2.336480	0.279009	9.864583	2.499501	0.592697	-19.879700	-11.611300	25.000000
9.937518	2.336480	0.279009	9.978477	2.436635	0.553681	-19.879700	-10.513600	25.000000
9.937439	2.336488	0.278955	9.607622	1.943671	0.103005	-19.879700	-10.042200	25.000000
9.937399	2.336492	0.278929	10.267015	2.294701	0.394991	-19.879700	-8.944480	25.000000
9.937419	2.336490	0.278942	10.022455	1.895769	0.251107	-19.879700	-8.473120	25.000000
9.937419	2.336490	0.278942	9.843353	1.901906	0.212144	-19.879700	-7.375420	25.000000
9.937419	2.336490	0.278942	9.949995	1.887628	0.232665	-19.879700	-6.904050	25.000000
9.937419	2.336490	0.278942	9.895838	1.868214	0.184958	-19.879700	-5.806350	25.000000
9.937399	2.336492	0.278929	10.388936	2.072912	0.542303	-19.879700	-5.334980	25.000000
9.937399	2.336492	0.278929	9.452730	2.286164	6.183517	-19.879700	-4.237280	25.000000
9.937419	2.336490	0.278942	10.043983	2.525962	6.276289	-19.879700	-3.765920	25.000000
9.937419	2.336490	0.278942	9.922001	2.619466	0.139896	-19.879700	-2.668220	25.000000
9.937419	2.336490	0.278942	10.031171	2.430483	0.212373	-19.879700	-2.196850	25.000000
9.937413	2.336490	0.278938	9.906871	2.384402	0.175779	-19.879700	-1.099150	25.000000
9.937415	2.336490	0.278939	9.909087	2.369588	0.248487	-19.879700	-0.627785	25.000000
9.937415	2.336490	0.278939	9.983612	2.347804	0.248386	-19.879700	0.469915	25.000000
9.937419	2.336490	0.278942	9.864563	2.345457	0.266999	-19.879700	2.038980	25.000000
9.937518	2.336480	0.279009	9.859457	2.345964	0.313219	-19.095200	-14.749400	25.000000
9.937518	2.336480	0.279009	9.983592	2.333853	0.296767	-19.095200	-13.651700	25.000000
9.937320	2.336499	0.278875	9.883198	2.372283	0.331870	-19.095200	-13.180300	25.000000
9.937320	2.336499	0.278875	10.021058	2.358178	0.367377	-19.095200	-12.082600	25.000000
9.937518	2.336480	0.279009	10.155787	2.401632	0.502843	-19.095200	-11.611300	25.000000
9.937518	2.336480	0.279009	9.809179	2.490090	0.471166	-19.095200	-10.513600	25.000000
9.937439	2.336488	0.278955	9.994498	2.532996	0.573441	-19.095200	-10.042200	25.000000
9.937399	2.336492	0.278929	9.853933	2.553779	0.603230	-19.095200	-8.944480	25.000000
9.937419	2.336490	0.278942	10.080084	2.538183	0.469902	-19.095200	-8.473120	25.000000
9.937419	2.336490	0.278942	9.736945	2.535031	0.449144	-19.095200	-7.375420	25.000000
9.937419	2.336490	0.278942	9.885449	2.513705	0.192330	-19.095200	-6.904050	25.000000
9.937419	2.336490	0.278942	10.035064	2.493447	0.293038	-19.095200	-5.806350	25.000000
9.937399	2.336492	0.278929	9.886865	2.548799	0.092463	-19.095200	-5.334980	25.000000
9.937399	2.336492	0.278929	9.964562	2.612090	0.230522	-19.095200	-4.237280	25.000000
9.937419	2.336490	0.278942	9.946839	2.505252	0.060941	-19.095200	-3.765920	25.000000
9.937419	2.336490	0.278942	10.004404	2.514341	0.242500	-19.095200	-2.668220	25.000000
9.937419	2.336490	0.278942	9.905680	2.414404	0.237612	-19.095200	-2.196850	25.000000
9.937413	2.336490	0.278938	9.942917	2.380574	0.214556	-19.095200	-1.099150	25.000000
9.937415	2.336490	0.278939	9.988914	2.347282	0.252467	-19.095200	-0.627785	25.000000
9.937415	2.336490	0.278939	9.921900	2.353939	0.257396	-19.095200	0.469915	25.000000
9.936825	2.336547	0.279048	9.974147	2.348738	0.294153	-18.310600	-14.749400	25.000000
9.936825	2.336547	0.279048	9.986711	2.347499	0.302215	-18.310600	-13.651700	25.000000
9.936627	2.336566	0.278913	9.965245	2.363817	0.336675	-18.310600	-13.180300	25.000000
9.936627	2.336566	0.278913	9.923185	2.353810	0.309161	-18.310600	-12.082600	25.000000
9.936825	2.336547	0.279048	9.913405	2.383705	0.350526	-18.310600	-11.611300	25.000000
9.936825	2.336547	0.279048	9.885828	2.416663	0.414507	-18.310600	-10.513600	25.000000
9.936746	2.336555	0.278994	10.016986	2.547385	0.543478	-18.310600	-10.042200	25.000000
9.936706	2.336559	0.278967	9.843780	2.469017	0.419880	-18.310600	-8.944480	25.000000
9.936726	2.336557	0.278980	9.854040	2.674841	0.495927	-18.310600	-8.473120	25.000000
9.936726	2.336557	0.278980	9.996244	2.606700	0.528639	-18.310600	-7.375420	25.000000
9.936726	2.336557	0.278980	10.013616	2.665494	0.414906	-18.310600	-6.904050	25.000000
9.936726	2.336557	0.278980	9.888827	2.690579	0.313680	-18.310600	-5.806350	25.000000
9.936706	2.336559	0.278967	9.941509	2.540688	0.281232	-18.310600	-5.334980	25.000000
9.936706	2.336559	0.278967	9.968450	2.631611	0.165149	-18.310600	-4.237280	25.000000
9.936726	2.336557	0.278980	9.944848	2.425169	0.200399	-18.310600	-3.765920	25.000000
9.936726	2.336557	0.278980	9.961747	2.486569	0.236186	-18.310600	-2.668220	25.000000
9.936726	2.336557	0.278980	9.887613	2.371822	0.230175	-18.310600	-2.196850	25.000000
9.936720	2.336557	0.278976	9.995624	2.389586	0.259187	-18.310600	-1.099150	25.000000
9.936722	2.336557	0.278978	9.936644	2.352463	0.268366	-18.310600	-0.627785	25.000000
9.936722	2.336557	0.278978	9.921900	2.353939	0.257396	-18.310600	0.469915	25.000000
9.936724	2.336557	0.278979	10.009101	2.345303	0.267355	-18.310600	0.941281	25.000000
9.937518	2.336480	0.279009	9.900081	2.341951	0.291457	-17.526100	-14.749400	25.000000
9.937518	2.336480	0.279009	9.906306	2.341341	0.295499	-17.526100	-13.651700	25.000000
9.937320	2.336499	0.278875	9.988839	2.347290	0.303555	-17.526100	-13.180300	25.000000
9.937320	2.336499	0.278875	9.993978	2.360902	0.309161	-17.526100	-12.082600	25.000000
9.937518	2.336480	0.279009	9.922923	2.368157	0.310802	-17.526100	-11.611300	25.000000
9.937518	2.336480	0.279009	9.994904	2.375128	0.355056	-17.526100	-10.513600	25.000000
9.937439	2.336488	0.278955	9.897192	2.430717	0.334482	-17.526100	-10.042200	25.000000
9.937399	2.336492	0.278929	10.020798	2.431686	0.406098	-17.526100	-8.944480	25.000000
9.937419	2.336490	0.278942	10.066558	2.505873	0.402256	-17.526100	-8.473120	25.000000
9.937419	2.336490	0.278942	9.955024	2.487449	0.345245	-17.526100	-7.375420	25.000000
9.937419	2.336490	0.278942	9.944224	2.522738	0.306401	-17.526100	-6.904050	25.000000
9.937419	2.336490	0.278942	9.896282	2.512199	0.335865	-17.526100	-5.806350	25.000000
9.937399	2.336492	0.278929	9.855942	2.467469	0.222900	-17.526100	-5.334980	25.000000
9.937399	2.336492	0.278929	9.968069	2.485744	0.304062	-17.526100	-4.237280	25.000000
9.937419	2.336490	0.278942	9.949678	2.409448	0.275615	-17.526100	-3.765920	25.000000
9.937419	2.336490	0.278942	9.954075	2.408957	0.218017	-17.526100	-2.668220	25.000000
9.937419	2.336490	0.278942	9.984408	2.376220	0.251290	-17.526100	-2.196850	25.000000
9.937413	2.336490	0.278938	9.923709	2.353757	0.258771	-17.526100	-1.099150	25.000000
9.937415	2.336490	0.278939	9.934767	2.352650	0.266999	-17.526100	-0.627785	25.000000
9.937415	2.336490	0.278939	9.933761	2.338661	0.263307	-17.526100	0.469915	25.000000
9.937518	2.336480	0.279009	9.965962	2.349547	0.288756	-16.741600	-14.749400	25.000000
9.937518	2.336480	0.279009	9.902146	2.341749	0.292805	-16.741600	-13.651700	25.000000
9.937320	2.336499	0.278875	9.914636	2.354669	0.303734	-16.741600	-13.180300	25.000000
9.937320	2.336499	0.278875	9.974147	2.348738	0.294153	-16.741600	-12.082600	25.000000
9.937518	2.336480	0.279009	9.944767	2.365910	0.324475	-16.741600	-11.611300	25.000000
9.937518	2.336480	0.279009	9.840981	2.362158	0.303920	-16.741600	-10.513600	25.000000
9.937439	2.336488	0.278955	10.041414	2.384723	0.340097	-16.741600	-10.042200	25.000000
9.937399	2.336492	0.278929	9.926475	2.397064	0.312818	-16.741600	-8.944480	25.000000
9.937419	2.336490	0.278942	9.959137	2.423523	0.329472	-16.741600	-8.473120	25.000000
9.937419	2.336490	0.278942	9.877657	2.417598	0.325134	-16.741600	-7.375420	25.000000
9.937419	2.336490	0.278942	10.000125	2.434095	0.304721	-16.741600	-6.904050	25.000000
9.937419	2.336490	0.278942	9.912724	2.428899	0.295890	-16.741600	-5.806350	25.000000
9.937399	2.336492	0.278929	9.939623	2.425773	0.262084	-16.741600	-5.334980	25.000000
9.937399	2.336492	0.278929	9.960768	2.408210	0.284274	-16.741600	-4.237280	25.000000
9.937419	2.336490	0.278942	10.004499	2.388638	0.266252	-16.741600	-3.765920	25.000000
9.937419	2.336490	0.278942	9.987873	2.375859	0.254088	-16.741600	-2.668220	25.000000
9.937419	2.336490	0.278942	9.921900	2.353939	0.257396	-16.741600	-2.196850	25.000000
9.937413	2.336490	0.278938	9.870380	2.359149	0.273562	-16.741600	-1.099150	25.000000
9.937415	2.336490	0.278939	9.942334	2.351895	0.272463	-16.741600	-0.627785	25.000000
9.937415	2.336490	0.278939	9.938531	2.352274	0.269733	-16.741600	0.469915	25.000000
9.937417	2.336490	0.278941	9.950055	2.351126	0.277911	-16.741600	0.941281	25.000000
9.936627	2.336566	0.278913	9.974147	2.348738	0.294153	-15.957000	-12.082600	25.000000
9.936825	2.336547	0.279048	9.918891	2.354241	0.306450	-15.957000	-11.611300	25.000000
9.936825	2.336547	0.279048	9.972086	2.348941	0.292805	-15.957000	-10.513600	25.000000
9.936746	2.336555	0.278994	9.922606	2.382725	0.311098	-15.957000	-10.042200	25.000000
9.936706	2.336559	0.278967	9.849472	2.361286	0.309428	-15.957000	-8.944480	25.000000
9.936726	2.336557	0.278980	9.983031	2.390936	0.302710	-15.957000	-8.473120	25.000000
9.936726	2.336557	0.278980	9.918412	2.383171	0.308307	-15.957000	-7.375420	25.000000
9.936726	2.336557	0.278980	9.965119	2.392864	0.290045	-15.957000	-6.904050	25.000000
9.936726	2.336557	0.278980	9.904120	2.399516	0.297181	-15.957000	-5.806350	25.000000
9.936706	2.336559	0.278967	9.867426	2.388641	0.271582	-15.957000	-5.334980	25.000000
9.936706	2.336559	0.278967	9.954215	2.379383	0.283096	-15.957000	-4.237280	25.000000
9.936726	2.336557	0.278980	9.932215	2.367200	0.266631	-15.957000	-3.765920	25.000000
9.936726	2.336557	0.278980	9.939663	2.366434	0.272178	-15.957000	-2.668220	25.000000
9.936726	2.336557	0.278980	9.942334	2.351895	0.272463	-15.957000	-2.196850	25.000000
9.936720	2.336557	0.278976	9.937786	2.366627	0.270793	-15.957000	-1.099150	25.000000
9.936722	2.336557	0.278978	9.870263	2.344892	0.271099	-15.957000	0.469915	25.000000
