9.936202	2.487273	1.074234	9.974969	2.484846	1.055724	-19.706200	-26.489800	25.000000
9.936737	2.487203	1.074313	9.949874	2.471766	1.063698	-19.706200	-24.449400	25.000000
9.936202	2.487273	1.074234	9.920181	2.475555	1.077960	-19.706200	-22.880300	25.000000
9.936202	2.487273	1.074234	9.974969	2.484846	1.055724	-19.706200	-21.782600	25.000000
9.936202	2.487273	1.074234	9.949874	2.471766	1.063698	-19.706200	-21.311200	25.000000
9.936202	2.487273	1.074234	9.949874	2.471766	1.063698	-19.706200	-20.213500	25.000000
9.936737	2.487203	1.074313	10.005498	2.480898	1.041550	-19.706200	-19.742200	25.000000
9.936737	2.487203	1.074313	9.895959	2.478676	1.055724	-19.706200	-18.644500	25.000000
9.936202	2.487273	1.074234	9.895959	2.478676	1.055724	-19.706200	-18.173100	25.000000
9.936202	2.487273	1.074234	9.974969	2.484846	1.055724	-19.706200	-17.075400	25.000000
9.936202	2.487273	1.074234	9.974969	2.484846	1.055724	-19.706200	-15.506300	25.000000
9.936737	2.487203	1.074313	9.974969	2.484846	1.055724	-19.706200	-15.035000	25.000000
9.936737	2.487203	1.074313	9.895959	2.478676	1.055724	-19.706200	-13.937300	25.000000
9.936202	2.487273	1.074234	9.920181	2.475555	1.077960	-18.921700	-26.018400	25.000000
9.936737	2.487203	1.074313	9.949874	2.471766	1.063698	-18.921700	-24.449400	25.000000
9.936737	2.487203	1.074313	10.028460	2.477957	1.063698	-18.921700	-23.351700	25.000000
9.936202	2.487273	1.074234	9.980481	2.467904	1.049658	-18.921700	-22.880300	25.000000
9.936202	2.487273	1.074234	9.949874	2.471766	1.063698	-18.921700	-21.782600	25.000000
9.936202	2.487273	1.074234	9.926732	2.474716	1.041550	-18.921700	-21.311200	25.000000
9.936202	2.487273	1.074234	9.902525	2.461603	1.049658	-18.921700	-20.213500	25.000000
9.936737	2.487203	1.074313	9.926732	2.474716	1.041550	-18.921700	-19.742200	25.000000
9.936737	2.487203	1.074313	9.926732	2.474716	1.041550	-18.921700	-18.644500	25.000000
9.936202	2.487273	1.074234	10.005498	2.480898	1.041550	-18.921700	-18.173100	25.000000
9.936202	2.487273	1.074234	10.005498	2.480898	1.041550	-18.921700	-17.075400	25.000000
9.936202	2.487273	1.074234	9.952889	2.487729	1.033210	-18.921700	-16.604000	25.000000
9.936202	2.487273	1.074234	9.895959	2.478676	1.055724	-18.921700	-15.506300	25.000000
9.936737	2.487203	1.074313	9.895959	2.478676	1.055724	-18.921700	-15.035000	25.000000
9.936737	2.487203	1.074313	9.974969	2.484846	1.055724	-18.921700	-13.937300	25.000000
9.936202	2.487273	1.074234	9.974969	2.484846	1.055724	-18.921700	-13.465900	25.000000
9.936202	2.487273	1.074234	9.974969	2.484846	1.055724	-18.921700	-12.368200	25.000000
9.936492	2.487235	1.074089	9.920181	2.475555	1.077960	-18.137200	-27.587500	25.000000
9.936492	2.487235	1.074089	9.949874	2.471766	1.063698	-18.137200	-26.018400	25.000000
9.936492	2.487235	1.074089	9.920181	2.475555	1.077960	-18.137200	-24.920700	25.000000
9.937027	2.487165	1.074168	9.949874	2.471766	1.063698	-18.137200	-24.449400	25.000000
9.937027	2.487165	1.074168	9.949874	2.471766	1.063698	-18.137200	-23.351700	25.000000
9.936492	2.487235	1.074089	9.934284	2.457660	1.035841	-18.137200	-22.880300	25.000000
9.936492	2.487235	1.074089	9.980481	2.467904	1.049658	-18.137200	-21.782600	25.000000
9.936492	2.487235	1.074089	9.934284	2.457660	1.035841	-18.137200	-21.311200	25.000000
9.936492	2.487235	1.074089	9.913123	2.460282	1.013895	-18.137200	-20.213500	25.000000
9.937027	2.487165	1.074168	9.913123	2.460282	1.013895	-18.137200	-19.742200	25.000000
9.937027	2.487165	1.074168	9.913123	2.460282	1.013895	-18.137200	-18.644500	25.000000
9.936492	2.487235	1.074089	9.913123	2.460282	1.013895	-18.137200	-18.173100	25.000000
9.936492	2.487235	1.074089	9.938310	2.473237	1.005312	-18.137200	-17.075400	25.000000
9.936492	2.487235	1.074089	10.005498	2.480898	1.041550	-18.137200	-16.604000	25.000000
9.936492	2.487235	1.074089	9.984488	2.483610	1.019141	-18.137200	-15.506300	25.000000
9.937027	2.487165	1.074168	10.005498	2.480898	1.041550	-18.137200	-15.035000	25.000000
9.937027	2.487165	1.074168	9.952889	2.487729	1.033210	-18.137200	-13.937300	25.000000
9.936492	2.487235	1.074089	9.974969	2.484846	1.055724	-18.137200	-13.465900	25.000000
9.936492	2.487235	1.074089	9.895959	2.478676	1.055724	-18.137200	-12.368200	25.000000
9.936492	2.487235	1.074089	9.974969	2.484846	1.055724	-18.137200	-10.799100	25.000000
9.936202	2.487273	1.074234	10.028460	2.477957	1.063698	-17.352600	-27.587500	25.000000
9.936202	2.487273	1.074234	9.895959	2.478676	1.055724	-17.352600	-26.489800	25.000000
9.936202	2.487273	1.074234	9.949874	2.471766	1.063698	-17.352600	-26.018400	25.000000
9.936202	2.487273	1.074234	9.949874	2.471766	1.063698	-17.352600	-24.920700	25.000000
9.936737	2.487203	1.074313	9.988994	2.450968	1.043853	-17.352600	-24.449400	25.000000
9.936737	2.487203	1.074313	9.871677	2.465477	1.063698	-17.352600	-23.351700	25.000000
9.936202	2.487273	1.074234	9.923709	2.443147	1.008875	-17.352600	-22.880300	25.000000
9.936202	2.487273	1.074234	9.912114	2.444542	1.043853	-17.352600	-21.782600	25.000000
9.936202	2.487273	1.074234	10.028460	2.415646	0.999459	-17.352600	-21.311200	25.000000
9.936202	2.487273	1.074234	9.918165	2.428264	0.982794	-17.352600	-20.213500	25.000000
9.936737	2.487203	1.074313	9.992497	2.419710	0.957589	-17.352600	-19.742200	25.000000
9.936737	2.487203	1.074313	9.863569	2.419215	0.948764	-17.352600	-18.644500	25.000000
9.936202	2.487273	1.074234	9.910096	2.444785	0.930440	-17.352600	-18.173100	25.000000
9.936202	2.487273	1.074234	10.053358	2.443257	0.961338	-17.352600	-17.075400	25.000000
9.936202	2.487273	1.074234	9.920181	2.475555	0.982794	-17.352600	-16.604000	25.000000
9.936202	2.487273	1.074234	9.990495	2.466649	0.956133	-17.352600	-15.506300	25.000000
9.936737	2.487203	1.074313	9.938310	2.473237	1.005312	-17.352600	-15.035000	25.000000
9.936737	2.487203	1.074313	9.853426	2.484224	1.010436	-17.352600	-13.937300	25.000000
9.936202	2.487273	1.074234	9.952889	2.487729	1.033210	-17.352600	-13.465900	25.000000
9.936202	2.487273	1.074234	9.922197	2.491776	1.047518	-17.352600	-12.368200	25.000000
9.936202	2.487273	1.074234	9.974969	2.484846	1.055724	-17.352600	-10.799100	25.000000
9.936469	2.487238	1.074274	9.974969	2.484846	1.055724	-17.352600	-7.661010	25.000000
9.936202	2.487273	1.074234	9.920181	2.475555	1.077960	-16.568100	-27.587500	25.000000
9.936202	2.487273	1.074234	9.949874	2.471766	1.063698	-16.568100	-26.489800	25.000000
9.936202	2.487273	1.074234	9.957409	2.454816	1.057544	-16.568100	-26.018400	25.000000
9.936202	2.487273	1.074234	10.004499	2.464902	1.071450	-16.568100	-24.920700	25.000000
9.936737	2.487203	1.074313	9.967949	2.437878	1.051650	-16.568100	-24.449400	25.000000
9.936737	2.487203	1.074313	9.813256	2.440708	1.022247	-16.568100	-23.351700	25.000000
9.936202	2.487273	1.074234	10.032447	2.400315	1.027845	-16.568100	-22.880300	25.000000
9.936202	2.487273	1.074234	9.824968	2.393264	0.966198	-16.568100	-21.782600	25.000000
9.936202	2.487273	1.074234	10.051865	2.313784	0.900275	-16.568100	-21.311200	25.000000
9.936202	2.487273	1.074234	9.745255	2.372150	0.921396	-16.568100	-20.213500	25.000000
9.936737	2.487203	1.074313	10.024969	2.316252	0.843027	-16.568100	-19.742200	25.000000
9.936737	2.487203	1.074313	9.932774	2.338757	0.815092	-16.568100	-18.644500	25.000000
9.936202	2.487273	1.074234	9.880789	2.343851	0.805395	-16.568100	-18.173100	25.000000
9.936202	2.487273	1.074234	9.969453	2.392397	0.806228	-16.568100	-17.075400	25.000000
9.936202	2.487273	1.074234	10.080675	2.409830	0.858949	-16.568100	-16.604000	25.000000
9.936202	2.487273	1.074234	9.862048	2.466695	0.842806	-16.568100	-15.506300	25.000000
9.936737	2.487203	1.074313	10.041912	2.460277	0.965252	-16.568100	-15.035000	25.000000
9.936737	2.487203	1.074313	9.804591	2.490704	0.940762	-16.568100	-13.937300	25.000000
9.936202	2.487273	1.074234	9.802041	2.491046	1.001483	-16.568100	-13.465900	25.000000
9.936202	2.487273	1.074234	9.952889	2.487729	1.033210	-16.568100	-12.368200	25.000000
9.936202	2.487273	1.074234	9.922197	2.491776	1.047518	-16.568100	-11.896800	25.000000
9.936202	2.487273	1.074234	9.922197	2.491776	1.047518	-16.568100	-10.799100	25.000000
9.936576	2.487224	1.074289	9.922197	2.491776	1.047518	-16.568100	-10.327800	25.000000
9.936492	2.487235	1.074089	9.920181	2.475555	1.077960	-15.783600	-27.587500	25.000000
9.936492	2.487235	1.074089	9.920181	2.475555	1.077960	-15.783600	-26.489800	25.000000
9.936492	2.487235	1.074089	9.926732	2.458593	1.071450	-15.783600	-26.018400	25.000000
9.936492	2.487235	1.074089	9.880283	2.448398	1.057544	-15.783600	-24.920700	25.000000
9.937027	2.487165	1.074168	9.863569	2.389058	1.007480	-15.783600	-24.449400	25.000000
9.937027	2.487165	1.074168	10.006498	2.418122	1.066630	-15.783600	-23.351700	25.000000
9.936492	2.487235	1.074089	9.679876	2.293168	0.902507	-15.783600	-22.880300	25.000000
9.936492	2.487235	1.074089	10.225947	2.311428	1.012197	-15.783600	-21.782600	25.000000
9.936492	2.487235	1.074089	10.186265	2.176565	0.869942	-15.783600	-21.311200	25.000000
9.936492	2.487235	1.074089	9.757561	2.182074	0.776549	-15.783600	-20.213500	25.000000
9.937027	2.487165	1.074168	10.173495	2.189449	0.725640	-15.783600	-19.742200	25.000000
9.937027	2.487165	1.074168	9.662815	2.188962	0.704494	-15.783600	-18.644500	25.000000
9.936492	2.487235	1.074089	10.017485	2.330623	0.668289	-15.783600	-18.173100	25.000000
9.936492	2.487235	1.074089	9.886354	2.248656	0.656487	-15.783600	-17.075400	25.000000
9.936492	2.487235	1.074089	10.014490	2.402276	0.690943	-15.783600	-16.604000	25.000000
9.936492	2.487235	1.074089	9.914636	2.354669	0.623561	-15.783600	-15.506300	25.000000
9.937027	2.487165	1.074168	9.946356	2.472213	0.865685	-15.783600	-15.035000	25.000000
9.937027	2.487165	1.074168	9.873702	2.449201	0.729277	-15.783600	-13.937300	25.000000
9.936492	2.487235	1.074089	9.965440	2.486087	0.996491	-15.783600	-13.465900	25.000000
9.936492	2.487235	1.074089	9.884331	2.496834	0.940762	-15.783600	-12.368200	25.000000
9.936492	2.487235	1.074089	10.032447	2.493792	1.033210	-15.783600	-11.896800	25.000000
9.936492	2.487235	1.074089	9.901010	2.494597	1.024630	-15.783600	-10.799100	25.000000
9.936866	2.487186	1.074144	10.002000	2.497825	1.047518	-15.783600	-10.327800	25.000000
9.936706	2.487207	1.074120	9.892421	2.495747	1.062067	-15.783600	-9.230070	25.000000
9.936202	2.487273	1.074234	9.896969	2.462298	1.085569	-14.999000	-27.587500	25.000000
9.936202	2.487273	1.074234	9.920181	2.475555	1.077960	-14.999000	-26.489800	25.000000
9.936202	2.487273	1.074234	9.962429	2.438531	1.086318	-14.999000	-26.018400	25.000000
9.936202	2.487273	1.074234	9.816313	2.424694	1.051650	-14.999000	-24.920700	25.000000
9.936737	2.487203	1.074313	9.642095	2.339035	0.990794	-14.999000	-24.449400	25.000000
9.936737	2.487203	1.074313	10.153325	2.359056	1.075909	-14.999000	-23.351700	25.000000
9.936202	2.487273	1.074234	9.835649	2.226889	0.986352	-14.999000	-22.880300	25.000000
9.936202	2.487273	1.074234	10.108412	2.146114	0.910787	-14.999000	-21.782600	25.000000
9.936202	2.487273	1.074234	10.458853	2.330094	1.055247	-14.999000	-21.311200	25.000000
9.936202	2.487273	1.074234	9.195787	2.671912	1.290847	-14.999000	-20.213500	25.000000
9.936737	2.487203	1.074313	10.417563	2.525132	1.658074	-14.999000	-19.742200	25.000000
9.936737	2.487203	1.074313	9.487808	2.535900	1.545616	-14.999000	-18.644500	25.000000
9.936202	2.487273	1.074234	9.083067	2.648261	1.545221	-14.999000	-18.173100	25.000000
9.936202	2.487273	1.074234	10.760130	2.544774	1.911373	-14.999000	-17.075400	25.000000
9.936202	2.487273	1.074234	9.125377	2.740180	1.959115	-14.999000	-16.604000	25.000000
9.936202	2.487273	1.074234	10.626025	2.467224	1.468128	-14.999000	-15.506300	25.000000
9.936737	2.487203	1.074313	10.034441	2.461195	0.863888	-14.999000	-15.035000	25.000000
9.936737	2.487203	1.074313	9.847842	2.501778	0.725230	-14.999000	-13.937300	25.000000
9.936202	2.487273	1.074234	9.799490	2.508437	0.785398	-14.999000	-13.465900	25.000000
9.936202	2.487273	1.074234	9.909087	2.493519	0.903888	-14.999000	-12.368200	25.000000
9.936202	2.487273	1.074234	9.944848	2.505523	0.978099	-14.999000	-11.896800	25.000000
9.936202	2.487273	1.074234	9.980982	2.500636	1.024630	-14.999000	-10.799100	25.000000
9.936576	2.487224	1.074289	9.892421	2.495747	1.062067	-14.999000	-10.327800	25.000000
9.936416	2.487245	1.074266	9.870157	2.498746	1.039072	-14.999000	-9.230070	25.000000
9.936469	2.487238	1.074274	9.892421	2.495747	1.062067	-14.999000	-8.758710	25.000000
9.936469	2.487238	1.074274	9.892421	2.495747	1.062067	-14.999000	-7.661010	25.000000
9.936202	2.487273	1.074234	9.926732	2.458593	1.071450	-14.214500	-27.587500	25.000000
9.936202	2.487273	1.074234	9.896969	2.462298	1.085569	-14.214500	-26.489800	25.000000
9.936202	2.487273	1.074234	10.049876	2.398423	1.080839	-14.214500	-26.018400	25.000000
9.936202	2.487273	1.074234	9.860020	2.435106	1.065215	-14.214500	-24.920700	25.000000
9.936737	2.487203	1.074313	10.040916	2.328408	1.070356	-14.214500	-24.449400	25.000000
9.936737	2.487203	1.074313	9.860020	2.187185	1.006927	-14.214500	-23.351700	25.000000
9.936202	2.487273	1.074234	11.122500	2.360681	1.135712	-14.214500	-22.880300	25.000000
9.936202	2.487273	1.074234	8.626703	2.323923	0.796634	-14.214500	-21.782600	25.000000
9.936202	2.487273	1.074234	8.336066	2.960666	5.639684	-14.214500	-21.311200	25.000000
9.936202	2.487273	1.074234	11.274555	2.466291	2.676676	-14.214500	-20.213500	25.000000
9.936737	2.487203	1.074313	10.482843	2.203643	2.951158	-14.214500	-19.742200	25.000000
9.936737	2.487203	1.074313	9.399622	2.045939	2.808870	-14.214500	-18.644500	25.000000
9.936202	2.487273	1.074234	9.462029	2.018960	2.455863	-14.214500	-18.173100	25.000000
9.936202	2.487273	1.074234	10.296116	2.100230	2.459822	-14.214500	-17.075400	25.000000
9.936202	2.487273	1.074234	10.720075	1.993738	2.604682	-14.214500	-16.604000	25.000000
9.936202	2.487273	1.074234	9.060905	2.065268	2.616226	-14.214500	-15.506300	25.000000
9.936737	2.487203	1.074313	6.814903	2.485499	2.300036	-14.214500	-15.035000	25.000000
9.936737	2.487203	1.074313	12.303190	2.247022	1.321875	-14.214500	-13.937300	25.000000
9.936202	2.487273	1.074234	9.762172	2.549426	0.746457	-14.214500	-13.465900	25.000000
9.936202	2.487273	1.074234	10.018483	2.479232	0.624023	-14.214500	-12.368200	25.000000
9.936202	2.487273	1.074234	9.950879	2.521799	0.920375	-14.214500	-11.896800	25.000000
9.936202	2.487273	1.074234	10.025468	2.511448	0.978099	-14.214500	-10.799100	25.000000
9.936576	2.487224	1.074289	9.950377	2.504771	1.039072	-14.214500	-10.327800	25.000000
9.936416	2.487245	1.074266	9.980982	2.500636	1.024630	-14.214500	-9.230070	25.000000
9.936469	2.487238	1.074274	10.002000	2.497825	1.047518	-14.214500	-7.661010	25.000000
9.936492	2.487235	1.074089	9.896969	2.462298	1.085569	-13.430000	-27.587500	25.000000
9.936492	2.487235	1.074089	9.952889	2.455370	1.092965	-13.430000	-26.489800	25.000000
9.936492	2.487235	1.074089	9.803571	2.380707	1.060824	-13.430000	-26.018400	25.000000
9.936492	2.487235	1.074089	10.137061	2.418442	1.107149	-13.430000	-24.920700	25.000000
9.937027	2.487165	1.074168	10.659268	2.168675	1.112225	-13.430000	-24.449400	25.000000
9.937027	2.487165	1.074168	9.195651	2.145678	1.025932	-13.430000	-23.351700	25.000000
9.936492	2.487235	1.074089	9.156965	2.861454	0.158655	-13.430000	-22.880300	25.000000
9.936492	2.487235	1.074089	10.658799	2.405610	1.107149	-13.430000	-21.782600	25.000000
9.936492	2.487235	1.074089	9.571834	2.505534	5.310147	-13.430000	-21.311200	25.000000
9.936492	2.487235	1.074089	9.669540	1.941167	3.197091	-13.430000	-20.213500	25.000000
9.937027	2.487165	1.074168	9.646870	1.582199	3.479735	-13.430000	-19.742200	25.000000
9.937027	2.487165	1.074168	10.291958	1.412735	3.369866	-13.430000	-18.644500	25.000000
9.936492	2.487235	1.074089	11.170067	1.388955	2.530867	-13.430000	-18.173100	25.000000
9.936492	2.487235	1.074089	8.513759	1.536727	2.625362	-13.430000	-17.075400	25.000000
9.936492	2.487235	1.074089	9.933902	1.552676	2.578724	-13.430000	-16.604000	25.000000
9.936492	2.487235	1.074089	9.793472	1.405651	2.668686	-13.430000	-15.506300	25.000000
9.937027	2.487165	1.074168	7.702214	2.012135	1.937970	-13.430000	-15.035000	25.000000
9.937027	2.487165	1.074168	11.794359	1.539420	2.144682	-13.430000	-13.937300	25.000000
9.936492	2.487235	1.074089	8.963258	2.485075	1.033512	-13.430000	-13.465900	25.000000
9.936492	2.487235	1.074089	10.795369	2.447834	0.898318	-13.430000	-12.368200	25.000000
9.936492	2.487235	1.074089	10.086625	2.537243	0.822418	-13.430000	-11.896800	25.000000
9.936492	2.487235	1.074089	9.824968	2.539991	0.912908	-13.430000	-10.799100	25.000000
9.936866	2.487186	1.074144	9.899495	2.511753	1.030377	-13.430000	-10.327800	25.000000
9.936706	2.487207	1.074120	9.961928	2.503205	1.001483	-13.430000	-9.230070	25.000000
9.936759	2.487200	1.074128	9.922197	2.491776	1.047518	-13.430000	-8.758710	25.000000
9.936759	2.487200	1.074128	9.922197	2.491776	1.047518	-13.430000	-7.661010	25.000000
9.936202	2.487273	1.074234	9.875728	2.448954	1.092965	-12.645400	-27.587500	25.000000
9.936202	2.487273	1.074234	9.952889	2.455370	1.092965	-12.645400	-26.489800	25.000000
9.936202	2.487273	1.074234	10.042908	2.342015	1.125780	-12.645400	-26.018400	25.000000
9.936202	2.487273	1.074234	9.853933	2.405088	1.100392	-12.645400	-24.920700	25.000000
9.936737	2.487203	1.074313	9.416475	2.143140	1.112798	-12.645400	-24.449400	25.000000
9.936737	2.487203	1.074313	10.407689	2.138935	1.147942	-12.645400	-23.351700	25.000000
9.936202	2.487273	1.074234	7.522240	2.563518	0.070614	-12.645400	-22.880300	25.000000
9.936202	2.487273	1.074234	11.795122	2.850822	2.139113	-12.645400	-21.782600	25.000000
9.936202	2.487273	1.074234	11.273349	2.438523	5.339975	-12.645400	-21.311200	25.000000
9.936202	2.487273	1.074234	6.857288	1.213233	3.627521	-12.645400	-20.213500	25.000000
9.936737	2.487203	1.074313	9.027181	1.086866	3.935840	-12.645400	-19.742200	25.000000
9.936737	2.487203	1.074313	10.802315	0.981909	3.950608	-12.645400	-18.644500	25.000000
9.936202	2.487273	1.074234	10.556515	0.943059	2.573068	-12.645400	-18.173100	25.000000
9.936202	2.487273	1.074234	9.288165	0.825374	2.949944	-12.645400	-17.075400	25.000000
9.936202	2.487273	1.074234	9.318262	1.138967	2.524090	-12.645400	-16.604000	25.000000
9.936202	2.487273	1.074234	10.456099	1.072204	2.471954	-12.645400	-15.506300	25.000000
9.936737	2.487203	1.074313	9.860020	1.108230	2.243767	-12.645400	-15.035000	25.000000
9.936737	2.487203	1.074313	9.974969	1.429980	1.847705	-12.645400	-13.937300	25.000000
9.936202	2.487273	1.074234	13.017680	2.194224	1.213133	-12.645400	-13.465900	25.000000
9.936202	2.487273	1.074234	5.033885	2.522629	0.906750	-12.645400	-12.368200	25.000000
9.936202	2.487273	1.074234	10.048881	2.560592	0.785398	-12.645400	-11.896800	25.000000
9.936202	2.487273	1.074234	9.813256	2.618294	0.684295	-12.645400	-10.799100	25.000000
9.936576	2.487224	1.074289	10.042410	2.509139	1.001483	-12.645400	-10.327800	25.000000
9.936416	2.487245	1.074266	9.831073	2.521365	0.997356	-12.645400	-9.230070	25.000000
9.936469	2.487238	1.074274	9.950377	2.504771	1.039072	-12.645400	-8.758710	25.000000
9.936469	2.487238	1.074274	9.972462	2.501782	1.062067	-12.645400	-7.661010	25.000000
9.936202	2.487273	1.074234	9.952889	2.455370	1.092965	-11.860900	-27.587500	25.000000
9.936202	2.487273	1.074234	9.932774	2.442061	1.100156	-11.860900	-26.489800	25.000000
9.936202	2.487273	1.074234	9.914131	2.398416	1.107149	-11.860900	-26.018400	25.000000
9.936202	2.487273	1.074234	10.074721	2.325239	1.149806	-11.860900	-24.920700	25.000000
9.936737	2.487203	1.074313	10.362915	2.224256	1.210603	-11.860900	-24.449400	25.000000
9.936737	2.487203	1.074313	9.478396	2.341054	1.146602	-11.860900	-23.351700	25.000000
9.936202	2.487273	1.074234	8.103684	2.721779	5.858813	-11.860900	-22.880300	25.000000
9.936202	2.487273	1.074234	11.238314	2.415001	2.719288	-11.860900	-21.782600	25.000000
9.936202	2.487273	1.074234	8.122986	1.145698	3.634253	-11.860900	-21.311200	25.000000
9.936202	2.487273	1.074234	10.511137	2.354515	5.017998	-11.860900	-20.213500	25.000000
9.936737	2.487203	1.074313	9.878259	1.074932	4.503707	-11.860900	-19.742200	25.000000
9.936737	2.487203	1.074313	9.882307	0.709125	4.137317	-11.860900	-18.644500	25.000000
9.936202	2.487273	1.074234	8.706142	0.509585	2.992703	-11.860900	-18.173100	25.000000
9.936202	2.487273	1.074234	11.007947	0.385519	3.003454	-11.860900	-17.075400	25.000000
9.936202	2.487273	1.074234	9.878259	0.768793	2.304694	-11.860900	-16.604000	25.000000
9.936202	2.487273	1.074234	9.982986	0.779578	2.285605	-11.860900	-15.506300	25.000000
9.936737	2.487203	1.074313	10.093666	0.909365	2.041182	-11.860900	-15.035000	25.000000
9.936737	2.487203	1.074313	9.772185	1.226331	1.716998	-11.860900	-13.937300	25.000000
9.936202	2.487273	1.074234	6.423270	2.598785	1.004529	-11.860900	-13.465900	25.000000
9.936202	2.487273	1.074234	12.351619	1.858096	1.413975	-11.860900	-12.368200	25.000000
9.936202	2.487273	1.074234	9.801020	2.641336	0.664774	-11.860900	-11.896800	25.000000
9.936202	2.487273	1.074234	10.151355	2.619704	0.659310	-11.860900	-10.799100	25.000000
9.936576	2.487224	1.074289	10.060815	2.540968	0.973038	-11.860900	-10.327800	25.000000
9.936416	2.487245	1.074266	9.770875	2.548103	0.967566	-11.860900	-9.230070	25.000000
9.936469	2.487238	1.074274	9.950377	2.504771	1.039072	-11.860900	-8.758710	25.000000
9.936469	2.487238	1.074274	9.922197	2.491776	1.047518	-11.860900	-7.661010	25.000000
9.936492	2.487235	1.074089	9.924213	2.458905	1.107149	-11.076400	-27.587500	25.000000
9.936492	2.487235	1.074089	9.932774	2.442061	1.100156	-11.076400	-26.489800	25.000000
9.936492	2.487235	1.074089	9.774968	2.325982	1.151145	-11.076400	-26.018400	25.000000
9.936492	2.487235	1.074089	10.080179	2.395157	1.133287	-11.076400	-24.920700	25.000000
9.937027	2.487165	1.074168	8.458132	2.411099	1.051650	-11.076400	-24.449400	25.000000
9.937027	2.487165	1.074168	11.159749	2.464803	1.235472	-11.076400	-23.351700	25.000000
9.936492	2.487235	1.074089	8.017313	2.715359	0.967732	-11.076400	-22.880300	25.000000
9.936492	2.487235	1.074089	10.920009	2.025905	3.967373	-11.076400	-21.782600	25.000000
9.936492	2.487235	1.074089	7.493070	1.955207	4.184315	-11.076400	-21.311200	25.000000
9.936492	2.487235	1.074089	11.785517	1.249664	3.697348	-11.076400	-20.213500	25.000000
9.937027	2.487165	1.074168	8.841945	0.809455	3.647174	-11.076400	-19.742200	25.000000
9.937027	2.487165	1.074168	10.872902	0.871339	4.481987	-11.076400	-18.644500	25.000000
9.936492	2.487235	1.074089	10.532635	0.210565	3.572731	-11.076400	-18.173100	25.000000
9.936492	2.487235	1.074089	9.269272	0.122332	3.097374	-11.076400	-17.075400	25.000000
9.936492	2.487235	1.074089	10.298077	0.507526	1.776029	-11.076400	-16.604000	25.000000
9.936492	2.487235	1.074089	9.624739	0.530882	1.744042	-11.076400	-15.506300	25.000000
9.937027	2.487165	1.074168	9.749364	1.102562	1.571946	-11.076400	-15.035000	25.000000
9.937027	2.487165	1.074168	10.143318	0.738613	1.663180	-11.076400	-13.937300	25.000000
9.936492	2.487235	1.074089	6.744464	1.560417	1.685220	-11.076400	-13.465900	25.000000
9.936492	2.487235	1.074089	12.275101	1.933043	1.453789	-11.076400	-12.368200	25.000000
9.936492	2.487235	1.074089	9.372966	2.635936	1.126851	-11.076400	-10.799100	25.000000
9.936866	2.487186	1.074144	9.725225	2.555098	0.957026	-11.076400	-10.327800	25.000000
9.936706	2.487207	1.074120	10.136074	2.565484	0.952652	-11.076400	-9.230070	25.000000
9.936759	2.487200	1.074128	9.980481	2.517655	1.030377	-11.076400	-8.758710	25.000000
9.936759	2.487200	1.074128	9.920685	2.508828	1.053764	-11.076400	-7.661010	25.000000
9.936202	2.487273	1.074234	10.002000	2.465213	1.107149	-10.291800	-27.587500	25.000000
9.936202	2.487273	1.074234	9.846827	2.452498	1.107149	-10.291800	-26.489800	25.000000
9.936202	2.487273	1.074234	10.212737	2.381229	1.177098	-10.291800	-26.018400	25.000000
9.936202	2.487273	1.074234	9.698453	2.362361	1.179391	-10.291800	-24.920700	25.000000
9.936737	2.487203	1.074313	10.599057	2.533655	1.033210	-10.291800	-24.449400	25.000000
9.936737	2.487203	1.074313	9.185859	2.326549	1.187512	-10.291800	-23.351700	25.000000
9.936202	2.487273	1.074234	13.419668	2.034322	4.843895	-10.291800	-22.880300	25.000000
9.936202	2.487273	1.074234	2.674618	2.605940	3.680002	-10.291800	-21.782600	25.000000
9.936202	2.487273	1.074234	9.640021	0.802350	3.947396	-10.291800	-21.311200	25.000000
9.936202	2.487273	1.074234	10.156279	1.422562	4.542330	-10.291800	-20.213500	25.000000
9.936737	2.487203	1.074313	10.980892	0.447421	4.001480	-10.291800	-19.742200	25.000000
9.936737	2.487203	1.074313	8.751000	0.662460	4.098619	-10.291800	-18.644500	25.000000
9.936202	2.487273	1.074234	8.752394	0.109474	6.188928	-10.291800	-18.173100	25.000000
9.936202	2.487273	1.074234	11.029884	0.153615	1.962306	-10.291800	-17.075400	25.000000
9.936202	2.487273	1.074234	9.806630	0.542224	1.054101	-10.291800	-16.604000	25.000000
9.936202	2.487273	1.074234	10.002000	0.643768	1.047518	-10.291800	-15.506300	25.000000
9.936737	2.487203	1.074313	11.105926	0.853557	1.272473	-10.291800	-15.035000	25.000000
9.936737	2.487203	1.074313	8.559796	0.743655	1.310750	-10.291800	-13.937300	25.000000
9.936202	2.487273	1.074234	11.445645	1.330856	1.514280	-10.291800	-13.465900	25.000000
9.936202	2.487273	1.074234	8.074487	1.703703	1.599414	-10.291800	-12.368200	25.000000
9.936202	2.487273	1.074234	7.302986	2.559429	1.171791	-10.291800	-11.896800	25.000000
9.936202	2.487273	1.074234	11.949410	2.186379	1.341232	-10.291800	-10.799100	25.000000
9.936576	2.487224	1.074289	10.102475	2.589210	0.946161	-10.291800	-10.327800	25.000000
9.936416	2.487245	1.074266	9.720597	2.574692	0.934958	-10.291800	-9.230070	25.000000
9.936469	2.487238	1.074274	9.899495	2.511753	1.030377	-10.291800	-8.758710	25.000000
9.936469	2.487238	1.074274	9.869650	2.515914	1.045213	-10.291800	-7.661010	25.000000
9.936289	2.487262	1.074191	9.896969	2.462298	1.085569	-9.507310	-27.587500	25.000000
9.936289	2.487262	1.074191	9.846827	2.452498	1.107149	-9.507310	-26.489800	25.000000
9.936289	2.487262	1.074191	9.976973	2.421479	1.147942	-9.507310	-26.018400	25.000000
9.936289	2.487262	1.074191	9.880283	2.372588	1.198398	-9.507310	-24.920700	25.000000
9.936824	2.487191	1.074269	9.481688	2.311741	1.232772	-9.507310	-24.449400	25.000000
9.936824	2.487191	1.074269	10.395942	2.283790	1.225719	-9.507310	-23.351700	25.000000
9.936289	2.487262	1.074191	9.494209	2.729658	5.329580	-9.507310	-22.880300	25.000000
9.936289	2.487262	1.074191	10.090094	1.580707	5.596061	-9.507310	-21.782600	25.000000
9.936289	2.487262	1.074191	6.164414	1.538346	5.336412	-9.507310	-21.311200	25.000000
9.936289	2.487262	1.074191	12.551892	0.804984	5.062104	-9.507310	-20.213500	25.000000
9.936824	2.487191	1.074269	9.135037	0.375066	5.234871	-9.507310	-19.742200	25.000000
9.936824	2.487191	1.074269	10.618894	0.370074	4.983893	-9.507310	-18.644500	25.000000
9.936289	2.487262	1.074191	10.736485	0.397350	1.098538	-9.507310	-18.173100	25.000000
9.936289	2.487262	1.074191	9.198359	0.208051	0.598221	-9.507310	-17.075400	25.000000
9.936289	2.487262	1.074191	9.504210	0.678361	0.964191	-9.507310	-16.604000	25.000000
9.936289	2.487262	1.074191	10.386048	0.763931	0.963491	-9.507310	-15.506300	25.000000
9.936824	2.487191	1.074269	10.869223	0.701889	0.998603	-9.507310	-15.035000	25.000000
9.936824	2.487191	1.074269	8.961027	0.674274	1.147127	-9.507310	-13.937300	25.000000
9.936289	2.487262	1.074191	7.542387	1.232946	1.323773	-9.507310	-13.465900	25.000000
9.936289	2.487262	1.074191	11.883707	1.332943	1.409918	-9.507310	-12.368200	25.000000
9.936289	2.487262	1.074191	12.548307	2.153011	1.300360	-9.507310	-11.896800	25.000000
9.936289	2.487262	1.074191	5.977458	2.398085	0.872894	-9.507310	-10.799100	25.000000
9.936663	2.487212	1.074246	9.773945	2.585258	0.950547	-9.507310	-10.327800	25.000000
9.936503	2.487233	1.074222	10.034441	2.619974	0.927295	-9.507310	-9.230070	25.000000
9.936556	2.487226	1.074230	9.819369	2.523036	1.036401	-9.507310	-8.758710	25.000000
9.936556	2.487226	1.074230	10.001500	2.514741	1.053764	-9.507310	-7.661010	25.000000
9.936260	2.487265	1.074205	9.868131	2.465925	1.099902	-8.722770	-27.587500	25.000000
9.936260	2.487265	1.074205	10.002000	2.465213	1.107149	-8.722770	-26.489800	25.000000
9.936260	2.487265	1.074205	9.890399	2.431515	1.155722	-8.722770	-26.018400	25.000000
9.936260	2.487265	1.074205	9.972462	2.406910	1.187512	-8.722770	-24.920700	25.000000
9.936795	2.487195	1.074284	9.781329	2.180372	1.397858	-8.722770	-24.449400	25.000000
9.936795	2.487195	1.074284	10.192664	2.275128	1.307706	-8.722770	-23.351700	25.000000
9.936260	2.487265	1.074205	8.110247	2.822168	1.035091	-8.722770	-22.880300	25.000000
9.936260	2.487265	1.074205	11.273438	2.000839	0.095784	-8.722770	-21.782600	25.000000
9.936260	2.487265	1.074205	8.153067	1.799699	0.100922	-8.722770	-21.311200	25.000000
9.936260	2.487265	1.074205	11.254332	1.254560	5.557319	-8.722770	-20.213500	25.000000
9.936795	2.487195	1.074284	10.162190	0.797262	6.143817	-8.722770	-19.742200	25.000000
9.936795	2.487195	1.074284	9.630805	0.757095	5.667505	-8.722770	-18.644500	25.000000
9.936260	2.487265	1.074205	10.504285	0.503637	0.384169	-8.722770	-18.173100	25.000000
9.936260	2.487265	1.074205	9.279547	0.509707	0.816638	-8.722770	-17.075400	25.000000
9.936260	2.487265	1.074205	9.629065	0.590221	1.153898	-8.722770	-16.604000	25.000000
9.936260	2.487265	1.074205	10.316317	0.698547	1.251906	-8.722770	-15.506300	25.000000
9.936795	2.487195	1.074284	9.910096	0.520035	1.061725	-8.722770	-15.035000	25.000000
9.936795	2.487195	1.074284	9.986992	0.779984	1.081677	-8.722770	-13.937300	25.000000
9.936260	2.487265	1.074205	9.665532	1.103972	1.101967	-8.722770	-13.465900	25.000000
9.936260	2.487265	1.074205	10.231207	1.643187	1.146602	-8.722770	-12.368200	25.000000
9.936260	2.487265	1.074205	7.118286	2.219405	0.710538	-8.722770	-11.896800	25.000000
9.936260	2.487265	1.074205	11.985825	2.371023	1.241470	-8.722770	-10.799100	25.000000
9.936634	2.487216	1.074260	10.164153	2.637527	0.988443	-8.722770	-10.327800	25.000000
9.936474	2.487237	1.074237	9.714422	2.595191	0.982794	-8.722770	-9.230070	25.000000
9.936527	2.487230	1.074245	9.972963	2.518703	1.068706	-8.722770	-8.758710	25.000000
9.936527	2.487230	1.074245	9.901010	2.528893	1.036401	-8.722770	-7.661010	25.000000
9.936289	2.487262	1.074191	9.868131	2.465925	1.099902	-7.938240	-27.587500	25.000000
9.936289	2.487262	1.074191	9.946356	2.472213	1.099902	-7.938240	-26.489800	25.000000
9.936289	2.487262	1.074191	10.025966	2.431086	1.161888	-7.938240	-26.018400	25.000000
9.936289	2.487262	1.074191	9.926732	2.458593	1.142848	-7.938240	-24.920700	25.000000
9.936824	2.487191	1.074269	10.592927	2.305353	1.312242	-7.938240	-24.449400	25.000000
9.936824	2.487191	1.074269	9.358825	2.294916	1.392984	-7.938240	-23.351700	25.000000
9.936289	2.487262	1.074191	11.084223	2.473330	0.280300	-7.938240	-22.880300	25.000000
9.936289	2.487262	1.074191	8.558621	2.489014	1.377174	-7.938240	-21.782600	25.000000
9.936289	2.487262	1.074191	11.205802	1.597571	6.265330	-7.938240	-21.311200	25.000000
9.936289	2.487262	1.074191	8.380149	2.255504	5.544645	-7.938240	-20.213500	25.000000
9.936824	2.487191	1.074269	11.045814	0.952798	6.070540	-7.938240	-19.742200	25.000000
9.936824	2.487191	1.074269	8.694826	1.314992	5.787634	-7.938240	-18.644500	25.000000
9.936289	2.487262	1.074191	10.993366	0.627362	0.281067	-7.938240	-18.173100	25.000000
9.936289	2.487262	1.074191	8.833459	0.512165	0.115759	-7.938240	-17.075400	25.000000
9.936289	2.487262	1.074191	9.662691	0.576683	1.023867	-7.938240	-16.604000	25.000000
9.936289	2.487262	1.074191	10.185917	0.635065	1.185680	-7.938240	-15.506300	25.000000
9.936824	2.487191	1.074269	8.388683	0.807361	0.914095	-7.938240	-15.035000	25.000000
9.936824	2.487191	1.074269	11.317685	0.846405	1.234122	-7.938240	-13.937300	25.000000
9.936289	2.487262	1.074191	10.683464	1.390098	1.107149	-7.938240	-13.465900	25.000000
9.936289	2.487262	1.074191	9.140399	2.069283	0.882438	-7.938240	-12.368200	25.000000
9.936289	2.487262	1.074191	9.821405	2.439726	0.908370	-7.938240	-11.896800	25.000000
9.936289	2.487262	1.074191	10.035935	2.683228	0.945311	-7.938240	-10.799100	25.000000
9.936663	2.487212	1.074246	10.090094	2.610456	1.037088	-7.938240	-10.327800	25.000000
9.936503	2.487233	1.074222	9.757561	2.607775	0.971621	-7.938240	-9.230070	25.000000
9.936556	2.487226	1.074230	9.972963	2.518703	1.068706	-7.938240	-8.758710	25.000000
9.936556	2.487226	1.074230	9.901010	2.528893	1.036401	-7.938240	-7.661010	25.000000
9.936289	2.487262	1.074191	9.891410	2.479265	1.092444	-7.153710	-27.587500	25.000000
9.936289	2.487262	1.074191	9.946356	2.472213	1.099902	-7.153710	-26.489800	25.000000
9.936289	2.487262	1.074191	10.030952	2.461625	1.128422	-7.153710	-26.018400	25.000000
9.936289	2.487262	1.074191	9.791833	2.459344	1.136126	-7.153710	-24.920700	25.000000
9.936824	2.487191	1.074269	9.679029	2.379240	1.335251	-7.153710	-24.449400	25.000000
9.936824	2.487191	1.074269	10.194552	2.397477	1.226603	-7.153710	-23.351700	25.000000
9.936289	2.487262	1.074191	9.328258	2.419476	1.338406	-7.153710	-22.880300	25.000000
9.936289	2.487262	1.074191	10.472173	2.685129	0.736358	-7.153710	-21.782600	25.000000
9.936289	2.487262	1.074191	11.104053	1.561790	5.516893	-7.153710	-21.311200	25.000000
9.936289	2.487262	1.074191	7.839643	2.703715	0.764125	-7.153710	-20.213500	25.000000
9.936824	2.487191	1.074269	11.312383	1.011733	5.593787	-7.153710	-19.742200	25.000000
9.936824	2.487191	1.074269	8.248636	1.350808	5.819538	-7.153710	-18.644500	25.000000
9.936289	2.487262	1.074191	10.179077	0.742463	0.154638	-7.153710	-18.173100	25.000000
9.936289	2.487262	1.074191	9.688942	0.792832	6.260001	-7.153710	-17.075400	25.000000
9.936289	2.487262	1.074191	9.813256	0.833134	0.668289	-7.153710	-16.604000	25.000000
9.936289	2.487262	1.074191	10.042410	0.853682	0.757368	-7.153710	-15.506300	25.000000
9.936824	2.487191	1.074269	11.407892	1.087624	1.018493	-7.153710	-15.035000	25.000000
9.936824	2.487191	1.074269	8.309633	1.149259	0.850726	-7.153710	-13.937300	25.000000
9.936289	2.487262	1.074191	5.894065	1.845705	0.710538	-7.153710	-13.465900	25.000000
9.936289	2.487262	1.074191	12.674778	2.146456	1.284745	-7.153710	-12.368200	25.000000
9.936289	2.487262	1.074191	10.046313	2.780940	1.064246	-7.153710	-11.896800	25.000000
9.936289	2.487262	1.074191	9.804917	2.760089	0.964559	-7.153710	-10.799100	25.000000
9.936663	2.487212	1.074246	10.114346	2.587308	1.081944	-7.153710	-10.327800	25.000000
9.936503	2.487233	1.074222	9.788258	2.602493	1.026964	-7.153710	-9.230070	25.000000
9.936556	2.487226	1.074230	9.922197	2.525862	1.060308	-7.153710	-8.758710	25.000000
9.936556	2.487226	1.074230	9.891916	2.512805	1.068706	-7.153710	-7.661010	25.000000
9.936260	2.487265	1.074205	9.970456	2.485433	1.092444	-6.369170	-27.587500	25.000000
9.936260	2.487265	1.074205	10.030952	2.461625	1.128422	-6.369170	-26.018400	25.000000
9.936260	2.487265	1.074205	9.840224	2.469471	1.114448	-6.369170	-24.920700	25.000000
9.936795	2.487195	1.074284	10.030234	2.415447	1.240499	-6.369170	-24.449400	25.000000
9.936795	2.487195	1.074284	9.844923	2.452733	1.185839	-6.369170	-23.351700	25.000000
9.936260	2.487265	1.074205	10.105291	2.363848	1.410748	-6.369170	-22.880300	25.000000
9.936260	2.487265	1.074205	9.638859	2.398828	1.379418	-6.369170	-21.782600	25.000000
9.936260	2.487265	1.074205	10.848880	1.889564	6.002792	-6.369170	-21.311200	25.000000
9.936260	2.487265	1.074205	8.605519	2.678722	1.023370	-6.369170	-20.213500	25.000000
9.936795	2.487195	1.074284	11.140018	1.193893	6.019473	-6.369170	-19.742200	25.000000
9.936795	2.487195	1.074284	8.514693	1.664890	5.983819	-6.369170	-18.644500	25.000000
9.936260	2.487265	1.074205	10.657772	1.103610	0.330723	-6.369170	-18.173100	25.000000
9.936260	2.487265	1.074205	9.162560	1.167010	0.172953	-6.369170	-17.075400	25.000000
9.936260	2.487265	1.074205	9.970456	1.306976	0.570713	-6.369170	-16.604000	25.000000
9.936260	2.487265	1.074205	9.942334	1.306212	0.585112	-6.369170	-15.506300	25.000000
9.936795	2.487195	1.074284	10.956847	1.345285	0.765533	-6.369170	-15.035000	25.000000
9.936795	2.487195	1.074284	8.780438	1.549156	0.833748	-6.369170	-13.937300	25.000000
9.936260	2.487265	1.074205	6.590903	2.646660	0.463648	-6.369170	-13.465900	25.000000
9.936260	2.487265	1.074205	12.343824	2.097025	1.305366	-6.369170	-12.368200	25.000000
9.936260	2.487265	1.074205	9.961807	2.698548	1.151145	-6.369170	-11.896800	25.000000
9.936260	2.487265	1.074205	9.950879	2.807292	1.093451	-6.369170	-10.799100	25.000000
9.936634	2.487216	1.074260	9.782127	2.564887	1.040023	-6.369170	-10.327800	25.000000
9.936474	2.487237	1.074237	10.076706	2.574618	1.090621	-6.369170	-9.230070	25.000000
9.936527	2.487230	1.074245	9.922197	2.525862	1.060308	-6.369170	-8.758710	25.000000
9.936527	2.487230	1.074245	9.891916	2.512805	1.068706	-6.369170	-7.661010	25.000000
9.936289	2.487262	1.074191	9.891410	2.479265	1.092444	-5.584640	-27.587500	25.000000
9.936289	2.487262	1.074191	9.891410	2.479265	1.092444	-5.584640	-26.489800	25.000000
9.936289	2.487262	1.074191	9.918669	2.475749	1.114448	-5.584640	-26.018400	25.000000
9.936289	2.487262	1.074191	10.024969	2.478403	1.099902	-5.584640	-24.920700	25.000000
9.936824	2.487191	1.074269	9.764635	2.479260	1.157814	-5.584640	-24.449400	25.000000
9.936824	2.487191	1.074269	9.971585	2.453084	1.156578	-5.584640	-23.351700	25.000000
9.936289	2.487262	1.074191	9.887952	2.401301	1.426355	-5.584640	-22.880300	25.000000
9.936289	2.487262	1.074191	10.066325	2.426439	1.267731	-5.584640	-21.782600	25.000000
9.936289	2.487262	1.074191	10.675205	2.363039	0.766532	-5.584640	-21.311200	25.000000
9.936289	2.487262	1.074191	9.153142	2.531144	1.436985	-5.584640	-20.213500	25.000000
9.936824	2.487191	1.074269	10.842509	2.092133	0.511231	-5.584640	-19.742200	25.000000
9.936824	2.487191	1.074269	8.906739	1.902439	0.071307	-5.584640	-18.644500	25.000000
9.936289	2.487262	1.074191	9.821919	1.723086	0.436005	-5.584640	-18.173100	25.000000
9.936289	2.487262	1.074191	10.005104	1.783284	0.647591	-5.584640	-17.075400	25.000000
9.936289	2.487262	1.074191	10.380193	1.786330	0.645473	-5.584640	-16.604000	25.000000
9.936289	2.487262	1.074191	9.500526	1.815318	0.497615	-5.584640	-15.506300	25.000000
9.936824	2.487191	1.074269	8.472898	1.920126	0.570583	-5.584640	-15.035000	25.000000
9.936824	2.487191	1.074269	11.096396	1.816586	0.837981	-5.584640	-13.937300	25.000000
9.936289	2.487262	1.074191	8.411896	2.512189	0.813962	-5.584640	-13.465900	25.000000
9.936289	2.487262	1.074191	11.181185	2.506343	1.368967	-5.584640	-12.368200	25.000000
9.936289	2.487262	1.074191	9.707343	2.659286	1.047518	-5.584640	-11.896800	25.000000
9.936289	2.487262	1.074191	10.181925	2.676412	1.226889	-5.584640	-10.799100	25.000000
9.936663	2.487212	1.074246	10.006998	2.548864	1.107149	-5.584640	-10.327800	25.000000
9.936503	2.487233	1.074222	9.794897	2.544478	1.058407	-5.584640	-9.230070	25.000000
9.936556	2.487226	1.074230	9.972963	2.518703	1.068706	-5.584640	-8.758710	25.000000
9.936556	2.487226	1.074230	9.943842	2.505660	1.076855	-5.584640	-7.661010	25.000000
9.936289	2.487262	1.074191	9.970456	2.485433	1.092444	-4.800110	-27.587500	25.000000
9.936289	2.487262	1.074191	9.970456	2.485433	1.092444	-4.800110	-26.489800	25.000000
9.936289	2.487262	1.074191	9.970456	2.485433	1.092444	-4.800110	-26.018400	25.000000
9.936824	2.487191	1.074269	9.918669	2.475749	1.114448	-4.800110	-24.449400	25.000000
9.936824	2.487191	1.074269	9.922197	2.475296	1.150916	-4.800110	-23.351700	25.000000
9.936289	2.487262	1.074191	9.826907	2.487728	1.213592	-4.800110	-22.880300	25.000000
9.936289	2.487262	1.074191	10.134870	2.449042	1.230475	-4.800110	-21.782600	25.000000
9.936289	2.487262	1.074191	9.447666	2.487905	1.445146	-4.800110	-21.311200	25.000000
9.936289	2.487262	1.074191	10.313006	2.413778	1.437763	-4.800110	-20.213500	25.000000
9.936824	2.487191	1.074269	9.765250	2.462702	1.240279	-4.800110	-19.742200	25.000000
9.936824	2.487191	1.074269	10.088612	2.439104	1.495554	-4.800110	-18.644500	25.000000
9.936289	2.487262	1.074191	10.088112	2.454648	1.135113	-4.800110	-18.173100	25.000000
9.936289	2.487262	1.074191	9.839715	2.437528	1.184459	-4.800110	-17.075400	25.000000
9.936289	2.487262	1.074191	9.567131	2.471774	0.785398	-4.800110	-16.604000	25.000000
9.936289	2.487262	1.074191	10.342630	2.382054	0.904827	-4.800110	-15.506300	25.000000
9.936824	2.487191	1.074269	9.036039	2.530363	0.689800	-4.800110	-15.035000	25.000000
9.936824	2.487191	1.074269	10.730797	2.516230	1.329679	-4.800110	-13.937300	25.000000
9.936289	2.487262	1.074191	10.003379	2.689869	1.395859	-4.800110	-13.465900	25.000000
9.936289	2.487262	1.074191	9.864933	2.719717	1.224775	-4.800110	-12.368200	25.000000
9.936289	2.487262	1.074191	9.795657	2.581704	1.084796	-4.800110	-11.896800	25.000000
9.936289	2.487262	1.074191	10.082703	2.611705	1.173892	-4.800110	-10.799100	25.000000
9.936663	2.487212	1.074246	10.000500	2.532136	1.099336	-4.800110	-10.327800	25.000000
9.936503	2.487233	1.074222	9.840732	2.519993	1.060308	-4.800110	-9.230070	25.000000
9.936556	2.487226	1.074230	9.943842	2.505660	1.076855	-4.800110	-8.758710	25.000000
9.936556	2.487226	1.074230	9.943842	2.505660	1.076855	-4.800110	-7.661010	25.000000
9.936260	2.487265	1.074205	9.970456	2.485433	1.092444	-4.015570	-26.018400	25.000000
9.936260	2.487265	1.074205	9.970456	2.485433	1.092444	-4.015570	-24.920700	25.000000
9.936795	2.487195	1.074284	9.942837	2.489049	1.107149	-4.015570	-24.449400	25.000000
9.936795	2.487195	1.074284	10.024969	2.478403	1.099902	-4.015570	-23.351700	25.000000
9.936260	2.487265	1.074205	9.966569	2.469654	1.164846	-4.015570	-22.880300	25.000000
9.936260	2.487265	1.074205	9.942842	2.489048	1.145677	-4.015570	-21.782600	25.000000
9.936260	2.487265	1.074205	9.899273	2.478247	1.208569	-4.015570	-21.311200	25.000000
9.936260	2.487265	1.074205	9.927054	2.491132	1.304836	-4.015570	-20.213500	25.000000
9.936795	2.487195	1.074284	9.773029	2.529730	1.501266	-4.015570	-19.742200	25.000000
9.936795	2.487195	1.074284	10.122470	2.482129	1.389212	-4.015570	-18.644500	25.000000
9.936260	2.487265	1.074205	10.045178	2.525793	1.598376	-4.015570	-18.173100	25.000000
9.936260	2.487265	1.074205	9.941574	2.577243	1.651751	-4.015570	-17.075400	25.000000
9.936260	2.487265	1.074205	9.875773	2.607424	1.676402	-4.015570	-16.604000	25.000000
9.936260	2.487265	1.074205	10.024051	2.642231	1.579129	-4.015570	-15.506300	25.000000
9.936795	2.487195	1.074284	9.785316	2.688978	1.377984	-4.015570	-15.035000	25.000000
9.936795	2.487195	1.074284	10.080580	2.632046	1.487317	-4.015570	-13.937300	25.000000
9.936260	2.487265	1.074205	10.078909	2.593015	1.257469	-4.015570	-13.465900	25.000000
9.936260	2.487265	1.074205	9.797163	2.642057	1.158630	-4.015570	-12.368200	25.000000
9.936260	2.487265	1.074205	10.014110	2.547811	1.143873	-4.015570	-11.896800	25.000000
9.936260	2.487265	1.074205	9.837810	2.556243	1.082462	-4.015570	-10.799100	25.000000
9.936634	2.487216	1.074260	9.997000	2.515363	1.091883	-4.015570	-10.327800	25.000000
9.936474	2.487237	1.074237	9.864076	2.516696	1.083897	-4.015570	-9.230070	25.000000
9.936527	2.487230	1.074245	9.892421	2.495747	1.062067	-4.015570	-8.758710	25.000000
9.936527	2.487230	1.074245	9.943842	2.505660	1.076855	-4.015570	-7.661010	25.000000
9.936260	2.487265	1.074205	9.970456	2.485433	1.092444	-3.231040	-26.018400	25.000000
9.936795	2.487195	1.074284	9.970456	2.485433	1.092444	-3.231040	-24.449400	25.000000
9.936260	2.487265	1.074205	9.918669	2.475749	1.114448	-3.231040	-22.880300	25.000000
9.936260	2.487265	1.074205	9.891916	2.479199	1.129204	-3.231040	-21.782600	25.000000
9.936260	2.487265	1.074205	9.860750	2.500021	1.155669	-3.231040	-21.311200	25.000000
9.936260	2.487265	1.074205	9.976472	2.484650	1.165905	-3.231040	-20.213500	25.000000
9.936795	2.487195	1.074284	9.965440	2.486087	1.217806	-3.231040	-19.742200	25.000000
9.936795	2.487195	1.074284	9.882940	2.514055	1.246321	-3.231040	-18.644500	25.000000
9.936260	2.487265	1.074205	10.122752	2.532094	1.310750	-3.231040	-18.173100	25.000000
9.936260	2.487265	1.074205	9.821181	2.540553	1.267267	-3.231040	-17.075400	25.000000
9.936260	2.487265	1.074205	10.050950	2.560279	1.288017	-3.231040	-16.604000	25.000000
9.936260	2.487265	1.074205	9.814525	2.559832	1.302430	-3.231040	-15.506300	25.000000
9.936795	2.487195	1.074284	9.968074	2.573057	1.198940	-3.231040	-15.035000	25.000000
9.936795	2.487195	1.074284	9.885464	2.567373	1.252579	-3.231040	-13.937300	25.000000
9.936260	2.487265	1.074205	9.899495	2.546908	1.123276	-3.231040	-13.465900	25.000000
9.936260	2.487265	1.074205	9.971805	2.554125	1.175170	-3.231040	-12.368200	25.000000
9.936260	2.487265	1.074205	9.970456	2.519053	1.107149	-3.231040	-11.896800	25.000000
9.936260	2.487265	1.074205	10.000500	2.532136	1.099336	-3.231040	-10.799100	25.000000
9.936634	2.487216	1.074260	10.049378	2.508193	1.099630	-3.231040	-10.327800	25.000000
9.936474	2.487237	1.074237	9.891916	2.512805	1.068706	-3.231040	-9.230070	25.000000
9.936527	2.487230	1.074245	9.892421	2.495747	1.062067	-3.231040	-8.758710	25.000000
9.936527	2.487230	1.074245	9.863569	2.499638	1.076855	-3.231040	-7.661010	25.000000
9.936289	2.487262	1.074191	9.891410	2.479265	1.092444	-2.446510	-24.920700	25.000000
9.936824	2.487191	1.074269	9.970456	2.485433	1.092444	-2.446510	-23.351700	25.000000
9.936289	2.487262	1.074191	9.888883	2.496222	1.099630	-2.446510	-22.880300	25.000000
9.936289	2.487262	1.074191	9.970456	2.485433	1.092444	-2.446510	-21.782600	25.000000
9.936289	2.487262	1.074191	9.997500	2.481928	1.114448	-2.446510	-21.311200	25.000000
9.936289	2.487262	1.074191	9.836158	2.503375	1.130045	-2.446510	-20.213500	25.000000
9.936824	2.487191	1.074269	9.895474	2.495338	1.134169	-2.446510	-19.742200	25.000000
9.936824	2.487191	1.074269	9.918271	2.492297	1.160868	-2.446510	-18.644500	25.000000
9.936289	2.487262	1.074191	9.979284	2.500865	1.173168	-2.446510	-18.173100	25.000000
9.936289	2.487262	1.074191	9.917580	2.509255	1.171281	-2.446510	-17.075400	25.000000
9.936289	2.487262	1.074191	9.937932	2.523627	1.169325	-2.446510	-16.604000	25.000000
9.936289	2.487262	1.074191	9.937932	2.523627	1.169325	-2.446510	-15.506300	25.000000
9.936824	2.487191	1.074269	9.978477	2.535304	1.154358	-2.446510	-15.035000	25.000000
9.936824	2.487191	1.074269	9.925039	2.525457	1.135222	-2.446510	-13.937300	25.000000
9.936289	2.487262	1.074191	9.918669	2.526365	1.099336	-2.446510	-13.465900	25.000000
9.936289	2.487262	1.074191	9.997500	2.515294	1.130045	-2.446510	-12.368200	25.000000
9.936289	2.487262	1.074191	9.916148	2.509453	1.091883	-2.446510	-11.896800	25.000000
9.936289	2.487262	1.074191	9.889388	2.513157	1.107149	-2.446510	-10.799100	25.000000
9.936503	2.487233	1.074222	9.863569	2.499638	1.076855	-2.446510	-9.230070	25.000000
9.936556	2.487226	1.074230	9.996499	2.498559	1.084764	-2.446510	-8.758710	25.000000
9.936260	2.487265	1.074205	9.942837	2.489049	1.107149	-1.661970	-20.213500	25.000000
9.936795	2.487195	1.074284	9.916148	2.492579	1.122073	-1.661970	-19.742200	25.000000
9.936795	2.487195	1.074284	9.942837	2.489049	1.107149	-1.661970	-18.644500	25.000000
9.936260	2.487265	1.074205	9.942334	2.505865	1.114724	-1.661970	-18.173100	25.000000
9.936260	2.487265	1.074205	9.890399	2.496018	1.137215	-1.661970	-17.075400	25.000000
9.936260	2.487265	1.074205	9.942334	2.505865	1.114724	-1.661970	-16.604000	25.000000
9.936260	2.487265	1.074205	9.916653	2.509383	1.130045	-1.661970	-15.506300	25.000000
9.936795	2.487195	1.074284	9.942334	2.505865	1.114724	-1.661970	-15.035000	25.000000
9.936795	2.487195	1.074284	9.942334	2.505865	1.114724	-1.661970	-13.937300	25.000000
9.936260	2.487265	1.074205	9.968952	2.502256	1.099630	-1.661970	-13.465900	25.000000
9.936260	2.487265	1.074205	9.942334	2.505865	1.114724	-1.661970	-12.368200	25.000000
9.936260	2.487265	1.074205	9.968952	2.502256	1.099630	-1.661970	-11.896800	25.000000
9.936260	2.487265	1.074205	9.943842	2.505660	1.076855	-1.661970	-10.799100	25.000000
9.936474	2.487237	1.074237	9.996499	2.498559	1.084764	-1.661970	-9.230070	25.000000
9.936274	2.487263	1.074198	9.970456	2.485433	1.092444	-0.877441	-26.489800	25.000000
9.936809	2.487193	1.074277	9.970456	2.485433	1.092444	-0.877441	-24.449400	25.000000
9.936274	2.487263	1.074198	9.970456	2.485433	1.092444	-0.877441	-21.782600	25.000000
9.936274	2.487263	1.074198	9.970456	2.485433	1.092444	-0.877441	-21.311200	25.000000
9.936274	2.487263	1.074198	9.970456	2.485433	1.092444	-0.877441	-20.213500	25.000000
9.936809	2.487193	1.074277	9.942837	2.489049	1.107149	-0.877441	-18.644500	25.000000
9.936274	2.487263	1.074198	10.049876	2.491503	1.092444	-0.877441	-18.173100	25.000000
9.936274	2.487263	1.074198	10.022475	2.495108	1.107149	-0.877441	-17.075400	25.000000
9.936274	2.487263	1.074198	9.968952	2.502256	1.099630	-0.877441	-16.604000	25.000000
9.936274	2.487263	1.074198	9.968952	2.502256	1.099630	-0.877441	-15.506300	25.000000
9.936809	2.487193	1.074277	9.996499	2.498559	1.084764	-0.877441	-15.035000	25.000000
9.936274	2.487263	1.074198	9.968952	2.502256	1.099630	-0.877441	-13.465900	25.000000
9.936274	2.487263	1.074198	9.996499	2.498559	1.084764	-0.877441	-12.368200	25.000000
9.936274	2.487263	1.074198	9.996499	2.498559	1.084764	-0.877441	-11.896800	25.000000
9.936274	2.487263	1.074198	9.996499	2.498559	1.084764	-0.877441	-10.799100	25.000000
9.936275	2.487263	1.074198	9.920181	2.475555	1.077960	-0.092908	-26.489800	25.000000
9.936810	2.487193	1.074277	9.970456	2.485433	1.092444	-0.092908	-19.742200	25.000000
9.936275	2.487263	1.074198	9.996499	2.498559	1.084764	-0.092908	-18.173100	25.000000
9.936275	2.487263	1.074198	9.888883	2.496222	1.099630	-0.092908	-16.604000	25.000000
9.936810	2.487193	1.074277	9.970456	2.485433	1.092444	-0.092908	-15.035000	25.000000
