9.937256	2.546499	4.885949	9.874335	2.550686	4.904437	-13.494000	14.886600	25.000000
9.937256	2.546499	4.885949	9.931510	2.542158	4.904534	-13.494000	15.358000	25.000000
9.937256	2.546499	4.885949	9.930438	2.542316	4.902782	-13.494000	16.455700	25.000000
9.937256	2.546499	4.885949	9.930438	2.542316	4.902782	-13.494000	18.024800	25.000000
9.937256	2.546499	4.885949	9.873277	2.550845	4.902652	-12.709500	10.650800	25.000000
9.937256	2.546499	4.885949	9.955446	2.556597	4.900866	-12.709500	11.748500	25.000000
9.937256	2.546499	4.885949	9.960743	2.555795	4.909785	-12.709500	12.219900	25.000000
9.937256	2.546499	4.885949	10.014235	2.547792	4.904534	-12.709500	13.317600	25.000000
9.937256	2.546499	4.885949	9.938154	2.541181	4.915024	-12.709500	13.788900	25.000000
9.937256	2.546499	4.885949	9.879777	2.549865	4.913343	-12.709500	14.886600	25.000000
9.937256	2.546499	4.885949	9.939296	2.541013	4.916768	-12.709500	15.358000	25.000000
9.937256	2.546499	4.885949	9.939296	2.541013	4.916768	-12.709500	16.455700	25.000000
9.937256	2.546499	4.885949	9.939296	2.541013	4.916768	-12.709500	16.927100	25.000000
9.937256	2.546499	4.885949	9.937022	2.541347	4.913279	-12.709500	18.024800	25.000000
9.937256	2.546499	4.885949	9.989399	2.533729	4.904628	-12.709500	18.496100	25.000000
9.937256	2.546499	4.885949	9.937022	2.541347	4.913279	-12.709500	19.593800	25.000000
9.937256	2.546499	4.885949	9.986170	2.534194	4.899461	-12.709500	20.065200	25.000000
9.937256	2.546499	4.885949	9.931510	2.542158	4.904534	-12.709500	21.162900	25.000000
9.937256	2.546499	4.885949	9.983031	2.534647	4.894285	-12.709500	22.732000	25.000000
9.937298	2.546492	4.886128	9.952387	2.557061	4.895500	-11.925000	8.610370	25.000000
9.937353	2.546484	4.886125	9.935900	2.541512	4.911532	-11.925000	10.650800	25.000000
9.937353	2.546484	4.886125	9.876482	2.550362	4.908003	-11.925000	11.748500	25.000000
9.937353	2.546484	4.886125	9.890202	2.548298	4.929293	-11.925000	12.219900	25.000000
9.937353	2.546484	4.886125	9.939296	2.541013	4.916768	-11.925000	13.317600	25.000000
9.937353	2.546484	4.886125	9.979359	2.552989	4.938106	-11.925000	13.788900	25.000000
9.937353	2.546484	4.886125	9.897601	2.547191	4.939864	-11.925000	14.886600	25.000000
9.937353	2.546484	4.886125	9.904040	2.546230	4.948634	-11.925000	15.358000	25.000000
9.937353	2.546484	4.886125	9.902732	2.546425	4.946883	-11.925000	16.455700	25.000000
9.937353	2.546484	4.886125	9.875429	2.532587	4.942770	-11.925000	16.927100	25.000000
9.937353	2.546484	4.886125	9.955044	2.538707	4.939321	-11.925000	18.024800	25.000000
9.937353	2.546484	4.886125	9.917782	2.526491	4.920065	-11.925000	18.496100	25.000000
9.937353	2.546484	4.886125	9.951261	2.539260	4.934136	-11.925000	19.593800	25.000000
9.937353	2.546484	4.886125	9.937022	2.541347	4.913279	-11.925000	20.065200	25.000000
9.937353	2.546484	4.886125	9.855805	2.535448	4.915024	-11.925000	21.162900	25.000000
9.937353	2.546484	4.886125	9.985114	2.534346	4.897737	-11.925000	21.634300	25.000000
9.937353	2.546484	4.886125	9.930438	2.542316	4.902782	-11.925000	22.732000	25.000000
9.937201	2.546507	4.885952	9.957535	2.556280	4.904437	-11.140400	9.081740	25.000000
9.936980	2.546540	4.885964	9.961832	2.555630	4.911565	-11.140400	10.179400	25.000000
9.937256	2.546499	4.885949	9.970903	2.554261	4.925758	-11.140400	10.650800	25.000000
9.937256	2.546499	4.885949	9.887816	2.548656	4.925758	-11.140400	11.748500	25.000000
9.937256	2.546499	4.885949	9.904040	2.546230	4.948634	-11.140400	12.219900	25.000000
9.937256	2.546499	4.885949	9.942681	2.558538	4.965343	-11.140400	13.317600	25.000000
9.937256	2.546499	4.885949	9.927784	2.542708	4.978171	-11.140400	13.788900	25.000000
9.937256	2.546499	4.885949	9.892325	2.547980	5.003846	-11.140400	14.886600	25.000000
9.937256	2.546499	4.885949	9.928872	2.524912	5.003846	-11.140400	15.358000	25.000000
9.937256	2.546499	4.885949	9.956028	2.538564	5.008935	-11.140400	16.455700	25.000000
9.937256	2.546499	4.885949	9.914313	2.526987	4.988766	-11.140400	16.927100	25.000000
9.937256	2.546499	4.885949	9.928872	2.524912	5.003846	-11.140400	18.024800	25.000000
9.937256	2.546499	4.885949	9.891820	2.530216	4.963348	-11.140400	18.496100	25.000000
9.937256	2.546499	4.885949	10.011573	2.513353	4.963138	-11.140400	19.593800	25.000000
9.937256	2.546499	4.885949	9.988198	2.516582	4.934955	-11.140400	20.065200	25.000000
9.937256	2.546499	4.885949	9.920181	2.526149	4.923482	-11.140400	21.162900	25.000000
9.937256	2.546499	4.885949	9.991601	2.533413	4.908067	-11.140400	21.634300	25.000000
9.937256	2.546499	4.885949	9.991601	2.533413	4.908067	-11.140400	22.732000	25.000000
9.937256	2.546499	4.885949	9.903156	2.528585	4.897737	-11.140400	24.301000	25.000000
9.937201	2.546507	4.885952	9.957535	2.556280	4.904437	-10.355900	7.512670	25.000000
9.937201	2.546507	4.885952	9.911327	2.563352	4.920646	-10.355900	9.081740	25.000000
9.936980	2.546540	4.885964	9.967427	2.554785	4.920445	-10.355900	10.179400	25.000000
9.937256	2.546499	4.885949	9.924359	2.561343	4.940428	-10.355900	10.650800	25.000000
9.937256	2.546499	4.885949	9.949693	2.557471	4.974165	-10.355900	11.748500	25.000000
9.937256	2.546499	4.885949	9.890116	2.548311	5.059306	-10.355900	12.219900	25.000000
9.937256	2.546499	4.885949	9.916275	2.562588	5.002081	-10.355900	13.317600	25.000000
9.937256	2.546499	4.885949	9.922606	2.525803	5.146381	-10.355900	13.788900	25.000000
9.937256	2.546499	4.885949	9.923835	2.543291	5.087912	-10.355900	14.886600	25.000000
9.937256	2.546499	4.885949	9.916148	2.492579	5.161112	-10.355900	15.358000	25.000000
9.937256	2.546499	4.885949	9.997500	2.515294	5.153140	-10.355900	16.455700	25.000000
9.937256	2.546499	4.885949	9.937751	2.473308	5.100434	-10.355900	16.927100	25.000000
9.937256	2.546499	4.885949	9.863574	2.482892	5.137509	-10.355900	18.024800	25.000000
9.937256	2.546499	4.885949	9.952030	2.487841	5.002263	-10.355900	18.496100	25.000000
9.937256	2.546499	4.885949	9.890622	2.479367	5.068465	-10.355900	19.593800	25.000000
9.937256	2.546499	4.885949	9.994779	2.515670	4.943284	-10.355900	20.065200	25.000000
9.937256	2.546499	4.885949	9.928650	2.490921	4.979954	-10.355900	21.162900	25.000000
9.937256	2.546499	4.885949	9.983111	2.517289	4.928270	-10.355900	21.634300	25.000000
9.937256	2.546499	4.885949	9.913102	2.527160	4.913216	-10.355900	22.732000	25.000000
9.937256	2.546499	4.885949	10.042589	2.526158	4.896254	-10.355900	23.203300	25.000000
9.937256	2.546499	4.885949	9.906382	2.528122	4.902907	-10.355900	24.301000	25.000000
9.937256	2.546499	4.885949	9.982004	2.534795	4.892557	-10.355900	25.870100	25.000000
9.937285	2.546494	4.886002	9.954416	2.556753	4.899078	-9.571360	5.943610	25.000000
9.937230	2.546503	4.886005	9.958594	2.556120	4.906221	-9.571360	7.512670	25.000000
9.937230	2.546503	4.886005	9.905801	2.564208	4.911598	-9.571360	8.610370	25.000000
9.937230	2.546503	4.886005	10.018288	2.565260	4.954702	-9.571360	9.081740	25.000000
9.937009	2.546535	4.886017	9.860507	2.571298	4.928205	-9.571360	10.179400	25.000000
9.937285	2.546494	4.886002	9.930504	2.579007	4.985761	-9.571360	10.650800	25.000000
9.937285	2.546494	4.886002	9.947140	2.576360	5.065009	-9.571360	11.748500	25.000000
9.937285	2.546494	4.886002	9.999000	2.550053	5.280494	-9.571360	12.219900	25.000000
9.937285	2.546494	4.886002	9.873702	2.588197	5.150180	-9.571360	13.317600	25.000000
9.937285	2.546494	4.886002	10.042908	2.476120	5.372018	-9.571360	13.788900	25.000000
9.937285	2.546494	4.886002	9.769852	2.530193	5.409410	-9.571360	14.886600	25.000000
9.937285	2.546494	4.886002	10.238164	2.422021	5.403332	-9.571360	15.358000	25.000000
9.937285	2.546494	4.886002	9.776502	2.383620	5.466219	-9.571360	16.455700	25.000000
9.937285	2.546494	4.886002	10.062803	2.326353	5.391394	-9.571360	16.927100	25.000000
9.937285	2.546494	4.886002	9.762684	2.355722	5.312439	-9.571360	18.024800	25.000000
9.937285	2.546494	4.886002	10.054850	2.354810	5.226309	-9.571360	18.496100	25.000000
9.937285	2.546494	4.886002	9.875222	2.417877	5.121297	-9.571360	19.593800	25.000000
9.937285	2.546494	4.886002	10.051587	2.475020	4.976101	-9.571360	20.065200	25.000000
9.937285	2.546494	4.886002	9.851198	2.436156	5.062364	-9.571360	21.162900	25.000000
9.937285	2.546494	4.886002	9.905736	2.493966	4.955744	-9.571360	21.634300	25.000000
9.937285	2.546494	4.886002	9.897176	2.512075	4.921565	-9.571360	22.732000	25.000000
9.937285	2.546494	4.886002	9.971083	2.518965	4.911471	-9.571360	23.203300	25.000000
9.937285	2.546494	4.886002	9.904221	2.528432	4.899461	-9.571360	24.301000	25.000000
9.937285	2.546494	4.886002	9.845893	2.536902	4.899273	-9.571360	25.870100	25.000000
9.937285	2.546494	4.886002	9.954416	2.556753	4.899078	-8.786830	5.943610	25.000000
9.937285	2.546494	4.886002	9.953396	2.556908	4.897290	-8.786830	7.041310	25.000000
9.937230	2.546503	4.886005	9.905801	2.564208	4.911598	-8.786830	7.512670	25.000000
9.937230	2.546503	4.886005	9.997480	2.568470	4.924255	-8.786830	8.610370	25.000000
9.937230	2.546503	4.886005	9.903681	2.583316	4.949046	-8.786830	9.081740	25.000000
9.937009	2.546535	4.886017	10.026969	2.582457	5.000244	-8.786830	10.179400	25.000000
9.937285	2.546494	4.886002	10.101332	2.589393	5.231769	-8.786830	10.650800	25.000000
9.937285	2.546494	4.886002	9.830178	2.635937	5.104595	-8.786830	11.748500	25.000000
9.937285	2.546494	4.886002	9.749687	2.589272	4.925121	-8.786830	12.219900	25.000000
9.937285	2.546494	4.886002	10.111721	2.587728	5.341600	-8.786830	13.317600	25.000000
9.937285	2.546494	4.886002	10.633551	2.497020	4.279544	-8.786830	13.788900	25.000000
9.937285	2.546494	4.886002	9.320215	2.669322	4.454825	-8.786830	14.886600	25.000000
9.937285	2.546494	4.886002	8.979694	2.601168	4.619182	-8.786830	15.358000	25.000000
9.937285	2.546494	4.886002	10.752772	2.497748	4.379370	-8.786830	16.455700	25.000000
9.937285	2.546494	4.886002	9.972783	2.468871	4.644750	-8.786830	16.927100	25.000000
9.937285	2.546494	4.886002	9.905680	2.528222	4.686079	-8.786830	18.024800	25.000000
9.937285	2.546494	4.886002	10.296257	2.430359	4.902490	-8.786830	18.496100	25.000000
9.937285	2.546494	4.886002	9.541258	2.364128	5.234871	-8.786830	19.593800	25.000000
9.937285	2.546494	4.886002	10.104949	2.295671	5.134640	-8.786830	20.065200	25.000000
9.937285	2.546494	4.886002	9.742176	2.417830	5.043943	-8.786830	21.162900	25.000000
9.937285	2.546494	4.886002	9.834551	2.454015	4.991569	-8.786830	21.634300	25.000000
9.937285	2.546494	4.886002	10.069206	2.472799	4.927062	-8.786830	22.732000	25.000000
9.937285	2.546494	4.886002	9.829262	2.521623	4.909785	-8.786830	23.203300	25.000000
9.937285	2.546494	4.886002	9.892366	2.512743	4.914840	-8.786830	24.301000	25.000000
9.937285	2.546494	4.886002	9.985114	2.534346	4.897737	-8.786830	25.870100	25.000000
9.937285	2.546494	4.886002	9.953396	2.556908	4.897290	-8.002290	5.943610	25.000000
9.937285	2.546494	4.886002	9.903661	2.564539	4.907970	-8.002290	7.041310	25.000000
9.937230	2.546503	4.886005	9.992998	2.569165	4.917031	-8.002290	7.512670	25.000000
9.937230	2.546503	4.886005	9.951884	2.575609	4.939188	-8.002290	8.610370	25.000000
9.937230	2.546503	4.886005	9.910600	2.601513	4.990689	-8.002290	9.081740	25.000000
9.937009	2.546535	4.886017	10.002705	2.625522	5.083490	-8.002290	10.179400	25.000000
9.937285	2.546494	4.886002	10.000500	2.646566	5.241979	-8.002290	10.650800	25.000000
9.937285	2.546494	4.886002	9.918165	2.620139	5.339697	-8.002290	11.748500	25.000000
9.937285	2.546494	4.886002	9.440869	2.506490	4.694534	-8.002290	12.219900	25.000000
9.937285	2.546494	4.886002	10.404326	1.924111	4.050447	-8.002290	13.317600	25.000000
9.937285	2.546494	4.886002	10.112369	1.882368	3.712306	-8.002290	13.788900	25.000000
9.937285	2.546494	4.886002	9.769852	1.948170	3.634788	-8.002290	14.886600	25.000000
9.937285	2.546494	4.886002	10.312129	1.958642	3.919584	-8.002290	15.358000	25.000000
9.937285	2.546494	4.886002	9.438750	1.950679	3.748580	-8.002290	16.455700	25.000000
9.937285	2.546494	4.886002	9.485911	2.138431	3.298520	-8.002290	16.927100	25.000000
9.937285	2.546494	4.886002	10.370540	1.945958	3.447940	-8.002290	18.024800	25.000000
9.937285	2.546494	4.886002	11.392822	2.361679	3.884613	-8.002290	18.496100	25.000000
9.937285	2.546494	4.886002	8.117290	3.076312	1.760785	-8.002290	19.593800	25.000000
9.937285	2.546494	4.886002	10.210779	2.395752	5.066092	-8.002290	20.065200	25.000000
9.937285	2.546494	4.886002	9.554057	2.304833	5.087660	-8.002290	21.162900	25.000000
9.937285	2.546494	4.886002	9.644252	2.398219	5.030264	-8.002290	21.634300	25.000000
9.937285	2.546494	4.886002	10.254774	2.420174	4.938745	-8.002290	22.732000	25.000000
9.937285	2.546494	4.886002	9.883744	2.496913	4.929597	-8.002290	23.203300	25.000000
9.937285	2.546494	4.886002	9.944566	2.505561	4.903145	-8.002290	24.301000	25.000000
9.937285	2.546494	4.886002	9.982004	2.534795	4.892557	-8.002290	24.772400	25.000000
9.937285	2.546494	4.886002	9.904221	2.528432	4.899461	-8.002290	25.870100	25.000000
9.937285	2.546494	4.886002	9.900525	2.565026	4.902517	-7.217760	5.943610	25.000000
9.937285	2.546494	4.886002	10.042091	2.561623	4.906221	-7.217760	7.041310	25.000000
9.937230	2.546503	4.886005	10.088607	2.572768	4.935050	-7.217760	7.512670	25.000000
9.937230	2.546503	4.886005	9.935497	2.597347	4.949824	-7.217760	8.610370	25.000000
9.937230	2.546503	4.886005	9.767579	2.692727	5.114802	-7.217760	9.081740	25.000000
9.937009	2.546535	4.886017	10.106537	2.627468	5.150839	-7.217760	10.179400	25.000000
9.937285	2.546494	4.886002	9.063603	2.701512	5.206155	-7.217760	10.650800	25.000000
9.937285	2.546494	4.886002	10.818059	2.250521	4.769470	-7.217760	11.748500	25.000000
9.937285	2.546494	4.886002	10.138872	1.740925	4.311439	-7.217760	12.219900	25.000000
9.937285	2.546494	4.886002	9.706083	1.390239	3.904772	-7.217760	13.317600	25.000000
9.937285	2.546494	4.886002	9.517226	1.490856	3.747137	-7.217760	13.788900	25.000000
9.937285	2.546494	4.886002	10.309879	1.331863	3.699134	-7.217760	14.886600	25.000000
9.937285	2.546494	4.886002	8.340863	1.377773	3.583386	-7.217760	15.358000	25.000000
9.937285	2.546494	4.886002	11.276968	1.227099	3.664243	-7.217760	16.455700	25.000000
9.937285	2.546494	4.886002	10.602566	1.392538	2.929161	-7.217760	16.927100	25.000000
9.937285	2.546494	4.886002	9.256889	1.375100	2.697647	-7.217760	18.024800	25.000000
9.937285	2.546494	4.886002	10.965199	1.934428	2.270532	-7.217760	18.496100	25.000000
9.937285	2.546494	4.886002	7.945118	2.598030	4.416037	-7.217760	19.593800	25.000000
9.937285	2.546494	4.886002	11.237242	2.777348	4.672410	-7.217760	20.065200	25.000000
9.937285	2.546494	4.886002	8.351796	2.425427	5.216830	-7.217760	21.162900	25.000000
9.937285	2.546494	4.886002	10.317732	2.356779	4.942066	-7.217760	21.634300	25.000000
9.937285	2.546494	4.886002	9.594399	2.273404	5.053576	-7.217760	22.732000	25.000000
9.937285	2.546494	4.886002	9.805310	2.490608	4.931240	-7.217760	23.203300	25.000000
9.937285	2.546494	4.886002	10.111498	2.467524	4.900462	-7.217760	24.301000	25.000000
9.937285	2.546494	4.886002	9.879960	2.514471	4.896254	-7.217760	24.772400	25.000000
9.937285	2.546494	4.886002	9.901055	2.528886	4.894285	-7.217760	25.870100	25.000000
9.937285	2.546494	4.886002	9.900525	2.565026	4.902517	-6.433230	5.943610	25.000000
9.937285	2.546494	4.886002	9.989740	2.569672	4.911598	-6.433230	7.041310	25.000000
9.937230	2.546503	4.886005	9.830341	2.615289	4.949509	-6.433230	7.512670	25.000000
9.937230	2.546503	4.886005	10.035059	2.600207	4.970500	-6.433230	8.610370	25.000000
9.937230	2.546503	4.886005	9.973971	2.695984	5.198925	-6.433230	9.081740	25.000000
9.937009	2.546535	4.886017	9.928162	2.756216	5.349459	-6.433230	10.179400	25.000000
9.937285	2.546494	4.886002	12.015927	2.569096	5.148552	-6.433230	10.650800	25.000000
9.937285	2.546494	4.886002	6.917369	1.774593	4.564229	-6.433230	11.748500	25.000000
9.937285	2.546494	4.886002	7.648529	1.265358	4.211948	-6.433230	12.219900	25.000000
9.937285	2.546494	4.886002	11.799576	1.233941	4.236694	-6.433230	13.317600	25.000000
9.937285	2.546494	4.886002	9.870157	1.027794	3.834816	-6.433230	13.788900	25.000000
9.937285	2.546494	4.886002	9.976973	1.022540	3.843850	-6.433230	14.886600	25.000000
9.937285	2.546494	4.886002	8.506639	0.820548	3.340564	-6.433230	15.358000	25.000000
9.937285	2.546494	4.886002	11.130234	0.715598	3.475036	-6.433230	16.455700	25.000000
9.937285	2.546494	4.886002	10.599528	0.886531	2.407873	-6.433230	16.927100	25.000000
9.937285	2.546494	4.886002	9.205433	1.109187	2.192456	-6.433230	18.024800	25.000000
9.937285	2.546494	4.886002	9.913229	2.708990	0.958099	-6.433230	18.496100	25.000000
9.937285	2.546494	4.886002	8.670877	1.205187	2.460294	-6.433230	19.593800	25.000000
9.937285	2.546494	4.886002	9.549078	2.526696	4.937201	-6.433230	20.065200	25.000000
9.937285	2.546494	4.886002	10.315929	2.991533	2.356653	-6.433230	21.162900	25.000000
9.937285	2.546494	4.886002	10.647577	2.227447	4.948165	-6.433230	21.634300	25.000000
9.937285	2.546494	4.886002	9.051127	2.210068	5.030221	-6.433230	22.732000	25.000000
9.937285	2.546494	4.886002	9.835141	2.470121	4.909785	-6.433230	23.203300	25.000000
9.937285	2.546494	4.886002	10.019187	2.431873	4.911286	-6.433230	24.301000	25.000000
9.937285	2.546494	4.886002	9.879960	2.514471	4.896254	-6.433230	24.772400	25.000000
9.937285	2.546494	4.886002	10.013496	2.513089	4.884798	-6.433230	25.870100	25.000000
9.937285	2.546494	4.886002	9.931787	2.578802	4.906084	-5.648700	5.943610	25.000000
9.937285	2.546494	4.886002	9.988674	2.569837	4.909785	-5.648700	7.041310	25.000000
9.937230	2.546503	4.886005	9.731886	2.632973	4.955321	-5.648700	7.512670	25.000000
9.937230	2.546503	4.886005	10.111820	2.626544	4.982691	-5.648700	8.610370	25.000000
9.937230	2.546503	4.886005	9.980802	2.743416	5.088097	-5.648700	9.081740	25.000000
9.937009	2.546535	4.886017	9.888503	2.739542	5.152919	-5.648700	10.179400	25.000000
9.937285	2.546494	4.886002	9.793998	1.601432	4.577137	-5.648700	10.650800	25.000000
9.937285	2.546494	4.886002	9.963955	2.469984	4.715615	-5.648700	11.748500	25.000000
9.937285	2.546494	4.886002	10.164099	0.851065	4.333097	-5.648700	12.219900	25.000000
9.937285	2.546494	4.886002	9.694375	1.223450	4.494553	-5.648700	13.317600	25.000000
9.937285	2.546494	4.886002	9.934284	0.683933	4.177434	-5.648700	13.788900	25.000000
9.937285	2.546494	4.886002	9.978477	0.640620	4.105784	-5.648700	14.886600	25.000000
9.937285	2.546494	4.886002	8.957439	0.414196	3.089141	-5.648700	15.358000	25.000000
9.937285	2.546494	4.886002	10.759993	0.402525	3.226389	-5.648700	16.455700	25.000000
9.937285	2.546494	4.886002	11.278741	0.743805	2.356194	-5.648700	16.927100	25.000000
9.937285	2.546494	4.886002	8.415462	1.167845	2.069112	-5.648700	18.024800	25.000000
9.937285	2.546494	4.886002	9.894893	1.349694	2.911688	-5.648700	18.496100	25.000000
9.937285	2.546494	4.886002	9.398537	2.327154	1.673376	-5.648700	19.593800	25.000000
9.937285	2.546494	4.886002	7.690260	2.918689	0.005882	-5.648700	20.065200	25.000000
9.937285	2.546494	4.886002	11.510864	2.339210	3.632261	-5.648700	21.162900	25.000000
9.937285	2.546494	4.886002	9.997320	2.252567	4.917364	-5.648700	21.634300	25.000000
9.937285	2.546494	4.886002	10.005079	2.239138	4.909785	-5.648700	22.732000	25.000000
9.937285	2.546494	4.886002	9.676900	2.457577	4.906577	-5.648700	23.203300	25.000000
9.937285	2.546494	4.886002	10.130568	2.404363	4.892505	-5.648700	24.301000	25.000000
9.937285	2.546494	4.886002	9.797020	2.508781	4.892860	-5.648700	24.772400	25.000000
9.937285	2.546494	4.886002	10.011498	2.513364	4.881449	-5.648700	25.870100	25.000000
9.937285	2.546494	4.886002	9.845303	2.573710	4.902377	-4.864160	5.943610	25.000000
9.937285	2.546494	4.886002	10.018563	2.583799	4.909785	-4.864160	7.041310	25.000000
9.937230	2.546503	4.886005	10.098658	2.649413	4.981765	-4.864160	7.512670	25.000000
9.937230	2.546503	4.886005	9.723790	2.656065	4.959506	-4.864160	8.610370	25.000000
9.937230	2.546503	4.886005	9.988674	2.361438	4.626458	-4.864160	9.081740	25.000000
9.937009	2.546535	4.886017	9.887089	2.668250	4.930889	-4.864160	10.179400	25.000000
9.937285	2.546494	4.886002	7.794800	1.954771	4.410330	-4.864160	10.650800	25.000000
9.937285	2.546494	4.886002	11.640503	1.460613	4.602400	-4.864160	11.748500	25.000000
9.937285	2.546494	4.886002	11.324074	0.904407	4.730028	-4.864160	12.219900	25.000000
9.937285	2.546494	4.886002	8.362497	0.753283	4.628202	-4.864160	13.317600	25.000000
9.937285	2.546494	4.886002	9.726788	0.507679	4.822579	-4.864160	13.788900	25.000000
9.937285	2.546494	4.886002	10.091858	0.569329	4.834008	-4.864160	14.886600	25.000000
9.937285	2.546494	4.886002	9.761112	0.181940	4.317162	-4.864160	15.358000	25.000000
9.937285	2.546494	4.886002	10.062092	0.304237	3.088486	-4.864160	16.455700	25.000000
9.937285	2.546494	4.886002	11.244999	0.612625	2.454775	-4.864160	16.927100	25.000000
9.937285	2.546494	4.886002	8.417244	0.992621	2.589008	-4.864160	18.024800	25.000000
9.937285	2.546494	4.886002	11.721694	1.304030	2.249681	-4.864160	18.496100	25.000000
9.937285	2.546494	4.886002	7.514925	1.676115	2.925826	-4.864160	19.593800	25.000000
9.937285	2.546494	4.886002	9.055523	2.730207	0.952152	-4.864160	20.065200	25.000000
9.937285	2.546494	4.886002	10.278794	1.959968	3.095310	-4.864160	21.162900	25.000000
9.937285	2.546494	4.886002	8.816014	2.451715	4.911532	-4.864160	21.634300	25.000000
9.937285	2.546494	4.886002	10.906003	2.380919	4.782938	-4.864160	22.732000	25.000000
9.937285	2.546494	4.886002	9.692105	2.392864	4.884515	-4.864160	23.203300	25.000000
9.937285	2.546494	4.886002	10.270424	2.433283	4.868680	-4.864160	24.301000	25.000000
9.937285	2.546494	4.886002	10.068783	2.505573	4.876988	-4.864160	24.772400	25.000000
9.937285	2.546494	4.886002	9.872695	2.515487	4.884358	-4.864160	25.870100	25.000000
9.937285	2.546494	4.886002	10.014490	2.584451	4.902377	-4.079630	5.943610	25.000000
9.937285	2.546494	4.886002	9.927759	2.579445	4.898666	-4.079630	7.041310	25.000000
9.937230	2.546503	4.886005	10.121171	2.666445	4.950034	-4.079630	7.512670	25.000000
9.937230	2.546503	4.886005	9.805147	2.684836	4.952881	-4.079630	8.610370	25.000000
9.937230	2.546503	4.886005	10.288581	2.012697	4.704862	-4.079630	9.081740	25.000000
9.937009	2.546535	4.886017	9.571045	2.663981	4.925387	-4.079630	10.179400	25.000000
9.937285	2.546494	4.886002	11.902941	1.281118	4.677316	-4.079630	10.650800	25.000000
9.937285	2.546494	4.886002	7.451342	1.513057	4.610045	-4.079630	11.748500	25.000000
9.937285	2.546494	4.886002	10.988175	0.642065	5.005301	-4.079630	12.219900	25.000000
9.937285	2.546494	4.886002	8.762055	0.664076	4.723500	-4.079630	13.317600	25.000000
9.937285	2.546494	4.886002	10.028180	0.595857	5.149016	-4.079630	13.788900	25.000000
9.937285	2.546494	4.886002	9.812650	0.684856	4.971435	-4.079630	14.886600	25.000000
9.937285	2.546494	4.886002	9.088834	0.139928	4.192264	-4.079630	15.358000	25.000000
9.937285	2.546494	4.886002	10.772785	0.381076	4.654952	-4.079630	16.455700	25.000000
9.937285	2.546494	4.886002	9.215145	0.473803	2.158139	-4.079630	16.927100	25.000000
9.937285	2.546494	4.886002	10.584309	0.361558	2.212161	-4.079630	18.024800	25.000000
9.937285	2.546494	4.886002	12.970062	0.991525	1.826948	-4.079630	18.496100	25.000000
9.937285	2.546494	4.886002	5.224758	1.114962	2.032537	-4.079630	19.593800	25.000000
9.937285	2.546494	4.886002	3.410117	1.658884	2.475127	-4.079630	20.065200	25.000000
9.937285	2.546494	4.886002	13.247358	2.209737	1.490779	-4.079630	21.162900	25.000000
9.937285	2.546494	4.886002	10.590415	2.662894	4.891692	-4.079630	21.634300	25.000000
9.937285	2.546494	4.886002	9.240671	2.381911	4.854286	-4.079630	22.732000	25.000000
9.937285	2.546494	4.886002	9.663752	2.380897	4.849404	-4.079630	23.203300	25.000000
9.937285	2.546494	4.886002	10.184969	2.428001	4.853862	-4.079630	24.301000	25.000000
9.937285	2.546494	4.886002	10.066857	2.505833	4.873687	-4.079630	24.772400	25.000000
9.937285	2.546494	4.886002	9.868764	2.516038	4.877538	-4.079630	25.870100	25.000000
9.937275	2.546496	4.885984	9.978557	2.571415	4.891578	-3.295090	5.943610	25.000000
9.937275	2.546496	4.885984	9.873783	2.588184	4.898447	-3.295090	7.041310	25.000000
9.937220	2.546504	4.885987	10.102322	2.692366	4.912020	-3.295090	7.512670	25.000000
9.937220	2.546504	4.885987	9.793615	2.664500	4.920687	-3.295090	8.610370	25.000000
9.937220	2.546504	4.885987	9.580715	2.685174	4.953921	-3.295090	9.081740	25.000000
9.936999	2.546537	4.885999	10.284940	2.012865	4.918223	-3.295090	10.179400	25.000000
9.937275	2.546496	4.885984	9.285198	1.089304	4.949116	-3.295090	10.650800	25.000000
9.937275	2.546496	4.885984	10.483415	1.591783	4.898557	-3.295090	11.748500	25.000000
9.937275	2.546496	4.885984	9.076348	0.707148	4.971353	-3.295090	12.219900	25.000000
9.937275	2.546496	4.885984	10.761138	0.527197	4.784486	-3.295090	13.317600	25.000000
9.937275	2.546496	4.885984	10.594815	0.590621	4.714084	-3.295090	13.788900	25.000000
9.937275	2.546496	4.885984	9.261863	0.627032	4.824875	-3.295090	14.886600	25.000000
9.937275	2.546496	4.885984	8.586245	0.301083	5.313463	-3.295090	15.358000	25.000000
9.937275	2.546496	4.885984	11.127448	0.388076	5.210030	-3.295090	16.455700	25.000000
9.937275	2.546496	4.885984	10.557462	0.429175	0.849825	-3.295090	16.927100	25.000000
9.937275	2.546496	4.885984	9.208692	0.518135	0.661043	-3.295090	18.024800	25.000000
9.937275	2.546496	4.885984	5.894065	1.485863	0.821527	-3.295090	18.496100	25.000000
9.937275	2.546496	4.885984	12.726743	0.930831	1.058940	-3.295090	19.593800	25.000000
9.937275	2.546496	4.885984	12.218429	1.974524	1.206817	-3.295090	20.065200	25.000000
9.937275	2.546496	4.885984	6.227359	2.426045	5.907224	-3.295090	21.162900	25.000000
9.937275	2.546496	4.885984	8.832304	2.449482	4.826181	-3.295090	21.634300	25.000000
9.937275	2.546496	4.885984	10.986155	2.399849	4.893930	-3.295090	22.732000	25.000000
9.937275	2.546496	4.885984	9.860020	2.389443	4.816489	-3.295090	23.203300	25.000000
9.937275	2.546496	4.885984	10.048507	2.443832	4.844429	-3.295090	24.301000	25.000000
9.937275	2.546496	4.885984	9.922197	2.508621	4.866334	-3.295090	24.772400	25.000000
9.937275	2.546496	4.885984	10.004819	2.514283	4.869699	-3.295090	25.870100	25.000000
9.937285	2.546494	4.886002	10.004999	2.585976	4.883768	-2.510560	5.943610	25.000000
9.937285	2.546494	4.886002	9.839390	2.574652	4.891227	-2.510560	7.041310	25.000000
9.937230	2.546503	4.886005	9.920685	2.640286	4.880986	-2.510560	7.512670	25.000000
9.937230	2.546503	4.886005	9.868277	2.694898	4.884479	-2.510560	8.610370	25.000000
9.937230	2.546503	4.886005	9.650617	2.718586	4.999010	-2.510560	9.081740	25.000000
9.937009	2.546535	4.886017	10.287293	2.359746	5.023669	-2.510560	10.179400	25.000000
9.937285	2.546494	4.886002	11.578104	1.855322	4.985744	-2.510560	10.650800	25.000000
9.937285	2.546494	4.886002	8.048136	1.313241	5.193276	-2.510560	11.748500	25.000000
9.937285	2.546494	4.886002	8.795658	0.909755	5.071497	-2.510560	12.219900	25.000000
9.937285	2.546494	4.886002	10.930526	0.708496	4.771475	-2.510560	13.317600	25.000000
9.937285	2.546494	4.886002	10.154433	0.596646	4.756221	-2.510560	13.788900	25.000000
9.937285	2.546494	4.886002	9.688674	0.521663	4.820301	-2.510560	14.886600	25.000000
9.937285	2.546494	4.886002	10.707890	0.479564	6.044098	-2.510560	15.358000	25.000000
9.937285	2.546494	4.886002	9.160027	0.281298	5.556216	-2.510560	16.455700	25.000000
9.937285	2.546494	4.886002	10.978616	0.754390	0.241753	-2.510560	16.927100	25.000000
9.937285	2.546494	4.886002	8.707468	1.054309	0.588003	-2.510560	18.024800	25.000000
9.937285	2.546494	4.886002	9.043788	1.736305	6.215871	-2.510560	18.496100	25.000000
9.937285	2.546494	4.886002	10.596338	1.464142	0.792109	-2.510560	19.593800	25.000000
9.937285	2.546494	4.886002	8.620232	2.538603	0.883915	-2.510560	20.065200	25.000000
9.937285	2.546494	4.886002	10.877389	2.188523	5.502572	-2.510560	21.162900	25.000000
9.937285	2.546494	4.886002	10.068037	2.285694	4.740408	-2.510560	21.634300	25.000000
9.937285	2.546494	4.886002	9.888859	2.248452	4.744067	-2.510560	22.732000	25.000000
9.937285	2.546494	4.886002	10.009715	2.417759	4.806054	-2.510560	23.203300	25.000000
9.937285	2.546494	4.886002	9.852797	2.467869	4.836340	-2.510560	24.301000	25.000000
9.937285	2.546494	4.886002	9.944451	2.522706	4.867279	-2.510560	24.772400	25.000000
9.937285	2.546494	4.886002	9.921295	2.508745	4.864650	-2.510560	25.870100	25.000000
9.937285	2.546494	4.886002	9.890723	2.566552	4.884261	-1.726030	5.943610	25.000000
9.937285	2.546494	4.886002	10.002345	2.586403	4.878161	-1.726030	7.041310	25.000000
9.937230	2.546503	4.886005	9.785704	2.644207	4.884580	-1.726030	7.512670	25.000000
9.937230	2.546503	4.886005	10.128494	2.643947	4.832639	-1.726030	8.610370	25.000000
9.937230	2.546503	4.886005	9.946100	2.779168	4.834634	-1.726030	9.081740	25.000000
9.937009	2.546535	4.886017	9.905700	2.790081	4.791634	-1.726030	10.179400	25.000000
9.937285	2.546494	4.886002	10.290695	1.609676	4.986147	-1.726030	10.650800	25.000000
9.937285	2.546494	4.886002	9.458330	2.503989	5.056608	-1.726030	11.748500	25.000000
9.937285	2.546494	4.886002	9.668506	0.847388	5.200723	-1.726030	12.219900	25.000000
9.937285	2.546494	4.886002	10.151847	1.208294	5.067461	-1.726030	13.317600	25.000000
9.937285	2.546494	4.886002	10.257680	0.676285	5.365236	-1.726030	13.788900	25.000000
9.937285	2.546494	4.886002	9.592184	0.689662	5.323115	-1.726030	14.886600	25.000000
9.937285	2.546494	4.886002	9.533616	0.555522	0.105408	-1.726030	15.358000	25.000000
9.937285	2.546494	4.886002	10.344080	0.515467	6.085790	-1.726030	16.455700	25.000000
9.937285	2.546494	4.886002	8.247424	1.159143	0.451814	-1.726030	16.927100	25.000000
9.937285	2.546494	4.886002	11.322985	0.948521	0.916426	-1.726030	18.024800	25.000000
9.937285	2.546494	4.886002	8.897753	1.548317	6.136519	-1.726030	18.496100	25.000000
9.937285	2.546494	4.886002	10.298058	2.180865	1.331565	-1.726030	19.593800	25.000000
9.937285	2.546494	4.886002	9.535198	2.459209	4.778957	-1.726030	20.065200	25.000000
9.937285	2.546494	4.886002	10.378825	2.660350	0.041643	-1.726030	21.162900	25.000000
9.937285	2.546494	4.886002	9.188150	2.253957	4.626684	-1.726030	21.634300	25.000000
9.937285	2.546494	4.886002	10.564568	2.282502	4.713639	-1.726030	22.732000	25.000000
9.937285	2.546494	4.886002	10.070377	2.472652	4.832772	-1.726030	23.203300	25.000000
9.937285	2.546494	4.886002	9.719053	2.485297	4.813735	-1.726030	24.301000	25.000000
9.937285	2.546494	4.886002	9.941811	2.523079	4.862137	-1.726030	24.772400	25.000000
9.937285	2.546494	4.886002	10.027866	2.528237	4.870702	-1.726030	25.870100	25.000000
9.937285	2.546494	4.886002	9.890723	2.566552	4.884261	-0.941496	5.943610	25.000000
9.937285	2.546494	4.886002	9.969433	2.572844	4.873251	-0.941496	7.041310	25.000000
9.937230	2.546503	4.886005	9.792773	2.621931	4.873481	-0.941496	7.512670	25.000000
9.937230	2.546503	4.886005	10.050617	2.617181	4.825899	-0.941496	8.610370	25.000000
9.937230	2.546503	4.886005	10.145524	2.782948	4.526834	-0.941496	9.081740	25.000000
9.937009	2.546535	4.886017	9.681133	2.793346	4.759627	-0.941496	10.179400	25.000000
9.937285	2.546494	4.886002	6.255150	1.796524	5.158430	-0.941496	10.650800	25.000000
9.937285	2.546494	4.886002	12.446931	2.531298	4.615510	-0.941496	11.748500	25.000000
9.937285	2.546494	4.886002	11.051244	1.370385	5.213210	-0.941496	12.219900	25.000000
9.937285	2.546494	4.886002	8.641180	1.203871	5.462714	-0.941496	13.317600	25.000000
9.937285	2.546494	4.886002	9.849873	1.096336	5.619139	-0.941496	13.788900	25.000000
9.937285	2.546494	4.886002	10.006498	1.070497	5.635128	-0.941496	14.886600	25.000000
9.937285	2.546494	4.886002	10.643876	0.788894	6.165071	-0.941496	15.358000	25.000000
9.937285	2.546494	4.886002	9.120175	0.937142	5.973482	-0.941496	16.455700	25.000000
9.937285	2.546494	4.886002	8.749857	1.269092	0.734594	-0.941496	16.927100	25.000000
9.937285	2.546494	4.886002	11.078357	0.976833	0.575919	-0.941496	18.024800	25.000000
9.937285	2.546494	4.886002	11.452074	1.702154	1.024335	-0.941496	18.496100	25.000000
9.937285	2.546494	4.886002	6.845436	2.581639	5.262242	-0.941496	19.593800	25.000000
9.937285	2.546494	4.886002	11.459167	2.800761	5.340226	-0.941496	20.065200	25.000000
9.937285	2.546494	4.886002	8.211510	2.525129	4.570790	-0.941496	21.162900	25.000000
9.937285	2.546494	4.886002	10.197215	2.314007	4.665623	-0.941496	21.634300	25.000000
9.937285	2.546494	4.886002	9.633469	2.414928	4.721920	-0.941496	22.732000	25.000000
9.937285	2.546494	4.886002	9.797862	2.491606	4.812058	-0.941496	23.203300	25.000000
9.937285	2.546494	4.886002	9.972462	2.501782	4.847160	-0.941496	24.301000	25.000000
9.937285	2.546494	4.886002	9.942681	2.522956	4.863852	-0.941496	24.772400	25.000000
9.937285	2.546494	4.886002	10.026071	2.528492	4.867279	-0.941496	25.870100	25.000000
9.937284	2.546494	4.886001	9.943747	2.558376	4.879339	-0.156962	5.943610	25.000000
9.937284	2.546494	4.886001	9.939296	2.559055	4.870322	-0.156962	7.041310	25.000000
9.937229	2.546503	4.886004	9.836875	2.614147	4.856285	-0.156962	7.512670	25.000000
9.937229	2.546503	4.886004	9.988994	2.588562	4.846200	-0.156962	8.610370	25.000000
9.937229	2.546503	4.886004	9.973556	2.673343	4.736540	-0.156962	9.081740	25.000000
9.937008	2.546535	4.886016	9.955230	2.749568	4.669494	-0.156962	10.179400	25.000000
9.937284	2.546494	4.886001	8.206193	2.788523	4.875220	-0.156962	10.650800	25.000000
9.937284	2.546494	4.886001	11.345400	2.258311	4.837027	-0.156962	11.748500	25.000000
9.937284	2.546494	4.886001	7.852796	1.688222	5.570387	-0.156962	12.219900	25.000000
9.937284	2.546494	4.886001	11.605602	1.596649	5.338650	-0.156962	13.317600	25.000000
9.937284	2.546494	4.886001	10.292230	1.522197	5.635793	-0.156962	13.788900	25.000000
9.937284	2.546494	4.886001	9.511761	1.524521	5.753596	-0.156962	14.886600	25.000000
9.937284	2.546494	4.886001	9.900005	1.316551	5.964735	-0.156962	15.358000	25.000000
9.937284	2.546494	4.886001	9.985114	1.465445	5.684010	-0.156962	16.455700	25.000000
9.937284	2.546494	4.886001	9.201473	1.734655	0.198476	-0.156962	16.927100	25.000000
9.937284	2.546494	4.886001	10.745526	1.391342	0.117551	-0.156962	18.024800	25.000000
9.937284	2.546494	4.886001	11.070339	1.999316	6.165728	-0.156962	18.496100	25.000000
9.937284	2.546494	4.886001	8.306172	3.103039	2.245537	-0.156962	19.593800	25.000000
9.937284	2.546494	4.886001	9.247248	2.446190	4.621118	-0.156962	20.065200	25.000000
9.937284	2.546494	4.886001	10.628471	2.408766	4.658919	-0.156962	21.162900	25.000000
9.937284	2.546494	4.886001	9.684574	2.473094	4.741714	-0.156962	21.634300	25.000000
9.937284	2.546494	4.886001	10.199439	2.411540	4.737237	-0.156962	22.732000	25.000000
9.937284	2.546494	4.886001	10.052860	2.507722	4.847160	-0.156962	23.203300	25.000000
9.937284	2.546494	4.886001	9.904666	2.511037	4.829098	-0.156962	24.301000	25.000000
9.937284	2.546494	4.886001	10.026071	2.528492	4.867279	-0.156962	24.772400	25.000000
9.937284	2.546494	4.886001	9.968671	2.536724	4.868257	-0.156962	25.870100	25.000000
9.937285	2.546494	4.886002	9.942837	2.558515	4.877538	0.627571	5.943610	25.000000
9.937285	2.546494	4.886002	9.971178	2.572570	4.876926	0.627571	7.041310	25.000000
9.937230	2.546503	4.886005	10.045024	2.579591	4.852965	0.627571	7.512670	25.000000
9.937230	2.546503	4.886005	9.940951	2.596442	4.858401	0.627571	8.610370	25.000000
9.937230	2.546503	4.886005	9.910101	2.621557	4.812058	0.627571	9.081740	25.000000
9.937009	2.546535	4.886017	9.976598	2.651022	4.723027	0.627571	10.179400	25.000000
9.937285	2.546494	4.886002	9.875875	2.717255	4.531876	0.627571	10.650800	25.000000
9.937285	2.546494	4.886002	10.037151	2.682983	4.572402	0.627571	11.748500	25.000000
9.937285	2.546494	4.886002	11.670904	2.161494	5.092895	0.627571	12.219900	25.000000
9.937285	2.546494	4.886002	7.735632	2.458511	5.672459	0.627571	13.317600	25.000000
9.937285	2.546494	4.886002	9.548822	2.061518	5.761094	0.627571	13.788900	25.000000
9.937285	2.546494	4.886002	10.292716	2.055956	5.606729	0.627571	14.886600	25.000000
9.937285	2.546494	4.886002	9.946859	2.156683	5.438029	0.627571	15.358000	25.000000
9.937285	2.546494	4.886002	9.948869	2.040153	5.585561	0.627571	16.455700	25.000000
9.937285	2.546494	4.886002	9.040465	2.326506	5.860331	0.627571	16.927100	25.000000
9.937285	2.546494	4.886002	10.785639	2.160717	5.664233	0.627571	18.024800	25.000000
9.937285	2.546494	4.886002	10.679986	2.376004	4.727253	0.627571	18.496100	25.000000
9.937285	2.546494	4.886002	9.130411	2.661918	5.383423	0.627571	19.593800	25.000000
9.937285	2.546494	4.886002	9.564147	2.391903	4.522517	0.627571	20.065200	25.000000
9.937285	2.546494	4.886002	10.267565	2.404157	4.679068	0.627571	21.162900	25.000000
9.937285	2.546494	4.886002	10.052487	2.474906	4.784843	0.627571	21.634300	25.000000
9.937285	2.546494	4.886002	9.810382	2.506926	4.788106	0.627571	22.732000	25.000000
9.937285	2.546494	4.886002	10.020923	2.529222	4.856987	0.627571	23.203300	25.000000
9.937285	2.546494	4.886002	9.876619	2.532415	4.847279	0.627571	24.301000	25.000000
9.937285	2.546494	4.886002	9.888377	2.530713	4.871741	0.627571	24.772400	25.000000
9.937285	2.546494	4.886002	9.970456	2.536465	4.871741	0.627571	25.870100	25.000000
9.937285	2.546494	4.886002	9.943747	2.558376	4.879339	1.412100	5.943610	25.000000
9.937285	2.546494	4.886002	9.887978	2.566981	4.878761	1.412100	7.041310	25.000000
9.937230	2.546503	4.886005	9.966890	2.573243	4.867731	1.412100	7.512670	25.000000
9.937230	2.546503	4.886005	9.962073	2.574001	4.856663	1.412100	8.610370	25.000000
9.937230	2.546503	4.886005	9.827187	2.615842	4.826181	1.412100	9.081740	25.000000
9.937009	2.546535	4.886017	10.060860	2.595957	4.802529	1.412100	10.179400	25.000000
9.937285	2.546494	4.886002	9.902525	2.687731	4.573749	1.412100	10.650800	25.000000
9.937285	2.546494	4.886002	9.985114	2.628635	4.702185	1.412100	11.748500	25.000000
9.937285	2.546494	4.886002	10.089599	2.672564	4.446137	1.412100	12.219900	25.000000
9.937285	2.546494	4.886002	9.886031	2.646721	4.510816	1.412100	13.317600	25.000000
9.937285	2.546494	4.886002	9.986667	2.628359	4.749739	1.412100	13.788900	25.000000
9.937285	2.546494	4.886002	9.939142	2.636908	4.662888	1.412100	14.886600	25.000000
9.937285	2.546494	4.886002	10.438180	2.522350	4.573293	1.412100	15.358000	25.000000
9.937285	2.546494	4.886002	9.408953	2.587264	4.463493	1.412100	16.455700	25.000000
9.937285	2.546494	4.886002	9.964382	2.422921	4.429692	1.412100	16.927100	25.000000
9.937285	2.546494	4.886002	9.890303	2.463133	4.453343	1.412100	18.024800	25.000000
9.937285	2.546494	4.886002	10.330324	2.397493	4.545831	1.412100	18.496100	25.000000
9.937285	2.546494	4.886002	9.577625	2.453776	4.468208	1.412100	19.593800	25.000000
9.937285	2.546494	4.886002	9.800813	2.508253	4.725664	1.412100	20.065200	25.000000
9.937285	2.546494	4.886002	10.089682	2.454458	4.705983	1.412100	21.162900	25.000000
9.937285	2.546494	4.886002	10.012412	2.530434	4.838039	1.412100	21.634300	25.000000
9.937285	2.546494	4.886002	9.896040	2.512232	4.805225	1.412100	22.732000	25.000000
9.937285	2.546494	4.886002	10.018483	2.529569	4.851829	1.412100	23.203300	25.000000
9.937285	2.546494	4.886002	9.828510	2.539466	4.867497	1.412100	24.301000	25.000000
9.937285	2.546494	4.886002	9.973209	2.536067	4.876958	1.412100	25.870100	25.000000
9.937285	2.546494	4.886002	9.945597	2.558094	4.882938	2.196640	5.943610	25.000000
9.937230	2.546503	4.886005	10.018787	2.565183	4.861279	2.196640	7.512670	25.000000
9.937230	2.546503	4.886005	9.886197	2.567259	4.875089	2.196640	8.610370	25.000000
9.937230	2.546503	4.886005	9.981889	2.589716	4.825367	2.196640	9.081740	25.000000
9.937009	2.546535	4.886017	9.961305	2.574122	4.854814	2.196640	10.179400	25.000000
9.937285	2.546494	4.886002	10.104163	2.588939	4.751991	2.196640	10.650800	25.000000
9.937285	2.546494	4.886002	9.867751	2.608800	4.782275	2.196640	11.748500	25.000000
9.937285	2.546494	4.886002	9.850503	2.632223	4.674907	2.196640	12.219900	25.000000
9.937285	2.546494	4.886002	9.943259	2.596059	4.560624	2.196640	13.317600	25.000000
9.937285	2.546494	4.886002	9.850629	2.592000	4.402316	2.196640	13.788900	25.000000
9.937285	2.546494	4.886002	9.974573	2.590909	4.498084	2.196640	14.886600	25.000000
9.937285	2.546494	4.886002	9.857611	2.535184	4.432867	2.196640	15.358000	25.000000
9.937285	2.546494	4.886002	10.017290	2.529739	4.414273	2.196640	16.455700	25.000000
9.937285	2.546494	4.886002	9.916632	2.509386	4.478171	2.196640	16.927100	25.000000
9.937285	2.546494	4.886002	9.965646	2.502702	4.592626	2.196640	18.024800	25.000000
9.937285	2.546494	4.886002	10.000696	2.497999	4.732053	2.196640	18.496100	25.000000
9.937285	2.546494	4.886002	9.949191	2.504932	4.641322	2.196640	19.593800	25.000000
9.937285	2.546494	4.886002	10.032467	2.510492	4.793566	2.196640	20.065200	25.000000
9.937285	2.546494	4.886002	9.857611	2.535184	4.792574	2.196640	21.162900	25.000000
9.937285	2.546494	4.886002	9.819496	2.540803	4.847917	2.196640	21.634300	25.000000
9.937285	2.546494	4.886002	9.933660	2.524232	4.844941	2.196640	22.732000	25.000000
9.937285	2.546494	4.886002	9.883097	2.531476	4.861279	2.196640	23.203300	25.000000
9.937285	2.546494	4.886002	9.970456	2.536465	4.871741	2.196640	24.301000	25.000000
9.937285	2.546494	4.886002	9.971364	2.536334	4.873481	2.196640	25.870100	25.000000
9.937230	2.546503	4.886005	9.855942	2.553473	4.870322	2.981170	8.610370	25.000000
9.937230	2.546503	4.886005	9.985870	2.552013	4.849701	2.981170	9.081740	25.000000
9.937009	2.546535	4.886017	9.880283	2.568184	4.862201	2.981170	10.179400	25.000000
9.937285	2.546494	4.886002	9.954843	2.575141	4.838137	2.981170	10.650800	25.000000
9.937285	2.546494	4.886002	9.999005	2.568234	4.806554	2.981170	11.748500	25.000000
9.937285	2.546494	4.886002	9.966062	2.592301	4.746991	2.981170	12.219900	25.000000
9.937285	2.546494	4.886002	9.940729	2.577377	4.789594	2.981170	13.317600	25.000000
9.937285	2.546494	4.886002	9.986195	2.570223	4.724240	2.981170	13.788900	25.000000
9.937285	2.546494	4.886002	9.847994	2.573282	4.702069	2.981170	14.886600	25.000000
9.937285	2.546494	4.886002	9.873839	2.550760	4.702935	2.981170	15.358000	25.000000
9.937285	2.546494	4.886002	9.957360	2.556307	4.695118	2.981170	16.455700	25.000000
9.937285	2.546494	4.886002	9.963164	2.520073	4.733248	2.981170	16.927100	25.000000
9.937285	2.546494	4.886002	9.874519	2.550658	4.735476	2.981170	18.024800	25.000000
9.937285	2.546494	4.886002	9.939059	2.541048	4.789024	2.981170	18.496100	25.000000
9.937285	2.546494	4.886002	9.972141	2.518818	4.788106	2.981170	19.593800	25.000000
9.937285	2.546494	4.886002	10.013136	2.530330	4.839766	2.981170	20.065200	25.000000
9.937285	2.546494	4.886002	9.895075	2.547569	4.830025	2.981170	21.162900	25.000000
9.937285	2.546494	4.886002	9.961129	2.537820	4.852536	2.981170	21.634300	25.000000
9.937285	2.546494	4.886002	9.966925	2.536978	4.864770	2.981170	22.732000	25.000000
9.937285	2.546494	4.886002	9.969559	2.536596	4.869999	2.981170	23.203300	25.000000
9.937230	2.546503	4.886005	9.943747	2.558376	4.879339	3.765700	7.512670	25.000000
9.937230	2.546503	4.886005	9.939296	2.559055	4.870322	3.765700	9.081740	25.000000
9.937009	2.546535	4.886017	9.935915	2.559572	4.863090	3.765700	10.179400	25.000000
9.937285	2.546494	4.886002	9.928892	2.560647	4.846760	3.765700	10.650800	25.000000
9.937285	2.546494	4.886002	9.931913	2.560184	4.854027	3.765700	11.748500	25.000000
9.937285	2.546494	4.886002	9.920791	2.561892	4.824875	3.765700	12.219900	25.000000
9.937285	2.546494	4.886002	9.977455	2.553275	4.828232	3.765700	13.317600	25.000000
9.937285	2.546494	4.886002	9.830570	2.557355	4.802882	3.765700	13.788900	25.000000
9.937285	2.546494	4.886002	9.972086	2.554082	4.812058	3.765700	14.886600	25.000000
9.937285	2.546494	4.886002	9.968957	2.554554	4.801245	3.765700	15.358000	25.000000
9.937285	2.546494	4.886002	9.885854	2.548951	4.801245	3.765700	16.455700	25.000000
9.937285	2.546494	4.886002	9.944426	2.540260	4.808520	3.765700	16.927100	25.000000
9.937285	2.546494	4.886002	9.891916	2.548042	4.821050	3.765700	18.024800	25.000000
9.937285	2.546494	4.886002	9.952331	2.539103	4.831466	3.765700	18.496100	25.000000
9.937285	2.546494	4.886002	9.955104	2.538699	4.838502	3.765700	19.593800	25.000000
9.937285	2.546494	4.886002	9.906871	2.545808	4.858611	3.765700	20.065200	25.000000
9.937285	2.546494	4.886002	9.905256	2.546048	4.855050	3.765700	21.162900	25.000000
9.937285	2.546494	4.886002	9.967793	2.536852	4.866514	3.765700	21.634300	25.000000
9.937285	2.546494	4.886002	9.972282	2.536201	4.875220	3.765700	24.301000	25.000000
9.937230	2.546503	4.886005	9.941046	2.558788	4.873932	4.550240	9.081740	25.000000
9.937285	2.546494	4.886002	9.936745	2.559445	4.864899	4.550240	10.650800	25.000000
9.937285	2.546494	4.886002	9.992277	2.551055	4.863945	4.550240	11.748500	25.000000
9.937285	2.546494	4.886002	9.931913	2.560184	4.854027	4.550240	12.219900	25.000000
9.937285	2.546494	4.886002	9.988198	2.551665	4.855050	4.550240	13.317600	25.000000
9.937285	2.546494	4.886002	9.983632	2.552348	4.844345	4.550240	13.788900	25.000000
9.937285	2.546494	4.886002	9.901394	2.546624	4.846131	4.550240	14.886600	25.000000
9.937285	2.546494	4.886002	9.982905	2.552457	4.842558	4.550240	15.358000	25.000000
9.937285	2.546494	4.886002	9.900651	2.546735	4.844345	4.550240	16.455700	25.000000
9.937285	2.546494	4.886002	9.985114	2.552126	4.847917	4.550240	16.927100	25.000000
9.937285	2.546494	4.886002	9.985870	2.552013	4.849701	4.550240	18.024800	25.000000
9.937285	2.546494	4.886002	9.964382	2.537347	4.859532	4.550240	18.496100	25.000000
9.937285	2.546494	4.886002	9.906059	2.545929	4.856831	4.550240	19.593800	25.000000
9.937285	2.546494	4.886002	9.966067	2.537102	4.863025	4.550240	20.065200	25.000000
9.937285	2.546494	4.886002	9.968671	2.536724	4.868257	4.550240	21.162900	25.000000
9.937285	2.546494	4.886002	9.970456	2.536465	4.871741	4.550240	21.634300	25.000000
9.937285	2.546494	4.886002	9.994844	2.550672	4.869271	5.334770	12.219900	25.000000
9.937285	2.546494	4.886002	9.855075	2.553605	4.868515	5.334770	13.317600	25.000000
9.937285	2.546494	4.886002	9.909369	2.545436	4.863945	5.334770	13.788900	25.000000
9.937285	2.546494	4.886002	9.991441	2.551180	4.862168	5.334770	14.886600	25.000000
9.937285	2.546494	4.886002	9.908527	2.545561	4.862168	5.334770	15.358000	25.000000
9.937285	2.546494	4.886002	9.991441	2.551180	4.862168	5.334770	16.455700	25.000000
9.937285	2.546494	4.886002	9.909369	2.545436	4.863945	5.334770	16.927100	25.000000
9.937285	2.546494	4.886002	9.911085	2.545181	4.867497	5.334770	18.024800	25.000000
9.937285	2.546494	4.886002	9.942837	2.558515	4.877538	6.119300	13.317600	25.000000
