18.142190	1.765327	0.000000	18.122827	1.759523	0.010786	-137.468000	-9.157880	25.000000
18.142190	1.765327	0.000000	18.141761	1.764939	0.010281	-137.468000	-8.060180	25.000000
18.142190	1.765327	0.000000	18.107733	1.748449	0.050519	-137.468000	-7.588810	25.000000
18.142190	1.765327	0.000000	18.114624	1.753993	0.035940	-137.468000	-6.491110	25.000000
18.142190	1.765327	0.000000	18.191756	1.719766	6.182964	-137.468000	-6.019740	25.000000
18.142190	1.765327	0.000000	18.083904	2.041420	6.236015	-137.468000	-4.922040	25.000000
18.142190	1.765327	0.000000	20.179693	1.956937	5.550768	-137.468000	-4.450680	25.000000
18.142190	1.765327	0.000000	15.255491	2.434697	6.242803	-137.468000	-3.352980	25.000000
18.142190	1.765327	0.000000	17.968929	2.968366	3.931557	-137.468000	-2.881610	25.000000
18.142190	1.765327	0.000000	18.265292	2.782459	4.307293	-137.468000	-1.783910	25.000000
18.142190	1.765327	0.000000	18.146357	2.873889	3.138155	-137.468000	-1.312550	25.000000
18.142190	1.765327	0.000000	18.120162	2.879211	3.138146	-137.468000	-0.214845	25.000000
18.142190	1.765327	0.000000	18.057840	2.850855	1.832643	-137.468000	0.256521	25.000000
18.142190	1.765327	0.000000	18.270972	2.890936	2.557262	-137.468000	1.354220	25.000000
18.142190	1.765327	0.000000	18.928550	2.342503	0.958259	-137.468000	1.825590	25.000000
18.142190	1.765327	0.000000	16.846661	1.941305	0.114877	-137.468000	2.923290	25.000000
18.142190	1.765327	0.000000	17.928748	1.841829	6.190429	-137.468000	3.394650	25.000000
18.142190	1.765327	0.000000	18.327029	1.927525	0.259102	-137.468000	4.492350	25.000000
18.142190	1.765327	0.000000	18.092885	1.742984	6.229865	-137.468000	4.963720	25.000000
18.142190	1.765327	0.000000	18.212897	1.752993	6.247446	-137.468000	6.061420	25.000000
18.142190	1.765327	0.000000	18.141929	1.764937	6.272006	-137.468000	6.532790	25.000000
18.142190	1.765327	0.000000	18.141781	1.764938	6.272792	-137.468000	7.630490	25.000000
18.142190	1.765327	0.000000	18.142053	1.764935	0.011797	-136.683000	-9.157880	25.000000
18.142190	1.765327	0.000000	18.122704	1.759525	0.010112	-136.683000	-8.060180	25.000000
18.142190	1.765327	0.000000	18.128224	1.753854	0.053320	-136.683000	-7.588810	25.000000
18.142190	1.765327	0.000000	18.196871	1.747570	0.038528	-136.683000	-6.491110	25.000000
18.142190	1.765327	0.000000	17.544526	2.116103	0.001333	-136.683000	-6.019740	25.000000
18.142190	1.765327	0.000000	18.608331	1.749079	6.023638	-136.683000	-4.922040	25.000000
18.142190	1.765327	0.000000	20.199257	2.152592	5.260938	-136.683000	-4.450680	25.000000
18.142190	1.765327	0.000000	15.109269	2.105541	0.000000	-136.683000	-3.352980	25.000000
18.142190	1.765327	0.000000	17.928190	2.818403	3.675988	-136.683000	-2.881610	25.000000
18.142190	1.765327	0.000000	18.313656	2.668243	3.960876	-136.683000	-1.783910	25.000000
18.142190	1.765327	0.000000	18.174715	2.722250	3.139363	-136.683000	-1.312550	25.000000
18.142190	1.765327	0.000000	18.134223	2.727288	3.142358	-136.683000	-0.214845	25.000000
18.142190	1.765327	0.000000	17.799438	2.822333	2.368852	-136.683000	0.256521	25.000000
18.142190	1.765327	0.000000	18.559634	2.677916	2.597041	-136.683000	1.354220	25.000000
18.142190	1.765327	0.000000	16.137534	2.633634	0.975727	-136.683000	1.825590	25.000000
18.142190	1.765327	0.000000	19.233824	1.817657	0.449260	-136.683000	2.923290	25.000000
18.142190	1.765327	0.000000	18.552897	2.010653	0.378294	-136.683000	3.394650	25.000000
18.142190	1.765327	0.000000	17.684855	1.839793	6.207448	-136.683000	4.492350	25.000000
18.142190	1.765327	0.000000	18.127703	1.753859	6.230425	-136.683000	4.963720	25.000000
18.142190	1.765327	0.000000	18.083075	1.743078	6.241636	-136.683000	6.061420	25.000000
18.142190	1.765327	0.000000	18.141886	1.764937	6.272231	-136.683000	6.532790	25.000000
18.142190	1.765327	0.000000	18.122970	1.759522	6.271669	-136.683000	7.630490	25.000000
18.142190	1.765327	0.000000	18.123219	1.759519	0.012696	-135.898000	-9.157880	25.000000
18.142190	1.765327	0.000000	18.122704	1.759525	0.010112	-135.898000	-8.060180	25.000000
18.142190	1.765327	0.000000	18.117627	1.753962	0.040427	-135.898000	-7.588810	25.000000
18.142190	1.765327	0.000000	18.212369	1.747418	0.056922	-135.898000	-6.491110	25.000000
18.142190	1.765327	0.000000	16.944911	2.209368	6.253782	-135.898000	-6.019740	25.000000
18.142190	1.765327	0.000000	19.177852	1.754327	5.931243	-135.898000	-4.922040	25.000000
18.142190	1.765327	0.000000	17.776670	1.844207	5.992848	-135.898000	-4.450680	25.000000
18.142190	1.765327	0.000000	17.409767	2.413894	5.001364	-135.898000	-3.352980	25.000000
18.142190	1.765327	0.000000	17.902234	2.652100	3.557404	-135.898000	-2.881610	25.000000
18.142190	1.765327	0.000000	18.391846	2.533985	3.785094	-135.898000	-1.783910	25.000000
18.142190	1.765327	0.000000	18.169481	2.571909	3.142205	-135.898000	-1.312550	25.000000
18.142190	1.765327	0.000000	18.223613	2.567288	3.142391	-135.898000	-0.214845	25.000000
18.142190	1.765327	0.000000	18.484859	2.536228	2.720473	-135.898000	0.256521	25.000000
18.142190	1.765327	0.000000	17.769074	2.654201	2.570255	-135.898000	1.354220	25.000000
18.142190	1.765327	0.000000	15.447006	2.620914	1.253161	-135.898000	1.825590	25.000000
18.142190	1.765327	0.000000	19.384014	1.810391	0.480273	-135.898000	2.923290	25.000000
18.142190	1.765327	0.000000	17.907261	2.225207	0.397498	-135.898000	3.394650	25.000000
18.142190	1.765327	0.000000	18.311199	1.729839	0.094165	-135.898000	4.492350	25.000000
18.142190	1.765327	0.000000	18.084327	1.743066	6.239954	-135.898000	4.963720	25.000000
18.142190	1.765327	0.000000	18.132027	1.753815	6.225945	-135.898000	6.061420	25.000000
18.142190	1.765327	0.000000	18.122806	1.759524	6.272512	-135.898000	6.532790	25.000000
18.142190	1.765327	0.000000	18.123219	1.759519	6.270489	-135.898000	7.630490	25.000000
18.142190	1.765327	0.000000	18.123270	1.759519	0.012921	-135.114000	-9.157880	25.000000
18.142190	1.765327	0.000000	18.122817	1.759523	0.010730	-135.114000	-8.060180	25.000000
18.142190	1.765327	0.000000	18.130364	1.753832	0.055561	-135.114000	-7.588810	25.000000
18.142190	1.765327	0.000000	18.185863	1.742095	0.046893	-135.114000	-6.491110	25.000000
18.142190	1.765327	0.000000	16.465115	1.989877	0.073202	-135.114000	-6.019740	25.000000
18.142190	1.765327	0.000000	19.474342	1.982888	5.660981	-135.114000	-4.922040	25.000000
18.142190	1.765327	0.000000	11.825819	2.410035	0.000000	-135.114000	-4.450680	25.000000
18.142190	1.765327	0.000000	21.601852	1.940222	5.220452	-135.114000	-3.352980	25.000000
18.142190	1.765327	0.000000	18.447222	2.391781	3.516191	-135.114000	-2.881610	25.000000
18.142190	1.765327	0.000000	17.754154	2.470135	3.694434	-135.114000	-1.783910	25.000000
18.142190	1.765327	0.000000	18.137256	2.418613	3.140976	-135.114000	-1.312550	25.000000
18.142190	1.765327	0.000000	18.129042	2.410824	3.145427	-135.114000	-0.214845	25.000000
18.142190	1.765327	0.000000	18.307102	2.416357	2.814634	-135.114000	0.256521	25.000000
18.142190	1.765327	0.000000	18.015826	2.452061	2.631104	-135.114000	1.354220	25.000000
18.142190	1.765327	0.000000	12.384668	2.783714	1.117458	-135.114000	1.825590	25.000000
18.142190	1.765327	0.000000	21.113266	1.819647	0.733542	-135.114000	2.923290	25.000000
18.142190	1.765327	0.000000	17.309824	2.328797	0.488553	-135.114000	3.394650	25.000000
18.142190	1.765327	0.000000	18.729122	1.715461	0.189988	-135.114000	4.492350	25.000000
18.142190	1.765327	0.000000	18.143164	1.759309	6.233787	-135.114000	4.963720	25.000000
18.142190	1.765327	0.000000	18.095030	1.742963	6.227625	-135.114000	6.061420	25.000000
18.142190	1.765327	0.000000	18.141865	1.764938	6.272343	-135.114000	6.532790	25.000000
18.142190	1.765327	0.000000	18.142412	1.764932	6.269759	-135.114000	7.630490	25.000000
18.142190	1.765327	0.000000	18.240296	1.763877	0.012290	-134.329000	-9.157880	25.000000
18.142190	1.765327	0.000000	18.240248	1.763877	0.012066	-134.329000	-8.060180	25.000000
18.142190	1.765327	0.000000	18.135501	1.753779	0.060600	-134.329000	-7.588810	25.000000
18.142190	1.765327	0.000000	18.104850	1.748478	0.047156	-134.329000	-6.491110	25.000000
18.142190	1.765327	0.000000	15.503548	2.068387	0.058756	-134.329000	-6.019740	25.000000
18.142190	1.765327	0.000000	20.121133	1.947409	5.565864	-134.329000	-4.922040	25.000000
18.142190	1.765327	0.000000	10.896789	2.355521	6.231284	-134.329000	-4.450680	25.000000
18.142190	1.765327	0.000000	21.718425	1.918484	5.125641	-134.329000	-3.352980	25.000000
18.142190	1.765327	0.000000	17.834237	2.301315	3.618707	-134.329000	-2.881610	25.000000
18.142190	1.765327	0.000000	18.472141	2.242805	3.487409	-134.329000	-1.783910	25.000000
18.142190	1.765327	0.000000	18.117729	2.258465	3.144878	-134.329000	-1.312550	25.000000
18.142190	1.765327	0.000000	18.040518	2.261986	3.142816	-134.329000	-0.214845	25.000000
18.142190	1.765327	0.000000	18.547507	2.225906	2.750986	-134.329000	0.256521	25.000000
18.142190	1.765327	0.000000	17.737249	2.321537	2.795457	-134.329000	1.354220	25.000000
18.142190	1.765327	0.000000	18.514319	1.821883	0.456166	-134.329000	1.825590	25.000000
18.142190	1.765327	0.000000	15.728318	2.318970	1.640250	-134.329000	2.923290	25.000000
18.142190	1.765327	0.000000	15.128120	2.167438	6.235222	-134.329000	3.394650	25.000000
18.142190	1.765327	0.000000	20.426698	1.889479	0.686818	-134.329000	4.492350	25.000000
18.142190	1.765327	0.000000	18.147752	1.759261	6.228745	-134.329000	4.963720	25.000000
18.142190	1.765327	0.000000	18.095580	1.742958	6.227065	-134.329000	6.061420	25.000000
18.142190	1.765327	0.000000	18.142077	1.764935	6.271276	-134.329000	6.532790	25.000000
18.142190	1.765327	0.000000	18.142347	1.764932	6.270040	-134.329000	7.630490	25.000000
18.142190	1.765327	0.000000	18.240167	1.763878	0.011675	-133.545000	-9.157880	25.000000
18.142190	1.765327	0.000000	18.123399	1.759517	0.013482	-133.545000	-8.060180	25.000000
18.142190	1.765327	0.000000	18.133163	1.753803	0.058361	-133.545000	-7.588810	25.000000
18.142190	1.765327	0.000000	18.110814	1.748419	0.053880	-133.545000	-6.491110	25.000000
18.142190	1.765327	0.000000	17.197674	1.817511	6.187097	-133.545000	-6.019740	25.000000
18.142190	1.765327	0.000000	18.474306	2.175304	5.362469	-133.545000	-4.922040	25.000000
18.142190	1.765327	0.000000	12.473973	2.036369	6.120986	-133.545000	-4.450680	25.000000
18.142190	1.765327	0.000000	20.437466	1.951815	4.881870	-133.545000	-3.352980	25.000000
18.142190	1.765327	0.000000	18.198077	2.100813	3.582452	-133.545000	-2.881610	25.000000
18.142190	1.765327	0.000000	18.015549	2.119723	3.459228	-133.545000	-1.783910	25.000000
18.142190	1.765327	0.000000	18.110770	2.103640	3.141464	-133.545000	-1.312550	25.000000
18.142190	1.765327	0.000000	18.197172	2.100842	3.146943	-133.545000	-0.214845	25.000000
18.142190	1.765327	0.000000	18.076504	2.117661	2.852617	-133.545000	0.256521	25.000000
18.142190	1.765327	0.000000	18.161773	2.108383	2.746802	-133.545000	1.354220	25.000000
18.142190	1.765327	0.000000	9.079648	2.486485	0.218669	-133.545000	1.825590	25.000000
18.142190	1.765327	0.000000	22.337636	1.856711	1.178159	-133.545000	2.923290	25.000000
18.142190	1.765327	0.000000	20.937287	1.891492	0.781839	-133.545000	3.394650	25.000000
18.142190	1.765327	0.000000	14.125509	2.190151	6.265796	-133.545000	4.492350	25.000000
18.142190	1.765327	0.000000	18.125672	1.753880	6.232667	-133.545000	4.963720	25.000000
18.142190	1.765327	0.000000	18.120621	1.748322	6.219787	-133.545000	6.061420	25.000000
18.142190	1.765327	0.000000	18.123413	1.759517	6.269647	-133.545000	6.532790	25.000000
18.142190	1.765327	0.000000	18.142148	1.764934	6.270939	-133.545000	7.630490	25.000000
18.142190	1.765327	0.000000	18.142136	1.764935	0.012190	-132.760000	-9.157880	25.000000
18.142190	1.765327	0.000000	18.240588	1.763873	0.013575	-132.760000	-8.060180	25.000000
18.142190	1.765327	0.000000	18.126676	1.753869	0.051639	-132.760000	-7.588810	25.000000
18.142190	1.765327	0.000000	18.139173	1.753742	0.063958	-132.760000	-6.491110	25.000000
18.142190	1.765327	0.000000	12.634477	2.352404	6.160213	-132.760000	-6.019740	25.000000
18.142190	1.765327	0.000000	21.665179	1.817937	5.521352	-132.760000	-4.922040	25.000000
18.142190	1.765327	0.000000	7.275988	2.590815	5.760782	-132.760000	-4.450680	25.000000
18.142190	1.765327	0.000000	22.783547	1.792054	5.163965	-132.760000	-3.352980	25.000000
18.142190	1.765327	0.000000	18.314475	1.945322	3.457777	-132.760000	-2.881610	25.000000
18.142190	1.765327	0.000000	17.912007	1.960197	3.551239	-132.760000	-1.783910	25.000000
18.142190	1.765327	0.000000	18.086754	1.950276	3.143140	-132.760000	-1.312550	25.000000
18.142190	1.765327	0.000000	18.236370	1.941117	3.145828	-132.760000	-0.214845	25.000000
18.142190	1.765327	0.000000	18.566906	1.922715	2.796253	-132.760000	0.256521	25.000000
18.142190	1.765327	0.000000	17.651629	1.984747	2.833540	-132.760000	1.354220	25.000000
18.142190	1.765327	0.000000	8.114801	2.564358	1.683947	-132.760000	1.825590	25.000000
18.142190	1.765327	0.000000	22.528426	1.776429	0.962671	-132.760000	2.923290	25.000000
18.142190	1.765327	0.000000	20.025983	2.014671	0.998130	-132.760000	3.394650	25.000000
18.142190	1.765327	0.000000	15.124153	1.957223	0.035699	-132.760000	4.492350	25.000000
18.142190	1.765327	0.000000	18.118170	1.748346	6.222026	-132.760000	4.963720	25.000000
18.142190	1.765327	0.000000	18.149934	1.759238	6.226505	-132.760000	6.061420	25.000000
18.142190	1.765327	0.000000	18.142588	1.764930	6.269029	-132.760000	6.532790	25.000000
18.142190	1.765327	0.000000	18.142172	1.764934	6.270826	-132.760000	7.630490	25.000000
18.142190	1.765327	0.000000	18.142452	1.764931	0.013595	-131.976000	-9.157880	25.000000
18.142190	1.765327	0.000000	18.142271	1.764933	0.012808	-131.976000	-8.060180	25.000000
18.142190	1.765327	0.000000	18.219484	1.747348	0.063601	-131.976000	-7.588810	25.000000
18.142190	1.765327	0.000000	18.245846	1.758236	0.054137	-131.976000	-6.491110	25.000000
18.142190	1.765327	0.000000	22.145203	1.817125	5.428591	-131.976000	-6.019740	25.000000
18.142190	1.765327	0.000000	11.598707	2.308363	6.142936	-131.976000	-4.922040	25.000000
18.142190	1.765327	0.000000	6.003332	2.497352	4.767887	-131.976000	-4.450680	25.000000
18.142190	1.765327	0.000000	22.972375	1.745811	5.261148	-131.976000	-3.352980	25.000000
18.142190	1.765327	0.000000	17.838722	1.802707	3.457879	-131.976000	-2.881610	25.000000
18.142190	1.765327	0.000000	18.336848	1.779542	3.530380	-131.976000	-1.783910	25.000000
18.142190	1.765327	0.000000	18.146371	1.793051	3.143175	-131.976000	-1.312550	25.000000
18.142190	1.765327	0.000000	18.103491	1.782273	3.146112	-131.976000	-0.214845	25.000000
18.142190	1.765327	0.000000	17.680781	1.810635	2.840097	-131.976000	0.256521	25.000000
18.142190	1.765327	0.000000	18.495946	1.772199	2.804137	-131.976000	1.354220	25.000000
18.142190	1.765327	0.000000	12.164292	1.923326	0.330061	-131.976000	1.825590	25.000000
18.142190	1.765327	0.000000	20.451406	1.802682	1.550699	-131.976000	2.923290	25.000000
18.142190	1.765327	0.000000	16.454179	1.835198	0.151692	-131.976000	3.394650	25.000000
18.142190	1.765327	0.000000	18.681809	2.061273	1.158733	-131.976000	4.492350	25.000000
18.142190	1.765327	0.000000	18.151628	1.759220	6.224825	-131.976000	4.963720	25.000000
18.142190	1.765327	0.000000	18.137312	1.753761	6.220906	-131.976000	6.061420	25.000000
18.142190	1.765327	0.000000	18.142399	1.764932	6.269815	-131.976000	6.532790	25.000000
18.142190	1.765327	0.000000	18.142479	1.764931	6.269478	-131.976000	7.630490	25.000000
18.142190	1.765327	0.000000	18.142574	1.764930	0.014100	-131.191000	-9.157880	25.000000
18.142190	1.765327	0.000000	18.123257	1.759519	0.012864	-131.191000	-8.060180	25.000000
18.142190	1.765327	0.000000	18.149380	1.759244	0.056121	-131.191000	-7.588810	25.000000
18.142190	1.765327	0.000000	18.139804	1.753735	0.064517	-131.191000	-6.491110	25.000000
18.142190	1.765327	0.000000	21.486275	1.858658	5.230331	-131.191000	-6.019740	25.000000
18.142190	1.765327	0.000000	12.340989	2.050905	6.191698	-131.191000	-4.922040	25.000000
18.142190	1.765327	0.000000	18.483506	1.722868	4.624702	-131.191000	-4.450680	25.000000
18.142190	1.765327	0.000000	14.736350	1.803616	5.881957	-131.191000	-3.352980	25.000000
18.142190	1.765327	0.000000	18.492745	1.622732	3.466768	-131.191000	-2.881610	25.000000
18.142190	1.765327	0.000000	17.777446	1.640604	3.516863	-131.191000	-1.783910	25.000000
18.142190	1.765327	0.000000	18.135870	1.633697	3.142311	-131.191000	-1.312550	25.000000
18.142190	1.765327	0.000000	18.135509	1.633145	3.147062	-131.191000	-0.214845	25.000000
18.142190	1.765327	0.000000	17.878266	1.636846	2.798569	-131.191000	0.256521	25.000000
18.142190	1.765327	0.000000	18.408425	1.625690	2.849094	-131.191000	1.354220	25.000000
18.142190	1.765327	0.000000	15.013993	1.799233	0.460590	-131.191000	1.825590	25.000000
18.142190	1.765327	0.000000	18.387224	1.723671	1.708802	-131.191000	2.923290	25.000000
18.142190	1.765327	0.000000	9.648316	2.494876	0.712358	-131.191000	3.394650	25.000000
18.142190	1.765327	0.000000	22.782669	1.747283	0.750712	-131.191000	4.492350	25.000000
18.142190	1.765327	0.000000	18.139173	1.753742	6.219228	-131.191000	4.963720	25.000000
18.142190	1.765327	0.000000	18.151628	1.759220	6.224825	-131.191000	6.061420	25.000000
18.142190	1.765327	0.000000	18.142334	1.764932	6.270096	-131.191000	6.532790	25.000000
18.142190	1.765327	0.000000	18.142672	1.764929	6.268692	-131.191000	7.630490	25.000000
18.142190	1.765327	0.000000	18.142412	1.764932	0.013426	-130.407000	-9.157880	25.000000
18.142190	1.765327	0.000000	18.142519	1.764930	0.013876	-130.407000	-8.060180	25.000000
18.142190	1.765327	0.000000	18.060246	1.760185	0.064881	-130.407000	-7.588810	25.000000
18.142190	1.765327	0.000000	18.151058	1.759226	0.057801	-130.407000	-6.491110	25.000000
18.142190	1.765327	0.000000	9.910600	2.135045	6.078764	-130.407000	-6.019740	25.000000
18.142190	1.765327	0.000000	22.618134	1.789168	5.281550	-130.407000	-4.922040	25.000000
18.142190	1.765327	0.000000	20.908362	1.721546	5.545696	-130.407000	-4.450680	25.000000
18.142190	1.765327	0.000000	11.083325	1.615021	4.362075	-130.407000	-3.352980	25.000000
18.142190	1.765327	0.000000	17.921986	1.472434	3.466889	-130.407000	-2.881610	25.000000
18.142190	1.765327	0.000000	18.338964	1.474678	3.529220	-130.407000	-1.783910	25.000000
18.142190	1.765327	0.000000	18.079179	1.477182	3.142982	-130.407000	-1.312550	25.000000
18.142190	1.765327	0.000000	18.173455	1.480984	3.146399	-130.407000	-0.214845	25.000000
18.142190	1.765327	0.000000	17.698986	1.474030	2.835999	-130.407000	0.256521	25.000000
18.142190	1.765327	0.000000	18.590290	1.472198	2.811295	-130.407000	1.354220	25.000000
18.142190	1.765327	0.000000	7.074150	1.848593	0.424194	-130.407000	1.825590	25.000000
18.142190	1.765327	0.000000	22.589077	1.640799	1.374271	-130.407000	2.923290	25.000000
18.142190	1.765327	0.000000	17.807021	1.938431	1.346253	-130.407000	3.394650	25.000000
18.142190	1.765327	0.000000	16.924538	1.797253	0.244979	-130.407000	4.492350	25.000000
18.142190	1.765327	0.000000	18.152785	1.759208	6.223705	-130.407000	4.963720	25.000000
18.142190	1.765327	0.000000	18.158899	1.759144	6.218109	-130.407000	6.061420	25.000000
18.142190	1.765327	0.000000	18.142574	1.764930	6.269085	-130.407000	6.532790	25.000000
18.142190	1.765327	0.000000	18.123493	1.759516	6.269310	-130.407000	7.630490	25.000000
18.142190	1.765327	0.000000	18.142425	1.764931	0.013482	-129.622000	-9.157880	25.000000
18.142190	1.765327	0.000000	18.142588	1.764930	0.014156	-129.622000	-8.060180	25.000000
18.142190	1.765327	0.000000	18.171780	1.764614	0.059480	-129.622000	-7.588810	25.000000
18.142190	1.765327	0.000000	18.059612	1.760192	0.064318	-129.622000	-6.491110	25.000000
18.142190	1.765327	0.000000	12.863126	1.953209	4.787876	-129.622000	-6.019740	25.000000
18.142190	1.765327	0.000000	20.895215	1.734240	5.815199	-129.622000	-4.922040	25.000000
18.142190	1.765327	0.000000	23.231866	1.650945	5.232071	-129.622000	-4.450680	25.000000
18.142190	1.765327	0.000000	4.385841	1.378080	4.758867	-129.622000	-3.352980	25.000000
18.142190	1.765327	0.000000	18.674314	1.327428	3.526197	-129.622000	-2.881610	25.000000
18.142190	1.765327	0.000000	17.546225	1.311433	3.496913	-129.622000	-1.783910	25.000000
18.142190	1.765327	0.000000	18.166270	1.320479	3.144888	-129.622000	-1.312550	25.000000
18.142190	1.765327	0.000000	18.117732	1.331173	3.144263	-129.622000	-0.214845	25.000000
18.142190	1.765327	0.000000	18.226080	1.321318	2.776858	-129.622000	0.256521	25.000000
18.142190	1.765327	0.000000	18.085630	1.313625	2.839731	-129.622000	1.354220	25.000000
18.142190	1.765327	0.000000	16.276391	1.723138	0.527627	-129.622000	1.825590	25.000000
18.142190	1.765327	0.000000	17.245257	1.473806	1.746481	-129.622000	2.923290	25.000000
18.142190	1.765327	0.000000	22.516216	1.731370	0.619203	-129.622000	3.394650	25.000000
18.142190	1.765327	0.000000	9.445105	2.079476	1.461478	-129.622000	4.492350	25.000000
18.142190	1.765327	0.000000	18.158263	1.759151	6.218668	-129.622000	4.963720	25.000000
18.142190	1.765327	0.000000	18.173555	1.764595	6.222026	-129.622000	6.061420	25.000000
18.142190	1.765327	0.000000	18.142687	1.764929	6.268636	-129.622000	6.532790	25.000000
18.142190	1.765327	0.000000	18.142492	1.764931	6.269422	-129.622000	7.630490	25.000000
18.142190	1.765327	0.000000	18.142560	1.764930	0.014044	-128.838000	-9.157880	25.000000
18.142190	1.765327	0.000000	18.142492	1.764931	0.013763	-128.838000	-8.060180	25.000000
18.142190	1.765327	0.000000	18.172958	1.764601	0.060600	-128.838000	-7.588810	25.000000
18.142190	1.765327	0.000000	18.175998	1.764568	0.063398	-128.838000	-6.491110	25.000000
18.142190	1.765327	0.000000	6.164414	2.042293	5.290291	-128.838000	-6.019740	25.000000
18.142190	1.765327	0.000000	23.663685	1.714975	5.464567	-128.838000	-4.922040	25.000000
18.142190	1.765327	0.000000	12.884832	1.674203	5.924415	-128.838000	-4.450680	25.000000
18.142190	1.765327	0.000000	19.904271	1.429655	4.737764	-128.838000	-3.352980	25.000000
18.142190	1.765327	0.000000	17.939064	1.151702	3.490364	-128.838000	-2.881610	25.000000
18.142190	1.765327	0.000000	18.345844	1.173411	3.568220	-128.838000	-1.783910	25.000000
18.142190	1.765327	0.000000	18.200138	1.176008	3.145819	-128.838000	-1.312550	25.000000
18.142190	1.765327	0.000000	18.200012	1.176005	3.142843	-128.838000	-0.214845	25.000000
18.142190	1.765327	0.000000	18.591396	1.173121	2.808772	-128.838000	0.256521	25.000000
18.142190	1.765327	0.000000	17.694632	1.145540	2.766847	-128.838000	1.354220	25.000000
18.142190	1.765327	0.000000	14.464373	1.284122	1.803538	-128.838000	1.825590	25.000000
18.142190	1.765327	0.000000	18.900108	1.692258	0.653096	-128.838000	2.923290	25.000000
18.142190	1.765327	0.000000	8.195731	1.932473	0.263964	-128.838000	3.394650	25.000000
18.142190	1.765327	0.000000	22.900218	1.715403	1.053840	-128.838000	4.492350	25.000000
18.142190	1.765327	0.000000	18.177252	1.764555	6.218668	-128.838000	4.963720	25.000000
18.142190	1.765327	0.000000	18.173555	1.764595	6.222026	-128.838000	6.061420	25.000000
18.142190	1.765327	0.000000	18.142574	1.764930	6.269085	-128.838000	6.532790	25.000000
18.142190	1.765327	0.000000	18.142658	1.764929	6.268748	-128.838000	7.630490	25.000000
18.142190	1.765327	0.000000	18.142547	1.764930	0.013988	-128.053000	-9.157880	25.000000
18.142190	1.765327	0.000000	18.142519	1.764930	0.013876	-128.053000	-8.060180	25.000000
18.142190	1.765327	0.000000	18.173555	1.764595	0.061160	-128.053000	-7.588810	25.000000
18.142190	1.765327	0.000000	18.175998	1.764568	0.063398	-128.053000	-6.491110	25.000000
18.142190	1.765327	0.000000	16.696838	1.623525	4.856831	-128.053000	-6.019740	25.000000
18.142190	1.765327	0.000000	17.673882	1.759191	5.966899	-128.053000	-4.922040	25.000000
18.142190	1.765327	0.000000	14.619850	1.659834	5.880999	-128.053000	-4.450680	25.000000
18.142190	1.765327	0.000000	18.700398	1.296243	4.712389	-128.053000	-3.352980	25.000000
18.142190	1.765327	0.000000	17.500857	0.976444	3.568220	-128.053000	-2.881610	25.000000
18.142190	1.765327	0.000000	18.749400	1.039463	3.555420	-128.053000	-1.783910	25.000000
18.142190	1.765327	0.000000	18.127667	1.025649	3.144689	-128.053000	-1.312550	25.000000
18.142190	1.765327	0.000000	18.213199	1.028494	3.143195	-128.053000	-0.214845	25.000000
18.142190	1.765327	0.000000	17.762038	0.979583	2.781235	-128.053000	0.256521	25.000000
18.142190	1.765327	0.000000	18.601882	1.034796	2.736701	-128.053000	1.354220	25.000000
18.142190	1.765327	0.000000	23.085469	1.534835	1.165335	-128.053000	1.825590	25.000000
18.142190	1.765327	0.000000	5.749443	0.957327	0.664774	-128.053000	2.923290	25.000000
18.142190	1.765327	0.000000	6.906519	1.789727	0.363979	-128.053000	3.394650	25.000000
18.142190	1.765327	0.000000	23.286522	1.683114	1.010365	-128.053000	4.492350	25.000000
18.142190	1.765327	0.000000	18.176622	1.764562	6.219228	-128.053000	4.963720	25.000000
18.142190	1.765327	0.000000	18.174157	1.764588	6.221466	-128.053000	6.061420	25.000000
18.142190	1.765327	0.000000	18.142602	1.764930	6.268973	-128.053000	6.532790	25.000000
18.142190	1.765327	0.000000	18.142644	1.764929	6.268804	-128.053000	7.630490	25.000000
18.142190	1.765327	0.000000	18.142574	1.764930	0.014100	-127.269000	-9.157880	25.000000
18.142190	1.765327	0.000000	18.142492	1.764931	0.013763	-127.269000	-8.060180	25.000000
18.142190	1.765327	0.000000	18.076839	1.765645	0.062630	-127.269000	-7.588810	25.000000
18.142190	1.765327	0.000000	18.076839	1.765645	0.062630	-127.269000	-6.491110	25.000000
18.142190	1.765327	0.000000	23.622235	1.672571	5.355890	-127.269000	-6.019740	25.000000
18.142190	1.765327	0.000000	6.143973	1.534981	5.753939	-127.269000	-4.922040	25.000000
18.142190	1.765327	0.000000	16.613576	1.659394	5.806025	-127.269000	-4.450680	25.000000
18.142190	1.765327	0.000000	17.240812	1.131023	4.705979	-127.269000	-3.352980	25.000000
18.142190	1.765327	0.000000	17.507141	0.815596	3.622782	-127.269000	-2.881610	25.000000
18.142190	1.765327	0.000000	18.764061	0.897543	3.593046	-127.269000	-1.783910	25.000000
18.142190	1.765327	0.000000	18.117680	0.883125	3.140328	-127.269000	-1.312550	25.000000
18.142190	1.765327	0.000000	18.117802	0.883131	3.146514	-127.269000	-0.214845	25.000000
18.142190	1.765327	0.000000	17.969697	0.847011	2.654693	-127.269000	0.256521	25.000000
18.142190	1.765327	0.000000	18.363823	0.865823	2.783659	-127.269000	1.354220	25.000000
18.142190	1.765327	0.000000	7.292462	0.673523	0.988891	-127.269000	1.825590	25.000000
18.142190	1.765327	0.000000	22.818852	1.544499	1.042406	-127.269000	2.923290	25.000000
18.142190	1.765327	0.000000	16.946386	1.511752	1.410507	-127.269000	3.394650	25.000000
18.142190	1.765327	0.000000	17.358283	1.750349	0.303234	-127.269000	4.492350	25.000000
18.142190	1.765327	0.000000	18.077456	1.765638	6.219993	-127.269000	4.963720	25.000000
18.142190	1.765327	0.000000	18.175998	1.764568	6.219787	-127.269000	6.061420	25.000000
18.142190	1.765327	0.000000	18.142574	1.764930	6.269085	-127.269000	6.532790	25.000000
18.142190	1.765327	0.000000	18.142644	1.764929	6.268804	-127.269000	7.630490	25.000000
18.142190	1.765327	0.000000	18.142519	1.764930	0.013876	-126.484000	-9.157880	25.000000
18.142190	1.765327	0.000000	18.162076	1.770333	0.013876	-126.484000	-8.060180	25.000000
18.142190	1.765327	0.000000	18.172958	1.764601	0.060600	-126.484000	-7.588810	25.000000
18.142190	1.765327	0.000000	18.097704	1.771052	0.063755	-126.484000	-6.491110	25.000000
18.142190	1.765327	0.000000	17.889453	1.436910	4.957368	-126.484000	-6.019740	25.000000
18.142190	1.765327	0.000000	16.571950	1.735125	6.023371	-126.484000	-4.922040	25.000000
18.142190	1.765327	0.000000	8.797159	1.136700	6.016933	-126.484000	-4.450680	25.000000
18.142190	1.765327	0.000000	22.550831	1.383457	5.076970	-126.484000	-3.352980	25.000000
18.142190	1.765327	0.000000	18.658510	0.761893	3.688670	-126.484000	-2.881610	25.000000
18.142190	1.765327	0.000000	17.593465	0.650551	3.651426	-126.484000	-1.783910	25.000000
18.142190	1.765327	0.000000	18.121913	0.738564	3.146593	-126.484000	-1.312550	25.000000
18.142190	1.765327	0.000000	18.189315	0.742625	3.138812	-126.484000	-0.214845	25.000000
18.142190	1.765327	0.000000	17.723713	0.660147	2.694404	-126.484000	0.256521	25.000000
18.142190	1.765327	0.000000	18.518639	0.753943	2.621468	-126.484000	1.354220	25.000000
18.142190	1.765327	0.000000	16.159827	1.614127	0.469188	-126.484000	1.825590	25.000000
18.142190	1.765327	0.000000	18.032471	1.048237	1.513168	-126.484000	2.923290	25.000000
18.142190	1.765327	0.000000	21.257508	1.538143	1.174557	-126.484000	3.394650	25.000000
18.142190	1.765327	0.000000	11.873348	1.648359	0.152649	-126.484000	4.492350	25.000000
18.142190	1.765327	0.000000	18.097704	1.771052	6.219430	-126.484000	4.963720	25.000000
18.142190	1.765327	0.000000	18.174765	1.764582	6.220906	-126.484000	6.061420	25.000000
18.142190	1.765327	0.000000	18.162187	1.770332	6.268860	-126.484000	6.532790	25.000000
18.142190	1.765327	0.000000	18.142588	1.764930	6.269029	-126.484000	7.630490	25.000000
18.142190	1.765327	0.000000	18.142373	1.764932	0.013258	-125.700000	-9.157880	25.000000
18.142190	1.765327	0.000000	18.142588	1.764930	0.014156	-125.700000	-8.060180	25.000000
18.142190	1.765327	0.000000	18.098964	1.771038	0.064881	-125.700000	-7.588810	25.000000
18.142190	1.765327	0.000000	18.092885	1.771106	0.059253	-125.700000	-6.491110	25.000000
18.142190	1.765327	0.000000	12.940804	1.164023	4.967571	-125.700000	-6.019740	25.000000
18.142190	1.765327	0.000000	20.835604	1.755179	5.817354	-125.700000	-4.922040	25.000000
18.142190	1.765327	0.000000	22.162355	1.268407	5.044603	-125.700000	-4.450680	25.000000
18.142190	1.765327	0.000000	10.387492	1.247504	6.016043	-125.700000	-3.352980	25.000000
18.142190	1.765327	0.000000	18.602688	0.605071	3.677150	-125.700000	-2.881610	25.000000
18.142190	1.765327	0.000000	17.714965	0.550264	3.919357	-125.700000	-1.783910	25.000000
18.142190	1.765327	0.000000	18.170618	0.609376	3.145121	-125.700000	-1.312550	25.000000
18.142190	1.765327	0.000000	18.195912	0.601724	3.138233	-125.700000	-0.214845	25.000000
18.142190	1.765327	0.000000	18.361100	0.614703	2.456528	-125.700000	0.256521	25.000000
18.142190	1.765327	0.000000	17.941293	0.527777	2.658146	-125.700000	1.354220	25.000000
18.142190	1.765327	0.000000	9.820896	1.106242	0.253266	-125.700000	1.825590	25.000000
18.142190	1.765327	0.000000	22.401116	1.318129	1.197995	-125.700000	2.923290	25.000000
18.142190	1.765327	0.000000	16.816064	1.726033	0.249358	-125.700000	3.394650	25.000000
18.142190	1.765327	0.000000	17.743757	1.341675	1.289317	-125.700000	4.492350	25.000000
18.142190	1.765327	0.000000	18.093468	1.771100	6.223370	-125.700000	4.963720	25.000000
18.142190	1.765327	0.000000	18.100246	1.771024	6.217180	-125.700000	6.061420	25.000000
18.142190	1.765327	0.000000	18.142672	1.764929	6.268692	-125.700000	6.532790	25.000000
18.142190	1.765327	0.000000	18.142465	1.764931	6.269534	-125.700000	7.630490	25.000000
18.142190	1.765327	0.000000	18.142492	1.764931	0.013763	-124.915000	-9.157880	25.000000
18.142190	1.765327	0.000000	18.161956	1.770334	0.013370	-124.915000	-8.060180	25.000000
18.142190	1.765327	0.000000	18.208517	1.775423	0.056681	-124.915000	-7.588810	25.000000
18.142190	1.765327	0.000000	18.196772	1.769947	0.064517	-124.915000	-6.491110	25.000000
18.142190	1.765327	0.000000	19.416542	1.757808	5.929936	-124.915000	-6.019740	25.000000
18.142190	1.765327	0.000000	15.152808	1.144914	5.075401	-124.915000	-4.922040	25.000000
18.142190	1.765327	0.000000	18.236228	0.852596	4.932638	-124.915000	-4.450680	25.000000
18.142190	1.765327	0.000000	16.977927	1.553125	5.682112	-124.915000	-3.352980	25.000000
18.142190	1.765327	0.000000	17.924564	0.386846	3.811715	-124.915000	-2.881610	25.000000
18.142190	1.765327	0.000000	18.212358	0.509408	4.086904	-124.915000	-1.783910	25.000000
18.142190	1.765327	0.000000	18.159583	0.480889	3.144176	-124.915000	-1.312550	25.000000
18.142190	1.765327	0.000000	18.202520	0.473480	3.136557	-124.915000	-0.214845	25.000000
18.142190	1.765327	0.000000	18.572560	0.499883	2.475623	-124.915000	0.256521	25.000000
18.142190	1.765327	0.000000	17.721738	0.373489	2.257614	-124.915000	1.354220	25.000000
18.142190	1.765327	0.000000	22.583622	1.264947	1.154929	-124.915000	1.825590	25.000000
18.142190	1.765327	0.000000	10.423531	1.014962	0.321751	-124.915000	2.923290	25.000000
18.142190	1.765327	0.000000	8.919776	1.145527	0.236024	-124.915000	3.394650	25.000000
18.142190	1.765327	0.000000	22.835499	1.610219	0.887842	-124.915000	4.492350	25.000000
18.142190	1.765327	0.000000	18.218093	1.775314	6.217549	-124.915000	4.963720	25.000000
18.142190	1.765327	0.000000	18.190151	1.770021	6.224825	-124.915000	6.061420	25.000000
18.142190	1.765327	0.000000	18.142452	1.764931	6.269591	-124.915000	6.532790	25.000000
18.142190	1.765327	0.000000	18.044501	1.765999	6.268892	-124.915000	7.630490	25.000000
18.142190	1.765327	0.000000	18.162117	1.770333	0.014044	-124.130000	-9.157880	25.000000
18.142190	1.765327	0.000000	18.142233	1.764934	0.012640	-124.130000	-8.060180	25.000000
18.142190	1.765327	0.000000	18.098964	1.771038	0.064881	-124.130000	-7.588810	25.000000
18.142190	1.765327	0.000000	18.088958	1.771151	0.055311	-124.130000	-6.491110	25.000000
18.142190	1.765327	0.000000	22.461765	1.594394	5.437922	-124.130000	-6.019740	25.000000
18.142190	1.765327	0.000000	10.547967	1.167456	6.138373	-124.130000	-4.922040	25.000000
18.142190	1.765327	0.000000	14.692175	1.399806	5.689436	-124.130000	-4.450680	25.000000
18.142190	1.765327	0.000000	20.577172	0.936153	5.037956	-124.130000	-3.352980	25.000000
18.142190	1.765327	0.000000	18.504767	0.445326	4.268941	-124.130000	-2.881610	25.000000
18.142190	1.765327	0.000000	17.838845	0.246413	4.203505	-124.130000	-1.783910	25.000000
18.142190	1.765327	0.000000	18.129810	0.354897	3.141497	-124.130000	-1.312550	25.000000
18.142190	1.765327	0.000000	18.155476	0.342659	3.135626	-124.130000	-0.214845	25.000000
18.142190	1.765327	0.000000	17.819652	0.242093	2.139321	-124.130000	0.256521	25.000000
18.142190	1.765327	0.000000	18.481612	0.429890	2.086722	-124.130000	1.354220	25.000000
18.142190	1.765327	0.000000	22.329801	1.131348	1.169153	-124.130000	1.825590	25.000000
18.142190	1.765327	0.000000	11.722201	1.130131	0.438337	-124.130000	2.923290	25.000000
18.142190	1.765327	0.000000	22.606203	1.636312	0.794802	-124.130000	3.394650	25.000000
18.142190	1.765327	0.000000	9.992642	1.015273	0.262120	-124.130000	4.492350	25.000000
18.142190	1.765327	0.000000	18.189019	1.770033	6.225945	-124.130000	4.963720	25.000000
18.142190	1.765327	0.000000	18.119120	1.776447	6.218305	-124.130000	6.061420	25.000000
18.142190	1.765327	0.000000	18.161878	1.770335	6.270152	-124.130000	6.532790	25.000000
18.142190	1.765327	0.000000	18.162187	1.770332	6.268860	-124.130000	7.630490	25.000000
18.142190	1.765327	0.000000	18.161853	1.770335	0.012921	-123.346000	-9.157880	25.000000
18.142190	1.765327	0.000000	18.142360	1.764932	0.013201	-123.346000	-8.060180	25.000000
18.142190	1.765327	0.000000	18.107004	1.776587	0.053058	-123.346000	-7.588810	25.000000
18.142190	1.765327	0.000000	18.216191	1.775336	0.063958	-123.346000	-6.491110	25.000000
18.142190	1.765327	0.000000	13.969041	0.935451	5.491498	-123.346000	-6.019740	25.000000
18.142190	1.765327	0.000000	20.726237	1.771403	5.845963	-123.346000	-4.922040	25.000000
18.142190	1.765327	0.000000	21.785316	1.154975	5.261414	-123.346000	-4.450680	25.000000
18.142190	1.765327	0.000000	13.351030	0.937612	5.550370	-123.346000	-3.352980	25.000000
18.142190	1.765327	0.000000	18.075015	0.406792	4.832651	-123.346000	-2.881610	25.000000
18.142190	1.765327	0.000000	18.226689	0.216804	4.375233	-123.346000	-1.783910	25.000000
18.142190	1.765327	0.000000	18.094514	0.234328	3.116122	-123.346000	-1.312550	25.000000
18.142190	1.765327	0.000000	18.094301	0.234279	3.156139	-123.346000	-0.214845	25.000000
18.142190	1.765327	0.000000	17.964468	0.362031	1.430455	-123.346000	0.256521	25.000000
18.142190	1.765327	0.000000	18.255399	0.223832	2.047688	-123.346000	1.354220	25.000000
18.142190	1.765327	0.000000	12.847568	1.022189	0.623431	-123.346000	1.825590	25.000000
18.142190	1.765327	0.000000	22.085968	1.095835	1.077545	-123.346000	2.923290	25.000000
18.142190	1.765327	0.000000	11.742065	1.194954	0.064132	-123.346000	3.394650	25.000000
18.142190	1.765327	0.000000	22.004918	1.567161	0.820753	-123.346000	4.492350	25.000000
18.142190	1.765327	0.000000	18.117861	1.776462	6.219430	-123.346000	4.963720	25.000000
18.142190	1.765327	0.000000	18.187908	1.770046	6.227065	-123.346000	6.061420	25.000000
18.142190	1.765327	0.000000	18.142519	1.764930	6.269310	-123.346000	6.532790	25.000000
18.142190	1.765327	0.000000	18.161866	1.770335	6.270209	-123.346000	7.630490	25.000000
18.142190	1.765327	0.000000	18.142053	1.764935	0.011797	-122.561000	-9.157880	25.000000
18.142190	1.765327	0.000000	18.142492	1.764931	0.013763	-122.561000	-8.060180	25.000000
18.142190	1.765327	0.000000	18.194288	1.769975	0.062279	-122.561000	-7.588810	25.000000
18.142190	1.765327	0.000000	18.105977	1.776598	0.051931	-122.561000	-6.491110	25.000000
18.142190	1.765327	0.000000	20.988714	1.753334	5.771852	-122.561000	-6.019740	25.000000
18.142190	1.765327	0.000000	13.755904	0.943871	5.847643	-122.561000	-4.922040	25.000000
18.142190	1.765327	0.000000	16.213883	1.191730	5.511871	-122.561000	-4.450680	25.000000
18.142190	1.765327	0.000000	19.823723	0.951929	5.326159	-122.561000	-3.352980	25.000000
18.142190	1.765327	0.000000	17.831402	0.403415	5.379321	-122.561000	-2.881610	25.000000
18.142190	1.765327	0.000000	18.462297	0.268661	4.728714	-122.561000	-1.783910	25.000000
18.142190	1.765327	0.000000	18.140104	0.124366	3.154747	-122.561000	-1.312550	25.000000
18.142190	1.765327	0.000000	18.123403	0.116763	3.106063	-122.561000	-0.214845	25.000000
18.142190	1.765327	0.000000	18.042453	0.416502	1.069154	-122.561000	0.256521	25.000000
18.142190	1.765327	0.000000	18.242927	0.194201	1.462649	-122.561000	1.354220	25.000000
18.142190	1.765327	0.000000	15.155857	0.893331	0.791386	-122.561000	1.825590	25.000000
18.142190	1.765327	0.000000	20.667124	1.152239	0.909289	-122.561000	2.923290	25.000000
18.142190	1.765327	0.000000	13.626753	0.917725	0.459515	-122.561000	3.394650	25.000000
18.142190	1.765327	0.000000	21.113683	1.749835	0.513176	-122.561000	4.492350	25.000000
18.142190	1.765327	0.000000	18.107526	1.776581	6.229564	-122.561000	4.963720	25.000000
18.142190	1.765327	0.000000	18.138547	1.781858	6.219430	-122.561000	6.061420	25.000000
18.142190	1.765327	0.000000	18.162117	1.770333	6.269141	-122.561000	6.532790	25.000000
18.142190	1.765327	0.000000	18.142112	1.764935	6.271107	-122.561000	7.630490	25.000000
18.142190	1.765327	0.000000	18.161646	1.770338	0.011966	-121.777000	-9.157880	25.000000
18.142190	1.765327	0.000000	18.161840	1.770336	0.012864	-121.777000	-8.060180	25.000000
18.142190	1.765327	0.000000	18.133739	1.781915	0.059253	-121.777000	-7.588810	25.000000
18.142190	1.765327	0.000000	18.182684	1.770104	0.050519	-121.777000	-6.491110	25.000000
18.142190	1.765327	0.000000	14.218214	1.191843	6.245325	-121.777000	-6.019740	25.000000
18.142190	1.765327	0.000000	21.029741	1.637418	5.656842	-121.777000	-4.922040	25.000000
18.142190	1.765327	0.000000	20.016493	1.076277	5.461658	-121.777000	-4.450680	25.000000
18.142190	1.765327	0.000000	16.176835	1.039214	5.543441	-121.777000	-3.352980	25.000000
18.142190	1.765327	0.000000	17.983882	0.255516	5.591264	-121.777000	-2.881610	25.000000
18.142190	1.765327	0.000000	18.252123	0.513294	5.331341	-121.777000	-1.783910	25.000000
18.142190	1.765327	0.000000	18.102356	0.016133	2.906580	-121.777000	-1.312550	25.000000
18.142190	1.765327	0.000000	18.100594	0.008098	3.363073	-121.777000	-0.214845	25.000000
18.142190	1.765327	0.000000	18.298907	0.234047	0.969723	-121.777000	0.256521	25.000000
18.142190	1.765327	0.000000	17.968027	0.496322	0.793662	-121.777000	1.354220	25.000000
18.142190	1.765327	0.000000	16.285576	0.963003	0.758949	-121.777000	1.825590	25.000000
18.142190	1.765327	0.000000	19.732461	1.119836	0.821239	-121.777000	2.923290	25.000000
18.142190	1.765327	0.000000	14.225544	1.299658	6.253997	-121.777000	3.394650	25.000000
18.142190	1.765327	0.000000	20.796981	1.552523	0.700280	-121.777000	4.492350	25.000000
18.142190	1.765327	0.000000	18.096467	1.771066	6.220555	-121.777000	4.963720	25.000000
18.142190	1.765327	0.000000	18.146407	1.787405	6.232945	-121.777000	6.061420	25.000000
18.142190	1.765327	0.000000	18.063831	1.771433	6.270305	-121.777000	6.532790	25.000000
18.142190	1.765327	0.000000	18.161790	1.770336	6.270546	-121.777000	7.630490	25.000000
18.142190	1.765327	0.000000	18.161803	1.770336	0.012696	-120.992000	-9.157880	25.000000
18.142190	1.765327	0.000000	18.063521	1.771436	0.011412	-120.992000	-8.060180	25.000000
18.142190	1.765327	0.000000	18.151587	1.787342	0.055874	-120.992000	-7.588810	25.000000
18.142190	1.765327	0.000000	18.182192	1.770109	0.049958	-120.992000	-6.491110	25.000000
18.142190	1.765327	0.000000	15.666873	1.140871	6.142281	-120.992000	-6.019740	25.000000
18.142190	1.765327	0.000000	20.131133	1.748067	5.839851	-120.992000	-4.922040	25.000000
18.142190	1.765327	0.000000	18.867432	1.005917	5.555501	-120.992000	-4.450680	25.000000
18.142190	1.765327	0.000000	17.439610	1.138907	5.591681	-120.992000	-3.352980	25.000000
18.142190	1.765327	0.000000	18.386408	0.329045	5.521592	-120.992000	-2.881610	25.000000
18.142190	1.765327	0.000000	17.962461	0.612221	5.662936	-120.992000	-1.783910	25.000000
18.142190	1.765327	0.000000	18.181659	0.094812	6.245006	-120.992000	-1.312550	25.000000
18.142190	1.765327	0.000000	18.087015	0.098130	0.047986	-120.992000	-0.214845	25.000000
18.142190	1.765327	0.000000	18.085906	0.592808	0.673195	-120.992000	0.256521	25.000000
18.142190	1.765327	0.000000	18.248562	0.306154	0.643501	-120.992000	1.354220	25.000000
18.142190	1.765327	0.000000	18.731791	0.982186	0.730907	-120.992000	1.825590	25.000000
18.142190	1.765327	0.000000	17.556195	1.141966	0.701154	-120.992000	2.923290	25.000000
18.142190	1.765327	0.000000	15.481308	1.099439	0.167532	-120.992000	3.394650	25.000000
18.142190	1.765327	0.000000	20.152640	1.753928	0.443334	-120.992000	4.492350	25.000000
18.142190	1.765327	0.000000	18.136703	1.781880	6.221118	-120.992000	4.963720	25.000000
18.142190	1.765327	0.000000	18.219561	1.780906	6.237150	-120.992000	6.061420	25.000000
18.142190	1.765327	0.000000	18.161498	1.770339	6.271950	-120.992000	6.532790	25.000000
18.142190	1.765327	0.000000	18.142412	1.764932	6.269759	-120.992000	7.630490	25.000000
18.142190	1.765327	0.000000	18.142296	1.764933	0.012921	-120.208000	-9.157880	25.000000
18.142190	1.765327	0.000000	18.161329	1.770341	0.010337	-120.208000	-8.060180	25.000000
18.142190	1.765327	0.000000	18.133739	1.781915	0.059253	-120.208000	-7.588810	25.000000
18.142190	1.765327	0.000000	18.118844	1.782091	0.042348	-120.208000	-6.491110	25.000000
18.142190	1.765327	0.000000	18.421726	1.329617	5.819538	-120.208000	-6.019740	25.000000
18.142190	1.765327	0.000000	17.615973	1.727546	0.000000	-120.208000	-4.922040	25.000000
18.142190	1.765327	0.000000	17.225562	1.048054	5.717484	-120.208000	-4.450680	25.000000
18.142190	1.765327	0.000000	19.013153	1.119047	5.584705	-120.208000	-3.352980	25.000000
18.142190	1.765327	0.000000	17.712425	0.601867	5.989818	-120.208000	-2.881610	25.000000
18.142190	1.765327	0.000000	18.597312	0.534861	5.467945	-120.208000	-1.783910	25.000000
18.142190	1.765327	0.000000	18.082667	0.206093	6.268808	-120.208000	-1.312550	25.000000
18.142190	1.765327	0.000000	18.103392	0.211499	0.013946	-120.208000	-0.214845	25.000000
18.142190	1.765327	0.000000	17.778639	0.645646	0.363147	-120.208000	0.256521	25.000000
18.142190	1.765327	0.000000	18.544271	0.449769	0.767856	-120.208000	1.354220	25.000000
18.142190	1.765327	0.000000	17.406608	1.020676	0.593610	-120.208000	1.825590	25.000000
18.142190	1.765327	0.000000	18.781108	1.130774	0.681175	-120.208000	2.923290	25.000000
18.142190	1.765327	0.000000	17.980311	1.768973	0.056757	-120.208000	3.394650	25.000000
18.142190	1.765327	0.000000	18.068816	1.255099	0.445420	-120.208000	4.492350	25.000000
18.142190	1.765327	0.000000	18.209075	1.775417	6.225945	-120.208000	4.963720	25.000000
18.142190	1.765327	0.000000	18.142660	1.787450	6.237455	-120.208000	6.061420	25.000000
18.142190	1.765327	0.000000	18.141833	1.764938	6.272512	-120.208000	6.532790	25.000000
18.142190	1.765327	0.000000	18.161917	1.770335	6.269984	-120.208000	7.630490	25.000000
18.142190	1.765327	0.000000	18.161717	1.770337	0.012303	-119.423000	-9.157880	25.000000
18.142190	1.765327	0.000000	18.161289	1.770342	0.010112	-119.423000	-8.060180	25.000000
18.142190	1.765327	0.000000	18.096522	1.776708	0.040092	-119.423000	-7.588810	25.000000
18.142190	1.765327	0.000000	18.151587	1.787342	0.055874	-119.423000	-6.491110	25.000000
18.142190	1.765327	0.000000	18.641193	1.478784	5.897677	-119.423000	-6.019740	25.000000
18.142190	1.765327	0.000000	17.528557	1.670204	0.069428	-119.423000	-4.922040	25.000000
18.142190	1.765327	0.000000	17.312134	1.135511	5.828084	-119.423000	-4.450680	25.000000
18.142190	1.765327	0.000000	19.002368	1.071409	5.625297	-119.423000	-3.352980	25.000000
18.142190	1.765327	0.000000	18.120982	0.500306	5.881315	-119.423000	-2.881610	25.000000
18.142190	1.765327	0.000000	18.078440	0.776234	5.780688	-119.423000	-1.783910	25.000000
18.142190	1.765327	0.000000	18.119885	0.320006	0.002614	-119.423000	-1.312550	25.000000
18.142190	1.765327	0.000000	18.119910	0.320011	6.277273	-119.423000	-0.214845	25.000000
18.142190	1.765327	0.000000	18.391574	0.713951	0.620249	-119.423000	0.256521	25.000000
18.142190	1.765327	0.000000	17.813759	0.548566	0.250201	-119.423000	1.354220	25.000000
18.142190	1.765327	0.000000	18.597043	1.173249	0.615504	-119.423000	1.825590	25.000000
18.142190	1.765327	0.000000	17.732456	1.012076	0.499347	-119.423000	2.923290	25.000000
18.142190	1.765327	0.000000	18.735345	1.488827	0.413330	-119.423000	3.394650	25.000000
18.142190	1.765327	0.000000	17.301702	1.635691	6.196196	-119.423000	4.492350	25.000000
18.142190	1.765327	0.000000	18.117627	1.782106	6.242530	-119.423000	4.963720	25.000000
18.142190	1.765327	0.000000	18.132592	1.781929	6.225059	-119.423000	6.061420	25.000000
18.142190	1.765327	0.000000	18.141854	1.764938	6.272399	-119.423000	6.532790	25.000000
18.142190	1.765327	0.000000	18.161681	1.770337	6.271051	-119.423000	7.630490	25.000000
18.142190	1.765327	0.000000	18.161509	1.770339	0.011292	-118.639000	-9.157880	25.000000
18.142190	1.765327	0.000000	18.141751	1.764939	0.010224	-118.639000	-8.060180	25.000000
18.142190	1.765327	0.000000	18.224335	1.780850	0.051639	-118.639000	-7.588810	25.000000
18.142190	1.765327	0.000000	18.136948	1.787520	0.037835	-118.639000	-6.491110	25.000000
18.142190	1.765327	0.000000	17.853381	1.444998	6.245914	-118.639000	-6.019740	25.000000
18.142190	1.765327	0.000000	18.312698	1.801083	6.122647	-118.639000	-4.922040	25.000000
18.142190	1.765327	0.000000	17.805055	1.262659	5.864363	-118.639000	-4.450680	25.000000
18.142190	1.765327	0.000000	18.533483	0.994455	5.727314	-118.639000	-3.352980	25.000000
18.142190	1.765327	0.000000	18.425526	0.610232	5.789885	-118.639000	-2.881610	25.000000
18.142190	1.765327	0.000000	17.876521	0.834873	5.968595	-118.639000	-1.783910	25.000000
18.142190	1.765327	0.000000	18.160416	0.443948	0.003436	-118.639000	-1.312550	25.000000
18.142190	1.765327	0.000000	18.160496	0.443957	6.275468	-118.639000	-0.214845	25.000000
18.142190	1.765327	0.000000	18.124569	0.586065	0.324905	-118.639000	0.256521	25.000000
18.142190	1.765327	0.000000	18.139460	0.833124	0.430327	-118.639000	1.354220	25.000000
18.142190	1.765327	0.000000	18.522959	1.223753	0.576857	-118.639000	1.825590	25.000000
18.142190	1.765327	0.000000	17.668899	1.016496	0.389159	-118.639000	2.923290	25.000000
18.142190	1.765327	0.000000	18.398122	1.490812	0.264817	-118.639000	3.394650	25.000000
18.142190	1.765327	0.000000	17.875173	1.737723	6.228127	-118.639000	4.492350	25.000000
18.142190	1.765327	0.000000	18.104972	1.776610	6.232382	-118.639000	4.963720	25.000000
18.142190	1.765327	0.000000	18.139264	1.787491	6.241966	-118.639000	6.061420	25.000000
18.142190	1.765327	0.000000	18.141918	1.764937	6.272062	-118.639000	6.532790	25.000000
18.142190	1.765327	0.000000	18.141875	1.764937	6.272287	-118.639000	7.630490	25.000000
18.142190	1.765327	0.000000	18.161318	1.770341	0.010281	-117.854000	-9.157880	25.000000
18.142190	1.765327	0.000000	18.141771	1.764939	0.010337	-117.854000	-8.060180	25.000000
18.142190	1.765327	0.000000	18.126172	1.782005	0.051367	-117.854000	-7.588810	25.000000
18.142190	1.765327	0.000000	18.112603	1.782165	0.032757	-117.854000	-6.491110	25.000000
18.142190	1.765327	0.000000	18.210113	1.604300	6.134839	-117.854000	-6.019740	25.000000
18.142190	1.765327	0.000000	18.036089	1.751417	0.069380	-117.854000	-4.922040	25.000000
18.142190	1.765327	0.000000	18.239792	0.977355	5.846159	-117.854000	-4.450680	25.000000
18.142190	1.765327	0.000000	18.053255	1.347376	5.911118	-117.854000	-3.352980	25.000000
18.142190	1.765327	0.000000	18.307922	0.863223	5.845255	-117.854000	-2.881610	25.000000
18.142190	1.765327	0.000000	17.954944	0.736621	6.074408	-117.854000	-1.783910	25.000000
18.142190	1.765327	0.000000	18.139737	0.577300	0.000838	-117.854000	-1.312550	25.000000
18.142190	1.765327	0.000000	18.169550	0.569690	6.278032	-117.854000	-0.214845	25.000000
18.142190	1.765327	0.000000	17.836479	0.847892	0.203261	-117.854000	0.256521	25.000000
18.142190	1.765327	0.000000	18.501081	0.736986	0.449260	-117.854000	1.354220	25.000000
18.142190	1.765327	0.000000	18.710692	1.266844	0.541380	-117.854000	1.825590	25.000000
18.142190	1.765327	0.000000	17.597159	1.060180	0.243399	-117.854000	2.923290	25.000000
18.142190	1.765327	0.000000	18.035590	1.649611	6.189051	-117.854000	3.394650	25.000000
18.142190	1.765327	0.000000	18.246019	1.683939	0.190905	-117.854000	4.492350	25.000000
18.142190	1.765327	0.000000	18.126676	1.781999	6.231255	-117.854000	4.963720	25.000000
18.142190	1.765327	0.000000	18.113589	1.782154	6.248736	-117.854000	6.061420	25.000000
18.142190	1.765327	0.000000	18.141940	1.764937	6.271950	-117.854000	6.532790	25.000000
18.142190	1.765327	0.000000	18.161240	1.770342	6.273354	-117.854000	7.630490	25.000000
