4.715254	2.708043	4.260820	4.710626	2.720958	4.271993	-5.519390	1.255990	25.000000
4.715254	2.708043	4.260820	4.712600	2.720022	4.278895	-5.519390	2.353690	25.000000
4.715254	2.708043	4.260820	4.711263	2.720655	4.295220	-5.519390	2.825060	25.000000
4.715254	2.708043	4.260820	4.696467	2.727749	4.286638	-5.519390	3.922760	25.000000
4.715254	2.708043	4.260820	4.689989	2.730905	4.306095	-5.519390	4.394120	25.000000
4.715254	2.708043	4.260820	4.699511	2.726277	4.317192	-5.519390	5.491820	25.000000
4.715254	2.708043	4.260820	4.774359	2.742953	4.330881	-5.519390	5.963190	25.000000
4.715254	2.708043	4.260820	4.782405	2.738977	4.346748	-5.519390	7.060890	25.000000
4.715292	2.708026	4.260842	4.781966	2.739192	4.363618	-5.519390	7.532260	25.000000
4.715292	2.708026	4.260842	4.785656	2.737385	4.365434	-5.519390	8.629960	25.000000
4.715254	2.708043	4.260820	4.703924	2.724154	4.375714	-5.519390	9.101320	25.000000
4.715141	2.708095	4.260754	4.701457	2.725339	4.369011	-5.519390	10.199000	25.000000
4.715141	2.708095	4.260754	4.710478	2.721028	4.367616	-5.519390	10.670400	25.000000
4.715141	2.708095	4.260754	4.722425	2.715407	4.356616	-5.519390	11.768100	25.000000
4.715519	2.707922	4.260974	4.720646	2.716238	4.333789	-5.519390	12.239500	25.000000
4.715519	2.707922	4.260974	4.736127	2.709079	4.341237	-5.519390	13.337200	25.000000
4.715141	2.708095	4.260754	4.742373	2.706235	4.322598	-5.519390	13.808500	25.000000
4.715141	2.708095	4.260754	4.730169	2.711815	4.305499	-5.519390	14.906200	25.000000
4.715141	2.708095	4.260754	4.729693	2.712034	4.294165	-5.519390	15.377600	25.000000
4.715141	2.708095	4.260754	4.739040	2.707749	4.293655	-5.519390	16.475300	25.000000
4.715519	2.707922	4.260974	4.644233	2.700644	4.280334	-5.519390	18.044400	25.000000
4.715280	2.708031	4.260779	4.714329	2.719205	4.274199	-4.734850	0.784625	25.000000
4.715272	2.708035	4.260775	4.710892	2.720832	4.283611	-4.734850	1.255990	25.000000
4.715272	2.708035	4.260775	4.699830	2.726123	4.277036	-4.734850	2.353690	25.000000
4.715272	2.708035	4.260775	4.694816	2.728550	4.291471	-4.734850	2.825060	25.000000
4.715272	2.708035	4.260775	4.771624	2.744315	4.311765	-4.734850	3.922760	25.000000
4.715272	2.708035	4.260775	4.743944	2.758461	4.337118	-4.734850	4.394120	25.000000
4.715272	2.708035	4.260775	4.773730	2.743265	4.347929	-4.734850	5.491820	25.000000
4.715272	2.708035	4.260775	4.756396	2.752017	4.420402	-4.734850	5.963190	25.000000
4.715272	2.708035	4.260775	4.644405	2.754062	4.381630	-4.734850	7.060890	25.000000
4.715310	2.708017	4.260797	4.760263	2.750043	4.462070	-4.734850	7.532260	25.000000
4.715310	2.708017	4.260797	4.746578	2.757086	4.451063	-4.734850	8.629960	25.000000
4.715272	2.708035	4.260775	4.684282	2.733712	4.484380	-4.734850	9.101320	25.000000
4.715159	2.708086	4.260709	4.679380	2.736143	4.466096	-4.734850	10.199000	25.000000
4.715159	2.708086	4.260709	4.704307	2.723971	4.425450	-4.734850	10.670400	25.000000
4.715159	2.708086	4.260709	4.713523	2.719586	4.461129	-4.734850	11.768100	25.000000
4.715537	2.707913	4.260929	4.739198	2.707677	4.374767	-4.734850	12.239500	25.000000
4.715537	2.707913	4.260929	4.720805	2.716163	4.410116	-4.734850	13.337200	25.000000
4.715159	2.708086	4.260709	4.636054	2.704397	4.342289	-4.734850	13.808500	25.000000
4.715159	2.708086	4.260709	4.661598	2.692816	4.348410	-4.734850	14.906200	25.000000
4.715159	2.708086	4.260709	4.647924	2.698965	4.320689	-4.734850	15.377600	25.000000
4.715159	2.708086	4.260709	4.654632	2.695934	4.302262	-4.734850	16.475300	25.000000
4.715537	2.707913	4.260929	4.739040	2.707749	4.293655	-4.734850	16.946700	25.000000
4.715537	2.707913	4.260929	4.742499	2.706177	4.284520	-4.734850	18.044400	25.000000
4.715280	2.708031	4.260779	4.705210	2.723538	4.274497	-3.950320	-0.313075	25.000000
4.715280	2.708031	4.260779	4.716079	2.718380	4.269524	-3.950320	0.784625	25.000000
4.715272	2.708035	4.260775	4.698489	2.726770	4.293628	-3.950320	1.255990	25.000000
4.715272	2.708035	4.260775	4.681965	2.734858	4.277719	-3.950320	2.353690	25.000000
4.715272	2.708035	4.260775	4.658111	2.746916	4.298700	-3.950320	2.825060	25.000000
4.715272	2.708035	4.260775	4.753104	2.753707	4.348410	-3.950320	3.922760	25.000000
4.715272	2.708035	4.260775	4.729672	2.766018	4.438048	-3.950320	4.394120	25.000000
4.715272	2.708035	4.260775	4.701829	2.781335	4.367742	-3.950320	5.491820	25.000000
4.715272	2.708035	4.260775	4.750000	2.815710	4.547240	-3.950320	5.963190	25.000000
4.715272	2.708035	4.260775	4.818547	2.775942	4.549149	-3.950320	7.060890	25.000000
4.715310	2.708017	4.260797	4.731559	2.765008	4.708366	-3.950320	7.532260	25.000000
4.715310	2.708017	4.260797	4.685486	2.790711	4.686929	-3.950320	8.629960	25.000000
4.715272	2.708035	4.260775	4.669309	2.741198	4.708625	-3.950320	9.101320	25.000000
4.715159	2.708086	4.260709	4.754257	2.753114	4.742602	-3.950320	10.199000	25.000000
4.715159	2.708086	4.260709	4.717834	2.717555	4.678381	-3.950320	10.670400	25.000000
4.715159	2.708086	4.260709	4.616546	2.713528	4.581562	-3.950320	11.768100	25.000000
4.715537	2.707913	4.260929	4.756007	2.700112	4.534296	-3.950320	12.239500	25.000000
4.715537	2.707913	4.260929	4.721493	2.715842	4.463679	-3.950320	13.337200	25.000000
4.715159	2.708086	4.260709	4.727251	2.713164	4.401910	-3.950320	13.808500	25.000000
4.715159	2.708086	4.260709	4.680182	2.684640	4.392170	-3.950320	14.906200	25.000000
4.715159	2.708086	4.260709	4.736887	2.708731	4.325341	-3.950320	15.377600	25.000000
4.715159	2.708086	4.260709	4.754966	2.700575	4.339202	-3.950320	16.475300	25.000000
4.715537	2.707913	4.260929	4.752357	2.701739	4.295168	-3.950320	16.946700	25.000000
4.715537	2.707913	4.260929	4.735663	2.709291	4.302865	-3.950320	18.044400	25.000000
4.715159	2.708086	4.260709	4.742499	2.706177	4.284520	-3.950320	18.515700	25.000000
4.715262	2.708039	4.260825	4.706942	2.722711	4.269766	-3.165790	-0.313075	25.000000
4.715262	2.708039	4.260825	4.692547	2.729655	4.272546	-3.165790	0.784625	25.000000
4.715254	2.708043	4.260820	4.758414	2.750985	4.273428	-3.165790	1.255990	25.000000
4.715254	2.708043	4.260820	4.670814	2.740437	4.312537	-3.165790	2.353690	25.000000
4.715254	2.708043	4.260820	4.728171	2.766824	4.321153	-3.165790	2.825060	25.000000
4.715254	2.708043	4.260820	4.786711	2.793728	4.394514	-3.165790	3.922760	25.000000
4.715254	2.708043	4.260820	4.780329	2.797429	4.543571	-3.165790	4.394120	25.000000
4.715254	2.708043	4.260820	4.679637	2.863618	4.563884	-3.165790	5.491820	25.000000
4.715254	2.708043	4.260820	4.751631	2.888284	5.221119	-3.165790	5.963190	25.000000
4.715254	2.708043	4.260820	4.680726	2.793500	4.926982	-3.165790	7.060890	25.000000
4.715292	2.708026	4.260842	4.683642	2.791789	5.493382	-3.165790	7.532260	25.000000
4.715292	2.708026	4.260842	4.731427	2.663082	5.471819	-3.165790	8.629960	25.000000
4.715254	2.708043	4.260820	4.545954	2.646455	5.442107	-3.165790	9.101320	25.000000
4.715141	2.708095	4.260754	4.856027	2.615757	5.433921	-3.165790	10.199000	25.000000
4.715141	2.708095	4.260754	4.591340	2.674732	4.966757	-3.165790	10.670400	25.000000
4.715141	2.708095	4.260754	4.859218	2.614626	5.216308	-3.165790	11.768100	25.000000
4.715519	2.707922	4.260974	4.726219	2.665210	4.630351	-3.165790	12.239500	25.000000
4.715519	2.707922	4.260974	4.694006	2.678686	4.836460	-3.165790	13.337200	25.000000
4.715141	2.708095	4.260754	4.694039	2.678672	4.441953	-3.165790	13.808500	25.000000
4.715141	2.708095	4.260754	4.681581	2.684032	4.547240	-3.165790	14.906200	25.000000
4.715141	2.708095	4.260754	4.776076	2.691302	4.358686	-3.165790	15.377600	25.000000
4.715141	2.708095	4.260754	4.648548	2.698682	4.390638	-3.165790	16.475300	25.000000
4.715519	2.707922	4.260974	4.662574	2.692381	4.306200	-3.165790	16.946700	25.000000
4.715519	2.707922	4.260974	4.746283	2.704467	4.324489	-3.165790	18.044400	25.000000
4.715141	2.708095	4.260754	4.736929	2.708712	4.287011	-3.165790	18.515700	25.000000
4.715141	2.708095	4.260754	4.657736	2.694541	4.282062	-3.165790	19.613400	25.000000
4.715280	2.708031	4.260779	4.689179	2.731302	4.282222	-2.381250	-0.313075	25.000000
4.715280	2.708031	4.260779	4.784193	2.738100	4.260646	-2.381250	0.784625	25.000000
4.715272	2.708035	4.260775	4.632116	2.760615	4.274710	-2.381250	1.255990	25.000000
4.715272	2.708035	4.260775	4.743258	2.758819	4.324545	-2.381250	2.353690	25.000000
4.715272	2.708035	4.260775	4.679765	2.794067	4.386670	-2.381250	2.825060	25.000000
4.715272	2.708035	4.260775	4.697074	2.850892	4.449394	-2.381250	3.922760	25.000000
4.715272	2.708035	4.260775	4.768406	2.875033	5.413243	-2.381250	4.394120	25.000000
4.715272	2.708035	4.260775	4.691268	2.944015	4.755840	-2.381250	5.491820	25.000000
4.715272	2.708035	4.260775	5.087593	2.475475	0.303644	-2.381250	5.963190	25.000000
4.715272	2.708035	4.260775	4.351333	2.240176	6.198097	-2.381250	7.060890	25.000000
4.715310	2.708017	4.260797	4.824832	1.756321	0.133248	-2.381250	7.532260	25.000000
4.715310	2.708017	4.260797	4.642252	1.792325	0.112852	-2.381250	8.629960	25.000000
4.715272	2.708035	4.260775	4.261616	1.412924	0.064008	-2.381250	9.101320	25.000000
4.715159	2.708086	4.260709	5.107085	1.225214	6.236906	-2.381250	10.199000	25.000000
4.715159	2.708086	4.260709	3.230325	0.456179	0.605545	-2.381250	10.670400	25.000000
4.715159	2.708086	4.260709	5.854614	0.438784	1.494333	-2.381250	11.768100	25.000000
4.715537	2.707913	4.260929	4.654847	2.358788	5.463318	-2.381250	12.239500	25.000000
4.715537	2.707913	4.260929	4.801500	2.483924	5.016900	-2.381250	13.337200	25.000000
4.715159	2.708086	4.260709	4.742365	2.615046	4.764862	-2.381250	13.808500	25.000000
4.715159	2.708086	4.260709	4.723177	2.666460	4.574026	-2.381250	14.906200	25.000000
4.715159	2.708086	4.260709	4.727843	2.664545	4.456238	-2.381250	15.377600	25.000000
4.715159	2.708086	4.260709	4.666444	2.690664	4.407744	-2.381250	16.475300	25.000000
4.715537	2.707913	4.260929	4.685211	2.682461	4.347981	-2.381250	16.946700	25.000000
4.715537	2.707913	4.260929	4.748621	2.703414	4.330961	-2.381250	18.044400	25.000000
4.715159	2.708086	4.260709	4.663840	2.691819	4.290659	-2.381250	18.515700	25.000000
4.715159	2.708086	4.260709	4.654632	2.695934	4.302262	-2.381250	19.613400	25.000000
4.715280	2.708031	4.260779	4.756606	2.751909	4.266066	-1.596720	-0.313075	25.000000
4.715280	2.708031	4.260779	4.780805	2.739763	4.270269	-1.596720	0.784625	25.000000
4.715272	2.708035	4.260775	4.613946	2.770570	4.267456	-1.596720	1.255990	25.000000
4.715272	2.708035	4.260775	4.686683	2.790014	4.351443	-1.596720	2.353690	25.000000
4.715272	2.708035	4.260775	4.677223	2.959625	4.589206	-1.596720	2.825060	25.000000
4.715272	2.708035	4.260775	4.685824	2.859027	4.553280	-1.596720	3.922760	25.000000
4.715272	2.708035	4.260775	5.311205	2.581612	0.539812	-1.596720	4.394120	25.000000
4.715272	2.708035	4.260775	3.981557	2.504293	0.204018	-1.596720	5.491820	25.000000
4.715272	2.708035	4.260775	3.952531	2.782196	1.840203	-1.596720	5.963190	25.000000
4.715272	2.708035	4.260775	5.373267	2.598452	5.436639	-1.596720	7.060890	25.000000
4.715310	2.708017	4.260797	4.753420	2.611058	3.502796	-1.596720	7.532260	25.000000
4.715310	2.708017	4.260797	4.617467	2.618495	3.400240	-1.596720	8.629960	25.000000
4.715272	2.708035	4.260775	5.355455	2.502973	4.320248	-1.596720	9.101320	25.000000
4.715159	2.708086	4.260709	3.978140	2.841199	4.541654	-1.596720	10.199000	25.000000
4.715159	2.708086	4.260709	4.714329	2.407468	5.369822	-1.596720	10.670400	25.000000
4.715159	2.708086	4.260709	4.758823	2.308290	4.976649	-1.596720	11.768100	25.000000
4.715537	2.707913	4.260929	4.323309	1.007102	5.839119	-1.596720	12.239500	25.000000
4.715537	2.707913	4.260929	5.076318	1.172253	5.936423	-1.596720	13.337200	25.000000
4.715159	2.708086	4.260709	4.763570	2.365635	5.165313	-1.596720	13.808500	25.000000
4.715159	2.708086	4.260709	4.669946	2.521309	4.815723	-1.596720	14.906200	25.000000
4.715159	2.708086	4.260709	4.736296	2.617254	4.504241	-1.596720	15.377600	25.000000
4.715159	2.708086	4.260709	4.694017	2.678681	4.554299	-1.596720	16.475300	25.000000
4.715537	2.707913	4.260929	4.713067	2.670647	4.364017	-1.596720	16.946700	25.000000
4.715537	2.707913	4.260929	4.669315	2.689396	4.367387	-1.596720	18.044400	25.000000
4.715159	2.708086	4.260709	4.660869	2.693141	4.310746	-1.596720	18.515700	25.000000
4.715159	2.708086	4.260709	4.764116	2.696524	4.301095	-1.596720	19.613400	25.000000
4.715275	2.708034	4.260793	4.741361	2.759815	4.248741	-0.812186	-0.313075	25.000000
4.715275	2.708034	4.260793	4.761869	2.749226	4.275762	-0.812186	0.784625	25.000000
4.715267	2.708037	4.260788	4.728351	2.829542	4.375389	-0.812186	1.255990	25.000000
4.715267	2.708037	4.260788	4.649516	2.812497	4.242789	-0.812186	2.353690	25.000000
4.715267	2.708037	4.260788	4.805767	3.092596	0.214061	-0.812186	2.825060	25.000000
4.715267	2.708037	4.260788	4.667130	2.971780	5.399011	-0.812186	3.922760	25.000000
4.715267	2.708037	4.260788	4.801427	3.117213	4.363618	-0.812186	4.394120	25.000000
4.715267	2.708037	4.260788	4.619784	2.711995	5.468384	-0.812186	5.491820	25.000000
4.715267	2.708037	4.260788	4.042091	1.983167	3.474444	-0.812186	5.963190	25.000000
4.715267	2.708037	4.260788	5.246227	1.961919	4.018971	-0.812186	7.060890	25.000000
4.715305	2.708020	4.260810	4.673799	1.703843	3.381336	-0.812186	7.532260	25.000000
4.715305	2.708020	4.260810	4.727124	1.936398	3.454747	-0.812186	8.629960	25.000000
4.715267	2.708037	4.260788	4.629914	1.857657	3.767078	-0.812186	9.101320	25.000000
4.715154	2.708089	4.260722	4.773060	1.977923	3.748580	-0.812186	10.199000	25.000000
4.715154	2.708089	4.260722	5.290151	1.991394	3.566335	-0.812186	10.670400	25.000000
4.715154	2.708089	4.260722	4.088398	1.986224	3.289161	-0.812186	11.768100	25.000000
4.715532	2.707916	4.260943	3.284528	2.914232	0.204018	-0.812186	12.239500	25.000000
4.715532	2.707916	4.260943	5.763304	2.267891	4.452151	-0.812186	13.337200	25.000000
4.715154	2.708089	4.260722	4.654987	0.493298	0.308839	-0.812186	13.808500	25.000000
4.715154	2.708089	4.260722	4.773835	0.537779	6.113062	-0.812186	14.906200	25.000000
4.715154	2.708089	4.260722	4.778266	2.525592	4.735935	-0.812186	15.377600	25.000000
4.715154	2.708089	4.260722	4.634158	2.612283	4.581673	-0.812186	16.475300	25.000000
4.715532	2.707916	4.260943	4.724405	2.665955	4.373096	-0.812186	16.946700	25.000000
4.715532	2.707916	4.260943	4.718188	2.668519	4.439201	-0.812186	18.044400	25.000000
4.715154	2.708089	4.260722	4.683460	2.683218	4.326506	-0.812186	18.515700	25.000000
4.715154	2.708089	4.260722	4.664869	2.691362	4.312672	-0.812186	19.613400	25.000000
4.715274	2.708034	4.260794	4.736412	2.762425	4.238538	-0.027653	-0.313075	25.000000
4.715274	2.708034	4.260794	4.728404	2.766699	4.277157	-0.027653	0.784625	25.000000
4.715266	2.708037	4.260790	4.643662	2.892201	4.201901	-0.027653	1.255990	25.000000
4.715266	2.708037	4.260790	4.796176	2.854593	4.351032	-0.027653	2.353690	25.000000
4.715266	2.708037	4.260790	5.412763	2.586484	0.869774	-0.027653	2.825060	25.000000
4.715266	2.708037	4.260790	4.016989	2.681911	0.912706	-0.027653	3.922760	25.000000
4.715266	2.708037	4.260790	6.019635	2.343002	4.960742	-0.027653	4.394120	25.000000
4.715266	2.708037	4.260790	2.813343	2.312240	1.725644	-0.027653	5.491820	25.000000
4.715266	2.708037	4.260790	4.639784	1.295778	3.735806	-0.027653	5.963190	25.000000
4.715266	2.708037	4.260790	4.770493	1.516268	4.031091	-0.027653	7.060890	25.000000
4.715304	2.708020	4.260812	4.712420	1.382953	3.624562	-0.027653	7.532260	25.000000
4.715304	2.708020	4.260812	4.644610	1.313923	3.435182	-0.027653	8.629960	25.000000
4.715266	2.708037	4.260790	4.722679	1.424168	3.641623	-0.027653	9.101320	25.000000
4.715153	2.708089	4.260724	4.687270	1.206508	3.500898	-0.027653	10.199000	25.000000
4.715153	2.708089	4.260724	5.119473	1.217770	3.102030	-0.027653	10.670400	25.000000
4.715153	2.708089	4.260724	4.331305	1.359121	2.807147	-0.027653	11.768100	25.000000
4.715531	2.707916	4.260944	4.524445	2.372181	1.379008	-0.027653	12.239500	25.000000
4.715531	2.707916	4.260944	4.754598	1.784853	4.062861	-0.027653	13.337200	25.000000
4.715153	2.708089	4.260724	4.923454	1.672526	5.252808	-0.027653	13.808500	25.000000
4.715153	2.708089	4.260724	4.535119	2.329477	5.265835	-0.027653	14.906200	25.000000
4.715153	2.708089	4.260724	4.690213	2.292881	4.973906	-0.027653	15.377600	25.000000
4.715153	2.708089	4.260724	4.686150	2.446854	4.712389	-0.027653	16.475300	25.000000
4.715531	2.707916	4.260944	4.668597	2.642899	4.407634	-0.027653	16.946700	25.000000
4.715531	2.707916	4.260944	4.704530	2.629050	4.489489	-0.027653	18.044400	25.000000
4.715153	2.708089	4.260724	4.703361	2.674716	4.324865	-0.027653	18.515700	25.000000
4.715153	2.708089	4.260724	4.680171	2.684644	4.335480	-0.027653	19.613400	25.000000
4.715275	2.708034	4.260793	4.724934	2.768570	4.261728	0.756880	-0.313075	25.000000
4.715275	2.708034	4.260793	4.705847	2.779075	4.219259	0.756880	0.784625	25.000000
4.715267	2.708037	4.260788	4.726362	2.909836	4.170390	0.756880	1.255990	25.000000
4.715267	2.708037	4.260788	4.768490	2.971901	4.276512	0.756880	2.353690	25.000000
4.715267	2.708037	4.260788	4.471476	1.844817	1.034361	0.756880	2.825060	25.000000
4.715267	2.708037	4.260788	4.953029	1.838466	1.120257	0.756880	3.922760	25.000000
4.715267	2.708037	4.260788	2.808416	1.355493	4.661338	0.756880	4.394120	25.000000
4.715267	2.708037	4.260788	5.939074	2.677167	0.916018	0.756880	5.491820	25.000000
4.715267	2.708037	4.260788	5.437325	1.076403	4.058859	0.756880	5.963190	25.000000
4.715267	2.708037	4.260788	3.900949	1.271550	4.123642	0.756880	7.060890	25.000000
4.715305	2.708020	4.260810	4.759086	0.915542	3.647919	0.756880	7.532260	25.000000
4.715305	2.708020	4.260810	4.759202	0.915561	3.700192	0.756880	8.629960	25.000000
4.715267	2.708037	4.260788	4.393871	0.849964	3.389510	0.756880	9.101320	25.000000
4.715154	2.708089	4.260722	4.948626	0.813362	3.473017	0.756880	10.199000	25.000000
4.715154	2.708089	4.260722	3.849013	1.084163	2.487510	0.756880	10.670400	25.000000
4.715154	2.708089	4.260722	5.441957	0.797807	2.581361	0.756880	11.768100	25.000000
4.715532	2.707916	4.260943	4.465479	2.170417	2.650040	0.756880	12.239500	25.000000
4.715532	2.707916	4.260943	4.855296	0.809351	1.378981	0.756880	13.337200	25.000000
4.715154	2.708089	4.260722	1.917029	3.008205	6.085790	0.756880	13.808500	25.000000
4.715154	2.708089	4.260722	6.386126	2.522259	5.056320	0.756880	14.906200	25.000000
4.715154	2.708089	4.260722	5.341367	1.478930	5.199581	0.756880	15.377600	25.000000
4.715154	2.708089	4.260722	4.049000	1.346647	5.135243	0.756880	16.475300	25.000000
4.715532	2.707916	4.260943	4.686171	2.593606	4.551954	0.756880	16.946700	25.000000
4.715532	2.707916	4.260943	4.773804	2.603824	4.447572	0.756880	18.044400	25.000000
4.715154	2.708089	4.260722	4.715941	2.669451	4.330151	0.756880	18.515700	25.000000
4.715154	2.708089	4.260722	4.706134	2.673548	4.356375	0.756880	19.613400	25.000000
4.715262	2.708039	4.260825	4.709246	2.777177	4.208763	1.541410	-0.313075	25.000000
4.715262	2.708039	4.260825	4.782520	2.796152	4.223885	1.541410	0.784625	25.000000
4.715254	2.708043	4.260820	4.741065	3.009880	3.662731	1.541410	1.255990	25.000000
4.715254	2.708043	4.260820	4.743385	3.006239	4.206808	1.541410	2.353690	25.000000
4.715254	2.708043	4.260820	3.921709	2.482375	0.933124	1.541410	2.825060	25.000000
4.715254	2.708043	4.260820	5.464236	2.643383	1.994698	1.541410	3.922760	25.000000
4.715254	2.708043	4.260820	3.545998	1.216565	3.965270	1.541410	4.394120	25.000000
4.715254	2.708043	4.260820	5.603544	2.673194	4.476998	1.541410	5.491820	25.000000
4.715254	2.708043	4.260820	5.461831	0.922044	4.370292	1.541410	5.963190	25.000000
4.715254	2.708043	4.260820	3.761928	0.912982	4.024532	1.541410	7.060890	25.000000
4.715292	2.708026	4.260842	4.681848	0.503866	4.131748	1.541410	7.532260	25.000000
4.715292	2.708026	4.260842	4.692867	0.508108	4.101304	1.541410	8.629960	25.000000
4.715254	2.708043	4.260820	4.988036	0.490472	3.461997	1.541410	9.101320	25.000000
4.715141	2.708095	4.260754	4.393427	0.367545	3.608073	1.541410	10.199000	25.000000
4.715141	2.708095	4.260754	3.700216	1.123636	2.513678	1.541410	10.670400	25.000000
4.715141	2.708095	4.260754	5.576101	0.661483	2.432650	1.541410	11.768100	25.000000
4.715519	2.707922	4.260974	5.443461	1.964863	4.814631	1.541410	12.239500	25.000000
4.715519	2.707922	4.260974	3.530703	1.336408	1.620028	1.541410	13.337200	25.000000
4.715141	2.708095	4.260754	4.844481	2.042186	5.191579	1.541410	13.808500	25.000000
4.715141	2.708095	4.260754	4.492215	2.464066	3.248328	1.541410	14.906200	25.000000
4.715141	2.708095	4.260754	3.702837	0.753687	5.453124	1.541410	15.377600	25.000000
4.715141	2.708095	4.260754	5.524581	0.812294	5.363371	1.541410	16.475300	25.000000
4.715519	2.707922	4.260974	4.733878	2.502646	4.584519	1.541410	16.946700	25.000000
4.715519	2.707922	4.260974	4.612212	2.578449	4.487112	1.541410	18.044400	25.000000
4.715141	2.708095	4.260754	4.728678	2.664203	4.335301	1.541410	18.515700	25.000000
4.715141	2.708095	4.260754	4.734607	2.661788	4.371827	1.541410	19.613400	25.000000
4.715280	2.708031	4.260779	4.701330	2.781617	4.208223	2.325950	-0.313075	25.000000
4.715280	2.708031	4.260779	4.670300	2.799706	4.168684	2.325950	0.784625	25.000000
4.715272	2.708035	4.260775	4.611142	3.072061	3.094128	2.325950	1.255990	25.000000
4.715272	2.708035	4.260775	4.739438	3.012498	3.120284	2.325950	2.353690	25.000000
4.715272	2.708035	4.260775	4.861080	2.289341	3.070480	2.325950	2.825060	25.000000
4.715272	2.708035	4.260775	4.499167	2.842936	5.165902	2.325950	3.922760	25.000000
4.715272	2.708035	4.260775	5.800442	1.607871	4.391184	2.325950	4.394120	25.000000
4.715272	2.708035	4.260775	3.372727	1.546185	3.442708	2.325950	5.491820	25.000000
4.715272	2.708035	4.260775	4.337707	0.397204	4.066504	2.325950	5.963190	25.000000
4.715272	2.708035	4.260775	5.013073	0.852266	4.366335	2.325950	7.060890	25.000000
4.715310	2.708017	4.260797	4.895896	0.453973	4.838477	2.325950	7.532260	25.000000
4.715310	2.708017	4.260797	4.625419	0.313483	4.938662	2.325950	8.629960	25.000000
4.715272	2.708035	4.260775	4.509290	0.372527	3.678877	2.325950	9.101320	25.000000
4.715159	2.708086	4.260709	4.863435	0.440097	4.668938	2.325950	10.199000	25.000000
4.715159	2.708086	4.260709	3.916899	1.004941	2.707706	2.325950	10.670400	25.000000
4.715159	2.708086	4.260709	5.341198	0.533111	2.850136	2.325950	11.768100	25.000000
4.715537	2.707913	4.260929	5.262990	1.343302	3.440522	2.325950	12.239500	25.000000
4.715537	2.707913	4.260929	4.043468	1.822234	2.167297	2.325950	13.337200	25.000000
4.715159	2.708086	4.260709	1.048597	2.727567	1.894046	2.325950	13.808500	25.000000
4.715159	2.708086	4.260709	6.546738	1.780057	4.677403	2.325950	14.906200	25.000000
4.715159	2.708086	4.260709	4.621093	0.566180	5.403512	2.325950	15.377600	25.000000
4.715159	2.708086	4.260709	4.736549	0.770127	5.297027	2.325950	16.475300	25.000000
4.715537	2.707913	4.260929	4.751842	2.398761	4.618912	2.325950	16.946700	25.000000
4.715537	2.707913	4.260929	4.609816	2.502496	4.522126	2.325950	18.044400	25.000000
4.715159	2.708086	4.260709	4.653225	2.648999	4.340321	2.325950	18.515700	25.000000
4.715159	2.708086	4.260709	4.685307	2.636389	4.375298	2.325950	19.613400	25.000000
4.715280	2.708031	4.260779	4.669904	2.799944	4.145660	3.110480	-0.313075	25.000000
4.715280	2.708031	4.260779	4.696137	2.784567	4.175104	3.110480	0.784625	25.000000
4.715272	2.708035	4.260775	4.764294	2.977121	2.510911	3.110480	1.255990	25.000000
4.715272	2.708035	4.260775	4.647548	2.998427	2.738681	3.110480	2.353690	25.000000
4.715272	2.708035	4.260775	4.972424	2.877478	4.341897	3.110480	2.825060	25.000000
4.715272	2.708035	4.260775	4.367528	1.685529	4.049527	3.110480	3.922760	25.000000
4.715272	2.708035	4.260775	5.789620	1.301562	4.456980	3.110480	4.394120	25.000000
4.715272	2.708035	4.260775	3.299045	1.078258	3.948885	3.110480	5.491820	25.000000
4.715272	2.708035	4.260775	4.450888	0.337359	3.869362	3.110480	5.963190	25.000000
4.715272	2.708035	4.260775	5.015626	0.500676	4.360424	3.110480	7.060890	25.000000
4.715310	2.708017	4.260797	5.293559	0.334593	4.502019	3.110480	7.532260	25.000000
4.715310	2.708017	4.260797	4.024709	0.404444	4.643511	3.110480	8.629960	25.000000
4.715272	2.708035	4.260775	4.152650	0.611558	4.603121	3.110480	9.101320	25.000000
4.715159	2.708086	4.260709	5.128206	0.539434	4.252137	3.110480	10.199000	25.000000
4.715159	2.708086	4.260709	5.266507	0.319490	2.802635	3.110480	10.670400	25.000000
4.715159	2.708086	4.260709	4.111350	0.552335	2.840367	3.110480	11.768100	25.000000
4.715537	2.707913	4.260929	4.453605	0.876388	3.255799	3.110480	12.239500	25.000000
4.715537	2.707913	4.260929	4.965813	1.257594	2.007935	3.110480	13.337200	25.000000
4.715159	2.708086	4.260709	3.946479	1.542920	2.273649	3.110480	13.808500	25.000000
4.715159	2.708086	4.260709	5.219023	2.213959	4.563381	3.110480	14.906200	25.000000
4.715159	2.708086	4.260709	3.367492	1.006854	5.034140	3.110480	15.377600	25.000000
4.715159	2.708086	4.260709	5.778408	0.875888	4.962832	3.110480	16.475300	25.000000
4.715537	2.707913	4.260929	4.342994	2.399149	4.555079	3.110480	16.946700	25.000000
4.715537	2.707913	4.260929	5.043302	2.310625	4.596692	3.110480	18.044400	25.000000
4.715159	2.708086	4.260709	4.667601	2.643291	4.355192	3.110480	18.515700	25.000000
4.715159	2.708086	4.260709	4.808326	2.633111	4.363618	3.110480	19.613400	25.000000
4.715262	2.708039	4.260825	4.694550	2.785474	4.144723	3.895010	-0.313075	25.000000
4.715262	2.708039	4.260825	4.682948	2.792195	4.131307	3.895010	0.784625	25.000000
4.715254	2.708043	4.260820	4.808045	2.929195	2.602865	3.895010	1.255990	25.000000
4.715254	2.708043	4.260820	4.595563	2.937303	2.745151	3.895010	2.353690	25.000000
4.715254	2.708043	4.260820	6.514645	2.121675	4.576861	3.895010	2.825060	25.000000
4.715254	2.708043	4.260820	1.254631	2.493186	4.319628	3.895010	3.922760	25.000000
4.715254	2.708043	4.260820	3.420328	1.465348	4.684426	3.895010	4.394120	25.000000
4.715254	2.708043	4.260820	5.679234	0.944255	4.727453	3.895010	5.491820	25.000000
4.715254	2.708043	4.260820	4.884107	0.574512	4.418045	3.895010	5.963190	25.000000
4.715254	2.708043	4.260820	4.607581	0.301312	4.114245	3.895010	7.060890	25.000000
4.715292	2.708026	4.260842	5.245474	0.539662	4.005775	3.895010	7.532260	25.000000
4.715292	2.708026	4.260842	4.151891	0.567980	3.703514	3.895010	8.629960	25.000000
4.715254	2.708043	4.260820	3.867868	0.496957	4.073226	3.895010	9.101320	25.000000
4.715141	2.708095	4.260754	5.450101	0.599403	4.415325	3.895010	10.199000	25.000000
4.715141	2.708095	4.260754	4.079270	0.197462	1.345215	3.895010	10.670400	25.000000
4.715141	2.708095	4.260754	5.350083	0.136936	1.540668	3.895010	11.768100	25.000000
4.715519	2.707922	4.260974	3.716620	1.326209	1.628510	3.895010	12.239500	25.000000
4.715519	2.707922	4.260974	5.480418	0.321277	1.382467	3.895010	13.337200	25.000000
4.715141	2.708095	4.260754	5.942188	2.419713	1.755206	3.895010	13.808500	25.000000
4.715141	2.708095	4.260754	2.704977	0.317238	4.163840	3.895010	14.906200	25.000000
4.715141	2.708095	4.260754	3.110386	2.370218	4.460699	3.895010	15.377600	25.000000
4.715141	2.708095	4.260754	5.859027	1.953880	4.599903	3.895010	16.475300	25.000000
4.715519	2.707922	4.260974	4.854781	2.346671	4.517823	3.895010	16.946700	25.000000
4.715519	2.707922	4.260974	4.604389	2.119102	4.589928	3.895010	18.044400	25.000000
4.715141	2.708095	4.260754	4.741698	2.615288	4.365411	3.895010	18.515700	25.000000
4.715141	2.708095	4.260754	4.694231	2.632963	4.340818	3.895010	19.613400	25.000000
4.715280	2.708031	4.260779	4.717128	2.772821	4.140698	4.679550	-0.313075	25.000000
4.715280	2.708031	4.260779	4.693495	2.786078	4.114200	4.679550	0.784625	25.000000
4.715272	2.708035	4.260775	4.741574	2.896612	2.912643	4.679550	1.255990	25.000000
4.715272	2.708035	4.260775	4.722313	2.913498	3.020490	4.679550	2.353690	25.000000
4.715272	2.708035	4.260775	3.274523	2.729199	5.973482	4.679550	2.825060	25.000000
4.715272	2.708035	4.260775	5.796861	2.094708	4.624615	4.679550	3.922760	25.000000
4.715272	2.708035	4.260775	4.185272	0.942490	5.194529	4.679550	4.394120	25.000000
4.715272	2.708035	4.260775	5.135854	1.764773	4.837728	4.679550	5.491820	25.000000
4.715272	2.708035	4.260775	4.828758	0.873709	4.677268	4.679550	5.963190	25.000000
4.715272	2.708035	4.260775	4.612201	0.475757	4.384650	4.679550	7.060890	25.000000
4.715310	2.708017	4.260797	4.761355	0.490491	3.892304	4.679550	7.532260	25.000000
4.715310	2.708017	4.260797	4.643027	0.612120	3.966758	4.679550	8.629960	25.000000
4.715272	2.708035	4.260775	4.533442	0.490002	3.857336	4.679550	9.101320	25.000000
4.715159	2.708086	4.260709	4.905150	0.207431	4.732188	4.679550	10.199000	25.000000
4.715159	2.708086	4.260709	3.823676	0.579218	0.465784	4.679550	10.670400	25.000000
4.715159	2.708086	4.260709	5.481533	0.375303	1.182896	4.679550	11.768100	25.000000
4.715537	2.707913	4.260929	6.276990	0.946317	0.990963	4.679550	12.239500	25.000000
4.715537	2.707913	4.260929	2.186801	1.405420	0.158289	4.679550	13.337200	25.000000
4.715159	2.708086	4.260709	5.145276	2.556706	3.941180	4.679550	13.808500	25.000000
4.715159	2.708086	4.260709	3.972086	1.091996	0.459335	4.679550	14.906200	25.000000
4.715159	2.708086	4.260709	4.625278	2.512565	4.587122	4.679550	15.377600	25.000000
4.715159	2.708086	4.260709	4.769109	1.760649	4.523368	4.679550	16.475300	25.000000
4.715537	2.707913	4.260929	5.148058	2.122888	4.517231	4.679550	16.946700	25.000000
4.715537	2.707913	4.260929	4.312493	2.308330	4.471970	4.679550	18.044400	25.000000
4.715159	2.708086	4.260709	4.608036	2.622055	4.327013	4.679550	18.515700	25.000000
4.715159	2.708086	4.260709	4.764714	2.607032	4.350243	4.679550	19.613400	25.000000
4.715280	2.708031	4.260779	4.734480	2.763451	4.151364	5.464080	-0.313075	25.000000
4.715280	2.708031	4.260779	4.711115	2.776139	4.112855	5.464080	0.784625	25.000000
4.715272	2.708035	4.260775	4.690662	2.855496	3.367882	5.464080	1.255990	25.000000
4.715272	2.708035	4.260775	4.744237	2.894377	3.278982	5.464080	2.353690	25.000000
4.715272	2.708035	4.260775	4.583804	2.729462	2.960882	5.464080	2.825060	25.000000
4.715272	2.708035	4.260775	4.810991	2.591001	5.519926	5.464080	3.922760	25.000000
4.715272	2.708035	4.260775	2.322800	2.492202	5.841827	5.464080	4.394120	25.000000
4.715272	2.708035	4.260775	6.306346	1.615211	4.718738	5.464080	5.491820	25.000000
4.715272	2.708035	4.260775	4.529062	1.088661	4.792219	5.464080	5.963190	25.000000
4.715272	2.708035	4.260775	4.908574	0.685416	4.780028	5.464080	7.060890	25.000000
4.715310	2.708017	4.260797	4.694872	0.413070	4.782487	5.464080	7.532260	25.000000
4.715310	2.708017	4.260797	4.708672	0.419706	4.807909	5.464080	8.629960	25.000000
4.715272	2.708035	4.260775	4.967877	0.165495	5.814073	5.464080	9.101320	25.000000
4.715159	2.708086	4.260709	4.474014	0.182148	4.987299	5.464080	10.199000	25.000000
4.715159	2.708086	4.260709	3.838085	0.584933	0.573606	5.464080	10.670400	25.000000
4.715159	2.708086	4.260709	5.385072	0.760888	1.334309	5.464080	11.768100	25.000000
4.715537	2.707913	4.260929	4.778103	1.053482	6.108932	5.464080	12.239500	25.000000
4.715537	2.707913	4.260929	4.508048	2.095926	1.552850	5.464080	13.337200	25.000000
4.715159	2.708086	4.260709	3.268905	1.121089	6.074464	5.464080	13.808500	25.000000
4.715159	2.708086	4.260709	5.675588	1.854744	3.890643	5.464080	14.906200	25.000000
4.715159	2.708086	4.260709	3.155852	1.427716	4.430132	5.464080	15.377600	25.000000
4.715159	2.708086	4.260709	5.924272	1.263852	4.582763	5.464080	16.475300	25.000000
4.715537	2.707913	4.260929	4.878483	2.157298	4.428004	5.464080	16.946700	25.000000
4.715537	2.707913	4.260929	4.415156	2.349177	4.408745	5.464080	18.044400	25.000000
4.715159	2.708086	4.260709	4.611084	2.620900	4.309214	5.464080	18.515700	25.000000
4.715159	2.708086	4.260709	4.676804	2.596897	4.331883	5.464080	19.613400	25.000000
4.715262	2.708039	4.260825	4.757184	2.751613	4.139723	6.248610	-0.313075	25.000000
4.715262	2.708039	4.260825	4.635353	2.758875	4.145217	6.248610	0.784625	25.000000
4.715254	2.708043	4.260820	4.713449	2.839496	3.544612	6.248610	1.255990	25.000000
4.715254	2.708043	4.260820	4.723029	2.833054	3.708322	6.248610	2.353690	25.000000
4.715254	2.708043	4.260820	5.344427	2.212742	2.083568	6.248610	2.825060	25.000000
4.715254	2.708043	4.260820	3.905342	2.681944	2.368439	6.248610	3.922760	25.000000
4.715254	2.708043	4.260820	1.383257	0.505883	1.540954	6.248610	4.394120	25.000000
4.715254	2.708043	4.260820	6.420607	2.590484	3.882809	6.248610	5.491820	25.000000
4.715254	2.708043	4.260820	5.458141	1.131776	4.951477	6.248610	5.963190	25.000000
4.715254	2.708043	4.260820	3.818547	0.850062	5.057289	6.248610	7.060890	25.000000
4.715292	2.708026	4.260842	4.731649	0.672979	5.519367	6.248610	7.532260	25.000000
4.715292	2.708026	4.260842	4.740981	0.675444	5.600541	6.248610	8.629960	25.000000
4.715254	2.708043	4.260820	5.119570	0.454427	5.919206	6.248610	9.101320	25.000000
4.715141	2.708095	4.260754	4.313931	0.583561	5.894867	6.248610	10.199000	25.000000
4.715141	2.708095	4.260754	5.097215	0.866612	1.185510	6.248610	10.670400	25.000000
4.715141	2.708095	4.260754	4.302569	0.535622	0.885387	6.248610	11.768100	25.000000
4.715519	2.707922	4.260974	2.818792	0.923421	5.999192	6.248610	12.239500	25.000000
4.715519	2.707922	4.260974	5.962976	0.789295	2.120170	6.248610	13.337200	25.000000
4.715141	2.708095	4.260754	2.745374	2.436082	1.584279	6.248610	13.808500	25.000000
4.715141	2.708095	4.260754	5.996404	2.067981	4.724912	6.248610	14.906200	25.000000
4.715141	2.708095	4.260754	4.381438	0.288789	4.237989	6.248610	15.377600	25.000000
4.715141	2.708095	4.260754	5.035564	0.418985	4.268389	6.248610	16.475300	25.000000
4.715519	2.707922	4.260974	4.344433	2.333030	4.317108	6.248610	16.946700	25.000000
4.715519	2.707922	4.260974	5.088114	2.356795	4.380964	6.248610	18.044400	25.000000
4.715141	2.708095	4.260754	4.653483	2.605226	4.301423	6.248610	18.515700	25.000000
4.715141	2.708095	4.260754	4.780638	2.643601	4.297722	6.248610	19.613400	25.000000
4.715280	2.708031	4.260779	4.655384	2.748325	4.150819	7.033150	-0.313075	25.000000
4.715280	2.708031	4.260779	4.775950	2.742162	4.169199	7.033150	0.784625	25.000000
4.715272	2.708035	4.260775	4.657639	2.807428	3.908474	7.033150	1.255990	25.000000
4.715272	2.708035	4.260775	4.788873	2.792485	3.775326	7.033150	2.353690	25.000000
4.715272	2.708035	4.260775	5.305742	1.818334	2.186300	7.033150	2.825060	25.000000
4.715272	2.708035	4.260775	4.015022	1.440918	2.011976	7.033150	3.922760	25.000000
4.715272	2.708035	4.260775	1.670425	0.994680	4.261831	7.033150	4.394120	25.000000
4.715272	2.708035	4.260775	6.371944	2.472992	2.670699	7.033150	5.491820	25.000000
4.715272	2.708035	4.260775	3.900051	1.032337	5.345138	7.033150	5.963190	25.000000
4.715272	2.708035	4.260775	5.357919	1.271455	5.120102	7.033150	7.060890	25.000000
4.715310	2.708017	4.260797	4.814447	0.942442	5.773593	7.033150	7.532260	25.000000
4.715310	2.708017	4.260797	4.560592	1.089804	5.868226	7.033150	8.629960	25.000000
4.715272	2.708035	4.260775	4.263848	0.944282	5.983409	7.033150	9.101320	25.000000
4.715159	2.708086	4.260709	5.098637	0.965775	5.699812	7.033150	10.199000	25.000000
4.715159	2.708086	4.260709	5.211104	0.834372	0.593750	7.033150	10.670400	25.000000
4.715159	2.708086	4.260709	4.220616	0.907111	0.623047	7.033150	11.768100	25.000000
4.715537	2.707913	4.260929	6.580714	0.840486	3.772039	7.033150	12.239500	25.000000
4.715537	2.707913	4.260929	0.712881	1.754181	5.548249	7.033150	13.337200	25.000000
4.715159	2.708086	4.260709	4.483659	2.854383	2.027402	7.033150	13.808500	25.000000
4.715159	2.708086	4.260709	4.923109	2.127183	4.103819	7.033150	14.906200	25.000000
4.715159	2.708086	4.260709	5.205084	0.663744	4.142550	7.033150	15.377600	25.000000
4.715159	2.708086	4.260709	4.283795	0.794960	4.389604	7.033150	16.475300	25.000000
4.715537	2.707913	4.260929	4.604824	2.369769	4.268238	7.033150	16.946700	25.000000
4.715537	2.707913	4.260929	4.846648	2.471956	4.338055	7.033150	18.044400	25.000000
4.715159	2.708086	4.260709	4.681079	2.638025	4.268541	7.033150	18.515700	25.000000
4.715159	2.708086	4.260709	4.800187	2.636162	4.300718	7.033150	19.613400	25.000000
4.715280	2.708031	4.260779	4.696307	2.727826	4.172878	7.817680	-0.313075	25.000000
4.715280	2.708031	4.260779	4.674537	2.738563	4.180388	7.817680	0.784625	25.000000
4.715272	2.708035	4.260775	4.759160	2.750605	3.989410	7.817680	1.255990	25.000000
4.715272	2.708035	4.260775	4.688635	2.788881	3.948821	7.817680	2.353690	25.000000
4.715272	2.708035	4.260775	4.593691	2.507235	2.866320	7.817680	2.825060	25.000000
4.715272	2.708035	4.260775	4.842458	2.663728	2.740239	7.817680	3.922760	25.000000
4.715272	2.708035	4.260775	5.504544	2.332754	4.215046	7.817680	4.394120	25.000000
4.715272	2.708035	4.260775	3.809987	2.808040	3.351566	7.817680	5.491820	25.000000
4.715272	2.708035	4.260775	3.530543	1.754232	5.436639	7.817680	5.963190	25.000000
4.715272	2.708035	4.260775	5.630693	1.472605	5.320191	7.817680	7.060890	25.000000
4.715310	2.708017	4.260797	4.871447	1.449384	5.908439	7.817680	7.532260	25.000000
4.715310	2.708017	4.260797	4.620498	1.328190	6.087976	7.817680	8.629960	25.000000
4.715272	2.708035	4.260775	4.332494	1.464421	5.844455	7.817680	9.101320	25.000000
4.715159	2.708086	4.260709	5.069024	1.426282	5.669193	7.817680	10.199000	25.000000
4.715159	2.708086	4.260709	4.923921	1.364209	0.089345	7.817680	10.670400	25.000000
4.715159	2.708086	4.260709	4.511818	1.365447	0.230702	7.817680	11.768100	25.000000
4.715537	2.707913	4.260929	4.679124	2.225707	4.478521	7.817680	12.239500	25.000000
4.715537	2.707913	4.260929	4.568173	1.834334	1.199553	7.817680	13.337200	25.000000
4.715159	2.708086	4.260709	5.236067	2.416825	3.988139	7.817680	13.808500	25.000000
4.715159	2.708086	4.260709	4.049951	1.474349	3.909449	7.817680	14.906200	25.000000
4.715159	2.708086	4.260709	3.820013	0.822180	3.990198	7.817680	15.377600	25.000000
4.715159	2.708086	4.260709	5.440450	0.122019	0.903131	7.817680	16.475300	25.000000
4.715537	2.707913	4.260929	4.572308	2.477293	4.217006	7.817680	16.946700	25.000000
4.715537	2.707913	4.260929	4.862067	2.536932	4.307022	7.817680	18.044400	25.000000
4.715159	2.708086	4.260709	4.745608	2.657352	4.252790	7.817680	18.515700	25.000000
4.715159	2.708086	4.260709	4.688123	2.635304	4.286126	7.817680	19.613400	25.000000
4.715262	2.708039	4.260825	4.700213	2.725938	4.206314	8.602210	-0.313075	25.000000
4.715262	2.708039	4.260825	4.703244	2.724480	4.178270	8.602210	0.784625	25.000000
4.715254	2.708043	4.260820	4.755134	2.752664	4.104389	8.602210	1.255990	25.000000
4.715254	2.708043	4.260820	4.668576	2.741569	4.020468	8.602210	2.353690	25.000000
4.715254	2.708043	4.260820	4.784903	2.687501	3.416620	8.602210	2.825060	25.000000
4.715254	2.708043	4.260820	4.684378	2.791358	3.557922	8.602210	3.922760	25.000000
4.715254	2.708043	4.260820	4.922703	2.105845	2.586998	8.602210	4.394120	25.000000
4.715254	2.708043	4.260820	4.439887	2.025505	2.758759	8.602210	5.491820	25.000000
4.715254	2.708043	4.260820	5.161637	2.521277	4.695724	8.602210	5.963190	25.000000
4.715254	2.708043	4.260820	4.283702	2.056562	5.630709	8.602210	7.060890	25.000000
4.715292	2.708026	4.260842	4.936568	1.963683	6.120200	8.602210	7.532260	25.000000
4.715292	2.708026	4.260842	4.484975	1.923673	6.055496	8.602210	8.629960	25.000000
4.715254	2.708043	4.260820	5.257851	2.021433	5.719211	8.602210	9.101320	25.000000
4.715141	2.708095	4.260754	4.171834	2.014257	5.726836	8.602210	10.199000	25.000000
4.715141	2.708095	4.260754	5.232829	2.045114	5.950566	8.602210	10.670400	25.000000
4.715141	2.708095	4.260754	4.143585	2.096684	6.066635	8.602210	11.768100	25.000000
4.715519	2.707922	4.260974	4.209857	2.644326	2.900237	8.602210	12.239500	25.000000
4.715519	2.707922	4.260974	5.183985	2.393558	5.648759	8.602210	13.337200	25.000000
4.715141	2.708095	4.260754	5.300236	0.338197	3.810117	8.602210	13.808500	25.000000
4.715141	2.708095	4.260754	4.043476	0.146775	1.897894	8.602210	14.906200	25.000000
4.715141	2.708095	4.260754	4.782269	1.900871	4.061815	8.602210	15.377600	25.000000
4.715141	2.708095	4.260754	4.696382	2.188506	4.234724	8.602210	16.475300	25.000000
4.715519	2.707922	4.260974	4.802343	2.593942	4.270205	8.602210	16.946700	25.000000
4.715519	2.707922	4.260974	4.614867	2.538218	4.206032	8.602210	18.044400	25.000000
4.715141	2.708095	4.260754	4.739378	2.659857	4.244668	8.602210	18.515700	25.000000
4.715141	2.708095	4.260754	4.735536	2.661411	4.273276	8.602210	19.613400	25.000000
4.715262	2.708039	4.260825	4.707706	2.722346	4.199715	9.386740	-0.313075	25.000000
4.715262	2.708039	4.260825	4.714488	2.719130	4.216345	9.386740	0.784625	25.000000
4.715254	2.708043	4.260820	4.778786	2.740759	4.094633	9.386740	1.255990	25.000000
4.715254	2.708043	4.260820	4.695743	2.728100	4.153790	9.386740	2.353690	25.000000
4.715254	2.708043	4.260820	4.721123	2.770638	3.910463	9.386740	2.825060	25.000000
4.715254	2.708043	4.260820	4.733128	2.710453	3.787116	9.386740	3.922760	25.000000
4.715254	2.708043	4.260820	5.048762	2.257277	2.909036	9.386740	4.394120	25.000000
4.715254	2.708043	4.260820	4.331293	2.511669	2.940354	9.386740	5.491820	25.000000
4.715254	2.708043	4.260820	5.701412	2.084156	3.305417	9.386740	5.963190	25.000000
4.715254	2.708043	4.260820	3.402661	2.537267	2.176014	9.386740	7.060890	25.000000
4.715292	2.708026	4.260842	4.946564	2.667060	5.779954	9.386740	7.532260	25.000000
4.715292	2.708026	4.260842	4.401613	2.926303	5.709931	9.386740	8.629960	25.000000
4.715254	2.708043	4.260820	4.473969	2.861809	5.776087	9.386740	9.101320	25.000000
4.715141	2.708095	4.260754	4.983392	2.536998	4.886243	9.386740	10.199000	25.000000
4.715141	2.708095	4.260754	4.562192	2.596062	4.473558	9.386740	10.670400	25.000000
4.715141	2.708095	4.260754	4.845245	2.439721	4.577725	9.386740	11.768100	25.000000
4.715519	2.707922	4.260974	4.069705	2.042695	3.568220	9.386740	12.239500	25.000000
4.715519	2.707922	4.260974	5.341573	1.918483	4.096769	9.386740	13.337200	25.000000
4.715141	2.708095	4.260754	5.242156	0.305136	1.900579	9.386740	13.808500	25.000000
4.715141	2.708095	4.260754	4.116661	0.948384	3.920648	9.386740	14.906200	25.000000
4.715141	2.708095	4.260754	4.642467	2.493092	4.168911	9.386740	15.377600	25.000000
4.715141	2.708095	4.260754	4.818755	2.325159	4.113328	9.386740	16.475300	25.000000
4.715519	2.707922	4.260974	4.692004	2.591573	4.210439	9.386740	16.946700	25.000000
4.715519	2.707922	4.260974	4.709193	2.627293	4.246811	9.386740	18.044400	25.000000
4.715141	2.708095	4.260754	4.722902	2.666573	4.246671	9.386740	18.515700	25.000000
4.715141	2.708095	4.260754	4.708800	2.672429	4.265547	9.386740	19.613400	25.000000
4.715372	2.707989	4.260552	4.725389	2.714027	4.223632	10.171300	-0.313075	25.000000
4.715372	2.707989	4.260552	4.714488	2.719130	4.216345	10.171300	0.784625	25.000000
4.715364	2.707993	4.260548	4.705635	2.723335	4.143252	10.171300	1.255990	25.000000
4.715364	2.707993	4.260548	4.708206	2.722108	4.188068	10.171300	2.353690	25.000000
4.715364	2.707993	4.260548	4.684250	2.733728	4.072117	10.171300	2.825060	25.000000
4.715364	2.707993	4.260548	4.711306	2.720635	3.971080	10.171300	3.922760	25.000000
4.715364	2.707993	4.260548	4.671188	2.740248	3.619945	10.171300	4.394120	25.000000
4.715364	2.707993	4.260548	4.765186	2.606864	3.607082	10.171300	5.491820	25.000000
4.715364	2.707993	4.260548	5.520815	1.821568	2.905684	10.171300	5.963190	25.000000
4.715364	2.707993	4.260548	3.751133	1.973472	2.844585	10.171300	7.060890	25.000000
4.715402	2.707975	4.260570	5.367616	1.415542	3.107643	10.171300	7.532260	25.000000
4.715402	2.707975	4.260570	3.898487	1.418872	2.598948	10.171300	8.629960	25.000000
4.715364	2.707993	4.260548	4.661684	1.995300	3.484933	10.171300	9.101320	25.000000
4.715251	2.708044	4.260482	4.738417	2.004210	3.129965	10.171300	10.199000	25.000000
4.715251	2.708044	4.260482	5.177837	0.854435	3.192830	10.171300	10.670400	25.000000
4.715251	2.708044	4.260482	4.243065	0.940732	3.270289	10.171300	11.768100	25.000000
4.715629	2.707871	4.260702	4.560031	0.761678	2.428382	10.171300	12.239500	25.000000
4.715629	2.707871	4.260702	4.806862	0.463363	4.020928	10.171300	13.337200	25.000000
4.715251	2.708044	4.260482	5.013980	2.262974	4.074069	10.171300	13.808500	25.000000
4.715251	2.708044	4.260482	4.378356	2.071032	3.816334	10.171300	14.906200	25.000000
4.715251	2.708044	4.260482	4.765637	2.566868	4.217663	10.171300	15.377600	25.000000
4.715251	2.708044	4.260482	4.669261	2.521515	4.099851	10.171300	16.475300	25.000000
4.715629	2.707871	4.260702	4.701106	2.630346	4.213736	10.171300	16.946700	25.000000
4.715629	2.707871	4.260702	4.747684	2.656522	4.248741	10.171300	18.044400	25.000000
4.715251	2.708044	4.260482	4.700638	2.675866	4.240267	10.171300	18.515700	25.000000
4.715251	2.708044	4.260482	4.694699	2.678390	4.263666	10.171300	19.613400	25.000000
4.715188	2.708073	4.261006	4.719799	2.716634	4.225757	10.955800	-0.313075	25.000000
4.715188	2.708073	4.261006	4.636346	2.704263	4.230520	10.955800	0.784625	25.000000
4.715181	2.708077	4.261002	4.716450	2.718206	4.211807	10.955800	1.255990	25.000000
4.715181	2.708077	4.261002	4.721493	2.715842	4.179885	10.955800	2.353690	25.000000
4.715181	2.708077	4.261002	4.700043	2.726020	4.144851	10.955800	2.825060	25.000000
4.715181	2.708077	4.261002	4.726584	2.713473	4.086215	10.955800	3.922760	25.000000
4.715181	2.708077	4.261002	4.706910	2.722726	4.000930	10.955800	4.394120	25.000000
4.715181	2.708077	4.261002	4.777196	2.690817	3.879408	10.955800	5.491820	25.000000
4.715181	2.708077	4.261002	4.774641	2.563963	3.735978	10.955800	5.963190	25.000000
4.715181	2.708077	4.261002	4.694774	2.632755	3.489617	10.955800	7.060890	25.000000
4.715219	2.708059	4.261024	4.642510	2.139454	3.472235	10.955800	7.532260	25.000000
4.715219	2.708059	4.261024	4.813066	2.326270	3.187275	10.955800	8.629960	25.000000
4.715181	2.708077	4.261002	4.733202	1.485762	3.363941	10.955800	9.101320	25.000000
4.715067	2.708128	4.260936	4.745788	1.708192	3.120319	10.955800	10.199000	25.000000
4.715067	2.708128	4.260936	4.753704	1.867536	3.636726	10.955800	10.670400	25.000000
4.715067	2.708128	4.260936	4.665662	1.570796	3.309560	10.955800	11.768100	25.000000
4.715445	2.707955	4.261156	4.931775	2.303834	3.961726	10.955800	12.239500	25.000000
4.715445	2.707955	4.261156	4.527350	2.182530	3.670444	10.955800	13.337200	25.000000
4.715067	2.708128	4.260936	4.856264	2.469458	4.103289	10.955800	13.808500	25.000000
4.715067	2.708128	4.260936	4.582368	2.548588	4.007151	10.955800	14.906200	25.000000
4.715067	2.708128	4.260936	4.729535	2.619731	4.222182	10.955800	15.377600	25.000000
4.715067	2.708128	4.260936	4.661556	2.602320	4.138290	10.955800	16.475300	25.000000
4.715445	2.707955	4.261156	4.713258	2.670567	4.215281	10.955800	16.946700	25.000000
4.715445	2.707955	4.261156	4.745619	2.657348	4.242669	10.955800	18.044400	25.000000
4.715067	2.708128	4.260936	4.766760	2.695362	4.248741	10.955800	18.515700	25.000000
4.715067	2.708128	4.260936	4.778420	2.690288	4.255179	10.955800	19.613400	25.000000
4.715188	2.708073	4.261006	4.728901	2.712401	4.237378	11.740300	-0.313075	25.000000
4.715188	2.708073	4.261006	4.730814	2.711518	4.232870	11.740300	0.784625	25.000000
4.715181	2.708077	4.261002	4.721737	2.715728	4.221225	11.740300	1.255990	25.000000
4.715181	2.708077	4.261002	4.724045	2.714652	4.205290	11.740300	2.353690	25.000000
4.715181	2.708077	4.261002	4.705316	2.723488	4.173765	11.740300	2.825060	25.000000
4.715181	2.708077	4.261002	4.737183	2.708596	4.167655	11.740300	3.922760	25.000000
4.715181	2.708077	4.261002	4.725008	2.714204	4.046420	11.740300	4.394120	25.000000
4.715181	2.708077	4.261002	4.657811	2.694508	4.110613	11.740300	5.491820	25.000000
4.715181	2.708077	4.261002	4.717722	2.668712	4.002753	11.740300	5.963190	25.000000
4.715181	2.708077	4.261002	4.683855	2.683047	3.889466	11.740300	7.060890	25.000000
4.715219	2.708059	4.261024	4.789499	2.640209	3.868596	11.740300	7.532260	25.000000
4.715219	2.708059	4.261024	4.722341	2.581183	3.777126	11.740300	8.629960	25.000000
4.715181	2.708077	4.261002	4.697755	2.513070	3.790887	11.740300	9.101320	25.000000
4.715067	2.708128	4.260936	4.720858	2.542985	3.796371	11.740300	10.199000	25.000000
4.715067	2.708128	4.260936	4.714966	2.508065	3.833120	11.740300	10.670400	25.000000
4.715067	2.708128	4.260936	4.707834	2.510131	3.914269	11.740300	11.768100	25.000000
4.715445	2.707955	4.261156	4.821504	2.549217	4.066659	11.740300	12.239500	25.000000
4.715445	2.707955	4.261156	4.661556	2.561899	3.951916	11.740300	13.337200	25.000000
4.715067	2.708128	4.260936	4.717891	2.582688	4.123278	11.740300	13.808500	25.000000
4.715067	2.708128	4.260936	4.694039	2.633036	4.138948	11.740300	14.906200	25.000000
4.715067	2.708128	4.260936	4.774704	2.645892	4.191604	11.740300	15.377600	25.000000
4.715067	2.708128	4.260936	4.721620	2.667101	4.209343	11.740300	16.475300	25.000000
4.715445	2.707955	4.261156	4.690640	2.680126	4.240176	11.740300	16.946700	25.000000
4.715445	2.707955	4.261156	4.714881	2.669892	4.232041	11.740300	18.044400	25.000000
4.715067	2.708128	4.260936	4.766812	2.695339	4.259611	11.740300	18.515700	25.000000
4.715067	2.708128	4.260936	4.764850	2.696200	4.242206	11.740300	19.613400	25.000000
4.715364	2.707993	4.260548	4.721737	2.715728	4.221225	12.524900	1.255990	25.000000
4.715364	2.707993	4.260548	4.640108	2.702532	4.232870	12.524900	2.353690	25.000000
4.715364	2.707993	4.260548	4.730169	2.711815	4.191984	12.524900	2.825060	25.000000
4.715364	2.707993	4.260548	4.727674	2.712968	4.207762	12.524900	3.922760	25.000000
4.715364	2.707993	4.260548	4.728361	2.712650	4.137080	12.524900	4.394120	25.000000
4.715364	2.707993	4.260548	4.740781	2.706957	4.170251	12.524900	5.491820	25.000000
4.715364	2.707993	4.260548	4.763665	2.696722	4.068888	12.524900	5.963190	25.000000
4.715364	2.707993	4.260548	4.745788	2.704690	4.114718	12.524900	7.060890	25.000000
4.715402	2.707975	4.260570	4.815683	2.674577	4.057818	12.524900	7.532260	25.000000
4.715402	2.707975	4.260570	4.702021	2.675282	4.007354	12.524900	8.629960	25.000000
4.715364	2.707993	4.260548	4.669872	2.642398	4.012496	12.524900	9.101320	25.000000
4.715251	2.708044	4.260482	4.690853	2.634256	4.017089	12.524900	10.199000	25.000000
4.715251	2.708044	4.260482	4.717415	2.624217	4.036309	12.524900	10.670400	25.000000
4.715251	2.708044	4.260482	4.704009	2.629247	4.065419	12.524900	11.768100	25.000000
4.715629	2.707871	4.260702	4.716196	2.624671	4.094633	12.524900	12.239500	25.000000
4.715629	2.707871	4.260702	4.673810	2.640855	4.126859	12.524900	13.337200	25.000000
4.715251	2.708044	4.260482	4.754419	2.653841	4.154265	12.524900	13.808500	25.000000
4.715251	2.708044	4.260482	4.738618	2.660164	4.197765	12.524900	14.906200	25.000000
4.715251	2.708044	4.260482	4.723442	2.666351	4.215627	12.524900	15.377600	25.000000
4.715251	2.708044	4.260482	4.692856	2.679177	4.225241	12.524900	16.475300	25.000000
4.715629	2.707871	4.260702	4.678825	2.685230	4.233558	12.524900	16.946700	25.000000
4.715629	2.707871	4.260702	4.778410	2.690293	4.244450	12.524900	18.044400	25.000000
4.715251	2.708044	4.260482	4.663068	2.692162	4.246534	12.524900	18.515700	25.000000
4.715181	2.708077	4.261002	4.730814	2.711518	4.232870	13.309400	2.353690	25.000000
4.715181	2.708077	4.261002	4.732991	2.710516	4.217078	13.309400	2.825060	25.000000
4.715181	2.708077	4.261002	4.725389	2.714027	4.223632	13.309400	3.922760	25.000000
4.715181	2.708077	4.261002	4.641573	2.701860	4.187593	13.309400	4.394120	25.000000
4.715181	2.708077	4.261002	4.739040	2.707749	4.203828	13.309400	5.491820	25.000000
4.715181	2.708077	4.261002	4.735789	2.709233	4.160734	13.309400	5.963190	25.000000
4.715181	2.708077	4.261002	4.758277	2.699103	4.165236	13.309400	7.060890	25.000000
4.715219	2.708059	4.261024	4.669946	2.689118	4.143406	13.309400	7.532260	25.000000
4.715219	2.708059	4.261024	4.775500	2.691552	4.125721	13.309400	8.629960	25.000000
4.715181	2.708077	4.261002	4.700521	2.675916	4.119130	13.309400	9.101320	25.000000
4.715067	2.708128	4.260936	4.705507	2.673812	4.128308	13.309400	10.199000	25.000000
4.715067	2.708128	4.260936	4.715782	2.669517	4.146375	13.309400	10.670400	25.000000
4.715067	2.708128	4.260936	4.715559	2.669610	4.129561	13.309400	11.768100	25.000000
4.715445	2.707955	4.261156	4.714796	2.669927	4.156758	13.309400	12.239500	25.000000
4.715445	2.707955	4.261156	4.710839	2.671577	4.181615	13.309400	13.337200	25.000000
4.715067	2.708128	4.260936	4.795748	2.682890	4.189738	13.309400	13.808500	25.000000
4.715067	2.708128	4.260936	4.786700	2.686732	4.216837	13.309400	14.906200	25.000000
4.715067	2.708128	4.260936	4.768994	2.694384	4.222717	13.309400	15.377600	25.000000
4.715067	2.708128	4.260936	4.782384	2.688581	4.235922	13.309400	16.475300	25.000000
4.715445	2.707955	4.261156	4.674805	2.686985	4.242206	13.309400	18.044400	25.000000
4.715067	2.708128	4.260936	4.665019	2.691296	4.253147	13.309400	18.515700	25.000000
4.715067	2.708128	4.260936	4.661126	2.693026	4.250954	13.309400	19.613400	25.000000
4.715181	2.708077	4.261002	4.728901	2.712401	4.237378	14.093900	2.825060	25.000000
4.715181	2.708077	4.261002	4.732748	2.710628	4.228382	14.093900	3.922760	25.000000
4.715181	2.708077	4.261002	4.729323	2.712205	4.214664	14.093900	4.394120	25.000000
4.715181	2.708077	4.261002	4.738407	2.708038	4.226273	14.093900	5.491820	25.000000
4.715181	2.708077	4.261002	4.748473	2.703481	4.204326	14.093900	5.963190	25.000000
4.715181	2.708077	4.261002	4.648494	2.698706	4.203828	14.093900	7.060890	25.000000
4.715219	2.708059	4.261024	4.665126	2.691248	4.180415	14.093900	7.532260	25.000000
4.715219	2.708059	4.261024	4.754756	2.700669	4.191409	14.093900	8.629960	25.000000
4.715181	2.708077	4.261002	4.767117	2.695206	4.176969	14.093900	9.101320	25.000000
4.715067	2.708128	4.260936	4.672665	2.687922	4.185369	14.093900	10.199000	25.000000
4.715067	2.708128	4.260936	4.686321	2.681983	4.188470	14.093900	10.670400	25.000000
4.715067	2.708128	4.260936	4.770220	2.693848	4.190240	14.093900	11.768100	25.000000
4.715445	2.707955	4.261156	4.679338	2.685007	4.211882	14.093900	12.239500	25.000000
4.715445	2.707955	4.261156	4.685776	2.682217	4.199213	14.093900	13.337200	25.000000
4.715067	2.708128	4.260936	4.680865	2.684343	4.229263	14.093900	13.808500	25.000000
4.715067	2.708128	4.260936	4.677232	2.685924	4.216144	14.093900	14.906200	25.000000
4.715067	2.708128	4.260936	4.757205	2.699579	4.237753	14.093900	15.377600	25.000000
4.715067	2.708128	4.260936	4.766812	2.695339	4.237872	14.093900	16.475300	25.000000
4.715445	2.707955	4.261156	4.666958	2.690437	4.248741	14.093900	16.946700	25.000000
4.715445	2.707955	4.261156	4.657252	2.694758	4.248741	14.093900	18.044400	25.000000
4.715067	2.708128	4.260936	4.657306	2.694734	4.259852	14.093900	18.515700	25.000000
