20.685191	2.546471	0.173607	20.681431	2.535699	0.174082	-26.456400	-7.374340	25.000000
20.685191	2.546471	0.173607	20.683414	2.535561	0.175754	-26.456400	-6.276640	25.000000
20.685201	2.546470	0.173615	20.682420	2.535630	0.174918	-26.456400	-5.805280	25.000000
20.685201	2.546470	0.173615	20.679468	2.535836	0.172409	-26.456400	-4.707580	25.000000
20.685201	2.546470	0.173615	20.677524	2.535972	0.170735	-26.456400	-4.236210	25.000000
20.685201	2.546470	0.173615	20.676559	2.536039	0.169898	-26.456400	-3.138510	25.000000
20.685201	2.546470	0.173615	20.683414	2.535561	0.175754	-25.671800	-8.943410	25.000000
20.685191	2.546471	0.173607	20.684412	2.535491	0.176590	-25.671800	-7.374340	25.000000
20.685191	2.546471	0.173607	20.745708	2.531241	0.179252	-25.671800	-6.276640	25.000000
20.685201	2.546470	0.173615	20.654803	2.529090	0.171794	-25.671800	-5.805280	25.000000
20.685201	2.546470	0.173615	20.661801	2.528608	0.177596	-25.671800	-4.707580	25.000000
20.685201	2.546470	0.173615	20.706772	2.525527	0.166248	-25.671800	-4.236210	25.000000
20.685201	2.546470	0.173615	20.650910	2.529358	0.168473	-25.671800	-3.138510	25.000000
20.685201	2.546470	0.173615	20.721653	2.532903	0.158489	-25.671800	-2.667150	25.000000
20.685201	2.546470	0.173615	20.648041	2.529556	0.165980	-25.671800	-1.569450	25.000000
20.685199	2.546471	0.173613	20.724382	2.532714	0.160988	-25.671800	-0.000379	25.000000
20.685201	2.546470	0.173615	20.686423	2.535351	0.178260	-24.887300	-8.943410	25.000000
20.685201	2.546470	0.173615	20.639826	2.538615	0.187342	-24.887300	-7.845710	25.000000
20.685191	2.546471	0.173607	20.671142	2.527966	0.185038	-24.887300	-7.374340	25.000000
20.685191	2.546471	0.173607	20.644343	2.521427	0.181866	-24.887300	-6.276640	25.000000
20.685201	2.546470	0.173615	20.681634	2.510663	0.181320	-24.887300	-5.805280	25.000000
20.685201	2.546470	0.173615	20.666216	2.511685	0.169200	-24.887300	-4.707580	25.000000
20.685201	2.546470	0.173615	20.713850	2.508538	0.158978	-24.887300	-4.236210	25.000000
20.685201	2.546470	0.173615	20.718593	2.508226	0.163004	-24.887300	-3.138510	25.000000
20.685201	2.546470	0.173615	20.723899	2.516072	0.148890	-24.887300	-2.667150	25.000000
20.685201	2.546470	0.173615	20.696543	2.526225	0.157168	-24.887300	-1.569450	25.000000
20.685200	2.546470	0.173614	20.689468	2.526709	0.150547	-24.887300	-1.098080	25.000000
20.685199	2.546471	0.173613	20.666262	2.536759	0.160672	-24.887300	-0.000379	25.000000
20.685201	2.546470	0.173615	20.690503	2.535066	0.181598	-24.102800	-9.414780	25.000000
20.685201	2.546470	0.173615	20.630048	2.530800	0.198224	-24.102800	-8.943410	25.000000
20.685201	2.546470	0.173615	20.746732	2.531171	0.180079	-24.102800	-7.845710	25.000000
20.685191	2.546471	0.173607	20.721788	2.508016	0.209385	-24.102800	-7.374340	25.000000
20.685191	2.546471	0.173607	20.654116	2.504307	0.175851	-24.102800	-6.276640	25.000000
20.685201	2.546470	0.173615	20.728292	2.483547	0.167224	-24.102800	-5.805280	25.000000
20.685201	2.546470	0.173615	20.823662	2.477645	0.190518	-24.102800	-4.707580	25.000000
20.685201	2.546470	0.173615	20.692387	2.477911	0.151993	-24.102800	-4.236210	25.000000
20.685201	2.546470	0.173615	20.614645	2.474864	0.152769	-24.102800	-3.138510	25.000000
20.685201	2.546470	0.173615	20.633235	2.497560	0.119750	-24.102800	-2.667150	25.000000
20.685201	2.546470	0.173615	20.784535	2.487926	0.148499	-24.102800	-1.569450	25.000000
20.685200	2.546470	0.173614	20.766369	2.513246	0.132281	-24.102800	-1.098080	25.000000
20.685199	2.546471	0.173613	20.686046	2.526944	0.147232	-24.102800	-0.000379	25.000000
20.685200	2.546470	0.173614	20.654842	2.537559	0.149733	-24.102800	0.470987	25.000000
20.685182	2.546472	0.173598	20.726514	2.541052	0.190698	-23.318200	-10.512500	25.000000
20.685201	2.546470	0.173615	20.688453	2.535209	0.179929	-23.318200	-9.414780	25.000000
20.685201	2.546470	0.173615	20.691457	2.518246	0.215257	-23.318200	-8.943410	25.000000
20.685201	2.546470	0.173615	20.649659	2.521067	0.185962	-23.318200	-7.845710	25.000000
20.685191	2.546471	0.173607	20.637890	2.489235	0.229491	-23.318200	-7.374340	25.000000
20.685191	2.546471	0.173607	20.620621	2.482374	0.191184	-23.318200	-6.276640	25.000000
20.685201	2.546470	0.173615	20.625315	2.482080	0.194292	-23.318200	-5.805280	25.000000
20.685201	2.546470	0.173615	20.725407	2.491660	0.196614	-23.318200	-4.707580	25.000000
20.685201	2.546470	0.173615	20.624318	2.482142	0.146933	-23.318200	-4.236210	25.000000
20.685201	2.546470	0.173615	20.714509	2.484409	0.156314	-23.318200	-3.138510	25.000000
20.685201	2.546470	0.173615	20.668771	2.487282	0.112325	-23.318200	-2.667150	25.000000
20.685201	2.546470	0.173615	20.716923	2.500223	0.123755	-23.318200	-1.569450	25.000000
20.685200	2.546470	0.173614	20.694444	2.493631	0.120383	-23.318200	-1.098080	25.000000
20.685199	2.546471	0.173613	20.687100	2.518539	0.108736	-23.318200	-0.000379	25.000000
20.685200	2.546470	0.173614	20.686894	2.526885	0.148061	-23.318200	0.470987	25.000000
20.685201	2.546470	0.173615	20.644234	2.538304	0.138758	-23.318200	1.568690	25.000000
20.685182	2.546472	0.173598	20.650627	2.537855	0.195723	-22.533700	-10.512500	25.000000
20.685201	2.546470	0.173615	20.698891	2.534482	0.188261	-22.533700	-9.414780	25.000000
20.685201	2.546470	0.173615	20.717203	2.508317	0.243000	-22.533700	-8.943410	25.000000
20.685201	2.546470	0.173615	20.702708	2.509271	0.196594	-22.533700	-7.845710	25.000000
20.685191	2.546471	0.173607	20.868148	2.620650	0.307135	-22.533700	-7.374340	25.000000
20.685191	2.546471	0.173607	20.551263	2.511098	0.051195	-22.533700	-6.276640	25.000000
20.685201	2.546470	0.173615	20.742924	2.855533	0.229232	-22.533700	-5.805280	25.000000
20.685201	2.546470	0.173615	20.501015	2.970018	0.594342	-22.533700	-4.707580	25.000000
20.685201	2.546470	0.173615	20.667494	2.952732	0.402523	-22.533700	-4.236210	25.000000
20.685201	2.546470	0.173615	20.693960	2.922662	0.563316	-22.533700	-3.138510	25.000000
20.685201	2.546470	0.173615	20.350531	2.888065	6.242032	-22.533700	-2.667150	25.000000
20.685201	2.546470	0.173615	21.021058	2.785183	0.763222	-22.533700	-1.569450	25.000000
20.685200	2.546470	0.173614	20.601078	2.567641	0.123690	-22.533700	-1.098080	25.000000
20.685199	2.546471	0.173613	20.840864	2.500279	0.164358	-22.533700	-0.000379	25.000000
20.685200	2.546470	0.173614	20.597145	2.533085	0.112345	-22.533700	0.470987	25.000000
20.685201	2.546470	0.173615	20.708262	2.517118	0.133370	-22.533700	1.568690	25.000000
20.685201	2.546470	0.173615	20.663555	2.536949	0.158151	-22.533700	2.040050	25.000000
20.685201	2.546470	0.173615	20.684876	2.543997	0.154413	-22.533700	3.137750	25.000000
20.685182	2.546472	0.173598	20.670087	2.536491	0.209905	-21.749200	-10.512500	25.000000
20.685201	2.546470	0.173615	20.704289	2.534107	0.192417	-21.749200	-9.414780	25.000000
20.685201	2.546470	0.173615	20.746713	2.482400	0.253759	-21.749200	-8.943410	25.000000
20.685201	2.546470	0.173615	20.639041	2.513494	0.232979	-21.749200	-7.845710	25.000000
20.685191	2.546471	0.173607	21.680796	2.601969	5.239106	-21.749200	-7.374340	25.000000
20.685191	2.546471	0.173607	19.300301	2.787061	0.728378	-21.749200	-6.276640	25.000000
20.685201	2.546470	0.173615	20.404656	2.464239	3.354324	-21.749200	-5.805280	25.000000
20.685201	2.546470	0.173615	21.017764	2.589942	3.194271	-21.749200	-4.707580	25.000000
20.685201	2.546470	0.173615	20.566431	2.510089	2.941774	-21.749200	-4.236210	25.000000
20.685201	2.546470	0.173615	20.722452	2.507972	3.035436	-21.749200	-3.138510	25.000000
20.685201	2.546470	0.173615	19.988247	2.578291	2.914794	-21.749200	-2.667150	25.000000
20.685201	2.546470	0.173615	21.174277	2.449327	2.588483	-21.749200	-1.569450	25.000000
20.685200	2.546470	0.173614	22.694052	2.444514	0.765983	-21.749200	-1.098080	25.000000
20.685199	2.546471	0.173613	18.204395	2.991600	0.298499	-21.749200	-0.000379	25.000000
20.685200	2.546470	0.173614	20.711407	2.525211	0.110473	-21.749200	0.470987	25.000000
20.685201	2.546470	0.173615	20.761621	2.505409	0.075466	-21.749200	1.568690	25.000000
20.685201	2.546470	0.173615	20.592205	2.541982	0.144209	-21.749200	2.040050	25.000000
20.685201	2.546470	0.173615	20.740639	2.540058	0.153103	-21.749200	3.137750	25.000000
20.685182	2.546472	0.173598	20.746672	2.531175	0.222135	-20.964600	-10.512500	25.000000
20.685201	2.546470	0.173615	20.692134	2.526527	0.200681	-20.964600	-9.414780	25.000000
20.685201	2.546470	0.173615	20.639547	2.505261	0.244583	-20.964600	-8.943410	25.000000
20.685201	2.546470	0.173615	20.701691	2.501209	0.244979	-20.964600	-7.845710	25.000000
20.685191	2.546471	0.173607	23.758580	2.326867	5.129967	-20.964600	-7.374340	25.000000
20.685191	2.546471	0.173607	13.686913	2.759519	3.299010	-20.964600	-6.276640	25.000000
20.685201	2.546470	0.173615	20.605815	1.759235	3.478967	-20.964600	-5.805280	25.000000
20.685201	2.546470	0.173615	20.750075	1.748109	3.368758	-20.964600	-4.707580	25.000000
20.685201	2.546470	0.173615	21.274595	1.788738	3.058691	-20.964600	-4.236210	25.000000
20.685201	2.546470	0.173615	20.141559	1.745453	3.082067	-20.964600	-3.138510	25.000000
20.685201	2.546470	0.173615	21.775282	1.698350	2.821306	-20.964600	-2.667150	25.000000
20.685201	2.546470	0.173615	19.580817	1.788018	2.866167	-20.964600	-1.569450	25.000000
20.685200	2.546470	0.173614	14.809325	2.878567	0.289716	-20.964600	-1.098080	25.000000
20.685199	2.546471	0.173613	23.499619	2.162114	1.602068	-20.964600	-0.000379	25.000000
20.685200	2.546470	0.173614	20.682188	2.527208	0.061268	-20.964600	0.470987	25.000000
20.685201	2.546470	0.173615	20.709295	2.508837	0.087481	-20.964600	1.568690	25.000000
20.685201	2.546470	0.173615	20.650666	2.537853	0.145516	-20.964600	2.040050	25.000000
20.685201	2.546470	0.173615	20.635893	2.538891	0.129445	-20.964600	3.137750	25.000000
20.685182	2.546472	0.173598	20.770171	2.529559	0.236849	-20.180100	-10.512500	25.000000
20.685201	2.546470	0.173615	20.652370	2.529257	0.213918	-20.180100	-9.414780	25.000000
20.685201	2.546470	0.173615	20.446027	2.518185	0.151375	-20.180100	-8.943410	25.000000
20.685201	2.546470	0.173615	20.815244	2.686864	0.096404	-20.180100	-7.845710	25.000000
20.685191	2.546471	0.173607	17.132207	2.547842	5.672032	-20.180100	-7.374340	25.000000
20.685191	2.546471	0.173607	19.725235	1.749179	4.482154	-20.180100	-6.276640	25.000000
20.685201	2.546470	0.173615	20.611405	1.113523	3.656044	-20.180100	-5.805280	25.000000
20.685201	2.546470	0.173615	20.767282	1.101078	3.624562	-20.180100	-4.707580	25.000000
20.685201	2.546470	0.173615	20.837217	1.181941	3.004243	-20.180100	-4.236210	25.000000
20.685201	2.546470	0.173615	20.635755	1.146251	3.121383	-20.180100	-3.138510	25.000000
20.685201	2.546470	0.173615	21.978626	1.113707	2.773327	-20.180100	-2.667150	25.000000
20.685201	2.546470	0.173615	19.357169	1.081381	2.751304	-20.180100	-1.569450	25.000000
20.685200	2.546470	0.173614	13.032974	1.655298	2.070266	-20.180100	-1.098080	25.000000
20.685199	2.546471	0.173613	23.728961	2.207080	1.134802	-20.180100	-0.000379	25.000000
20.685200	2.546470	0.173614	20.776188	2.529147	0.202322	-20.180100	0.470987	25.000000
20.685201	2.546470	0.173615	20.657301	2.581410	0.117801	-20.180100	1.568690	25.000000
20.685201	2.546470	0.173615	20.661801	2.545640	0.129703	-20.180100	2.040050	25.000000
20.685201	2.546470	0.173615	20.683861	2.535529	0.118249	-20.180100	3.137750	25.000000
20.685182	2.546472	0.173598	20.671197	2.544970	0.192330	-19.395600	-10.983800	25.000000
20.685182	2.546472	0.173598	20.802058	2.535770	0.242112	-19.395600	-10.512500	25.000000
20.685201	2.546470	0.173615	20.602740	2.524260	0.234404	-19.395600	-9.414780	25.000000
20.685201	2.546470	0.173615	19.678478	2.689328	0.264722	-19.395600	-8.943410	25.000000
20.685201	2.546470	0.173615	21.487459	2.655653	5.177373	-19.395600	-7.845710	25.000000
20.685191	2.546471	0.173607	21.312288	2.275114	5.231688	-19.395600	-7.374340	25.000000
20.685191	2.546471	0.173607	16.205542	1.340448	4.562245	-19.395600	-6.276640	25.000000
20.685201	2.546470	0.173615	19.958206	0.657284	4.179002	-19.395600	-5.805280	25.000000
20.685201	2.546470	0.173615	21.450874	0.742816	4.034419	-19.395600	-4.707580	25.000000
20.685201	2.546470	0.173615	20.805982	0.779402	3.084804	-19.395600	-4.236210	25.000000
20.685201	2.546470	0.173615	20.564494	0.671478	2.967192	-19.395600	-3.138510	25.000000
20.685201	2.546470	0.173615	21.731314	0.715643	2.571098	-19.395600	-2.667150	25.000000
20.685201	2.546470	0.173615	19.578815	0.631751	2.276608	-19.395600	-1.569450	25.000000
20.685200	2.546470	0.173614	17.783751	1.260506	1.696909	-19.395600	-1.098080	25.000000
20.685199	2.546471	0.173613	21.131256	2.133892	1.135183	-19.395600	-0.000379	25.000000
20.685200	2.546470	0.173614	21.846052	2.469869	0.457069	-19.395600	0.470987	25.000000
20.685201	2.546470	0.173615	19.476653	2.777514	1.074902	-19.395600	1.568690	25.000000
20.685201	2.546470	0.173615	20.674322	2.536195	0.105589	-19.395600	2.040050	25.000000
20.685201	2.546470	0.173615	20.648876	2.546564	0.113424	-19.395600	3.137750	25.000000
20.685182	2.546472	0.173598	20.672274	2.544894	0.193175	-18.611000	-12.081500	25.000000
20.685182	2.546472	0.173598	20.663226	2.536972	0.243327	-18.611000	-10.512500	25.000000
20.685201	2.546470	0.173615	20.570211	2.526491	0.250291	-18.611000	-9.414780	25.000000
20.685201	2.546470	0.173615	22.333383	2.283299	4.706472	-18.611000	-8.943410	25.000000
20.685201	2.546470	0.173615	17.477414	2.713467	6.158830	-18.611000	-7.845710	25.000000
20.685191	2.546471	0.173607	16.478547	1.325607	4.397562	-18.611000	-7.374340	25.000000
20.685191	2.546471	0.173607	23.698827	1.853902	4.862365	-18.611000	-6.276640	25.000000
20.685201	2.546470	0.173615	19.499477	0.599420	4.725116	-18.611000	-5.805280	25.000000
20.685201	2.546470	0.173615	21.891862	0.688852	4.536135	-18.611000	-4.707580	25.000000
20.685201	2.546470	0.173615	20.673413	0.338540	2.921344	-18.611000	-4.236210	25.000000
20.685201	2.546470	0.173615	20.683317	0.309590	3.119374	-18.611000	-3.138510	25.000000
20.685201	2.546470	0.173615	19.321876	0.425374	1.833418	-18.611000	-2.667150	25.000000
20.685201	2.546470	0.173615	21.896018	0.629425	1.899416	-18.611000	-1.569450	25.000000
20.685200	2.546470	0.173614	25.135013	1.336717	1.460139	-18.611000	-1.098080	25.000000
20.685199	2.546471	0.173613	14.090681	1.864556	1.684483	-18.611000	-0.000379	25.000000
20.685200	2.546470	0.173614	21.428486	2.494771	0.536435	-18.611000	0.470987	25.000000
20.685201	2.546470	0.173615	18.919302	2.230814	1.752445	-18.611000	1.568690	25.000000
20.685201	2.546470	0.173615	20.697490	2.543102	0.102229	-18.611000	2.040050	25.000000
20.685201	2.546470	0.173615	20.637153	2.547403	0.096224	-18.611000	3.137750	25.000000
20.685182	2.546472	0.173598	20.755069	2.547601	0.193175	-17.826500	-10.983800	25.000000
20.685182	2.546472	0.173598	20.680002	2.535799	0.253217	-17.826500	-10.512500	25.000000
20.685201	2.546470	0.173615	20.665974	2.536779	0.244979	-17.826500	-9.414780	25.000000
20.685201	2.546470	0.173615	20.748253	2.482304	5.727922	-17.826500	-8.943410	25.000000
20.685201	2.546470	0.173615	18.448306	1.856538	4.718039	-17.826500	-7.845710	25.000000
20.685191	2.546471	0.173607	19.802548	1.104661	4.453425	-17.826500	-7.374340	25.000000
20.685191	2.546471	0.173607	21.467566	1.496196	4.685293	-17.826500	-6.276640	25.000000
20.685201	2.546470	0.173615	21.768473	0.629183	4.995621	-17.826500	-5.805280	25.000000
20.685201	2.546470	0.173615	19.560174	0.585699	4.760500	-17.826500	-4.707580	25.000000
20.685201	2.546470	0.173615	20.610454	0.143028	0.198731	-17.826500	-4.236210	25.000000
20.685201	2.546470	0.173615	20.704987	0.140832	0.134598	-17.826500	-3.138510	25.000000
20.685201	2.546470	0.173615	21.731960	0.487533	1.262403	-17.826500	-2.667150	25.000000
20.685201	2.546470	0.173615	19.539092	0.555610	1.256103	-17.826500	-1.569450	25.000000
20.685200	2.546470	0.173614	17.854812	1.447266	1.686639	-17.826500	-1.098080	25.000000
20.685199	2.546471	0.173613	23.190509	1.143994	1.468582	-17.826500	-0.000379	25.000000
20.685200	2.546470	0.173614	7.350510	2.416213	1.300947	-17.826500	0.470987	25.000000
20.685201	2.546470	0.173615	26.448062	2.119729	1.184529	-17.826500	1.568690	25.000000
20.685201	2.546470	0.173615	20.718504	2.550219	0.093638	-17.826500	2.040050	25.000000
20.685201	2.546470	0.173615	20.637694	2.547365	0.097085	-17.826500	3.137750	25.000000
20.685201	2.546470	0.173615	20.711552	2.550719	0.154890	-17.826500	3.609120	25.000000
20.685182	2.546472	0.173598	20.670126	2.545047	0.191484	-17.042000	-10.983800	25.000000
20.685182	2.546472	0.173598	20.689427	2.543674	0.244562	-17.042000	-10.512500	25.000000
20.685201	2.546470	0.173615	20.622194	2.539857	0.253705	-17.042000	-9.414780	25.000000
20.685201	2.546470	0.173615	15.642570	2.359730	6.082231	-17.042000	-8.943410	25.000000
20.685201	2.546470	0.173615	23.633874	1.898186	5.216015	-17.042000	-7.845710	25.000000
20.685191	2.546471	0.173607	23.256827	0.998247	4.835475	-17.042000	-7.374340	25.000000
20.685191	2.546471	0.173607	17.566161	1.191755	5.049642	-17.042000	-6.276640	25.000000
20.685201	2.546470	0.173615	21.155378	0.398223	5.480547	-17.042000	-5.805280	25.000000
20.685201	2.546470	0.173615	20.263761	0.619340	5.160829	-17.042000	-4.707580	25.000000
20.685201	2.546470	0.173615	20.704830	0.590389	0.148032	-17.042000	-4.236210	25.000000
20.685201	2.546470	0.173615	20.619408	0.529095	0.038443	-17.042000	-3.138510	25.000000
20.685201	2.546470	0.173615	21.043289	0.553619	0.520267	-17.042000	-2.667150	25.000000
20.685201	2.546470	0.173615	20.281272	0.576801	0.920062	-17.042000	-1.569450	25.000000
20.685200	2.546470	0.173614	22.601106	0.984751	1.356736	-17.042000	-1.098080	25.000000
20.685199	2.546471	0.173613	18.486211	1.135217	1.335948	-17.042000	-0.000379	25.000000
20.685200	2.546470	0.173614	15.063532	2.399238	0.309329	-17.042000	0.470987	25.000000
20.685201	2.546470	0.173615	23.062741	1.740717	1.201727	-17.042000	1.568690	25.000000
20.685201	2.546470	0.173615	20.664220	2.554142	0.096193	-17.042000	2.040050	25.000000
20.685201	2.546470	0.173615	20.747002	2.556852	0.095324	-17.042000	3.137750	25.000000
20.685201	2.546470	0.173615	20.628582	2.548019	0.154890	-17.042000	3.609120	25.000000
20.685201	2.546470	0.173615	20.712414	2.550657	0.155746	-17.042000	4.706820	25.000000
20.685182	2.546472	0.173598	20.726177	2.549668	0.251690	-16.257400	-10.512500	25.000000
20.685201	2.546470	0.173615	20.672109	2.544905	0.233703	-16.257400	-9.414780	25.000000
20.685201	2.546470	0.173615	18.701337	1.995154	6.153736	-16.257400	-8.943410	25.000000
20.685201	2.546470	0.173615	22.232859	2.469669	5.693179	-16.257400	-7.845710	25.000000
20.685191	2.546471	0.173607	19.940913	0.998457	5.658775	-16.257400	-7.374340	25.000000
20.685191	2.546471	0.173607	21.248529	1.481259	5.373847	-16.257400	-6.276640	25.000000
20.685201	2.546470	0.173615	20.732583	0.574878	5.843343	-16.257400	-5.805280	25.000000
20.685201	2.546470	0.173615	20.687436	0.589133	5.803975	-16.257400	-4.707580	25.000000
20.685201	2.546470	0.173615	20.808892	0.663040	0.180552	-16.257400	-4.236210	25.000000
20.685201	2.546470	0.173615	20.535092	0.612677	0.135909	-16.257400	-3.138510	25.000000
20.685201	2.546470	0.173615	20.854256	0.609426	0.271395	-16.257400	-2.667150	25.000000
20.685201	2.546470	0.173615	20.471932	0.590962	0.444042	-16.257400	-1.569450	25.000000
20.685200	2.546470	0.173614	22.265220	1.212881	1.032022	-16.257400	-1.098080	25.000000
20.685199	2.546471	0.173613	18.861071	1.005703	0.736548	-16.257400	-0.000379	25.000000
20.685200	2.546470	0.173614	15.117209	2.074752	0.075613	-16.257400	0.470987	25.000000
20.685201	2.546470	0.173615	24.291562	2.087479	0.919720	-16.257400	1.568690	25.000000
20.685201	2.546470	0.173615	20.748600	2.556736	0.097931	-16.257400	2.040050	25.000000
20.685201	2.546470	0.173615	20.640484	2.564695	0.101436	-16.257400	3.137750	25.000000
20.685201	2.546470	0.173615	20.712414	2.550657	0.155746	-16.257400	4.706820	25.000000
20.685182	2.546472	0.173598	20.645397	2.555513	0.236907	-15.472900	-10.512500	25.000000
20.685201	2.546470	0.173615	20.656837	2.545995	0.223630	-15.472900	-9.414780	25.000000
20.685201	2.546470	0.173615	20.506594	2.514089	6.201699	-15.472900	-8.943410	25.000000
20.685201	2.546470	0.173615	20.803175	2.440761	0.217133	-15.472900	-7.845710	25.000000
20.685191	2.546471	0.173607	21.584661	1.912851	5.602300	-15.472900	-7.374340	25.000000
20.685191	2.546471	0.173607	19.288445	1.477861	6.136870	-15.472900	-6.276640	25.000000
20.685201	2.546470	0.173615	20.830987	0.766877	6.095287	-15.472900	-5.805280	25.000000
20.685201	2.546470	0.173615	20.444070	0.967449	5.867374	-15.472900	-4.707580	25.000000
20.685201	2.546470	0.173615	20.591503	0.564215	0.238371	-15.472900	-4.236210	25.000000
20.685201	2.546470	0.173615	20.773563	0.461538	0.105047	-15.472900	-3.138510	25.000000
20.685201	2.546470	0.173615	21.238173	0.724770	0.536765	-15.472900	-2.667150	25.000000
20.685201	2.546470	0.173615	20.068632	0.703807	0.115759	-15.472900	-1.569450	25.000000
20.685200	2.546470	0.173614	22.514495	1.537478	0.823116	-15.472900	-1.098080	25.000000
20.685199	2.546471	0.173613	18.410964	1.437876	0.306154	-15.472900	-0.000379	25.000000
20.685200	2.546470	0.173614	21.750632	2.468001	0.559381	-15.472900	0.470987	25.000000
20.685201	2.546470	0.173615	19.443508	2.210054	0.115611	-15.472900	1.568690	25.000000
20.685201	2.546470	0.173615	20.700070	2.560286	0.108423	-15.472900	2.040050	25.000000
20.685201	2.546470	0.173615	20.676859	2.570888	0.112140	-15.472900	3.137750	25.000000
20.685201	2.546470	0.173615	20.658412	2.554565	0.157965	-15.472900	3.609120	25.000000
20.685182	2.546472	0.173598	20.715861	2.550409	0.206738	-14.688400	-10.512500	25.000000
20.685201	2.546470	0.173615	20.684139	2.552698	0.224711	-14.688400	-9.414780	25.000000
20.685201	2.546470	0.173615	20.740176	2.566150	0.262600	-14.688400	-8.943410	25.000000
20.685201	2.546470	0.173615	20.706475	2.559816	0.258621	-14.688400	-7.845710	25.000000
20.685191	2.546471	0.173607	17.982213	1.982745	0.097253	-14.688400	-7.374340	25.000000
20.685191	2.546471	0.173607	22.393526	2.028726	5.518911	-14.688400	-6.276640	25.000000
20.685201	2.546470	0.173615	20.255863	1.264901	5.884412	-14.688400	-5.805280	25.000000
20.685201	2.546470	0.173615	21.141429	0.944033	5.887496	-14.688400	-4.707580	25.000000
20.685201	2.546470	0.173615	20.682418	0.738085	0.048882	-14.688400	-4.236210	25.000000
20.685201	2.546470	0.173615	20.672745	0.678041	0.101971	-14.688400	-3.138510	25.000000
20.685201	2.546470	0.173615	19.893718	1.078659	0.361441	-14.688400	-2.667150	25.000000
20.685201	2.546470	0.173615	21.418683	0.807945	0.498316	-14.688400	-1.569450	25.000000
20.685200	2.546470	0.173614	23.083761	1.749358	0.825874	-14.688400	-1.098080	25.000000
20.685199	2.546471	0.173613	17.565876	1.955979	0.185348	-14.688400	-0.000379	25.000000
20.685200	2.546470	0.173614	20.616052	2.515031	0.121072	-14.688400	0.470987	25.000000
20.685201	2.546470	0.173615	20.767525	2.573004	0.180733	-14.688400	1.568690	25.000000
20.685201	2.546470	0.173615	20.679316	2.570703	0.115697	-14.688400	2.040050	25.000000
20.685201	2.546470	0.173615	20.720060	2.558819	0.134580	-14.688400	3.137750	25.000000
20.685734	2.546432	0.173583	20.664946	2.554090	0.211093	-13.903900	-10.512500	25.000000
20.685753	2.546431	0.173600	20.702476	2.551373	0.196544	-13.903900	-9.414780	25.000000
20.685753	2.546431	0.173600	20.666420	2.589870	0.283499	-13.903900	-8.943410	25.000000
20.685753	2.546431	0.173600	20.719315	2.558874	0.266252	-13.903900	-7.845710	25.000000
20.685743	2.546432	0.173592	21.461128	1.927801	5.692424	-13.903900	-7.374340	25.000000
20.685743	2.546432	0.173592	19.209633	2.410459	0.188222	-13.903900	-6.276640	25.000000
20.685753	2.546431	0.173600	21.049703	1.306442	5.920958	-13.903900	-5.805280	25.000000
20.685753	2.546431	0.173600	20.304433	1.437425	5.996012	-13.903900	-4.707580	25.000000
20.685753	2.546431	0.173600	20.699275	1.205206	0.056933	-13.903900	-4.236210	25.000000
20.685753	2.546431	0.173600	20.733666	1.200673	0.055384	-13.903900	-3.138510	25.000000
20.685753	2.546431	0.173600	20.725106	1.346979	0.401643	-13.903900	-2.667150	25.000000
20.685753	2.546431	0.173600	20.702657	1.266650	0.276909	-13.903900	-1.569450	25.000000
20.685752	2.546431	0.173599	17.800281	1.706038	0.269733	-13.903900	-1.098080	25.000000
20.685751	2.546431	0.173598	22.653918	2.330384	0.733720	-13.903900	-0.000379	25.000000
20.685752	2.546431	0.173599	20.633429	2.592474	0.113528	-13.903900	0.470987	25.000000
20.685753	2.546431	0.173600	20.749419	2.592572	0.072097	-13.903900	1.568690	25.000000
20.685753	2.546431	0.173600	20.677340	2.561961	0.148890	-13.903900	2.040050	25.000000
20.685753	2.546431	0.173600	20.660629	2.563198	0.129626	-13.903900	3.137750	25.000000
20.685182	2.546472	0.173598	20.693934	2.551990	0.189726	-13.119300	-10.512500	25.000000
20.685201	2.546470	0.173615	20.622764	2.548437	0.199097	-13.119300	-9.414780	25.000000
20.685201	2.546470	0.173615	20.649235	2.564044	0.220882	-13.119300	-8.943410	25.000000
20.685201	2.546470	0.173615	20.632937	2.574212	0.265540	-13.119300	-7.845710	25.000000
20.685191	2.546471	0.173607	20.482004	2.595208	6.193801	-13.119300	-7.374340	25.000000
20.685191	2.546471	0.173607	20.826800	2.301521	0.118917	-13.119300	-6.276640	25.000000
20.685201	2.546470	0.173615	20.634815	1.906613	6.084783	-13.119300	-5.805280	25.000000
20.685201	2.546470	0.173615	20.838726	1.818044	0.022274	-13.119300	-4.707580	25.000000
20.685201	2.546470	0.173615	20.605885	1.805899	0.062419	-13.119300	-4.236210	25.000000
20.685201	2.546470	0.173615	20.705219	1.784936	0.114423	-13.119300	-3.138510	25.000000
20.685201	2.546470	0.173615	20.582760	1.826203	0.227928	-13.119300	-2.667150	25.000000
20.685201	2.546470	0.173615	20.941347	1.767854	0.181160	-13.119300	-1.569450	25.000000
20.685200	2.546470	0.173614	21.793577	2.244695	0.584745	-13.119300	-1.098080	25.000000
20.685199	2.546471	0.173613	19.479733	2.372721	6.201883	-13.119300	-0.000379	25.000000
20.685200	2.546470	0.173614	20.635331	2.583110	0.079648	-13.119300	0.470987	25.000000
20.685201	2.546470	0.173615	20.732219	2.593930	0.132858	-13.119300	1.568690	25.000000
20.685201	2.546470	0.173615	20.603012	2.558619	0.158481	-13.119300	2.040050	25.000000
20.685201	2.546470	0.173615	20.726121	2.558376	0.141525	-13.119300	3.137750	25.000000
20.685182	2.546472	0.173598	20.696041	2.551837	0.191432	-12.334800	-10.512500	25.000000
20.685201	2.546470	0.173615	20.731437	2.557987	0.198254	-12.334800	-8.943410	25.000000
20.685201	2.546470	0.173615	20.660194	2.563230	0.228657	-12.334800	-7.845710	25.000000
20.685191	2.546471	0.173607	20.724826	2.585309	0.251184	-12.334800	-7.374340	25.000000
20.685191	2.546471	0.173607	20.758285	2.582722	0.236605	-12.334800	-6.276640	25.000000
20.685201	2.546470	0.173615	20.521540	2.434382	0.070559	-12.334800	-5.805280	25.000000
20.685201	2.546470	0.173615	20.837946	2.492485	0.281571	-12.334800	-4.707580	25.000000
20.685201	2.546470	0.173615	20.666226	2.411597	0.162524	-12.334800	-4.236210	25.000000
20.685201	2.546470	0.173615	20.806847	2.433134	0.143046	-12.334800	-3.138510	25.000000
20.685201	2.546470	0.173615	20.552248	2.447716	0.081498	-12.334800	-2.667150	25.000000
20.685201	2.546470	0.173615	20.784872	2.419684	0.185259	-12.334800	-1.569450	25.000000
20.685200	2.546470	0.173614	20.719800	2.604269	0.140964	-12.334800	-1.098080	25.000000
20.685199	2.546471	0.173613	20.639644	2.555933	0.138054	-12.334800	-0.000379	25.000000
20.685200	2.546470	0.173614	20.686952	2.579129	0.154717	-12.334800	0.470987	25.000000
20.685201	2.546470	0.173615	20.623348	2.574942	0.113151	-12.334800	1.568690	25.000000
20.685201	2.546470	0.173615	20.747038	2.556850	0.163139	-12.334800	2.040050	25.000000
20.685201	2.546470	0.173615	20.652431	2.555000	0.151918	-12.334800	3.137750	25.000000
20.685753	2.546431	0.173600	20.674342	2.562183	0.197396	-11.550300	-8.943410	25.000000
20.685753	2.546431	0.173600	20.702476	2.551373	0.196544	-11.550300	-7.845710	25.000000
20.685743	2.546432	0.173592	20.717695	2.585862	0.205470	-11.550300	-7.374340	25.000000
20.685743	2.546432	0.173592	20.651286	2.572820	0.241490	-11.550300	-6.276640	25.000000
20.685753	2.546431	0.173600	20.677836	2.617266	0.221079	-11.550300	-5.805280	25.000000
20.685753	2.546431	0.173600	20.684526	2.607138	0.253266	-11.550300	-4.707580	25.000000
20.685753	2.546431	0.173600	20.643924	2.629921	0.203216	-11.550300	-4.236210	25.000000
20.685753	2.546431	0.173600	20.693709	2.635534	0.214992	-11.550300	-3.138510	25.000000
20.685753	2.546431	0.173600	20.721728	2.613615	0.163574	-11.550300	-2.667150	25.000000
20.685753	2.546431	0.173600	20.738247	2.631673	0.155729	-11.550300	-1.569450	25.000000
20.685752	2.546431	0.173599	20.707931	2.595856	0.166372	-11.550300	-1.098080	25.000000
20.685751	2.546431	0.173598	20.669119	2.598956	0.117382	-11.550300	-0.000379	25.000000
20.685752	2.546431	0.173599	20.657998	2.572312	0.155995	-11.550300	0.470987	25.000000
20.685753	2.546431	0.173600	20.676530	2.562021	0.148017	-11.550300	1.568690	25.000000
20.685146	2.546474	0.173617	20.725011	2.558457	0.193099	-10.765700	-8.943410	25.000000
20.685136	2.546475	0.173608	20.662819	2.563036	0.187849	-10.765700	-7.374340	25.000000
20.685136	2.546475	0.173608	20.773531	2.563679	0.209493	-10.765700	-6.276640	25.000000
20.685146	2.546474	0.173617	20.747195	2.592747	0.203737	-10.765700	-5.805280	25.000000
20.685146	2.546474	0.173617	20.691402	2.578788	0.208942	-10.765700	-4.707580	25.000000
20.685146	2.546474	0.173617	20.678985	2.598165	0.190059	-10.765700	-4.236210	25.000000
20.685146	2.546474	0.173617	20.684932	2.597689	0.195563	-10.765700	-3.138510	25.000000
20.685146	2.546474	0.173617	20.665778	2.599224	0.177170	-10.765700	-2.667150	25.000000
20.685146	2.546474	0.173617	20.673241	2.589335	0.163936	-10.765700	-1.569450	25.000000
20.685145	2.546474	0.173616	20.653871	2.572624	0.151556	-10.765700	-1.098080	25.000000
20.685144	2.546474	0.173615	20.697159	2.578347	0.165446	-10.765700	-0.000379	25.000000
20.685145	2.546474	0.173616	20.697297	2.560490	0.168911	-10.765700	0.470987	25.000000
20.685146	2.546474	0.173617	20.599575	2.558872	0.154997	-10.765700	1.568690	25.000000
20.685191	2.546471	0.173607	20.723957	2.558534	0.192239	-9.981180	-6.276640	25.000000
20.685201	2.546470	0.173615	20.697403	2.569344	0.193021	-9.981180	-5.805280	25.000000
20.685201	2.546470	0.173615	20.660787	2.563186	0.186109	-9.981180	-4.707580	25.000000
20.685201	2.546470	0.173615	20.686266	2.570180	0.183371	-9.981180	-4.236210	25.000000
20.685201	2.546470	0.173615	20.715704	2.576931	0.183242	-9.981180	-3.138510	25.000000
20.685201	2.546470	0.173615	20.708056	2.577514	0.176137	-9.981180	-2.667150	25.000000
20.685201	2.546470	0.173615	20.672929	2.571184	0.171040	-9.981180	-1.569450	25.000000
20.685200	2.546470	0.173614	20.691846	2.560891	0.163700	-9.981180	-1.098080	25.000000
20.685199	2.546471	0.173613	20.588832	2.568561	0.171040	-9.981180	-0.000379	25.000000
20.685201	2.546470	0.173615	20.656779	2.563484	0.182627	-9.196650	-5.805280	25.000000
20.685201	2.546470	0.173615	20.652847	2.563775	0.179140	-9.196650	-4.236210	25.000000
20.685201	2.546470	0.173615	20.708716	2.559651	0.179303	-9.196650	-3.138510	25.000000
20.685201	2.546470	0.173615	20.700087	2.560285	0.171512	-9.196650	-2.667150	25.000000
20.685201	2.546470	0.173615	20.649949	2.563991	0.176522	-9.196650	-1.569450	25.000000
20.685199	2.546471	0.173613	20.702920	2.560077	0.174112	-9.196650	-0.000379	25.000000
20.685201	2.546470	0.173615	20.623290	2.557130	0.177574	-8.412110	-4.236210	25.000000
