19.090430	2.708019	5.163981	19.100262	2.703935	5.187086	-18.675400	8.264610	25.000000
19.090430	2.708019	5.163981	19.100262	2.703935	5.187086	-18.675400	9.362310	25.000000
19.090430	2.708019	5.163981	19.138182	2.699719	5.181501	-18.675400	9.923100	25.000000
19.090354	2.708028	5.163992	19.100262	2.703935	5.187086	-18.675400	11.020800	25.000000
19.090354	2.708028	5.163992	19.100262	2.703935	5.187086	-18.675400	11.581600	25.000000
19.090354	2.708028	5.163992	19.138182	2.699719	5.181501	-18.675400	12.679300	25.000000
19.090732	2.707985	5.163937	19.009734	2.701705	5.187086	-18.675400	13.240100	25.000000
19.090430	2.708019	5.163981	19.153590	2.710347	5.192795	-17.846200	6.606120	25.000000
19.090430	2.708019	5.163981	19.082453	2.705933	5.203807	-17.846200	7.703820	25.000000
19.090430	2.708019	5.163981	19.102618	2.703671	5.214691	-17.846200	8.264610	25.000000
19.090430	2.708019	5.163981	19.082453	2.705933	5.203807	-17.846200	9.362310	25.000000
19.090430	2.708019	5.163981	19.070396	2.694994	5.219487	-17.846200	9.923100	25.000000
19.090354	2.708028	5.163992	19.049672	2.697272	5.208812	-17.846200	11.020800	25.000000
19.090354	2.708028	5.163992	19.157766	2.697563	5.192339	-17.846200	11.581600	25.000000
19.090354	2.708028	5.163992	19.049672	2.697272	5.208812	-17.846200	12.679300	25.000000
19.090732	2.707985	5.163937	19.067512	2.695310	5.192339	-17.846200	13.240100	25.000000
19.090732	2.707985	5.163937	19.067512	2.695310	5.192339	-17.846200	14.337800	25.000000
19.090430	2.708019	5.163981	19.062791	2.708155	5.192795	-17.016900	4.947640	25.000000
19.090430	2.708019	5.163981	19.049934	2.709615	5.237756	-17.016900	6.606120	25.000000
19.090430	2.708019	5.163981	19.193228	2.705881	5.214691	-17.016900	7.703820	25.000000
19.090430	2.708019	5.163981	19.166116	2.696648	5.246572	-17.016900	8.264610	25.000000
19.090430	2.708019	5.163981	18.988681	2.704067	5.276258	-17.016900	9.362310	25.000000
19.090430	2.708019	5.163981	19.091883	2.680729	5.270988	-17.016900	9.923100	25.000000
19.090354	2.708028	5.163992	19.144190	2.687011	5.277293	-17.016900	11.020800	25.000000
19.090354	2.708028	5.163992	19.106543	2.679186	5.254821	-17.016900	11.581600	25.000000
19.090354	2.708028	5.163992	19.049672	2.673441	5.222877	-17.016900	12.679300	25.000000
19.090732	2.707985	5.163937	19.096073	2.680287	5.202346	-17.016900	13.240100	25.000000
19.090732	2.707985	5.163937	19.087692	2.693106	5.203057	-17.016900	14.337800	25.000000
19.090732	2.707985	5.163937	19.138182	2.699719	5.181501	-17.016900	14.898600	25.000000
19.090732	2.707985	5.163937	19.067512	2.695310	5.192339	-17.016900	15.996300	25.000000
19.090354	2.708028	5.163992	19.157505	2.697592	5.165167	-17.016900	16.557000	25.000000
19.090354	2.708028	5.163992	19.047835	2.697474	5.181501	-17.016900	17.654700	25.000000
19.090430	2.708019	5.163981	19.100262	2.703935	5.187086	-16.187700	4.386850	25.000000
19.090430	2.708019	5.163981	18.989207	2.716605	5.204600	-16.187700	4.947640	25.000000
19.090430	2.708019	5.163981	19.193228	2.705881	5.214691	-16.187700	6.045340	25.000000
19.090430	2.708019	5.163981	19.151501	2.698251	5.263247	-16.187700	6.606120	25.000000
19.090430	2.708019	5.163981	18.997368	2.715657	5.307459	-16.187700	7.703820	25.000000
19.090430	2.708019	5.163981	19.018149	2.688599	5.327052	-16.187700	8.264610	25.000000
19.090430	2.708019	5.163981	19.133479	2.688158	5.336799	-16.187700	9.362310	25.000000
19.090430	2.708019	5.163981	19.054396	2.684707	5.277293	-16.187700	9.923100	25.000000
19.090354	2.708028	5.163992	19.078260	2.682169	5.287278	-16.187700	11.020800	25.000000
19.090354	2.708028	5.163992	19.039433	2.651691	5.291104	-16.187700	11.581600	25.000000
19.090354	2.708028	5.163992	19.104973	2.645296	5.294294	-16.187700	12.679300	25.000000
19.090732	2.707985	5.163937	19.126160	2.643255	5.239676	-16.187700	13.240100	25.000000
19.090732	2.707985	5.163937	18.982887	2.668746	5.232970	-16.187700	14.337800	25.000000
19.090732	2.707985	5.163937	19.126160	2.688944	5.197424	-16.187700	14.898600	25.000000
19.090732	2.707985	5.163937	19.135569	2.676152	5.196867	-16.187700	15.996300	25.000000
19.090430	2.708019	5.163981	19.025772	2.712378	5.198632	-15.358400	3.289150	25.000000
19.090430	2.708019	5.163981	19.153590	2.710347	5.192795	-15.358400	4.386850	25.000000
19.090430	2.708019	5.163981	19.134785	2.725227	5.286056	-15.358400	4.947640	25.000000
19.090430	2.708019	5.163981	19.120146	2.714165	5.226840	-15.358400	6.045340	25.000000
19.090430	2.708019	5.163981	19.179416	2.695196	5.360721	-15.358400	6.606120	25.000000
19.090430	2.708019	5.163981	19.052821	2.721989	5.379082	-15.358400	7.703820	25.000000
19.090430	2.708019	5.163981	21.067140	2.448025	4.554320	-15.358400	8.264610	25.000000
19.090430	2.708019	5.163981	16.798634	2.897335	4.888059	-15.358400	9.362310	25.000000
19.090430	2.708019	5.163981	20.002000	2.586620	3.724332	-15.358400	9.923100	25.000000
19.090354	2.708028	5.163992	18.100552	2.557529	3.564903	-15.358400	11.020800	25.000000
19.090354	2.708028	5.163992	19.458738	2.861420	4.132118	-15.358400	11.581600	25.000000
19.090354	2.708028	5.163992	18.629074	2.720278	5.397380	-15.358400	12.679300	25.000000
19.090732	2.707985	5.163937	19.000263	2.633496	5.258374	-15.358400	13.240100	25.000000
19.090732	2.707985	5.163937	19.144973	2.609693	5.277538	-15.358400	14.337800	25.000000
19.090732	2.707985	5.163937	18.982887	2.668746	5.232970	-15.358400	14.898600	25.000000
19.090732	2.707985	5.163937	19.230445	2.655179	5.185987	-15.358400	15.996300	25.000000
19.090354	2.708028	5.163992	19.106282	2.691088	5.159909	-15.358400	16.557000	25.000000
19.090354	2.708028	5.163992	19.144973	2.686928	5.181356	-15.358400	17.654700	25.000000
19.090354	2.708028	5.163992	19.067249	2.695339	5.165167	-15.358400	19.313200	25.000000
19.090419	2.708021	5.163982	18.987891	2.716758	5.176037	-14.529200	1.630660	25.000000
19.090430	2.708019	5.163981	19.100000	2.716486	5.215788	-14.529200	3.289150	25.000000
19.090430	2.708019	5.163981	19.080356	2.718766	5.204600	-14.529200	4.386850	25.000000
19.090430	2.708019	5.163981	19.127206	2.726124	5.350709	-14.529200	4.947640	25.000000
19.090430	2.708019	5.163981	19.043372	2.723103	5.286056	-14.529200	6.045340	25.000000
19.090430	2.708019	5.163981	18.486687	2.661874	4.625549	-14.529200	6.606120	25.000000
19.090430	2.708019	5.163981	19.728408	2.672800	5.240302	-14.529200	7.703820	25.000000
19.090430	2.708019	5.163981	21.927608	1.721865	4.028282	-14.529200	8.264610	25.000000
19.090430	2.708019	5.163981	15.532546	2.253552	3.997462	-14.529200	9.362310	25.000000
19.090430	2.708019	5.163981	18.340264	1.772263	2.912541	-14.529200	9.923100	25.000000
19.090354	2.708028	5.163992	19.804090	1.665869	3.103033	-14.529200	11.020800	25.000000
19.090354	2.708028	5.163992	19.589408	2.282882	3.204348	-14.529200	11.581600	25.000000
19.090354	2.708028	5.163992	18.052435	2.871923	2.166873	-14.529200	12.679300	25.000000
19.090732	2.707985	5.163937	18.536084	2.718285	5.331722	-14.529200	13.240100	25.000000
19.090732	2.707985	5.163937	19.622242	2.732109	4.542611	-14.529200	14.337800	25.000000
19.090732	2.707985	5.163937	18.949670	2.649364	5.225995	-14.529200	14.898600	25.000000
19.090732	2.707985	5.163937	19.208592	2.614348	5.208433	-14.529200	15.996300	25.000000
19.090354	2.708028	5.163992	18.985784	2.680140	5.191908	-14.529200	16.557000	25.000000
19.090354	2.708028	5.163992	19.115177	2.678280	5.160331	-14.529200	17.654700	25.000000
19.090354	2.708028	5.163992	19.067249	2.695339	5.165167	-14.529200	18.215500	25.000000
19.090430	2.708019	5.163981	19.140272	2.724579	5.239535	-13.699900	3.289150	25.000000
19.090430	2.708019	5.163981	19.100524	2.729302	5.216949	-13.699900	4.386850	25.000000
19.090430	2.708019	5.163981	18.458670	2.741376	4.943878	-13.699900	4.947640	25.000000
19.090430	2.708019	5.163981	19.764921	2.669166	5.186976	-13.699900	6.045340	25.000000
19.090430	2.708019	5.163981	20.301231	1.986590	4.212613	-13.699900	6.606120	25.000000
19.090430	2.708019	5.163981	17.779201	2.450521	4.304021	-13.699900	7.703820	25.000000
19.090430	2.708019	5.163981	16.955825	1.177377	3.777431	-13.699900	8.264610	25.000000
19.090430	2.708019	5.163981	21.042338	1.374697	4.144545	-13.699900	9.362310	25.000000
19.090430	2.708019	5.163981	17.863090	1.228248	2.712506	-13.699900	9.923100	25.000000
19.090354	2.708028	5.163992	20.268942	1.082981	2.990217	-13.699900	11.020800	25.000000
19.090354	2.708028	5.163992	19.163833	1.950332	3.144402	-13.699900	11.581600	25.000000
19.090354	2.708028	5.163992	19.032078	1.750406	2.843486	-13.699900	12.679300	25.000000
19.090732	2.707985	5.163937	17.666816	2.717258	2.011078	-13.699900	13.240100	25.000000
19.090732	2.707985	5.163937	19.768978	2.379446	3.536384	-13.699900	14.337800	25.000000
19.090732	2.707985	5.163937	19.373694	2.674683	5.176037	-13.699900	14.898600	25.000000
19.090732	2.707985	5.163937	18.779776	2.654996	5.237185	-13.699900	15.996300	25.000000
19.090354	2.708028	5.163992	19.162985	2.650692	5.171086	-13.699900	16.557000	25.000000
19.090354	2.708028	5.163992	19.005262	2.678083	5.176037	-13.699900	17.654700	25.000000
19.090354	2.708028	5.163992	19.125376	2.689028	5.170689	-13.699900	18.215500	25.000000
19.090354	2.708028	5.163992	19.106282	2.691088	5.159909	-13.699900	19.313200	25.000000
19.090419	2.708021	5.163982	19.097644	2.716759	5.187400	-12.870700	1.630660	25.000000
19.090430	2.708019	5.163981	19.079046	2.718919	5.176037	-12.870700	2.728360	25.000000
19.090430	2.708019	5.163981	18.950726	2.747766	5.262242	-12.870700	3.289150	25.000000
19.090430	2.708019	5.163981	19.177070	2.733206	5.234792	-12.870700	4.386850	25.000000
19.090430	2.708019	5.163981	22.720423	2.485266	5.023191	-12.870700	4.947640	25.000000
19.090430	2.708019	5.163981	14.202465	2.230104	4.260693	-12.870700	6.045340	25.000000
19.090430	2.708019	5.163981	18.761962	1.431448	4.072117	-12.870700	6.606120	25.000000
19.090430	2.708019	5.163981	19.261595	1.676488	4.211376	-12.870700	7.703820	25.000000
19.090430	2.708019	5.163981	16.346559	0.958138	3.889971	-12.870700	8.264610	25.000000
19.090430	2.708019	5.163981	21.524172	0.880853	4.080935	-12.870700	9.362310	25.000000
19.090430	2.708019	5.163981	19.006002	1.004308	3.073573	-12.870700	9.923100	25.000000
19.090354	2.708028	5.163992	19.173325	0.655459	3.019785	-12.870700	11.020800	25.000000
19.090354	2.708028	5.163992	19.109683	1.133084	2.854563	-12.870700	11.581600	25.000000
19.090354	2.708028	5.163992	19.223423	1.158676	2.818047	-12.870700	12.679300	25.000000
19.090732	2.707985	5.163937	12.667281	2.748267	2.576443	-12.870700	13.240100	25.000000
19.090732	2.707985	5.163937	21.625448	1.658769	2.201299	-12.870700	14.337800	25.000000
19.090732	2.707985	5.163937	19.611435	2.746422	5.161820	-12.870700	14.898600	25.000000
19.090732	2.707985	5.163937	18.522354	2.927632	5.689541	-12.870700	15.996300	25.000000
19.090354	2.708028	5.163992	18.969976	2.658602	5.170960	-12.870700	16.557000	25.000000
19.090354	2.708028	5.163992	19.203645	2.625242	5.171320	-12.870700	17.654700	25.000000
19.090354	2.708028	5.163992	19.145757	2.686844	5.154763	-12.870700	18.215500	25.000000
19.090354	2.708028	5.163992	18.996315	2.690966	5.176037	-12.870700	19.313200	25.000000
19.090419	2.708021	5.163982	19.042584	2.723196	5.181817	-12.041500	1.630660	25.000000
19.090430	2.708019	5.163981	19.097644	2.716759	5.187400	-12.041500	2.728360	25.000000
19.090430	2.708019	5.163981	19.208852	2.742593	5.278090	-12.041500	3.289150	25.000000
19.090430	2.708019	5.163981	19.010786	2.753917	5.269513	-12.041500	4.386850	25.000000
19.090430	2.708019	5.163981	16.409144	2.681119	5.151502	-12.041500	4.947640	25.000000
19.090430	2.708019	5.163981	20.223244	1.774948	4.694209	-12.041500	6.045340	25.000000
19.090430	2.708019	5.163981	19.300518	1.227303	4.439380	-12.041500	6.606120	25.000000
19.090430	2.708019	5.163981	18.891532	1.000449	4.305020	-12.041500	7.703820	25.000000
19.090430	2.708019	5.163981	17.681912	0.502041	4.196158	-12.041500	8.264610	25.000000
19.090430	2.708019	5.163981	20.401471	0.585794	4.452358	-12.041500	9.362310	25.000000
19.090430	2.708019	5.163981	20.075460	0.435689	3.477153	-12.041500	9.923100	25.000000
19.090354	2.708028	5.163992	18.061896	0.310172	2.938861	-12.041500	11.020800	25.000000
19.090354	2.708028	5.163992	19.421895	0.565338	2.185459	-12.041500	11.581600	25.000000
19.090354	2.708028	5.163992	18.814090	0.715518	2.154305	-12.041500	12.679300	25.000000
19.090732	2.707985	5.163937	19.145851	1.136272	1.826948	-12.041500	13.240100	25.000000
19.090732	2.707985	5.163937	13.947688	2.458708	1.552617	-12.041500	14.337800	25.000000
19.090732	2.707985	5.163937	20.189812	2.827169	3.273298	-12.041500	14.898600	25.000000
19.090732	2.707985	5.163937	17.662038	2.827874	5.752205	-12.041500	15.996300	25.000000
19.090354	2.708028	5.163992	19.165855	2.607844	5.157690	-12.041500	16.557000	25.000000
19.090354	2.708028	5.163992	19.029714	2.641577	5.166233	-12.041500	17.654700	25.000000
19.090354	2.708028	5.163992	19.106282	2.691088	5.159909	-12.041500	18.215500	25.000000
19.090354	2.708028	5.163992	19.075115	2.682502	5.165455	-12.041500	19.313200	25.000000
19.090354	2.708028	5.163992	19.067249	2.695339	5.165167	-12.041500	20.971700	25.000000
19.090419	2.708021	5.163982	19.116747	2.727366	5.199288	-11.212200	1.630660	25.000000
19.090430	2.708019	5.163981	19.079046	2.718919	5.176037	-11.212200	2.728360	25.000000
19.090430	2.708019	5.163981	19.196093	2.757856	5.269513	-11.212200	3.289150	25.000000
19.090430	2.708019	5.163981	18.927757	2.764805	5.272510	-11.212200	4.386850	25.000000
19.090430	2.708019	5.163981	21.822007	2.540743	5.059775	-11.212200	4.947640	25.000000
19.090430	2.708019	5.163981	14.792228	1.679173	5.044892	-11.212200	6.045340	25.000000
19.090430	2.708019	5.163981	15.996825	1.075725	4.870764	-11.212200	6.606120	25.000000
19.090430	2.708019	5.163981	21.781554	0.896457	4.752955	-11.212200	7.703820	25.000000
19.090430	2.708019	5.163981	19.146018	0.500241	5.382028	-11.212200	8.264610	25.000000
19.090430	2.708019	5.163981	18.997105	0.438473	5.014534	-11.212200	9.362310	25.000000
19.090430	2.708019	5.163981	20.455459	0.211419	4.883283	-11.212200	9.923100	25.000000
19.090354	2.708028	5.163992	17.655019	0.200880	5.710142	-11.212200	11.020800	25.000000
19.090354	2.708028	5.163992	19.010376	0.475665	1.788469	-11.212200	11.581600	25.000000
19.090354	2.708028	5.163992	19.120735	0.651874	1.575107	-11.212200	12.679300	25.000000
19.090732	2.707985	5.163937	20.756445	1.084534	2.114954	-11.212200	13.240100	25.000000
19.090732	2.707985	5.163937	16.340135	1.705844	2.694518	-11.212200	14.337800	25.000000
19.090732	2.707985	5.163937	17.920056	2.169551	3.122676	-11.212200	14.898600	25.000000
19.090732	2.707985	5.163937	18.026927	2.786133	1.279798	-11.212200	15.996300	25.000000
19.090354	2.708028	5.163992	19.163507	2.639685	5.137221	-11.212200	16.557000	25.000000
19.090354	2.708028	5.163992	19.052296	2.639411	5.151651	-11.212200	17.654700	25.000000
19.090354	2.708028	5.163992	19.047310	2.673686	5.144797	-11.212200	18.215500	25.000000
19.090354	2.708028	5.163992	19.077474	2.682252	5.139016	-11.212200	19.313200	25.000000
19.090354	2.708028	5.163992	19.048622	2.697387	5.154182	-11.212200	19.874000	25.000000
19.090419	2.708021	5.163982	19.134001	2.725319	5.181817	-10.383000	1.630660	25.000000
19.090430	2.708019	5.163981	19.042584	2.723196	5.181817	-10.383000	2.728360	25.000000
19.090430	2.708019	5.163981	19.113869	2.768655	5.272510	-10.383000	3.289150	25.000000
19.090430	2.708019	5.163981	19.004210	2.783693	5.283726	-10.383000	4.386850	25.000000
19.090430	2.708019	5.163981	24.293415	2.387061	4.942791	-10.383000	4.947640	25.000000
19.090430	2.708019	5.163981	10.755929	2.075393	5.247344	-10.383000	6.045340	25.000000
19.090430	2.708019	5.163981	22.328681	0.992757	4.944398	-10.383000	6.606120	25.000000
19.090430	2.708019	5.163981	15.041941	1.041120	5.082881	-10.383000	7.703820	25.000000
19.090430	2.708019	5.163981	19.251234	0.417200	5.343070	-10.383000	8.264610	25.000000
19.090430	2.708019	5.163981	18.834543	0.480706	5.309945	-10.383000	9.362310	25.000000
19.090430	2.708019	5.163981	17.542235	0.408331	5.396098	-10.383000	9.923100	25.000000
19.090354	2.708028	5.163992	20.603701	0.297273	5.094434	-10.383000	11.020800	25.000000
19.090354	2.708028	5.163992	18.112151	0.411525	1.923105	-10.383000	11.581600	25.000000
19.090354	2.708028	5.163992	19.831541	0.540949	3.092612	-10.383000	12.679300	25.000000
19.090732	2.707985	5.163937	19.551471	0.916438	2.415486	-10.383000	13.240100	25.000000
19.090732	2.707985	5.163937	18.708287	0.968430	2.365369	-10.383000	14.337800	25.000000
19.090732	2.707985	5.163937	15.432770	2.854243	1.101014	-10.383000	14.898600	25.000000
19.090732	2.707985	5.163937	17.170151	1.559148	2.041737	-10.383000	15.996300	25.000000
19.090354	2.708028	5.163992	19.505128	2.695934	5.181356	-10.383000	16.557000	25.000000
19.090354	2.708028	5.163992	18.587630	2.674913	5.170689	-10.383000	17.654700	25.000000
19.090354	2.708028	5.163992	19.088478	2.669436	5.139970	-10.383000	18.215500	25.000000
19.090354	2.708028	5.163992	19.096073	2.680287	5.149727	-10.383000	19.313200	25.000000
19.090419	2.708021	5.163982	19.042584	2.723196	5.181817	-9.553730	1.630660	25.000000
19.090430	2.708019	5.163981	19.098167	2.729584	5.187732	-9.553730	2.728360	25.000000
19.090430	2.708019	5.163981	18.921681	2.780284	5.263065	-9.553730	3.289150	25.000000
19.090430	2.708019	5.163981	19.314761	2.785044	5.275705	-9.553730	4.386850	25.000000
19.090430	2.708019	5.163981	14.358621	1.724620	4.947112	-9.553730	4.947640	25.000000
19.090430	2.708019	5.163981	22.010452	2.569020	5.010271	-9.553730	6.045340	25.000000
19.090430	2.708019	5.163981	21.681559	1.101793	4.989978	-9.553730	6.606120	25.000000
19.090430	2.708019	5.163981	16.008435	0.904061	5.129806	-9.553730	7.703820	25.000000
19.090430	2.708019	5.163981	18.697711	0.389110	5.247973	-9.553730	8.264610	25.000000
19.090430	2.708019	5.163981	19.481594	0.454948	4.906348	-9.553730	9.362310	25.000000
19.090430	2.708019	5.163981	18.612708	0.377816	5.121297	-9.553730	9.923100	25.000000
19.090354	2.708028	5.163992	19.603186	0.432273	5.030674	-9.553730	11.020800	25.000000
19.090354	2.708028	5.163992	18.948339	0.125211	3.681287	-9.553730	11.581600	25.000000
19.090354	2.708028	5.163992	19.283632	0.224435	2.811516	-9.553730	12.679300	25.000000
19.090732	2.707985	5.163937	18.869171	0.634199	1.450657	-9.553730	13.240100	25.000000
19.090732	2.707985	5.163937	19.306996	0.932735	1.603688	-9.553730	14.337800	25.000000
19.090732	2.707985	5.163937	20.280533	1.669574	1.274119	-9.553730	14.898600	25.000000
19.090732	2.707985	5.163937	11.876868	2.733175	0.084902	-9.553730	15.996300	25.000000
19.090354	2.708028	5.163992	18.994999	2.656096	5.130613	-9.553730	16.557000	25.000000
19.090354	2.708028	5.163992	19.275373	2.684905	5.202346	-9.553730	17.654700	25.000000
19.090354	2.708028	5.163992	18.958112	2.671307	5.144797	-9.553730	18.215500	25.000000
19.090354	2.708028	5.163992	19.159071	2.673715	5.129438	-9.553730	19.313200	25.000000
19.090354	2.708028	5.163992	19.048622	2.697387	5.154182	-9.553730	20.971700	25.000000
19.090437	2.708019	5.163980	18.987891	2.716758	5.176037	-8.724490	-0.027822	25.000000
19.090419	2.708021	5.163982	19.042584	2.723196	5.181817	-8.724490	1.630660	25.000000
19.090430	2.708019	5.163981	19.098167	2.729584	5.187732	-8.724490	2.728360	25.000000
19.090430	2.708019	5.163981	19.232525	2.781643	5.255340	-8.724490	3.289150	25.000000
19.090430	2.708019	5.163981	18.956265	2.790518	5.279118	-8.724490	4.386850	25.000000
19.090430	2.708019	5.163981	24.268086	2.190765	4.926665	-8.724490	4.947640	25.000000
19.090430	2.708019	5.163981	9.823950	2.240727	5.626698	-8.724490	6.045340	25.000000
19.090430	2.708019	5.163981	20.706038	1.044576	5.258556	-8.724490	6.606120	25.000000
19.090430	2.708019	5.163981	17.239490	1.276536	5.246572	-8.724490	7.703820	25.000000
19.090430	2.708019	5.163981	19.649936	0.483229	5.215232	-8.724490	8.264610	25.000000
19.090430	2.708019	5.163981	18.532674	0.680901	5.388469	-8.724490	9.362310	25.000000
19.090430	2.708019	5.163981	18.889680	0.463108	5.422301	-8.724490	9.923100	25.000000
19.090354	2.708028	5.163992	19.314761	0.546654	5.292104	-8.724490	11.020800	25.000000
19.090354	2.708028	5.163992	20.497963	0.139092	6.191570	-8.724490	11.581600	25.000000
19.090354	2.708028	5.163992	17.605425	0.240195	5.732938	-8.724490	12.679300	25.000000
19.090732	2.707985	5.163937	20.088056	1.133892	1.360470	-8.724490	13.240100	25.000000
19.090732	2.707985	5.163937	18.006665	0.780093	1.199087	-8.724490	14.337800	25.000000
19.090732	2.707985	5.163937	20.231164	2.667520	1.228501	-8.724490	14.898600	25.000000
19.090732	2.707985	5.163937	13.609923	1.430735	1.277207	-8.724490	15.996300	25.000000
19.090354	2.708028	5.163992	19.245093	2.712450	5.104490	-8.724490	16.557000	25.000000
19.090354	2.708028	5.163992	18.999266	2.655671	5.104406	-8.724490	17.654700	25.000000
19.090354	2.708028	5.163992	19.200521	2.669461	5.124799	-8.724490	18.215500	25.000000
19.090354	2.708028	5.163992	18.987891	2.679917	5.139016	-8.724490	19.313200	25.000000
19.090354	2.708028	5.163992	19.177852	2.695367	5.149016	-8.724490	20.971700	25.000000
19.090437	2.708019	5.163994	19.042584	2.723196	5.181817	-7.895250	1.630660	25.000000
19.090448	2.708017	5.163992	19.098167	2.729584	5.187732	-7.895250	2.728360	25.000000
19.090448	2.708017	5.163992	19.032078	2.794946	5.266070	-7.895250	3.289150	25.000000
19.090448	2.708017	5.163992	19.151501	2.778077	5.235178	-7.895250	4.386850	25.000000
19.090448	2.708017	5.163992	24.878121	2.212948	4.862024	-7.895250	4.947640	25.000000
19.090448	2.708017	5.163992	7.680469	2.245879	5.027811	-7.895250	6.045340	25.000000
19.090448	2.708017	5.163992	21.466999	1.107166	4.721712	-7.895250	6.606120	25.000000
19.090448	2.708017	5.163992	16.246531	1.027415	4.742883	-7.895250	7.703820	25.000000
19.090448	2.708017	5.163992	20.313355	0.512854	4.984625	-7.895250	8.264610	25.000000
19.090448	2.708017	5.163992	17.790337	0.588251	4.833226	-7.895250	9.362310	25.000000
19.090448	2.708017	5.163992	20.316092	0.401559	4.959200	-7.895250	9.923100	25.000000
19.090373	2.708026	5.164003	17.829470	0.430857	4.970396	-7.895250	11.020800	25.000000
19.090373	2.708026	5.164003	17.124231	0.194906	5.903239	-7.895250	11.581600	25.000000
19.090373	2.708026	5.164003	20.871296	0.188906	5.708628	-7.895250	12.679300	25.000000
19.090751	2.707983	5.163948	17.457537	1.068810	1.548578	-7.895250	13.240100	25.000000
19.090751	2.707983	5.163948	20.553464	0.723844	1.528909	-7.895250	14.337800	25.000000
19.090751	2.707983	5.163948	21.277227	1.759916	1.667608	-7.895250	14.898600	25.000000
19.090751	2.707983	5.163948	8.704166	3.110653	2.761086	-7.895250	15.996300	25.000000
19.090373	2.708026	5.164003	19.868608	2.728834	5.092895	-7.895250	16.557000	25.000000
19.090373	2.708026	5.164003	18.331896	2.743728	5.192408	-7.895250	17.654700	25.000000
19.090373	2.708026	5.164003	18.921152	2.675165	5.123454	-7.895250	18.215500	25.000000
19.090373	2.708026	5.164003	19.248377	2.676058	5.129438	-7.895250	19.313200	25.000000
19.090373	2.708026	5.164003	19.048622	2.697387	5.154182	-7.895250	19.874000	25.000000
19.090419	2.708021	5.163982	19.006578	2.727477	5.187732	-7.066000	1.630660	25.000000
19.090430	2.708019	5.163981	19.171854	2.733835	5.176037	-7.066000	2.728360	25.000000
19.090430	2.708019	5.163981	19.261101	2.792601	5.237185	-7.066000	3.289150	25.000000
19.090430	2.708019	5.163981	18.964704	2.774327	5.235178	-7.066000	4.386850	25.000000
19.090430	2.708019	5.163981	24.561148	2.152740	4.888755	-7.066000	4.947640	25.000000
19.090430	2.708019	5.163981	9.366429	2.447607	5.295762	-7.066000	6.045340	25.000000
19.090430	2.708019	5.163981	15.516283	0.959913	4.752132	-7.066000	6.606120	25.000000
19.090430	2.708019	5.163981	22.068492	1.074933	4.679463	-7.066000	7.703820	25.000000
19.090430	2.708019	5.163981	19.581780	0.498360	5.237233	-7.066000	8.264610	25.000000
19.090430	2.708019	5.163981	18.619882	0.433188	4.776404	-7.066000	9.362310	25.000000
19.090430	2.708019	5.163981	19.186946	0.422471	5.127129	-7.066000	9.923100	25.000000
19.090354	2.708028	5.163992	19.130408	0.428604	5.119758	-7.066000	11.020800	25.000000
19.090354	2.708028	5.163992	19.894675	0.463011	5.987417	-7.066000	11.581600	25.000000
19.090354	2.708028	5.163992	18.348362	0.465020	0.082738	-7.066000	12.679300	25.000000
19.090732	2.707985	5.163937	18.675653	0.920948	0.962274	-7.066000	13.240100	25.000000
19.090732	2.707985	5.163937	19.524600	0.800208	0.891596	-7.066000	14.337800	25.000000
19.090732	2.707985	5.163937	19.278485	2.559161	1.204300	-7.066000	14.898600	25.000000
19.090732	2.707985	5.163937	12.968038	1.216418	0.785398	-7.066000	15.996300	25.000000
19.090354	2.708028	5.163992	18.927757	2.674472	5.097253	-7.066000	17.654700	25.000000
19.090354	2.708028	5.163992	18.952045	2.683733	5.117281	-7.066000	18.215500	25.000000
19.090354	2.708028	5.163992	19.207551	2.680307	5.134176	-7.066000	19.313200	25.000000
19.090354	2.708028	5.163992	19.120931	2.701630	5.143081	-7.066000	19.874000	25.000000
19.090419	2.708021	5.163982	19.024458	2.725344	5.170223	-6.236760	1.630660	25.000000
19.090430	2.708019	5.163981	19.115962	2.727459	5.170223	-6.236760	2.728360	25.000000
19.090430	2.708019	5.163981	18.959349	2.775062	5.231353	-6.236760	3.289150	25.000000
19.090430	2.708019	5.163981	19.183545	2.788490	5.219195	-6.236760	4.386850	25.000000
19.090430	2.708019	5.163981	16.716459	1.950766	4.972991	-6.236760	4.947640	25.000000
19.090430	2.708019	5.163981	20.804086	2.656092	5.037397	-6.236760	6.045340	25.000000
19.090430	2.708019	5.163981	21.080085	0.912270	4.893315	-6.236760	6.606120	25.000000
19.090430	2.708019	5.163981	16.845177	1.294208	4.936413	-6.236760	7.703820	25.000000
19.090430	2.708019	5.163981	18.715769	0.405232	5.285355	-6.236760	8.264610	25.000000
19.090430	2.708019	5.163981	19.338304	0.439558	5.165167	-6.236760	9.362310	25.000000
19.090430	2.708019	5.163981	19.142100	0.488856	5.185987	-6.236760	9.923100	25.000000
19.090354	2.708028	5.163992	18.900000	0.373059	5.405269	-6.236760	11.020800	25.000000
19.090354	2.708028	5.163992	20.416523	0.586904	6.249570	-6.236760	11.581600	25.000000
19.090354	2.708028	5.163992	17.603193	0.756649	0.550354	-6.236760	12.679300	25.000000
19.090732	2.707985	5.163937	19.849685	1.284793	0.190187	-6.236760	13.240100	25.000000
19.090732	2.707985	5.163937	18.248014	1.332917	0.552024	-6.236760	14.337800	25.000000
19.090732	2.707985	5.163937	19.039790	2.351514	0.881738	-6.236760	14.898600	25.000000
19.090732	2.707985	5.163937	17.460115	2.159823	5.806599	-6.236760	15.996300	25.000000
19.090354	2.708028	5.163992	19.028991	2.652721	5.060682	-6.236760	16.557000	25.000000
19.090354	2.708028	5.163992	19.112041	2.633748	5.039924	-6.236760	17.654700	25.000000
19.090354	2.708028	5.163992	19.131649	2.688354	5.117281	-6.236760	18.215500	25.000000
19.090354	2.708028	5.163992	19.052034	2.697011	5.126896	-6.236760	19.313200	25.000000
19.090354	2.708028	5.163992	19.120931	2.701630	5.143081	-6.236760	19.874000	25.000000
19.090437	2.708019	5.163994	19.060955	2.721034	5.164543	-5.407520	1.630660	25.000000
19.090448	2.708017	5.163992	18.988418	2.729658	5.176037	-5.407520	2.728360	25.000000
19.090448	2.708017	5.163992	19.107056	2.784242	5.201466	-5.407520	3.289150	25.000000
19.090448	2.708017	5.163992	19.044319	2.763610	5.202765	-5.407520	4.386850	25.000000
19.090448	2.708017	5.163992	10.646168	2.495445	5.024766	-5.407520	4.947640	25.000000
19.090448	2.708017	5.163992	24.457849	2.220716	4.845280	-5.407520	6.045340	25.000000
19.090448	2.708017	5.163992	21.781873	0.965166	4.926212	-5.407520	6.606120	25.000000
19.090448	2.708017	5.163992	15.988433	1.259312	4.917516	-5.407520	7.703820	25.000000
19.090448	2.708017	5.163992	19.864604	0.471183	4.873891	-5.407520	8.264610	25.000000
19.090448	2.708017	5.163992	18.407664	0.315340	4.908067	-5.407520	9.362310	25.000000
19.090448	2.708017	5.163992	20.107919	0.389738	5.156133	-5.407520	9.923100	25.000000
19.090373	2.708026	5.164003	17.985839	0.232958	5.364560	-5.407520	11.020800	25.000000
19.090373	2.708026	5.164003	18.872732	0.548931	0.965894	-5.407520	11.581600	25.000000
19.090373	2.708026	5.164003	19.265254	0.600028	1.061912	-5.407520	12.679300	25.000000
19.090751	2.707983	5.163948	18.888592	0.970495	0.899061	-5.407520	13.240100	25.000000
19.090751	2.707983	5.163948	17.654407	1.972953	1.145697	-5.407520	14.337800	25.000000
19.090751	2.707983	5.163948	19.418455	2.606079	5.930793	-5.407520	14.898600	25.000000
19.090751	2.707983	5.163948	18.598981	2.812353	0.949580	-5.407520	15.996300	25.000000
19.090373	2.708026	5.164003	19.340465	2.644528	5.050599	-5.407520	16.557000	25.000000
19.090373	2.708026	5.164003	18.800907	2.664329	5.031576	-5.407520	17.654700	25.000000
19.090373	2.708026	5.164003	19.052034	2.697011	5.126896	-5.407520	18.215500	25.000000
19.090373	2.708026	5.164003	19.199219	2.693046	5.133052	-5.407520	19.313200	25.000000
19.090419	2.708021	5.163982	19.024458	2.725344	5.170223	-4.578270	1.630660	25.000000
19.090430	2.708019	5.163981	19.060955	2.721034	5.164543	-4.578270	2.728360	25.000000
19.090430	2.708019	5.163981	18.947931	2.762123	5.200251	-4.578270	3.289150	25.000000
19.090430	2.708019	5.163981	19.252857	2.764481	5.157111	-4.578270	4.386850	25.000000
19.090430	2.708019	5.163981	23.411536	2.134032	4.936537	-4.578270	4.947640	25.000000
19.090430	2.708019	5.163981	12.719277	2.570374	5.425747	-4.578270	6.045340	25.000000
19.090430	2.708019	5.163981	17.874283	1.106750	5.333366	-4.578270	6.606120	25.000000
19.090430	2.708019	5.163981	20.210146	1.351326	5.157898	-4.578270	7.703820	25.000000
19.090430	2.708019	5.163981	18.146901	0.715219	5.557241	-4.578270	8.264610	25.000000
19.090430	2.708019	5.163981	19.997500	0.591503	5.228198	-4.578270	9.362310	25.000000
19.090430	2.708019	5.163981	18.169505	0.569686	6.280124	-4.578270	9.923100	25.000000
19.090354	2.708028	5.163992	19.973292	0.562115	5.774992	-4.578270	11.020800	25.000000
19.090354	2.708028	5.163992	19.167159	0.846523	0.469878	-4.578270	11.581600	25.000000
19.090354	2.708028	5.163992	19.068823	0.827801	0.473201	-4.578270	12.679300	25.000000
19.090732	2.707985	5.163937	19.250361	1.194170	0.654674	-4.578270	13.240100	25.000000
19.090732	2.707985	5.163937	16.573198	2.254596	1.013022	-4.578270	14.337800	25.000000
19.090732	2.707985	5.163937	19.611894	2.759827	5.447442	-4.578270	14.898600	25.000000
19.090732	2.707985	5.163937	18.700719	2.887442	6.255533	-4.578270	15.996300	25.000000
19.090354	2.708028	5.163992	18.924439	2.686703	5.066092	-4.578270	16.557000	25.000000
19.090354	2.708028	5.163992	19.217755	2.667708	5.074896	-4.578270	17.654700	25.000000
19.090354	2.708028	5.163992	19.069609	2.695080	5.138011	-4.578270	18.215500	25.000000
19.090354	2.708028	5.163992	19.120931	2.701630	5.143081	-4.578270	19.313200	25.000000
19.090419	2.708021	5.163982	19.060955	2.721034	5.164543	-3.749030	1.630660	25.000000
19.090430	2.708019	5.163981	19.134785	2.725227	5.152919	-3.749030	2.728360	25.000000
19.090430	2.708019	5.163981	19.075115	2.759565	5.163459	-3.749030	3.289150	25.000000
19.090430	2.708019	5.163981	19.110534	2.741328	5.164025	-3.749030	4.386850	25.000000
19.090430	2.708019	5.163981	21.295305	2.552003	4.986048	-3.749030	4.947640	25.000000
19.090430	2.708019	5.163981	16.600602	2.470438	5.497787	-3.749030	6.045340	25.000000
19.090430	2.708019	5.163981	21.224750	1.665166	5.387130	-3.749030	6.606120	25.000000
19.090430	2.708019	5.163981	16.744360	1.754577	5.622675	-3.749030	7.703820	25.000000
19.090430	2.708019	5.163981	20.439423	1.008319	5.563267	-3.749030	8.264610	25.000000
19.090430	2.708019	5.163981	17.507141	1.293066	5.683651	-3.749030	9.362310	25.000000
19.090430	2.708019	5.163981	19.662573	0.920766	6.143393	-3.749030	9.923100	25.000000
19.090354	2.708028	5.163992	18.407889	1.109107	0.098944	-3.749030	11.020800	25.000000
19.090354	2.708028	5.163992	18.705264	1.425946	0.183091	-3.749030	11.581600	25.000000
19.090354	2.708028	5.163992	19.401505	1.559457	0.005155	-3.749030	12.679300	25.000000
19.090732	2.707985	5.163937	18.290118	2.195695	0.628400	-3.749030	13.240100	25.000000
19.090732	2.707985	5.163937	18.982121	2.195381	5.809082	-3.749030	14.337800	25.000000
19.090732	2.707985	5.163937	19.299816	2.694165	5.109575	-3.749030	14.898600	25.000000
19.090732	2.707985	5.163937	18.935123	2.685550	5.038311	-3.749030	15.996300	25.000000
19.090354	2.708028	5.163992	19.062972	2.695808	5.103062	-3.749030	16.557000	25.000000
19.090354	2.708028	5.163992	19.094944	2.680406	5.089617	-3.749030	17.654700	25.000000
19.090354	2.708028	5.163992	19.030502	2.699392	5.143081	-3.749030	19.313200	25.000000
19.090437	2.708019	5.163994	19.060955	2.721034	5.164543	-2.919790	1.630660	25.000000
19.090448	2.708017	5.163992	19.164877	2.734679	5.140653	-2.919790	3.289150	25.000000
19.090448	2.708017	5.163992	18.988639	2.742989	5.173609	-2.919790	4.386850	25.000000
19.090448	2.708017	5.163992	19.127614	2.766822	5.130033	-2.919790	4.947640	25.000000
19.090448	2.708017	5.163992	19.055981	2.762072	5.148160	-2.919790	6.045340	25.000000
19.090448	2.708017	5.163992	18.036075	2.615814	5.513411	-2.919790	6.606120	25.000000
19.090448	2.708017	5.163992	20.129083	2.215699	5.431804	-2.919790	7.703820	25.000000
19.090448	2.708017	5.163992	15.970485	1.701408	5.839309	-2.919790	8.264610	25.000000
19.090448	2.708017	5.163992	21.726712	1.603020	5.413023	-2.919790	9.362310	25.000000
19.090448	2.708017	5.163992	19.077057	1.412884	0.121853	-2.919790	9.923100	25.000000
19.090373	2.708026	5.164003	19.167746	1.268855	6.274989	-2.919790	11.020800	25.000000
19.090373	2.708026	5.164003	19.575007	1.813267	0.103858	-2.919790	11.581600	25.000000
19.090373	2.708026	5.164003	18.083462	2.548985	6.279225	-2.919790	12.679300	25.000000
19.090751	2.707983	5.163948	19.592856	2.621279	5.047126	-2.919790	13.240100	25.000000
19.090751	2.707983	5.163948	18.618539	2.671628	5.691893	-2.919790	14.337800	25.000000
19.090751	2.707983	5.163948	19.214476	2.668041	5.038831	-2.919790	14.898600	25.000000
19.090751	2.707983	5.163948	18.851061	2.694727	5.005022	-2.919790	15.996300	25.000000
19.090373	2.708026	5.164003	19.024973	2.700006	5.108883	-2.919790	16.557000	25.000000
19.090373	2.708026	5.164003	19.188684	2.694188	5.126455	-2.919790	17.654700	25.000000
19.090430	2.708019	5.163981	19.081405	2.731599	5.146633	-2.090540	3.289150	25.000000
19.090430	2.708019	5.163981	19.017350	2.726190	5.165547	-2.090540	4.386850	25.000000
19.090430	2.708019	5.163981	18.921810	2.765600	5.147712	-2.090540	4.947640	25.000000
19.090430	2.708019	5.163981	19.224529	2.754209	5.071160	-2.090540	6.045340	25.000000
19.090430	2.708019	5.163981	18.987472	2.786057	5.066201	-2.090540	6.606120	25.000000
19.090430	2.708019	5.163981	19.086144	2.758129	5.065587	-2.090540	7.703820	25.000000
19.090430	2.708019	5.163981	17.951045	2.083141	5.716456	-2.090540	8.264610	25.000000
19.090430	2.708019	5.163981	19.991498	2.507049	5.176037	-2.090540	9.362310	25.000000
19.090430	2.708019	5.163981	18.373350	2.057901	6.153483	-2.090540	9.923100	25.000000
19.090354	2.708028	5.163992	19.771444	1.992902	5.996508	-2.090540	11.020800	25.000000
19.090354	2.708028	5.163992	20.182418	2.423604	5.588447	-2.090540	11.581600	25.000000
19.090354	2.708028	5.163992	17.712425	2.877861	0.086738	-2.090540	12.679300	25.000000
19.090732	2.707985	5.163937	19.289635	2.671819	4.943480	-2.090540	13.240100	25.000000
19.090732	2.707985	5.163937	18.898952	2.701734	4.960984	-2.090540	14.337800	25.000000
19.090732	2.707985	5.163937	18.999221	2.702882	5.090594	-2.090540	14.898600	25.000000
19.090732	2.707985	5.163937	19.143848	2.687048	5.060855	-2.090540	15.996300	25.000000
19.090354	2.708028	5.163992	19.103403	2.703583	5.131866	-2.090540	16.557000	25.000000
19.090354	2.708028	5.163992	19.086383	2.705491	5.120538	-2.090540	17.654700	25.000000
19.090436	2.708019	5.163984	19.060955	2.721034	5.164543	-1.261300	3.289150	25.000000
19.090436	2.708019	5.163984	19.171594	2.720906	5.147473	-1.261300	4.386850	25.000000
19.090436	2.708019	5.163984	19.123862	2.739684	5.109031	-1.261300	4.947640	25.000000
19.090436	2.708019	5.163984	19.079730	2.731801	5.145440	-1.261300	6.045340	25.000000
19.090436	2.708019	5.163984	18.988157	2.771130	5.086142	-1.261300	6.606120	25.000000
19.090436	2.708019	5.163984	19.210143	2.756048	5.013127	-1.261300	7.703820	25.000000
19.090436	2.708019	5.163984	19.249997	2.750979	4.963324	-1.261300	8.264610	25.000000
19.090436	2.708019	5.163984	18.952332	2.734038	5.118854	-1.261300	9.362310	25.000000
19.090436	2.708019	5.163984	19.043372	2.723103	5.152919	-1.261300	9.923100	25.000000
19.090360	2.708027	5.163995	19.144973	2.686928	5.181356	-1.261300	11.020800	25.000000
19.090360	2.708027	5.163995	19.206616	2.716849	4.995374	-1.261300	11.581600	25.000000
19.090360	2.708027	5.163995	19.046850	2.709967	4.972587	-1.261300	12.679300	25.000000
19.090738	2.707985	5.163941	19.216204	2.691213	5.047371	-1.261300	13.240100	25.000000
19.090738	2.707985	5.163941	19.022095	2.712801	5.035339	-1.261300	14.337800	25.000000
19.090738	2.707985	5.163941	19.071500	2.707169	5.110247	-1.261300	14.898600	25.000000
19.090738	2.707985	5.163941	19.132109	2.700391	5.120174	-1.261300	15.996300	25.000000
19.090360	2.708027	5.163995	19.064889	2.707917	5.136950	-1.261300	17.654700	25.000000
19.090437	2.708019	5.163985	19.080356	2.718766	5.147473	-0.432058	4.386850	25.000000
19.090437	2.708019	5.163985	19.043372	2.723103	5.152919	-0.432058	4.947640	25.000000
19.090437	2.708019	5.163985	19.147992	2.723670	5.131136	-0.432058	6.045340	25.000000
19.090437	2.708019	5.163985	19.182130	2.732597	5.086810	-0.432058	6.606120	25.000000
19.090437	2.708019	5.163985	19.052045	2.735159	5.124951	-0.432058	7.703820	25.000000
19.090437	2.708019	5.163985	19.118577	2.740335	5.068025	-0.432058	8.264610	25.000000
19.090437	2.708019	5.163985	19.123088	2.739780	5.032025	-0.432058	9.362310	25.000000
19.090437	2.708019	5.163985	19.064952	2.733589	5.024106	-0.432058	9.923100	25.000000
19.090361	2.708027	5.163996	19.145039	2.724017	5.019884	-0.432058	11.020800	25.000000
19.090361	2.708027	5.163996	19.111776	2.715127	5.034140	-0.432058	11.581600	25.000000
19.090361	2.708027	5.163996	19.062529	2.708184	5.069698	-0.432058	12.679300	25.000000
19.090739	2.707984	5.163941	19.140337	2.699481	5.094029	-0.432058	13.240100	25.000000
19.090739	2.707984	5.163941	19.028042	2.712118	5.111646	-0.432058	14.337800	25.000000
19.090739	2.707984	5.163941	19.103403	2.703583	5.131866	-0.432058	14.898600	25.000000
19.090739	2.707984	5.163941	19.047835	2.709854	5.125518	-0.432058	15.996300	25.000000
19.090437	2.708019	5.163985	19.080356	2.718766	5.147473	0.397185	4.947640	25.000000
19.090437	2.708019	5.163985	19.068374	2.720165	5.139335	0.397185	6.606120	25.000000
19.090437	2.708019	5.163985	19.147992	2.723670	5.131136	0.397185	7.703820	25.000000
19.090437	2.708019	5.163985	19.133345	2.725397	5.120506	0.397185	8.264610	25.000000
19.090437	2.708019	5.163985	19.029191	2.724782	5.110974	0.397185	9.362310	25.000000
19.090437	2.708019	5.163985	19.066728	2.720357	5.105996	0.397185	9.923100	25.000000
19.090362	2.708027	5.163996	19.194280	2.718272	5.099961	0.397185	11.020800	25.000000
19.090362	2.708027	5.163996	19.130408	2.712988	5.119758	0.397185	11.581600	25.000000
19.090362	2.708027	5.163996	19.155806	2.710096	5.105644	0.397185	12.679300	25.000000
19.090740	2.707984	5.163942	19.150533	2.710694	5.133533	0.397185	13.240100	25.000000
19.090740	2.707984	5.163942	19.152243	2.710500	5.134673	0.397185	14.337800	25.000000
19.090430	2.708019	5.163981	19.026823	2.712257	5.142151	1.226430	6.606120	25.000000
19.090430	2.708019	5.163981	19.117793	2.714435	5.142151	1.226430	7.703820	25.000000
19.090430	2.708019	5.163981	19.110929	2.715225	5.137551	1.226430	8.264610	25.000000
19.090430	2.708019	5.163981	19.114351	2.714831	5.139853	1.226430	9.362310	25.000000
19.090430	2.708019	5.163981	19.147128	2.711081	5.131249	1.226430	9.923100	25.000000
19.090354	2.708028	5.163992	19.150533	2.710694	5.133533	1.226430	11.020800	25.000000
19.090354	2.708028	5.163992	19.026823	2.712257	5.142151	1.226430	11.581600	25.000000
19.090354	2.708028	5.163992	19.064889	2.707917	5.136950	1.226430	12.679300	25.000000
19.090373	2.708026	5.164003	19.117793	2.714435	5.142151	2.055670	11.020800	25.000000
