9.058318	2.396485	2.356183	9.070832	2.385623	2.356194	-12.242300	-6.848370	25.000000
9.058270	2.396491	2.356194	9.070832	2.385623	2.356194	-11.413100	-17.360100	25.000000
9.058270	2.396491	2.356194	9.070832	2.385623	2.356194	-10.583800	-13.482300	25.000000
9.058318	2.396485	2.356183	9.070832	2.385623	2.356194	-10.583800	-3.531390	25.000000
9.058414	2.396474	2.356229	9.070832	2.385623	2.356194	-9.754570	-20.677000	25.000000
9.058462	2.396468	2.356218	9.070832	2.385623	2.356194	-9.754570	-4.092180	25.000000
9.058462	2.396468	2.356218	9.070832	2.385623	2.356194	-9.754570	-1.872910	25.000000
9.058318	2.396485	2.356206	9.070832	2.385623	2.356194	-8.925330	-11.823800	25.000000
9.058366	2.396479	2.356194	9.070832	2.385623	2.356194	-8.925330	-3.531390	25.000000
9.058366	2.396479	2.356194	9.070832	2.385623	2.356194	-8.925330	1.444070	25.000000
9.058318	2.396485	2.356206	9.070832	2.385623	2.356194	-8.096080	-15.701600	25.000000
9.058318	2.396485	2.356206	9.070832	2.385623	2.356194	-8.096080	-15.140800	25.000000
9.058366	2.396479	2.356194	9.070832	2.385623	2.356194	-8.096080	-7.409150	25.000000
9.058366	2.396479	2.356194	9.070832	2.385623	2.356194	-8.096080	-5.189880	25.000000
9.058366	2.396479	2.356194	9.070832	2.385623	2.356194	-8.096080	-1.872910	25.000000
9.058366	2.396479	2.356194	9.070832	2.385623	2.356194	-7.266840	3.102550	25.000000
9.058318	2.396485	2.356206	9.070832	2.385623	2.356194	-6.437600	-25.652500	25.000000
9.058318	2.396485	2.356206	9.070832	2.385623	2.356194	-4.779110	-21.774700	25.000000
9.058366	2.396479	2.356194	9.070832	2.385623	2.356194	-4.779110	-7.409150	25.000000
9.058318	2.396485	2.356206	9.070832	2.385623	2.356194	-3.949870	-23.994000	25.000000
9.058366	2.396479	2.356218	9.070832	2.385623	2.356194	-3.120620	-20.677000	25.000000
9.058222	2.396497	2.356252	9.070832	2.385623	2.356194	-3.120620	-10.165300	25.000000
9.058318	2.396485	2.356206	9.070832	2.385623	2.356194	-1.462140	-26.750200	25.000000
9.058318	2.396485	2.356206	9.070832	2.385623	2.356194	-1.462140	-23.994000	25.000000
9.058318	2.396485	2.356206	9.049309	2.404444	2.332943	-1.462140	-16.799300	25.000000
9.058318	2.396485	2.356206	9.001111	2.410361	2.344430	-1.462140	-10.726100	25.000000
9.058366	2.396479	2.356194	9.001111	2.410361	2.344430	-1.462140	-9.067640	25.000000
9.058347	2.396482	2.356213	9.070832	2.385623	2.356194	-0.632894	-28.408700	25.000000
9.058347	2.396482	2.356213	9.049309	2.404444	2.332943	-0.632894	-16.799300	25.000000
9.058347	2.396482	2.356213	9.049309	2.404444	2.332943	-0.632894	-15.701600	25.000000
9.058347	2.396482	2.356213	9.001111	2.410361	2.344430	-0.632894	-15.140800	25.000000
9.058347	2.396482	2.356213	9.049309	2.404444	2.332943	-0.632894	-14.043100	25.000000
9.058347	2.396482	2.356213	9.001111	2.410361	2.344430	-0.632894	-13.482300	25.000000
9.058347	2.396482	2.356213	9.122500	2.411946	2.356194	-0.632894	-11.823800	25.000000
9.058347	2.396482	2.356213	9.170060	2.406165	2.344701	-0.632894	-10.726100	25.000000
9.058395	2.396476	2.356201	9.122500	2.411946	2.356194	-0.632894	-9.067640	25.000000
9.058803	2.396427	2.356092	9.070832	2.385623	2.356194	0.196349	-32.286500	25.000000
9.058323	2.396485	2.356207	9.070832	2.385623	2.356194	0.196349	-31.725700	25.000000
9.058323	2.396485	2.356207	9.070832	2.385623	2.356194	0.196349	-28.969500	25.000000
9.058323	2.396485	2.356207	9.049309	2.404444	2.332943	0.196349	-17.360100	25.000000
9.058323	2.396485	2.356207	9.001111	2.410361	2.344430	0.196349	-16.799300	25.000000
9.058323	2.396485	2.356207	9.049309	2.404444	2.332943	0.196349	-15.701600	25.000000
9.058323	2.396485	2.356207	9.049309	2.404444	2.332943	0.196349	-15.140800	25.000000
9.058323	2.396485	2.356207	9.049309	2.404444	2.332943	0.196349	-14.043100	25.000000
9.058323	2.396485	2.356207	9.029950	2.423481	2.332389	0.196349	-13.482300	25.000000
9.058323	2.396485	2.356207	9.075792	2.417719	2.344430	0.196349	-12.384600	25.000000
9.058323	2.396485	2.356207	9.075792	2.417719	2.344430	0.196349	-11.823800	25.000000
9.058323	2.396485	2.356207	9.003333	2.410086	2.320915	0.196349	-10.726100	25.000000
9.058179	2.396502	2.356242	9.001111	2.410361	2.344430	0.196349	-10.165300	25.000000
9.058371	2.396479	2.356196	9.075792	2.417719	2.344430	0.196349	-9.067640	25.000000
9.058371	2.396479	2.356196	9.001111	2.410361	2.344430	0.196349	-8.506850	25.000000
9.058371	2.396479	2.356196	9.001111	2.410361	2.344430	0.196349	-7.409150	25.000000
9.058371	2.396479	2.356196	9.070832	2.385623	2.356194	0.196349	5.858740	25.000000
9.058793	2.396428	2.356090	9.049309	2.404444	2.332943	1.025590	-20.116300	25.000000
9.058314	2.396486	2.356205	9.003333	2.410086	2.320915	1.025590	-18.457800	25.000000
9.058314	2.396486	2.356205	9.049309	2.404444	2.332943	1.025590	-17.360100	25.000000
9.058314	2.396486	2.356205	9.077995	2.417445	2.320915	1.025590	-16.799300	25.000000
9.058314	2.396486	2.356205	9.003333	2.410086	2.320915	1.025590	-15.701600	25.000000
9.058314	2.396486	2.356205	9.077995	2.417445	2.320915	1.025590	-15.140800	25.000000
9.058314	2.396486	2.356205	9.153142	2.424683	2.320915	1.025590	-14.043100	25.000000
9.058314	2.396486	2.356205	9.029950	2.423481	2.332389	1.025590	-13.482300	25.000000
9.058314	2.396486	2.356205	9.105493	2.430707	2.332389	1.025590	-12.384600	25.000000
9.058314	2.396486	2.356205	9.029950	2.423481	2.332389	1.025590	-11.823800	25.000000
9.058314	2.396486	2.356205	9.075792	2.417719	2.344430	1.025590	-10.726100	25.000000
9.058170	2.396503	2.356239	9.029950	2.423481	2.332389	1.025590	-10.165300	25.000000
9.058361	2.396480	2.356193	9.028843	2.423621	2.356194	1.025590	-9.067640	25.000000
9.058361	2.396480	2.356193	9.122500	2.411946	2.356194	1.025590	-8.506850	25.000000
9.058361	2.396480	2.356193	9.001111	2.410361	2.344430	1.025590	-7.409150	25.000000
9.058361	2.396480	2.356193	9.001111	2.410361	2.367959	1.025590	-6.848370	25.000000
9.058361	2.396480	2.356193	9.070832	2.385623	2.356194	1.025590	7.517230	25.000000
9.058366	2.396479	2.356218	9.049309	2.404444	2.332943	1.854840	-22.335500	25.000000
9.058366	2.396479	2.356218	9.049309	2.404444	2.332943	1.854840	-21.774700	25.000000
9.058846	2.396422	2.356102	9.123596	2.411811	2.332943	1.854840	-20.116300	25.000000
9.058846	2.396422	2.356102	9.049309	2.404444	2.332943	1.854840	-19.018600	25.000000
9.058366	2.396479	2.356218	9.082401	2.416896	2.297439	1.854840	-18.457800	25.000000
9.058366	2.396479	2.356218	9.082401	2.416896	2.297439	1.854840	-17.360100	25.000000
9.058366	2.396479	2.356218	9.148224	2.442111	2.272056	1.854840	-16.799300	25.000000
9.058366	2.396479	2.356218	8.989438	2.428654	2.296026	1.854840	-15.701600	25.000000
9.058366	2.396479	2.356218	9.022749	2.441424	2.283154	1.854840	-15.140800	25.000000
9.058366	2.396479	2.356218	9.051519	2.454906	2.294544	1.854840	-14.043100	25.000000
9.058366	2.396479	2.356218	9.004443	2.461308	2.306236	1.854840	-13.482300	25.000000
9.058366	2.396479	2.356218	9.093954	2.449233	2.307453	1.854840	-12.384600	25.000000
9.058366	2.396479	2.356218	9.090655	2.449671	2.331809	1.854840	-11.823800	25.000000
9.058366	2.396479	2.356218	9.137286	2.443535	2.320066	1.854840	-10.726100	25.000000
9.058222	2.396497	2.356252	9.028843	2.423621	2.356194	1.854840	-10.165300	25.000000
9.058414	2.396474	2.356206	9.105493	2.430707	2.332389	1.854840	-9.067640	25.000000
9.058414	2.396474	2.356206	9.075792	2.417719	2.367959	1.854840	-8.506850	25.000000
9.058414	2.396474	2.356206	9.075792	2.417719	2.344430	1.854840	-7.409150	25.000000
9.058414	2.396474	2.356206	9.122500	2.411946	2.356194	1.854840	-6.848370	25.000000
9.058414	2.396474	2.356206	9.122500	2.411946	2.356194	1.854840	-5.750670	25.000000
9.058318	2.396485	2.356206	9.070832	2.385623	2.356194	2.684080	-35.603400	25.000000
9.058798	2.396428	2.356091	9.070832	2.385623	2.356194	2.684080	-32.286500	25.000000
9.058318	2.396485	2.356206	9.049309	2.404444	2.332943	2.684080	-22.335500	25.000000
9.058318	2.396485	2.356206	9.098351	2.398526	2.321725	2.684080	-21.774700	25.000000
9.058318	2.396485	2.356206	9.049309	2.404444	2.332943	2.684080	-20.677000	25.000000
9.058798	2.396428	2.356091	9.052624	2.404041	2.309716	2.684080	-20.116300	25.000000
9.058798	2.396428	2.356091	9.058146	2.403370	2.286540	2.684080	-19.018600	25.000000
9.058318	2.396485	2.356206	9.030504	2.440406	2.258941	2.684080	-18.457800	25.000000
9.058318	2.396485	2.356206	9.097802	2.414986	2.250705	2.684080	-17.360100	25.000000
9.058318	2.396485	2.356206	9.080749	2.468462	2.193099	2.684080	-16.799300	25.000000
9.058318	2.396485	2.356206	8.939799	2.470295	2.228685	2.684080	-15.701600	25.000000
9.058318	2.396485	2.356206	9.056489	2.508247	2.210566	2.684080	-15.140800	25.000000
9.058318	2.396485	2.356206	9.069730	2.506261	2.184566	2.684080	-14.043100	25.000000
9.058318	2.396485	2.356206	9.002222	2.497763	2.251318	2.684080	-13.482300	25.000000
9.058318	2.396485	2.356206	9.044888	2.528968	2.233526	2.684080	-12.384600	25.000000
9.058318	2.396485	2.356206	9.033825	2.493116	2.291350	2.684080	-11.823800	25.000000
9.058318	2.396485	2.356206	9.036592	2.474614	2.318238	2.684080	-10.726100	25.000000
9.058174	2.396502	2.356241	9.090655	2.449671	2.331809	2.684080	-10.165300	25.000000
9.058366	2.396479	2.356194	8.967720	2.448739	2.368540	2.684080	-9.067640	25.000000
9.058366	2.396479	2.356194	9.028843	2.423621	2.356194	2.684080	-8.506850	25.000000
9.058366	2.396479	2.356194	9.075792	2.417719	2.344430	2.684080	-7.409150	25.000000
9.058366	2.396479	2.356194	9.028843	2.423621	2.356194	2.684080	-5.750670	25.000000
9.058318	2.396485	2.356206	9.144944	2.392997	2.333471	3.513320	-23.433200	25.000000
9.058318	2.396485	2.356206	9.052624	2.404041	2.309716	3.513320	-21.774700	25.000000
9.058318	2.396485	2.356206	9.148224	2.392611	2.310771	3.513320	-20.677000	25.000000
9.058798	2.396428	2.356091	9.058146	2.403370	2.286540	3.513320	-20.116300	25.000000
9.058798	2.396428	2.356091	9.016097	2.425241	2.224432	3.513320	-19.018600	25.000000
9.058318	2.396485	2.356206	9.039358	2.474226	2.074423	3.513320	-18.457800	25.000000
9.058318	2.396485	2.356206	9.029950	2.440478	2.173084	3.513320	-17.360100	25.000000
9.058318	2.396485	2.356206	9.244052	2.517224	1.959894	3.513320	-16.799300	25.000000
9.058318	2.396485	2.356206	8.853705	2.581306	1.988805	3.513320	-15.701600	25.000000
9.058318	2.396485	2.356206	8.993470	2.620541	1.924338	3.513320	-15.140800	25.000000
9.058318	2.396485	2.356206	9.102533	2.644298	1.970548	3.513320	-14.043100	25.000000
9.058318	2.396485	2.356206	9.129211	2.595192	2.138334	3.513320	-13.482300	25.000000
9.058318	2.396485	2.356206	8.937919	2.679369	2.119821	3.513320	-12.384600	25.000000
9.058318	2.396485	2.356206	8.942595	2.545437	2.342111	3.513320	-11.823800	25.000000
9.058318	2.396485	2.356206	9.224966	2.558369	2.202487	3.513320	-10.726100	25.000000
9.058174	2.396502	2.356241	9.124692	2.462445	2.319174	3.513320	-10.165300	25.000000
9.058366	2.396479	2.356194	8.947625	2.487346	2.369181	3.513320	-9.067640	25.000000
9.058366	2.396479	2.356194	9.089554	2.449817	2.356194	3.513320	-8.506850	25.000000
9.058366	2.396479	2.356194	9.104395	2.430847	2.356194	3.513320	-7.409150	25.000000
9.058366	2.396479	2.356194	9.122500	2.411946	2.356194	3.513320	-6.848370	25.000000
9.058366	2.396479	2.356194	9.028843	2.423621	2.356194	3.513320	-5.750670	25.000000
9.058318	2.396485	2.356206	9.098351	2.398526	2.321725	4.342560	-23.433200	25.000000
9.058318	2.396485	2.356206	9.024965	2.391029	2.321725	4.342560	-22.335500	25.000000
9.058318	2.396485	2.356206	9.007774	2.409537	2.297439	4.342560	-21.774700	25.000000
9.058318	2.396485	2.356206	9.118114	2.396170	2.253113	4.342560	-20.677000	25.000000
9.058798	2.396428	2.356091	8.994999	2.445094	2.057696	4.342560	-20.116300	25.000000
9.058798	2.396428	2.356091	9.008329	2.409468	2.191046	4.342560	-19.018600	25.000000
9.058318	2.396485	2.356206	8.994026	2.462741	1.923349	4.342560	-18.457800	25.000000
9.058318	2.396485	2.356206	9.095142	2.521150	1.753356	4.342560	-17.360100	25.000000
9.058318	2.396485	2.356206	9.247702	2.498423	2.018316	4.342560	-16.799300	25.000000
9.058318	2.396485	2.356206	8.877500	2.375931	2.367688	4.342560	-15.701600	25.000000
9.058318	2.396485	2.356206	8.462269	2.635138	2.165556	4.342560	-15.140800	25.000000
9.058318	2.396485	2.356206	9.654015	2.323553	2.174546	4.342560	-14.043100	25.000000
9.058318	2.396485	2.356206	9.102725	2.746084	1.818541	4.342560	-13.482300	25.000000
9.058318	2.396485	2.356206	8.898000	2.805445	1.875307	4.342560	-12.384600	25.000000
9.058318	2.396485	2.356206	9.124670	2.639846	2.138574	4.342560	-11.823800	25.000000
9.058318	2.396485	2.356206	8.870648	2.750248	2.310202	4.342560	-10.726100	25.000000
9.058174	2.396502	2.356241	9.065870	2.506839	2.329885	4.342560	-10.165300	25.000000
9.058366	2.396479	2.356194	9.069730	2.564316	2.356194	4.342560	-9.067640	25.000000
9.058366	2.396479	2.356194	9.012769	2.442739	2.356194	4.342560	-8.506850	25.000000
9.058366	2.396479	2.356194	9.000000	2.461919	2.356194	4.342560	-7.409150	25.000000
9.058366	2.396479	2.356194	9.029950	2.423481	2.380000	4.342560	-6.848370	25.000000
9.058366	2.396479	2.356194	9.028843	2.423621	2.356194	4.342560	-5.750670	25.000000
9.058366	2.396479	2.356194	9.001111	2.410361	2.367959	4.342560	-5.189880	25.000000
9.058366	2.396479	2.356194	9.122500	2.411946	2.356194	4.342560	-4.092180	25.000000
9.058366	2.396479	2.356194	9.070832	2.385623	2.356194	4.342560	5.858740	25.000000
9.058318	2.396485	2.356206	9.070832	2.385623	2.356194	5.171810	-36.701100	25.000000
9.058318	2.396485	2.356206	9.049309	2.404444	2.332943	5.171810	-25.091700	25.000000
9.058318	2.396485	2.356206	9.049309	2.404444	2.332943	5.171810	-23.994000	25.000000
9.058318	2.396485	2.356206	9.029396	2.390503	2.298786	5.171810	-23.433200	25.000000
9.058318	2.396485	2.356206	9.148224	2.392611	2.310771	5.171810	-22.335500	25.000000
9.058318	2.396485	2.356206	8.987769	2.412017	2.154169	5.171810	-21.774700	25.000000
9.058318	2.396485	2.356206	9.171150	2.389926	2.243044	5.171810	-20.677000	25.000000
9.058798	2.396428	2.356091	8.340288	2.464423	1.865919	5.171810	-20.116300	25.000000
9.058798	2.396428	2.356091	9.765045	2.355481	1.817881	5.171810	-19.018600	25.000000
9.058318	2.396485	2.356206	9.938813	2.133249	2.672626	5.171810	-18.457800	25.000000
9.058318	2.396485	2.356206	8.111104	2.690568	2.072400	5.171810	-17.360100	25.000000
9.058318	2.396485	2.356206	9.585646	1.659587	2.834084	5.171810	-16.799300	25.000000
9.058318	2.396485	2.356206	8.387878	1.857248	3.034504	5.171810	-15.701600	25.000000
9.058318	2.396485	2.356206	8.817732	1.607095	2.657643	5.171810	-15.140800	25.000000
9.058318	2.396485	2.356206	9.196244	1.849503	2.380190	5.171810	-14.043100	25.000000
9.058318	2.396485	2.356206	7.668116	2.181940	2.491722	5.171810	-13.482300	25.000000
9.058318	2.396485	2.356206	10.279105	2.478360	2.119346	5.171810	-12.384600	25.000000
9.058318	2.396485	2.356206	9.039320	2.763237	2.239457	5.171810	-11.823800	25.000000
9.058318	2.396485	2.356206	8.975461	2.781559	2.327120	5.171810	-10.726100	25.000000
9.058174	2.396502	2.356241	9.288165	2.630228	2.262718	5.171810	-10.165300	25.000000
9.058366	2.396479	2.356194	8.888757	2.596372	2.432966	5.171810	-9.067640	25.000000
9.058366	2.396479	2.356194	9.001111	2.461766	2.381189	5.171810	-8.506850	25.000000
9.058366	2.396479	2.356194	9.107140	2.500711	2.343208	5.171810	-7.409150	25.000000
9.058366	2.396479	2.356194	9.029950	2.423481	2.380000	5.171810	-6.848370	25.000000
9.058366	2.396479	2.356194	9.058697	2.436727	2.368242	5.171810	-5.750670	25.000000
9.058366	2.396479	2.356194	9.001111	2.410361	2.367959	5.171810	-4.092180	25.000000
9.058366	2.396479	2.356194	9.001111	2.410361	2.367959	5.171810	-2.433690	25.000000
9.058366	2.396479	2.356194	9.070832	2.385623	2.356194	5.171810	0.883280	25.000000
9.058318	2.396485	2.356206	9.070832	2.385623	2.356194	6.001050	-27.311000	25.000000
9.058318	2.396485	2.356206	9.144944	2.392997	2.333471	6.001050	-26.750200	25.000000
9.058318	2.396485	2.356206	9.121952	2.379698	2.322499	6.001050	-25.091700	25.000000
9.058318	2.396485	2.356206	9.049309	2.404444	2.332943	6.001050	-23.994000	25.000000
9.058318	2.396485	2.356206	8.940358	2.401232	2.274027	6.001050	-23.433200	25.000000
9.058318	2.396485	2.356206	9.044888	2.388671	2.253113	6.001050	-22.335500	25.000000
9.058318	2.396485	2.356206	9.421253	2.346956	2.101012	6.001050	-21.774700	25.000000
9.058318	2.396485	2.356206	8.710913	2.396036	1.989021	6.001050	-20.677000	25.000000
9.058798	2.396428	2.356091	8.815220	2.350866	1.716530	6.001050	-20.116300	25.000000
9.058798	2.396428	2.356091	9.271942	2.347651	2.159218	6.001050	-19.018600	25.000000
9.058318	2.396485	2.356206	8.306624	2.310624	2.809533	6.001050	-18.457800	25.000000
9.058318	2.396485	2.356206	9.720082	1.757055	2.799977	6.001050	-17.360100	25.000000
9.058318	2.396485	2.356206	8.534665	1.542672	3.055921	6.001050	-16.799300	25.000000
9.058318	2.396485	2.356206	9.527581	1.270312	2.883822	6.001050	-15.701600	25.000000
9.058318	2.396485	2.356206	8.115417	1.309051	2.620864	6.001050	-15.140800	25.000000
9.058318	2.396485	2.356206	9.904544	1.209622	2.532635	6.001050	-14.043100	25.000000
9.058318	2.396485	2.356206	9.785275	1.617823	2.298288	6.001050	-13.482300	25.000000
9.058318	2.396485	2.356206	8.195981	1.780979	2.560510	6.001050	-12.384600	25.000000
9.058318	2.396485	2.356206	10.065287	2.655633	2.082027	6.001050	-11.823800	25.000000
9.058318	2.396485	2.356206	7.905062	1.973768	2.591739	6.001050	-10.726100	25.000000
9.058174	2.396502	2.356241	9.098330	2.776911	2.611744	6.001050	-10.165300	25.000000
9.058366	2.396479	2.356194	9.013152	2.713554	2.267246	6.001050	-9.067640	25.000000
9.058366	2.396479	2.356194	9.029396	2.493763	2.395136	6.001050	-8.506850	25.000000
9.058366	2.396479	2.356194	9.065870	2.545042	2.383965	6.001050	-7.409150	25.000000
9.058366	2.396479	2.356194	8.937561	2.435394	2.380580	6.001050	-6.848370	25.000000
9.058366	2.396479	2.356194	9.089554	2.449817	2.356194	6.001050	-5.750670	25.000000
9.058366	2.396479	2.356194	9.123596	2.411811	2.379446	6.001050	-5.189880	25.000000
9.058366	2.396479	2.356194	9.122500	2.411946	2.356194	6.001050	-4.092180	25.000000
9.058318	2.396485	2.356206	9.070832	2.385623	2.356194	6.830290	-36.701100	25.000000
9.058318	2.396485	2.356206	9.070832	2.385623	2.356194	6.830290	-33.384100	25.000000
9.058318	2.396485	2.356206	9.144944	2.392997	2.333471	6.830290	-26.750200	25.000000
9.058318	2.396485	2.356206	9.071935	2.385494	2.333471	6.830290	-25.652500	25.000000
9.058318	2.396485	2.356206	9.075241	2.385108	2.310771	6.830290	-25.091700	25.000000
9.058318	2.396485	2.356206	9.075241	2.385108	2.310771	6.830290	-23.994000	25.000000
9.058318	2.396485	2.356206	8.972179	2.381049	2.253113	6.830290	-23.433200	25.000000
9.058318	2.396485	2.356206	9.166788	2.358991	2.180255	6.830290	-22.335500	25.000000
9.058318	2.396485	2.356206	9.525314	2.279562	1.917913	6.830290	-21.774700	25.000000
9.058318	2.396485	2.356206	8.452716	2.310866	1.849976	6.830290	-20.677000	25.000000
9.058798	2.396428	2.356091	8.723531	2.446567	2.343537	6.830290	-20.116300	25.000000
9.058798	2.396428	2.356091	9.355747	1.742659	2.878195	6.830290	-19.018600	25.000000
9.058318	2.396485	2.356206	8.316490	1.404090	3.158664	6.830290	-18.457800	25.000000
9.058318	2.396485	2.356206	9.722726	1.433573	2.841185	6.830290	-17.360100	25.000000
9.058318	2.396485	2.356206	9.842479	1.026096	2.697071	6.830290	-16.799300	25.000000
9.058318	2.396485	2.356206	8.197707	1.047036	2.974591	6.830290	-15.701600	25.000000
9.058318	2.396485	2.356206	9.071384	0.818293	2.473927	6.830290	-15.140800	25.000000
9.058318	2.396485	2.356206	9.060905	0.847065	2.335364	6.830290	-14.043100	25.000000
9.058318	2.396485	2.356206	9.366963	1.300626	2.254188	6.830290	-13.482300	25.000000
9.058318	2.396485	2.356206	8.668333	0.997739	2.365903	6.830290	-12.384600	25.000000
9.058318	2.396485	2.356206	10.592922	1.655861	2.042918	6.830290	-11.823800	25.000000
9.058318	2.396485	2.356206	7.218726	2.208900	2.356194	6.830290	-10.726100	25.000000
9.058174	2.396502	2.356241	8.951201	2.757796	2.360414	6.830290	-10.165300	25.000000
9.058366	2.396479	2.356194	9.106772	2.841581	2.581418	6.830290	-9.067640	25.000000
9.058366	2.396479	2.356194	8.873556	2.536886	2.454468	6.830290	-8.506850	25.000000
9.058366	2.396479	2.356194	9.239048	2.575947	2.384758	6.830290	-7.409150	25.000000
9.058366	2.396479	2.356194	9.047099	2.455502	2.393215	6.830290	-6.848370	25.000000
9.058366	2.396479	2.356194	9.135097	2.443820	2.368242	6.830290	-5.750670	25.000000
9.058366	2.396479	2.356194	9.075792	2.417719	2.367959	6.830290	-5.189880	25.000000
9.058366	2.396479	2.356194	9.075792	2.417719	2.367959	6.830290	-4.092180	25.000000
9.058318	2.396485	2.356206	9.070832	2.385623	2.356194	7.659540	-35.603400	25.000000
9.058798	2.396428	2.356091	9.070832	2.385623	2.356194	7.659540	-32.286500	25.000000
9.058318	2.396485	2.356206	9.144944	2.392997	2.333471	7.659540	-26.750200	25.000000
9.058318	2.396485	2.356206	9.144944	2.392997	2.333471	7.659540	-25.652500	25.000000
9.058318	2.396485	2.356206	9.126336	2.379195	2.300074	7.659540	-25.091700	25.000000
9.058318	2.396485	2.356206	9.008329	2.376841	2.288118	7.659540	-23.994000	25.000000
9.058318	2.396485	2.356206	8.967720	2.349728	2.189224	7.659540	-23.433200	25.000000
9.058318	2.396485	2.356206	9.108787	2.319461	2.088084	7.659540	-22.335500	25.000000
9.058318	2.396485	2.356206	9.934284	2.244777	2.237489	7.659540	-21.774700	25.000000
9.058318	2.396485	2.356206	8.002500	2.457128	2.819842	7.659540	-20.677000	25.000000
9.058798	2.396428	2.356091	7.695434	1.860589	2.679158	7.659540	-20.116300	25.000000
9.058798	2.396428	2.356091	10.041275	1.325342	3.880513	7.659540	-19.018600	25.000000
9.058318	2.396485	2.356206	9.693627	0.733619	3.308768	7.659540	-18.457800	25.000000
9.058318	2.396485	2.356206	8.342835	0.913090	3.492563	7.659540	-17.360100	25.000000
9.058318	2.396485	2.356206	9.811218	0.668397	2.507960	7.659540	-16.799300	25.000000
9.058318	2.396485	2.356206	8.152300	0.627347	2.687291	7.659540	-15.701600	25.000000
9.058318	2.396485	2.356206	8.732102	0.678148	2.073640	7.659540	-15.140800	25.000000
9.058318	2.396485	2.356206	9.409575	0.574304	1.974917	7.659540	-14.043100	25.000000
9.058318	2.396485	2.356206	8.955445	0.636838	2.169215	7.659540	-13.482300	25.000000
9.058318	2.396485	2.356206	9.165697	0.980722	2.093200	7.659540	-12.384600	25.000000
9.058318	2.396485	2.356206	10.231173	1.436488	1.954966	7.659540	-11.823800	25.000000
9.058318	2.396485	2.356206	7.646444	1.961208	2.356194	7.659540	-10.726100	25.000000
9.058174	2.396502	2.356241	9.353609	2.639686	2.214297	7.659540	-10.165300	25.000000
9.058366	2.396479	2.356194	8.798295	2.529314	2.713329	7.659540	-9.067640	25.000000
9.058366	2.396479	2.356194	9.163515	2.632173	2.435394	7.659540	-8.506850	25.000000
9.058366	2.396479	2.356194	8.949302	2.564503	2.530867	7.659540	-7.409150	25.000000
9.058366	2.396479	2.356194	9.051519	2.454906	2.417845	7.659540	-6.848370	25.000000
9.058366	2.396479	2.356194	9.090655	2.449671	2.380580	7.659540	-5.750670	25.000000
9.058366	2.396479	2.356194	9.001111	2.410361	2.367959	7.659540	-5.189880	25.000000
9.058366	2.396479	2.356194	9.075792	2.417719	2.367959	7.659540	-4.092180	25.000000
9.058366	2.396479	2.356194	9.049309	2.404444	2.379446	7.659540	-3.531390	25.000000
9.058366	2.396479	2.356194	9.070832	2.385623	2.356194	7.659540	5.858740	25.000000
9.058366	2.396479	2.356194	9.070832	2.385623	2.356194	7.659540	7.517230	25.000000
9.058318	2.396485	2.356206	9.070832	2.385623	2.356194	8.488780	-31.725700	25.000000
9.058318	2.396485	2.356206	9.024965	2.391029	2.321725	8.488780	-26.750200	25.000000
9.058318	2.396485	2.356206	9.144944	2.392997	2.333471	8.488780	-25.652500	25.000000
9.058318	2.396485	2.356206	9.008329	2.376841	2.288118	8.488780	-25.091700	25.000000
9.058318	2.396485	2.356206	8.998333	2.362061	2.255413	8.488780	-23.994000	25.000000
9.058318	2.396485	2.356206	8.480566	2.261072	1.979704	8.488780	-23.433200	25.000000
9.058318	2.396485	2.356206	9.508943	2.267250	2.071237	8.488780	-22.335500	25.000000
9.058318	2.396485	2.356206	7.600658	2.596712	3.559817	8.488780	-21.774700	25.000000
9.058318	2.396485	2.356206	10.289315	1.980646	3.591023	8.488780	-20.677000	25.000000
9.058798	2.396428	2.356091	11.804135	1.110836	4.444479	8.488780	-20.116300	25.000000
9.058798	2.396428	2.356091	3.716396	1.694890	2.922924	8.488780	-19.018600	25.000000
9.058318	2.396485	2.356206	10.148399	0.577975	4.029198	8.488780	-18.457800	25.000000
9.058318	2.396485	2.356206	7.836453	0.520160	3.872499	8.488780	-17.360100	25.000000
9.058318	2.396485	2.356206	8.004998	0.506488	2.539305	8.488780	-16.799300	25.000000
9.058318	2.396485	2.356206	10.038924	0.561036	2.236766	8.488780	-15.701600	25.000000
9.058318	2.396485	2.356206	8.647543	0.787805	2.063633	8.488780	-15.140800	25.000000
9.058318	2.396485	2.356206	9.498421	0.607305	2.225367	8.488780	-14.043100	25.000000
9.058318	2.396485	2.356206	9.954898	0.717582	2.171510	8.488780	-13.482300	25.000000
9.058318	2.396485	2.356206	8.074652	0.733156	2.461071	8.488780	-12.384600	25.000000
9.058318	2.396485	2.356206	10.382297	1.463679	2.191046	8.488780	-11.823800	25.000000
9.058318	2.396485	2.356206	7.499173	1.401977	2.738477	8.488780	-10.726100	25.000000
9.058174	2.396502	2.356241	9.964437	2.119821	2.214297	8.488780	-10.165300	25.000000
9.058366	2.396479	2.356194	7.887966	2.454873	3.342910	8.488780	-9.067640	25.000000
9.058366	2.396479	2.356194	9.137073	2.637378	2.486311	8.488780	-8.506850	25.000000
9.058366	2.396479	2.356194	8.974207	2.647292	2.673743	8.488780	-7.409150	25.000000
9.058366	2.396479	2.356194	9.047099	2.455502	2.393215	8.488780	-6.848370	25.000000
9.058366	2.396479	2.356194	9.009994	2.460547	2.431054	8.488780	-5.750670	25.000000
9.058366	2.396479	2.356194	9.029950	2.423481	2.380000	8.488780	-5.189880	25.000000
9.058366	2.396479	2.356194	9.075792	2.417719	2.367959	8.488780	-4.092180	25.000000
9.058366	2.396479	2.356194	9.001111	2.410361	2.367959	8.488780	-2.433690	25.000000
9.058366	2.396479	2.356218	9.070832	2.385623	2.356194	9.318030	-38.920400	25.000000
9.058366	2.396479	2.356218	9.075241	2.385108	2.310771	9.318030	-26.750200	25.000000
9.058366	2.396479	2.356218	9.071935	2.385494	2.333471	9.318030	-25.652500	25.000000
9.058366	2.396479	2.356218	9.213577	2.353897	2.269456	9.318030	-25.091700	25.000000
9.058366	2.396479	2.356218	8.883130	2.359173	2.243044	9.318030	-23.994000	25.000000
9.058366	2.396479	2.356218	8.937002	2.178107	1.918403	9.318030	-23.433200	25.000000
9.058366	2.396479	2.356218	9.253648	2.234417	2.040579	9.318030	-22.335500	25.000000
9.058366	2.396479	2.356218	10.361105	1.967152	4.602309	9.318030	-21.774700	25.000000
9.058366	2.396479	2.356218	7.480140	2.437220	3.919692	9.318030	-20.677000	25.000000
9.058846	2.396422	2.356102	11.027393	1.767022	4.434216	9.318030	-20.116300	25.000000
9.058846	2.396422	2.356102	5.439926	0.148569	3.392595	9.318030	-19.018600	25.000000
9.058366	2.396479	2.356218	9.748846	0.676802	4.160734	9.318030	-18.457800	25.000000
9.058366	2.396479	2.356218	8.171903	0.517961	3.839495	9.318030	-17.360100	25.000000
9.058366	2.396479	2.356218	8.228001	0.423828	2.545394	9.318030	-16.799300	25.000000
9.058366	2.396479	2.356218	9.810199	0.501965	2.205823	9.318030	-15.701600	25.000000
9.058366	2.396479	2.356218	9.617172	0.755594	2.281067	9.318030	-15.140800	25.000000
9.058366	2.396479	2.356218	8.560958	0.760897	2.248183	9.318030	-14.043100	25.000000
9.058366	2.396479	2.356218	9.079648	0.655108	2.432966	9.318030	-13.482300	25.000000
9.058366	2.396479	2.356218	9.107140	0.603191	2.315122	9.318030	-12.384600	25.000000
9.058366	2.396479	2.356218	9.831582	0.927162	2.293215	9.318030	-11.823800	25.000000
9.058366	2.396479	2.356218	8.058536	1.255361	2.513756	9.318030	-10.726100	25.000000
9.058222	2.396497	2.356252	11.100000	1.910633	2.025897	9.318030	-10.165300	25.000000
9.058414	2.396474	2.356206	6.262587	2.183208	3.043866	9.318030	-9.067640	25.000000
9.058414	2.396474	2.356206	8.947067	2.629649	2.667741	9.318030	-8.506850	25.000000
9.058414	2.396474	2.356206	9.279661	2.702659	2.721051	9.318030	-7.409150	25.000000
9.058414	2.396474	2.356206	9.000556	2.479716	2.432966	9.318030	-6.848370	25.000000
9.058414	2.396474	2.356206	9.082401	2.468234	2.406153	9.318030	-5.750670	25.000000
9.058414	2.396474	2.356206	9.077995	2.417445	2.391474	9.318030	-5.189880	25.000000
9.058414	2.396474	2.356206	9.075792	2.417719	2.367959	9.318030	-4.092180	25.000000
9.058414	2.396474	2.356206	9.070832	2.385623	2.356194	9.318030	4.761040	25.000000
9.058462	2.396468	2.356241	9.070832	2.385623	2.356194	10.147300	-35.042600	25.000000
9.058462	2.396468	2.356241	9.070832	2.385623	2.356194	10.147300	-30.628000	25.000000
9.058462	2.396468	2.356241	9.070832	2.385623	2.356194	10.147300	-30.067200	25.000000
9.058462	2.396468	2.356241	9.071935	2.385494	2.333471	10.147300	-27.311000	25.000000
9.058462	2.396468	2.356241	9.002777	2.377484	2.310771	10.147300	-26.750200	25.000000
9.058462	2.396468	2.356241	9.121952	2.379698	2.322499	10.147300	-25.652500	25.000000
9.058462	2.396468	2.356241	8.856071	2.330619	2.223643	10.147300	-25.091700	25.000000
9.058462	2.396468	2.356241	9.266067	2.333242	2.229222	10.147300	-23.994000	25.000000
9.058462	2.396468	2.356241	9.043782	2.169925	2.028456	10.147300	-23.433200	25.000000
9.058462	2.396468	2.356241	9.041018	2.267275	2.002197	10.147300	-22.335500	25.000000
9.058462	2.396468	2.356241	6.423115	2.776600	4.044460	10.147300	-21.774700	25.000000
9.058462	2.396468	2.356241	11.099441	2.099634	4.580527	10.147300	-20.677000	25.000000
9.058942	2.396411	2.356125	5.073421	2.294647	3.115283	10.147300	-20.116300	25.000000
9.058942	2.396411	2.356125	11.309041	1.024018	4.239482	10.147300	-19.018600	25.000000
9.058462	2.396468	2.356241	7.826391	0.543164	3.940976	10.147300	-18.457800	25.000000
9.058462	2.396468	2.356241	10.093542	0.344644	4.457453	10.147300	-17.360100	25.000000
9.058462	2.396468	2.356241	9.204238	0.332538	2.108933	10.147300	-16.799300	25.000000
9.058462	2.396468	2.356241	8.918683	0.163321	1.584589	10.147300	-15.701600	25.000000
9.058462	2.396468	2.356241	9.137286	0.731455	2.181522	10.147300	-15.140800	25.000000
9.058462	2.396468	2.356241	8.961027	0.579096	2.255091	10.147300	-14.043100	25.000000
9.058462	2.396468	2.356241	9.737043	0.550210	2.356194	10.147300	-13.482300	25.000000
9.058462	2.396468	2.356241	8.252878	0.580713	2.324955	10.147300	-12.384600	25.000000
9.058462	2.396468	2.356241	7.661593	0.876879	2.440333	10.147300	-11.823800	25.000000
9.058462	2.396468	2.356241	10.305824	0.837228	2.151553	10.147300	-10.726100	25.000000
9.058318	2.396485	2.356275	9.276853	1.506074	2.029613	10.147300	-10.165300	25.000000
9.058510	2.396462	2.356229	8.679286	2.452704	2.381830	10.147300	-9.067640	25.000000
9.058510	2.396462	2.356229	9.208697	2.693608	2.758759	10.147300	-8.506850	25.000000
9.058510	2.396462	2.356229	8.924018	2.634265	2.810360	10.147300	-7.409150	25.000000
9.058510	2.396462	2.356229	9.051519	2.454906	2.417845	10.147300	-6.848370	25.000000
9.058510	2.396462	2.356229	9.047652	2.473063	2.444571	10.147300	-5.750670	25.000000
9.058510	2.396462	2.356229	9.029950	2.423481	2.380000	10.147300	-5.189880	25.000000
9.058510	2.396462	2.356229	9.029950	2.423481	2.380000	10.147300	-4.092180	25.000000
9.058510	2.396462	2.356229	9.049309	2.404444	2.379446	10.147300	-3.531390	25.000000
9.058270	2.396491	2.356194	9.070832	2.385623	2.356194	10.976500	-36.701100	25.000000
9.058270	2.396491	2.356194	9.071935	2.385494	2.333471	10.976500	-28.408700	25.000000
9.058270	2.396491	2.356194	9.071935	2.385494	2.333471	10.976500	-27.311000	25.000000
9.058270	2.396491	2.356194	9.002777	2.377484	2.310771	10.976500	-26.750200	25.000000
9.058270	2.396491	2.356194	9.172786	2.373907	2.311779	10.976500	-25.652500	25.000000
9.058270	2.396491	2.356194	9.323626	2.298260	2.182699	10.976500	-25.091700	25.000000
9.058270	2.396491	2.356194	8.890444	2.311601	2.226492	10.976500	-23.994000	25.000000
9.058270	2.396491	2.356194	8.377947	2.255719	2.068913	10.976500	-23.433200	25.000000
9.058270	2.396491	2.356194	9.680393	2.125673	1.930989	10.976500	-22.335500	25.000000
9.058270	2.396491	2.356194	10.084642	2.101012	3.951376	10.976500	-21.774700	25.000000
9.058270	2.396491	2.356194	7.771744	2.452821	3.695900	10.976500	-20.677000	25.000000
9.058750	2.396434	2.356079	9.392316	1.857936	4.313328	10.976500	-20.116300	25.000000
9.058750	2.396434	2.356079	7.952710	0.272156	3.329814	10.976500	-19.018600	25.000000
9.058270	2.396491	2.356194	9.277122	0.245037	4.046669	10.976500	-18.457800	25.000000
9.058270	2.396491	2.356194	8.812423	0.404861	4.173946	10.976500	-17.360100	25.000000
9.058270	2.396491	2.356194	9.369333	0.642694	2.754473	10.976500	-16.799300	25.000000
9.058270	2.396491	2.356194	8.724798	0.410487	2.817117	10.976500	-15.701600	25.000000
9.058270	2.396491	2.356194	9.313431	0.827875	2.366503	10.976500	-15.140800	25.000000
9.058270	2.396491	2.356194	8.811924	0.774258	2.517570	10.976500	-14.043100	25.000000
9.058270	2.396491	2.356194	9.384029	0.790736	2.441096	10.976500	-13.482300	25.000000
9.058270	2.396491	2.356194	8.691375	0.725952	2.693448	10.976500	-12.384600	25.000000
9.058270	2.396491	2.356194	10.235722	0.831038	2.224879	10.976500	-11.823800	25.000000
9.058270	2.396491	2.356194	7.681797	0.928772	2.367688	10.976500	-10.726100	25.000000
9.058127	2.396508	2.356229	6.851277	1.409544	2.240918	10.976500	-10.165300	25.000000
9.058318	2.396485	2.356183	10.755929	2.382094	2.173779	10.976500	-9.067640	25.000000
9.058318	2.396485	2.356183	8.952324	2.628605	2.843596	10.976500	-8.506850	25.000000
9.058318	2.396485	2.356183	9.143746	2.659122	2.881749	10.976500	-7.409150	25.000000
9.058318	2.396485	2.356183	9.176601	2.455468	2.429235	10.976500	-6.848370	25.000000
9.058318	2.396485	2.356183	8.978307	2.464914	2.469629	10.976500	-5.750670	25.000000
9.058318	2.396485	2.356183	9.001111	2.410361	2.367959	10.976500	-5.189880	25.000000
9.058318	2.396485	2.356183	9.077995	2.417445	2.391474	10.976500	-4.092180	25.000000
9.058318	2.396485	2.356183	9.001111	2.410361	2.367959	10.976500	-3.531390	25.000000
9.058318	2.396485	2.356183	9.070832	2.385623	2.356194	10.976500	2.541770	25.000000
9.058318	2.396485	2.356183	9.070832	2.385623	2.356194	10.976500	6.419530	25.000000
9.058270	2.396491	2.356194	9.070832	2.385623	2.356194	11.805700	-31.725700	25.000000
9.058270	2.396491	2.356194	9.070832	2.385623	2.356194	11.805700	-28.969500	25.000000
9.058270	2.396491	2.356194	9.071935	2.385494	2.333471	11.805700	-28.408700	25.000000
9.058270	2.396491	2.356194	9.049862	2.372070	2.322499	11.805700	-26.750200	25.000000
9.058270	2.396491	2.356194	9.101099	2.366276	2.311779	11.805700	-25.652500	25.000000
9.058270	2.396491	2.356194	8.949302	2.305603	2.217309	11.805700	-25.091700	25.000000
9.058270	2.396491	2.356194	9.064767	2.236708	2.166581	11.805700	-23.994000	25.000000
9.058270	2.396491	2.356194	8.165782	2.000247	2.046492	11.805700	-23.433200	25.000000
9.058270	2.396491	2.356194	9.920181	2.146404	1.926754	11.805700	-22.335500	25.000000
9.058270	2.396491	2.356194	8.595929	2.081285	4.428595	11.805700	-21.774700	25.000000
9.058270	2.396491	2.356194	9.484197	2.269434	4.044100	11.805700	-20.677000	25.000000
9.058750	2.396434	2.356079	8.877500	1.729159	4.264046	11.805700	-20.116300	25.000000
9.058750	2.396434	2.356079	8.987213	0.583537	3.898427	11.805700	-19.018600	25.000000
9.058270	2.396491	2.356194	9.415753	0.920568	3.422825	11.805700	-18.457800	25.000000
9.058270	2.396491	2.356194	8.627752	0.768993	3.324279	11.805700	-17.360100	25.000000
9.058270	2.396491	2.356194	9.308061	0.978032	2.852617	11.805700	-16.799300	25.000000
9.058270	2.396491	2.356194	8.845338	0.942360	2.677945	11.805700	-15.701600	25.000000
9.058270	2.396491	2.356194	9.413820	0.851831	2.296266	11.805700	-15.140800	25.000000
9.058270	2.396491	2.356194	8.719518	0.827603	2.488746	11.805700	-14.043100	25.000000
9.058270	2.396491	2.356194	9.069179	0.771719	2.536048	11.805700	-13.482300	25.000000
9.058270	2.396491	2.356194	9.030504	0.701187	2.453448	11.805700	-12.384600	25.000000
9.058270	2.396491	2.356194	9.650907	0.744123	2.082352	11.805700	-11.823800	25.000000
9.058270	2.396491	2.356194	8.453402	0.981244	1.996246	11.805700	-10.726100	25.000000
9.058127	2.396508	2.356229	8.640602	1.419770	2.044915	11.805700	-10.165300	25.000000
9.058318	2.396485	2.356183	9.248243	2.498345	2.653756	11.805700	-9.067640	25.000000
9.058318	2.396485	2.356183	9.162947	2.610330	2.893479	11.805700	-8.506850	25.000000
9.058318	2.396485	2.356183	9.008490	2.595864	2.866524	11.805700	-7.409150	25.000000
9.058318	2.396485	2.356183	8.940358	2.452434	2.455863	11.805700	-6.848370	25.000000
9.058318	2.396485	2.356183	9.099451	2.448505	2.429235	11.805700	-5.750670	25.000000
9.058318	2.396485	2.356183	9.003333	2.410086	2.391474	11.805700	-5.189880	25.000000
9.058318	2.396485	2.356183	9.049309	2.404444	2.379446	11.805700	-4.092180	25.000000
9.058318	2.396485	2.356183	9.049309	2.404444	2.379446	11.805700	-3.531390	25.000000
9.058270	2.396491	2.356194	9.070832	2.385623	2.356194	12.635000	-38.920400	25.000000
9.058270	2.396491	2.356194	9.070832	2.385623	2.356194	12.635000	-31.725700	25.000000
9.058270	2.396491	2.356194	9.101099	2.366276	2.311779	12.635000	-26.750200	25.000000
9.058270	2.396491	2.356194	8.982761	2.363817	2.300074	12.635000	-25.652500	25.000000
9.058270	2.396491	2.356194	8.882567	2.210147	2.166581	12.635000	-25.091700	25.000000
9.058270	2.396491	2.356194	9.235800	2.277915	2.194357	12.635000	-23.994000	25.000000
9.058270	2.396491	2.356194	8.617424	1.853034	2.007423	12.635000	-23.433200	25.000000
9.058270	2.396491	2.356194	9.481561	2.089436	1.996419	12.635000	-22.335500	25.000000
9.058270	2.396491	2.356194	8.916277	2.293895	4.107790	12.635000	-21.774700	25.000000
9.058270	2.396491	2.356194	9.295698	2.190647	4.201439	12.635000	-20.677000	25.000000
9.058750	2.396434	2.356079	10.228514	1.693310	4.253147	12.635000	-20.116300	25.000000
9.058750	2.396434	2.356079	6.964259	0.953701	2.685819	12.635000	-19.018600	25.000000
9.058270	2.396491	2.356194	9.388291	0.662892	3.551030	12.635000	-18.457800	25.000000
9.058270	2.396491	2.356194	8.579627	0.859642	3.785094	12.635000	-17.360100	25.000000
9.058270	2.396491	2.356194	8.618004	0.848104	2.532134	12.635000	-16.799300	25.000000
9.058270	2.396491	2.356194	9.513149	0.662621	2.846863	12.635000	-15.701600	25.000000
9.058270	2.396491	2.356194	8.209750	0.946322	2.419938	12.635000	-15.140800	25.000000
9.058270	2.396491	2.356194	9.810199	0.804938	2.356194	12.635000	-14.043100	25.000000
9.058270	2.396491	2.356194	8.348653	0.768896	2.404936	12.635000	-13.482300	25.000000
9.058270	2.396491	2.356194	9.732934	0.768135	2.471471	12.635000	-12.384600	25.000000
9.058270	2.396491	2.356194	9.623388	1.095930	1.763609	12.635000	-11.823800	25.000000
9.058270	2.396491	2.356194	8.544027	0.808560	1.812635	12.635000	-10.726100	25.000000
9.058127	2.396508	2.356229	5.023186	1.008032	2.034444	12.635000	-10.165300	25.000000
9.058318	2.396485	2.356183	11.454693	2.239327	2.134113	12.635000	-9.067640	25.000000
9.058318	2.396485	2.356183	9.138468	2.572874	2.840405	12.635000	-8.506850	25.000000
9.058318	2.396485	2.356183	8.994443	2.556839	2.813473	12.635000	-7.409150	25.000000
9.058318	2.396485	2.356183	9.224966	2.449090	2.440333	12.635000	-6.848370	25.000000
9.058318	2.396485	2.356183	9.022749	2.441424	2.429235	12.635000	-5.750670	25.000000
9.058318	2.396485	2.356183	9.077995	2.417445	2.391474	12.635000	-5.189880	25.000000
9.058318	2.396485	2.356183	9.003333	2.410086	2.391474	12.635000	-4.092180	25.000000
9.058270	2.396491	2.356194	9.070832	2.385623	2.356194	13.464200	-38.359600	25.000000
9.058270	2.396491	2.356194	9.070832	2.385623	2.356194	13.464200	-36.701100	25.000000
9.058270	2.396491	2.356194	9.070832	2.385623	2.356194	13.464200	-30.067200	25.000000
9.058270	2.396491	2.356194	9.119759	2.379950	2.344959	13.464200	-28.969500	25.000000
9.058270	2.396491	2.356194	9.070832	2.385623	2.356194	13.464200	-28.408700	25.000000
9.058270	2.396491	2.356194	9.119759	2.379950	2.344959	13.464200	-27.311000	25.000000
9.058270	2.396491	2.356194	9.101099	2.366276	2.311779	13.464200	-26.750200	25.000000
9.058270	2.396491	2.356194	8.982761	2.363817	2.300074	13.464200	-25.652500	25.000000
9.058270	2.396491	2.356194	9.468896	2.243487	2.173779	13.464200	-25.091700	25.000000
9.058270	2.396491	2.356194	8.608136	2.219407	2.211382	13.464200	-23.994000	25.000000
9.058270	2.396491	2.356194	9.457801	1.762283	1.957303	13.464200	-23.433200	25.000000
9.058270	2.396491	2.356194	8.695976	1.985026	2.040062	13.464200	-22.335500	25.000000
9.058270	2.396491	2.356194	8.626123	2.247217	3.979574	13.464200	-21.774700	25.000000
9.058270	2.396491	2.356194	9.449868	2.192005	4.102729	13.464200	-20.677000	25.000000
9.058750	2.396434	2.356079	10.476526	1.935838	4.335678	13.464200	-20.116300	25.000000
9.058750	2.396434	2.356079	6.389397	0.402015	3.141593	13.464200	-19.018600	25.000000
9.058270	2.396491	2.356194	8.325863	0.694007	3.740012	13.464200	-18.457800	25.000000
9.058270	2.396491	2.356194	9.780593	0.830095	3.966186	13.464200	-17.360100	25.000000
9.058270	2.396491	2.356194	9.902000	0.695830	2.530867	13.464200	-16.799300	25.000000
9.058270	2.396491	2.356194	8.189560	0.693095	2.916083	13.464200	-15.701600	25.000000
9.058270	2.396491	2.356194	9.664885	1.014925	2.546833	13.464200	-15.140800	25.000000
9.058270	2.396491	2.356194	8.474078	1.052237	2.500809	13.464200	-14.043100	25.000000
9.058270	2.396491	2.356194	8.094443	0.996097	2.397837	13.464200	-13.482300	25.000000
9.058270	2.396491	2.356194	9.912114	0.933243	2.462930	13.464200	-12.384600	25.000000
9.058270	2.396491	2.356194	8.796590	1.422468	1.570796	13.464200	-11.823800	25.000000
9.058270	2.396491	2.356194	9.287971	1.027690	2.037819	13.464200	-10.726100	25.000000
9.058127	2.396508	2.356229	1.822334	2.537681	3.044809	13.464200	-10.165300	25.000000
9.058318	2.396485	2.356183	12.373961	1.899968	1.836075	13.464200	-9.067640	25.000000
9.058318	2.396485	2.356183	9.012353	2.534124	2.773721	13.464200	-8.506850	25.000000
9.058318	2.396485	2.356183	9.139059	2.514456	2.722990	13.464200	-7.409150	25.000000
9.058318	2.396485	2.356183	9.082401	2.416896	2.414950	13.464200	-6.848370	25.000000
9.058318	2.396485	2.356183	9.030504	2.440406	2.453448	13.464200	-5.750670	25.000000
9.058318	2.396485	2.356183	9.123596	2.411811	2.379446	13.464200	-5.189880	25.000000
9.058318	2.396485	2.356183	9.001111	2.410361	2.367959	13.464200	-4.092180	25.000000
9.058270	2.396491	2.356194	9.070832	2.385623	2.356194	14.293500	-36.701100	25.000000
9.058270	2.396491	2.356194	9.070832	2.385623	2.356194	14.293500	-30.067200	25.000000
9.058270	2.396491	2.356194	9.071935	2.385494	2.333471	14.293500	-28.408700	25.000000
9.058270	2.396491	2.356194	9.047652	2.372322	2.344959	14.293500	-27.311000	25.000000
9.058270	2.396491	2.356194	8.959353	2.350651	2.311779	14.293500	-26.750200	25.000000
9.058270	2.396491	2.356194	9.082401	2.352739	2.301305	14.293500	-25.652500	25.000000
9.058270	2.396491	2.356194	9.049309	2.182948	2.173779	14.293500	-25.091700	25.000000
9.058270	2.396491	2.356194	9.076343	2.264025	2.234352	14.293500	-23.994000	25.000000
9.058270	2.396491	2.356194	8.490135	1.710233	2.039763	14.293500	-23.433200	25.000000
9.058270	2.396491	2.356194	9.629455	1.666482	1.978428	14.293500	-22.335500	25.000000
9.058270	2.396491	2.356194	8.582593	2.448069	4.890123	14.293500	-21.774700	25.000000
9.058270	2.396491	2.356194	9.418408	2.247765	3.948182	14.293500	-20.677000	25.000000
9.058750	2.396434	2.356079	11.137006	1.726766	4.240611	14.293500	-20.116300	25.000000
9.058750	2.396434	2.356079	5.920211	1.072393	3.141593	14.293500	-19.018600	25.000000
9.058270	2.396491	2.356194	8.251666	0.889017	3.738253	14.293500	-18.457800	25.000000
9.058270	2.396491	2.356194	9.804081	0.580139	3.926991	14.293500	-17.360100	25.000000
9.058270	2.396491	2.356194	9.057709	0.319262	2.823179	14.293500	-16.799300	25.000000
9.058270	2.396491	2.356194	9.099099	0.448293	2.435167	14.293500	-15.701600	25.000000
9.058270	2.396491	2.356194	9.399468	0.807193	2.335364	14.293500	-15.140800	25.000000
9.058270	2.396491	2.356194	8.633655	0.752910	2.464206	14.293500	-14.043100	25.000000
9.058270	2.396491	2.356194	8.071555	0.918428	2.111216	14.293500	-13.482300	25.000000
9.058270	2.396491	2.356194	9.981984	0.900627	2.137526	14.293500	-12.384600	25.000000
9.058270	2.396491	2.356194	6.859636	1.592665	1.700939	14.293500	-11.823800	25.000000
9.058270	2.396491	2.356194	10.796523	1.308455	1.971784	14.293500	-10.726100	25.000000
9.058127	2.396508	2.356229	3.571680	2.940911	1.754419	14.293500	-10.165300	25.000000
9.058318	2.396485	2.356183	12.144777	2.040778	1.884369	14.293500	-9.067640	25.000000
9.058318	2.396485	2.356183	9.088454	2.485225	2.694073	14.293500	-8.506850	25.000000
9.058318	2.396485	2.356183	8.985544	2.481863	2.629203	14.293500	-7.409150	25.000000
9.058318	2.396485	2.356183	9.038805	2.422361	2.427502	14.293500	-6.848370	25.000000
9.058318	2.396485	2.356183	9.082401	2.416896	2.414950	14.293500	-5.750670	25.000000
9.058318	2.396485	2.356183	9.049309	2.404444	2.379446	14.293500	-5.189880	25.000000
9.058318	2.396485	2.356183	9.123596	2.411811	2.379446	14.293500	-4.092180	25.000000
9.058318	2.396485	2.356183	9.070832	2.385623	2.356194	14.293500	5.858740	25.000000
9.058270	2.396491	2.356194	9.070832	2.385623	2.356194	15.122700	-31.725700	25.000000
9.058270	2.396491	2.356194	9.070832	2.385623	2.356194	15.122700	-28.969500	25.000000
9.058270	2.396491	2.356194	8.999444	2.377871	2.333471	15.122700	-28.408700	25.000000
9.058270	2.396491	2.356194	9.071935	2.385494	2.333471	15.122700	-27.311000	25.000000
9.058270	2.396491	2.356194	9.153142	2.360492	2.301305	15.122700	-26.750200	25.000000
9.058270	2.396491	2.356194	9.007774	2.345348	2.323239	15.122700	-25.652500	25.000000
9.058270	2.396491	2.356194	9.210863	2.170685	2.187988	15.122700	-25.091700	25.000000
9.058270	2.396491	2.356194	8.888757	2.252362	2.243275	15.122700	-23.994000	25.000000
9.058270	2.396491	2.356194	9.227031	1.615246	2.068411	15.122700	-23.433200	25.000000
9.058270	2.396491	2.356194	8.818413	1.613901	2.029368	15.122700	-22.335500	25.000000
9.058270	2.396491	2.356194	8.757854	2.357368	4.110934	15.122700	-21.774700	25.000000
9.058270	2.396491	2.356194	9.342912	2.355221	3.496824	15.122700	-20.677000	25.000000
9.058750	2.396434	2.356079	9.961471	1.879865	4.206314	15.122700	-20.116300	25.000000
9.058750	2.396434	2.356079	7.291948	0.931603	2.792822	15.122700	-19.018600	25.000000
9.058270	2.396491	2.356194	9.573928	0.280406	4.518694	15.122700	-18.457800	25.000000
9.058270	2.396491	2.356194	8.428262	0.546654	4.519470	15.122700	-17.360100	25.000000
9.058270	2.396491	2.356194	8.775375	0.131161	0.393451	15.122700	-16.799300	25.000000
9.058270	2.396491	2.356194	9.352032	0.180559	1.160432	15.122700	-15.701600	25.000000
9.058270	2.396491	2.356194	8.542394	0.390289	1.965587	15.122700	-15.140800	25.000000
9.058270	2.396491	2.356194	9.476925	0.604033	1.831997	15.122700	-14.043100	25.000000
9.058270	2.396491	2.356194	8.384772	0.990091	1.625029	15.122700	-13.482300	25.000000
9.058270	2.396491	2.356194	9.625362	0.910990	1.737242	15.122700	-12.384600	25.000000
9.058270	2.396491	2.356194	11.674849	1.752525	1.917335	15.122700	-11.823800	25.000000
9.058270	2.396491	2.356194	5.233507	1.307915	2.043293	15.122700	-10.726100	25.000000
9.058127	2.396508	2.356229	10.132127	2.254481	2.119949	15.122700	-10.165300	25.000000
9.058318	2.396485	2.356183	7.814730	2.710574	2.269456	15.122700	-9.067640	25.000000
9.058318	2.396485	2.356183	8.916277	2.473623	2.588751	15.122700	-8.506850	25.000000
9.058318	2.396485	2.356183	9.159694	2.440624	2.548895	15.122700	-7.409150	25.000000
9.058318	2.396485	2.356183	9.077995	2.417445	2.391474	15.122700	-6.848370	25.000000
9.058318	2.396485	2.356183	9.082401	2.416896	2.414950	15.122700	-5.750670	25.000000
9.058318	2.396485	2.356183	9.049309	2.404444	2.379446	15.122700	-5.189880	25.000000
9.058318	2.396485	2.356183	9.049309	2.404444	2.379446	15.122700	-4.092180	25.000000
9.058318	2.396485	2.356183	9.070832	2.385623	2.356194	15.122700	6.419530	25.000000
9.058270	2.396491	2.356194	9.070832	2.385623	2.356194	15.952000	-38.359600	25.000000
9.058270	2.396491	2.356194	9.070832	2.385623	2.356194	15.952000	-30.628000	25.000000
9.058270	2.396491	2.356194	8.999444	2.377871	2.333471	15.952000	-28.408700	25.000000
9.058270	2.396491	2.356194	9.130170	2.347557	2.312744	15.952000	-26.750200	25.000000
9.058270	2.396491	2.356194	9.007774	2.345348	2.323239	15.952000	-25.652500	25.000000
9.058270	2.396491	2.356194	9.306987	2.189782	2.206382	15.952000	-25.091700	25.000000
9.058270	2.396491	2.356194	8.877500	2.253391	2.263676	15.952000	-23.994000	25.000000
9.058270	2.396491	2.356194	8.632062	1.541830	2.133081	15.952000	-23.433200	25.000000
9.058270	2.396491	2.356194	9.363845	1.682091	2.063282	15.952000	-22.335500	25.000000
9.058270	2.396491	2.356194	8.357631	2.424626	3.719495	15.952000	-21.774700	25.000000
9.058270	2.396491	2.356194	9.725739	2.171847	3.767639	15.952000	-20.677000	25.000000
9.058750	2.396434	2.356079	3.320075	1.908496	3.920219	15.952000	-20.116300	25.000000
9.058750	2.396434	2.356079	12.049983	1.096815	4.863124	15.952000	-19.018600	25.000000
9.058270	2.396491	2.356194	8.717936	0.619079	5.691893	15.952000	-18.457800	25.000000
9.058270	2.396491	2.356194	9.375308	0.568631	5.858525	15.952000	-17.360100	25.000000
9.058270	2.396491	2.356194	8.884944	0.364886	6.071872	15.952000	-16.799300	25.000000
9.058270	2.396491	2.356194	9.174244	0.574791	0.187762	15.952000	-15.701600	25.000000
9.058270	2.396491	2.356194	10.290875	0.545001	1.164182	15.952000	-15.140800	25.000000
9.058270	2.396491	2.356194	7.431830	0.584026	1.351863	15.952000	-14.043100	25.000000
9.058270	2.396491	2.356194	8.926035	1.042407	1.402662	15.952000	-13.482300	25.000000
9.058270	2.396491	2.356194	9.219241	1.250804	1.384606	15.952000	-12.384600	25.000000
9.058270	2.396491	2.356194	7.185583	1.290185	1.534580	15.952000	-11.823800	25.000000
9.058270	2.396491	2.356194	10.457983	2.166744	2.179629	15.952000	-10.726100	25.000000
9.058127	2.396508	2.356229	9.053889	2.454587	2.918579	15.952000	-10.165300	25.000000
9.058318	2.396485	2.356183	9.164366	2.440020	2.944197	15.952000	-9.067640	25.000000
9.058318	2.396485	2.356183	9.029950	2.440478	2.539305	15.952000	-8.506850	25.000000
9.058318	2.396485	2.356183	9.143850	2.425849	2.498092	15.952000	-7.409150	25.000000
9.058318	2.396485	2.356183	9.126883	2.411409	2.402673	15.952000	-6.848370	25.000000
9.058318	2.396485	2.356183	9.003333	2.410086	2.391474	15.952000	-5.750670	25.000000
9.058270	2.396491	2.356194	9.070832	2.385623	2.356194	16.781200	-33.384100	25.000000
9.058270	2.396491	2.356194	9.070832	2.385623	2.356194	16.781200	-30.628000	25.000000
9.058270	2.396491	2.356194	9.070832	2.385623	2.356194	16.781200	-30.067200	25.000000
9.058270	2.396491	2.356194	9.047652	2.372322	2.344959	16.781200	-28.408700	25.000000
9.058270	2.396491	2.356194	9.071935	2.385494	2.333471	16.781200	-27.311000	25.000000
9.058270	2.396491	2.356194	9.029950	2.358525	2.311779	16.781200	-26.750200	25.000000
9.058270	2.396491	2.356194	8.991107	2.331692	2.312744	16.781200	-25.652500	25.000000
9.058270	2.396491	2.356194	8.743569	2.207717	2.265535	16.781200	-25.091700	25.000000
9.058270	2.396491	2.356194	9.309135	2.257234	2.228185	16.781200	-23.994000	25.000000
9.058270	2.396491	2.356194	8.542248	1.500499	2.197867	16.781200	-23.433200	25.000000
9.058270	2.396491	2.356194	9.519039	1.770674	2.111216	16.781200	-22.335500	25.000000
9.058270	2.396491	2.356194	9.219306	2.467013	4.947258	16.781200	-21.774700	25.000000
9.058270	2.396491	2.356194	8.741859	2.359204	3.613223	16.781200	-20.677000	25.000000
9.058750	2.396434	2.356079	6.441916	1.584923	5.798707	16.781200	-20.116300	25.000000
9.058750	2.396434	2.356079	10.988951	1.524643	5.114888	16.781200	-19.018600	25.000000
9.058270	2.396491	2.356194	9.032851	1.062018	6.133042	16.781200	-18.457800	25.000000
9.058270	2.396491	2.356194	9.035397	1.112185	6.124530	16.781200	-17.360100	25.000000
9.058270	2.396491	2.356194	8.712038	0.598036	5.781235	16.781200	-16.799300	25.000000
9.058270	2.396491	2.356194	9.359065	0.846699	6.227529	16.781200	-15.701600	25.000000
9.058270	2.396491	2.356194	10.412492	0.871789	1.157667	16.781200	-15.140800	25.000000
9.058270	2.396491	2.356194	7.519308	0.668670	0.953041	16.781200	-14.043100	25.000000
9.058270	2.396491	2.356194	8.701494	1.554706	1.166810	16.781200	-13.482300	25.000000
9.058270	2.396491	2.356194	9.417908	1.407617	1.429356	16.781200	-12.384600	25.000000
9.058270	2.396491	2.356194	8.478821	1.736673	1.448518	16.781200	-11.823800	25.000000
9.058270	2.396491	2.356194	9.415413	2.409028	2.784681	16.781200	-10.726100	25.000000
9.058127	2.396508	2.356229	8.909747	2.421865	2.783221	16.781200	-10.165300	25.000000
9.058318	2.396485	2.356183	9.177778	2.389154	2.906668	16.781200	-9.067640	25.000000
9.058318	2.396485	2.356183	8.971622	2.414032	2.451146	16.781200	-8.506850	25.000000
9.058318	2.396485	2.356183	9.056489	2.420134	2.474684	16.781200	-7.409150	25.000000
9.058318	2.396485	2.356183	9.098351	2.398526	2.390664	16.781200	-6.848370	25.000000
9.058318	2.396485	2.356183	9.049309	2.404444	2.379446	16.781200	-5.750670	25.000000
9.058750	2.396434	2.356310	9.070832	2.385623	2.356194	17.610500	-31.725700	25.000000
9.058750	2.396434	2.356310	9.047652	2.372322	2.344959	17.610500	-28.408700	25.000000
9.058750	2.396434	2.356310	9.071935	2.385494	2.333471	17.610500	-27.311000	25.000000
9.058750	2.396434	2.356310	9.057041	2.340039	2.334459	17.610500	-26.750200	25.000000
9.058750	2.396434	2.356310	9.026627	2.358895	2.333976	17.610500	-25.652500	25.000000
9.058750	2.396434	2.356310	9.281164	2.232101	2.249802	17.610500	-25.091700	25.000000
9.058750	2.396434	2.356310	8.804544	2.260146	2.314552	17.610500	-23.994000	25.000000
9.058750	2.396434	2.356310	10.210098	1.699455	2.180713	17.610500	-23.433200	25.000000
9.058750	2.396434	2.356310	7.699506	1.809434	2.233012	17.610500	-22.335500	25.000000
9.058750	2.396434	2.356310	8.596867	2.393261	3.945245	17.610500	-21.774700	25.000000
9.058750	2.396434	2.356310	9.310264	2.671418	1.209750	17.610500	-20.677000	25.000000
9.059229	2.396376	2.356194	9.957409	1.824581	5.889192	17.610500	-20.116300	25.000000
9.059229	2.396376	2.356194	7.900633	2.306127	5.804272	17.610500	-19.018600	25.000000
9.058750	2.396434	2.356310	7.986320	1.782739	6.001543	17.610500	-18.457800	25.000000
9.058750	2.396434	2.356310	10.055019	1.345117	6.080787	17.610500	-17.360100	25.000000
9.058750	2.396434	2.356310	8.656789	0.882348	5.899901	17.610500	-16.799300	25.000000
9.058750	2.396434	2.356310	9.456215	1.074835	5.965237	17.610500	-15.701600	25.000000
9.058750	2.396434	2.356310	10.381715	1.057274	0.902964	17.610500	-15.140800	25.000000
9.058750	2.396434	2.356310	7.435725	1.353923	1.174946	17.610500	-14.043100	25.000000
9.058750	2.396434	2.356310	9.982229	2.038459	1.522519	17.610500	-13.482300	25.000000
9.058750	2.396434	2.356310	8.016234	1.784489	1.325818	17.610500	-12.384600	25.000000
9.058750	2.396434	2.356310	7.312318	2.609131	2.665897	17.610500	-11.823800	25.000000
9.058750	2.396434	2.356310	10.590562	2.219698	2.119346	17.610500	-10.726100	25.000000
9.058606	2.396451	2.356344	9.170060	2.390053	2.677945	17.610500	-10.165300	25.000000
9.058798	2.396428	2.356298	8.972736	2.413893	2.595426	17.610500	-9.067640	25.000000
9.058798	2.396428	2.356298	9.058146	2.403370	2.425849	17.610500	-8.506850	25.000000
9.058798	2.396428	2.356298	9.109336	2.397214	2.436481	17.610500	-7.409150	25.000000
9.058798	2.396428	2.356298	9.098351	2.398526	2.390664	17.610500	-6.848370	25.000000
9.058798	2.396428	2.356298	9.049309	2.404444	2.379446	17.610500	-5.750670	25.000000
9.058798	2.396428	2.356298	8.975522	2.396955	2.379446	17.610500	-4.092180	25.000000
9.058798	2.396428	2.356298	9.070832	2.385623	2.356194	17.610500	4.761040	25.000000
9.058270	2.396491	2.356194	9.070832	2.385623	2.356194	18.439700	-37.261900	25.000000
9.058270	2.396491	2.356194	9.070832	2.385623	2.356194	18.439700	-31.725700	25.000000
9.058270	2.396491	2.356194	9.070832	2.385623	2.356194	18.439700	-30.067200	25.000000
9.058270	2.396491	2.356194	9.071935	2.385494	2.333471	18.439700	-28.408700	25.000000
9.058270	2.396491	2.356194	9.007774	2.345348	2.323239	18.439700	-26.750200	25.000000
9.058270	2.396491	2.356194	9.026627	2.358895	2.333976	18.439700	-25.652500	25.000000
9.058270	2.396491	2.356194	8.804544	2.260146	2.314552	18.439700	-25.091700	25.000000
9.058270	2.396491	2.356194	9.306987	2.285537	2.265535	18.439700	-23.994000	25.000000
9.058270	2.396491	2.356194	8.972118	1.719582	2.268421	18.439700	-23.433200	25.000000
9.058270	2.396491	2.356194	9.056981	1.988007	2.219128	18.439700	-22.335500	25.000000
9.058270	2.396491	2.356194	8.334867	3.050093	1.975688	18.439700	-21.774700	25.000000
9.058270	2.396491	2.356194	9.615612	2.231390	2.272280	18.439700	-20.677000	25.000000
9.058750	2.396434	2.356079	9.919178	2.509036	0.442293	18.439700	-20.116300	25.000000
9.058750	2.396434	2.356079	8.074181	2.572130	6.126345	18.439700	-19.018600	25.000000
9.058270	2.396491	2.356194	9.073588	1.919469	5.398118	18.439700	-18.457800	25.000000
9.058270	2.396491	2.356194	8.953770	2.059041	0.165149	18.439700	-17.360100	25.000000
9.058270	2.396491	2.356194	7.920972	1.422545	6.189867	18.439700	-16.799300	25.000000
9.058270	2.396491	2.356194	10.097891	1.466626	6.190452	18.439700	-15.701600	25.000000
9.058270	2.396491	2.356194	8.232861	1.570796	0.871392	18.439700	-15.140800	25.000000
9.058270	2.396491	2.356194	9.866327	1.867011	1.400421	18.439700	-14.043100	25.000000
9.058270	2.396491	2.356194	10.158056	2.178490	1.668079	18.439700	-13.482300	25.000000
9.058270	2.396491	2.356194	7.834513	2.549299	2.446854	18.439700	-12.384600	25.000000
9.058270	2.396491	2.356194	8.975277	2.273417	2.820765	18.439700	-11.823800	25.000000
9.058270	2.396491	2.356194	9.146371	2.361238	2.936578	18.439700	-10.726100	25.000000
9.058127	2.396508	2.356229	9.024965	2.407420	2.544416	18.439700	-10.165300	25.000000
9.058318	2.396485	2.356183	9.129074	2.394870	2.481964	18.439700	-9.067640	25.000000
9.058318	2.396485	2.356183	9.007774	2.409537	2.414950	18.439700	-8.506850	25.000000
9.058318	2.396485	2.356183	9.052624	2.404041	2.402673	18.439700	-7.409150	25.000000
9.058318	2.396485	2.356183	8.975522	2.396955	2.379446	18.439700	-5.750670	25.000000
9.058318	2.396485	2.356183	9.070832	2.385623	2.356194	18.439700	4.200250	25.000000
9.058750	2.396434	2.356079	9.070832	2.385623	2.356194	19.268900	-32.286500	25.000000
9.058270	2.396491	2.356194	9.070832	2.385623	2.356194	19.268900	-30.628000	25.000000
9.058270	2.396491	2.356194	9.119759	2.379950	2.344959	19.268900	-30.067200	25.000000
9.058270	2.396491	2.356194	9.119759	2.379950	2.344959	19.268900	-28.408700	25.000000
9.058270	2.396491	2.356194	9.119759	2.379950	2.344959	19.268900	-27.311000	25.000000
9.058270	2.396491	2.356194	9.026627	2.358895	2.333976	19.268900	-26.750200	25.000000
9.058270	2.396491	2.356194	9.096703	2.366769	2.356194	19.268900	-25.652500	25.000000
9.058270	2.396491	2.356194	9.176056	2.283492	2.295046	19.268900	-25.091700	25.000000
9.058270	2.396491	2.356194	8.902247	2.310389	2.345442	19.268900	-23.994000	25.000000
9.058270	2.396491	2.356194	8.125269	1.989023	2.365718	19.268900	-23.433200	25.000000
9.058270	2.396491	2.356194	9.760123	2.027028	2.234842	19.268900	-22.335500	25.000000
9.058270	2.396491	2.356194	9.879777	1.943764	2.225167	19.268900	-21.774700	25.000000
9.058270	2.396491	2.356194	8.235290	2.269952	2.412315	19.268900	-20.677000	25.000000
9.058750	2.396434	2.356079	8.746937	2.671974	2.200150	19.268900	-20.116300	25.000000
9.058750	2.396434	2.356079	9.346449	2.831264	0.937106	19.268900	-19.018600	25.000000
9.058270	2.396491	2.356194	8.119735	2.563426	5.154870	19.268900	-18.457800	25.000000
9.058270	2.396491	2.356194	9.901661	2.445803	0.121619	19.268900	-17.360100	25.000000
9.058270	2.396491	2.356194	9.907699	2.019731	0.433581	19.268900	-16.799300	25.000000
9.058270	2.396491	2.356194	8.201469	2.137068	0.187478	19.268900	-15.701600	25.000000
9.058270	2.396491	2.356194	11.287409	2.100164	1.742020	19.268900	-15.140800	25.000000
9.058270	2.396491	2.356194	6.086871	2.698859	1.647568	19.268900	-14.043100	25.000000
9.058270	2.396491	2.356194	9.502631	2.188037	2.799437	19.268900	-13.482300	25.000000
9.058270	2.396491	2.356194	8.553946	2.549951	2.565217	19.268900	-12.384600	25.000000
9.058270	2.396491	2.356194	9.168424	2.313435	2.697810	19.268900	-11.823800	25.000000
9.058270	2.396491	2.356194	8.947625	2.400344	2.640925	19.268900	-10.726100	25.000000
9.058127	2.396508	2.356229	9.014433	2.408715	2.438362	19.268900	-10.165300	25.000000
9.058318	2.396485	2.356183	9.118114	2.396170	2.459276	19.268900	-9.067640	25.000000
9.058318	2.396485	2.356183	8.975522	2.396955	2.379446	19.268900	-8.506850	25.000000
9.058318	2.396485	2.356183	9.148224	2.392611	2.401618	19.268900	-7.409150	25.000000
9.058270	2.396491	2.356194	9.070832	2.385623	2.356194	20.098200	-30.628000	25.000000
9.058270	2.396491	2.356194	9.070832	2.385623	2.356194	20.098200	-30.067200	25.000000
9.058270	2.396491	2.356194	9.070832	2.385623	2.356194	20.098200	-28.969500	25.000000
9.058270	2.396491	2.356194	9.070832	2.385623	2.356194	20.098200	-27.311000	25.000000
9.058270	2.396491	2.356194	9.047652	2.372322	2.344959	20.098200	-26.750200	25.000000
9.058270	2.396491	2.356194	9.026627	2.358895	2.333976	20.098200	-25.652500	25.000000
9.058270	2.396491	2.356194	9.162423	2.328962	2.313667	20.098200	-25.091700	25.000000
9.058270	2.396491	2.356194	9.007219	2.299807	2.345669	20.098200	-23.994000	25.000000
9.058270	2.396491	2.356194	8.626123	2.119605	2.394637	20.098200	-23.433200	25.000000
9.058270	2.396491	2.356194	9.539916	2.172494	2.293215	20.098200	-22.335500	25.000000
9.058270	2.396491	2.356194	9.036177	1.845366	2.364324	20.098200	-21.774700	25.000000
9.058270	2.396491	2.356194	9.072905	1.652449	2.473760	20.098200	-20.677000	25.000000
9.058750	2.396434	2.356079	9.483143	2.432944	2.275908	20.098200	-20.116300	25.000000
9.058750	2.396434	2.356079	8.602906	2.107674	2.617413	20.098200	-19.018600	25.000000
9.058270	2.396491	2.356194	9.012802	2.837765	0.980428	20.098200	-18.457800	25.000000
9.058270	2.396491	2.356194	9.068527	2.855529	2.388530	20.098200	-17.360100	25.000000
9.058270	2.396491	2.356194	10.066583	2.473129	1.359255	20.098200	-16.799300	25.000000
9.058270	2.396491	2.356194	7.787432	2.718261	1.820324	20.098200	-15.701600	25.000000
9.058270	2.396491	2.356194	7.582875	2.290791	2.875341	20.098200	-15.140800	25.000000
9.058270	2.396491	2.356194	10.338762	2.097818	2.587738	20.098200	-14.043100	25.000000
9.058270	2.396491	2.356194	9.182380	2.159654	2.764734	20.098200	-13.482300	25.000000
9.058270	2.396491	2.356194	8.947491	2.305785	2.873226	20.098200	-12.384600	25.000000
9.058270	2.396491	2.356194	9.026073	2.374795	2.469345	20.098200	-11.823800	25.000000
9.058270	2.396491	2.356194	9.029950	2.374349	2.549165	20.098200	-10.726100	25.000000
9.058127	2.396508	2.356229	9.058146	2.403370	2.425849	20.098200	-10.165300	25.000000
9.058318	2.396485	2.356183	9.029396	2.390503	2.413603	20.098200	-9.067640	25.000000
9.058318	2.396485	2.356183	9.098351	2.398526	2.390664	20.098200	-8.506850	25.000000
9.058318	2.396485	2.356183	9.049309	2.404444	2.379446	20.098200	-7.409150	25.000000
9.058323	2.396485	2.356182	9.070832	2.385623	2.356194	20.098200	-0.775207	25.000000
9.058318	2.396485	2.356183	9.070832	2.385623	2.356194	20.098200	1.444070	25.000000
9.058270	2.396491	2.356194	9.070832	2.385623	2.356194	20.927400	-37.261900	25.000000
9.058270	2.396491	2.356194	9.070832	2.385623	2.356194	20.927400	-35.042600	25.000000
9.058270	2.396491	2.356194	9.070832	2.385623	2.356194	20.927400	-30.067200	25.000000
9.058270	2.396491	2.356194	9.070832	2.385623	2.356194	20.927400	-28.969500	25.000000
9.058270	2.396491	2.356194	9.070832	2.385623	2.356194	20.927400	-28.408700	25.000000
9.058270	2.396491	2.356194	9.070832	2.385623	2.356194	20.927400	-27.311000	25.000000
9.058270	2.396491	2.356194	9.047652	2.372322	2.367430	20.927400	-26.750200	25.000000
9.058270	2.396491	2.356194	9.119759	2.379950	2.344959	20.927400	-25.652500	25.000000
9.058270	2.396491	2.356194	9.005554	2.345590	2.367183	20.927400	-25.091700	25.000000
9.058270	2.396491	2.356194	9.159148	2.329301	2.334921	20.927400	-23.994000	25.000000
9.058270	2.396491	2.356194	9.047652	2.281151	2.345886	20.927400	-23.433200	25.000000
9.058270	2.396491	2.356194	9.069179	2.208589	2.385312	20.927400	-22.335500	25.000000
9.058270	2.396491	2.356194	8.654479	1.937131	2.505517	20.927400	-21.774700	25.000000
9.058270	2.396491	2.356194	9.418068	2.068951	2.347648	20.927400	-20.677000	25.000000
9.058750	2.396434	2.356079	8.812491	1.811409	2.615200	20.927400	-20.116300	25.000000
9.058750	2.396434	2.356079	9.394658	1.770098	2.541542	20.927400	-19.018600	25.000000
9.058270	2.396491	2.356194	9.201630	2.032611	2.563691	20.927400	-18.457800	25.000000
9.058270	2.396491	2.356194	8.910107	2.180206	2.610563	20.927400	-17.360100	25.000000
9.058270	2.396491	2.356194	9.517353	2.063285	2.603218	20.927400	-16.799300	25.000000
9.058270	2.396491	2.356194	8.600581	2.041437	2.877629	20.927400	-15.701600	25.000000
9.058270	2.396491	2.356194	9.152595	2.047538	2.854847	20.927400	-15.140800	25.000000
9.058270	2.396491	2.356194	8.947625	2.204751	2.727594	20.927400	-14.043100	25.000000
9.058270	2.396491	2.356194	8.946508	2.336449	2.622447	20.927400	-13.482300	25.000000
9.058270	2.396491	2.356194	9.179325	2.342307	2.507210	20.927400	-12.384600	25.000000
9.058270	2.396491	2.356194	8.940358	2.401232	2.438362	20.927400	-11.823800	25.000000
9.058270	2.396491	2.356194	9.132908	2.378441	2.434685	20.927400	-10.726100	25.000000
9.058127	2.396508	2.356229	9.098351	2.398526	2.390664	20.927400	-10.165300	25.000000
9.058318	2.396485	2.356183	9.052624	2.404041	2.402673	20.927400	-9.067640	25.000000
9.058318	2.396485	2.356183	9.070832	2.385623	2.356194	20.927400	-2.433690	25.000000
9.058318	2.396485	2.356183	9.070832	2.385623	2.356194	20.927400	-1.872910	25.000000
9.058270	2.396491	2.356194	9.070832	2.385623	2.356194	21.756700	-30.067200	25.000000
9.058270	2.396491	2.356194	9.070832	2.385623	2.356194	21.756700	-28.408700	25.000000
9.058270	2.396491	2.356194	9.070832	2.385623	2.356194	21.756700	-27.311000	25.000000
9.058270	2.396491	2.356194	9.047652	2.372322	2.344959	21.756700	-26.750200	25.000000
9.058270	2.396491	2.356194	9.119759	2.379950	2.367430	21.756700	-25.652500	25.000000
9.058270	2.396491	2.356194	9.047652	2.372322	2.344959	21.756700	-25.091700	25.000000
9.058270	2.396491	2.356194	9.055937	2.340157	2.356194	21.756700	-23.994000	25.000000
9.058270	2.396491	2.356194	8.955445	2.304983	2.377468	21.756700	-23.433200	25.000000
9.058270	2.396491	2.356194	9.233093	2.292503	2.335789	21.756700	-22.335500	25.000000
9.058270	2.396491	2.356194	8.971622	2.244891	2.406657	21.756700	-21.774700	25.000000
9.058270	2.396491	2.356194	9.083502	2.166942	2.431523	21.756700	-20.677000	25.000000
9.058750	2.396434	2.356079	9.252567	2.091118	2.453234	21.756700	-20.116300	25.000000
9.058750	2.396434	2.356079	8.853248	2.077957	2.567926	21.756700	-19.018600	25.000000
9.058270	2.396491	2.356194	9.135097	2.048527	2.611744	21.756700	-18.457800	25.000000
9.058270	2.396491	2.356194	8.878063	2.038176	2.627141	21.756700	-17.360100	25.000000
9.058270	2.396491	2.356194	8.916277	2.166114	2.708239	21.756700	-16.799300	25.000000
9.058270	2.396491	2.356194	9.168424	2.147603	2.578855	21.756700	-15.701600	25.000000
9.058270	2.396491	2.356194	9.087354	2.277399	2.593729	21.756700	-15.140800	25.000000
9.058270	2.396491	2.356194	9.109885	2.334438	2.507210	21.756700	-14.043100	25.000000
9.058270	2.396491	2.356194	9.108787	2.349867	2.476490	21.756700	-13.482300	25.000000
9.058270	2.396491	2.356194	8.992219	2.394942	2.448951	21.756700	-12.384600	25.000000
9.058270	2.396491	2.356194	9.029396	2.390503	2.413603	21.756700	-11.823800	25.000000
9.058270	2.396491	2.356194	9.075241	2.385108	2.401618	21.756700	-10.726100	25.000000
9.058127	2.396508	2.356229	9.098351	2.398526	2.390664	21.756700	-10.165300	25.000000
9.058318	2.396485	2.356183	9.024965	2.391029	2.390664	21.756700	-9.067640	25.000000
9.058750	2.396434	2.356079	9.070832	2.385623	2.356194	22.585900	-32.286500	25.000000
9.058270	2.396491	2.356194	9.070832	2.385623	2.356194	22.585900	-31.725700	25.000000
9.058270	2.396491	2.356194	9.070832	2.385623	2.356194	22.585900	-28.408700	25.000000
9.058270	2.396491	2.356194	9.070832	2.385623	2.356194	22.585900	-27.311000	25.000000
9.058270	2.396491	2.356194	9.070832	2.385623	2.356194	22.585900	-26.750200	25.000000
9.058270	2.396491	2.356194	9.070832	2.385623	2.356194	22.585900	-25.652500	25.000000
9.058270	2.396491	2.356194	8.976079	2.364573	2.367430	22.585900	-25.091700	25.000000
9.058270	2.396491	2.356194	9.096703	2.366769	2.356194	22.585900	-23.994000	25.000000
9.058270	2.396491	2.356194	9.089554	2.321429	2.356194	22.585900	-23.433200	25.000000
9.058270	2.396491	2.356194	9.005554	2.345590	2.367183	22.585900	-22.335500	25.000000
9.058270	2.396491	2.356194	8.947625	2.290807	2.408778	22.585900	-21.774700	25.000000
9.058270	2.396491	2.356194	9.179325	2.297670	2.366503	22.585900	-20.677000	25.000000
9.058750	2.396434	2.356079	9.109885	2.246817	2.455863	22.585900	-20.116300	25.000000
9.058750	2.396434	2.356079	9.054281	2.266051	2.437647	22.585900	-19.018600	25.000000
9.058270	2.396491	2.356194	9.154780	2.271129	2.498092	22.585900	-18.457800	25.000000
9.058270	2.396491	2.356194	9.074139	2.249981	2.486761	22.585900	-17.360100	25.000000
9.058270	2.396491	2.356194	9.093954	2.276780	2.489421	22.585900	-16.799300	25.000000
9.058270	2.396491	2.356194	8.914034	2.324459	2.498092	22.585900	-15.701600	25.000000
9.058270	2.396491	2.356194	9.009439	2.360814	2.479166	22.585900	-15.140800	25.000000
9.058270	2.396491	2.356194	9.089004	2.352018	2.432966	22.585900	-14.043100	25.000000
9.058270	2.396491	2.356194	9.054281	2.371567	2.412315	22.585900	-13.482300	25.000000
9.058270	2.396491	2.356194	9.029396	2.390503	2.413603	22.585900	-12.384600	25.000000
9.058270	2.396491	2.356194	9.071935	2.385494	2.378918	22.585900	-11.823800	25.000000
9.058270	2.396491	2.356194	9.075241	2.385108	2.401618	22.585900	-10.726100	25.000000
9.058318	2.396485	2.356183	9.049309	2.404444	2.379446	22.585900	-9.067640	25.000000
9.058318	2.396485	2.356183	9.070832	2.385623	2.356194	22.585900	0.883280	25.000000
9.058318	2.396485	2.356183	9.070832	2.385623	2.356194	22.585900	1.444070	25.000000
9.058750	2.396434	2.356310	9.070832	2.385623	2.356194	23.415200	-30.628000	25.000000
9.058750	2.396434	2.356310	9.070832	2.385623	2.356194	23.415200	-28.969500	25.000000
9.058750	2.396434	2.356310	9.070832	2.385623	2.356194	23.415200	-28.408700	25.000000
9.058750	2.396434	2.356310	9.070832	2.385623	2.356194	23.415200	-26.750200	25.000000
9.058750	2.396434	2.356310	9.070832	2.385623	2.356194	23.415200	-25.652500	25.000000
9.058750	2.396434	2.356310	9.096703	2.366769	2.356194	23.415200	-25.091700	25.000000
9.058750	2.396434	2.356310	9.047652	2.372322	2.367430	23.415200	-23.994000	25.000000
9.058750	2.396434	2.356310	9.026627	2.358895	2.378413	23.415200	-23.433200	25.000000
9.058750	2.396434	2.356310	9.075792	2.353463	2.367183	23.415200	-22.335500	25.000000
9.058750	2.396434	2.356310	9.057041	2.340039	2.377930	23.415200	-21.774700	25.000000
9.058750	2.396434	2.356310	9.007774	2.345348	2.389150	23.415200	-20.677000	25.000000
9.059229	2.396376	2.356194	9.044888	2.326045	2.409906	23.415200	-20.116300	25.000000
9.059229	2.396376	2.356194	8.991107	2.331692	2.399645	23.415200	-19.018600	25.000000
9.058750	2.396434	2.356310	9.065870	2.339097	2.421320	23.415200	-18.457800	25.000000
9.058750	2.396434	2.356310	9.018869	2.344145	2.432966	23.415200	-17.360100	25.000000
9.058750	2.396434	2.356310	8.989438	2.363063	2.434685	23.415200	-16.799300	25.000000
9.058750	2.396434	2.356310	9.065870	2.339097	2.421320	23.415200	-15.701600	25.000000
9.058750	2.396434	2.356310	8.956562	2.382884	2.413603	23.415200	-15.140800	25.000000
9.058750	2.396434	2.356310	9.106591	2.365661	2.422763	23.415200	-14.043100	25.000000
9.058750	2.396434	2.356310	9.024965	2.391029	2.390664	23.415200	-13.482300	25.000000
9.058750	2.396434	2.356310	9.121952	2.379698	2.389890	23.415200	-12.384600	25.000000
9.058750	2.396434	2.356310	9.071935	2.385494	2.378918	23.415200	-10.726100	25.000000
9.058606	2.396451	2.356344	9.070832	2.385623	2.356194	23.415200	-10.165300	25.000000
9.058270	2.396491	2.356194	9.070832	2.385623	2.356194	24.244400	-27.311000	25.000000
9.058270	2.396491	2.356194	9.070832	2.385623	2.356194	24.244400	-26.750200	25.000000
9.058270	2.396491	2.356194	9.070832	2.385623	2.356194	24.244400	-25.652500	25.000000
9.058270	2.396491	2.356194	9.070832	2.385623	2.356194	24.244400	-25.091700	25.000000
9.058270	2.396491	2.356194	9.070832	2.385623	2.356194	24.244400	-23.994000	25.000000
9.058270	2.396491	2.356194	9.097802	2.366646	2.378413	24.244400	-23.433200	25.000000
9.058270	2.396491	2.356194	9.096703	2.366769	2.356194	24.244400	-22.335500	25.000000
9.058270	2.396491	2.356194	9.097802	2.366646	2.378413	24.244400	-21.774700	25.000000
9.058270	2.396491	2.356194	9.026627	2.358895	2.378413	24.244400	-20.677000	25.000000
9.058750	2.396434	2.356079	9.026627	2.358895	2.378413	24.244400	-20.116300	25.000000
9.058750	2.396434	2.356079	9.148770	2.360974	2.389150	24.244400	-19.018600	25.000000
9.058270	2.396491	2.356194	9.049862	2.372070	2.389890	24.244400	-18.457800	25.000000
9.058270	2.396491	2.356194	9.029950	2.358525	2.400610	24.244400	-17.360100	25.000000
9.058270	2.396491	2.356194	9.049862	2.372070	2.389890	24.244400	-16.799300	25.000000
9.058270	2.396491	2.356194	9.002777	2.377484	2.401618	24.244400	-15.701600	25.000000
9.058270	2.396491	2.356194	9.049862	2.372070	2.389890	24.244400	-15.140800	25.000000
9.058270	2.396491	2.356194	9.071935	2.385494	2.378918	24.244400	-14.043100	25.000000
9.058270	2.396491	2.356194	9.071935	2.385494	2.378918	24.244400	-13.482300	25.000000
9.058750	2.396434	2.356310	9.070832	2.385623	2.356194	25.073700	-33.944900	25.000000
9.058750	2.396434	2.356310	9.070832	2.385623	2.356194	25.073700	-33.384100	25.000000
9.058750	2.396434	2.356310	9.070832	2.385623	2.356194	25.073700	-26.750200	25.000000
9.058750	2.396434	2.356310	9.070832	2.385623	2.356194	25.073700	-25.652500	25.000000
9.058750	2.396434	2.356310	9.119759	2.379950	2.367430	25.073700	-25.091700	25.000000
9.058750	2.396434	2.356310	9.070832	2.385623	2.356194	25.073700	-23.994000	25.000000
9.058750	2.396434	2.356310	9.070832	2.385623	2.356194	25.073700	-23.433200	25.000000
9.058750	2.396434	2.356310	8.998333	2.378000	2.356194	25.073700	-22.335500	25.000000
9.058750	2.396434	2.356310	9.047652	2.372322	2.367430	25.073700	-21.774700	25.000000
9.058750	2.396434	2.356310	9.047652	2.372322	2.367430	25.073700	-20.677000	25.000000
9.059229	2.396376	2.356194	8.999444	2.377871	2.378918	25.073700	-20.116300	25.000000
9.059229	2.396376	2.356194	9.047652	2.372322	2.367430	25.073700	-19.018600	25.000000
9.058750	2.396434	2.356310	9.071935	2.385494	2.378918	25.073700	-18.457800	25.000000
9.058750	2.396434	2.356310	9.049862	2.372070	2.389890	25.073700	-17.360100	25.000000
9.058750	2.396434	2.356310	9.071935	2.385494	2.378918	25.073700	-16.799300	25.000000
9.058750	2.396434	2.356310	9.024965	2.391029	2.390664	25.073700	-15.701600	25.000000
9.058750	2.396434	2.356310	9.071935	2.385494	2.378918	25.073700	-14.043100	25.000000
9.058270	2.396491	2.356194	9.070832	2.385623	2.356194	25.902900	-31.725700	25.000000
9.058270	2.396491	2.356194	9.070832	2.385623	2.356194	25.902900	-30.067200	25.000000
9.058270	2.396491	2.356194	9.070832	2.385623	2.356194	25.902900	-25.652500	25.000000
9.058270	2.396491	2.356194	9.070832	2.385623	2.356194	25.902900	-23.994000	25.000000
9.058270	2.396491	2.356194	9.070832	2.385623	2.356194	25.902900	-23.433200	25.000000
9.058270	2.396491	2.356194	9.070832	2.385623	2.356194	25.902900	-21.774700	25.000000
9.058270	2.396491	2.356194	9.071935	2.385494	2.378918	25.902900	-20.677000	25.000000
9.058750	2.396434	2.356079	9.119759	2.379950	2.367430	25.902900	-20.116300	25.000000
9.058750	2.396434	2.356079	9.071935	2.385494	2.378918	25.902900	-19.018600	25.000000
9.058270	2.396491	2.356194	9.071935	2.385494	2.378918	25.902900	-18.457800	25.000000
9.058270	2.396491	2.356194	9.071935	2.385494	2.378918	25.902900	-17.360100	25.000000
9.058270	2.396491	2.356194	9.071935	2.385494	2.378918	25.902900	-16.799300	25.000000
9.058318	2.396485	2.356183	9.070832	2.385623	2.356194	25.902900	-7.409150	25.000000
9.058270	2.396491	2.356194	9.070832	2.385623	2.356194	26.732100	-37.261900	25.000000
9.058270	2.396491	2.356194	9.070832	2.385623	2.356194	26.732100	-30.067200	25.000000
9.058270	2.396491	2.356194	9.070832	2.385623	2.356194	26.732100	-26.750200	25.000000
9.058270	2.396491	2.356194	9.070832	2.385623	2.356194	26.732100	-25.652500	25.000000
9.058270	2.396491	2.356194	9.070832	2.385623	2.356194	26.732100	-23.433200	25.000000
9.058270	2.396491	2.356194	9.070832	2.385623	2.356194	26.732100	-22.335500	25.000000
9.058270	2.396491	2.356194	9.070832	2.385623	2.356194	26.732100	-21.774700	25.000000
9.058270	2.396491	2.356194	9.070832	2.385623	2.356194	26.732100	-20.677000	25.000000
9.058750	2.396434	2.356079	9.071935	2.385494	2.378918	26.732100	-20.116300	25.000000
9.058270	2.396491	2.356194	9.070832	2.385623	2.356194	26.732100	-16.799300	25.000000
9.058270	2.396491	2.356194	9.070832	2.385623	2.356194	26.732100	-15.701600	25.000000
9.058270	2.396491	2.356194	9.070832	2.385623	2.356194	26.732100	-14.043100	25.000000
9.058127	2.396508	2.356229	9.070832	2.385623	2.356194	26.732100	-10.165300	25.000000
9.058270	2.396491	2.356194	9.070832	2.385623	2.356194	27.561400	-38.920400	25.000000
9.058270	2.396491	2.356194	9.070832	2.385623	2.356194	27.561400	-37.261900	25.000000
9.058270	2.396491	2.356194	9.070832	2.385623	2.356194	27.561400	-30.067200	25.000000
9.058270	2.396491	2.356194	9.070832	2.385623	2.356194	27.561400	-28.408700	25.000000
9.058270	2.396491	2.356194	9.070832	2.385623	2.356194	27.561400	-25.091700	25.000000
9.058270	2.396491	2.356194	9.070832	2.385623	2.356194	27.561400	-23.994000	25.000000
9.058270	2.396491	2.356194	9.070832	2.385623	2.356194	27.561400	-23.433200	25.000000
9.058270	2.396491	2.356194	9.070832	2.385623	2.356194	27.561400	-22.335500	25.000000
9.058270	2.396491	2.356194	9.070832	2.385623	2.356194	27.561400	-21.774700	25.000000
9.058750	2.396434	2.356079	9.070832	2.385623	2.356194	27.561400	-19.018600	25.000000
9.058270	2.396491	2.356194	9.070832	2.385623	2.356194	27.561400	-18.457800	25.000000
9.058270	2.396491	2.356194	9.070832	2.385623	2.356194	27.561400	-11.823800	25.000000
9.058318	2.396485	2.356183	9.070832	2.385623	2.356194	27.561400	-6.848370	25.000000
9.058270	2.396491	2.356194	9.070832	2.385623	2.356194	28.390600	-38.920400	25.000000
9.058270	2.396491	2.356194	9.070832	2.385623	2.356194	28.390600	-27.311000	25.000000
9.058270	2.396491	2.356194	9.070832	2.385623	2.356194	28.390600	-26.750200	25.000000
9.058270	2.396491	2.356194	9.070832	2.385623	2.356194	28.390600	-25.652500	25.000000
9.058270	2.396491	2.356194	9.070832	2.385623	2.356194	28.390600	-25.091700	25.000000
9.058270	2.396491	2.356194	9.070832	2.385623	2.356194	28.390600	-22.335500	25.000000
9.058270	2.396491	2.356194	9.070832	2.385623	2.356194	28.390600	-20.677000	25.000000
9.058270	2.396491	2.356194	9.070832	2.385623	2.356194	28.390600	-15.701600	25.000000
9.058318	2.396485	2.356183	9.070832	2.385623	2.356194	28.390600	-9.067640	25.000000
9.058750	2.396434	2.356310	9.070832	2.385623	2.356194	29.219900	-28.408700	25.000000
9.058750	2.396434	2.356310	9.070832	2.385623	2.356194	29.219900	-23.994000	25.000000
9.058750	2.396434	2.356310	9.070832	2.385623	2.356194	29.219900	-21.774700	25.000000
9.058750	2.396434	2.356310	9.070832	2.385623	2.356194	29.219900	-16.799300	25.000000
9.058750	2.396434	2.356310	9.070832	2.385623	2.356194	29.219900	-10.726100	25.000000
9.058798	2.396428	2.356298	9.070832	2.385623	2.356194	29.219900	-7.409150	25.000000
9.058270	2.396491	2.356194	9.070832	2.385623	2.356194	30.049100	-22.335500	25.000000
9.058750	2.396434	2.356310	9.070832	2.385623	2.356194	30.878400	-25.652500	25.000000
9.058750	2.396434	2.356310	9.070832	2.385623	2.356194	30.878400	-18.457800	25.000000
9.058750	2.396434	2.356310	9.070832	2.385623	2.356194	30.878400	-15.701600	25.000000
9.058270	2.396491	2.356194	9.070832	2.385623	2.356194	31.707600	-33.384100	25.000000
9.058270	2.396491	2.356194	9.070832	2.385623	2.356194	31.707600	-28.408700	25.000000
9.058750	2.396434	2.356079	9.070832	2.385623	2.356194	31.707600	-20.116300	25.000000
9.058270	2.396491	2.356194	9.070832	2.385623	2.356194	32.536800	-30.067200	25.000000
9.058270	2.396491	2.356194	9.070832	2.385623	2.356194	32.536800	-17.360100	25.000000
9.058127	2.396508	2.356229	9.070832	2.385623	2.356194	32.536800	-10.165300	25.000000
9.058270	2.396491	2.356194	9.070832	2.385623	2.356194	33.366100	-23.433200	25.000000
9.058270	2.396491	2.356194	9.070832	2.385623	2.356194	33.366100	-15.701600	25.000000
9.058270	2.396491	2.356194	9.070832	2.385623	2.356194	34.195300	-23.433200	25.000000
9.058270	2.396491	2.356194	9.070832	2.385623	2.356194	34.195300	-12.384600	25.000000
9.058270	2.396491	2.356194	9.070832	2.385623	2.356194	35.024600	-33.384100	25.000000
9.058270	2.396491	2.356194	9.070832	2.385623	2.356194	35.024600	-23.433200	25.000000
9.058750	2.396434	2.356310	9.070832	2.385623	2.356194	36.683100	-30.628000	25.000000
9.058750	2.396434	2.356310	9.070832	2.385623	2.356194	36.683100	-23.433200	25.000000
9.058750	2.396434	2.356310	9.070832	2.385623	2.356194	36.683100	-20.677000	25.000000
9.058270	2.396491	2.356194	9.070832	2.385623	2.356194	37.512300	-28.969500	25.000000
9.058270	2.396491	2.356194	9.070832	2.385623	2.356194	37.512300	-28.408700	25.000000
9.058270	2.396491	2.356194	9.070832	2.385623	2.356194	37.512300	-25.652500	25.000000
9.058750	2.396434	2.356079	9.070832	2.385623	2.356194	37.512300	-20.116300	25.000000
9.058750	2.396434	2.356079	9.070832	2.385623	2.356194	38.341500	-19.018600	25.000000
