14.375117	2.947069	3.141593	14.337715	2.959243	3.138247	-7.883960	-0.888929	25.000000
14.375117	2.947069	3.141593	14.337740	2.959233	3.130824	-7.024020	-1.511110	25.000000
14.375117	2.947069	3.141593	14.436105	2.960485	3.128747	-7.024020	-0.888929	25.000000
14.375117	2.947069	3.141593	14.337719	2.959242	3.136477	-7.024020	0.208771	25.000000
14.375117	2.947069	3.141593	14.436074	2.960497	3.147285	-7.024020	0.830952	25.000000
14.375117	2.947069	3.141593	14.337714	2.959243	3.144246	-7.024020	1.928650	25.000000
14.375117	2.947069	3.141593	14.436104	2.960486	3.154284	-7.024020	2.550830	25.000000
14.375117	2.947069	3.141593	14.436139	2.960472	3.123902	-6.164080	-2.608810	25.000000
14.375117	2.947069	3.141593	14.418899	2.967122	3.093230	-6.164080	-1.511110	25.000000
14.375117	2.947069	3.141593	14.404941	2.972708	3.109785	-6.164080	-0.888929	25.000000
14.375117	2.947069	3.141593	14.409827	2.970731	3.131389	-6.164080	0.208771	25.000000
14.375117	2.947069	3.141593	14.404762	2.972781	3.153080	-6.164080	0.830952	25.000000
14.375117	2.947069	3.141593	14.301136	2.973679	3.149961	-6.164080	1.928650	25.000000
14.375117	2.947069	3.141593	14.315117	2.968013	3.185290	-6.164080	2.550830	25.000000
14.375117	2.947069	3.141593	14.423710	2.965240	3.161353	-6.164080	3.648530	25.000000
14.375117	2.947069	3.141593	14.436293	2.960414	3.172736	-6.164080	4.270710	25.000000
14.375098	2.947076	3.141593	14.418654	2.967219	3.106807	-5.304140	-4.328690	25.000000
14.375098	2.947076	3.141593	14.437201	2.960071	3.072089	-5.304140	-3.230990	25.000000
14.375098	2.947076	3.141593	14.307441	2.971099	3.062830	-5.304140	-2.608810	25.000000
14.375098	2.947076	3.141593	14.373627	2.986004	3.060241	-5.304140	-1.511110	25.000000
14.375098	2.947076	3.141593	14.347195	2.998225	3.043380	-5.304140	-0.888929	25.000000
14.375098	2.947076	3.141593	14.437881	3.003280	3.117477	-5.304140	0.208771	25.000000
14.375098	2.947076	3.141593	14.330574	3.006497	3.152473	-5.304140	0.830952	25.000000
14.375098	2.947076	3.141593	14.432648	3.005909	3.189760	-5.304140	1.928650	25.000000
14.375098	2.947076	3.141593	14.354013	2.994972	3.223704	-5.304140	2.550830	25.000000
14.375098	2.947076	3.141593	14.388026	2.979748	3.227098	-5.304140	3.648530	25.000000
14.375098	2.947076	3.141593	14.416836	2.967936	3.235669	-5.304140	4.270710	25.000000
14.375098	2.947076	3.141593	14.323686	2.964633	3.176103	-5.304140	5.368410	25.000000
14.375098	2.947076	3.141593	14.338257	2.959038	3.189633	-5.304140	5.990590	25.000000
14.375098	2.947076	3.141593	14.337834	2.959198	3.164281	-5.304140	7.088290	25.000000
14.375098	2.947076	3.141593	14.455005	2.953479	3.093112	-4.444200	-6.048570	25.000000
14.375098	2.947076	3.141593	14.330307	2.962068	3.020146	-4.444200	-4.328690	25.000000
14.375098	2.947076	3.141593	14.289664	2.978484	3.046641	-4.444200	-3.230990	25.000000
14.375098	2.947076	3.141593	14.433323	3.005568	2.764881	-4.444200	-2.608810	25.000000
14.375098	2.947076	3.141593	14.410250	3.017814	3.040246	-4.444200	-1.511110	25.000000
14.375098	2.947076	3.141593	14.340478	3.066440	3.029910	-4.444200	-0.888929	25.000000
14.375098	2.947076	3.141593	14.336851	3.069878	2.599504	-4.444200	0.208771	25.000000
14.375098	2.947076	3.141593	14.429316	3.077837	3.435133	-4.444200	0.830952	25.000000
14.375098	2.947076	3.141593	14.419585	3.089467	3.200192	-4.444200	1.928650	25.000000
14.375098	2.947076	3.141593	14.303947	3.020962	3.299101	-4.444200	2.550830	25.000000
14.375098	2.947076	3.141593	14.370567	3.042451	3.624106	-4.444200	3.648530	25.000000
14.375098	2.947076	3.141593	14.361741	2.991372	3.234780	-4.444200	4.270710	25.000000
14.375098	2.947076	3.141593	14.401823	2.973983	3.351232	-4.444200	5.368410	25.000000
14.375098	2.947076	3.141593	14.437773	2.959855	3.226771	-4.444200	5.990590	25.000000
14.375098	2.947076	3.141593	14.436448	2.960356	3.181955	-4.444200	7.088290	25.000000
14.375098	2.947076	3.141593	14.340217	2.958299	3.038878	-3.584260	-6.048570	25.000000
14.375098	2.947076	3.141593	14.338416	2.958978	3.087031	-3.584260	-4.950870	25.000000
14.375098	2.947076	3.141593	14.376276	2.984834	2.994025	-3.584260	-4.328690	25.000000
14.375098	2.947076	3.141593	14.470304	2.988019	2.766959	-3.584260	-3.230990	25.000000
14.375098	2.947076	3.141593	14.414680	3.015368	2.616295	-3.584260	-2.608810	25.000000
14.375098	2.947076	3.141593	14.293513	3.027142	2.677945	-3.584260	-1.511110	25.000000
14.375098	2.947076	3.141593	14.409476	2.970872	2.923367	-3.584260	-0.888929	25.000000
14.375098	2.947076	3.141593	14.342472	2.957453	2.953906	-3.584260	0.208771	25.000000
14.375098	2.947076	3.141593	14.473842	2.885007	3.529682	-3.584260	0.830952	25.000000
14.375098	2.947076	3.141593	14.269986	2.790606	3.090616	-3.584260	1.928650	25.000000
14.375098	2.947076	3.141593	14.347561	2.864431	3.026716	-3.584260	2.550830	25.000000
14.375098	2.947076	3.141593	14.325254	3.009257	3.878340	-3.584260	3.648530	25.000000
14.375098	2.947076	3.141593	14.385357	2.980889	3.552759	-3.584260	4.270710	25.000000
14.375098	2.947076	3.141593	14.287299	3.030990	3.545652	-3.584260	5.368410	25.000000
14.375098	2.947076	3.141593	14.314346	2.968320	3.292085	-3.584260	5.990590	25.000000
14.375098	2.947076	3.141593	14.333991	2.960657	3.226988	-3.584260	7.088290	25.000000
14.375098	2.947076	3.141593	14.337953	2.959153	3.173505	-3.584260	7.710470	25.000000
14.375098	2.947076	3.141593	14.356828	2.952159	3.191920	-3.584260	8.808170	25.000000
14.375098	2.947076	3.141593	14.356702	2.952205	3.096438	-2.724320	-6.670750	25.000000
14.375098	2.947076	3.141593	14.343863	2.956933	2.981438	-2.724320	-6.048570	25.000000
14.375098	2.947076	3.141593	14.420735	2.966401	3.037965	-2.724320	-4.950870	25.000000
14.375098	2.947076	3.141593	14.344630	2.999470	2.779366	-2.724320	-4.328690	25.000000
14.375098	2.947076	3.141593	14.366739	2.989091	2.421039	-2.724320	-3.230990	25.000000
14.375098	2.947076	3.141593	14.984409	2.777099	4.093228	-2.724320	-2.608810	25.000000
14.375098	2.947076	3.141593	13.716636	2.257855	3.112356	-2.724320	-1.511110	25.000000
14.375098	2.947076	3.141593	14.356605	2.025084	3.133066	-2.724320	-0.888929	25.000000
14.375098	2.947076	3.141593	14.394530	2.023798	3.222809	-2.724320	0.208771	25.000000
14.375098	2.947076	3.141593	14.286973	1.920873	3.086425	-2.724320	0.830952	25.000000
14.375098	2.947076	3.141593	14.555054	1.834935	3.330613	-2.724320	1.928650	25.000000
14.375098	2.947076	3.141593	13.850993	2.563461	2.874182	-2.724320	2.550830	25.000000
14.375098	2.947076	3.141593	14.746525	1.909518	2.671514	-2.724320	3.648530	25.000000
14.375098	2.947076	3.141593	14.337057	3.003210	3.636904	-2.724320	4.270710	25.000000
14.375098	2.947076	3.141593	14.305803	3.019897	3.646454	-2.724320	5.368410	25.000000
14.375098	2.947076	3.141593	14.394322	2.977091	3.429799	-2.724320	5.990590	25.000000
14.375098	2.947076	3.141593	14.418495	2.967281	3.298195	-2.724320	7.088290	25.000000
14.375098	2.947076	3.141593	14.357097	2.952061	3.201521	-2.724320	7.710470	25.000000
14.375098	2.947076	3.141593	14.455399	2.953336	3.204104	-2.724320	8.808170	25.000000
14.375098	2.947076	3.141593	14.357250	2.952006	3.076868	-1.864380	-7.768450	25.000000
14.375098	2.947076	3.141593	14.356772	2.952180	3.093482	-1.864380	-6.670750	25.000000
14.375098	2.947076	3.141593	14.409476	2.970872	2.965027	-1.864380	-6.048570	25.000000
14.375098	2.947076	3.141593	14.340844	2.958064	2.882713	-1.864380	-4.950870	25.000000
14.375098	2.947076	3.141593	14.343058	3.000238	2.824537	-1.864380	-4.328690	25.000000
14.375098	2.947076	3.141593	14.350976	2.996412	2.751248	-1.864380	-3.230990	25.000000
14.375098	2.947076	3.141593	11.370576	2.168634	3.500363	-1.864380	-2.608810	25.000000
14.375098	2.947076	3.141593	16.584933	1.667420	4.099182	-1.864380	-1.511110	25.000000
14.375098	2.947076	3.141593	14.375288	1.288819	3.385166	-1.864380	-0.888929	25.000000
14.375098	2.947076	3.141593	14.393613	1.260132	3.265224	-1.864380	0.208771	25.000000
14.375098	2.947076	3.141593	14.425131	1.253546	3.169323	-1.864380	0.830952	25.000000
14.375098	2.947076	3.141593	14.442746	1.172620	3.011275	-1.864380	1.928650	25.000000
14.375098	2.947076	3.141593	12.454835	1.780194	2.519435	-1.864380	2.550830	25.000000
14.375098	2.947076	3.141593	16.046826	1.422246	2.293776	-1.864380	3.648530	25.000000
14.375098	2.947076	3.141593	14.733503	2.803618	2.060994	-1.864380	4.270710	25.000000
14.375098	2.947076	3.141593	13.992484	2.825671	2.993840	-1.864380	5.368410	25.000000
14.375098	2.947076	3.141593	14.388096	2.979719	3.434702	-1.864380	5.990590	25.000000
14.375098	2.947076	3.141593	14.409570	2.970834	3.649088	-1.864380	7.088290	25.000000
14.375098	2.947076	3.141593	14.340330	2.958256	3.246590	-1.864380	7.710470	25.000000
14.375098	2.947076	3.141593	14.357763	2.951820	3.220318	-1.864380	8.808170	25.000000
14.375098	2.947076	3.141593	14.455865	2.953167	3.065812	-1.004440	-7.768450	25.000000
14.375098	2.947076	3.141593	14.455809	2.953187	3.067285	-1.004440	-6.670750	25.000000
14.375098	2.947076	3.141593	14.300717	2.973852	2.826465	-1.004440	-6.048570	25.000000
14.375098	2.947076	3.141593	14.455975	2.953127	2.787143	-1.004440	-4.950870	25.000000
14.375098	2.947076	3.141593	14.326929	2.844669	3.630848	-1.004440	-4.328690	25.000000
14.375098	2.947076	3.141593	14.296153	2.975748	3.776619	-1.004440	-3.230990	25.000000
14.375098	2.947076	3.141593	17.538099	1.595317	4.350948	-1.004440	-2.608810	25.000000
14.375098	2.947076	3.141593	10.061928	1.602605	3.870712	-1.004440	-1.511110	25.000000
14.375098	2.947076	3.141593	14.097163	0.761865	3.531641	-1.004440	-0.888929	25.000000
14.375098	2.947076	3.141593	14.670037	0.743366	3.600736	-1.004440	0.208771	25.000000
14.375098	2.947076	3.141593	14.503255	0.643800	2.923920	-1.004440	0.830952	25.000000
14.375098	2.947076	3.141593	14.247895	0.654915	2.938547	-1.004440	1.928650	25.000000
14.375098	2.947076	3.141593	12.703149	1.555052	2.439798	-1.004440	2.550830	25.000000
14.375098	2.947076	3.141593	15.823084	1.140531	2.203171	-1.004440	3.648530	25.000000
14.375098	2.947076	3.141593	15.923253	2.715573	1.863709	-1.004440	4.270710	25.000000
14.375098	2.947076	3.141593	12.259282	2.218835	3.018507	-1.004440	5.368410	25.000000
14.375098	2.947076	3.141593	14.349321	2.954908	3.868547	-1.004440	5.990590	25.000000
14.375098	2.947076	3.141593	14.299720	2.974264	3.650322	-1.004440	7.088290	25.000000
14.375098	2.947076	3.141593	14.341283	2.957899	3.264054	-1.004440	7.710470	25.000000
14.375098	2.947076	3.141593	14.459146	2.951980	3.277781	-1.004440	8.808170	25.000000
14.375102	2.947074	3.141593	14.358855	2.951424	3.039358	-0.144501	-7.768450	25.000000
14.375102	2.947074	3.141593	14.358123	2.951689	3.054407	-0.144501	-6.670750	25.000000
14.375102	2.947074	3.141593	14.338121	2.959090	2.622923	-0.144501	-6.048570	25.000000
14.375102	2.947074	3.141593	14.364348	2.949448	2.744839	-0.144501	-4.950870	25.000000
14.375102	2.947074	3.141593	12.731457	2.378381	3.130230	-0.144501	-4.328690	25.000000
14.375102	2.947074	3.141593	15.823084	2.656825	4.352031	-0.144501	-3.230990	25.000000
14.375102	2.947074	3.141593	14.284261	1.710565	4.128308	-0.144501	-2.608810	25.000000
14.375102	2.947074	3.141593	14.359251	1.068747	3.938226	-0.144501	-1.511110	25.000000
14.375102	2.947074	3.141593	14.578752	0.228442	3.754800	-0.144501	-0.888929	25.000000
14.375102	2.947074	3.141593	14.216540	0.466105	3.838335	-0.144501	0.208771	25.000000
14.375102	2.947074	3.141593	14.442829	0.218318	2.276995	-0.144501	0.830952	25.000000
14.375102	2.947074	3.141593	14.248049	0.186869	3.255170	-0.144501	1.928650	25.000000
14.375102	2.947074	3.141593	14.041367	1.160565	2.323239	-0.144501	2.550830	25.000000
14.375102	2.947074	3.141593	14.712240	0.746482	2.419938	-0.144501	3.648530	25.000000
14.375102	2.947074	3.141593	10.594810	1.947766	3.039904	-0.144501	4.270710	25.000000
14.375102	2.947074	3.141593	16.902071	1.997806	2.028630	-0.144501	5.368410	25.000000
14.375102	2.947074	3.141593	14.355435	2.952666	3.718279	-0.144501	5.990590	25.000000
14.375102	2.947074	3.141593	14.352550	2.953720	3.673695	-0.144501	7.088290	25.000000
14.375102	2.947074	3.141593	14.362622	2.950067	3.299526	-0.144501	7.710470	25.000000
14.375102	2.947074	3.141593	14.346083	2.956106	3.327869	-0.144501	8.808170	25.000000
14.375102	2.947074	3.141593	14.359112	2.951331	3.034595	0.715439	-7.768450	25.000000
14.375102	2.947074	3.141593	14.359749	2.951101	3.023624	0.715439	-6.670750	25.000000
14.375102	2.947074	3.141593	14.401215	2.936706	2.655048	0.715439	-6.048570	25.000000
14.375102	2.947074	3.141593	14.379423	2.944132	2.568338	0.715439	-4.950870	25.000000
14.375102	2.947074	3.141593	18.085630	2.245679	4.439926	0.715439	-4.328690	25.000000
14.375102	2.947074	3.141593	7.250517	1.997381	3.156743	0.715439	-3.230990	25.000000
14.375102	2.947074	3.141593	12.720456	1.106161	4.114631	0.715439	-2.608810	25.000000
14.375102	2.947074	3.141593	15.873878	0.872955	4.333409	0.715439	-1.511110	25.000000
14.375102	2.947074	3.141593	14.427671	0.133133	3.068425	0.715439	-0.888929	25.000000
14.375102	2.947074	3.141593	14.361814	0.224941	3.462356	0.715439	0.208771	25.000000
14.375102	2.947074	3.141593	14.376237	0.156742	3.316265	0.715439	0.830952	25.000000
14.375102	2.947074	3.141593	14.347017	0.080981	3.466068	0.715439	1.928650	25.000000
14.375102	2.947074	3.141593	13.598162	0.589903	1.993047	0.715439	2.550830	25.000000
14.375102	2.947074	3.141593	15.167399	0.590380	1.896292	0.715439	3.648530	25.000000
14.375102	2.947074	3.141593	13.982615	1.104846	1.879889	0.715439	4.270710	25.000000
14.375102	2.947074	3.141593	14.326656	2.020362	1.821414	0.715439	5.368410	25.000000
14.375102	2.947074	3.141593	14.436794	2.960225	3.085881	0.715439	5.990590	25.000000
14.375102	2.947074	3.141593	14.222182	2.964601	3.084455	0.715439	7.088290	25.000000
14.375102	2.947074	3.141593	14.367101	2.948465	3.346100	0.715439	7.710470	25.000000
14.375102	2.947074	3.141593	14.349439	2.954864	3.361076	0.715439	8.808170	25.000000
14.375102	2.947074	3.141593	14.356790	2.952173	3.190443	0.715439	9.430360	25.000000
14.375102	2.947074	3.141593	14.376140	2.945276	3.196181	0.715439	10.528100	25.000000
14.375098	2.947076	3.141593	14.360209	2.950935	3.016326	1.575380	-7.768450	25.000000
14.375098	2.947076	3.141593	14.379113	2.944239	3.024277	1.575380	-6.670750	25.000000
14.375098	2.947076	3.141593	14.442867	2.923262	2.612138	1.575380	-6.048570	25.000000
14.375098	2.947076	3.141593	14.315712	2.931188	2.561011	1.575380	-4.950870	25.000000
14.375098	2.947076	3.141593	2.312596	2.828261	5.687401	1.575380	-4.328690	25.000000
14.375098	2.947076	3.141593	18.875911	2.092075	4.620623	1.575380	-3.230990	25.000000
14.375098	2.947076	3.141593	12.529920	0.929085	4.930301	1.575380	-2.608810	25.000000
14.375098	2.947076	3.141593	16.007314	0.863603	4.818599	1.575380	-1.511110	25.000000
14.375098	2.947076	3.141593	14.270477	0.257493	4.328817	1.575380	-0.888929	25.000000
14.375098	2.947076	3.141593	14.436191	0.181140	3.118520	1.575380	0.208771	25.000000
14.375098	2.947076	3.141593	14.435318	0.246208	2.787479	1.575380	0.830952	25.000000
14.375098	2.947076	3.141593	14.371921	0.306989	3.282513	1.575380	1.928650	25.000000
14.375098	2.947076	3.141593	13.887869	0.724464	1.600136	1.575380	2.550830	25.000000
14.375098	2.947076	3.141593	14.761436	0.560854	1.685673	1.575380	3.648530	25.000000
14.375098	2.947076	3.141593	9.931596	1.128598	1.322035	1.575380	4.270710	25.000000
14.375098	2.947076	3.141593	17.363847	1.921163	1.603913	1.575380	5.368410	25.000000
14.375098	2.947076	3.141593	14.536169	3.004609	3.377530	1.575380	5.990590	25.000000
14.375098	2.947076	3.141593	14.276227	2.984306	2.832145	1.575380	7.088290	25.000000
14.375098	2.947076	3.141593	14.371346	2.946961	3.381336	1.575380	7.710470	25.000000
14.375098	2.947076	3.141593	14.353358	2.953424	3.393798	1.575380	8.808170	25.000000
14.375098	2.947076	3.141593	14.376273	2.945230	3.200453	1.575380	9.430360	25.000000
14.375098	2.947076	3.141593	14.356977	2.952105	3.197460	1.575380	10.528100	25.000000
14.375098	2.947076	3.141593	14.379586	2.944075	3.017238	2.435320	-7.768450	25.000000
14.375098	2.947076	3.141593	14.360209	2.950935	3.016326	2.435320	-6.670750	25.000000
14.375098	2.947076	3.141593	14.363760	2.916060	2.569133	2.435320	-6.048570	25.000000
14.375098	2.947076	3.141593	14.480249	2.911917	2.585566	2.435320	-4.950870	25.000000
14.375098	2.947076	3.141593	17.452507	1.964811	4.755840	2.435320	-4.328690	25.000000
14.375098	2.947076	3.141593	8.505345	3.106137	1.670465	2.435320	-3.230990	25.000000
14.375098	2.947076	3.141593	16.307977	1.154135	4.543272	2.435320	-2.608810	25.000000
14.375098	2.947076	3.141593	12.200414	0.919099	4.713420	2.435320	-1.511110	25.000000
14.375098	2.947076	3.141593	14.272001	0.308089	3.845206	2.435320	-0.888929	25.000000
14.375098	2.947076	3.141593	14.485855	0.259727	4.079640	2.435320	0.208771	25.000000
14.375098	2.947076	3.141593	14.408390	0.122737	2.545729	2.435320	0.830952	25.000000
14.375098	2.947076	3.141593	14.393193	0.164028	3.235334	2.435320	1.928650	25.000000
14.375098	2.947076	3.141593	13.619104	0.746216	2.463473	2.435320	2.550830	25.000000
14.375098	2.947076	3.141593	15.049585	0.690723	2.095117	2.435320	3.648530	25.000000
14.375098	2.947076	3.141593	11.520855	1.352948	2.387631	2.435320	4.270710	25.000000
14.375098	2.947076	3.141593	16.632201	1.876771	1.938423	2.435320	5.368410	25.000000
14.375098	2.947076	3.141593	14.551027	2.891962	3.371728	2.435320	5.990590	25.000000
14.375098	2.947076	3.141593	14.318411	2.930307	3.098286	2.435320	7.088290	25.000000
14.375098	2.947076	3.141593	14.392359	2.939689	3.386571	2.435320	7.710470	25.000000
14.375098	2.947076	3.141593	14.394360	2.939011	3.399971	2.435320	8.808170	25.000000
14.375098	2.947076	3.141593	14.376250	2.945238	3.199741	2.435320	9.430360	25.000000
14.375098	2.947076	3.141593	14.376296	2.945222	3.201165	2.435320	10.528100	25.000000
14.375098	2.947076	3.141593	14.398920	2.937474	3.028287	3.295260	-7.768450	25.000000
14.375098	2.947076	3.141593	14.379346	2.944158	3.020756	3.295260	-6.670750	25.000000
14.375098	2.947076	3.141593	14.214936	2.899381	2.646459	3.295260	-6.048570	25.000000
14.375098	2.947076	3.141593	14.403906	2.904218	2.598642	3.295260	-4.950870	25.000000
14.375098	2.947076	3.141593	17.845448	2.172406	4.422885	3.295260	-4.328690	25.000000
14.375098	2.947076	3.141593	8.212186	2.355008	3.072736	3.295260	-3.230990	25.000000
14.375098	2.947076	3.141593	15.818028	0.918639	4.337791	3.295260	-2.608810	25.000000
14.375098	2.947076	3.141593	12.822636	1.220535	4.200452	3.295260	-1.511110	25.000000
14.375098	2.947076	3.141593	14.366381	0.281730	3.454634	3.295260	-0.888929	25.000000
14.375098	2.947076	3.141593	14.461673	0.253358	3.568220	3.295260	0.208771	25.000000
14.375098	2.947076	3.141593	14.461469	0.224054	3.231971	3.295260	0.830952	25.000000
14.375098	2.947076	3.141593	14.341116	0.218544	3.218858	3.295260	1.928650	25.000000
14.375098	2.947076	3.141593	13.770258	0.512659	2.014579	3.295260	2.550830	25.000000
14.375098	2.947076	3.141593	14.993665	0.494151	2.021866	3.295260	3.648530	25.000000
14.375098	2.947076	3.141593	16.432091	1.160132	1.791625	3.295260	4.270710	25.000000
14.375098	2.947076	3.141593	11.895466	1.792007	1.895272	3.295260	5.368410	25.000000
14.375098	2.947076	3.141593	14.523774	2.824565	2.324955	3.295260	5.990590	25.000000
14.375098	2.947076	3.141593	14.207744	2.824628	2.698144	3.295260	7.088290	25.000000
14.375098	2.947076	3.141593	14.393849	2.939183	3.396630	3.295260	7.710470	25.000000
14.375098	2.947076	3.141593	14.392359	2.939689	3.386571	3.295260	8.808170	25.000000
14.375098	2.947076	3.141593	14.376250	2.945238	3.199741	3.295260	9.430360	25.000000
14.375098	2.947076	3.141593	14.376296	2.945222	3.201165	3.295260	10.528100	25.000000
14.375098	2.947076	3.141593	14.300143	2.936348	3.041924	4.155200	-7.768450	25.000000
14.375098	2.947076	3.141593	14.378668	2.944394	3.031327	4.155200	-6.670750	25.000000
14.375098	2.947076	3.141593	14.424802	2.898302	2.672797	4.155200	-6.048570	25.000000
14.375098	2.947076	3.141593	14.479627	2.912100	2.715970	4.155200	-4.950870	25.000000
14.375098	2.947076	3.141593	13.961017	2.832640	3.960312	4.155200	-4.328690	25.000000
14.375098	2.947076	3.141593	13.499837	1.682139	4.761603	4.155200	-3.230990	25.000000
14.375098	2.947076	3.141593	15.302617	1.146484	4.857024	4.155200	-2.608810	25.000000
14.375098	2.947076	3.141593	13.346254	0.890028	4.980755	4.155200	-1.511110	25.000000
14.375098	2.947076	3.141593	14.485168	0.108494	4.012753	4.155200	-0.888929	25.000000
14.375098	2.947076	3.141593	14.269860	0.407741	4.475126	4.155200	0.208771	25.000000
14.375098	2.947076	3.141593	14.373601	0.370173	3.137747	4.155200	0.830952	25.000000
14.375098	2.947076	3.141593	14.310447	0.240083	2.895188	4.155200	1.928650	25.000000
14.375098	2.947076	3.141593	13.357081	0.701864	1.220440	4.155200	2.550830	25.000000
14.375098	2.947076	3.141593	15.304539	0.592013	1.668135	4.155200	3.648530	25.000000
14.375098	2.947076	3.141593	12.140218	2.047447	1.384309	4.155200	4.270710	25.000000
14.375098	2.947076	3.141593	16.070684	1.295405	1.234732	4.155200	5.368410	25.000000
14.375098	2.947076	3.141593	14.257349	2.951304	2.134113	4.155200	5.990590	25.000000
14.375098	2.947076	3.141593	14.461708	2.888225	2.560476	4.155200	7.088290	25.000000
14.375098	2.947076	3.141593	14.409358	2.934004	3.358801	4.155200	7.710470	25.000000
14.375098	2.947076	3.141593	14.312893	2.932112	3.368643	4.155200	8.808170	25.000000
14.375098	2.947076	3.141593	14.376183	2.945261	3.197605	4.155200	9.430360	25.000000
14.375098	2.947076	3.141593	14.376130	2.945280	3.195825	4.155200	10.528100	25.000000
14.375098	2.947076	3.141593	14.378171	2.944568	3.039803	5.015140	-7.768450	25.000000
14.375098	2.947076	3.141593	14.299036	2.936720	3.062791	5.015140	-6.670750	25.000000
14.375098	2.947076	3.141593	14.374634	2.912786	2.826632	5.015140	-6.048570	25.000000
14.375098	2.947076	3.141593	14.402517	2.904616	2.730876	5.015140	-4.950870	25.000000
14.375098	2.947076	3.141593	12.219394	3.085244	2.521343	5.015140	-4.328690	25.000000
14.375098	2.947076	3.141593	15.762706	2.217662	5.016792	5.015140	-3.230990	25.000000
14.375098	2.947076	3.141593	14.673544	1.723362	5.086493	5.015140	-2.608810	25.000000
14.375098	2.947076	3.141593	14.064494	1.161280	5.371393	5.015140	-1.511110	25.000000
14.375098	2.947076	3.141593	14.869095	0.492778	4.971160	5.015140	-0.888929	25.000000
14.375098	2.947076	3.141593	13.772799	0.527592	5.292392	5.015140	0.208771	25.000000
14.375098	2.947076	3.141593	14.355724	0.147426	0.616942	5.015140	0.830952	25.000000
14.375098	2.947076	3.141593	14.384061	0.199066	0.451070	5.015140	1.928650	25.000000
14.375098	2.947076	3.141593	13.646245	0.988909	1.340710	5.015140	2.550830	25.000000
14.375098	2.947076	3.141593	15.109269	0.755352	1.307084	5.015140	3.648530	25.000000
14.375098	2.947076	3.141593	11.301438	1.535395	1.015951	5.015140	4.270710	25.000000
14.375098	2.947076	3.141593	16.251465	2.497971	1.674546	5.015140	5.368410	25.000000
14.375098	2.947076	3.141593	14.283907	2.909222	3.482572	5.015140	5.990590	25.000000
14.375098	2.947076	3.141593	14.449000	2.955675	3.501240	5.015140	7.088290	25.000000
14.375098	2.947076	3.141593	14.404892	2.935481	3.322356	5.015140	7.710470	25.000000
14.375098	2.947076	3.141593	14.308166	2.933672	3.332348	5.015140	8.808170	25.000000
14.375098	2.947076	3.141593	14.395889	2.938494	3.192239	5.015140	10.528100	25.000000
14.375098	2.947076	3.141593	14.377102	2.944940	3.061053	5.875080	-7.768450	25.000000
14.375098	2.947076	3.141593	14.376542	2.945136	3.074906	5.875080	-6.670750	25.000000
14.375098	2.947076	3.141593	14.392446	2.907531	2.853005	5.875080	-6.048570	25.000000
14.375098	2.947076	3.141593	14.338511	2.923868	2.890349	5.875080	-4.950870	25.000000
14.375098	2.947076	3.141593	14.269439	3.042899	0.921605	5.875080	-4.328690	25.000000
14.375098	2.947076	3.141593	14.418880	2.847545	3.928683	5.875080	-3.230990	25.000000
14.375098	2.947076	3.141593	11.517378	1.343088	5.352325	5.875080	-2.608810	25.000000
14.375098	2.947076	3.141593	16.112418	2.272428	4.744898	5.875080	-1.511110	25.000000
14.375098	2.947076	3.141593	14.632156	0.730359	5.621244	5.875080	-0.888929	25.000000
14.375098	2.947076	3.141593	14.193661	0.779044	5.476514	5.875080	0.208771	25.000000
14.375098	2.947076	3.141593	14.374370	0.741548	0.149909	5.875080	0.830952	25.000000
14.375098	2.947076	3.141593	14.358217	0.740319	0.132552	5.875080	1.928650	25.000000
14.375098	2.947076	3.141593	13.518506	0.890829	0.974878	5.875080	2.550830	25.000000
14.375098	2.947076	3.141593	15.231874	1.048405	1.073263	5.875080	3.648530	25.000000
14.375098	2.947076	3.141593	10.350671	1.686992	1.382939	5.875080	4.270710	25.000000
14.375098	2.947076	3.141593	16.598678	2.699098	2.136554	5.875080	5.368410	25.000000
14.375098	2.947076	3.141593	14.220411	2.870220	3.548896	5.875080	5.990590	25.000000
14.375098	2.947076	3.141593	14.488344	2.855635	3.684110	5.875080	7.088290	25.000000
14.375098	2.947076	3.141593	14.305258	2.934638	3.305623	5.875080	7.710470	25.000000
14.375098	2.947076	3.141593	14.380087	2.943901	3.272974	5.875080	8.808170	25.000000
14.375098	2.947076	3.141593	14.395574	2.938600	3.180194	5.875080	10.528100	25.000000
14.375098	2.947076	3.141593	14.278327	2.943822	3.079174	6.735020	-7.768450	25.000000
14.375098	2.947076	3.141593	14.395819	2.938518	3.093354	6.735020	-6.670750	25.000000
14.375098	2.947076	3.141593	14.324891	2.928208	2.992703	6.735020	-6.048570	25.000000
14.375098	2.947076	3.141593	14.356183	2.918372	2.919511	6.735020	-4.950870	25.000000
14.375098	2.947076	3.141593	14.289983	2.853240	2.779366	6.735020	-4.328690	25.000000
14.375098	2.947076	3.141593	14.373114	2.834342	2.684118	6.735020	-3.230990	25.000000
14.375098	2.947076	3.141593	7.397033	1.886973	5.826535	6.735020	-2.608810	25.000000
14.375098	2.947076	3.141593	17.989708	2.331295	4.569190	6.735020	-1.511110	25.000000
14.375098	2.947076	3.141593	14.690473	1.120029	5.887231	6.735020	-0.888929	25.000000
14.375098	2.947076	3.141593	14.074445	1.082712	5.938538	6.735020	0.208771	25.000000
14.375098	2.947076	3.141593	14.375413	1.274306	0.083745	6.735020	0.830952	25.000000
14.375098	2.947076	3.141593	14.298587	1.272664	0.099669	6.735020	1.928650	25.000000
14.375098	2.947076	3.141593	13.597059	1.378394	0.517287	6.735020	2.550830	25.000000
14.375098	2.947076	3.141593	15.213481	1.338658	0.670522	6.735020	3.648530	25.000000
14.375098	2.947076	3.141593	14.987131	2.181966	1.263732	6.735020	4.270710	25.000000
14.375098	2.947076	3.141593	13.266593	2.940781	2.754069	6.735020	5.368410	25.000000
14.375098	2.947076	3.141593	14.341952	2.892695	3.416782	6.735020	5.990590	25.000000
14.375098	2.947076	3.141593	14.351307	2.863515	3.559817	6.735020	7.088290	25.000000
14.375098	2.947076	3.141593	14.418949	2.930869	3.244561	6.735020	7.710470	25.000000
14.375098	2.947076	3.141593	14.398476	2.937624	3.248085	6.735020	8.808170	25.000000
14.375098	2.947076	3.141593	14.395499	2.938626	3.106435	7.594960	-7.768450	25.000000
14.375098	2.947076	3.141593	14.395716	2.938552	3.097139	7.594960	-6.670750	25.000000
14.375098	2.947076	3.141593	14.443770	2.922981	2.997438	7.594960	-6.048570	25.000000
14.375098	2.947076	3.141593	14.320559	2.929609	3.048529	7.594960	-4.950870	25.000000
14.375098	2.947076	3.141593	14.367759	2.835518	2.896614	7.594960	-4.328690	25.000000
14.375098	2.947076	3.141593	14.386118	2.880890	2.731035	7.594960	-3.230990	25.000000
14.375098	2.947076	3.141593	11.777028	2.585096	6.267110	7.594960	-2.608810	25.000000
14.375098	2.947076	3.141593	16.240246	2.610109	4.318346	7.594960	-1.511110	25.000000
14.375098	2.947076	3.141593	14.318956	1.883135	6.146997	7.594960	-0.888929	25.000000
14.375098	2.947076	3.141593	14.456836	1.815326	6.066914	7.594960	0.208771	25.000000
14.375098	2.947076	3.141593	14.430249	2.014905	0.068355	7.594960	0.830952	25.000000
14.375098	2.947076	3.141593	14.311478	1.965253	0.130551	7.594960	1.928650	25.000000
14.375098	2.947076	3.141593	14.348519	2.285138	0.521434	7.594960	2.550830	25.000000
14.375098	2.947076	3.141593	14.437105	2.053394	0.212732	7.594960	3.648530	25.000000
14.375098	2.947076	3.141593	14.355166	2.918684	1.386997	7.594960	4.270710	25.000000
14.375098	2.947076	3.141593	14.258994	2.887176	3.211312	7.594960	5.368410	25.000000
14.375098	2.947076	3.141593	14.418391	2.900100	3.435827	7.594960	5.990590	25.000000
14.375098	2.947076	3.141593	14.393433	2.907244	3.300839	7.594960	7.088290	25.000000
14.375098	2.947076	3.141593	14.397056	2.938101	3.222450	7.594960	7.710470	25.000000
14.375098	2.947076	3.141593	14.298452	2.936917	3.206673	7.594960	8.808170	25.000000
14.375098	2.947076	3.141593	14.417103	2.931469	3.072702	8.454900	-6.048570	25.000000
14.375098	2.947076	3.141593	14.397139	2.938073	3.059022	8.454900	-4.950870	25.000000
14.375098	2.947076	3.141593	14.413064	2.901606	2.869708	8.454900	-4.328690	25.000000
14.375098	2.947076	3.141593	14.339738	2.893304	3.024981	8.454900	-3.230990	25.000000
14.375098	2.947076	3.141593	14.405360	2.903801	2.722770	8.454900	-2.608810	25.000000
14.375098	2.947076	3.141593	14.326898	2.896864	3.344638	8.454900	-1.511110	25.000000
14.375098	2.947076	3.141593	14.368559	2.947947	5.935928	8.454900	-0.888929	25.000000
14.375098	2.947076	3.141593	14.375252	2.833873	0.157748	8.454900	0.208771	25.000000
14.375098	2.947076	3.141593	14.382548	3.034401	0.443302	8.454900	0.830952	25.000000
14.375098	2.947076	3.141593	14.361633	2.950422	0.117537	8.454900	1.928650	25.000000
14.375098	2.947076	3.141593	14.434638	2.961041	4.222341	8.454900	2.550830	25.000000
14.375098	2.947076	3.141593	14.311641	3.016606	1.559586	8.454900	3.648530	25.000000
14.375098	2.947076	3.141593	14.431525	2.869346	3.447860	8.454900	4.270710	25.000000
14.375098	2.947076	3.141593	14.348955	2.839693	3.318302	8.454900	5.368410	25.000000
14.375098	2.947076	3.141593	14.363788	2.916052	3.228870	8.454900	5.990590	25.000000
14.375098	2.947076	3.141593	14.448007	2.921665	3.323433	8.454900	7.088290	25.000000
14.375098	2.947076	3.141593	14.395655	2.938573	3.183637	8.454900	7.710470	25.000000
14.375098	2.947076	3.141593	14.376216	2.945250	3.198673	8.454900	8.808170	25.000000
14.375098	2.947076	3.141593	14.297505	2.937236	3.109535	9.314840	-6.048570	25.000000
14.375098	2.947076	3.141593	14.298298	2.936969	3.080634	9.314840	-4.950870	25.000000
14.375098	2.947076	3.141593	14.443462	2.923077	3.000599	9.314840	-4.328690	25.000000
14.375098	2.947076	3.141593	14.362743	2.916369	3.072951	9.314840	-3.230990	25.000000
14.375098	2.947076	3.141593	14.377166	2.883235	2.941528	9.314840	-2.608810	25.000000
14.375098	2.947076	3.141593	14.339139	2.841899	3.016066	9.314840	-1.511110	25.000000
14.375098	2.947076	3.141593	14.366266	2.792552	3.068255	9.314840	-0.888929	25.000000
14.375098	2.947076	3.141593	14.370696	2.812606	3.005483	9.314840	0.208771	25.000000
14.375098	2.947076	3.141593	14.338561	2.777769	3.172171	9.314840	0.830952	25.000000
14.375098	2.947076	3.141593	14.410806	2.764822	3.169133	9.314840	1.928650	25.000000
14.375098	2.947076	3.141593	14.333252	2.798937	3.222665	9.314840	2.550830	25.000000
14.375098	2.947076	3.141593	14.385302	2.831683	3.341223	9.314840	3.648530	25.000000
14.375098	2.947076	3.141593	14.322783	2.898017	3.319116	9.314840	4.270710	25.000000
14.375098	2.947076	3.141593	14.389305	2.880062	3.246610	9.314840	5.368410	25.000000
14.375098	2.947076	3.141593	14.418906	2.930883	3.243901	9.314840	5.990590	25.000000
14.375098	2.947076	3.141593	14.339851	2.923446	3.188655	9.314840	7.088290	25.000000
14.375098	2.947076	3.141593	14.395589	2.938595	3.180883	9.314840	7.710470	25.000000
14.375136	2.947062	3.141593	14.297505	2.937236	3.109535	10.174800	-4.950870	25.000000
14.375136	2.947062	3.141593	14.297928	2.937094	3.091978	10.174800	-4.328690	25.000000
14.375136	2.947062	3.141593	14.416778	2.931574	3.080668	10.174800	-3.230990	25.000000
14.375136	2.947062	3.141593	14.389232	2.908470	3.020969	10.174800	-2.608810	25.000000
14.375136	2.947062	3.141593	14.407443	2.903205	3.106313	10.174800	-1.511110	25.000000
14.375136	2.947062	3.141593	14.344276	2.865237	3.057433	10.174800	-0.888929	25.000000
14.375136	2.947062	3.141593	14.410204	2.874697	3.125015	10.174800	0.208771	25.000000
14.375136	2.947062	3.141593	14.340725	2.866111	3.162103	10.174800	0.830952	25.000000
14.375136	2.947062	3.141593	14.368118	2.859445	3.154842	10.174800	1.928650	25.000000
14.375136	2.947062	3.141593	14.334211	2.894829	3.169585	10.174800	2.550830	25.000000
14.375136	2.947062	3.141593	14.389663	2.879969	3.250084	10.174800	3.648530	25.000000
14.375136	2.947062	3.141593	14.362790	2.916355	3.211168	10.174800	4.270710	25.000000
14.375136	2.947062	3.141593	14.319542	2.929939	3.215458	10.174800	5.368410	25.000000
14.375136	2.947062	3.141593	14.318818	2.930175	3.197867	10.174800	7.088290	25.000000
14.374982	2.947117	3.141593	14.415936	2.931849	3.109604	11.034700	-3.230990	25.000000
14.374982	2.947117	3.141593	14.339209	2.923648	3.124175	11.034700	-2.608810	25.000000
14.374982	2.947117	3.141593	14.437795	2.924851	3.085844	11.034700	-1.511110	25.000000
14.374982	2.947117	3.141593	14.384172	2.909956	3.105245	11.034700	-0.888929	25.000000
14.374982	2.947117	3.141593	14.383714	2.910091	3.130987	11.034700	0.208771	25.000000
14.374982	2.947117	3.141593	14.383722	2.910089	3.153168	11.034700	0.830952	25.000000
14.374982	2.947117	3.141593	14.383677	2.910102	3.145593	11.034700	1.928650	25.000000
14.374982	2.947117	3.141593	14.339989	2.923403	3.192838	11.034700	2.550830	25.000000
14.374982	2.947117	3.141593	14.361142	2.916856	3.156904	11.034700	3.648530	25.000000
14.374982	2.947117	3.141593	14.318486	2.930283	3.187560	11.034700	4.270710	25.000000
14.374982	2.947117	3.141593	14.318002	2.930440	3.165588	11.034700	5.368410	25.000000
14.374982	2.947117	3.141593	14.395413	2.938655	3.172273	11.034700	5.990590	25.000000
14.375175	2.947048	3.141593	14.317992	2.930444	3.118264	11.894700	-1.511110	25.000000
14.375175	2.947048	3.141593	14.415672	2.931935	3.128260	11.894700	-0.888929	25.000000
14.375175	2.947048	3.141593	14.415644	2.931944	3.132260	11.894700	0.208771	25.000000
14.375175	2.947048	3.141593	14.415626	2.931950	3.147093	11.894700	0.830952	25.000000
14.375175	2.947048	3.141593	14.415618	2.931952	3.143393	11.894700	1.928650	25.000000
14.375175	2.947048	3.141593	14.415786	2.931897	3.164922	11.894700	2.550830	25.000000
14.375175	2.947048	3.141593	14.415672	2.931935	3.154925	11.894700	5.368410	25.000000
