6.820430	2.155755	0.116328	6.827562	2.143518	0.115276	-57.180000	-17.934700	25.000000
6.820526	2.155745	0.116503	6.828536	2.143426	0.117007	-57.180000	-17.312600	25.000000
6.820526	2.155745	0.116503	6.829524	2.143332	0.118737	-57.180000	-15.592700	25.000000
6.820526	2.155745	0.116503	6.828536	2.143426	0.117007	-57.180000	-14.495000	25.000000
6.820430	2.155755	0.116328	6.829524	2.143332	0.118737	-57.180000	-13.872800	25.000000
6.820430	2.155755	0.116328	6.830527	2.143238	0.120466	-57.180000	-11.055200	25.000000
6.820430	2.155755	0.116328	6.830527	2.143238	0.120466	-57.180000	-10.433000	25.000000
6.820488	2.155749	0.116433	6.833623	2.142946	0.125650	-57.180000	-9.335350	25.000000
6.820488	2.155749	0.116433	6.778945	2.130643	0.123923	-57.180000	-8.713170	25.000000
6.820488	2.155749	0.116433	6.831544	2.143142	0.122195	-57.180000	-7.615470	25.000000
6.820488	2.155749	0.116433	6.861203	2.123147	0.118409	-57.180000	-6.993290	25.000000
6.820488	2.155749	0.116433	6.775869	2.130927	0.118737	-57.180000	-5.895590	25.000000
6.820488	2.155749	0.116433	6.721280	2.118507	0.115276	-57.180000	-5.273410	25.000000
6.820488	2.155749	0.116433	6.858251	2.123412	0.113306	-57.180000	-4.175710	25.000000
6.820488	2.155749	0.116433	6.770111	2.131461	0.108346	-57.180000	-3.553530	25.000000
6.820488	2.155749	0.116433	6.856355	2.123582	0.109900	-57.180000	-2.455830	25.000000
6.820488	2.155749	0.116433	6.854517	2.123748	0.106492	-57.180000	-1.833650	25.000000
6.820483	2.155749	0.116424	6.822910	2.143957	0.106612	-57.180000	-0.735946	25.000000
6.820483	2.155750	0.116423	6.822910	2.143957	0.106612	-57.180000	-0.113765	25.000000
6.820483	2.155749	0.116424	6.823811	2.143872	0.108346	-57.180000	0.983935	25.000000
6.820478	2.155750	0.116415	6.824727	2.143785	0.110080	-57.180000	1.606120	25.000000
6.820478	2.155750	0.116415	6.826602	2.143608	0.113545	-57.180000	4.423700	25.000000
6.820526	2.155745	0.116503	6.827562	2.143518	0.115276	-57.180000	11.303200	25.000000
6.821258	2.155674	0.116308	6.827562	2.143518	0.115276	-56.320100	-19.654600	25.000000
6.821355	2.155665	0.116482	6.828536	2.143426	0.117007	-56.320100	-17.312600	25.000000
6.821355	2.155665	0.116482	6.829524	2.143332	0.118737	-56.320100	-14.495000	25.000000
6.821258	2.155674	0.116308	6.803675	2.163399	0.124355	-56.320100	-12.775100	25.000000
6.821258	2.155674	0.116308	6.832576	2.143044	0.123923	-56.320100	-12.152900	25.000000
6.821258	2.155674	0.116308	6.835759	2.142745	0.129102	-56.320100	-10.433000	25.000000
6.821316	2.155669	0.116412	6.831544	2.143142	0.122195	-56.320100	-9.335350	25.000000
6.821316	2.155669	0.116412	6.865340	2.122775	0.125204	-56.320100	-8.713170	25.000000
6.821316	2.155669	0.116412	6.780000	2.130545	0.125650	-56.320100	-7.615470	25.000000
6.821316	2.155669	0.116412	6.864284	2.122870	0.123506	-56.320100	-6.993290	25.000000
6.821316	2.155669	0.116412	6.860204	2.123236	0.116709	-56.320100	-5.895590	25.000000
6.821316	2.155669	0.116412	6.806291	2.110906	0.113306	-56.320100	-5.273410	25.000000
6.821316	2.155669	0.116412	6.857295	2.123498	0.111603	-56.320100	-4.175710	25.000000
6.821316	2.155669	0.116412	6.771034	2.131375	0.110080	-56.320100	-3.553530	25.000000
6.821316	2.155669	0.116412	6.852737	2.123908	0.103082	-56.320100	-2.455830	25.000000
6.821316	2.155669	0.116412	6.768309	2.131628	0.104877	-56.320100	-1.833650	25.000000
6.821311	2.155669	0.116404	6.905795	2.136230	0.103082	-56.320100	-0.735946	25.000000
6.821311	2.155669	0.116403	6.824727	2.143785	0.110080	-56.320100	-0.113765	25.000000
6.821311	2.155669	0.116404	6.821151	2.144124	0.103141	-56.320100	0.983935	25.000000
6.821306	2.155670	0.116395	6.822910	2.143957	0.106612	-56.320100	2.703820	25.000000
6.820430	2.155755	0.116328	6.827562	2.143518	0.115276	-55.460100	-22.472200	25.000000
6.820526	2.155745	0.116503	6.828536	2.143426	0.117007	-55.460100	-17.312600	25.000000
6.820526	2.155745	0.116503	6.829524	2.143332	0.118737	-55.460100	-14.495000	25.000000
6.820430	2.155755	0.116328	6.831544	2.143142	0.122195	-55.460100	-12.775100	25.000000
6.820430	2.155755	0.116328	6.831544	2.143142	0.122195	-55.460100	-12.152900	25.000000
6.820430	2.155755	0.116328	6.781069	2.130446	0.127377	-55.460100	-11.055200	25.000000
6.820430	2.155755	0.116328	6.839072	2.142433	0.134275	-55.460100	-10.433000	25.000000
6.820488	2.155749	0.116433	6.833623	2.142946	0.125650	-55.460100	-9.335350	25.000000
6.820488	2.155749	0.116433	6.867496	2.122582	0.128597	-55.460100	-8.713170	25.000000
6.820488	2.155749	0.116433	6.783251	2.130245	0.130827	-55.460100	-7.615470	25.000000
6.820488	2.155749	0.116433	6.895651	2.103154	0.118092	-55.460100	-6.993290	25.000000
6.820488	2.155749	0.116433	6.765915	2.097306	0.130292	-55.460100	-5.895590	25.000000
6.820488	2.155749	0.116433	6.756397	2.098125	0.115007	-55.460100	-5.273410	25.000000
6.820488	2.155749	0.116433	6.841462	2.090900	0.111401	-55.460100	-4.175710	25.000000
6.820488	2.155749	0.116433	6.882848	2.104250	0.094632	-55.460100	-3.553530	25.000000
6.820488	2.155749	0.116433	6.887990	2.103810	0.104700	-55.460100	-2.455830	25.000000
6.820488	2.155749	0.116433	6.764059	2.132023	0.096193	-55.460100	-1.833650	25.000000
6.820483	2.155749	0.116424	6.799860	2.111473	0.101375	-55.460100	-0.735946	25.000000
6.820483	2.155750	0.116423	6.853619	2.123829	0.104787	-55.460100	-0.113765	25.000000
6.820483	2.155749	0.116424	6.901630	2.136613	0.094545	-55.460100	0.983935	25.000000
6.820478	2.155750	0.116415	6.821151	2.144124	0.103141	-55.460100	1.606120	25.000000
6.820478	2.155750	0.116415	6.823811	2.143872	0.108346	-55.460100	2.703820	25.000000
6.820478	2.155750	0.116415	6.824727	2.143785	0.110080	-55.460100	4.423700	25.000000
6.820478	2.155750	0.116415	6.825657	2.143698	0.111812	-55.460100	6.143580	25.000000
6.820526	2.155745	0.116503	6.827562	2.143518	0.115276	-55.460100	10.205500	25.000000
6.820526	2.155745	0.116503	6.828536	2.143426	0.117007	-54.600200	-16.214900	25.000000
6.820526	2.155745	0.116503	6.830527	2.143238	0.120466	-54.600200	-15.592700	25.000000
6.820430	2.155755	0.116328	6.831544	2.143142	0.122195	-54.600200	-13.872800	25.000000
6.820430	2.155755	0.116328	6.830527	2.143238	0.120466	-54.600200	-12.775100	25.000000
6.820430	2.155755	0.116328	6.835759	2.142745	0.129102	-54.600200	-12.152900	25.000000
6.820430	2.155755	0.116328	6.832576	2.143044	0.123923	-54.600200	-11.055200	25.000000
6.820430	2.155755	0.116328	6.734122	2.117344	0.135997	-54.600200	-10.433000	25.000000
6.820488	2.155749	0.116433	6.783251	2.130245	0.130827	-54.600200	-9.335350	25.000000
6.820488	2.155749	0.116433	6.815607	2.110087	0.128597	-54.600200	-8.713170	25.000000
6.820488	2.155749	0.116433	6.774135	2.096601	0.142138	-54.600200	-7.615470	25.000000
6.820488	2.155749	0.116433	6.802764	2.077270	0.128108	-54.600200	-6.993290	25.000000
6.820488	2.155749	0.116433	6.852948	2.089940	0.129775	-54.600200	-5.895590	25.000000
6.820488	2.155749	0.116433	6.744301	2.065163	0.111401	-54.600200	-5.273410	25.000000
6.820488	2.155749	0.116433	6.746288	2.065005	0.114748	-54.600200	-4.175710	25.000000
6.820488	2.155749	0.116433	6.872147	2.071678	0.096367	-54.600200	-3.553530	25.000000
6.820488	2.155749	0.116433	6.830930	2.091783	0.091271	-54.600200	-2.455830	25.000000
6.820488	2.155749	0.116433	6.884504	2.104108	0.097990	-54.600200	-1.833650	25.000000
6.820483	2.155749	0.116424	6.875435	2.104887	0.077809	-54.600200	-0.735946	25.000000
6.820483	2.155750	0.116423	6.845444	2.124566	0.087705	-54.600200	-0.113765	25.000000
6.820483	2.155749	0.116424	6.904933	2.136309	0.101375	-54.600200	0.983935	25.000000
6.820478	2.155750	0.116415	6.821151	2.144124	0.103141	-54.600200	1.606120	25.000000
6.820478	2.155750	0.116415	6.821151	2.144124	0.103141	-54.600200	2.703820	25.000000
6.820478	2.155750	0.116415	6.824727	2.143785	0.110080	-54.600200	3.326000	25.000000
6.820526	2.155745	0.116503	6.827562	2.143518	0.115276	-54.600200	10.205500	25.000000
6.820526	2.155745	0.116503	6.828536	2.143426	0.117007	-53.740200	-17.312600	25.000000
6.820526	2.155745	0.116503	6.829524	2.143332	0.118737	-53.740200	-15.592700	25.000000
6.820430	2.155755	0.116328	6.833623	2.142946	0.125650	-53.740200	-13.872800	25.000000
6.820430	2.155755	0.116328	6.831544	2.143142	0.122195	-53.740200	-12.775100	25.000000
6.820430	2.155755	0.116328	6.835759	2.142745	0.129102	-53.740200	-12.152900	25.000000
6.820430	2.155755	0.116328	6.784364	2.130142	0.132552	-53.740200	-11.055200	25.000000
6.820430	2.155755	0.116328	6.796293	2.129044	0.149748	-53.740200	-10.433000	25.000000
6.820488	2.155749	0.116433	6.867496	2.122582	0.128597	-53.740200	-9.335350	25.000000
6.820488	2.155749	0.116433	6.768190	2.097111	0.133681	-53.740200	-8.713170	25.000000
6.820488	2.155749	0.116433	6.825218	2.075446	0.157994	-53.740200	-7.615470	25.000000
6.820488	2.155749	0.116433	6.791789	2.044779	0.119429	-53.740200	-6.993290	25.000000
6.820488	2.155749	0.116433	6.772363	2.029713	0.153776	-53.740200	-5.895590	25.000000
6.820488	2.155749	0.116433	6.786428	2.012327	0.107777	-53.740200	-5.273410	25.000000
6.820488	2.155749	0.116433	6.831720	2.025424	0.111017	-53.740200	-4.175710	25.000000
6.820488	2.155749	0.116433	6.767836	2.046595	0.073202	-53.740200	-3.553530	25.000000
6.820488	2.155749	0.116433	6.778267	2.012896	0.093172	-53.740200	-2.455830	25.000000
6.820488	2.155749	0.116433	6.769232	2.080020	0.059253	-53.740200	-1.833650	25.000000
6.820483	2.155749	0.116424	6.831727	2.091716	0.092952	-53.740200	-0.735946	25.000000
6.820483	2.155750	0.116423	6.850175	2.124139	0.097961	-53.740200	-0.113765	25.000000
6.820483	2.155749	0.116424	6.839949	2.125063	0.074003	-53.740200	0.983935	25.000000
6.820478	2.155750	0.116415	6.819450	2.144285	0.099669	-53.740200	1.606120	25.000000
6.820478	2.155750	0.116415	6.764880	2.131946	0.097931	-53.740200	2.703820	25.000000
6.820478	2.155750	0.116415	6.822023	2.144041	0.104877	-53.740200	3.326000	25.000000
6.820478	2.155750	0.116415	6.822910	2.143957	0.106612	-53.740200	4.423700	25.000000
6.820478	2.155750	0.116415	6.824727	2.143785	0.110080	-53.740200	5.045880	25.000000
6.820478	2.155750	0.116415	6.826602	2.143608	0.113545	-53.740200	8.485640	25.000000
6.820526	2.155745	0.116503	6.828536	2.143426	0.117007	-52.880300	-19.032500	25.000000
6.820526	2.155745	0.116503	6.828536	2.143426	0.117007	-52.880300	-16.214900	25.000000
6.820526	2.155745	0.116503	6.830527	2.143238	0.120466	-52.880300	-14.495000	25.000000
6.820430	2.155755	0.116328	6.750437	2.150902	0.127870	-52.880300	-13.872800	25.000000
6.820430	2.155755	0.116328	6.833623	2.142946	0.125650	-52.880300	-12.775100	25.000000
6.820430	2.155755	0.116328	6.919364	2.134986	0.126901	-52.880300	-12.152900	25.000000
6.820430	2.155755	0.116328	6.842514	2.142109	0.139440	-52.880300	-11.055200	25.000000
6.820430	2.155755	0.116328	6.734122	2.117344	0.135997	-52.880300	-10.433000	25.000000
6.820488	2.155749	0.116433	6.839123	2.108030	0.160672	-52.880300	-9.335350	25.000000
6.820488	2.155749	0.116433	6.815893	2.042966	0.152148	-52.880300	-8.713170	25.000000
6.820488	2.155749	0.116433	6.881141	2.087600	0.166248	-52.880300	-7.615470	25.000000
6.820488	2.155749	0.116433	6.772001	1.997055	0.146484	-52.880300	-6.993290	25.000000
6.820488	2.155749	0.116433	6.849825	1.944400	0.155868	-52.880300	-5.895590	25.000000
6.820488	2.155749	0.116433	6.843172	1.915123	0.113572	-52.880300	-5.273410	25.000000
6.820488	2.155749	0.116433	6.825980	1.911360	0.102762	-52.880300	-4.175710	25.000000
6.820488	2.155749	0.116433	6.831318	1.925094	0.046841	-52.880300	-3.553530	25.000000
6.820488	2.155749	0.116433	6.765028	1.974904	0.080471	-52.880300	-2.455830	25.000000
6.820488	2.155749	0.116433	6.803889	2.060449	0.038315	-52.880300	-1.833650	25.000000
6.820483	2.155749	0.116424	6.811380	2.026884	0.070375	-52.880300	-0.735946	25.000000
6.820483	2.155750	0.116423	6.826449	2.092160	0.081177	-52.880300	-0.113765	25.000000
6.820483	2.155749	0.116424	6.784313	2.112850	0.063707	-52.880300	0.983935	25.000000
6.820478	2.155750	0.116415	6.843274	2.124762	0.082570	-52.880300	1.606120	25.000000
6.820478	2.155750	0.116415	6.764880	2.131946	0.097931	-52.880300	2.703820	25.000000
6.820478	2.155750	0.116415	6.820293	2.144205	0.101405	-52.880300	3.326000	25.000000
6.820478	2.155750	0.116415	6.875907	2.156342	0.103141	-52.880300	4.423700	25.000000
6.820478	2.155750	0.116415	6.824727	2.143785	0.110080	-52.880300	6.143580	25.000000
6.820526	2.155745	0.116503	6.827562	2.143518	0.115276	-52.880300	11.303200	25.000000
6.821258	2.155674	0.116308	6.827562	2.143518	0.115276	-52.020400	-22.472200	25.000000
6.821355	2.155665	0.116482	6.828536	2.143426	0.117007	-52.020400	-19.032500	25.000000
6.821355	2.155665	0.116482	6.829524	2.143332	0.118737	-52.020400	-16.214900	25.000000
6.821258	2.155674	0.116308	6.750437	2.150902	0.127870	-52.020400	-13.872800	25.000000
6.821258	2.155674	0.116308	6.807907	2.162980	0.131382	-52.020400	-12.775100	25.000000
6.821258	2.155674	0.116308	6.785492	2.130038	0.134275	-52.020400	-12.152900	25.000000
6.821258	2.155674	0.116308	6.847306	2.141659	0.146315	-52.020400	-11.055200	25.000000
6.821258	2.155674	0.116308	6.800029	2.094393	0.174082	-52.020400	-10.433000	25.000000
6.821316	2.155669	0.116412	6.827335	2.109059	0.145516	-52.020400	-9.335350	25.000000
6.821316	2.155669	0.116412	6.868042	1.974824	0.191184	-52.020400	-8.713170	25.000000
6.821316	2.155669	0.116412	6.747036	2.048185	0.176122	-52.020400	-7.615470	25.000000
6.821316	2.155669	0.116412	6.981834	1.807907	0.234972	-52.020400	-6.993290	25.000000
6.821316	2.155669	0.116412	6.618890	1.860373	0.116925	-52.020400	-5.895590	25.000000
6.821316	2.155669	0.116412	6.778717	1.693546	0.090794	-52.020400	-5.273410	25.000000
6.821316	2.155669	0.116412	6.874976	1.655261	0.121458	-52.020400	-4.175710	25.000000
6.821316	2.155669	0.116412	6.850308	1.689316	0.025730	-52.020400	-3.553530	25.000000
6.821316	2.155669	0.116412	6.817519	1.822813	0.025600	-52.020400	-2.455830	25.000000
6.821316	2.155669	0.116412	6.800806	1.915795	6.278342	-52.020400	-1.833650	25.000000
6.821311	2.155669	0.116404	6.806929	1.994726	0.037563	-52.020400	-0.735946	25.000000
6.821311	2.155669	0.116403	6.727377	2.100639	0.041356	-52.020400	-0.113765	25.000000
6.821311	2.155669	0.116404	6.763106	2.046956	0.059928	-52.020400	0.983935	25.000000
6.821306	2.155670	0.116395	6.839327	2.125119	0.072288	-52.020400	1.606120	25.000000
6.821306	2.155670	0.116395	6.762463	2.132171	0.092716	-52.020400	2.703820	25.000000
6.821306	2.155670	0.116395	6.819450	2.144285	0.099669	-52.020400	3.326000	25.000000
6.821306	2.155670	0.116395	6.819450	2.144285	0.099669	-52.020400	4.423700	25.000000
6.821306	2.155670	0.116395	6.823811	2.143872	0.108346	-52.020400	6.143580	25.000000
6.821355	2.155665	0.116482	6.826602	2.143608	0.113545	-52.020400	10.205500	25.000000
6.821355	2.155665	0.116482	6.827562	2.143518	0.115276	-52.020400	11.925400	25.000000
6.820430	2.155755	0.116328	6.828536	2.143426	0.117007	-51.160400	-19.654600	25.000000
6.820526	2.155745	0.116503	6.829524	2.143332	0.118737	-51.160400	-17.312600	25.000000
6.820526	2.155745	0.116503	6.832576	2.143044	0.123923	-51.160400	-14.495000	25.000000
6.820430	2.155755	0.116328	6.753703	2.150586	0.133136	-51.160400	-13.872800	25.000000
6.820430	2.155755	0.116328	6.834684	2.142846	0.127377	-51.160400	-12.775100	25.000000
6.820430	2.155755	0.116328	6.842514	2.142109	0.139440	-51.160400	-12.152900	25.000000
6.820430	2.155755	0.116328	6.881635	2.121318	0.148890	-51.160400	-11.055200	25.000000
6.820430	2.155755	0.116328	6.747036	2.048185	0.176122	-51.160400	-10.433000	25.000000
6.820488	2.155749	0.116433	6.804594	2.094005	0.179095	-51.160400	-9.335350	25.000000
6.820488	2.155749	0.116433	6.950353	1.873211	0.266913	-51.160400	-8.713170	25.000000
6.820488	2.155749	0.116433	6.731010	1.970606	0.179998	-51.160400	-7.615470	25.000000
6.820488	2.155749	0.116433	7.539271	1.245426	0.261955	-51.160400	-6.993290	25.000000
6.820488	2.155749	0.116433	6.025562	1.496045	0.264355	-51.160400	-5.895590	25.000000
6.820488	2.155749	0.116433	6.236986	1.244362	6.232382	-51.160400	-5.273410	25.000000
6.820488	2.155749	0.116433	7.298055	0.853022	0.268805	-51.160400	-4.175710	25.000000
6.820488	2.155749	0.116433	7.986088	0.757926	5.956826	-51.160400	-3.553530	25.000000
6.820488	2.155749	0.116433	5.531727	0.762514	6.178308	-51.160400	-2.455830	25.000000
6.820488	2.155749	0.116433	6.540780	1.775564	0.035922	-51.160400	-1.833650	25.000000
6.820483	2.155749	0.116424	7.107039	1.754749	6.125095	-51.160400	-0.735946	25.000000
6.820483	2.155750	0.116423	6.799471	2.027744	6.258436	-51.160400	-0.113765	25.000000
6.820483	2.155749	0.116424	6.762121	2.047031	0.056772	-51.160400	0.983935	25.000000
6.820478	2.155750	0.116415	6.836988	2.125331	0.065424	-51.160400	1.606120	25.000000
6.820478	2.155750	0.116415	6.872874	2.105108	0.071067	-51.160400	2.703820	25.000000
6.820478	2.155750	0.116415	6.903253	2.136464	0.097961	-51.160400	3.326000	25.000000
6.820478	2.155750	0.116415	6.814697	2.144735	0.089236	-51.160400	4.423700	25.000000
6.820478	2.155750	0.116415	6.823811	2.143872	0.108346	-51.160400	5.045880	25.000000
6.820478	2.155750	0.116415	6.822023	2.144041	0.104877	-51.160400	6.143580	25.000000
6.820478	2.155750	0.116415	6.826602	2.143608	0.113545	-51.160400	9.583340	25.000000
6.820430	2.155755	0.116328	6.827562	2.143518	0.115276	-50.300500	-22.472200	25.000000
6.820430	2.155755	0.116328	6.828536	2.143426	0.117007	-50.300500	-21.374500	25.000000
6.820430	2.155755	0.116328	6.840205	2.142326	0.135997	-50.300500	-13.872800	25.000000
6.820430	2.155755	0.116328	6.752599	2.150693	0.131382	-50.300500	-12.775100	25.000000
6.820430	2.155755	0.116328	6.892206	2.120376	0.162351	-50.300500	-12.152900	25.000000
6.820430	2.155755	0.116328	6.792562	2.129387	0.144598	-50.300500	-11.055200	25.000000
6.820430	2.155755	0.116328	6.739436	2.048768	0.167896	-50.300500	-10.433000	25.000000
6.820488	2.155749	0.116433	6.862572	2.055897	0.237787	-50.300500	-9.335350	25.000000
6.820488	2.155749	0.116433	7.086304	1.826163	0.366964	-50.300500	-8.713170	25.000000
6.820488	2.155749	0.116433	6.518719	1.641421	0.250201	-50.300500	-7.615470	25.000000
6.820488	2.155749	0.116433	5.161095	0.919195	0.750929	-50.300500	-6.993290	25.000000
6.820488	2.155749	0.116433	8.171683	1.519377	0.298499	-50.300500	-5.895590	25.000000
6.820488	2.155749	0.116433	7.159693	1.621099	0.205624	-50.300500	-5.273410	25.000000
6.820488	2.155749	0.116433	6.527664	1.650542	0.046121	-50.300500	-4.175710	25.000000
6.820488	2.155749	0.116433	6.795410	1.606122	6.045349	-50.300500	-3.553530	25.000000
6.820488	2.155749	0.116433	6.887002	1.640549	6.140053	-50.300500	-2.455830	25.000000
6.820488	2.155749	0.116433	6.555913	0.654788	5.898028	-50.300500	-1.833650	25.000000
6.820483	2.155749	0.116424	7.076023	0.935329	5.623528	-50.300500	-0.735946	25.000000
6.820483	2.155750	0.116423	6.960287	1.922836	6.181994	-50.300500	-0.113765	25.000000
6.820483	2.155749	0.116424	6.712295	2.001098	0.011475	-50.300500	0.983935	25.000000
6.820478	2.155750	0.116415	6.777470	2.113458	0.036191	-50.300500	1.606120	25.000000
6.820478	2.155750	0.116415	6.819597	2.092737	0.062630	-50.300500	2.703820	25.000000
6.820478	2.155750	0.116415	6.847744	2.124358	0.092836	-50.300500	3.326000	25.000000
6.820478	2.155750	0.116415	6.812518	2.144942	0.084012	-50.300500	4.423700	25.000000
6.820478	2.155750	0.116415	6.822023	2.144041	0.104877	-50.300500	5.045880	25.000000
6.820478	2.155750	0.116415	6.820293	2.144205	0.101405	-50.300500	6.143580	25.000000
6.820478	2.155750	0.116415	6.824727	2.143785	0.110080	-50.300500	6.765760	25.000000
6.820478	2.155750	0.116415	6.824727	2.143785	0.110080	-50.300500	7.863460	25.000000
6.820526	2.155745	0.116503	6.827562	2.143518	0.115276	-50.300500	13.023100	25.000000
6.820526	2.155745	0.116503	6.804712	2.163296	0.126113	-49.440500	-15.592700	25.000000
6.820526	2.155745	0.116503	6.833623	2.142946	0.125650	-49.440500	-14.495000	25.000000
6.820430	2.155755	0.116328	6.837953	2.142538	0.132552	-49.440500	-13.872800	25.000000
6.820430	2.155755	0.116328	6.895948	2.154416	0.137719	-49.440500	-12.775100	25.000000
6.820430	2.155755	0.116328	6.798853	2.128809	0.153177	-49.440500	-12.152900	25.000000
6.820430	2.155755	0.116328	6.764621	2.114604	0.175373	-49.440500	-11.055200	25.000000
6.820430	2.155755	0.116328	6.719792	2.033582	0.194134	-49.440500	-10.433000	25.000000
6.820488	2.155749	0.116433	6.936317	1.986324	0.279382	-49.440500	-9.335350	25.000000
6.820488	2.155749	0.116433	7.150524	0.834863	0.556599	-49.440500	-8.713170	25.000000
6.820488	2.155749	0.116433	6.488451	1.037243	0.772741	-49.440500	-7.615470	25.000000
6.820488	2.155749	0.116433	5.952680	1.295173	0.283096	-49.440500	-6.993290	25.000000
6.820488	2.155749	0.116433	7.653757	1.452934	0.569756	-49.440500	-5.895590	25.000000
6.820488	2.155749	0.116433	7.446368	0.852585	6.233227	-49.440500	-5.273410	25.000000
6.820488	2.155749	0.116433	6.036754	0.824161	0.388888	-49.440500	-4.175710	25.000000
6.820488	2.155749	0.116433	6.488644	0.945129	5.862065	-49.440500	-3.553530	25.000000
6.820488	2.155749	0.116433	7.172594	0.874566	0.034532	-49.440500	-2.455830	25.000000
6.820488	2.155749	0.116433	6.649248	1.381680	5.840083	-49.440500	-1.833650	25.000000
6.820483	2.155749	0.116424	6.952697	1.323783	5.919206	-49.440500	-0.735946	25.000000
6.820483	2.155750	0.116423	6.764466	1.892685	6.091902	-49.440500	-0.113765	25.000000
6.820483	2.155749	0.116424	6.831523	1.679331	6.119005	-49.440500	0.983935	25.000000
6.820478	2.155750	0.116415	6.774547	2.113718	0.011551	-49.440500	1.606120	25.000000
6.820478	2.155750	0.116415	6.849993	2.073450	0.029991	-49.440500	2.703820	25.000000
6.820478	2.155750	0.116415	6.814697	2.144735	0.089236	-49.440500	3.326000	25.000000
6.820478	2.155750	0.116415	6.754117	2.132948	0.071806	-49.440500	4.423700	25.000000
6.820478	2.155750	0.116415	6.819450	2.144285	0.099669	-49.440500	5.045880	25.000000
6.820478	2.155750	0.116415	6.875907	2.156342	0.103141	-49.440500	6.143580	25.000000
6.820478	2.155750	0.116415	6.824727	2.143785	0.110080	-49.440500	7.863460	25.000000
6.820526	2.155745	0.116503	6.832576	2.143044	0.123923	-48.580600	-15.592700	25.000000
6.820526	2.155745	0.116503	6.833623	2.142946	0.125650	-48.580600	-14.495000	25.000000
6.820430	2.155755	0.116328	6.839072	2.142433	0.134275	-48.580600	-13.872800	25.000000
6.820430	2.155755	0.116328	6.843691	2.141999	0.141160	-48.580600	-12.775100	25.000000
6.820430	2.155755	0.116328	6.849095	2.107163	0.172409	-48.580600	-12.152900	25.000000
6.820430	2.155755	0.116328	6.819890	2.126884	0.178773	-48.580600	-11.055200	25.000000
6.820430	2.155755	0.116328	6.742284	1.918916	0.274832	-48.580600	-10.433000	25.000000
6.820488	2.155749	0.116433	7.015697	2.028474	0.306676	-48.580600	-9.335350	25.000000
6.820488	2.155749	0.116433	7.801282	1.017429	0.537836	-48.580600	-8.713170	25.000000
6.820488	2.155749	0.116433	5.632939	1.110941	0.982794	-48.580600	-7.615470	25.000000
6.820488	2.155749	0.116433	7.856927	1.196860	0.294076	-48.580600	-6.993290	25.000000
6.820488	2.155749	0.116433	5.631918	1.284585	0.476892	-48.580600	-5.895590	25.000000
6.820488	2.155749	0.116433	6.825694	2.178971	0.269227	-48.580600	-5.273410	25.000000
6.820488	2.155749	0.116433	6.868741	2.344540	0.073338	-48.580600	-4.175710	25.000000
6.820488	2.155749	0.116433	6.836914	2.269944	0.112219	-48.580600	-3.553530	25.000000
6.820488	2.155749	0.116433	6.713804	2.136735	6.129235	-48.580600	-2.455830	25.000000
6.820488	2.155749	0.116433	7.918737	0.871026	5.683279	-48.580600	-1.833650	25.000000
6.820483	2.155749	0.116424	5.539937	0.710354	5.864118	-48.580600	-0.735946	25.000000
6.820483	2.155750	0.116423	6.653570	1.152945	5.497787	-48.580600	-0.113765	25.000000
6.820483	2.155749	0.116424	6.937579	0.864998	5.632109	-48.580600	0.983935	25.000000
6.820478	2.155750	0.116415	6.754258	2.047632	0.016665	-48.580600	1.606120	25.000000
6.820478	2.155750	0.116415	6.858386	2.072777	6.219272	-48.580600	2.703820	25.000000
6.820478	2.155750	0.116415	6.805116	2.145646	0.063074	-48.580600	3.326000	25.000000
6.820478	2.155750	0.116415	6.841235	2.124946	0.077431	-48.580600	4.423700	25.000000
6.820478	2.155750	0.116415	6.818622	2.144363	0.097931	-48.580600	5.045880	25.000000
6.820478	2.155750	0.116415	6.736089	2.152299	0.101436	-48.580600	6.143580	25.000000
6.820526	2.155745	0.116503	6.826602	2.143608	0.113545	-48.580600	10.205500	25.000000
6.820526	2.155745	0.116503	6.826602	2.143608	0.113545	-48.580600	11.303200	25.000000
6.821355	2.155665	0.116482	6.833623	2.142946	0.125650	-47.720700	-15.592700	25.000000
6.821355	2.155665	0.116482	6.751511	2.150798	0.129626	-47.720700	-14.495000	25.000000
6.821258	2.155674	0.116308	6.843691	2.141999	0.141160	-47.720700	-13.872800	25.000000
6.821258	2.155674	0.116308	6.790147	2.129609	0.141160	-47.720700	-12.775100	25.000000
6.821258	2.155674	0.116308	6.879680	2.104522	0.204018	-47.720700	-12.152900	25.000000
6.821258	2.155674	0.116308	6.846174	2.107417	0.169060	-47.720700	-11.055200	25.000000
6.821258	2.155674	0.116308	7.075154	1.942543	0.427004	-47.720700	-10.433000	25.000000
6.821316	2.155669	0.116412	6.451395	1.827826	0.331380	-47.720700	-9.335350	25.000000
6.821316	2.155669	0.116412	8.304818	1.252371	0.686622	-47.720700	-8.713170	25.000000
6.821316	2.155669	0.116412	4.883646	0.856285	0.997830	-47.720700	-7.615470	25.000000
6.821316	2.155669	0.116412	7.454234	2.137208	0.436627	-47.720700	-6.993290	25.000000
6.821316	2.155669	0.116412	6.270000	2.348653	6.109940	-47.720700	-5.895590	25.000000
6.821316	2.155669	0.116412	6.736921	2.779465	0.254125	-47.720700	-5.273410	25.000000
6.821316	2.155669	0.116412	6.866513	2.862068	0.574826	-47.720700	-4.175710	25.000000
6.821316	2.155669	0.116412	6.900696	2.899826	6.161833	-47.720700	-3.553530	25.000000
6.821316	2.155669	0.116412	6.815607	2.836082	6.061871	-47.720700	-2.455830	25.000000
6.821316	2.155669	0.116412	6.864226	1.975062	0.362851	-47.720700	-1.833650	25.000000
6.821311	2.155669	0.116404	6.777835	2.029314	5.884040	-47.720700	-0.735946	25.000000
6.821311	2.155669	0.116403	6.946942	0.939505	5.409410	-47.720700	-0.113765	25.000000
6.821311	2.155669	0.116404	6.613622	1.030849	5.572647	-47.720700	0.983935	25.000000
6.821306	2.155670	0.116395	6.897311	1.973011	6.161566	-47.720700	1.606120	25.000000
6.821306	2.155670	0.116395	6.676826	2.053632	6.215492	-47.720700	2.703820	25.000000
6.821306	2.155670	0.116395	6.752933	2.133059	0.068315	-47.720700	3.326000	25.000000
6.821306	2.155670	0.116395	6.831369	2.125840	0.044798	-47.720700	4.423700	25.000000
6.821306	2.155670	0.116395	6.818622	2.144363	0.097931	-47.720700	5.045880	25.000000
6.821306	2.155670	0.116395	6.815453	2.144664	0.090976	-47.720700	6.143580	25.000000
6.821306	2.155670	0.116395	6.822910	2.143957	0.106612	-47.720700	6.765760	25.000000
6.821306	2.155670	0.116395	6.823811	2.143872	0.108346	-47.720700	7.863460	25.000000
6.821306	2.155670	0.116395	6.825657	2.143698	0.111812	-47.720700	8.485640	25.000000
6.821306	2.155670	0.116395	6.825657	2.143698	0.111812	-47.720700	9.583340	25.000000
6.821355	2.155665	0.116482	6.826602	2.143608	0.113545	-47.720700	10.205500	25.000000
6.821355	2.155665	0.116482	6.826602	2.143608	0.113545	-47.720700	11.303200	25.000000
6.821355	2.155665	0.116482	6.826602	2.143608	0.113545	-47.720700	13.023100	25.000000
6.820430	2.155755	0.116328	6.848540	2.141544	0.148032	-46.860700	-13.872800	25.000000
6.820430	2.155755	0.116328	6.759438	2.150030	0.141897	-46.860700	-12.775100	25.000000
6.820430	2.155755	0.116328	6.778643	2.113353	0.190639	-46.860700	-12.152900	25.000000
6.820430	2.155755	0.116328	6.843859	2.090699	0.217208	-46.860700	-11.055200	25.000000
6.820430	2.155755	0.116328	7.359918	1.668780	0.561494	-46.860700	-10.433000	25.000000
6.820488	2.155749	0.116433	6.230698	1.820548	0.463648	-46.860700	-9.335350	25.000000
6.820488	2.155749	0.116433	6.700000	0.893273	0.635838	-46.860700	-8.713170	25.000000
6.820488	2.155749	0.116433	6.932532	1.263042	0.881872	-46.860700	-7.615470	25.000000
6.820488	2.155749	0.116433	7.135328	2.716402	0.383030	-46.860700	-6.993290	25.000000
6.820488	2.155749	0.116433	6.553266	2.625584	5.184335	-46.860700	-5.895590	25.000000
6.820488	2.155749	0.116433	6.827540	2.882697	2.580568	-46.860700	-5.273410	25.000000
6.820488	2.155749	0.116433	6.797249	2.900095	2.730239	-46.860700	-4.175710	25.000000
6.820488	2.155749	0.116433	6.807239	2.840004	3.580909	-46.860700	-3.553530	25.000000
6.820488	2.155749	0.116433	6.784158	2.851140	3.499159	-46.860700	-2.455830	25.000000
6.820488	2.155749	0.116433	6.080592	2.897265	1.365401	-46.860700	-1.833650	25.000000
6.820483	2.155749	0.116424	7.462814	2.269452	0.540420	-46.860700	-0.735946	25.000000
6.820483	2.155750	0.116423	7.738482	1.201954	5.536983	-46.860700	-0.113765	25.000000
6.820483	2.155749	0.116424	5.789508	1.347865	5.882945	-46.860700	0.983935	25.000000
6.820478	2.155750	0.116415	6.843837	1.998708	6.081065	-46.860700	1.606120	25.000000
6.820478	2.155750	0.116415	6.835934	1.846362	6.050006	-46.860700	2.703820	25.000000
6.820478	2.155750	0.116415	6.780636	2.113176	0.050818	-46.860700	3.326000	25.000000
6.820478	2.155750	0.116415	6.743199	2.133969	0.025258	-46.860700	4.423700	25.000000
6.820478	2.155750	0.116415	6.870255	2.156888	0.090976	-46.860700	5.045880	25.000000
6.820478	2.155750	0.116415	6.814697	2.144735	0.089236	-46.860700	6.143580	25.000000
6.820478	2.155750	0.116415	6.822023	2.144041	0.104877	-46.860700	6.765760	25.000000
6.820526	2.155745	0.116503	6.826602	2.143608	0.113545	-46.860700	10.205500	25.000000
6.820526	2.155745	0.116503	6.831544	2.143142	0.122195	-46.000800	-17.312600	25.000000
6.820526	2.155745	0.116503	6.833623	2.142946	0.125650	-46.000800	-15.592700	25.000000
6.820526	2.155745	0.116503	6.834684	2.142846	0.127377	-46.000800	-14.495000	25.000000
6.820430	2.155755	0.116328	6.768079	2.149195	0.154125	-46.000800	-13.872800	25.000000
6.820430	2.155755	0.116328	6.846086	2.141774	0.144598	-46.000800	-12.775100	25.000000
6.820430	2.155755	0.116328	6.923503	2.100786	0.241731	-46.000800	-12.152900	25.000000
6.820430	2.155755	0.116328	6.824141	2.092354	0.199053	-46.000800	-11.055200	25.000000
6.820430	2.155755	0.116328	6.975106	1.263477	0.806672	-46.000800	-10.433000	25.000000
6.820488	2.155749	0.116433	6.646992	1.563274	0.785398	-46.000800	-9.335350	25.000000
6.820488	2.155749	0.116433	6.437577	1.383136	0.321751	-46.000800	-8.713170	25.000000
6.820488	2.155749	0.116433	7.182032	1.664500	0.735934	-46.000800	-7.615470	25.000000
6.820488	2.155749	0.116433	6.654502	2.925685	3.737377	-46.000800	-6.993290	25.000000
6.820488	2.155749	0.116433	6.931205	2.376582	4.704056	-46.000800	-5.895590	25.000000
6.820488	2.155749	0.116433	6.791384	2.442888	2.964401	-46.000800	-5.273410	25.000000
6.820488	2.155749	0.116433	6.874947	2.428541	2.933295	-46.000800	-4.175710	25.000000
6.820488	2.155749	0.116433	6.806879	2.374397	3.451296	-46.000800	-3.553530	25.000000
6.820488	2.155749	0.116433	6.858637	2.366602	3.345118	-46.000800	-2.455830	25.000000
6.820488	2.155749	0.116433	6.047313	2.754554	2.073640	-46.000800	-1.833650	25.000000
6.820483	2.155749	0.116424	7.584194	2.222478	1.670465	-46.000800	-0.735946	25.000000
6.820483	2.155750	0.116423	5.861271	2.007678	5.939401	-46.000800	-0.113765	25.000000
6.820483	2.155749	0.116424	7.661234	1.468808	5.991729	-46.000800	0.983935	25.000000
6.820478	2.155750	0.116415	5.871465	1.705755	5.857980	-46.000800	1.606120	25.000000
6.820478	2.155750	0.116415	7.582882	1.701727	5.783839	-46.000800	2.703820	25.000000
6.820478	2.155750	0.116415	6.776714	2.113525	0.031714	-46.000800	3.326000	25.000000
6.820478	2.155750	0.116415	6.826440	2.126288	6.280254	-46.000800	4.423700	25.000000
6.820478	2.155750	0.116415	6.811821	2.145008	0.082270	-46.000800	5.045880	25.000000
6.820478	2.155750	0.116415	6.898558	2.136896	0.087705	-46.000800	6.143580	25.000000
6.820478	2.155750	0.116415	6.821151	2.144124	0.103141	-46.000800	6.765760	25.000000
6.820478	2.155750	0.116415	6.822023	2.144041	0.104877	-46.000800	7.863460	25.000000
6.820526	2.155745	0.116503	6.827562	2.143518	0.115276	-46.000800	13.023100	25.000000
6.820430	2.155755	0.116328	6.828536	2.143426	0.117007	-45.140800	-21.374500	25.000000
6.820526	2.155745	0.116503	6.806827	2.163087	0.129626	-45.140800	-15.592700	25.000000
6.820526	2.155745	0.116503	6.890399	2.154948	0.129102	-45.140800	-14.495000	25.000000
6.820430	2.155755	0.116328	6.852328	2.141189	0.153177	-45.140800	-13.872800	25.000000
6.820430	2.155755	0.116328	6.848540	2.141544	0.148032	-45.140800	-12.775100	25.000000
6.820430	2.155755	0.116328	6.861552	2.106084	0.262240	-45.140800	-12.152900	25.000000
6.820430	2.155755	0.116328	6.707675	2.085152	0.219226	-45.140800	-11.055200	25.000000
6.820430	2.155755	0.116328	5.773214	1.289978	1.082960	-45.140800	-10.433000	25.000000
6.820488	2.155749	0.116433	7.733020	1.191957	0.963491	-45.140800	-9.335350	25.000000
6.820488	2.155749	0.116433	6.342279	2.225109	0.113510	-45.140800	-8.713170	25.000000
6.820488	2.155749	0.116433	7.281717	1.643646	0.358771	-45.140800	-7.615470	25.000000
6.820488	2.155749	0.116433	5.937382	2.484211	4.588034	-45.140800	-6.993290	25.000000
6.820488	2.155749	0.116433	7.546893	2.038140	4.046920	-45.140800	-5.895590	25.000000
6.820488	2.155749	0.116433	6.895107	1.973147	3.023103	-45.140800	-5.273410	25.000000
6.820488	2.155749	0.116433	6.694782	2.002299	2.978066	-45.140800	-4.175710	25.000000
6.820488	2.155749	0.116433	6.808913	1.902911	3.413704	-45.140800	-3.553530	25.000000
6.820488	2.155749	0.116433	6.822536	1.928698	3.309829	-45.140800	-2.455830	25.000000
6.820488	2.155749	0.116433	6.970653	1.937614	2.377930	-45.140800	-1.833650	25.000000
6.820483	2.155749	0.116424	6.655825	2.124517	1.875789	-45.140800	-0.735946	25.000000
6.820483	2.155750	0.116423	7.379115	1.856546	0.329076	-45.140800	-0.113765	25.000000
6.820483	2.155749	0.116424	6.221023	2.057561	5.900146	-45.140800	0.983935	25.000000
6.820478	2.155750	0.116415	7.966335	1.284461	5.460767	-45.140800	1.606120	25.000000
6.820478	2.155750	0.116415	5.558741	1.364248	5.341185	-45.140800	2.703820	25.000000
6.820478	2.155750	0.116415	6.860104	2.106209	0.005424	-45.140800	3.326000	25.000000
6.820478	2.155750	0.116415	6.777691	2.113438	6.245789	-45.140800	4.423700	25.000000
6.820478	2.155750	0.116415	6.809178	2.145260	0.075296	-45.140800	5.045880	25.000000
6.820478	2.155750	0.116415	6.867343	2.157169	0.084012	-45.140800	6.143580	25.000000
6.820478	2.155750	0.116415	6.821151	2.144124	0.103141	-45.140800	6.765760	25.000000
6.820478	2.155750	0.116415	6.737811	2.152131	0.104970	-45.140800	7.863460	25.000000
6.820478	2.155750	0.116415	6.824727	2.143785	0.110080	-45.140800	8.485640	25.000000
6.820478	2.155750	0.116415	6.824727	2.143785	0.110080	-45.140800	9.583340	25.000000
6.820526	2.155745	0.116503	6.828536	2.143426	0.117007	-44.280900	-23.094400	25.000000
6.820526	2.155745	0.116503	6.751511	2.150798	0.129626	-44.280900	-15.592700	25.000000
6.820526	2.155745	0.116503	6.836849	2.142642	0.130827	-44.280900	-14.495000	25.000000
6.820430	2.155755	0.116328	6.823262	2.161467	0.154125	-44.280900	-13.872800	25.000000
6.820430	2.155755	0.116328	6.716554	2.136475	0.157610	-44.280900	-12.775100	25.000000
6.820430	2.155755	0.116328	6.744071	2.082105	0.249102	-44.280900	-12.152900	25.000000
6.820430	2.155755	0.116328	6.868304	2.105501	0.267143	-44.280900	-11.055200	25.000000
6.820430	2.155755	0.116328	6.740927	1.111230	1.144169	-44.280900	-10.433000	25.000000
6.820488	2.155749	0.116433	6.870233	1.423251	0.995038	-44.280900	-9.335350	25.000000
6.820488	2.155749	0.116433	6.493605	2.336424	0.186923	-44.280900	-8.713170	25.000000
6.820488	2.155749	0.116433	7.010884	1.889987	5.954309	-44.280900	-7.615470	25.000000
6.820488	2.155749	0.116433	7.472643	1.707722	4.041867	-44.280900	-6.993290	25.000000
6.820488	2.155749	0.116433	6.069671	1.989899	4.585797	-44.280900	-5.895590	25.000000
6.820488	2.155749	0.116433	6.542783	1.586387	3.028235	-44.280900	-5.273410	25.000000
6.820488	2.155749	0.116433	7.041984	1.536993	3.037683	-44.280900	-4.175710	25.000000
6.820488	2.155749	0.116433	6.867678	1.511061	3.268843	-44.280900	-3.553530	25.000000
6.820488	2.155749	0.116433	6.744842	1.496598	3.401716	-44.280900	-2.455830	25.000000
6.820488	2.155749	0.116433	6.794851	1.556079	2.397837	-44.280900	-1.833650	25.000000
6.820483	2.155749	0.116424	6.876220	1.669850	2.040980	-44.280900	-0.735946	25.000000
6.820483	2.155750	0.116423	3.921275	2.229441	0.735212	-44.280900	-0.113765	25.000000
6.820483	2.155749	0.116424	8.875928	1.927577	0.167916	-44.280900	0.983935	25.000000
6.820478	2.155750	0.116415	6.477469	1.456304	5.486799	-44.280900	1.606120	25.000000
6.820478	2.155750	0.116415	7.211796	1.431686	5.487886	-44.280900	2.703820	25.000000
6.820478	2.155750	0.116415	6.812202	2.093361	6.250993	-44.280900	3.326000	25.000000
6.820478	2.155750	0.116415	6.926218	2.117371	6.207062	-44.280900	4.423700	25.000000
6.820478	2.155750	0.116415	6.807944	2.145377	0.071806	-44.280900	5.045880	25.000000
6.820478	2.155750	0.116415	6.809178	2.145260	0.075296	-44.280900	6.143580	25.000000
6.820478	2.155750	0.116415	6.819450	2.144285	0.099669	-44.280900	6.765760	25.000000
6.820478	2.155750	0.116415	6.875907	2.156342	0.103141	-44.280900	7.863460	25.000000
6.820430	2.155755	0.116328	6.828536	2.143426	0.117007	-43.420900	-19.654600	25.000000
6.820526	2.155745	0.116503	6.830527	2.143238	0.120466	-43.420900	-17.312600	25.000000
6.820526	2.155745	0.116503	6.830527	2.143238	0.120466	-43.420900	-16.214900	25.000000
6.820526	2.155745	0.116503	6.806827	2.163087	0.129626	-43.420900	-15.592700	25.000000
6.820526	2.155745	0.116503	6.890399	2.154948	0.129102	-43.420900	-14.495000	25.000000
6.820430	2.155755	0.116328	6.769372	2.149070	0.155868	-43.420900	-13.872800	25.000000
6.820430	2.155755	0.116328	6.854925	2.140946	0.156602	-43.420900	-12.775100	25.000000
6.820430	2.155755	0.116328	6.861312	2.089244	0.296278	-43.420900	-12.152900	25.000000
6.820430	2.155755	0.116328	6.765419	2.114532	0.256708	-43.420900	-11.055200	25.000000
6.820430	2.155755	0.116328	6.613388	1.242877	1.107149	-43.420900	-10.433000	25.000000
6.820488	2.155749	0.116433	7.008345	1.300699	1.127014	-43.420900	-9.335350	25.000000
6.820488	2.155749	0.116433	6.941902	2.167363	5.324541	-43.420900	-8.713170	25.000000
6.820488	2.155749	0.116433	6.727555	2.100623	6.092546	-43.420900	-7.615470	25.000000
6.820488	2.155749	0.116433	5.019293	1.654571	4.686395	-43.420900	-6.993290	25.000000
6.820488	2.155749	0.116433	8.164907	1.387280	4.283287	-43.420900	-5.895590	25.000000
6.820488	2.155749	0.116433	6.976933	1.142133	3.021538	-43.420900	-5.273410	25.000000
6.820488	2.155749	0.116433	6.723838	1.173763	3.125465	-43.420900	-4.175710	25.000000
6.820488	2.155749	0.116433	6.981404	1.045659	3.257734	-43.420900	-3.553530	25.000000
6.820488	2.155749	0.116433	6.664083	1.202379	3.335834	-43.420900	-2.455830	25.000000
6.820488	2.155749	0.116433	7.795441	1.221211	2.181522	-43.420900	-1.833650	25.000000
6.820483	2.155749	0.116424	5.640470	1.221571	2.127396	-43.420900	-0.735946	25.000000
6.820483	2.155750	0.116423	4.699532	1.711702	1.078311	-43.420900	-0.113765	25.000000
6.820483	2.155749	0.116424	8.389404	2.052941	0.189480	-43.420900	0.983935	25.000000
6.820478	2.155750	0.116415	6.790847	1.885190	5.827848	-43.420900	1.606120	25.000000
6.820478	2.155750	0.116415	6.821151	2.075776	6.130154	-43.420900	2.703820	25.000000
6.820478	2.155750	0.116415	6.786752	2.078580	6.181839	-43.420900	3.326000	25.000000
6.820478	2.155750	0.116415	6.935878	2.116524	6.185195	-43.420900	4.423700	25.000000
6.820478	2.155750	0.116415	6.805116	2.145646	0.063074	-43.420900	5.045880	25.000000
6.820478	2.155750	0.116415	6.723838	2.153497	0.071307	-43.420900	6.143580	25.000000
6.820478	2.155750	0.116415	6.791531	2.164603	0.101436	-43.420900	6.765760	25.000000
6.820478	2.155750	0.116415	6.875056	2.156424	0.101405	-43.420900	7.863460	25.000000
6.820526	2.155745	0.116503	6.830527	2.143238	0.120466	-42.561000	-17.312600	25.000000
6.820526	2.155745	0.116503	6.830527	2.143238	0.120466	-42.561000	-16.214900	25.000000
6.820526	2.155745	0.116503	6.835759	2.142745	0.129102	-42.561000	-15.592700	25.000000
6.820526	2.155745	0.116503	6.835759	2.142745	0.129102	-42.561000	-14.495000	25.000000
6.820430	2.155755	0.116328	6.774688	2.148558	0.162831	-42.561000	-13.872800	25.000000
6.820430	2.155755	0.116328	6.769372	2.149070	0.155868	-42.561000	-12.775100	25.000000
6.820430	2.155755	0.116328	6.728863	2.083373	0.301257	-42.561000	-12.152900	25.000000
6.820430	2.155755	0.116328	6.875180	2.104909	0.272032	-42.561000	-11.055200	25.000000
6.820430	2.155755	0.116328	6.034103	1.407664	1.062067	-42.561000	-10.433000	25.000000
6.820488	2.155749	0.116433	7.434655	1.407318	1.088858	-42.561000	-9.335350	25.000000
6.820488	2.155749	0.116433	7.858753	2.046639	5.870775	-42.561000	-8.713170	25.000000
6.820488	2.155749	0.116433	5.470832	1.984641	4.652461	-42.561000	-7.615470	25.000000
6.820488	2.155749	0.116433	8.214358	1.456111	4.834130	-42.561000	-6.993290	25.000000
6.820488	2.155749	0.116433	5.024835	0.870038	4.566589	-42.561000	-5.895590	25.000000
6.820488	2.155749	0.116433	6.517182	0.829644	3.198074	-42.561000	-5.273410	25.000000
6.820488	2.155749	0.116433	7.021940	0.715482	3.089444	-42.561000	-4.175710	25.000000
6.820488	2.155749	0.116433	6.657507	0.888126	3.301013	-42.561000	-3.553530	25.000000
6.820488	2.155749	0.116433	6.968795	0.684266	3.189284	-42.561000	-2.455830	25.000000
6.820488	2.155749	0.116433	6.440311	0.775243	2.095996	-42.561000	-1.833650	25.000000
6.820483	2.155749	0.116424	7.237603	1.018039	1.862253	-42.561000	-0.735946	25.000000
6.820483	2.155750	0.116423	3.274523	1.677887	0.741947	-42.561000	-0.113765	25.000000
6.820483	2.155749	0.116424	9.112766	1.888881	0.867183	-42.561000	0.983935	25.000000
6.820478	2.155750	0.116415	6.984268	2.368701	0.269849	-42.561000	1.606120	25.000000
6.820478	2.155750	0.116415	6.641845	2.005972	0.202280	-42.561000	2.703820	25.000000
6.820478	2.155750	0.116415	6.725742	2.083634	6.139358	-42.561000	3.326000	25.000000
6.820478	2.155750	0.116415	6.902203	2.119489	6.109103	-42.561000	4.423700	25.000000
6.820478	2.155750	0.116415	6.858491	2.158027	0.057830	-42.561000	5.045880	25.000000
6.820478	2.155750	0.116415	6.804594	2.145696	0.061327	-42.561000	6.143580	25.000000
6.820478	2.155750	0.116415	6.818622	2.144363	0.097931	-42.561000	6.765760	25.000000
6.820478	2.155750	0.116415	6.874220	2.156505	0.099669	-42.561000	7.863460	25.000000
6.820478	2.155750	0.116415	6.824727	2.143785	0.110080	-42.561000	9.583340	25.000000
6.821258	2.155674	0.116308	6.827562	2.143518	0.115276	-41.701100	-19.654600	25.000000
6.821355	2.155665	0.116482	6.830527	2.143238	0.120466	-41.701100	-17.312600	25.000000
6.821355	2.155665	0.116482	6.830527	2.143238	0.120466	-41.701100	-16.214900	25.000000
6.821355	2.155665	0.116482	6.835759	2.142745	0.129102	-41.701100	-15.592700	25.000000
6.821355	2.155665	0.116482	6.890399	2.154948	0.129102	-41.701100	-14.495000	25.000000
6.821258	2.155674	0.116308	6.770679	2.148944	0.157610	-41.701100	-13.872800	25.000000
6.821258	2.155674	0.116308	6.857580	2.140698	0.160023	-41.701100	-12.775100	25.000000
6.821258	2.155674	0.116308	6.866032	2.122713	0.291457	-41.701100	-12.152900	25.000000
6.821258	2.155674	0.116308	6.690919	2.103833	0.303092	-41.701100	-11.055200	25.000000
6.821258	2.155674	0.116308	7.301016	1.515159	1.101014	-41.701100	-10.433000	25.000000
6.821316	2.155669	0.116412	6.365552	1.658411	0.908370	-41.701100	-9.335350	25.000000
6.821316	2.155669	0.116412	6.444851	2.135672	0.036748	-41.701100	-8.713170	25.000000
6.821316	2.155669	0.116412	6.902644	1.622974	4.547717	-41.701100	-7.615470	25.000000
6.821316	2.155669	0.116412	8.466853	1.271059	4.929181	-41.701100	-6.993290	25.000000
6.821316	2.155669	0.116412	4.600391	0.970158	5.598568	-41.701100	-5.895590	25.000000
6.821316	2.155669	0.116412	6.995206	0.337748	3.461979	-41.701100	-5.273410	25.000000
6.821316	2.155669	0.116412	6.681235	0.519429	3.241261	-41.701100	-4.175710	25.000000
6.821316	2.155669	0.116412	6.952273	0.401279	3.034595	-41.701100	-3.553530	25.000000
6.821316	2.155669	0.116412	6.647182	0.596301	3.274587	-41.701100	-2.455830	25.000000
6.821316	2.155669	0.116412	6.102236	0.691627	1.352991	-41.701100	-1.833650	25.000000
6.821311	2.155669	0.116404	7.514540	0.729929	1.781499	-41.701100	-0.735946	25.000000
6.821311	2.155669	0.116403	8.636209	1.604382	1.101967	-41.701100	-0.113765	25.000000
6.821311	2.155669	0.116404	4.110961	1.692724	0.942000	-41.701100	0.983935	25.000000
6.821306	2.155670	0.116395	6.919538	2.117959	0.418224	-41.701100	1.606120	25.000000
6.821306	2.155670	0.116395	6.783067	2.095837	0.773351	-41.701100	2.703820	25.000000
6.821306	2.155670	0.116395	6.927655	2.117245	6.082476	-41.701100	3.326000	25.000000
6.821306	2.155670	0.116395	6.735585	2.082812	6.040685	-41.701100	4.423700	25.000000
6.821306	2.155670	0.116395	6.802654	2.145880	0.054332	-41.701100	5.045880	25.000000
6.821306	2.155670	0.116395	6.857113	2.158161	0.052583	-41.701100	6.143580	25.000000
6.821306	2.155670	0.116395	6.872590	2.156662	0.096193	-41.701100	6.765760	25.000000
6.821306	2.155670	0.116395	6.789882	2.164767	0.097900	-41.701100	7.863460	25.000000
6.821355	2.155665	0.116482	6.825657	2.143698	0.111812	-41.701100	10.205500	25.000000
6.821355	2.155665	0.116482	6.826602	2.143608	0.113545	-41.701100	11.925400	25.000000
6.820526	2.155745	0.116503	6.827562	2.143518	0.115276	-40.841100	-23.094400	25.000000
6.820430	2.155755	0.116328	6.827562	2.143518	0.115276	-40.841100	-21.374500	25.000000
6.820430	2.155755	0.116328	6.828536	2.143426	0.117007	-40.841100	-20.752300	25.000000
6.820526	2.155745	0.116503	6.890399	2.154948	0.129102	-40.841100	-15.592700	25.000000
6.820526	2.155745	0.116503	6.807907	2.162980	0.131382	-40.841100	-14.495000	25.000000
6.820430	2.155755	0.116328	6.828477	2.160955	0.161092	-40.841100	-13.872800	25.000000
6.820430	2.155755	0.116328	6.853619	2.141068	0.154890	-40.841100	-12.775100	25.000000
6.820430	2.155755	0.116328	6.896376	2.120006	0.310998	-40.841100	-12.152900	25.000000
6.820430	2.155755	0.116328	6.792503	2.112124	0.276648	-40.841100	-11.055200	25.000000
6.820430	2.155755	0.116328	5.587137	1.694610	0.887605	-40.841100	-10.433000	25.000000
6.820488	2.155749	0.116433	7.824506	1.859805	0.927295	-40.841100	-9.335350	25.000000
6.820488	2.155749	0.116433	2.193399	1.061197	2.241459	-40.841100	-8.713170	25.000000
6.820488	2.155749	0.116433	9.013845	1.927794	5.326995	-40.841100	-7.615470	25.000000
6.820488	2.155749	0.116433	7.377669	0.807544	5.117281	-40.841100	-6.993290	25.000000
6.820488	2.155749	0.116433	6.229767	1.522622	5.497787	-40.841100	-5.895590	25.000000
6.820488	2.155749	0.116433	6.920838	0.077620	3.605240	-40.841100	-5.273410	25.000000
6.820488	2.155749	0.116433	6.695939	0.298417	4.348862	-40.841100	-4.175710	25.000000
6.820488	2.155749	0.116433	6.808726	0.178949	3.405384	-40.841100	-3.553530	25.000000
6.820488	2.155749	0.116433	6.876061	0.284323	2.707628	-40.841100	-2.455830	25.000000
6.820488	2.155749	0.116433	6.427099	0.512929	1.166737	-40.841100	-1.833650	25.000000
6.820483	2.155749	0.116424	7.084321	0.845393	1.232341	-40.841100	-0.735946	25.000000
6.820483	2.155750	0.116423	4.557423	1.372010	1.109151	-40.841100	-0.113765	25.000000
6.820483	2.155749	0.116424	8.547678	1.444108	1.199050	-40.841100	0.983935	25.000000
6.820478	2.155750	0.116415	5.696490	1.855502	0.694738	-40.841100	1.606120	25.000000
6.820478	2.155750	0.116415	7.912016	2.043173	0.603749	-40.841100	2.703820	25.000000
6.820478	2.155750	0.116415	7.052156	2.106542	5.986990	-40.841100	3.326000	25.000000
6.820478	2.155750	0.116415	6.563696	2.080055	5.998414	-40.841100	4.423700	25.000000
6.820478	2.155750	0.116415	6.773360	2.166416	0.049958	-40.841100	5.045880	25.000000
6.820478	2.155750	0.116415	6.800559	2.146080	0.045582	-40.841100	6.143580	25.000000
6.820478	2.155750	0.116415	6.871797	2.156739	0.094455	-40.841100	6.765760	25.000000
6.820478	2.155750	0.116415	6.872590	2.156662	0.096193	-40.841100	7.863460	25.000000
6.820478	2.155750	0.116415	6.795006	2.164258	0.108501	-40.841100	9.583340	25.000000
6.820526	2.155745	0.116503	6.827562	2.143518	0.115276	-40.841100	13.023100	25.000000
6.820526	2.155745	0.116503	6.830527	2.143238	0.120466	-39.981200	-16.214900	25.000000
6.820526	2.155745	0.116503	6.890399	2.154948	0.129102	-39.981200	-15.592700	25.000000
6.820526	2.155745	0.116503	6.806827	2.163087	0.129626	-39.981200	-14.495000	25.000000
6.820430	2.155755	0.116328	6.827152	2.161085	0.159352	-39.981200	-13.872800	25.000000
6.820430	2.155755	0.116328	6.906837	2.153375	0.153177	-39.981200	-12.775100	25.000000
6.820430	2.155755	0.116328	6.792209	2.129419	0.301435	-39.981200	-12.152900	25.000000
6.820430	2.155755	0.116328	6.900000	2.136763	0.278300	-39.981200	-11.055200	25.000000
6.820430	2.155755	0.116328	6.978539	1.831679	0.953995	-39.981200	-10.433000	25.000000
6.820488	2.155749	0.116433	6.634003	2.180722	0.562498	-39.981200	-9.335350	25.000000
6.820488	2.155749	0.116433	5.575787	0.861857	4.461680	-39.981200	-8.713170	25.000000
6.820488	2.155749	0.116433	7.438306	2.197101	6.236707	-39.981200	-7.615470	25.000000
6.820488	2.155749	0.116433	8.477618	1.038843	5.243419	-39.981200	-6.993290	25.000000
6.820488	2.155749	0.116433	4.493328	1.033436	5.350709	-39.981200	-5.895590	25.000000
6.820488	2.155749	0.116433	6.810529	0.180406	5.352617	-39.981200	-5.273410	25.000000
6.820488	2.155749	0.116433	6.814433	0.427914	5.565353	-39.981200	-4.175710	25.000000
6.820488	2.155749	0.116433	6.707347	0.046809	1.178456	-39.981200	-3.553530	25.000000
6.820488	2.155749	0.116433	6.784843	0.158310	0.725866	-39.981200	-2.455830	25.000000
6.820488	2.155749	0.116433	6.907966	0.880266	0.972377	-39.981200	-1.833650	25.000000
6.820483	2.155749	0.116424	6.679072	0.576382	0.921801	-39.981200	-0.735946	25.000000
6.820483	2.155750	0.116423	7.486935	1.008739	1.297484	-39.981200	-0.113765	25.000000
6.820483	2.155749	0.116424	6.102229	1.495342	1.024740	-39.981200	0.983935	25.000000
6.820478	2.155750	0.116415	6.615134	1.631301	0.613207	-39.981200	1.606120	25.000000
6.820478	2.155750	0.116415	7.006718	2.128798	0.220494	-39.981200	2.703820	25.000000
6.820478	2.155750	0.116415	7.100908	2.102471	5.910264	-39.981200	3.326000	25.000000
6.820478	2.155750	0.116415	6.587784	2.095466	5.956443	-39.981200	4.423700	25.000000
6.820478	2.155750	0.116415	6.771824	2.166569	0.042831	-39.981200	5.045880	25.000000
6.820478	2.155750	0.116415	6.855108	2.158356	0.043832	-39.981200	6.143580	25.000000
6.820478	2.155750	0.116415	6.817008	2.144516	0.094455	-39.981200	6.765760	25.000000
6.820478	2.155750	0.116415	6.871019	2.156814	0.092716	-39.981200	7.863460	25.000000
6.820478	2.155750	0.116415	6.795006	2.164258	0.108501	-39.981200	9.583340	25.000000
6.821258	2.155674	0.116308	6.828536	2.143426	0.117007	-39.121300	-20.752300	25.000000
6.821355	2.155665	0.116482	6.830527	2.143238	0.120466	-39.121300	-16.214900	25.000000
6.821355	2.155665	0.116482	6.834684	2.142846	0.127377	-39.121300	-15.592700	25.000000
6.821355	2.155665	0.116482	6.806827	2.163087	0.129626	-39.121300	-14.495000	25.000000
6.821258	2.155674	0.116308	6.825841	2.161214	0.157610	-39.121300	-13.872800	25.000000
6.821258	2.155674	0.116308	6.905570	2.153496	0.151463	-39.121300	-12.775100	25.000000
6.821258	2.155674	0.116308	6.814426	2.144761	0.279740	-39.121300	-12.152900	25.000000
6.821258	2.155674	0.116308	6.679551	2.139996	0.284647	-39.121300	-11.055200	25.000000
6.821258	2.155674	0.116308	7.927799	2.144082	0.849141	-39.121300	-10.433000	25.000000
6.821316	2.155669	0.116412	5.485435	2.064604	0.472907	-39.121300	-9.335350	25.000000
6.821316	2.155669	0.116412	4.980532	1.030953	0.916528	-39.121300	-8.713170	25.000000
6.821316	2.155669	0.116412	7.929950	1.999997	5.459533	-39.121300	-7.615470	25.000000
6.821316	2.155669	0.116412	7.485987	1.129109	5.308588	-39.121300	-6.993290	25.000000
6.821316	2.155669	0.116412	6.095900	0.715744	5.355890	-39.121300	-5.895590	25.000000
6.821316	2.155669	0.116412	6.849818	0.613670	5.751461	-39.121300	-5.273410	25.000000
6.821316	2.155669	0.116412	6.857995	0.505585	6.011916	-39.121300	-4.175710	25.000000
6.821316	2.155669	0.116412	6.822492	0.464376	0.190977	-39.121300	-3.553530	25.000000
6.821316	2.155669	0.116412	6.809963	0.389458	0.258111	-39.121300	-2.455830	25.000000
6.821316	2.155669	0.116412	6.968501	0.849827	0.812419	-39.121300	-1.833650	25.000000
6.821311	2.155669	0.116404	6.697761	0.705252	0.671144	-39.121300	-0.735946	25.000000
6.821311	2.155669	0.116403	7.598684	1.331640	1.076855	-39.121300	-0.113765	25.000000
6.821311	2.155669	0.116404	5.971599	0.790726	0.818719	-39.121300	0.983935	25.000000
6.821306	2.155670	0.116395	6.606733	1.531432	6.261068	-39.121300	1.606120	25.000000
6.821306	2.155670	0.116395	6.931086	2.314015	0.036063	-39.121300	2.703820	25.000000
6.821306	2.155670	0.116395	6.773743	2.131124	5.938286	-39.121300	3.326000	25.000000
6.821306	2.155670	0.116395	6.782190	2.113038	5.821077	-39.121300	4.423700	25.000000
6.821306	2.155670	0.116395	6.854144	2.158449	0.038928	-39.121300	5.045880	25.000000
6.821306	2.155670	0.116395	6.854079	2.158455	0.038577	-39.121300	6.143580	25.000000
6.821306	2.155670	0.116395	6.871797	2.156739	0.094455	-39.121300	6.765760	25.000000
6.821306	2.155670	0.116395	6.871019	2.156814	0.092716	-39.121300	7.863460	25.000000
6.820430	2.155755	0.116328	6.827562	2.143518	0.115276	-38.261300	-22.472200	25.000000
6.820430	2.155755	0.116328	6.828536	2.143426	0.117007	-38.261300	-20.752300	25.000000
6.820526	2.155745	0.116503	6.806827	2.163087	0.129626	-38.261300	-15.592700	25.000000
6.820526	2.155745	0.116503	6.751511	2.150798	0.129626	-38.261300	-14.495000	25.000000
6.820430	2.155755	0.116328	6.823262	2.161467	0.154125	-38.261300	-13.872800	25.000000
6.820430	2.155755	0.116328	6.821994	2.161592	0.152381	-38.261300	-12.775100	25.000000
6.820430	2.155755	0.116328	6.860146	2.157866	0.273009	-38.261300	-12.152900	25.000000
6.820430	2.155755	0.116328	6.781217	2.147931	0.254368	-38.261300	-11.055200	25.000000
6.820430	2.155755	0.116328	6.519202	1.964360	0.844154	-38.261300	-10.433000	25.000000
6.820488	2.155749	0.116433	7.096478	2.204140	0.636508	-38.261300	-9.335350	25.000000
6.820488	2.155749	0.116433	7.788132	2.444249	0.348942	-38.261300	-8.713170	25.000000
6.820488	2.155749	0.116433	5.477591	0.910427	0.324675	-38.261300	-7.615470	25.000000
6.820488	2.155749	0.116433	7.653757	0.958338	5.384636	-38.261300	-6.993290	25.000000
6.820488	2.155749	0.116433	5.872819	0.867089	5.769579	-38.261300	-5.895590	25.000000
6.820488	2.155749	0.116433	6.793386	0.806749	6.075794	-38.261300	-5.273410	25.000000
6.820488	2.155749	0.116433	6.849088	0.773566	6.093986	-38.261300	-4.175710	25.000000
6.820488	2.155749	0.116433	6.755768	0.861506	0.101610	-38.261300	-3.553530	25.000000
6.820488	2.155749	0.116433	6.781895	0.864808	0.153681	-38.261300	-2.455830	25.000000
6.820488	2.155749	0.116433	6.600788	0.799749	0.431523	-38.261300	-1.833650	25.000000
6.820483	2.155749	0.116424	6.967668	0.941678	0.516064	-38.261300	-0.735946	25.000000
6.820483	2.155750	0.116423	6.880407	0.818799	0.743170	-38.261300	-0.113765	25.000000
6.820483	2.155749	0.116424	6.842514	1.497659	0.608325	-38.261300	0.983935	25.000000
6.820478	2.155750	0.116415	7.416506	1.674806	5.921812	-38.261300	1.606120	25.000000
6.820478	2.155750	0.116415	6.170984	2.173863	0.598153	-38.261300	2.703820	25.000000
6.820478	2.155750	0.116415	6.905512	2.153502	5.797819	-38.261300	3.326000	25.000000
6.820478	2.155750	0.116415	6.682095	2.157620	5.919366	-38.261300	4.423700	25.000000
6.820478	2.155750	0.116415	6.854111	2.158452	0.038753	-38.261300	5.045880	25.000000
6.820478	2.155750	0.116415	6.853496	2.158512	0.035249	-38.261300	6.143580	25.000000
6.820478	2.155750	0.116415	6.871019	2.156814	0.092716	-38.261300	6.765760	25.000000
6.820478	2.155750	0.116415	6.871797	2.156739	0.094455	-38.261300	7.863460	25.000000
6.820478	2.155750	0.116415	6.795006	2.164258	0.108501	-38.261300	8.485640	25.000000
6.820526	2.155745	0.116503	6.826602	2.143608	0.113545	-38.261300	10.205500	25.000000
6.821258	2.155674	0.116308	6.903079	2.153734	0.148032	-37.401400	-13.872800	25.000000
6.821258	2.155674	0.116308	6.901855	2.153851	0.146315	-37.401400	-12.775100	25.000000
6.821258	2.155674	0.116308	6.814132	2.162366	0.235545	-37.401400	-12.152900	25.000000
6.821258	2.155674	0.116308	6.840504	2.159778	0.257771	-37.401400	-11.055200	25.000000
6.821258	2.155674	0.116308	7.058328	2.025502	0.908370	-37.401400	-10.433000	25.000000
6.821316	2.155669	0.116412	6.592420	2.026283	0.917160	-37.401400	-9.335350	25.000000
6.821316	2.155669	0.116412	6.699403	1.681480	6.150634	-37.401400	-8.713170	25.000000
6.821316	2.155669	0.116412	6.971980	1.691572	5.791103	-37.401400	-7.615470	25.000000
6.821316	2.155669	0.116412	7.091572	0.864977	5.698266	-37.401400	-6.993290	25.000000
6.821316	2.155669	0.116412	6.448907	1.304033	6.085790	-37.401400	-5.895590	25.000000
6.821316	2.155669	0.116412	7.102637	0.866304	0.066015	-37.401400	-5.273410	25.000000
6.821316	2.155669	0.116412	6.643899	1.168713	6.215420	-37.401400	-4.175710	25.000000
6.821316	2.155669	0.116412	6.772363	1.374631	0.113151	-37.401400	-3.553530	25.000000
6.821316	2.155669	0.116412	6.861924	1.368306	0.080423	-37.401400	-2.455830	25.000000
6.821316	2.155669	0.116412	6.464333	0.961401	0.338455	-37.401400	-1.833650	25.000000
6.821311	2.155669	0.116404	7.199139	1.140966	0.116395	-37.401400	-0.735946	25.000000
6.821311	2.155669	0.116403	6.710864	1.075436	0.560754	-37.401400	-0.113765	25.000000
6.821311	2.155669	0.116404	6.931125	1.654575	0.176098	-37.401400	0.983935	25.000000
6.821306	2.155670	0.116395	5.758689	0.971133	0.388319	-37.401400	1.606120	25.000000
6.821306	2.155670	0.116395	7.632274	2.292086	0.748378	-37.401400	2.703820	25.000000
6.821306	2.155670	0.116395	6.572070	2.187323	5.821206	-37.401400	3.326000	25.000000
6.821306	2.155670	0.116395	7.089069	2.187507	5.917129	-37.401400	4.423700	25.000000
6.821306	2.155670	0.116395	6.854785	2.158387	0.042256	-37.401400	5.045880	25.000000
6.821306	2.155670	0.116395	6.770125	2.166739	0.033202	-37.401400	6.143580	25.000000
6.821306	2.155670	0.116395	6.788291	2.164926	0.094362	-37.401400	6.765760	25.000000
6.821306	2.155670	0.116395	6.871797	2.156739	0.094455	-37.401400	7.863460	25.000000
6.821306	2.155670	0.116395	6.795006	2.164258	0.108501	-37.401400	8.485640	25.000000
6.821306	2.155670	0.116395	6.822910	2.143957	0.106612	-37.401400	9.583340	25.000000
6.821355	2.155665	0.116482	6.825657	2.143698	0.111812	-37.401400	11.303200	25.000000
6.821355	2.155665	0.116482	6.826602	2.143608	0.113545	-37.401400	13.023100	25.000000
6.820526	2.155745	0.116503	6.828536	2.143426	0.117007	-36.541400	-19.032500	25.000000
6.820430	2.155755	0.116328	6.818277	2.161958	0.147143	-36.541400	-13.872800	25.000000
6.820430	2.155755	0.116328	6.817067	2.162077	0.145395	-36.541400	-12.775100	25.000000
6.820430	2.155755	0.116328	6.775515	2.184136	0.225717	-36.541400	-12.152900	25.000000
6.820430	2.155755	0.116328	6.895100	2.154497	0.231489	-36.541400	-11.055200	25.000000
6.820430	2.155755	0.116328	6.368673	1.991331	1.107149	-36.541400	-10.433000	25.000000
6.820488	2.155749	0.116433	7.267049	2.089076	0.863888	-36.541400	-9.335350	25.000000
6.820488	2.155749	0.116433	7.035482	1.023687	0.053283	-36.541400	-8.713170	25.000000
6.820488	2.155749	0.116433	6.404225	2.456703	5.664371	-36.541400	-7.615470	25.000000
6.820488	2.155749	0.116433	6.892061	1.118831	0.003226	-36.541400	-6.993290	25.000000
6.820488	2.155749	0.116433	6.673275	1.578289	6.054926	-36.541400	-5.895590	25.000000
6.820488	2.155749	0.116433	7.360965	1.161411	0.274435	-36.541400	-5.273410	25.000000
6.820488	2.155749	0.116433	6.363529	1.231155	0.001667	-36.541400	-4.175710	25.000000
6.820488	2.155749	0.116433	6.657935	1.533238	0.126592	-36.541400	-3.553530	25.000000
6.820488	2.155749	0.116433	6.966412	1.455706	0.076661	-36.541400	-2.455830	25.000000
6.820488	2.155749	0.116433	6.826573	1.319121	0.059022	-36.541400	-1.833650	25.000000
6.820483	2.155749	0.116424	6.752140	1.164260	0.024189	-36.541400	-0.735946	25.000000
6.820483	2.155750	0.116423	6.226757	1.166401	0.338324	-36.541400	-0.113765	25.000000
6.820483	2.155749	0.116424	7.371737	1.358953	0.507099	-36.541400	0.983935	25.000000
6.820478	2.155750	0.116415	5.784963	2.188193	0.084902	-36.541400	1.606120	25.000000
6.820478	2.155750	0.116415	7.476962	1.162456	1.244438	-36.541400	2.703820	25.000000
6.820478	2.155750	0.116415	7.054963	2.190939	5.936646	-36.541400	3.326000	25.000000
6.820478	2.155750	0.116415	6.566613	2.225775	5.884849	-36.541400	4.423700	25.000000
6.820478	2.155750	0.116415	6.855671	2.158301	0.046458	-36.541400	5.045880	25.000000
6.820478	2.155750	0.116415	6.770264	2.166725	0.034094	-36.541400	6.143580	25.000000
6.820478	2.155750	0.116415	6.789079	2.164847	0.096131	-36.541400	6.765760	25.000000
6.820478	2.155750	0.116415	6.816223	2.144591	0.092716	-36.541400	7.863460	25.000000
6.820478	2.155750	0.116415	6.795006	2.164258	0.108501	-36.541400	8.485640	25.000000
6.820478	2.155750	0.116415	6.822910	2.143957	0.106612	-36.541400	9.583340	25.000000
6.820526	2.155745	0.116503	6.830527	2.143238	0.120466	-35.681500	-16.214900	25.000000
6.820526	2.155745	0.116503	6.750437	2.150902	0.127870	-35.681500	-15.592700	25.000000
6.820526	2.155745	0.116503	6.832576	2.143044	0.123923	-35.681500	-14.495000	25.000000
6.820430	2.155755	0.116328	6.814690	2.162311	0.141897	-35.681500	-13.872800	25.000000
6.820430	2.155755	0.116328	6.817067	2.162077	0.145395	-35.681500	-12.775100	25.000000
6.820430	2.155755	0.116328	6.853678	2.176131	0.220016	-35.681500	-12.152900	25.000000
6.820430	2.155755	0.116328	6.778230	2.165929	0.200890	-35.681500	-11.055200	25.000000
6.820430	2.155755	0.116328	6.968501	2.147556	0.664046	-35.681500	-10.433000	25.000000
6.820488	2.155749	0.116433	6.800735	2.163690	0.923749	-35.681500	-9.335350	25.000000
6.820488	2.155749	0.116433	5.895871	0.599721	5.835665	-35.681500	-8.713170	25.000000
6.820488	2.155749	0.116433	7.406059	2.216048	5.658614	-35.681500	-7.615470	25.000000
6.820488	2.155749	0.116433	6.608094	1.294917	5.901219	-35.681500	-6.993290	25.000000
6.820488	2.155749	0.116433	7.053340	1.051558	6.012064	-35.681500	-5.895590	25.000000
6.820488	2.155749	0.116433	6.771004	1.269400	0.142772	-35.681500	-5.273410	25.000000
6.820488	2.155749	0.116433	6.868224	1.238579	0.244232	-35.681500	-4.175710	25.000000
6.820488	2.155749	0.116433	6.494806	1.192297	0.107912	-35.681500	-3.553530	25.000000
6.820488	2.155749	0.116433	7.080120	1.117595	0.143452	-35.681500	-2.455830	25.000000
6.820488	2.155749	0.116433	6.834671	1.172630	6.280804	-35.681500	-1.833650	25.000000
6.820483	2.155749	0.116424	6.826496	1.261178	0.024149	-35.681500	-0.735946	25.000000
6.820483	2.155750	0.116423	6.466065	0.883979	0.643501	-35.681500	-0.113765	25.000000
6.820483	2.155749	0.116424	7.218726	1.275618	0.600050	-35.681500	0.983935	25.000000
6.820478	2.155750	0.116415	7.817858	1.334525	1.001040	-35.681500	1.606120	25.000000
6.820478	2.155750	0.116415	5.495489	2.047168	6.097837	-35.681500	2.703820	25.000000
6.820478	2.155750	0.116415	7.055785	2.226137	5.957478	-35.681500	3.326000	25.000000
6.820478	2.155750	0.116415	6.616767	2.258483	5.993602	-35.681500	4.423700	25.000000
6.820478	2.155750	0.116415	6.829561	2.178577	0.048177	-35.681500	5.045880	25.000000
6.820478	2.155750	0.116415	6.771477	2.166604	0.041048	-35.681500	6.143580	25.000000
6.820478	2.155750	0.116415	6.789882	2.164767	0.097900	-35.681500	6.765760	25.000000
6.820478	2.155750	0.116415	6.870255	2.156888	0.090976	-35.681500	7.863460	25.000000
6.820478	2.155750	0.116415	6.795006	2.164258	0.108501	-35.681500	9.583340	25.000000
6.820526	2.155745	0.116503	6.826602	2.143608	0.113545	-35.681500	13.023100	25.000000
6.821258	2.155674	0.116308	6.828536	2.143426	0.117007	-34.821600	-20.752300	25.000000
6.821355	2.155665	0.116482	6.805762	2.163192	0.127870	-34.821600	-15.592700	25.000000
6.821355	2.155665	0.116482	6.804712	2.163296	0.126113	-34.821600	-14.495000	25.000000
6.821258	2.155674	0.116308	6.813523	2.162426	0.140147	-34.821600	-13.872800	25.000000
6.821258	2.155674	0.116308	6.759438	2.150030	0.141897	-34.821600	-12.775100	25.000000
6.821258	2.155674	0.116308	6.763941	2.167360	0.185128	-34.821600	-12.152900	25.000000
6.821258	2.155674	0.116308	6.862915	2.157598	0.200827	-34.821600	-11.055200	25.000000
6.821258	2.155674	0.116308	6.428841	2.222625	0.533708	-34.821600	-10.433000	25.000000
6.821316	2.155669	0.116412	7.174260	2.213504	0.612152	-34.821600	-9.335350	25.000000
6.821316	2.155669	0.116412	6.309992	1.545437	0.404059	-34.821600	-8.713170	25.000000
6.821316	2.155669	0.116412	7.209341	1.815986	5.508909	-34.821600	-7.615470	25.000000
6.821316	2.155669	0.116412	7.181922	0.781133	5.854921	-34.821600	-6.993290	25.000000
6.821316	2.155669	0.116412	6.435060	1.137818	5.619139	-34.821600	-5.895590	25.000000
6.821316	2.155669	0.116412	6.809266	1.030948	0.118409	-34.821600	-5.273410	25.000000
6.821316	2.155669	0.116412	6.818541	1.048767	0.059253	-34.821600	-4.175710	25.000000
6.821316	2.155669	0.116412	6.574382	1.009399	0.153332	-34.821600	-3.553530	25.000000
6.821316	2.155669	0.116412	6.917369	0.954209	0.124355	-34.821600	-2.455830	25.000000
6.821316	2.155669	0.116412	6.744249	0.935895	0.105166	-34.821600	-1.833650	25.000000
6.821311	2.155669	0.116404	6.897108	1.004563	0.084283	-34.821600	-0.735946	25.000000
6.821311	2.155669	0.116403	7.333485	1.073259	0.840288	-34.821600	-0.113765	25.000000
6.821311	2.155669	0.116404	6.367103	0.829362	0.463648	-34.821600	0.983935	25.000000
6.821306	2.155670	0.116395	6.907880	1.443058	0.472786	-34.821600	1.606120	25.000000
6.821306	2.155670	0.116395	6.660150	2.264807	6.066635	-34.821600	2.703820	25.000000
6.821306	2.155670	0.116395	6.675185	2.290494	6.064300	-34.821600	3.326000	25.000000
6.821306	2.155670	0.116395	7.039489	2.227917	6.032985	-34.821600	4.423700	25.000000
6.821306	2.155670	0.116395	6.772186	2.166533	0.044613	-34.821600	5.045880	25.000000
6.821306	2.155670	0.116395	6.831720	2.178357	0.057081	-34.821600	6.143580	25.000000
6.821306	2.155670	0.116395	6.789882	2.164767	0.097900	-34.821600	6.765760	25.000000
6.821306	2.155670	0.116395	6.789079	2.164847	0.096131	-34.821600	7.863460	25.000000
6.821306	2.155670	0.116395	6.795006	2.164258	0.108501	-34.821600	9.583340	25.000000
6.820430	2.155755	0.116328	6.827562	2.143518	0.115276	-33.961600	-21.374500	25.000000
6.820526	2.155745	0.116503	6.827562	2.143518	0.115276	-33.961600	-19.032500	25.000000
6.820526	2.155745	0.116503	6.803675	2.163399	0.124355	-33.961600	-15.592700	25.000000
6.820526	2.155745	0.116503	6.803675	2.163399	0.124355	-33.961600	-14.495000	25.000000
6.820430	2.155755	0.116328	6.812371	2.162540	0.138395	-33.961600	-13.872800	25.000000
6.820430	2.155755	0.116328	6.894810	2.154525	0.135997	-33.961600	-12.775100	25.000000
6.820430	2.155755	0.116328	6.823672	2.179177	0.188639	-33.961600	-12.152900	25.000000
6.820430	2.155755	0.116328	6.753636	2.168396	0.172805	-33.961600	-11.055200	25.000000
6.820430	2.155755	0.116328	6.665583	2.233309	0.369906	-33.961600	-10.433000	25.000000
6.820488	2.155749	0.116433	6.928232	2.222089	0.475011	-33.961600	-9.335350	25.000000
6.820488	2.155749	0.116433	6.454154	1.902201	0.031137	-33.961600	-8.713170	25.000000
6.820488	2.155749	0.116433	7.217347	2.226406	0.771802	-33.961600	-7.615470	25.000000
6.820488	2.155749	0.116433	7.930952	0.712806	5.689835	-33.961600	-6.993290	25.000000
6.820488	2.155749	0.116433	5.569282	1.588753	6.126303	-33.961600	-5.895590	25.000000
6.820488	2.155749	0.116433	6.528752	0.851806	6.211269	-33.961600	-5.273410	25.000000
6.820488	2.155749	0.116433	7.102451	0.749336	0.125175	-33.961600	-4.175710	25.000000
6.820488	2.155749	0.116433	7.066746	1.003054	0.139761	-33.961600	-3.553530	25.000000
6.820488	2.155749	0.116433	6.673298	0.983096	0.139096	-33.961600	-2.455830	25.000000
6.820488	2.155749	0.116433	7.004463	0.927773	6.238572	-33.961600	-1.833650	25.000000
6.820483	2.155749	0.116424	6.636784	0.762311	0.190977	-33.961600	-0.735946	25.000000
6.820483	2.155750	0.116423	7.412152	0.754618	0.560687	-33.961600	-0.113765	25.000000
6.820483	2.155749	0.116424	6.161980	1.473271	0.419880	-33.961600	0.983935	25.000000
6.820478	2.155750	0.116415	5.800181	2.308233	0.208816	-33.961600	1.606120	25.000000
6.820478	2.155750	0.116415	7.708203	1.998895	5.828466	-33.961600	2.703820	25.000000
6.820478	2.155750	0.116415	6.802213	2.293679	6.083867	-33.961600	3.326000	25.000000
6.820478	2.155750	0.116415	6.799566	2.236594	6.150016	-33.961600	4.423700	25.000000
6.820478	2.155750	0.116415	6.748637	2.186943	0.052678	-33.961600	5.045880	25.000000
6.820478	2.155750	0.116415	6.777138	2.166038	0.064197	-33.961600	6.143580	25.000000
6.820478	2.155750	0.116415	6.789882	2.164767	0.097900	-33.961600	6.765760	25.000000
6.820478	2.155750	0.116415	6.872590	2.156662	0.096193	-33.961600	7.863460	25.000000
6.820526	2.155745	0.116503	6.826602	2.143608	0.113545	-33.961600	11.925400	25.000000
6.821258	2.155674	0.116308	6.828536	2.143426	0.117007	-33.101700	-17.934700	25.000000
6.821355	2.155665	0.116482	6.803675	2.163399	0.124355	-33.101700	-14.495000	25.000000
6.821258	2.155674	0.116308	6.810110	2.162763	0.134890	-33.101700	-13.872800	25.000000
6.821258	2.155674	0.116308	6.753703	2.150586	0.133136	-33.101700	-12.775100	25.000000
6.821258	2.155674	0.116308	6.891415	2.172347	0.169778	-33.101700	-12.152900	25.000000
6.821258	2.155674	0.116308	6.829817	2.160824	0.162831	-33.101700	-11.055200	25.000000
6.821258	2.155674	0.116308	6.708979	2.228273	0.282438	-33.101700	-10.433000	25.000000
6.821316	2.155669	0.116412	6.891415	2.226168	0.366911	-33.101700	-9.335350	25.000000
6.821316	2.155669	0.116412	5.866856	2.297957	0.963809	-33.101700	-8.713170	25.000000
6.821316	2.155669	0.116412	7.603289	2.323911	0.487836	-33.101700	-7.615470	25.000000
6.821316	2.155669	0.116412	6.366465	1.558858	5.641569	-33.101700	-6.993290	25.000000
6.821316	2.155669	0.116412	7.176106	1.513631	0.466144	-33.101700	-5.895590	25.000000
6.821316	2.155669	0.116412	6.882122	0.838743	0.086061	-33.101700	-5.273410	25.000000
6.821316	2.155669	0.116412	6.667841	0.767177	0.110419	-33.101700	-4.175710	25.000000
6.821316	2.155669	0.116412	6.614560	0.822601	0.140730	-33.101700	-3.553530	25.000000
6.821316	2.155669	0.116412	6.951755	0.808653	0.226650	-33.101700	-2.455830	25.000000
6.821316	2.155669	0.116412	6.722938	0.817256	6.249117	-33.101700	-1.833650	25.000000
6.821311	2.155669	0.116404	6.933006	0.806069	6.250597	-33.101700	-0.735946	25.000000
6.821311	2.155669	0.116403	7.084928	1.181347	0.654486	-33.101700	-0.113765	25.000000
6.821311	2.155669	0.116404	6.530972	1.656647	6.237064	-33.101700	0.983935	25.000000
6.821306	2.155670	0.116395	5.133225	2.433735	6.132814	-33.101700	1.606120	25.000000
6.821306	2.155670	0.116395	8.212892	2.288296	6.114317	-33.101700	2.703820	25.000000
6.821306	2.155670	0.116395	6.769963	2.278288	6.150634	-33.101700	3.326000	25.000000
6.821306	2.155670	0.116395	6.850518	2.230765	6.216617	-33.101700	4.423700	25.000000
6.821306	2.155670	0.116395	6.889768	2.190226	0.058861	-33.101700	5.045880	25.000000
6.821306	2.155670	0.116395	6.835357	2.177987	0.069531	-33.101700	6.143580	25.000000
6.821306	2.155670	0.116395	6.789882	2.164767	0.097900	-33.101700	6.765760	25.000000
6.821306	2.155670	0.116395	6.873398	2.156584	0.097931	-33.101700	7.863460	25.000000
6.821355	2.155665	0.116482	6.825657	2.143698	0.111812	-33.101700	11.303200	25.000000
6.820430	2.155755	0.116328	6.809001	2.162872	0.133136	-32.241700	-13.872800	25.000000
6.820430	2.155755	0.116328	6.834684	2.142846	0.127377	-32.241700	-12.775100	25.000000
6.820430	2.155755	0.116328	6.794527	2.182168	0.151556	-32.241700	-12.152900	25.000000
6.820430	2.155755	0.116328	6.829817	2.160824	0.162831	-32.241700	-11.055200	25.000000
6.820430	2.155755	0.116328	6.881163	2.191118	0.267505	-32.241700	-10.433000	25.000000
6.820488	2.155749	0.116433	6.673537	2.232380	0.251427	-32.241700	-9.335350	25.000000
6.820488	2.155749	0.116433	7.366139	2.298566	0.927295	-32.241700	-8.713170	25.000000
6.820488	2.155749	0.116433	6.174140	2.461376	0.968509	-32.241700	-7.615470	25.000000
6.820488	2.155749	0.116433	6.559337	2.312267	0.124355	-32.241700	-6.993290	25.000000
6.820488	2.155749	0.116433	7.037572	1.415287	6.160043	-32.241700	-5.895590	25.000000
6.820488	2.155749	0.116433	6.579483	0.796598	6.240870	-32.241700	-5.273410	25.000000
6.820488	2.155749	0.116433	7.003642	1.159506	0.078122	-32.241700	-4.175710	25.000000
6.820488	2.155749	0.116433	7.060000	0.555080	0.255409	-32.241700	-3.553530	25.000000
6.820488	2.155749	0.116433	6.719829	0.685932	0.162831	-32.241700	-2.455830	25.000000
6.820488	2.155749	0.116433	6.770849	0.956971	0.112253	-32.241700	-1.833650	25.000000
6.820483	2.155749	0.116424	6.860496	0.640677	0.019510	-32.241700	-0.735946	25.000000
6.820483	2.155750	0.116423	6.584997	2.006301	0.354066	-32.241700	-0.113765	25.000000
6.820483	2.155749	0.116424	7.051813	1.206425	0.345270	-32.241700	0.983935	25.000000
6.820478	2.155750	0.116415	7.613416	2.545413	5.996210	-32.241700	1.606120	25.000000
6.820478	2.155750	0.116415	5.910677	2.361116	5.864717	-32.241700	2.703820	25.000000
6.820478	2.155750	0.116415	6.902117	2.262027	6.201293	-32.241700	3.326000	25.000000
6.820478	2.155750	0.116415	6.780401	2.220165	6.271704	-32.241700	4.423700	25.000000
6.820478	2.155750	0.116415	6.833711	2.178155	0.064197	-32.241700	5.045880	25.000000
6.820478	2.155750	0.116415	6.837755	2.177744	0.076635	-32.241700	6.143580	25.000000
6.820478	2.155750	0.116415	6.790700	2.164686	0.099669	-32.241700	6.765760	25.000000
6.820478	2.155750	0.116415	6.791531	2.164603	0.101436	-32.241700	7.863460	25.000000
6.820526	2.155745	0.116503	6.828536	2.143426	0.117007	-31.381800	-19.032500	25.000000
6.820430	2.155755	0.116328	6.828536	2.143426	0.117007	-31.381800	-17.934700	25.000000
6.820526	2.155745	0.116503	6.828536	2.143426	0.117007	-31.381800	-17.312600	25.000000
6.820430	2.155755	0.116328	6.835759	2.142745	0.129102	-31.381800	-13.872800	25.000000
6.820430	2.155755	0.116328	6.805762	2.163192	0.127870	-31.381800	-12.775100	25.000000
6.820430	2.155755	0.116328	6.817067	2.162077	0.145395	-31.381800	-12.152900	25.000000
6.820430	2.155755	0.116328	6.876954	2.173791	0.150636	-31.381800	-11.055200	25.000000
6.820430	2.155755	0.116328	6.806350	2.198993	0.197396	-31.381800	-10.433000	25.000000
6.820488	2.155749	0.116433	6.903622	2.206683	0.236245	-31.381800	-9.335350	25.000000
6.820488	2.155749	0.116433	7.408779	2.311592	0.694738	-31.381800	-8.713170	25.000000
6.820488	2.155749	0.116433	6.133514	2.443830	0.623199	-31.381800	-7.615470	25.000000
6.820488	2.155749	0.116433	6.686417	2.563523	0.503563	-31.381800	-6.993290	25.000000
6.820488	2.155749	0.116433	6.915746	1.556336	6.100538	-31.381800	-5.895590	25.000000
6.820488	2.155749	0.116433	6.790272	1.412558	6.242909	-31.381800	-5.273410	25.000000
6.820488	2.155749	0.116433	6.837463	0.985032	6.097837	-31.381800	-4.175710	25.000000
6.820488	2.155749	0.116433	6.900935	0.760430	0.154088	-31.381800	-3.553530	25.000000
6.820488	2.155749	0.116433	6.816341	0.849740	0.088007	-31.381800	-2.455830	25.000000
6.820488	2.155749	0.116433	6.847452	0.999947	0.403069	-31.381800	-1.833650	25.000000
6.820483	2.155749	0.116424	6.774223	1.027846	0.001724	-31.381800	-0.735946	25.000000
6.820483	2.155750	0.116423	7.067652	2.087250	0.700155	-31.381800	-0.113765	25.000000
6.820483	2.155749	0.116424	6.560899	1.502154	6.165273	-31.381800	0.983935	25.000000
6.820478	2.155750	0.116415	7.340272	2.504426	5.569095	-31.381800	1.606120	25.000000
6.820478	2.155750	0.116415	6.155721	2.491467	5.800332	-31.381800	2.703820	25.000000
6.820478	2.155750	0.116415	6.763312	2.240811	0.020997	-31.381800	3.326000	25.000000
6.820478	2.155750	0.116415	6.862130	2.211154	6.252322	-31.381800	4.423700	25.000000
6.820478	2.155750	0.116415	6.841082	2.177406	0.085505	-31.381800	5.045880	25.000000
6.820478	2.155750	0.116415	6.835357	2.177987	0.069531	-31.381800	6.143580	25.000000
6.820478	2.155750	0.116415	6.819450	2.144285	0.099669	-31.381800	6.765760	25.000000
6.820478	2.155750	0.116415	6.930000	2.168530	0.099669	-31.381800	7.863460	25.000000
6.821355	2.155665	0.116482	6.829524	2.143332	0.118737	-30.521900	-14.495000	25.000000
6.821258	2.155674	0.116308	6.805762	2.163192	0.127870	-30.521900	-13.872800	25.000000
6.821258	2.155674	0.116308	6.805762	2.163192	0.127870	-30.521900	-12.775100	25.000000
6.821258	2.155674	0.116308	6.818277	2.161958	0.147143	-30.521900	-12.152900	25.000000
6.821258	2.155674	0.116308	6.867525	2.174737	0.136643	-30.521900	-11.055200	25.000000
6.821258	2.155674	0.116308	6.727080	2.189214	0.172347	-30.521900	-10.433000	25.000000
6.821316	2.155669	0.116412	6.814463	2.198128	0.206283	-30.521900	-9.335350	25.000000
6.821316	2.155669	0.116412	7.028400	2.322581	0.460163	-30.521900	-8.713170	25.000000
6.821316	2.155669	0.116412	6.621208	2.277629	0.306676	-30.521900	-7.615470	25.000000
6.821316	2.155669	0.116412	7.251627	2.027821	0.047656	-30.521900	-6.993290	25.000000
6.821316	2.155669	0.116412	6.379851	2.497078	0.533708	-30.521900	-5.895590	25.000000
6.821316	2.155669	0.116412	6.875936	1.374659	6.168762	-30.521900	-5.273410	25.000000
6.821316	2.155669	0.116412	6.755598	1.696952	0.023876	-30.521900	-4.175710	25.000000
6.821316	2.155669	0.116412	6.871048	1.310256	0.108661	-30.521900	-3.553530	25.000000
6.821316	2.155669	0.116412	6.853612	1.314106	0.093665	-30.521900	-2.455830	25.000000
6.821316	2.155669	0.116412	6.819399	1.510637	0.045557	-30.521900	-1.833650	25.000000
6.821311	2.155669	0.116404	6.897572	1.392987	0.236404	-30.521900	-0.735946	25.000000
6.821311	2.155669	0.116403	6.821775	1.807545	5.920461	-30.521900	-0.113765	25.000000
6.821311	2.155669	0.116404	6.840787	2.434335	0.587316	-30.521900	0.983935	25.000000
6.821306	2.155670	0.116395	7.126682	2.368308	5.947459	-30.521900	1.606120	25.000000
6.821306	2.155670	0.116395	6.548046	2.540421	6.046065	-30.521900	2.703820	25.000000
6.821306	2.155670	0.116395	6.865499	2.210788	0.049777	-30.521900	3.326000	25.000000
6.821306	2.155670	0.116395	6.841056	2.231839	0.001296	-30.521900	4.423700	25.000000
6.821306	2.155670	0.116395	6.838392	2.177679	0.078410	-30.521900	5.045880	25.000000
6.821306	2.155670	0.116395	6.787518	2.165003	0.092592	-30.521900	6.143580	25.000000
6.821306	2.155670	0.116395	6.792378	2.164519	0.103203	-30.521900	6.765760	25.000000
6.821306	2.155670	0.116395	6.848825	2.176622	0.103203	-30.521900	7.863460	25.000000
6.821306	2.155670	0.116395	6.824727	2.143785	0.110080	-30.521900	8.485640	25.000000
6.820430	2.155755	0.116328	6.827562	2.143518	0.115276	-29.661900	-21.374500	25.000000
6.820526	2.155745	0.116503	6.827562	2.143518	0.115276	-29.661900	-19.032500	25.000000
6.820430	2.155755	0.116328	6.804712	2.163296	0.126113	-29.661900	-13.872800	25.000000
6.820430	2.155755	0.116328	6.750437	2.150902	0.127870	-29.661900	-12.775100	25.000000
6.820430	2.155755	0.116328	6.810110	2.162763	0.134890	-29.661900	-12.152900	25.000000
6.820430	2.155755	0.116328	6.814690	2.162311	0.141897	-29.661900	-11.055200	25.000000
6.820430	2.155755	0.116328	6.854896	2.193858	0.155108	-29.661900	-10.433000	25.000000
6.820488	2.155749	0.116433	6.875325	2.191725	0.181613	-29.661900	-9.335350	25.000000
6.820488	2.155749	0.116433	6.689126	2.268989	0.220362	-29.661900	-8.713170	25.000000
6.820488	2.155749	0.116433	6.868945	2.266029	0.324149	-29.661900	-7.615470	25.000000
6.820488	2.155749	0.116433	6.086050	2.595216	0.605545	-29.661900	-6.993290	25.000000
6.820488	2.155749	0.116433	7.436397	2.509584	0.849825	-29.661900	-5.895590	25.000000
6.820488	2.155749	0.116433	6.360535	2.211094	6.267500	-29.661900	-5.273410	25.000000
6.820488	2.155749	0.116433	7.236712	2.044301	0.449760	-29.661900	-4.175710	25.000000
6.820488	2.155749	0.116433	6.782743	1.973788	0.112427	-29.661900	-3.553530	25.000000
6.820488	2.155749	0.116433	6.849803	1.924096	0.198921	-29.661900	-2.455830	25.000000
6.820488	2.155749	0.116433	6.836385	2.125385	0.063535	-29.661900	-1.833650	25.000000
6.820483	2.155749	0.116424	6.804768	2.027361	6.232736	-29.661900	-0.735946	25.000000
6.820483	2.155750	0.116423	6.353180	2.649716	6.023656	-29.661900	-0.113765	25.000000
6.820483	2.155749	0.116424	7.217264	2.416150	6.001730	-29.661900	0.983935	25.000000
6.820478	2.155750	0.116415	6.820564	2.415446	6.170334	-29.661900	1.606120	25.000000
6.820478	2.155750	0.116415	6.813817	2.292178	6.202966	-29.661900	2.703820	25.000000
6.820478	2.155750	0.116415	6.781777	2.220011	0.027771	-29.661900	3.326000	25.000000
6.820478	2.155750	0.116415	6.811343	2.198460	0.068981	-29.661900	4.423700	25.000000
6.820478	2.155750	0.116415	6.706035	2.173235	0.096067	-29.661900	5.045880	25.000000
6.820478	2.155750	0.116415	6.867343	2.157169	0.084012	-29.661900	6.143580	25.000000
6.820478	2.155750	0.116415	6.795006	2.164258	0.108501	-29.661900	6.765760	25.000000
6.820478	2.155750	0.116415	6.875056	2.156424	0.101405	-29.661900	7.863460	25.000000
6.821258	2.155674	0.116308	6.892576	2.154739	0.132552	-28.802000	-12.152900	25.000000
6.821258	2.155674	0.116308	6.806827	2.163087	0.129626	-28.802000	-11.055200	25.000000
6.821258	2.155674	0.116308	6.856158	2.193726	0.156882	-28.802000	-10.433000	25.000000
6.821316	2.155669	0.116412	6.878197	2.173667	0.152381	-28.802000	-9.335350	25.000000
6.821316	2.155669	0.116412	6.774954	2.220776	0.186487	-28.802000	-8.713170	25.000000
6.821316	2.155669	0.116412	6.866069	2.247553	0.239541	-28.802000	-7.615470	25.000000
6.821316	2.155669	0.116412	7.056380	2.338392	0.437222	-28.802000	-6.993290	25.000000
6.821316	2.155669	0.116412	6.599159	2.503331	0.345077	-28.802000	-5.895590	25.000000
6.821316	2.155669	0.116412	6.609705	2.708700	0.759893	-28.802000	-5.273410	25.000000
6.821316	2.155669	0.116412	7.011034	2.720999	0.849666	-28.802000	-4.175710	25.000000
6.821316	2.155669	0.116412	6.608691	2.746672	0.311801	-28.802000	-3.553530	25.000000
6.821316	2.155669	0.116412	7.011434	2.797315	0.488217	-28.802000	-2.455830	25.000000
6.821316	2.155669	0.116412	6.859249	2.865781	5.762047	-28.802000	-1.833650	25.000000
6.821311	2.155669	0.116404	6.849650	2.870777	6.001138	-28.802000	-0.735946	25.000000
6.821311	2.155669	0.116403	6.870982	2.498872	6.042918	-28.802000	-0.113765	25.000000
6.821311	2.155669	0.116404	6.911765	2.754359	5.991729	-28.802000	0.983935	25.000000
6.821306	2.155670	0.116395	6.749101	2.261555	0.027435	-28.802000	1.606120	25.000000
6.821306	2.155670	0.116395	6.792853	2.334919	6.240966	-28.802000	2.703820	25.000000
6.821306	2.155670	0.116395	6.806093	2.199020	0.049052	-28.802000	3.326000	25.000000
6.821306	2.155670	0.116395	6.816275	2.197936	0.083442	-28.802000	4.423700	25.000000
6.821306	2.155670	0.116395	6.787518	2.165003	0.092592	-28.802000	5.045880	25.000000
6.821306	2.155670	0.116395	6.845553	2.176953	0.096131	-28.802000	6.143580	25.000000
6.821306	2.155670	0.116395	6.793239	2.164434	0.104970	-28.802000	7.863460	25.000000
6.820430	2.155755	0.116328	6.827562	2.143518	0.115276	-27.942000	-20.752300	25.000000
6.820430	2.155755	0.116328	6.803675	2.163399	0.124355	-27.942000	-12.775100	25.000000
6.820430	2.155755	0.116328	6.805762	2.163192	0.127870	-27.942000	-12.152900	25.000000
6.820430	2.155755	0.116328	6.809001	2.162872	0.133136	-27.942000	-11.055200	25.000000
6.820430	2.155755	0.116328	6.811233	2.162652	0.136643	-27.942000	-10.433000	25.000000
6.820488	2.155749	0.116433	6.876954	2.173791	0.150636	-27.942000	-9.335350	25.000000
6.820488	2.155749	0.116433	6.763609	2.222052	0.171872	-27.942000	-8.713170	25.000000
6.820488	2.155749	0.116433	6.798595	2.199822	0.188477	-27.942000	-7.615470	25.000000
6.820488	2.155749	0.116433	6.658108	2.292745	0.197396	-27.942000	-6.993290	25.000000
6.820488	2.155749	0.116433	6.885499	2.322103	0.304782	-27.942000	-5.895590	25.000000
6.820488	2.155749	0.116433	6.743953	2.635939	0.320783	-27.942000	-5.273410	25.000000
6.820488	2.155749	0.116433	7.002321	2.451478	0.403419	-27.942000	-4.175710	25.000000
6.820488	2.155749	0.116433	6.758853	2.770994	0.268760	-27.942000	-3.553530	25.000000
6.820488	2.155749	0.116433	6.932482	2.830632	0.427798	-27.942000	-2.455830	25.000000
6.820488	2.155749	0.116433	6.935734	2.745972	6.049096	-27.942000	-1.833650	25.000000
6.820483	2.155749	0.116424	6.730469	2.671372	0.180352	-27.942000	-0.735946	25.000000
6.820483	2.155750	0.116423	6.908526	2.445211	6.163980	-27.942000	-0.113765	25.000000
6.820483	2.155749	0.116424	6.802418	2.396511	0.072914	-27.942000	0.983935	25.000000
6.820478	2.155750	0.116415	6.844275	2.231473	0.038869	-27.942000	1.606120	25.000000
6.820478	2.155750	0.116415	6.804868	2.293335	0.042132	-27.942000	2.703820	25.000000
6.820478	2.155750	0.116415	6.819831	2.197558	0.092463	-27.942000	3.326000	25.000000
6.820478	2.155750	0.116415	6.810257	2.198576	0.065361	-27.942000	4.423700	25.000000
6.820478	2.155750	0.116415	6.846349	2.176872	0.097900	-27.942000	5.045880	25.000000
6.820478	2.155750	0.116415	6.847160	2.176790	0.099669	-27.942000	6.143580	25.000000
6.820478	2.155750	0.116415	6.851431	2.176358	0.108501	-27.942000	6.765760	25.000000
6.820478	2.155750	0.116415	6.795006	2.164258	0.108501	-27.942000	7.863460	25.000000
6.820526	2.155745	0.116503	6.826602	2.143608	0.113545	-27.942000	13.023100	25.000000
6.820430	2.155755	0.116328	6.828536	2.143426	0.117007	-27.082100	-17.934700	25.000000
6.820430	2.155755	0.116328	6.806827	2.163087	0.129626	-27.082100	-12.152900	25.000000
6.820430	2.155755	0.116328	6.804712	2.163296	0.126113	-27.082100	-11.055200	25.000000
6.820430	2.155755	0.116328	6.783989	2.183258	0.135528	-27.082100	-10.433000	25.000000
6.820488	2.155749	0.116433	6.868653	2.174623	0.138395	-27.082100	-9.335350	25.000000
6.820488	2.155749	0.116433	6.858724	2.193457	0.160428	-27.082100	-8.713170	25.000000
6.820488	2.155749	0.116433	6.774924	2.202366	0.157933	-27.082100	-7.615470	25.000000
6.820488	2.155749	0.116433	6.820183	2.272008	0.206804	-27.082100	-6.993290	25.000000
6.820488	2.155749	0.116433	6.831610	2.232915	0.181016	-27.082100	-5.895590	25.000000
6.820488	2.155749	0.116433	6.768309	2.380325	0.172191	-27.082100	-5.273410	25.000000
6.820488	2.155749	0.116433	6.913472	2.338238	0.266428	-27.082100	-4.175710	25.000000
6.820488	2.155749	0.116433	6.873784	2.474451	0.158191	-27.082100	-3.553530	25.000000
6.820488	2.155749	0.116433	6.876453	2.450808	0.192919	-27.082100	-2.455830	25.000000
6.820488	2.155749	0.116433	6.798713	2.397102	0.054294	-27.082100	-1.833650	25.000000
6.820483	2.155749	0.116424	6.857179	2.477532	0.111441	-27.082100	-0.735946	25.000000
6.820483	2.155750	0.116423	6.811404	2.312219	0.096697	-27.082100	-0.113765	25.000000
6.820483	2.155749	0.116424	6.862215	2.325277	6.282985	-27.082100	0.983935	25.000000
6.820478	2.155750	0.116415	6.845261	2.231361	0.044415	-27.082100	1.606120	25.000000
6.820478	2.155750	0.116415	6.857871	2.229933	0.088656	-27.082100	2.703820	25.000000
6.820478	2.155750	0.116415	6.764799	2.185252	0.099669	-27.082100	3.326000	25.000000
6.820478	2.155750	0.116415	6.756745	2.186093	0.079830	-27.082100	4.423700	25.000000
6.820478	2.155750	0.116415	6.791531	2.164603	0.101436	-27.082100	5.045880	25.000000
6.820478	2.155750	0.116415	6.848825	2.176622	0.103203	-27.082100	6.143580	25.000000
6.820430	2.155755	0.116328	6.827562	2.143518	0.115276	-26.222100	-19.654600	25.000000
6.820430	2.155755	0.116328	6.804712	2.163296	0.126113	-26.222100	-12.152900	25.000000
6.820430	2.155755	0.116328	6.862099	2.175282	0.127870	-26.222100	-10.433000	25.000000
6.820488	2.155749	0.116433	6.866411	2.174849	0.134890	-26.222100	-9.335350	25.000000
6.820488	2.155749	0.116433	6.876954	2.173791	0.150636	-26.222100	-8.713170	25.000000
6.820488	2.155749	0.116433	6.844187	2.194983	0.139096	-26.222100	-7.615470	25.000000
6.820488	2.155749	0.116433	6.846349	2.212872	0.174144	-26.222100	-6.993290	25.000000
6.820488	2.155749	0.116433	6.810734	2.235306	0.151657	-26.222100	-5.895590	25.000000
6.820488	2.155749	0.116433	6.876053	2.284245	0.195509	-26.222100	-5.273410	25.000000
6.820488	2.155749	0.116433	6.779594	2.277074	0.149849	-26.222100	-4.175710	25.000000
6.820488	2.155749	0.116433	6.835503	2.328956	0.159849	-26.222100	-3.553530	25.000000
6.820488	2.155749	0.116433	6.823665	2.330600	0.137895	-26.222100	-2.455830	25.000000
6.820488	2.155749	0.116433	6.803301	2.333448	0.087531	-26.222100	-1.833650	25.000000
6.820483	2.155749	0.116424	6.892489	2.301499	0.113239	-26.222100	-0.735946	25.000000
6.820483	2.155750	0.116423	6.770443	2.239977	0.062184	-26.222100	-0.113765	25.000000
6.820483	2.155749	0.116424	6.753525	2.280372	0.095784	-26.222100	0.983935	25.000000
6.820478	2.155750	0.116415	6.791325	2.218945	0.072097	-26.222100	1.606120	25.000000
6.820478	2.155750	0.116415	6.800801	2.217890	0.097835	-26.222100	2.703820	25.000000
6.820478	2.155750	0.116415	6.841791	2.177334	0.087278	-26.222100	3.326000	25.000000
6.820478	2.155750	0.116415	6.847985	2.176707	0.101436	-26.222100	4.423700	25.000000
6.820478	2.155750	0.116415	6.850547	2.176448	0.106736	-26.222100	5.045880	25.000000
6.820478	2.155750	0.116415	6.792378	2.164519	0.103203	-26.222100	6.143580	25.000000
6.820430	2.155755	0.116328	6.827562	2.143518	0.115276	-25.362200	-19.654600	25.000000
6.820526	2.155745	0.116503	6.827562	2.143518	0.115276	-25.362200	-17.312600	25.000000
6.820430	2.155755	0.116328	6.806827	2.163087	0.129626	-25.362200	-10.433000	25.000000
6.820488	2.155749	0.116433	6.805762	2.163192	0.127870	-25.362200	-9.335350	25.000000
6.820488	2.155749	0.116433	6.870953	2.174392	0.141897	-25.362200	-8.713170	25.000000
6.820488	2.155749	0.116433	6.781807	2.183484	0.131956	-25.362200	-7.615470	25.000000
6.820488	2.155749	0.116433	6.766395	2.203289	0.145266	-25.362200	-6.993290	25.000000
6.820488	2.155749	0.116433	6.851197	2.194246	0.149779	-25.362200	-5.895590	25.000000
6.820488	2.155749	0.116433	6.896151	2.225640	0.159738	-25.362200	-5.273410	25.000000
6.820488	2.155749	0.116433	6.802764	2.236225	0.138726	-25.362200	-4.175710	25.000000
6.820488	2.155749	0.116433	6.769963	2.278288	0.132552	-25.362200	-3.553530	25.000000
6.820488	2.155749	0.116433	6.786965	2.256952	0.139473	-25.362200	-2.455830	25.000000
6.820488	2.155749	0.116433	6.768375	2.259203	0.101572	-25.362200	-1.833650	25.000000
6.820483	2.155749	0.116424	6.775109	2.258386	0.116774	-25.362200	-0.735946	25.000000
6.820483	2.155750	0.116423	6.785543	2.238218	0.105270	-25.362200	-0.113765	25.000000
6.820483	2.155749	0.116424	6.795705	2.218457	0.084980	-25.362200	0.983935	25.000000
6.820478	2.155750	0.116415	6.816957	2.197863	0.085247	-25.362200	1.606120	25.000000
6.820478	2.155750	0.116415	6.823753	2.197142	0.101469	-25.362200	2.703820	25.000000
6.820478	2.155750	0.116415	6.789079	2.164847	0.096131	-25.362200	3.326000	25.000000
6.820478	2.155750	0.116415	6.848825	2.176622	0.103203	-25.362200	4.423700	25.000000
6.820478	2.155750	0.116415	6.793239	2.164434	0.104970	-25.362200	5.045880	25.000000
6.821258	2.155674	0.116308	6.828536	2.143426	0.117007	-24.502300	-12.775100	25.000000
6.821258	2.155674	0.116308	6.804712	2.163296	0.126113	-24.502300	-10.433000	25.000000
6.821316	2.155669	0.116412	6.805762	2.163192	0.127870	-24.502300	-9.335350	25.000000
6.821316	2.155669	0.116412	6.807907	2.162980	0.131382	-24.502300	-8.713170	25.000000
6.821316	2.155669	0.116412	6.864226	2.175068	0.131382	-24.502300	-7.615470	25.000000
6.821316	2.155669	0.116412	6.781807	2.183484	0.131956	-24.502300	-6.993290	25.000000
6.821316	2.155669	0.116412	6.846466	2.194743	0.142661	-24.502300	-5.895590	25.000000
6.821316	2.155669	0.116412	6.822580	2.215480	0.139822	-24.502300	-5.273410	25.000000
6.821316	2.155669	0.116412	6.843069	2.195101	0.137312	-24.502300	-4.175710	25.000000
6.821316	2.155669	0.116412	6.818240	2.215959	0.132552	-24.502300	-3.553530	25.000000
6.821316	2.155669	0.116412	6.795506	2.237063	0.125748	-24.502300	-2.455830	25.000000
6.821316	2.155669	0.116412	6.870000	2.228566	0.116142	-24.502300	-1.833650	25.000000
6.821311	2.155669	0.116404	6.726671	2.226244	0.110864	-24.502300	-0.735946	25.000000
6.821311	2.155669	0.116403	6.741780	2.205967	0.099669	-24.502300	-0.113765	25.000000
6.821311	2.155669	0.116404	6.804881	2.217437	0.106997	-24.502300	0.983935	25.000000
6.821306	2.155670	0.116395	6.763993	2.185336	0.097868	-24.502300	1.606120	25.000000
6.821306	2.155670	0.116395	6.825423	2.196965	0.105066	-24.502300	2.703820	25.000000
6.821306	2.155670	0.116395	6.791531	2.164603	0.101436	-24.502300	3.326000	25.000000
6.821306	2.155670	0.116395	6.851431	2.176358	0.108501	-24.502300	4.423700	25.000000
6.821306	2.155670	0.116395	6.795006	2.164258	0.108501	-24.502300	6.143580	25.000000
6.821306	2.155670	0.116395	6.826602	2.143608	0.113545	-24.502300	8.485640	25.000000
6.821355	2.155665	0.116482	6.826602	2.143608	0.113545	-24.502300	10.205500	25.000000
6.821355	2.155665	0.116482	6.827562	2.143518	0.115276	-24.502300	11.925400	25.000000
6.820430	2.155755	0.116328	6.827562	2.143518	0.115276	-23.642300	-17.934700	25.000000
6.820526	2.155745	0.116503	6.827562	2.143518	0.115276	-23.642300	-16.214900	25.000000
6.820430	2.155755	0.116328	6.829524	2.143332	0.118737	-23.642300	-13.872800	25.000000
6.820430	2.155755	0.116328	6.804712	2.163296	0.126113	-23.642300	-10.433000	25.000000
6.820488	2.155749	0.116433	6.859016	2.175593	0.122596	-23.642300	-9.335350	25.000000
6.820488	2.155749	0.116433	6.863155	2.175176	0.129626	-23.642300	-8.713170	25.000000
6.820488	2.155749	0.116433	6.779683	2.183704	0.128381	-23.642300	-7.615470	25.000000
6.820488	2.155749	0.116433	6.867525	2.174737	0.136643	-23.642300	-6.993290	25.000000
6.820488	2.155749	0.116433	6.861057	2.175387	0.126113	-23.642300	-5.895590	25.000000
6.820488	2.155749	0.116433	6.839803	2.195445	0.131956	-23.642300	-5.273410	25.000000
6.820488	2.155749	0.116433	6.838743	2.195557	0.130169	-23.642300	-4.175710	25.000000
6.820488	2.155749	0.116433	6.893649	2.207751	0.123012	-23.642300	-3.553530	25.000000
6.820488	2.155749	0.116433	6.894643	2.207645	0.124803	-23.642300	-2.455830	25.000000
6.820488	2.155749	0.116433	6.828938	2.196592	0.112253	-23.642300	-1.833650	25.000000
6.820483	2.155749	0.116424	6.751481	2.204909	0.119794	-23.642300	-0.735946	25.000000
6.820483	2.155750	0.116423	6.826280	2.196874	0.106864	-23.642300	-0.113765	25.000000
6.820483	2.155749	0.116424	6.826280	2.196874	0.106864	-23.642300	0.983935	25.000000
6.820478	2.155750	0.116415	6.851431	2.176358	0.108501	-23.642300	1.606120	25.000000
6.820478	2.155750	0.116415	6.847160	2.176790	0.099669	-23.642300	2.703820	25.000000
6.820478	2.155750	0.116415	6.795006	2.164258	0.108501	-23.642300	3.326000	25.000000
6.820526	2.155745	0.116503	6.827562	2.143518	0.115276	-22.782400	-17.312600	25.000000
6.820488	2.155749	0.116433	6.803675	2.163399	0.124355	-22.782400	-9.335350	25.000000
6.820488	2.155749	0.116433	6.803675	2.163399	0.124355	-22.782400	-8.713170	25.000000
6.820488	2.155749	0.116433	6.804712	2.163296	0.126113	-22.782400	-7.615470	25.000000
6.820488	2.155749	0.116433	6.863155	2.175176	0.129626	-22.782400	-6.993290	25.000000
6.820488	2.155749	0.116433	6.859016	2.175593	0.122596	-22.782400	-5.895590	25.000000
6.820488	2.155749	0.116433	6.781807	2.183484	0.131956	-22.782400	-5.273410	25.000000
6.820488	2.155749	0.116433	6.916365	2.187487	0.122596	-22.782400	-4.175710	25.000000
6.820488	2.155749	0.116433	6.834647	2.195989	0.123012	-22.782400	-3.553530	25.000000
6.820488	2.155749	0.116433	6.776607	2.184023	0.123012	-22.782400	-2.455830	25.000000
6.820488	2.155749	0.116433	6.830783	2.196397	0.115843	-22.782400	-1.833650	25.000000
6.820483	2.155749	0.116424	6.830783	2.196397	0.115843	-22.782400	-0.735946	25.000000
6.820483	2.155750	0.116423	6.911556	2.187980	0.113792	-22.782400	-0.113765	25.000000
6.820483	2.155749	0.116424	6.849679	2.176535	0.104970	-22.782400	0.983935	25.000000
6.820478	2.155750	0.116415	6.852328	2.176268	0.110265	-22.782400	1.606120	25.000000
6.820478	2.155750	0.116415	6.793239	2.164434	0.104970	-22.782400	2.703820	25.000000
6.820478	2.155750	0.116415	6.795006	2.164258	0.108501	-22.782400	3.326000	25.000000
6.820478	2.155750	0.116415	6.852328	2.176268	0.110265	-22.782400	4.423700	25.000000
6.821316	2.155669	0.116412	6.803675	2.163399	0.124355	-21.922500	-8.713170	25.000000
6.821316	2.155669	0.116412	6.804712	2.163296	0.126113	-21.922500	-5.895590	25.000000
6.821316	2.155669	0.116412	6.859016	2.175593	0.122596	-21.922500	-5.273410	25.000000
6.821316	2.155669	0.116412	6.860029	2.175491	0.124355	-21.922500	-4.175710	25.000000
6.821316	2.155669	0.116412	6.775611	2.184127	0.121221	-21.922500	-3.553530	25.000000
6.821316	2.155669	0.116412	6.915374	2.187588	0.120837	-21.922500	-2.455830	25.000000
6.821316	2.155669	0.116412	6.772710	2.184428	0.115843	-21.922500	-1.833650	25.000000
6.821311	2.155669	0.116404	6.773662	2.184329	0.117636	-21.922500	-0.735946	25.000000
6.821311	2.155669	0.116404	6.853240	2.176175	0.112029	-21.922500	0.983935	25.000000
6.821306	2.155670	0.116395	6.771772	2.184526	0.114048	-21.922500	2.703820	25.000000
6.820430	2.155755	0.116328	6.827562	2.143518	0.115276	-21.062500	-17.934700	25.000000
6.820526	2.155745	0.116503	6.827562	2.143518	0.115276	-21.062500	-15.592700	25.000000
6.820430	2.155755	0.116328	6.828536	2.143426	0.117007	-21.062500	-11.055200	25.000000
6.820488	2.155749	0.116433	6.858017	2.175693	0.120837	-21.062500	-5.895590	25.000000
6.820488	2.155749	0.116433	6.858017	2.175693	0.120837	-21.062500	-5.273410	25.000000
6.820488	2.155749	0.116433	6.858017	2.175693	0.120837	-21.062500	-4.175710	25.000000
6.820488	2.155749	0.116433	6.776607	2.184023	0.123012	-21.062500	-3.553530	25.000000
6.820483	2.155750	0.116423	6.854167	2.176082	0.113792	-21.062500	-0.113765	25.000000
6.820478	2.155750	0.116415	6.854167	2.176082	0.113792	-21.062500	1.606120	25.000000
6.821311	2.155669	0.116403	6.854167	2.176082	0.113792	-20.202600	-0.113765	25.000000
6.821306	2.155670	0.116395	6.827562	2.143518	0.115276	-20.202600	8.485640	25.000000
6.821355	2.155665	0.116482	6.827562	2.143518	0.115276	-20.202600	13.023100	25.000000
