16.607944	2.336496	4.991285	16.635805	2.334055	5.007830	-21.441800	24.995300	25.000000
16.607944	2.336496	4.991285	16.635805	2.334055	5.007830	-20.594400	21.605600	25.000000
16.607251	2.336536	4.991308	16.657131	2.332831	5.015769	-20.594400	23.300400	25.000000
16.607251	2.336536	4.991308	16.566834	2.329694	5.007830	-20.594400	24.398100	25.000000
16.607944	2.336496	4.991285	16.635805	2.334055	5.007830	-20.594400	24.995300	25.000000
16.607944	2.336496	4.991285	16.566834	2.329694	5.007830	-20.594400	26.093000	25.000000
16.607944	2.336496	4.991285	16.566834	2.329694	5.007830	-20.594400	26.690100	25.000000
16.607944	2.336496	4.991285	16.636406	2.325735	5.005427	-20.594400	27.787800	25.000000
16.607251	2.336536	4.991308	16.566834	2.329694	5.007830	-20.594400	28.384900	25.000000
16.607251	2.336536	4.991308	16.566834	2.329694	5.007830	-20.594400	29.482600	25.000000
16.607944	2.336496	4.991285	16.705089	2.330095	5.005427	-20.594400	30.079800	25.000000
16.608143	2.336485	4.991366	16.635805	2.334055	5.007830	-19.747000	18.215900	25.000000
16.607450	2.336525	4.991389	16.705089	2.338381	5.007830	-19.747000	19.910700	25.000000
16.607450	2.336525	4.991389	16.566834	2.338046	5.010271	-19.747000	21.008400	25.000000
16.608143	2.336485	4.991366	16.588249	2.336802	5.018268	-19.747000	21.605600	25.000000
16.608143	2.336485	4.991366	16.679029	2.331579	5.023669	-19.747000	22.703300	25.000000
16.607450	2.336525	4.991389	16.541161	2.331167	5.026224	-19.747000	23.300400	25.000000
16.607450	2.336525	4.991389	16.541161	2.331167	5.026224	-19.747000	24.398100	25.000000
16.608143	2.336485	4.991366	16.679628	2.323300	5.021153	-19.747000	24.995300	25.000000
16.608143	2.336485	4.991366	16.541765	2.322822	5.023669	-19.747000	26.093000	25.000000
16.608143	2.336485	4.991366	16.632799	2.325939	5.031529	-19.747000	26.690100	25.000000
16.608143	2.336485	4.991366	16.519685	2.324073	5.015769	-19.747000	27.787800	25.000000
16.607450	2.336525	4.991389	16.657731	2.324531	5.013309	-19.747000	28.384900	25.000000
16.607450	2.336525	4.991389	16.611442	2.318905	5.021153	-19.747000	29.482600	25.000000
16.608143	2.336485	4.991366	16.636406	2.325735	5.005427	-19.747000	30.079800	25.000000
16.608143	2.336485	4.991366	16.636406	2.325735	5.005427	-19.747000	31.177500	25.000000
16.607450	2.336525	4.991389	16.636406	2.325735	5.005427	-19.747000	32.872300	25.000000
16.608143	2.336485	4.991366	16.615655	2.343588	5.002235	-18.899600	14.229100	25.000000
16.608143	2.336485	4.991366	16.636406	2.342373	5.010271	-18.899600	17.618800	25.000000
16.608143	2.336485	4.991366	16.657131	2.332831	5.015769	-18.899600	18.215900	25.000000
16.608143	2.336485	4.991366	16.566834	2.338046	5.010271	-18.899600	19.313600	25.000000
16.607450	2.336525	4.991389	16.679628	2.339855	5.026224	-18.899600	19.910700	25.000000
16.607450	2.336525	4.991389	16.564420	2.338186	5.036792	-18.899600	21.008400	25.000000
16.608143	2.336485	4.991366	16.635204	2.325803	5.057634	-18.899600	21.605600	25.000000
16.608143	2.336485	4.991366	16.543579	2.339402	5.055413	-18.899600	22.703300	25.000000
16.607450	2.336525	4.991389	16.549018	2.322412	5.076000	-18.899600	23.300400	25.000000
16.607450	2.336525	4.991389	16.660132	2.324396	5.065379	-18.899600	24.398100	25.000000
16.608143	2.336485	4.991366	16.688020	2.306542	5.067375	-18.899600	24.995300	25.000000
16.608143	2.336485	4.991366	16.618664	2.310327	5.070206	-18.899600	26.093000	25.000000
16.608143	2.336485	4.991366	16.570456	2.304826	5.052132	-18.899600	26.690100	25.000000
16.608143	2.336485	4.991366	16.665533	2.299691	5.057036	-18.899600	27.787800	25.000000
16.607450	2.336525	4.991389	16.522106	2.307469	5.036724	-18.899600	28.384900	25.000000
16.607450	2.336525	4.991389	16.636406	2.309354	5.026428	-18.899600	29.482600	25.000000
16.608143	2.336485	4.991366	16.681427	2.315019	5.018677	-18.899600	30.079800	25.000000
16.608143	2.336485	4.991366	16.659532	2.316230	5.010888	-18.899600	31.177500	25.000000
16.607450	2.336525	4.991389	16.636406	2.325735	5.005427	-18.899600	31.774600	25.000000
16.607450	2.336525	4.991389	16.636406	2.325735	5.005427	-18.899600	32.872300	25.000000
16.608143	2.336485	4.991366	16.566834	2.329694	5.007830	-18.899600	34.567200	25.000000
16.608143	2.336485	4.991366	16.615655	2.326911	4.997507	-18.899600	36.262000	25.000000
16.607450	2.336525	4.991389	16.615655	2.343588	5.002235	-18.052200	15.923900	25.000000
16.608143	2.336485	4.991366	16.477257	2.343302	5.004657	-18.052200	16.521100	25.000000
16.608143	2.336485	4.991366	16.657731	2.341128	5.018268	-18.052200	17.618800	25.000000
16.608143	2.336485	4.991366	16.611442	2.343835	5.028820	-18.052200	18.215900	25.000000
16.608143	2.336485	4.991366	16.659532	2.349420	5.047472	-18.052200	19.313600	25.000000
16.607450	2.336525	4.991389	16.503636	2.350228	5.069166	-18.052200	19.910700	25.000000
16.607450	2.336525	4.991389	16.807736	2.332504	5.091369	-18.052200	21.008400	25.000000
16.608143	2.336485	4.991366	16.738279	2.303827	5.143674	-18.052200	21.605600	25.000000
16.608143	2.336485	4.991366	16.516053	2.332614	5.134861	-18.052200	22.703300	25.000000
16.607450	2.336525	4.991389	16.703892	2.281731	5.161903	-18.052200	23.300400	25.000000
16.607450	2.336525	4.991389	16.467544	2.294158	5.165167	-18.052200	24.398100	25.000000
16.608143	2.336485	4.991366	16.643017	2.269091	5.158495	-18.052200	24.995300	25.000000
16.608143	2.336485	4.991366	16.482112	2.261467	5.151394	-18.052200	26.093000	25.000000
16.608143	2.336485	4.991366	16.643617	2.261242	5.095790	-18.052200	26.690100	25.000000
16.608143	2.336485	4.991366	16.558382	2.257666	5.130613	-18.052200	27.787800	25.000000
16.607450	2.336525	4.991389	16.759773	2.271035	5.071160	-18.052200	28.384900	25.000000
16.607450	2.336525	4.991389	16.532997	2.290667	5.057036	-18.052200	29.482600	25.000000
16.608143	2.336485	4.991366	16.479078	2.301660	5.044448	-18.052200	30.079800	25.000000
16.608143	2.336485	4.991366	16.688619	2.298456	5.013838	-18.052200	31.177500	25.000000
16.607450	2.336525	4.991389	16.589454	2.320136	5.013309	-18.052200	31.774600	25.000000
16.607450	2.336525	4.991389	16.591865	2.311801	5.010888	-18.052200	32.872300	25.000000
16.608143	2.336485	4.991366	16.615655	2.326911	4.997507	-18.052200	33.469500	25.000000
16.608143	2.336485	4.991366	16.636406	2.325735	5.005427	-18.052200	34.567200	25.000000
16.608143	2.336485	4.991366	16.615655	2.326911	4.997507	-18.052200	36.262000	25.000000
16.607251	2.336536	4.991308	16.615655	2.343588	5.002235	-17.204700	14.826200	25.000000
16.607251	2.336536	4.991308	16.615655	2.343588	5.002235	-17.204700	15.923900	25.000000
16.607944	2.336496	4.991285	16.703892	2.346804	5.036792	-17.204700	16.521100	25.000000
16.607944	2.336496	4.991285	16.591865	2.353452	5.023387	-17.204700	17.618800	25.000000
16.607944	2.336496	4.991285	16.578902	2.362780	5.072165	-17.204700	18.215900	25.000000
16.607944	2.336496	4.991285	16.639111	2.350632	5.111731	-17.204700	19.313600	25.000000
16.607251	2.336536	4.991308	16.624680	2.351491	5.149528	-17.204700	19.910700	25.000000
16.607251	2.336536	4.991308	16.584933	2.345396	5.194902	-17.204700	21.008400	25.000000
16.607944	2.336496	4.991285	15.665887	2.376492	5.060373	-17.204700	21.605600	25.000000
16.607944	2.336496	4.991285	17.443910	2.283026	5.084457	-17.204700	22.703300	25.000000
16.607251	2.336536	4.991308	16.261095	2.447612	4.701332	-17.204700	23.300400	25.000000
16.607251	2.336536	4.991308	16.981829	2.339022	4.757440	-17.204700	24.398100	25.000000
16.607944	2.336496	4.991285	17.846145	2.331214	4.901443	-17.204700	24.995300	25.000000
16.607944	2.336496	4.991285	15.236286	2.488415	5.028675	-17.204700	26.093000	25.000000
16.607944	2.336496	4.991285	16.705089	2.235186	5.152232	-17.204700	26.690100	25.000000
16.607944	2.336496	4.991285	16.484235	2.199926	5.162615	-17.204700	27.787800	25.000000
16.607251	2.336536	4.991308	16.389631	2.234760	5.110160	-17.204700	28.384900	25.000000
16.607251	2.336536	4.991308	16.835082	2.199452	5.120174	-17.204700	29.482600	25.000000
16.607944	2.336496	4.991285	16.777366	2.270152	5.029213	-17.204700	30.079800	25.000000
16.607944	2.336496	4.991285	16.423763	2.264407	5.076720	-17.204700	31.177500	25.000000
16.607251	2.336536	4.991308	16.688619	2.298456	5.013838	-17.204700	31.774600	25.000000
16.607251	2.336536	4.991308	16.502424	2.300393	5.026428	-17.204700	32.872300	25.000000
16.607944	2.336496	4.991285	16.570456	2.312984	5.003061	-17.204700	33.469500	25.000000
16.607944	2.336496	4.991285	16.617461	2.318569	4.995198	-17.204700	34.567200	25.000000
16.607944	2.336496	4.991285	16.615655	2.326911	4.997507	-17.204700	36.262000	25.000000
16.607944	2.336496	4.991285	16.615655	2.343588	5.002235	-16.357300	14.229100	25.000000
16.607251	2.336536	4.991308	16.636406	2.342373	5.010271	-16.357300	14.826200	25.000000
16.607251	2.336536	4.991308	16.568042	2.346394	5.012752	-16.357300	15.923900	25.000000
16.607944	2.336496	4.991285	16.495454	2.376634	5.070135	-16.357300	16.521100	25.000000
16.607944	2.336496	4.991285	16.753507	2.352275	5.055413	-16.357300	17.618800	25.000000
16.607944	2.336496	4.991285	16.495757	2.376615	5.117281	-16.357300	18.215900	25.000000
16.607944	2.336496	4.991285	16.635504	2.367903	5.091298	-16.357300	19.313600	25.000000
16.607251	2.336536	4.991308	17.945337	2.237686	4.703666	-16.357300	19.910700	25.000000
16.607251	2.336536	4.991308	15.140386	2.384060	4.738056	-16.357300	21.008400	25.000000
16.607944	2.336496	4.991285	13.149525	2.215276	4.270015	-16.357300	21.605600	25.000000
16.607944	2.336496	4.991285	19.461757	1.862666	4.133315	-16.357300	22.703300	25.000000
16.607251	2.336536	4.991308	18.206318	2.069009	3.546484	-16.357300	23.300400	25.000000
16.607251	2.336536	4.991308	14.916769	1.992084	3.416865	-16.357300	24.398100	25.000000
16.607944	2.336496	4.991285	14.713939	2.478948	3.942615	-16.357300	24.995300	25.000000
16.607944	2.336496	4.991285	18.369812	2.240283	4.010540	-16.357300	26.093000	25.000000
16.607944	2.336496	4.991285	15.089732	2.571094	4.464434	-16.357300	26.690100	25.000000
16.607944	2.336496	4.991285	18.008331	2.377323	4.410940	-16.357300	27.787800	25.000000
16.607251	2.336536	4.991308	15.209536	2.323729	5.139762	-16.357300	28.384900	25.000000
16.607251	2.336536	4.991308	17.918147	2.274949	4.941383	-16.357300	29.482600	25.000000
16.607944	2.336496	4.991285	16.219741	2.219560	5.092895	-16.357300	30.079800	25.000000
16.607944	2.336496	4.991285	16.972920	2.186325	5.066092	-16.357300	31.177500	25.000000
16.607251	2.336536	4.991308	16.441411	2.287467	5.023936	-16.357300	31.774600	25.000000
16.607251	2.336536	4.991308	16.786304	2.261947	5.026805	-16.357300	32.872300	25.000000
16.607944	2.336496	4.991285	16.432285	2.312438	5.005427	-16.357300	33.469500	25.000000
16.607944	2.336496	4.991285	16.733499	2.304084	5.006157	-16.357300	34.567200	25.000000
16.607944	2.336496	4.991285	16.685623	2.322964	4.995198	-16.357300	35.164300	25.000000
16.607944	2.336496	4.991285	16.615655	2.326911	4.997507	-16.357300	36.262000	25.000000
16.607251	2.336536	4.991308	16.615655	2.326911	4.997507	-16.357300	36.859100	25.000000
16.607944	2.336496	4.991285	16.615655	2.326911	4.997507	-16.357300	39.651700	25.000000
16.608143	2.336485	4.991366	16.615655	2.343588	5.002235	-15.509900	13.131400	25.000000
16.608143	2.336485	4.991366	16.615655	2.343588	5.002235	-15.509900	14.229100	25.000000
16.607450	2.336525	4.991389	16.662533	2.357707	5.023387	-15.509900	14.826200	25.000000
16.607450	2.336525	4.991389	16.550831	2.364500	5.036864	-15.509900	15.923900	25.000000
16.608143	2.336485	4.991366	16.425894	2.398887	5.119645	-15.509900	16.521100	25.000000
16.608143	2.336485	4.991366	16.753806	2.377809	5.083280	-15.509900	17.618800	25.000000
16.608143	2.336485	4.991366	20.163147	2.130189	4.814969	-15.509900	18.215900	25.000000
16.608143	2.336485	4.991366	11.788337	2.227833	4.261199	-15.509900	19.313600	25.000000
16.607450	2.336525	4.991389	15.995312	1.664712	4.271209	-15.509900	19.910700	25.000000
16.607450	2.336525	4.991389	17.108477	1.867378	4.180355	-15.509900	21.008400	25.000000
16.608143	2.336485	4.991366	15.030968	1.342622	3.902841	-15.509900	21.605600	25.000000
16.608143	2.336485	4.991366	18.023596	1.147714	3.515319	-15.509900	22.703300	25.000000
16.607450	2.336525	4.991389	19.180709	1.379864	3.726650	-15.509900	23.300400	25.000000
16.607450	2.336525	4.991389	13.344591	1.502551	3.186675	-15.509900	24.398100	25.000000
16.608143	2.336485	4.991366	17.096026	1.646324	3.636726	-15.509900	24.995300	25.000000
16.608143	2.336485	4.991366	16.142023	1.762149	3.351364	-15.509900	26.093000	25.000000
16.608143	2.336485	4.991366	18.966813	2.170192	3.433049	-15.509900	26.690100	25.000000
16.608143	2.336485	4.991366	13.498107	2.310635	2.536619	-15.509900	27.787800	25.000000
16.607450	2.336525	4.991389	16.766407	2.858705	3.536384	-15.509900	28.384900	25.000000
16.607450	2.336525	4.991389	16.048617	2.434402	4.963415	-15.509900	29.482600	25.000000
16.608143	2.336485	4.991366	16.593071	2.202608	5.079027	-15.509900	30.079800	25.000000
16.608143	2.336485	4.991366	16.611442	2.165007	5.068609	-15.509900	31.177500	25.000000
16.607450	2.336525	4.991389	16.200617	2.251842	5.044189	-15.509900	31.774600	25.000000
16.607450	2.336525	4.991389	17.009115	2.221263	5.020122	-15.509900	32.872300	25.000000
16.608143	2.336485	4.991366	16.484538	2.293248	5.016239	-15.509900	33.469500	25.000000
16.608143	2.336485	4.991366	16.717057	2.296942	4.996183	-15.509900	34.567200	25.000000
16.608143	2.336485	4.991366	16.597289	2.319697	4.987299	-15.509900	35.164300	25.000000
16.608143	2.336485	4.991366	16.638209	2.317413	5.003061	-15.509900	36.262000	25.000000
16.607866	2.336501	4.991375	16.615655	2.343588	5.002235	-14.662500	9.741700	25.000000
16.607450	2.336525	4.991389	16.615655	2.343588	5.002235	-14.662500	11.436500	25.000000
16.608143	2.336485	4.991366	16.479078	2.351702	5.007119	-14.662500	13.131400	25.000000
16.608143	2.336485	4.991366	16.617461	2.351921	5.004657	-14.662500	14.229100	25.000000
16.607450	2.336525	4.991389	16.543881	2.382330	5.061910	-14.662500	14.826200	25.000000
16.607450	2.336525	4.991389	16.617461	2.360432	5.034140	-14.662500	15.923900	25.000000
16.608143	2.336485	4.991366	15.948041	2.385266	5.057257	-14.662500	16.521100	25.000000
16.608143	2.336485	4.991366	17.137678	2.290771	4.987490	-14.662500	17.618800	25.000000
16.608143	2.336485	4.991366	16.161649	1.467281	4.198644	-14.662500	18.215900	25.000000
16.608143	2.336485	4.991366	16.972731	1.842804	4.577412	-14.662500	19.313600	25.000000
16.607450	2.336525	4.991389	17.213367	1.126416	4.194041	-14.662500	19.910700	25.000000
16.607450	2.336525	4.991389	15.910688	1.425731	4.171969	-14.662500	21.008400	25.000000
16.608143	2.336485	4.991366	15.101656	0.754817	3.549023	-14.662500	21.605600	25.000000
16.608143	2.336485	4.991366	17.904748	0.774324	3.687492	-14.662500	22.703300	25.000000
16.607450	2.336525	4.991389	16.780048	1.060225	3.786460	-14.662500	23.300400	25.000000
16.607450	2.336525	4.991389	16.489087	1.050314	3.813058	-14.662500	24.398100	25.000000
16.608143	2.336485	4.991366	15.543809	1.110843	2.865265	-14.662500	24.995300	25.000000
16.608143	2.336485	4.991366	17.582378	1.013447	3.013913	-14.662500	26.093000	25.000000
16.608143	2.336485	4.991366	11.033585	2.540564	1.948327	-14.662500	26.690100	25.000000
16.608143	2.336485	4.991366	18.764594	1.469368	2.785957	-14.662500	27.787800	25.000000
16.607450	2.336525	4.991389	19.157703	2.437340	3.323177	-14.662500	28.384900	25.000000
16.607450	2.336525	4.991389	13.271383	2.939015	4.862760	-14.662500	29.482600	25.000000
16.608143	2.336485	4.991366	17.650496	2.424196	4.738245	-14.662500	30.079800	25.000000
16.608143	2.336485	4.991366	15.565141	2.251850	5.099038	-14.662500	31.177500	25.000000
16.607450	2.336525	4.991389	16.125446	2.200779	5.048702	-14.662500	31.774600	25.000000
16.607450	2.336525	4.991389	17.046114	2.183292	5.018268	-14.662500	32.872300	25.000000
16.608143	2.336485	4.991366	16.650826	2.292451	4.996183	-14.662500	33.469500	25.000000
16.608143	2.336485	4.991366	16.506362	2.268131	5.009145	-14.662500	34.567200	25.000000
16.608143	2.336485	4.991366	16.547205	2.322514	4.997507	-14.662500	35.164300	25.000000
16.608143	2.336485	4.991366	16.712271	2.305229	4.998440	-14.662500	36.262000	25.000000
16.607450	2.336525	4.991389	16.685623	2.322964	4.995198	-14.662500	37.956800	25.000000
16.608143	2.336485	4.991366	16.549622	2.355994	5.007119	-13.815100	13.131400	25.000000
16.608143	2.336485	4.991366	16.641214	2.358993	5.015274	-13.815100	14.229100	25.000000
16.607450	2.336525	4.991389	16.570757	2.389414	5.045312	-13.815100	14.826200	25.000000
16.607450	2.336525	4.991389	16.769615	2.411925	5.087912	-13.815100	15.923900	25.000000
16.608143	2.336485	4.991366	18.373078	1.991284	4.855972	-13.815100	16.521100	25.000000
16.608143	2.336485	4.991366	14.512064	2.410145	5.092895	-13.815100	17.618800	25.000000
16.608143	2.336485	4.991366	19.384014	1.304559	4.480380	-13.815100	18.215900	25.000000
16.608143	2.336485	4.991366	13.243111	1.357758	4.518024	-13.815100	19.313600	25.000000
16.607450	2.336525	4.991389	14.401736	0.841176	4.227911	-13.815100	19.910700	25.000000
16.607450	2.336525	4.991389	18.425526	0.896773	4.357683	-13.815100	21.008400	25.000000
16.608143	2.336485	4.991366	18.366001	0.728846	4.113049	-13.815100	21.605600	25.000000
16.608143	2.336485	4.991366	14.614034	0.676015	3.857336	-13.815100	22.703300	25.000000
16.607450	2.336525	4.991389	17.321374	0.890169	4.085231	-13.815100	23.300400	25.000000
16.607450	2.336525	4.991389	15.861274	0.663108	3.715392	-13.815100	24.398100	25.000000
16.608143	2.336485	4.991366	18.465915	0.718585	2.866683	-13.815100	24.995300	25.000000
16.608143	2.336485	4.991366	14.534442	0.903049	2.638749	-13.815100	26.093000	25.000000
16.608143	2.336485	4.991366	14.371809	1.840550	3.054854	-13.815100	26.690100	25.000000
16.608143	2.336485	4.991366	18.442169	1.264549	2.805455	-13.815100	27.787800	25.000000
16.607450	2.336525	4.991389	12.706754	2.502643	2.655517	-13.815100	28.384900	25.000000
16.607450	2.336525	4.991389	19.616055	2.024632	3.263274	-13.815100	29.482600	25.000000
16.608143	2.336485	4.991366	13.316771	2.542817	5.287089	-13.815100	30.079800	25.000000
16.608143	2.336485	4.991366	19.146321	2.663554	3.875589	-13.815100	31.177500	25.000000
16.607450	2.336525	4.991389	16.740370	2.167014	5.020442	-13.815100	31.774600	25.000000
16.607450	2.336525	4.991389	16.516961	2.191024	5.022375	-13.815100	32.872300	25.000000
16.608143	2.336485	4.991366	16.813685	2.245276	4.998011	-13.815100	33.469500	25.000000
16.608143	2.336485	4.991366	16.475740	2.277644	5.003846	-13.815100	34.567200	25.000000
16.608143	2.336485	4.991366	16.549622	2.314139	4.995198	-13.815100	35.164300	25.000000
16.608143	2.336485	4.991366	16.624680	2.301887	4.990689	-13.815100	36.262000	25.000000
16.607450	2.336525	4.991389	16.665533	2.324092	4.987299	-13.815100	36.859100	25.000000
16.607944	2.336496	4.991285	16.620469	2.360249	5.007119	-12.967600	13.131400	25.000000
16.607944	2.336496	4.991285	16.578902	2.371405	5.020442	-12.967600	14.229100	25.000000
16.607251	2.336536	4.991308	16.970563	2.425303	5.079563	-12.967600	14.826200	25.000000
16.607251	2.336536	4.991308	16.278206	2.427384	5.066769	-12.967600	15.923900	25.000000
16.607944	2.336496	4.991285	10.739646	2.244464	5.090683	-12.967600	16.521100	25.000000
16.607944	2.336496	4.991285	20.739094	2.046621	4.903402	-12.967600	17.618800	25.000000
16.607944	2.336496	4.991285	14.961781	0.942008	4.718174	-12.967600	18.215900	25.000000
16.607944	2.336496	4.991285	18.016148	1.289575	4.743593	-12.967600	19.313600	25.000000
16.607251	2.336536	4.991308	15.418589	0.657941	4.789893	-12.967600	19.910700	25.000000
16.607251	2.336536	4.991308	17.584357	0.721725	4.767506	-12.967600	21.008400	25.000000
16.607944	2.336496	4.991285	17.948986	0.658140	4.592779	-12.967600	21.605600	25.000000
16.607944	2.336496	4.991285	15.190128	0.741700	4.446137	-12.967600	22.703300	25.000000
16.607251	2.336536	4.991308	14.320964	0.537716	4.260936	-12.967600	23.300400	25.000000
16.607251	2.336536	4.991308	18.620956	0.504621	3.997739	-12.967600	24.398100	25.000000
16.607944	2.336496	4.991285	17.281134	0.507864	3.110650	-12.967600	24.995300	25.000000
16.607944	2.336496	4.991285	15.930132	0.825812	3.183363	-12.967600	26.093000	25.000000
16.607944	2.336496	4.991285	17.383038	0.978804	2.846152	-12.967600	26.690100	25.000000
16.607944	2.336496	4.991285	15.809807	1.032889	2.740569	-12.967600	27.787800	25.000000
16.607251	2.336536	4.991308	9.723071	1.768522	3.406925	-12.967600	28.384900	25.000000
16.607251	2.336536	4.991308	18.579871	1.735153	1.939145	-12.967600	29.482600	25.000000
16.607944	2.336496	4.991285	17.528289	2.852317	3.945376	-12.967600	30.079800	25.000000
16.607944	2.336496	4.991285	15.118069	2.556100	1.286906	-12.967600	31.177500	25.000000
16.607251	2.336536	4.991308	16.684424	2.198607	5.036481	-12.967600	31.774600	25.000000
16.607251	2.336536	4.991308	16.555664	2.160002	4.999670	-12.967600	32.872300	25.000000
16.607944	2.336496	4.991285	16.326972	2.245586	5.006851	-12.967600	33.469500	25.000000
16.607944	2.336496	4.991285	16.971447	2.252956	4.981304	-12.967600	34.567200	25.000000
16.607944	2.336496	4.991285	16.553247	2.305764	4.992926	-12.967600	35.164300	25.000000
16.607944	2.336496	4.991285	16.691615	2.306347	4.990689	-12.967600	36.262000	25.000000
16.607251	2.336536	4.991308	16.526948	2.323661	4.989550	-12.967600	36.859100	25.000000
16.607251	2.336536	4.991308	16.597289	2.319697	4.987299	-12.967600	37.956800	25.000000
16.607251	2.336536	4.991308	16.665533	2.349065	4.994161	-12.120200	12.534200	25.000000
16.607944	2.336496	4.991285	16.696407	2.372752	5.009621	-12.120200	13.131400	25.000000
16.607944	2.336496	4.991285	16.419805	2.372647	5.014751	-12.120200	14.229100	25.000000
16.607251	2.336536	4.991308	16.913013	2.456802	5.075536	-12.120200	14.826200	25.000000
16.607251	2.336536	4.991308	16.270525	2.437369	5.061160	-12.120200	15.923900	25.000000
16.607944	2.336496	4.991285	20.449694	2.191879	4.912143	-12.120200	16.521100	25.000000
16.607944	2.336496	4.991285	11.193302	1.723263	4.931058	-12.120200	17.618800	25.000000
16.607944	2.336496	4.991285	19.071182	1.085271	4.921412	-12.120200	18.215900	25.000000
16.607944	2.336496	4.991285	13.718965	0.911841	5.031224	-12.120200	19.313600	25.000000
16.607251	2.336536	4.991308	16.266837	0.776876	5.176037	-12.120200	19.910700	25.000000
16.607251	2.336536	4.991308	17.054618	0.838686	5.108999	-12.120200	21.008400	25.000000
16.607944	2.336496	4.991285	16.644819	0.799712	4.983784	-12.120200	21.605600	25.000000
16.607944	2.336496	4.991285	16.580712	0.829176	4.977206	-12.120200	22.703300	25.000000
16.607251	2.336536	4.991308	17.045234	0.482413	4.482747	-12.120200	23.300400	25.000000
16.607251	2.336536	4.991308	16.112120	0.662875	4.965195	-12.120200	24.398100	25.000000
16.607944	2.336496	4.991285	16.376703	0.241872	3.248872	-12.120200	24.995300	25.000000
16.607944	2.336496	4.991285	16.870510	0.260804	3.545579	-12.120200	26.093000	25.000000
16.607944	2.336496	4.991285	14.962740	0.569646	1.702529	-12.120200	26.690100	25.000000
16.607944	2.336496	4.991285	18.018393	0.545858	1.846893	-12.120200	27.787800	25.000000
16.607251	2.336536	4.991308	16.227523	0.933943	1.486382	-12.120200	28.384900	25.000000
16.607251	2.336536	4.991308	9.843780	2.672400	0.680355	-12.120200	29.482600	25.000000
16.607944	2.336496	4.991285	20.483408	2.814897	0.991232	-12.120200	30.079800	25.000000
16.607944	2.336496	4.991285	11.467345	2.667007	0.839400	-12.120200	31.177500	25.000000
16.607251	2.336536	4.991308	16.857936	2.141002	4.976169	-12.120200	31.774600	25.000000
16.607251	2.336536	4.991308	16.336768	2.245106	4.982077	-12.120200	32.872300	25.000000
16.607944	2.336496	4.991285	16.517869	2.205945	4.986556	-12.120200	33.469500	25.000000
16.607944	2.336496	4.991285	16.663733	2.260245	4.980005	-12.120200	34.567200	25.000000
16.607944	2.336496	4.991285	16.743058	2.303570	4.980755	-12.120200	35.164300	25.000000
16.607944	2.336496	4.991285	16.537835	2.298480	4.982902	-12.120200	36.262000	25.000000
16.607251	2.336536	4.991308	16.665533	2.324092	4.987299	-12.120200	36.859100	25.000000
16.607251	2.336536	4.991308	16.597289	2.319697	4.987299	-12.120200	37.956800	25.000000
16.607450	2.336525	4.991389	16.597289	2.353127	4.996523	-11.272800	11.436500	25.000000
16.607450	2.336525	4.991389	16.597289	2.353127	4.996523	-11.272800	12.534200	25.000000
16.608143	2.336485	4.991366	16.768423	2.376899	5.009621	-11.272800	13.131400	25.000000
16.608143	2.336485	4.991366	16.478167	2.386541	5.008935	-11.272800	14.229100	25.000000
16.607450	2.336525	4.991389	16.401829	2.446832	5.052210	-11.272800	14.826200	25.000000
16.607450	2.336525	4.991389	16.788984	2.465899	5.052210	-11.272800	15.923900	25.000000
16.608143	2.336485	4.991366	15.510964	2.246394	4.971395	-11.272800	16.521100	25.000000
16.608143	2.336485	4.991366	17.464249	1.547890	4.885070	-11.272800	17.618800	25.000000
16.608143	2.336485	4.991366	19.055183	0.827143	4.986771	-11.272800	18.215900	25.000000
16.608143	2.336485	4.991366	13.675526	0.954920	5.031307	-11.272800	19.313600	25.000000
16.607450	2.336525	4.991389	16.560495	0.696823	5.057945	-11.272800	19.910700	25.000000
16.607450	2.336525	4.991389	16.578902	0.853351	5.021482	-11.272800	21.008400	25.000000
16.608143	2.336485	4.991366	16.307054	0.910651	5.162149	-11.272800	21.605600	25.000000
16.608143	2.336485	4.991366	16.928969	0.823976	5.100369	-11.272800	22.703300	25.000000
16.607450	2.336525	4.991389	18.790955	0.776873	4.981304	-11.272800	23.300400	25.000000
16.607450	2.336525	4.991389	14.081548	0.760702	5.148394	-11.272800	24.398100	25.000000
16.608143	2.336485	4.991366	16.986140	0.213632	5.947297	-11.272800	24.995300	25.000000
16.608143	2.336485	4.991366	16.214218	0.252520	0.158899	-11.272800	26.093000	25.000000
16.608143	2.336485	4.991366	19.272260	0.645040	1.134169	-11.272800	26.690100	25.000000
16.608143	2.336485	4.991366	13.466997	0.532846	1.304544	-11.272800	27.787800	25.000000
16.607450	2.336525	4.991389	3.919490	2.160596	2.829551	-11.272800	28.384900	25.000000
16.607450	2.336525	4.991389	20.379951	1.255489	1.705394	-11.272800	29.482600	25.000000
16.608143	2.336485	4.991366	17.334846	2.384535	2.199346	-11.272800	30.079800	25.000000
16.608143	2.336485	4.991366	14.091927	2.563230	4.395564	-11.272800	31.177500	25.000000
16.607450	2.336525	4.991389	15.637778	2.215684	4.995415	-11.272800	31.774600	25.000000
16.607450	2.336525	4.991389	17.501397	2.479176	4.821302	-11.272800	32.872300	25.000000
16.608143	2.336485	4.991366	16.709578	2.197515	4.966328	-11.272800	33.469500	25.000000
16.608143	2.336485	4.991366	16.580109	2.256592	4.972489	-11.272800	34.567200	25.000000
16.608143	2.336485	4.991366	16.532997	2.306872	4.985083	-11.272800	35.164300	25.000000
16.608143	2.336485	4.991366	16.748433	2.295280	4.978641	-11.272800	36.262000	25.000000
16.607450	2.336525	4.991389	16.665533	2.324092	4.987299	-11.272800	36.859100	25.000000
16.607450	2.336525	4.991389	16.597289	2.319697	4.987299	-11.272800	37.956800	25.000000
16.607450	2.336525	4.991389	16.597289	2.353127	4.996523	-10.425400	11.436500	25.000000
16.607450	2.336525	4.991389	16.597289	2.353127	4.996523	-10.425400	12.534200	25.000000
16.608143	2.336485	4.991366	16.754999	2.386402	5.003846	-10.425400	13.131400	25.000000
16.608143	2.336485	4.991366	16.537835	2.373968	5.003846	-10.425400	14.229100	25.000000
16.607450	2.336525	4.991389	16.478167	2.450762	5.022092	-10.425400	14.826200	25.000000
16.607450	2.336525	4.991389	16.768125	2.477065	5.037198	-10.425400	15.923900	25.000000
16.608143	2.336485	4.991366	18.949142	2.132945	4.970983	-10.425400	16.521100	25.000000
16.608143	2.336485	4.991366	13.597059	1.556087	5.169458	-10.425400	17.618800	25.000000
16.608143	2.336485	4.991366	14.211967	1.127172	5.189973	-10.425400	18.215900	25.000000
16.608143	2.336485	4.991366	18.638938	0.912686	4.959012	-10.425400	19.313600	25.000000
16.607450	2.336525	4.991389	16.719450	0.778816	4.988349	-10.425400	19.910700	25.000000
16.607450	2.336525	4.991389	16.436849	0.706734	4.939188	-10.425400	21.008400	25.000000
16.608143	2.336485	4.991366	17.340776	0.830224	4.928939	-10.425400	21.605600	25.000000
16.608143	2.336485	4.991366	15.893788	0.743452	4.970896	-10.425400	22.703300	25.000000
16.607450	2.336525	4.991389	18.435292	0.803321	4.948227	-10.425400	23.300400	25.000000
16.607450	2.336525	4.991389	14.458907	0.695563	5.030727	-10.425400	24.398100	25.000000
16.608143	2.336485	4.991366	18.439414	0.161320	4.491816	-10.425400	24.995300	25.000000
16.608143	2.336485	4.991366	14.519998	0.052489	0.320505	-10.425400	26.093000	25.000000
16.608143	2.336485	4.991366	18.364368	0.454504	2.733444	-10.425400	26.690100	25.000000
16.608143	2.336485	4.991366	14.693536	0.724805	2.590610	-10.425400	27.787800	25.000000
16.607450	2.336525	4.991389	18.363823	1.027078	2.629550	-10.425400	28.384900	25.000000
16.607450	2.336525	4.991389	14.174978	1.542574	1.961787	-10.425400	29.482600	25.000000
16.608143	2.336485	4.991366	10.224480	3.072379	1.428899	-10.425400	30.079800	25.000000
16.608143	2.336485	4.991366	19.831793	1.986018	1.972794	-10.425400	31.177500	25.000000
16.607450	2.336525	4.991389	19.395876	2.540853	4.970641	-10.425400	31.774600	25.000000
16.607450	2.336525	4.991389	13.333792	2.407553	5.090816	-10.425400	32.872300	25.000000
16.608143	2.336485	4.991366	16.152399	2.238396	4.959280	-10.425400	33.469500	25.000000
16.608143	2.336485	4.991366	17.106724	2.224270	4.950225	-10.425400	34.567200	25.000000
16.608143	2.336485	4.991366	16.537835	2.298480	4.982902	-10.425400	35.164300	25.000000
16.608143	2.336485	4.991366	16.580712	2.312417	4.977206	-10.425400	36.262000	25.000000
16.607450	2.336525	4.991389	16.526948	2.323661	4.989550	-10.425400	36.859100	25.000000
16.607450	2.336525	4.991389	16.577696	2.320796	4.979364	-10.425400	37.956800	25.000000
16.608143	2.336485	4.991366	16.575886	2.329176	4.981556	-10.425400	38.554000	25.000000
16.607370	2.336530	4.991356	16.597289	2.353127	4.996523	-9.577960	11.436500	25.000000
16.607370	2.336530	4.991356	16.667933	2.357382	4.996523	-9.577960	12.534200	25.000000
16.608063	2.336489	4.991333	16.385664	2.383639	5.000444	-9.577960	13.131400	25.000000
16.608063	2.336489	4.991333	16.801488	2.383467	4.993067	-9.577960	14.229100	25.000000
16.607370	2.336530	4.991356	16.928379	2.484171	5.006624	-9.577960	14.826200	25.000000
16.607370	2.336530	4.991356	16.200617	2.461872	5.021718	-9.577960	15.923900	25.000000
16.608063	2.336489	4.991333	11.273864	1.991084	5.276138	-9.577960	16.521100	25.000000
16.608063	2.336489	4.991333	20.462893	2.173510	4.945857	-9.577960	17.618800	25.000000
16.608063	2.336489	4.991333	13.069813	1.299695	5.112067	-9.577960	18.215900	25.000000
16.608063	2.336489	4.991333	19.451992	1.107102	4.926694	-9.577960	19.313600	25.000000
16.607370	2.336530	4.991356	16.187032	0.806662	5.126269	-9.577960	19.910700	25.000000
16.607370	2.336530	4.991356	17.037312	0.747069	5.055994	-9.577960	21.008400	25.000000
16.608063	2.336489	4.991333	16.327584	0.839840	4.987299	-9.577960	21.605600	25.000000
16.608063	2.336489	4.991333	16.865646	0.875836	4.977964	-9.577960	22.703300	25.000000
16.607370	2.336530	4.991356	16.535417	0.704399	4.909785	-9.577960	23.300400	25.000000
16.607370	2.336530	4.991356	16.643918	0.872547	5.006851	-9.577960	24.398100	25.000000
16.608063	2.336489	4.991333	14.742456	0.272115	4.534793	-9.577960	24.995300	25.000000
16.608063	2.336489	4.991333	18.282352	0.329304	4.253280	-9.577960	26.093000	25.000000
16.608063	2.336489	4.991333	17.288435	0.283153	2.043703	-9.577960	26.690100	25.000000
16.608063	2.336489	4.991333	15.979553	0.292682	1.638086	-9.577960	27.787800	25.000000
16.607370	2.336530	4.991356	8.322259	1.752026	1.129003	-9.577960	28.384900	25.000000
16.607370	2.336530	4.991356	20.627651	0.756593	1.378941	-9.577960	29.482600	25.000000
16.608063	2.336489	4.991333	18.288248	1.819409	0.901342	-9.577960	30.079800	25.000000
16.608063	2.336489	4.991333	14.293005	2.593585	1.185302	-9.577960	31.177500	25.000000
16.607370	2.336530	4.991356	17.427277	2.513375	5.189136	-9.577960	31.774600	25.000000
16.607370	2.336530	4.991356	15.843295	2.245761	4.957368	-9.577960	32.872300	25.000000
16.608063	2.336489	4.991333	16.871574	2.220019	4.937515	-9.577960	33.469500	25.000000
16.608063	2.336489	4.991333	16.309506	2.262259	4.953507	-9.577960	34.567200	25.000000
16.608063	2.336489	4.991333	16.719450	2.312927	4.975082	-9.577960	35.164300	25.000000
16.608063	2.336489	4.991333	16.446276	2.303450	4.977206	-9.577960	36.262000	25.000000
16.607370	2.336530	4.991356	16.665533	2.324092	4.987299	-9.577960	36.859100	25.000000
16.607370	2.336530	4.991356	16.648423	2.358558	4.988349	-8.730540	11.436500	25.000000
16.607370	2.336530	4.991356	16.597289	2.353127	4.996523	-8.730540	12.534200	25.000000
16.608063	2.336489	4.991333	16.710177	2.380539	4.984729	-8.730540	13.131400	25.000000
16.608063	2.336489	4.991333	16.518172	2.375202	4.995485	-8.730540	14.229100	25.000000
16.607370	2.336530	4.991356	16.697904	2.492293	4.993410	-8.730540	14.826200	25.000000
16.607370	2.336530	4.991356	16.486358	2.440702	4.998440	-8.730540	15.923900	25.000000
16.608063	2.336489	4.991333	11.482252	1.992513	4.942550	-8.730540	16.521100	25.000000
16.608063	2.336489	4.991333	20.415683	2.286778	4.874763	-8.730540	17.618800	25.000000
16.608063	2.336489	4.991333	17.655767	0.968681	4.898328	-8.730540	18.215900	25.000000
16.608063	2.336489	4.991333	15.378088	1.433810	4.887898	-8.730540	19.313600	25.000000
16.607370	2.336530	4.991356	16.754477	0.673120	4.929500	-8.730540	19.910700	25.000000
16.607370	2.336530	4.991356	16.611686	0.763554	4.835448	-8.730540	21.008400	25.000000
16.608063	2.336489	4.991333	17.706691	0.826153	4.934640	-8.730540	21.605600	25.000000
16.608063	2.336489	4.991333	15.474379	0.761536	4.941013	-8.730540	22.703300	25.000000
16.607370	2.336530	4.991356	16.281892	0.853736	4.959344	-8.730540	23.300400	25.000000
16.607370	2.336530	4.991356	17.034671	0.884080	4.981304	-8.730540	24.398100	25.000000
16.608063	2.336489	4.991333	14.594862	0.331552	5.572276	-8.730540	24.995300	25.000000
16.608063	2.336489	4.991333	18.441529	0.425125	5.205440	-8.730540	26.093000	25.000000
16.608063	2.336489	4.991333	14.572234	0.766203	0.673195	-8.730540	26.690100	25.000000
16.608063	2.336489	4.991333	18.485941	0.524603	0.482969	-8.730540	27.787800	25.000000
16.607370	2.336530	4.991356	10.771207	2.088444	0.641364	-8.730540	28.384900	25.000000
16.607370	2.336530	4.991356	19.823373	1.081905	0.594342	-8.730540	29.482600	25.000000
16.608063	2.336489	4.991333	11.643642	3.054984	0.119429	-8.730540	30.079800	25.000000
16.608063	2.336489	4.991333	19.638829	2.128882	0.207991	-8.730540	31.177500	25.000000
16.607370	2.336530	4.991356	14.815195	2.330191	4.966397	-8.730540	31.774600	25.000000
16.607370	2.336530	4.991356	18.112979	2.309798	4.953744	-8.730540	32.872300	25.000000
16.608063	2.336489	4.991333	16.884016	2.241950	4.933519	-8.730540	33.469500	25.000000
16.608063	2.336489	4.991333	16.363679	2.275458	4.955422	-8.730540	34.567200	25.000000
16.608063	2.336489	4.991333	16.719450	2.312927	4.975082	-8.730540	35.164300	25.000000
16.608063	2.336489	4.991333	16.509694	2.316364	4.979364	-8.730540	36.262000	25.000000
16.607370	2.336530	4.991356	16.665533	2.324092	4.987299	-8.730540	37.956800	25.000000
16.607786	2.336506	4.991343	16.575886	2.345930	4.986048	-7.883120	9.741700	25.000000
16.607786	2.336506	4.991343	16.665533	2.349065	4.994161	-7.883120	10.839400	25.000000
16.607370	2.336530	4.991356	16.575886	2.345930	4.986048	-7.883120	11.436500	25.000000
16.607370	2.336530	4.991356	16.597289	2.353127	4.996523	-7.883120	12.534200	25.000000
16.608063	2.336489	4.991333	16.571361	2.380584	4.987083	-7.883120	13.131400	25.000000
16.608063	2.336489	4.991333	16.652027	2.366888	4.990689	-7.883120	14.229100	25.000000
16.607370	2.336530	4.991356	16.911830	2.447591	4.955125	-7.883120	14.826200	25.000000
16.607370	2.336530	4.991356	16.253615	2.438594	4.991996	-7.883120	15.923900	25.000000
16.608063	2.336489	4.991333	12.920526	2.045009	5.086433	-7.883120	16.521100	25.000000
16.608063	2.336489	4.991333	19.587241	2.324191	4.874085	-7.883120	17.618800	25.000000
16.608063	2.336489	4.991333	14.300350	1.563803	5.107180	-7.883120	18.215900	25.000000
16.608063	2.336489	4.991333	18.616659	1.196880	5.023191	-7.883120	19.313600	25.000000
16.607370	2.336530	4.991356	15.794303	0.791491	4.991911	-7.883120	19.910700	25.000000
16.607370	2.336530	4.991356	17.322817	0.837076	4.915882	-7.883120	21.008400	25.000000
16.608063	2.336489	4.991333	16.127074	0.722294	4.886790	-7.883120	21.605600	25.000000
16.608063	2.336489	4.991333	17.158380	0.788098	4.877538	-7.883120	22.703300	25.000000
16.607370	2.336530	4.991356	16.022160	0.770222	4.879895	-7.883120	23.300400	25.000000
16.607370	2.336530	4.991356	17.100187	0.841078	4.797224	-7.883120	24.398100	25.000000
16.608063	2.336489	4.991333	18.626325	0.379654	5.610707	-7.883120	24.995300	25.000000
16.608063	2.336489	4.991333	14.290206	0.354831	5.801522	-7.883120	26.093000	25.000000
16.608063	2.336489	4.991333	17.979155	0.786435	1.043853	-7.883120	26.690100	25.000000
16.608063	2.336489	4.991333	15.055896	0.670122	0.724866	-7.883120	27.787800	25.000000
16.607370	2.336530	4.991356	5.765379	1.242305	6.042651	-7.883120	28.384900	25.000000
16.607370	2.336530	4.991356	19.454624	1.612958	1.358266	-7.883120	29.482600	25.000000
16.608063	2.336489	4.991333	16.542672	2.784654	0.920375	-7.883120	30.079800	25.000000
16.608063	2.336489	4.991333	16.633100	2.412083	1.306127	-7.883120	31.177500	25.000000
16.607370	2.336530	4.991356	16.026618	2.252609	4.910573	-7.883120	31.774600	25.000000
16.607370	2.336530	4.991356	17.160446	2.329013	4.916868	-7.883120	32.872300	25.000000
16.608063	2.336489	4.991333	16.698503	2.289941	4.953507	-7.883120	33.469500	25.000000
16.608063	2.336489	4.991333	16.476954	2.269627	4.936217	-7.883120	34.567200	25.000000
16.608063	2.336489	4.991333	16.577696	2.320796	4.979364	-7.883120	35.164300	25.000000
16.608063	2.336489	4.991333	16.629492	2.317899	4.969296	-7.883120	36.262000	25.000000
16.607370	2.336530	4.991356	16.646021	2.325192	4.979364	-7.883120	36.859100	25.000000
16.607370	2.336530	4.991356	16.646021	2.350222	4.986048	-7.035700	11.436500	25.000000
16.607370	2.336530	4.991356	16.646021	2.350222	4.986048	-7.035700	12.534200	25.000000
16.608063	2.336489	4.991333	16.700599	2.363921	4.980138	-7.035700	13.131400	25.000000
16.608063	2.336489	4.991333	16.584933	2.371030	4.993067	-7.035700	14.229100	25.000000
16.607370	2.336530	4.991356	16.355427	2.412726	4.981862	-7.035700	14.826200	25.000000
16.607370	2.336530	4.991356	16.872759	2.422939	4.948634	-7.035700	15.923900	25.000000
16.608063	2.336489	4.991333	17.081569	2.325330	4.980755	-7.035700	16.521100	25.000000
16.608063	2.336489	4.991333	16.067981	2.462184	4.993410	-7.035700	17.618800	25.000000
16.608063	2.336489	4.991333	18.428511	1.954567	5.071160	-7.035700	18.215900	25.000000
16.608063	2.336489	4.991333	14.471351	1.536238	5.225532	-7.035700	19.313600	25.000000
16.607370	2.336530	4.991356	18.131189	1.006301	5.231535	-7.035700	19.910700	25.000000
16.607370	2.336530	4.991356	14.816545	1.168585	5.251551	-7.035700	21.008400	25.000000
16.608063	2.336489	4.991333	15.565667	0.889770	5.120538	-7.035700	21.605600	25.000000
16.608063	2.336489	4.991333	17.560752	1.032695	5.143407	-7.035700	22.703300	25.000000
16.607370	2.336530	4.991356	15.969346	0.819540	5.053107	-7.035700	23.300400	25.000000
16.607370	2.336530	4.991356	17.314445	0.828833	5.228620	-7.035700	24.398100	25.000000
16.608063	2.336489	4.991333	17.628386	0.531109	6.011039	-7.035700	24.995300	25.000000
16.608063	2.336489	4.991333	15.559242	0.615932	5.719869	-7.035700	26.093000	25.000000
16.608063	2.336489	4.991333	16.220358	0.641060	0.653810	-7.035700	26.690100	25.000000
16.608063	2.336489	4.991333	16.978221	0.760549	0.864024	-7.035700	27.787800	25.000000
16.607370	2.336530	4.991356	6.991287	1.440264	5.819538	-7.035700	28.384900	25.000000
16.607370	2.336530	4.991356	18.627517	1.577238	1.237162	-7.035700	29.482600	25.000000
16.608063	2.336489	4.991333	14.983311	2.621216	5.772697	-7.035700	30.079800	25.000000
16.608063	2.336489	4.991333	17.886878	2.460851	0.792936	-7.035700	31.177500	25.000000
16.607370	2.336530	4.991356	16.541841	2.258486	4.881396	-7.035700	31.774600	25.000000
16.607370	2.336530	4.991356	16.651438	2.260854	4.906730	-7.035700	32.872300	25.000000
16.608063	2.336489	4.991333	16.408534	2.305521	4.961352	-7.035700	33.469500	25.000000
16.608063	2.336489	4.991333	16.837458	2.290610	4.951621	-7.035700	34.567200	25.000000
16.608063	2.336489	4.991333	16.577696	2.320796	4.979364	-7.035700	35.164300	25.000000
16.608063	2.336489	4.991333	16.577696	2.320796	4.979364	-7.035700	36.262000	25.000000
16.607370	2.336530	4.991356	16.714664	2.346172	4.983784	-6.188280	11.436500	25.000000
16.607370	2.336530	4.991356	16.575886	2.345930	4.986048	-6.188280	12.534200	25.000000
16.608063	2.336489	4.991333	16.580712	2.362669	4.990689	-6.188280	13.131400	25.000000
16.608063	2.336489	4.991333	16.629492	2.359702	4.980138	-6.188280	14.229100	25.000000
16.607370	2.336530	4.991356	16.410667	2.399899	4.977059	-6.188280	14.826200	25.000000
16.607370	2.336530	4.991356	16.720646	2.397374	4.953085	-6.188280	15.923900	25.000000
16.608063	2.336489	4.991333	16.375363	2.487952	4.940317	-6.188280	16.521100	25.000000
16.608063	2.336489	4.991333	16.841939	2.461986	4.899594	-6.188280	17.618800	25.000000
16.608063	2.336489	4.991333	19.695177	2.213212	4.897347	-6.188280	18.215900	25.000000
16.608063	2.336489	4.991333	12.690942	2.164523	5.218564	-6.188280	19.313600	25.000000
16.607370	2.336530	4.991356	13.981735	1.558637	5.365904	-6.188280	19.910700	25.000000
16.607370	2.336530	4.991356	18.921353	1.344792	5.351552	-6.188280	21.008400	25.000000
16.608063	2.336489	4.991333	16.670933	1.328494	5.410292	-6.188280	21.605600	25.000000
16.608063	2.336489	4.991333	16.556268	1.270335	5.235457	-6.188280	22.703300	25.000000
16.607370	2.336530	4.991356	15.377906	1.083539	5.539430	-6.188280	23.300400	25.000000
16.607370	2.336530	4.991356	17.705084	1.108282	5.471008	-6.188280	24.398100	25.000000
16.608063	2.336489	4.991333	17.215400	1.061074	5.828466	-6.188280	24.995300	25.000000
16.608063	2.336489	4.991333	15.961203	1.130693	5.745141	-6.188280	26.093000	25.000000
16.608063	2.336489	4.991333	15.489806	1.072723	0.125996	-6.188280	26.690100	25.000000
16.608063	2.336489	4.991333	17.697765	1.200783	0.001818	-6.188280	27.787800	25.000000
16.607370	2.336530	4.991356	13.269725	2.208485	0.736301	-6.188280	28.384900	25.000000
16.607370	2.336530	4.991356	18.109116	1.648183	5.974221	-6.188280	29.482600	25.000000
16.608063	2.336489	4.991333	13.941664	2.636387	5.592242	-6.188280	30.079800	25.000000
16.608063	2.336489	4.991333	18.803457	2.297984	5.201509	-6.188280	31.177500	25.000000
16.607370	2.336530	4.991356	16.304138	2.270523	4.879119	-6.188280	31.774600	25.000000
16.607370	2.336530	4.991356	16.868302	2.273368	4.918925	-6.188280	32.872300	25.000000
16.608063	2.336489	4.991333	16.700599	2.313962	4.967229	-6.188280	33.469500	25.000000
16.608063	2.336489	4.991333	16.457825	2.311017	4.953376	-6.188280	34.567200	25.000000
16.608063	2.336489	4.991333	16.575886	2.329176	4.981556	-6.188280	35.164300	25.000000
16.608063	2.336489	4.991333	16.646021	2.325192	4.979364	-6.188280	36.262000	25.000000
16.607370	2.336530	4.991356	16.575886	2.345930	4.986048	-5.340860	12.534200	25.000000
16.608063	2.336489	4.991333	16.716459	2.354477	4.986048	-5.340860	13.131400	25.000000
16.608063	2.336489	4.991333	16.509694	2.358414	4.990689	-5.340860	14.229100	25.000000
16.607370	2.336530	4.991356	16.682326	2.365034	4.971889	-5.340860	14.826200	25.000000
16.607370	2.336530	4.991356	16.517869	2.383991	4.961641	-5.340860	15.923900	25.000000
16.608063	2.336489	4.991333	16.312514	2.443832	4.944408	-5.340860	16.521100	25.000000
16.608063	2.336489	4.991333	16.806371	2.418429	4.912430	-5.340860	17.618800	25.000000
16.608063	2.336489	4.991333	16.204987	2.461538	4.905935	-5.340860	18.215900	25.000000
16.608063	2.336489	4.991333	17.025029	2.386692	4.881202	-5.340860	19.313600	25.000000
16.607370	2.336530	4.991356	13.360015	2.113516	5.348897	-5.340860	19.910700	25.000000
16.607370	2.336530	4.991356	19.295854	1.737405	5.284358	-5.340860	21.008400	25.000000
16.608063	2.336489	4.991333	15.516665	1.611409	5.300392	-5.340860	21.605600	25.000000
16.608063	2.336489	4.991333	17.657395	1.680888	5.457486	-5.340860	22.703300	25.000000
16.607370	2.336530	4.991356	14.694557	1.434268	5.590206	-5.340860	23.300400	25.000000
16.607370	2.336530	4.991356	18.357287	1.378962	5.647453	-5.340860	24.398100	25.000000
16.608063	2.336489	4.991333	16.187492	1.752803	5.689956	-5.340860	24.995300	25.000000
16.608063	2.336489	4.991333	17.072636	1.516296	5.788052	-5.340860	26.093000	25.000000
16.608063	2.336489	4.991333	16.708381	1.976877	5.734945	-5.340860	26.690100	25.000000
16.608063	2.336489	4.991333	16.541161	1.790191	5.714081	-5.340860	27.787800	25.000000
16.607370	2.336530	4.991356	15.774980	2.217075	5.712802	-5.340860	28.384900	25.000000
16.607370	2.336530	4.991356	17.418668	2.284278	5.118278	-5.340860	29.482600	25.000000
16.608063	2.336489	4.991333	16.635252	2.285290	4.875445	-5.340860	30.079800	25.000000
16.608063	2.336489	4.991333	16.568672	2.280795	4.874659	-5.340860	31.177500	25.000000
16.607370	2.336530	4.991356	16.697605	2.297977	4.922362	-5.340860	31.774600	25.000000
16.607370	2.336530	4.991356	16.498109	2.317013	4.940549	-5.340860	32.872300	25.000000
16.608063	2.336489	4.991333	16.558684	2.321866	4.971395	-5.340860	33.469500	25.000000
16.608063	2.336489	4.991333	16.716459	2.321239	4.977206	-5.340860	34.567200	25.000000
16.608063	2.336489	4.991333	16.575886	2.329176	4.981556	-5.340860	35.164300	25.000000
16.608063	2.336489	4.991333	16.646021	2.350222	4.986048	-4.493440	13.131400	25.000000
16.608063	2.336489	4.991333	16.575886	2.345930	4.986048	-4.493440	14.229100	25.000000
16.607370	2.336530	4.991356	16.664633	2.366116	4.963605	-4.493440	14.826200	25.000000
16.607370	2.336530	4.991356	16.490603	2.359578	4.982415	-4.493440	15.923900	25.000000
16.608063	2.336489	4.991333	16.440380	2.397928	4.956496	-4.493440	16.521100	25.000000
16.608063	2.336489	4.991333	16.829679	2.381700	4.937701	-4.493440	17.618800	25.000000
16.608063	2.336489	4.991333	16.810190	2.436332	4.845850	-4.493440	18.215900	25.000000
16.608063	2.336489	4.991333	16.391916	2.438075	4.908860	-4.493440	19.313600	25.000000
16.607370	2.336530	4.991356	16.042758	2.388096	5.037885	-4.493440	19.910700	25.000000
16.607370	2.336530	4.991356	17.186902	2.402284	4.830103	-4.493440	21.008400	25.000000
16.608063	2.336489	4.991333	16.954645	2.194334	5.068609	-4.493440	21.605600	25.000000
16.608063	2.336489	4.991333	16.177144	2.277150	5.139689	-4.493440	22.703300	25.000000
16.607370	2.336530	4.991356	16.781835	1.994521	5.255051	-4.493440	23.300400	25.000000
16.607370	2.336530	4.991356	16.459040	1.911513	5.557078	-4.493440	24.398100	25.000000
16.608063	2.336489	4.991333	16.999706	1.975911	5.661448	-4.493440	24.995300	25.000000
16.608063	2.336489	4.991333	16.203086	2.251718	5.520255	-4.493440	26.093000	25.000000
16.608063	2.336489	4.991333	18.009720	2.249056	5.115408	-4.493440	26.690100	25.000000
16.608063	2.336489	4.991333	15.101324	2.426299	4.999010	-4.493440	27.787800	25.000000
16.607370	2.336530	4.991356	16.696194	2.290062	4.810473	-4.493440	28.384900	25.000000
16.607370	2.336530	4.991356	16.562198	2.297170	4.827327	-4.493440	29.482600	25.000000
16.608063	2.336489	4.991333	16.339734	2.317640	4.890974	-4.493440	30.079800	25.000000
16.608063	2.336489	4.991333	16.880758	2.296253	4.903573	-4.493440	31.177500	25.000000
16.607370	2.336530	4.991356	16.576188	2.320881	4.945368	-4.493440	31.774600	25.000000
16.607370	2.336530	4.991356	16.629492	2.317899	4.969296	-4.493440	32.872300	25.000000
16.608063	2.336489	4.991333	16.646021	2.325192	4.979364	-4.493440	33.469500	25.000000
16.608063	2.336489	4.991333	16.625883	2.334626	4.973528	-4.493440	34.567200	25.000000
16.608063	2.336489	4.991333	16.575886	2.345930	4.986048	-3.646020	13.131400	25.000000
16.608063	2.336489	4.991333	16.714664	2.346172	4.983784	-3.646020	14.229100	25.000000
16.607370	2.336530	4.991356	16.558684	2.355447	4.980138	-3.646020	14.826200	25.000000
16.607370	2.336530	4.991356	16.575886	2.345930	4.986048	-3.646020	15.923900	25.000000
16.608063	2.336489	4.991333	16.661633	2.357761	4.961491	-3.646020	16.521100	25.000000
16.608063	2.336489	4.991333	16.596988	2.370282	4.965753	-3.646020	17.618800	25.000000
16.608063	2.336489	4.991333	16.714963	2.380238	4.913186	-3.646020	18.215900	25.000000
16.608063	2.336489	4.991333	16.480925	2.395258	4.940461	-3.646020	19.313600	25.000000
16.607370	2.336530	4.991356	16.785708	2.401971	4.854286	-3.646020	19.910700	25.000000
16.607370	2.336530	4.991356	16.392440	2.428659	4.863124	-3.646020	21.008400	25.000000
16.608063	2.336489	4.991333	16.460939	2.423859	4.781722	-3.646020	21.605600	25.000000
16.608063	2.336489	4.991333	16.797991	2.401170	4.787469	-3.646020	22.703300	25.000000
16.607370	2.336530	4.991356	16.594050	2.361855	4.819733	-3.646020	23.300400	25.000000
16.607370	2.336530	4.991356	16.712394	2.389114	4.774589	-3.646020	24.398100	25.000000
16.608063	2.336489	4.991333	16.433530	2.354452	4.795816	-3.646020	24.995300	25.000000
16.608063	2.336489	4.991333	16.805133	2.349232	4.817047	-3.646020	26.093000	25.000000
16.608063	2.336489	4.991333	16.384838	2.340281	4.820513	-3.646020	26.690100	25.000000
16.608063	2.336489	4.991333	16.875853	2.320534	4.803195	-3.646020	27.787800	25.000000
16.607370	2.336530	4.991356	16.840502	2.306355	4.885437	-3.646020	28.384900	25.000000
16.607370	2.336530	4.991356	16.399637	2.330959	4.889157	-3.646020	29.482600	25.000000
16.608063	2.336489	4.991333	16.559589	2.321815	4.937330	-3.646020	30.079800	25.000000
16.608063	2.336489	4.991333	16.661633	2.324312	4.953376	-3.646020	31.177500	25.000000
16.607370	2.336530	4.991356	16.556872	2.330265	4.973528	-3.646020	31.774600	25.000000
16.607370	2.336530	4.991356	16.627086	2.326263	4.971395	-3.646020	32.872300	25.000000
16.608063	2.336489	4.991333	16.575886	2.329176	4.981556	-3.646020	33.469500	25.000000
16.608063	2.336489	4.991333	16.575886	2.345930	4.986048	-2.798600	13.131400	25.000000
16.608063	2.336489	4.991333	16.575886	2.345930	4.986048	-2.798600	14.229100	25.000000
16.607370	2.336530	4.991356	16.714664	2.346172	4.983784	-2.798600	14.826200	25.000000
16.607370	2.336530	4.991356	16.575886	2.345930	4.986048	-2.798600	15.923900	25.000000
16.608063	2.336489	4.991333	16.608733	2.352442	4.969713	-2.798600	16.521100	25.000000
16.608063	2.336489	4.991333	16.558684	2.355447	4.980138	-2.798600	17.618800	25.000000
16.608063	2.336489	4.991333	16.576188	2.362946	4.955284	-2.798600	18.215900	25.000000
16.608063	2.336489	4.991333	16.593372	2.361897	4.963605	-2.798600	19.313600	25.000000
16.607370	2.336530	4.991356	16.647510	2.367165	4.916523	-2.798600	19.910700	25.000000
16.607370	2.336530	4.991356	16.544074	2.373577	4.938797	-2.798600	21.008400	25.000000
16.608063	2.336489	4.991333	16.558756	2.381384	4.904628	-2.798600	21.605600	25.000000
16.608063	2.336489	4.991333	16.600301	2.370077	4.886060	-2.798600	22.703300	25.000000
16.607370	2.336530	4.991356	16.512407	2.366869	4.874122	-2.798600	23.300400	25.000000
16.607370	2.336530	4.991356	16.656293	2.366626	4.875281	-2.798600	24.398100	25.000000
16.608063	2.336489	4.991333	16.528775	2.348726	4.884798	-2.798600	24.995300	25.000000
16.608063	2.336489	4.991333	16.661981	2.349275	4.878369	-2.798600	26.093000	25.000000
16.608063	2.336489	4.991333	16.596388	2.336330	4.923716	-2.798600	26.690100	25.000000
16.608063	2.336489	4.991333	16.627174	2.334552	4.899169	-2.798600	27.787800	25.000000
16.607370	2.336530	4.991356	16.659832	2.332677	4.955356	-2.798600	28.384900	25.000000
16.607370	2.336530	4.991356	16.541161	2.331167	4.931058	-2.798600	29.482600	25.000000
16.608063	2.336489	4.991333	16.625883	2.334626	4.973528	-2.798600	30.079800	25.000000
16.608063	2.336489	4.991333	16.659832	2.332677	4.955356	-2.798600	31.177500	25.000000
16.607370	2.336530	4.991356	16.625883	2.334626	4.973528	-2.798600	31.774600	25.000000
16.608063	2.336489	4.991333	16.575886	2.345930	4.986048	-1.951180	13.131400	25.000000
16.607370	2.336530	4.991356	16.575886	2.345930	4.986048	-1.951180	14.826200	25.000000
16.607370	2.336530	4.991356	16.575886	2.345930	4.986048	-1.951180	15.923900	25.000000
16.608063	2.336489	4.991333	16.556872	2.347056	4.977899	-1.951180	16.521100	25.000000
16.608063	2.336489	4.991333	16.575886	2.345930	4.986048	-1.951180	17.618800	25.000000
16.608063	2.336489	4.991333	16.677530	2.348356	4.967571	-1.951180	18.215900	25.000000
16.608063	2.336489	4.991333	16.608733	2.352442	4.969713	-1.951180	19.313600	25.000000
16.607370	2.336530	4.991356	16.522409	2.357641	4.963605	-1.951180	19.910700	25.000000
16.607370	2.336530	4.991356	16.590961	2.353506	4.961491	-1.951180	21.008400	25.000000
16.608063	2.336489	4.991333	16.573774	2.354538	4.953235	-1.951180	21.605600	25.000000
16.608063	2.336489	4.991333	16.557174	2.355538	4.944946	-1.951180	22.703300	25.000000
16.607370	2.336530	4.991356	16.551100	2.347398	4.940521	-1.951180	23.300400	25.000000
16.607370	2.336530	4.991356	16.622948	2.351594	4.941346	-1.951180	24.398100	25.000000
16.608063	2.336489	4.991333	16.625583	2.343006	4.941076	-1.951180	24.995300	25.000000
16.608063	2.336489	4.991333	16.572568	2.337712	4.949238	-1.951180	26.093000	25.000000
16.608063	2.336489	4.991333	16.711972	2.337984	4.947287	-1.951180	26.690100	25.000000
16.608063	2.336489	4.991333	16.589756	2.336714	4.957368	-1.951180	27.787800	25.000000
16.607370	2.336530	4.991356	16.607528	2.335685	4.965465	-1.951180	28.384900	25.000000
16.607370	2.336530	4.991356	16.556268	2.338661	4.975696	-1.951180	29.482600	25.000000
16.608063	2.336489	4.991333	16.625883	2.334626	4.973528	-1.951180	30.079800	25.000000
16.608063	2.336489	4.991333	16.556268	2.338661	4.975696	-1.951180	31.177500	25.000000
16.608071	2.336489	4.991337	16.556872	2.347056	4.977899	-1.103760	17.618800	25.000000
16.608071	2.336489	4.991337	16.556872	2.347056	4.977899	-1.103760	18.215900	25.000000
16.608071	2.336489	4.991337	16.625883	2.342988	4.975696	-1.103760	19.313600	25.000000
16.607378	2.336529	4.991360	16.556872	2.347056	4.977899	-1.103760	19.910700	25.000000
16.607378	2.336529	4.991360	16.625883	2.342988	4.975696	-1.103760	21.008400	25.000000
16.608071	2.336489	4.991337	16.607528	2.344065	4.967571	-1.103760	21.605600	25.000000
16.608071	2.336489	4.991337	16.625883	2.342988	4.975696	-1.103760	22.703300	25.000000
16.607378	2.336529	4.991360	16.607528	2.344065	4.967571	-1.103760	23.300400	25.000000
16.607378	2.336529	4.991360	16.537835	2.339738	4.967571	-1.103760	24.398100	25.000000
16.608071	2.336489	4.991337	16.607528	2.344065	4.967571	-1.103760	24.995300	25.000000
16.608071	2.336489	4.991337	16.556268	2.338661	4.975696	-1.103760	26.093000	25.000000
16.608071	2.336489	4.991337	16.625883	2.334626	4.973528	-1.103760	26.690100	25.000000
16.608071	2.336489	4.991337	16.556268	2.338661	4.975696	-1.103760	27.787800	25.000000
16.607372	2.336529	4.991357	16.556268	2.338661	4.975696	-0.256337	21.008400	25.000000
16.608065	2.336489	4.991334	16.556268	2.338661	4.975696	-0.256337	21.605600	25.000000
16.607372	2.336529	4.991357	16.625883	2.342988	4.975696	-0.256337	23.300400	25.000000
16.607372	2.336529	4.991357	16.625883	2.342988	4.975696	-0.256337	24.398100	25.000000
16.608065	2.336489	4.991334	16.556268	2.338661	4.975696	-0.256337	24.995300	25.000000
16.608065	2.336489	4.991334	16.695209	2.338952	4.973528	-0.256337	26.093000	25.000000
