16.607233	2.487252	2.067359	16.571361	2.492372	2.047836	-4.300240	-20.846300	25.000000
16.607233	2.487252	2.067359	16.571361	2.492372	2.047836	-4.300240	-19.151500	25.000000
16.607233	2.487252	2.067359	16.651126	2.496002	2.047836	-4.300240	-18.554300	25.000000
16.607233	2.487252	2.067359	16.571361	2.492372	2.047836	-4.300240	-17.456600	25.000000
16.607233	2.487252	2.067359	16.623778	2.498190	2.038928	-4.300240	-16.859500	25.000000
16.607233	2.487252	2.067359	16.623778	2.498190	2.038928	-4.300240	-15.761800	25.000000
16.607233	2.487252	2.067359	16.517869	2.496651	2.052460	-4.300240	-15.164600	25.000000
16.607233	2.487252	2.067359	16.597891	2.500272	2.052460	-4.300240	-14.066900	25.000000
16.607233	2.487252	2.067359	16.625883	2.498021	2.061343	-4.300240	-12.372100	25.000000
16.607233	2.487252	2.067359	16.574076	2.482243	2.052063	-3.452820	-23.638800	25.000000
16.607233	2.487252	2.067359	16.679628	2.483867	2.038830	-3.452820	-21.944000	25.000000
16.607233	2.487252	2.067359	16.625282	2.488110	2.043293	-3.452820	-20.846300	25.000000
16.607233	2.487252	2.067359	16.597891	2.490269	2.034444	-3.452820	-20.249200	25.000000
16.607233	2.487252	2.067359	16.516961	2.496724	2.029939	-3.452820	-19.151500	25.000000
16.607233	2.487252	2.067359	16.651126	2.506051	2.020870	-3.452820	-18.554300	25.000000
16.607233	2.487252	2.067359	16.596988	2.500345	2.029939	-3.452820	-17.456600	25.000000
16.607233	2.487252	2.067359	16.624079	2.508260	2.034444	-3.452820	-16.859500	25.000000
16.607233	2.487252	2.067359	16.570757	2.502469	2.020870	-3.452820	-15.761800	25.000000
16.607233	2.487252	2.067359	16.597891	2.510412	2.025312	-3.452820	-15.164600	25.000000
16.607233	2.487252	2.067359	16.650826	2.506076	2.043493	-3.452820	-14.066900	25.000000
16.607233	2.487252	2.067359	16.651126	2.496002	2.047836	-3.452820	-13.469800	25.000000
16.607233	2.487252	2.067359	16.570456	2.502493	2.043493	-3.452820	-12.372100	25.000000
16.607233	2.487252	2.067359	16.597891	2.500272	2.052460	-3.452820	-11.775000	25.000000
16.607447	2.487235	2.067340	16.545090	2.504559	2.057167	-3.452820	-10.677300	25.000000
16.607179	2.487256	2.067364	16.625883	2.498021	2.061343	-3.452820	-10.080100	25.000000
16.607233	2.487252	2.067359	16.573171	2.482314	2.030039	-2.605400	-23.638800	25.000000
16.607233	2.487252	2.067359	16.625282	2.488110	2.043293	-2.605400	-22.541100	25.000000
16.607233	2.487252	2.067359	16.652327	2.485992	2.030039	-2.605400	-21.944000	25.000000
16.607233	2.487252	2.067359	16.599398	2.490149	2.012225	-2.605400	-20.846300	25.000000
16.607233	2.487252	2.067359	16.630093	2.507768	1.989021	-2.605400	-20.249200	25.000000
16.607233	2.487252	2.067359	16.573774	2.492180	2.003204	-2.605400	-19.151500	25.000000
16.607233	2.487252	2.067359	16.560495	2.513508	1.960844	-2.605400	-18.554300	25.000000
16.607233	2.487252	2.067359	16.529065	2.516131	1.974331	-2.605400	-17.456600	25.000000
16.607233	2.487252	2.067359	16.638510	2.527646	1.978428	-2.605400	-16.859500	25.000000
16.607233	2.487252	2.067359	16.691615	2.523147	1.974331	-2.605400	-15.761800	25.000000
16.607233	2.487252	2.067359	16.657131	2.526062	2.011192	-2.605400	-15.164600	25.000000
16.607233	2.487252	2.067359	16.632799	2.528134	2.001745	-2.605400	-14.066900	25.000000
16.607233	2.487252	2.067359	16.519080	2.516969	2.043703	-2.605400	-13.469800	25.000000
16.607233	2.487252	2.067359	16.626184	2.518319	2.029836	-2.605400	-12.372100	25.000000
16.607233	2.487252	2.067359	16.625583	2.508137	2.057167	-2.605400	-11.775000	25.000000
16.607447	2.487235	2.067340	16.598193	2.510387	2.048142	-2.605400	-10.677300	25.000000
16.607286	2.487248	2.067354	16.597891	2.500272	2.052460	-2.605400	-8.982420	25.000000
16.607233	2.487252	2.067359	16.545996	2.484436	2.043293	-1.757980	-25.333700	25.000000
16.607233	2.487252	2.067359	16.574076	2.482243	2.052063	-1.757980	-24.236000	25.000000
16.607233	2.487252	2.067359	16.625583	2.488087	2.021170	-1.757980	-23.638800	25.000000
16.607233	2.487252	2.067359	16.657131	2.475837	2.012708	-1.757980	-22.541100	25.000000
16.607233	2.487252	2.067359	16.421937	2.504457	1.970312	-1.757980	-21.944000	25.000000
16.607233	2.487252	2.067359	16.747836	2.478612	1.969319	-1.757980	-20.846300	25.000000
16.607233	2.487252	2.067359	16.585837	2.511407	1.915197	-1.757980	-20.249200	25.000000
16.607233	2.487252	2.067359	16.686821	2.513282	1.860300	-1.757980	-19.151500	25.000000
16.607233	2.487252	2.067359	16.599831	2.541547	1.854078	-1.757980	-18.554300	25.000000
16.607233	2.487252	2.067359	16.578468	2.532804	1.855181	-1.757980	-17.456600	25.000000
16.607233	2.487252	2.067359	16.595255	2.563651	1.855914	-1.757980	-16.859500	25.000000
16.607233	2.487252	2.067359	16.647594	2.569856	1.872886	-1.757980	-15.761800	25.000000
16.607233	2.487252	2.067359	16.582219	2.576012	1.903223	-1.757980	-15.164600	25.000000
16.607233	2.487252	2.067359	16.643918	2.559183	1.951303	-1.757980	-14.066900	25.000000
16.607233	2.487252	2.067359	16.605120	2.530505	2.015667	-1.757980	-13.469800	25.000000
16.607233	2.487252	2.067359	16.596385	2.552610	1.995628	-1.757980	-12.372100	25.000000
16.607233	2.487252	2.067359	16.548716	2.524861	2.048462	-1.757980	-11.775000	25.000000
16.607447	2.487235	2.067340	16.626184	2.518319	2.029836	-1.757980	-10.677300	25.000000
16.607179	2.487256	2.067364	16.625583	2.508137	2.057167	-1.757980	-10.080100	25.000000
16.607286	2.487248	2.067354	16.545090	2.504559	2.057167	-1.757980	-8.982420	25.000000
16.607236	2.487252	2.067360	16.574076	2.482243	2.052063	-0.910559	-27.028500	25.000000
16.607236	2.487252	2.067360	16.628590	2.478025	2.047544	-0.910559	-25.930800	25.000000
16.607236	2.487252	2.067360	16.518475	2.486598	2.034444	-0.910559	-25.333700	25.000000
16.607236	2.487252	2.067360	16.600602	2.480184	2.038830	-0.910559	-24.236000	25.000000
16.607236	2.487252	2.067360	16.679628	2.474121	1.947706	-0.910559	-23.638800	25.000000
16.607236	2.487252	2.067360	16.630995	2.477840	2.003886	-0.910559	-22.541100	25.000000
16.607236	2.487252	2.067360	16.716758	2.471308	1.843805	-0.910559	-21.944000	25.000000
16.607236	2.487252	2.067360	16.396951	2.486236	1.886218	-0.910559	-20.846300	25.000000
16.607236	2.487252	2.067360	17.596591	2.419078	1.996001	-0.910559	-20.249200	25.000000
16.607236	2.487252	2.067360	15.538983	2.585789	2.094481	-0.910559	-19.151500	25.000000
16.607236	2.487252	2.067360	15.864741	2.269121	2.455284	-0.910559	-18.554300	25.000000
16.607236	2.487252	2.067360	17.289014	2.314109	2.367305	-0.910559	-17.456600	25.000000
16.607236	2.487252	2.067360	15.450566	2.547128	2.158799	-0.910559	-16.859500	25.000000
16.607236	2.487252	2.067360	17.682760	2.286311	2.088084	-0.910559	-15.761800	25.000000
16.607236	2.487252	2.067360	16.486965	2.608592	1.975688	-0.910559	-15.164600	25.000000
16.607236	2.487252	2.067360	16.707483	2.564308	1.941120	-0.910559	-14.066900	25.000000
16.607236	2.487252	2.067360	16.440499	2.613403	1.980442	-0.910559	-13.469800	25.000000
16.607236	2.487252	2.067360	16.671533	2.578771	1.938777	-0.910559	-12.372100	25.000000
16.607236	2.487252	2.067360	16.502727	2.539419	2.048797	-0.910559	-11.775000	25.000000
16.607450	2.487235	2.067341	16.619567	2.550526	2.005467	-0.910559	-10.677300	25.000000
16.607182	2.487256	2.067365	16.679029	2.513925	2.048142	-0.910559	-10.080100	25.000000
16.607289	2.487248	2.067355	16.573473	2.512431	2.061960	-0.910559	-8.982420	25.000000
16.607289	2.487248	2.067355	16.573171	2.502273	2.066108	-0.910559	-8.385280	25.000000
16.607243	2.487251	2.067362	16.628590	2.478025	2.047544	-0.063138	-27.028500	25.000000
16.607243	2.487251	2.067362	16.574076	2.482243	2.052063	-0.063138	-25.930800	25.000000
16.607243	2.487251	2.067362	16.608733	2.469822	1.999826	-0.063138	-25.333700	25.000000
16.607243	2.487251	2.067362	16.628289	2.478048	2.025711	-0.063138	-24.236000	25.000000
16.607243	2.487251	2.067362	16.523014	2.466628	1.947706	-0.063138	-23.638800	25.000000
16.607243	2.487251	2.067362	16.753209	2.449640	1.904381	-0.063138	-22.541100	25.000000
16.607243	2.487251	2.067362	16.774087	2.457519	2.051320	-0.063138	-21.944000	25.000000
16.607243	2.487251	2.067362	16.405182	2.273309	2.509273	-0.063138	-20.846300	25.000000
16.607243	2.487251	2.067362	16.016242	2.167513	2.637427	-0.063138	-20.249200	25.000000
16.607243	2.487251	2.067362	17.138845	1.947208	2.630228	-0.063138	-19.151500	25.000000
16.607243	2.487251	2.067362	15.152412	1.614368	2.874182	-0.063138	-18.554300	25.000000
16.607243	2.487251	2.067362	17.922558	1.659628	2.708011	-0.063138	-17.456600	25.000000
16.607243	2.487251	2.067362	15.489997	1.940698	2.405175	-0.063138	-16.859500	25.000000
16.607243	2.487251	2.067362	17.613063	1.587830	2.376272	-0.063138	-15.761800	25.000000
16.607243	2.487251	2.067362	15.338840	2.119465	2.464465	-0.063138	-15.164600	25.000000
16.607243	2.487251	2.067362	17.715812	1.898370	2.457541	-0.063138	-14.066900	25.000000
16.607243	2.487251	2.067362	15.195394	2.536796	2.216612	-0.063138	-13.469800	25.000000
16.607243	2.487251	2.067362	17.870926	2.453099	1.912043	-0.063138	-12.372100	25.000000
16.607243	2.487251	2.067362	16.824387	2.564531	1.985702	-0.063138	-11.775000	25.000000
16.607457	2.487234	2.067343	16.393596	2.606246	2.029096	-0.063138	-10.677300	25.000000
16.607190	2.487255	2.067367	16.627086	2.518244	2.052875	-0.063138	-10.080100	25.000000
16.607297	2.487247	2.067357	16.579505	2.532714	2.053310	-0.063138	-8.982420	25.000000
16.607297	2.487247	2.067357	16.573171	2.502273	2.066108	-0.063138	-8.385280	25.000000
16.607297	2.487247	2.067357	16.705987	2.501613	2.061343	-0.063138	-7.287580	25.000000
16.607244	2.487251	2.067362	16.574076	2.482243	2.052063	0.784282	-28.723400	25.000000
16.607244	2.487251	2.067362	16.574076	2.482243	2.052063	0.784282	-27.028500	25.000000
16.607244	2.487251	2.067362	16.600602	2.480184	2.038830	0.784282	-25.930800	25.000000
16.607244	2.487251	2.067362	16.819929	2.444867	1.980554	0.784282	-25.333700	25.000000
16.607244	2.487251	2.067362	16.422850	2.474285	1.986024	0.784282	-24.236000	25.000000
16.607244	2.487251	2.067362	16.283120	2.475254	2.012225	0.784282	-23.638800	25.000000
16.607244	2.487251	2.067362	16.922766	2.484600	2.647651	0.784282	-22.541100	25.000000
16.607244	2.487251	2.067362	18.429707	1.684991	2.905092	0.784282	-21.944000	25.000000
16.607244	2.487251	2.067362	14.275630	1.989183	3.581925	0.784282	-20.846300	25.000000
16.607244	2.487251	2.067362	17.278021	1.301312	2.966573	0.784282	-20.249200	25.000000
16.607244	2.487251	2.067362	15.863795	1.322407	2.891882	0.784282	-19.151500	25.000000
16.607244	2.487251	2.067362	15.751190	1.152375	2.749474	0.784282	-18.554300	25.000000
16.607244	2.487251	2.067362	17.405172	1.273416	2.653756	0.784282	-17.456600	25.000000
16.607244	2.487251	2.067362	15.627220	1.442463	2.397267	0.784282	-16.859500	25.000000
16.607244	2.487251	2.067362	17.604829	1.210901	2.343320	0.784282	-15.761800	25.000000
16.607244	2.487251	2.067362	17.676326	1.408857	2.474014	0.784282	-15.164600	25.000000
16.607244	2.487251	2.067362	15.399078	1.470623	2.513756	0.784282	-14.066900	25.000000
16.607244	2.487251	2.067362	18.376616	1.880457	2.077895	0.784282	-13.469800	25.000000
16.607244	2.487251	2.067362	14.425325	2.528732	2.279423	0.784282	-12.372100	25.000000
16.607244	2.487251	2.067362	16.697605	2.634947	1.990274	0.784282	-11.775000	25.000000
16.607458	2.487234	2.067344	16.588550	2.610078	2.039763	0.784282	-10.677300	25.000000
16.607191	2.487255	2.067367	16.759475	2.559563	2.044152	0.784282	-10.080100	25.000000
16.607298	2.487247	2.067358	16.506059	2.539125	2.072703	0.784282	-8.982420	25.000000
16.607298	2.487247	2.067358	16.573473	2.512431	2.061960	0.784282	-8.385280	25.000000
16.607298	2.487247	2.067358	16.573171	2.502273	2.066108	0.784282	-7.287580	25.000000
16.607233	2.487252	2.067359	16.574076	2.482243	2.052063	1.631700	-28.723400	25.000000
16.607233	2.487252	2.067359	16.628590	2.478025	2.047544	1.631700	-27.625700	25.000000
16.607233	2.487252	2.067359	16.688918	2.463802	2.025897	1.631700	-27.028500	25.000000
16.607233	2.487252	2.067359	16.577093	2.472226	2.034444	1.631700	-25.930800	25.000000
16.607233	2.487252	2.067359	16.796726	2.419079	1.929567	1.631700	-25.333700	25.000000
16.607233	2.487252	2.067359	16.421328	2.445408	1.970701	1.631700	-24.236000	25.000000
16.607233	2.487252	2.067359	15.226621	2.368639	2.855541	1.631700	-23.638800	25.000000
16.607233	2.487252	2.067359	17.684739	2.324310	3.992830	1.631700	-22.541100	25.000000
16.607233	2.487252	2.067359	17.837320	1.480976	4.213491	1.631700	-21.944000	25.000000
16.607233	2.487252	2.067359	14.898658	1.096832	3.432327	1.631700	-20.846300	25.000000
16.607233	2.487252	2.067359	17.267429	0.700616	3.295813	1.631700	-20.249200	25.000000
16.607233	2.487252	2.067359	15.902516	0.762435	3.324703	1.631700	-19.151500	25.000000
16.607233	2.487252	2.067359	15.544131	0.698881	2.434051	1.631700	-18.554300	25.000000
16.607233	2.487252	2.067359	17.610792	0.805491	2.490218	1.631700	-17.456600	25.000000
16.607233	2.487252	2.067359	17.566161	0.879431	2.097275	1.631700	-16.859500	25.000000
16.607233	2.487252	2.067359	15.533512	0.936926	2.350545	1.631700	-15.761800	25.000000
16.607233	2.487252	2.067359	15.897799	1.021503	2.444966	1.631700	-15.164600	25.000000
16.607233	2.487252	2.067359	17.332917	1.044962	2.346761	1.631700	-14.066900	25.000000
16.607233	2.487252	2.067359	13.420600	1.492478	2.403778	1.631700	-13.469800	25.000000
16.607233	2.487252	2.067359	19.098576	1.844373	2.063633	1.631700	-12.372100	25.000000
16.607233	2.487252	2.067359	14.901342	2.529971	2.347930	1.631700	-11.775000	25.000000
16.607447	2.487235	2.067340	18.171681	2.383873	1.991460	1.631700	-10.677300	25.000000
16.607179	2.487256	2.067364	16.665533	2.590701	2.060079	1.631700	-10.080100	25.000000
16.607286	2.487248	2.067354	16.595481	2.552692	2.068411	1.631700	-8.982420	25.000000
16.607286	2.487248	2.067354	16.573473	2.512431	2.061960	1.631700	-8.385280	25.000000
16.607286	2.487248	2.067354	16.498788	2.518677	2.080922	1.631700	-7.287580	25.000000
16.607286	2.487248	2.067354	16.601807	2.499957	2.074962	1.631700	-5.592740	25.000000
16.607233	2.487252	2.067359	16.495151	2.478529	2.052063	2.479120	-28.723400	25.000000
16.607233	2.487252	2.067359	16.563212	2.454033	2.013171	2.479120	-27.028500	25.000000
16.607233	2.487252	2.067359	16.582822	2.462135	2.038736	2.479120	-25.930800	25.000000
16.607233	2.487252	2.067359	16.589454	2.433369	1.930652	2.479120	-25.333700	25.000000
16.607233	2.487252	2.067359	16.549622	2.426915	1.968424	2.479120	-24.236000	25.000000
16.607233	2.487252	2.067359	11.349449	2.159271	4.077362	2.479120	-23.638800	25.000000
16.607233	2.487252	2.067359	20.454095	2.298161	4.413409	2.479120	-22.541100	25.000000
16.607233	2.487252	2.067359	10.002000	1.550799	4.068888	2.479120	-21.944000	25.000000
16.607233	2.487252	2.067359	20.915305	1.083140	4.323843	2.479120	-20.846300	25.000000
16.607233	2.487252	2.067359	17.484279	0.528364	3.574793	2.479120	-20.249200	25.000000
16.607233	2.487252	2.067359	15.692992	0.509474	3.646153	2.479120	-19.151500	25.000000
16.607233	2.487252	2.067359	17.915636	0.618187	2.073218	2.479120	-18.554300	25.000000
16.607233	2.487252	2.067359	15.247951	0.574513	1.877281	2.479120	-17.456600	25.000000
16.607233	2.487252	2.067359	16.233915	0.631822	2.095117	2.479120	-16.859500	25.000000
16.607233	2.487252	2.067359	17.061360	0.608393	1.798364	2.479120	-15.761800	25.000000
16.607233	2.487252	2.067359	16.803571	0.686222	2.059649	2.479120	-15.164600	25.000000
16.607233	2.487252	2.067359	16.403048	0.675583	2.091152	2.479120	-14.066900	25.000000
16.607233	2.487252	2.067359	17.935997	1.385755	2.067427	2.479120	-13.469800	25.000000
16.607233	2.487252	2.067359	15.154207	0.999047	2.239410	2.479120	-12.372100	25.000000
16.607233	2.487252	2.067359	11.103603	2.349665	2.472780	2.479120	-11.775000	25.000000
16.607447	2.487235	2.067340	20.477060	2.031300	1.909787	2.479120	-10.677300	25.000000
16.607179	2.487256	2.067364	16.508786	2.618354	2.104979	2.479120	-10.080100	25.000000
16.607286	2.487248	2.067354	16.677530	2.578202	2.074623	2.479120	-8.982420	25.000000
16.607286	2.487248	2.067354	16.549924	2.514388	2.075895	2.479120	-8.385280	25.000000
16.607286	2.487248	2.067354	16.684424	2.523753	2.066840	2.479120	-7.287580	25.000000
16.607286	2.487248	2.067354	16.601807	2.499957	2.074962	2.479120	-6.690440	25.000000
16.607233	2.487252	2.067359	16.628590	2.478025	2.047544	3.326540	-28.723400	25.000000
16.607233	2.487252	2.067359	16.574076	2.482243	2.052063	3.326540	-27.625700	25.000000
16.607233	2.487252	2.067359	16.667933	2.455838	2.021733	3.326540	-27.028500	25.000000
16.607233	2.487252	2.067359	16.525738	2.437883	2.005164	3.326540	-25.930800	25.000000
16.607233	2.487252	2.067359	16.583727	2.406384	1.957980	3.326540	-25.333700	25.000000
16.607233	2.487252	2.067359	16.619567	2.459402	1.983207	3.326540	-24.236000	25.000000
16.607233	2.487252	2.067359	13.543264	2.675727	2.700000	3.326540	-23.638800	25.000000
16.607233	2.487252	2.067359	17.950209	1.911614	3.880998	3.326540	-22.541100	25.000000
16.607233	2.487252	2.067359	19.315538	1.068456	4.035803	3.326540	-21.944000	25.000000
16.607233	2.487252	2.067359	13.023440	1.447630	3.598320	3.326540	-20.846300	25.000000
16.607233	2.487252	2.067359	15.224270	0.420179	3.507148	3.326540	-20.249200	25.000000
16.607233	2.487252	2.067359	17.881065	0.462810	3.286147	3.326540	-19.151500	25.000000
16.607233	2.487252	2.067359	15.757538	0.733999	2.021733	3.326540	-18.554300	25.000000
16.607233	2.487252	2.067359	17.402586	0.655102	2.009133	3.326540	-17.456600	25.000000
16.607233	2.487252	2.067359	16.850816	0.641585	1.967876	3.326540	-16.859500	25.000000
16.607233	2.487252	2.067359	16.407620	0.593688	2.083186	3.326540	-15.761800	25.000000
16.607233	2.487252	2.067359	17.068945	0.509619	1.961338	3.326540	-15.164600	25.000000
16.607233	2.487252	2.067359	16.093816	0.619830	1.844835	3.326540	-14.066900	25.000000
16.607233	2.487252	2.067359	18.585478	0.803641	1.913820	3.326540	-13.469800	25.000000
16.607233	2.487252	2.067359	14.358969	1.069531	1.970474	3.326540	-12.372100	25.000000
16.607233	2.487252	2.067359	15.508385	1.564348	1.851753	3.326540	-11.775000	25.000000
16.607447	2.487235	2.067340	17.206394	2.427264	1.943066	3.326540	-10.677300	25.000000
16.607179	2.487256	2.067364	16.807736	2.635401	2.083854	3.326540	-10.080100	25.000000
16.607286	2.487248	2.067354	16.415541	2.603997	2.135701	3.326540	-8.982420	25.000000
16.607286	2.487248	2.067354	16.448100	2.522980	2.086041	3.326540	-8.385280	25.000000
16.607286	2.487248	2.067354	16.743357	2.529130	2.080922	3.326540	-7.287580	25.000000
16.607286	2.487248	2.067354	16.601807	2.499957	2.074962	3.326540	-6.690440	25.000000
16.607286	2.487248	2.067354	16.601807	2.499957	2.074962	3.326540	-5.592740	25.000000
16.607233	2.487252	2.067359	16.633701	2.467936	2.051684	4.173960	-28.723400	25.000000
16.607233	2.487252	2.067359	16.833894	2.425582	2.010157	4.173960	-27.028500	25.000000
16.607233	2.487252	2.067359	16.436849	2.444279	2.021733	4.173960	-25.930800	25.000000
16.607233	2.487252	2.067359	16.709578	2.521637	2.173084	4.173960	-25.333700	25.000000
16.607233	2.487252	2.067359	16.478471	2.413475	1.993650	4.173960	-24.236000	25.000000
16.607233	2.487252	2.067359	16.889346	1.452100	3.964947	4.173960	-23.638800	25.000000
16.607233	2.487252	2.067359	13.518876	2.731882	3.404587	4.173960	-22.541100	25.000000
16.607233	2.487252	2.067359	17.374119	0.623993	4.116190	4.173960	-21.944000	25.000000
16.607233	2.487252	2.067359	15.849921	1.019653	4.388297	4.173960	-20.846300	25.000000
16.607233	2.487252	2.067359	15.916537	0.045588	4.590770	4.173960	-20.249200	25.000000
16.607233	2.487252	2.067359	17.266722	0.087940	4.438618	4.173960	-19.151500	25.000000
16.607233	2.487252	2.067359	14.638647	0.560343	2.219439	4.173960	-18.554300	25.000000
16.607233	2.487252	2.067359	18.338211	0.622349	1.874797	4.173960	-17.456600	25.000000
16.607233	2.487252	2.067359	16.460863	0.717728	2.009656	4.173960	-16.859500	25.000000
16.607233	2.487252	2.067359	16.711074	0.716680	2.095592	4.173960	-15.761800	25.000000
16.607233	2.487252	2.067359	16.153637	0.603518	2.255758	4.173960	-15.164600	25.000000
16.607233	2.487252	2.067359	17.135052	0.700508	2.123638	4.173960	-14.066900	25.000000
16.607233	2.487252	2.067359	14.624979	0.798982	2.089942	4.173960	-13.469800	25.000000
16.607233	2.487252	2.067359	18.427697	1.041791	1.910438	4.173960	-12.372100	25.000000
16.607233	2.487252	2.067359	17.056084	2.342976	2.074715	4.173960	-11.775000	25.000000
16.607447	2.487235	2.067340	15.890563	1.577089	1.992216	4.173960	-10.677300	25.000000
16.607179	2.487256	2.067364	16.529065	2.604291	2.145685	4.173960	-10.080100	25.000000
16.607286	2.487248	2.067354	16.703892	2.622080	2.158799	4.173960	-8.982420	25.000000
16.607286	2.487248	2.067354	16.561703	2.534257	2.091255	4.173960	-8.385280	25.000000
16.607286	2.487248	2.067354	16.608733	2.519783	2.089942	4.173960	-7.287580	25.000000
16.607286	2.487248	2.067354	16.601807	2.499957	2.074962	4.173960	-6.690440	25.000000
16.607286	2.487248	2.067354	16.549622	2.504189	2.079867	4.173960	-5.592740	25.000000
16.607233	2.487252	2.067359	16.657131	2.475837	2.056180	5.021380	-28.723400	25.000000
16.607233	2.487252	2.067359	16.526948	2.466331	2.043102	5.021380	-27.625700	25.000000
16.607233	2.487252	2.067359	16.580712	2.415624	2.001935	5.021380	-27.028500	25.000000
16.607233	2.487252	2.067359	16.762160	2.439705	2.030312	5.021380	-25.930800	25.000000
16.607233	2.487252	2.067359	17.619875	2.508004	2.081619	5.021380	-25.333700	25.000000
16.607233	2.487252	2.067359	15.471587	2.686957	2.397837	5.021380	-24.236000	25.000000
16.607233	2.487252	2.067359	8.059057	1.093802	5.529397	5.021380	-23.638800	25.000000
16.607233	2.487252	2.067359	18.570808	2.309188	4.383961	5.021380	-22.541100	25.000000
16.607233	2.487252	2.067359	15.423683	0.939735	5.233527	5.021380	-21.944000	25.000000
16.607233	2.487252	2.067359	17.720327	0.787803	5.362259	5.021380	-20.846300	25.000000
16.607233	2.487252	2.067359	17.991745	0.101031	4.839478	5.021380	-20.249200	25.000000
16.607233	2.487252	2.067359	15.153709	0.441600	5.577574	5.021380	-19.151500	25.000000
16.607233	2.487252	2.067359	18.265815	0.403351	2.096863	5.021380	-18.554300	25.000000
16.607233	2.487252	2.067359	14.716317	0.555954	2.173084	5.021380	-17.456600	25.000000
16.607233	2.487252	2.067359	16.819334	0.705899	1.907039	5.021380	-16.859500	25.000000
16.607233	2.487252	2.067359	16.459951	0.587510	2.024640	5.021380	-15.761800	25.000000
16.607233	2.487252	2.067359	16.263763	0.591570	2.167973	5.021380	-15.164600	25.000000
16.607233	2.487252	2.067359	16.878981	0.603227	2.001745	5.021380	-14.066900	25.000000
16.607233	2.487252	2.067359	17.218595	0.660242	2.000559	5.021380	-13.469800	25.000000
16.607233	2.487252	2.067359	15.970598	1.009566	2.203943	5.021380	-12.372100	25.000000
16.607233	2.487252	2.067359	13.892242	1.435053	2.273907	5.021380	-11.775000	25.000000
16.607447	2.487235	2.067340	18.752133	1.865685	2.002036	5.021380	-10.677300	25.000000
16.607179	2.487256	2.067364	16.886089	2.537755	2.095117	5.021380	-10.080100	25.000000
16.607286	2.487248	2.067354	16.209257	2.533114	2.179754	5.021380	-8.982420	25.000000
16.607286	2.487248	2.067354	16.690117	2.523273	2.089942	5.021380	-8.385280	25.000000
16.607286	2.487248	2.067354	16.541161	2.536047	2.105751	5.021380	-7.287580	25.000000
16.607286	2.487248	2.067354	16.601807	2.499957	2.074962	5.021380	-6.690440	25.000000
16.607286	2.487248	2.067354	16.601807	2.499957	2.074962	5.021380	-5.592740	25.000000
16.607233	2.487252	2.067359	16.633701	2.467936	2.051684	5.868800	-28.723400	25.000000
16.607233	2.487252	2.067359	16.578601	2.472111	2.056180	5.868800	-27.625700	25.000000
16.607233	2.487252	2.067359	16.685922	2.435835	2.030312	5.868800	-27.028500	25.000000
16.607233	2.487252	2.067359	16.562910	2.407775	2.018316	5.868800	-25.930800	25.000000
16.607233	2.487252	2.067359	15.278089	2.683074	2.240918	5.868800	-25.333700	25.000000
16.607233	2.487252	2.067359	17.800281	2.494335	1.942652	5.868800	-24.236000	25.000000
16.607233	2.487252	2.067359	17.334936	1.899744	5.489167	5.868800	-23.638800	25.000000
16.607233	2.487252	2.067359	12.175796	2.971457	2.459276	5.868800	-22.541100	25.000000
16.607233	2.487252	2.067359	10.885771	1.469574	5.213210	5.868800	-21.944000	25.000000
16.607233	2.487252	2.067359	20.352150	0.818969	4.806703	5.868800	-20.846300	25.000000
16.607233	2.487252	2.067359	16.463900	0.453461	3.926991	5.868800	-20.249200	25.000000
16.607233	2.487252	2.067359	16.744253	0.523712	4.011535	5.868800	-19.151500	25.000000
16.607233	2.487252	2.067359	15.198355	0.447773	2.507210	5.868800	-18.554300	25.000000
16.607233	2.487252	2.067359	17.871206	0.595001	2.128337	5.868800	-17.456600	25.000000
16.607233	2.487252	2.067359	16.300307	0.813301	2.151773	5.868800	-16.859500	25.000000
16.607233	2.487252	2.067359	16.844287	0.670279	2.241060	5.868800	-15.761800	25.000000
16.607233	2.487252	2.067359	16.577696	0.576316	2.029493	5.868800	-15.164600	25.000000
16.607233	2.487252	2.067359	16.630394	0.682992	2.111216	5.868800	-14.066900	25.000000
16.607233	2.487252	2.067359	17.305779	0.544849	2.109304	5.868800	-13.469800	25.000000
16.607233	2.487252	2.067359	15.950862	0.765604	2.070865	5.868800	-12.372100	25.000000
16.607233	2.487252	2.067359	12.499296	1.705612	1.951303	5.868800	-11.775000	25.000000
16.607447	2.487235	2.067340	19.894645	1.412811	1.828120	5.868800	-10.677300	25.000000
16.607179	2.487256	2.067364	16.810116	2.445565	2.042743	5.868800	-10.080100	25.000000
16.607286	2.487248	2.067354	16.488481	2.530033	2.114839	5.868800	-8.982420	25.000000
16.607286	2.487248	2.067354	16.426807	2.524803	2.100386	5.868800	-8.385280	25.000000
16.607286	2.487248	2.067354	16.750821	2.528496	2.104099	5.868800	-7.287580	25.000000
16.607286	2.487248	2.067354	16.601807	2.499957	2.074962	5.868800	-6.690440	25.000000
16.607286	2.487248	2.067354	16.521804	2.496334	2.074962	5.868800	-5.592740	25.000000
16.607233	2.487252	2.067359	16.662833	2.465749	2.060189	6.716220	-28.723400	25.000000
16.607233	2.487252	2.067359	16.578601	2.472111	2.056180	6.716220	-27.625700	25.000000
16.607233	2.487252	2.067359	16.815766	2.417796	2.026412	6.716220	-27.028500	25.000000
16.607233	2.487252	2.067359	16.447188	2.434122	2.046996	6.716220	-25.930800	25.000000
16.607233	2.487252	2.067359	16.132266	2.457266	2.016902	6.716220	-25.333700	25.000000
16.607233	2.487252	2.067359	17.123376	2.363817	1.963667	6.716220	-24.236000	25.000000
16.607233	2.487252	2.067359	17.081323	2.521379	4.189245	6.716220	-23.638800	25.000000
16.607233	2.487252	2.067359	15.985709	2.191699	4.694699	6.716220	-22.541100	25.000000
16.607233	2.487252	2.067359	14.998000	0.620751	4.223106	6.716220	-21.944000	25.000000
16.607233	2.487252	2.067359	17.306068	1.605473	4.449180	6.716220	-20.846300	25.000000
16.607233	2.487252	2.067359	17.302604	0.264694	4.820851	6.716220	-20.249200	25.000000
16.607233	2.487252	2.067359	16.046285	0.396724	4.721582	6.716220	-19.151500	25.000000
16.607233	2.487252	2.067359	18.296888	0.314402	1.427150	6.716220	-18.554300	25.000000
16.607233	2.487252	2.067359	14.655047	0.276100	2.253356	6.716220	-17.456600	25.000000
16.607233	2.487252	2.067359	16.490603	0.672505	2.112885	6.716220	-16.859500	25.000000
16.607233	2.487252	2.067359	16.654429	0.645853	2.070143	6.716220	-15.761800	25.000000
16.607233	2.487252	2.067359	16.909760	0.721152	2.106608	6.716220	-15.164600	25.000000
16.607233	2.487252	2.067359	16.304907	0.697204	2.329174	6.716220	-14.066900	25.000000
16.607233	2.487252	2.067359	15.079456	0.682672	2.161714	6.716220	-13.469800	25.000000
16.607233	2.487252	2.067359	18.070418	0.822119	2.024309	6.716220	-12.372100	25.000000
16.607233	2.487252	2.067359	19.792486	1.870845	1.751596	6.716220	-11.775000	25.000000
16.607447	2.487235	2.067340	12.497556	1.383263	1.784165	6.716220	-10.677300	25.000000
16.607179	2.487256	2.067364	16.895266	2.536968	2.118359	6.716220	-10.080100	25.000000
16.607286	2.487248	2.067354	16.386885	2.549782	2.098083	6.716220	-8.982420	25.000000
16.607286	2.487248	2.067354	16.780346	2.526000	2.112986	6.716220	-8.385280	25.000000
16.607286	2.487248	2.067354	16.506362	2.518038	2.104099	6.716220	-7.287580	25.000000
16.607286	2.487248	2.067354	16.498788	2.498190	2.088689	6.716220	-6.690440	25.000000
16.607286	2.487248	2.067354	16.601807	2.499957	2.074962	6.716220	-5.592740	25.000000
16.607233	2.487252	2.067359	16.657131	2.475837	2.056180	7.563640	-28.723400	25.000000
16.607233	2.487252	2.067359	16.529670	2.466125	2.064738	7.563640	-27.625700	25.000000
16.607233	2.487252	2.067359	16.548716	2.417805	2.054849	7.563640	-27.028500	25.000000
16.607233	2.487252	2.067359	16.791069	2.437671	2.038559	7.563640	-25.930800	25.000000
16.607233	2.487252	2.067359	16.802678	2.316465	2.023575	7.563640	-25.333700	25.000000
16.607233	2.487252	2.067359	16.449620	2.344940	2.038246	7.563640	-24.236000	25.000000
16.607233	2.487252	2.067359	18.047052	2.247390	4.868658	7.563640	-23.638800	25.000000
16.607233	2.487252	2.067359	14.841752	2.652257	3.961460	7.563640	-22.541100	25.000000
16.607233	2.487252	2.067359	17.074835	1.518063	4.967325	7.563640	-21.944000	25.000000
16.607233	2.487252	2.067359	15.929218	1.066275	5.543441	7.563640	-20.846300	25.000000
16.607233	2.487252	2.067359	16.630394	0.692464	5.760535	7.563640	-20.249200	25.000000
16.607233	2.487252	2.067359	16.579807	0.743898	5.947351	7.563640	-19.151500	25.000000
16.607233	2.487252	2.067359	17.604249	0.283810	0.690582	7.563640	-18.554300	25.000000
16.607233	2.487252	2.067359	15.520596	0.346151	6.124905	7.563640	-17.456600	25.000000
16.607233	2.487252	2.067359	16.333527	0.491508	1.402662	7.563640	-16.859500	25.000000
16.607233	2.487252	2.067359	16.879870	0.525774	1.440585	7.563640	-15.761800	25.000000
16.607233	2.487252	2.067359	15.727950	0.413879	1.939559	7.563640	-15.164600	25.000000
16.607233	2.487252	2.067359	17.467524	0.549067	1.834932	7.563640	-14.066900	25.000000
16.607233	2.487252	2.067359	18.097030	0.745237	1.738624	7.563640	-13.469800	25.000000
16.607233	2.487252	2.067359	14.927120	0.898190	1.684953	7.563640	-12.372100	25.000000
16.607233	2.487252	2.067359	21.489067	1.873211	1.772016	7.563640	-11.775000	25.000000
16.607447	2.487235	2.067340	8.640602	1.852256	1.953540	7.563640	-10.677300	25.000000
16.607179	2.487256	2.067364	16.539045	2.568883	2.189749	7.563640	-10.080100	25.000000
16.607286	2.487248	2.067354	16.684724	2.577519	2.221024	7.563640	-8.982420	25.000000
16.607286	2.487248	2.067354	16.748731	2.518370	2.107707	7.563640	-8.385280	25.000000
16.607286	2.487248	2.067354	16.586742	2.511332	2.107707	7.563640	-7.287580	25.000000
16.607286	2.487248	2.067354	16.630995	2.497611	2.083731	7.563640	-5.592740	25.000000
16.607233	2.487252	2.067359	16.607829	2.469890	2.064738	8.411060	-28.723400	25.000000
16.607233	2.487252	2.067359	16.686222	2.473620	2.064738	8.411060	-27.625700	25.000000
16.607233	2.487252	2.067359	16.439282	2.444103	2.064096	8.411060	-27.028500	25.000000
16.607233	2.487252	2.067359	16.820523	2.435611	2.046738	8.411060	-25.930800	25.000000
16.607233	2.487252	2.067359	16.479684	2.326351	2.075466	8.411060	-25.333700	25.000000
16.607233	2.487252	2.067359	16.802976	2.366219	2.038246	8.411060	-24.236000	25.000000
16.607233	2.487252	2.067359	17.290948	2.620963	0.499532	8.411060	-23.638800	25.000000
16.607233	2.487252	2.067359	15.027302	2.657410	4.007949	8.411060	-22.541100	25.000000
16.607233	2.487252	2.067359	16.046495	2.008398	6.103332	8.411060	-21.944000	25.000000
16.607233	2.487252	2.067359	17.068392	1.682344	5.623176	8.411060	-20.846300	25.000000
16.607233	2.487252	2.067359	17.159837	1.018691	5.420273	8.411060	-20.249200	25.000000
16.607233	2.487252	2.067359	15.820240	1.315181	6.165313	8.411060	-19.151500	25.000000
16.607233	2.487252	2.067359	18.408586	0.517296	0.028234	8.411060	-18.554300	25.000000
16.607233	2.487252	2.067359	14.589643	0.500517	6.264188	8.411060	-17.456600	25.000000
16.607233	2.487252	2.067359	14.629422	0.666343	0.667833	8.411060	-16.859500	25.000000
16.607233	2.487252	2.067359	18.418740	0.518264	0.808650	8.411060	-15.761800	25.000000
16.607233	2.487252	2.067359	16.417064	0.615952	1.135443	8.411060	-15.164600	25.000000
16.607233	2.487252	2.067359	16.811008	0.427228	0.887087	8.411060	-14.066900	25.000000
16.607233	2.487252	2.067359	16.185796	1.075007	1.322411	8.411060	-13.469800	25.000000
16.607233	2.487252	2.067359	16.942550	0.902383	1.201463	8.411060	-12.372100	25.000000
16.607233	2.487252	2.067359	12.570139	2.415545	2.100941	8.411060	-11.775000	25.000000
16.607447	2.487235	2.067340	19.375657	1.627599	1.638568	8.411060	-10.677300	25.000000
16.607179	2.487256	2.067364	16.493332	2.551050	2.185983	8.411060	-10.080100	25.000000
16.607286	2.487248	2.067354	16.786304	2.557138	2.233733	8.411060	-8.982420	25.000000
16.607286	2.487248	2.067354	16.586742	2.511332	2.107707	8.411060	-8.385280	25.000000
16.607286	2.487248	2.067354	16.607829	2.509594	2.093735	8.411060	-7.287580	25.000000
16.607286	2.487248	2.067354	16.521804	2.496334	2.074962	8.411060	-6.690440	25.000000
16.607262	2.487250	2.067368	16.578601	2.472111	2.056180	9.258490	-27.625700	25.000000
16.607262	2.487250	2.067368	16.526645	2.437818	2.067904	9.258490	-27.028500	25.000000
16.607262	2.487250	2.067368	16.696706	2.453734	2.051320	9.258490	-25.930800	25.000000
16.607262	2.487250	2.067368	16.701497	2.389811	2.054049	9.258490	-25.333700	25.000000
16.607262	2.487250	2.067368	16.617461	2.335112	2.075466	9.258490	-24.236000	25.000000
16.607262	2.487250	2.067368	15.726589	2.468849	2.186538	9.258490	-23.638800	25.000000
16.607262	2.487250	2.067368	17.314806	2.780795	1.158386	9.258490	-22.541100	25.000000
16.607262	2.487250	2.067368	16.771178	2.254975	5.498875	9.258490	-21.944000	25.000000
16.607262	2.487250	2.067368	16.005936	2.551594	0.428486	9.258490	-20.846300	25.000000
16.607262	2.487250	2.067368	18.883127	1.182465	5.755523	9.258490	-20.249200	25.000000
16.607262	2.487250	2.067368	13.405853	1.748519	5.192984	9.258490	-19.151500	25.000000
16.607262	2.487250	2.067368	13.842326	0.900418	0.318835	9.258490	-18.554300	25.000000
16.607262	2.487250	2.067368	18.976564	0.808858	0.183111	9.258490	-17.456600	25.000000
16.607262	2.487250	2.067368	19.138182	0.678447	0.571838	9.258490	-16.859500	25.000000
16.607262	2.487250	2.067368	13.562817	0.874397	0.242648	9.258490	-15.761800	25.000000
16.607262	2.487250	2.067368	17.931815	0.985926	0.966098	9.258490	-15.164600	25.000000
16.607262	2.487250	2.067368	15.118862	0.775117	0.637830	9.258490	-14.066900	25.000000
16.607262	2.487250	2.067368	17.052273	1.340045	1.074815	9.258490	-13.469800	25.000000
16.607262	2.487250	2.067368	16.229603	1.257623	0.932477	9.258490	-12.372100	25.000000
16.607262	2.487250	2.067368	11.095945	1.752033	1.330262	9.258490	-11.775000	25.000000
16.607476	2.487233	2.067349	20.233094	2.314623	1.955668	9.258490	-10.677300	25.000000
16.607208	2.487254	2.067372	16.637608	2.538236	2.205823	9.258490	-10.080100	25.000000
16.607315	2.487246	2.067363	16.563212	2.523628	2.155909	9.258490	-8.982420	25.000000
16.607315	2.487246	2.067363	16.527250	2.506019	2.093735	9.258490	-8.385280	25.000000
16.607315	2.487246	2.067363	16.740669	2.498835	2.092415	9.258490	-7.287580	25.000000
16.607233	2.487252	2.067359	16.593071	2.451845	2.064096	10.105900	-27.028500	25.000000
16.607233	2.487252	2.067359	16.718253	2.461625	2.055717	10.105900	-25.930800	25.000000
16.607233	2.487252	2.067359	16.772000	2.411766	2.054441	10.105900	-25.333700	25.000000
16.607233	2.487252	2.067359	16.435936	2.380414	2.097601	10.105900	-24.236000	25.000000
16.607233	2.487252	2.067359	16.744551	2.431737	2.046738	10.105900	-23.638800	25.000000
16.607233	2.487252	2.067359	16.399390	2.330974	2.109773	10.105900	-22.541100	25.000000
16.607233	2.487252	2.067359	14.292884	2.747998	3.264680	10.105900	-21.944000	25.000000
16.607233	2.487252	2.067359	18.052114	2.636736	0.018440	10.105900	-20.846300	25.000000
16.607233	2.487252	2.067359	14.720394	2.161626	5.870775	10.105900	-20.249200	25.000000
16.607233	2.487252	2.067359	18.254041	1.664062	5.863844	10.105900	-19.151500	25.000000
16.607233	2.487252	2.067359	18.179849	1.453364	0.404165	10.105900	-18.554300	25.000000
16.607233	2.487252	2.067359	14.875715	1.494760	0.336675	10.105900	-17.456600	25.000000
16.607233	2.487252	2.067359	17.782193	1.104156	0.101047	10.105900	-16.859500	25.000000
16.607233	2.487252	2.067359	15.252355	1.079172	6.200464	10.105900	-15.761800	25.000000
16.607233	2.487252	2.067359	16.512423	1.600475	1.001279	10.105900	-15.164600	25.000000
16.607233	2.487252	2.067359	16.716567	1.199832	0.730907	10.105900	-14.066900	25.000000
16.607233	2.487252	2.067359	13.800725	1.933768	0.911793	10.105900	-13.469800	25.000000
16.607233	2.487252	2.067359	18.990787	1.729432	0.963565	10.105900	-12.372100	25.000000
16.607233	2.487252	2.067359	14.994332	2.365424	1.599360	10.105900	-11.775000	25.000000
16.607447	2.487235	2.067340	18.179109	2.432746	2.102520	10.105900	-10.677300	25.000000
16.607179	2.487256	2.067364	16.435936	2.513590	2.127200	10.105900	-10.080100	25.000000
16.607286	2.487248	2.067354	16.725430	2.510112	2.161608	10.105900	-8.982420	25.000000
16.607286	2.487248	2.067354	16.551133	2.493984	2.083731	10.105900	-8.385280	25.000000
16.607286	2.487248	2.067354	16.660732	2.495237	2.092415	10.105900	-7.287580	25.000000
16.607117	2.487261	2.067324	16.607829	2.469890	2.064738	10.953300	-27.028500	25.000000
16.607117	2.487261	2.067324	16.614752	2.459759	2.068619	10.953300	-25.930800	25.000000
16.607117	2.487261	2.067324	16.776472	2.411468	2.074423	10.953300	-25.333700	25.000000
16.607117	2.487261	2.067324	16.532997	2.437366	2.088784	10.953300	-24.236000	25.000000
16.607117	2.487261	2.067324	16.219741	2.350189	2.158799	10.953300	-23.638800	25.000000
16.607117	2.487261	2.067324	16.961427	2.332010	2.100043	10.953300	-22.541100	25.000000
16.607117	2.487261	2.067324	14.923083	2.551569	2.417551	10.953300	-21.944000	25.000000
16.607117	2.487261	2.067324	18.002080	2.677753	1.455066	10.953300	-20.846300	25.000000
16.607117	2.487261	2.067324	14.829700	2.490960	0.201762	10.953300	-20.249200	25.000000
16.607117	2.487261	2.067324	18.113807	2.536724	0.633793	10.953300	-19.151500	25.000000
16.607117	2.487261	2.067324	18.334121	2.034489	0.368049	10.953300	-18.554300	25.000000
16.607117	2.487261	2.067324	14.730580	2.326290	0.065327	10.953300	-17.456600	25.000000
16.607117	2.487261	2.067324	16.854080	1.719678	0.304674	10.953300	-16.859500	25.000000
16.607117	2.487261	2.067324	16.275442	1.806452	0.056901	10.953300	-15.761800	25.000000
16.607117	2.487261	2.067324	18.376616	1.920721	1.114921	10.953300	-15.164600	25.000000
16.607117	2.487261	2.067324	14.512753	2.284445	0.830529	10.953300	-14.066900	25.000000
16.607117	2.487261	2.067324	14.161723	2.699468	1.800564	10.953300	-13.469800	25.000000
16.607117	2.487261	2.067324	18.712830	2.266950	1.317372	10.953300	-12.372100	25.000000
16.607117	2.487261	2.067324	16.566834	2.512981	2.195819	10.953300	-11.775000	25.000000
16.607331	2.487244	2.067305	16.720048	2.500484	2.214297	10.953300	-10.677300	25.000000
16.607063	2.487265	2.067329	16.506059	2.507762	2.107707	10.953300	-10.080100	25.000000
16.607170	2.487257	2.067319	16.650225	2.496074	2.128337	10.953300	-8.982420	25.000000
16.607170	2.487257	2.067319	16.630995	2.497611	2.083731	10.953300	-8.385280	25.000000
16.607407	2.487238	2.067411	16.637608	2.467642	2.073218	11.800800	-27.028500	25.000000
16.607407	2.487238	2.067411	16.504848	2.468005	2.077895	11.800800	-25.930800	25.000000
16.607407	2.487238	2.067411	16.710476	2.443371	2.076087	11.800800	-25.333700	25.000000
16.607407	2.487238	2.067411	16.543579	2.455479	2.089942	11.800800	-24.236000	25.000000
16.607407	2.487238	2.067411	16.361846	2.403161	2.136133	11.800800	-23.638800	25.000000
16.607407	2.487238	2.067411	16.807141	2.383112	2.096380	11.800800	-22.541100	25.000000
16.607407	2.487238	2.067411	16.498788	2.350519	2.168255	11.800800	-21.944000	25.000000
16.607407	2.487238	2.067411	16.600602	2.361456	2.161174	11.800800	-20.846300	25.000000
16.607407	2.487238	2.067411	16.996764	2.423534	2.014447	11.800800	-20.249200	25.000000
16.607407	2.487238	2.067411	14.971626	2.950816	1.157579	11.800800	-18.554300	25.000000
16.607407	2.487238	2.067411	18.044448	2.552204	1.409581	11.800800	-17.456600	25.000000
16.607407	2.487238	2.067411	14.949916	2.625127	1.137442	11.800800	-16.859500	25.000000
16.607407	2.487238	2.067411	18.144696	2.409862	1.081324	11.800800	-15.761800	25.000000
16.607407	2.487238	2.067411	16.727223	2.460962	1.820383	11.800800	-15.164600	25.000000
16.607407	2.487238	2.067411	16.537835	2.525790	2.109420	11.800800	-14.066900	25.000000
16.607407	2.487238	2.067411	16.628590	2.497804	2.228325	11.800800	-13.469800	25.000000
16.607407	2.487238	2.067411	16.665533	2.494856	2.236206	11.800800	-12.372100	25.000000
16.607407	2.487238	2.067411	16.549018	2.504239	2.139083	11.800800	-11.775000	25.000000
16.607621	2.487222	2.067392	16.715861	2.490879	2.180713	11.800800	-10.677300	25.000000
16.607353	2.487243	2.067416	16.528763	2.495775	2.097424	11.800800	-10.080100	25.000000
16.607460	2.487234	2.067406	16.713168	2.491090	2.087491	11.800800	-8.982420	25.000000
16.607460	2.487234	2.067406	16.633701	2.487450	2.087491	11.800800	-7.287580	25.000000
16.607407	2.487238	2.067411	16.686222	2.473620	2.064738	12.648200	-27.028500	25.000000
16.607407	2.487238	2.067411	16.583124	2.471766	2.077895	12.648200	-25.930800	25.000000
16.607407	2.487238	2.067411	16.645119	2.457515	2.076971	12.648200	-25.333700	25.000000
16.607407	2.487238	2.067411	16.613549	2.469457	2.086345	12.648200	-24.236000	25.000000
16.607407	2.487238	2.067411	16.730212	2.432735	2.100193	12.648200	-23.638800	25.000000
16.607407	2.487238	2.067411	16.508786	2.448521	2.119346	12.648200	-22.541100	25.000000
16.607407	2.487238	2.067411	16.437153	2.398142	2.183731	12.648200	-21.944000	25.000000
16.607407	2.487238	2.067411	16.774385	2.393902	2.124749	12.648200	-20.846300	25.000000
16.607407	2.487238	2.067411	16.421328	2.372551	2.219551	12.648200	-20.249200	25.000000
16.607407	2.487238	2.067411	16.829736	2.347791	2.214297	12.648200	-19.151500	25.000000
16.607407	2.487238	2.067411	16.538742	2.365243	2.252276	12.648200	-18.554300	25.000000
16.607407	2.487238	2.067411	16.690716	2.417226	2.221531	12.648200	-17.456600	25.000000
16.607407	2.487238	2.067411	16.761265	2.412482	2.248334	12.648200	-16.859500	25.000000
16.607407	2.487238	2.067411	16.442932	2.434425	2.236766	12.648200	-15.761800	25.000000
16.607407	2.487238	2.067411	16.466329	2.461229	2.274187	12.648200	-15.164600	25.000000
16.607407	2.487238	2.067411	16.641214	2.429745	2.258468	12.648200	-14.066900	25.000000
16.607407	2.487238	2.067411	16.499697	2.478177	2.202487	12.648200	-13.469800	25.000000
16.607407	2.487238	2.067411	16.668833	2.484706	2.153349	12.648200	-12.372100	25.000000
16.607407	2.487238	2.067411	16.642416	2.486767	2.109524	12.648200	-11.775000	25.000000
16.607621	2.487222	2.067392	16.538742	2.494975	2.119821	12.648200	-10.677300	25.000000
16.607353	2.487243	2.067416	16.633701	2.487450	2.087491	12.648200	-10.080100	25.000000
16.607407	2.487238	2.067411	16.637608	2.467642	2.073218	13.495600	-25.333700	25.000000
16.607407	2.487238	2.067411	16.553247	2.474049	2.069364	13.495600	-24.236000	25.000000
16.607407	2.487238	2.067411	16.566533	2.463353	2.094716	13.495600	-23.638800	25.000000
16.607407	2.487238	2.067411	16.676031	2.455244	2.085248	13.495600	-22.541100	25.000000
16.607407	2.487238	2.067411	16.575886	2.434325	2.117585	13.495600	-21.944000	25.000000
16.607407	2.487238	2.067411	16.575283	2.453147	2.098187	13.495600	-20.846300	25.000000
16.607407	2.487238	2.067411	16.676331	2.418202	2.156286	13.495600	-20.249200	25.000000
16.607407	2.487238	2.067411	16.570154	2.434730	2.151067	13.495600	-19.151500	25.000000
16.607407	2.487238	2.067411	16.679329	2.427100	2.174026	13.495600	-18.554300	25.000000
16.607407	2.487238	2.067411	16.609937	2.431931	2.192120	13.495600	-17.456600	25.000000
16.607407	2.487238	2.067411	16.660732	2.456366	2.187738	13.495600	-16.859500	25.000000
16.607407	2.487238	2.067411	16.466937	2.442101	2.195432	13.495600	-15.761800	25.000000
16.607407	2.487238	2.067411	16.588550	2.461707	2.172096	13.495600	-15.164600	25.000000
16.607407	2.487238	2.067411	16.641214	2.477055	2.147989	13.495600	-14.066900	25.000000
16.607407	2.487238	2.067411	16.705987	2.481827	2.126290	13.495600	-13.469800	25.000000
16.607407	2.487238	2.067411	16.590359	2.490864	2.114629	13.495600	-12.372100	25.000000
16.607407	2.487238	2.067411	16.528763	2.495775	2.097424	13.495600	-11.775000	25.000000
16.607621	2.487222	2.067392	16.633701	2.487450	2.087491	13.495600	-10.677300	25.000000
16.607460	2.487234	2.067406	16.633701	2.487450	2.087491	13.495600	-8.982420	25.000000
16.607117	2.487261	2.067324	16.583124	2.471766	2.077895	14.343000	-23.638800	25.000000
16.607117	2.487261	2.067324	16.613549	2.469457	2.086345	14.343000	-22.541100	25.000000
16.607117	2.487261	2.067324	16.535417	2.465692	2.086345	14.343000	-21.944000	25.000000
16.607117	2.487261	2.067324	16.566533	2.463353	2.094716	14.343000	-20.846300	25.000000
16.607117	2.487261	2.067324	16.598193	2.460989	2.103006	14.343000	-20.249200	25.000000
16.607117	2.487261	2.067324	16.622274	2.468798	2.107905	14.343000	-19.151500	25.000000
16.607117	2.487261	2.067324	16.609335	2.460161	2.124330	14.343000	-18.554300	25.000000
16.607117	2.487261	2.067324	16.576489	2.462608	2.116158	14.343000	-17.456600	25.000000
16.607117	2.487261	2.067324	16.548414	2.474419	2.126290	14.343000	-16.859500	25.000000
16.607117	2.487261	2.067324	16.687121	2.463936	2.124330	14.343000	-15.761800	25.000000
16.607117	2.487261	2.067324	16.647522	2.476572	2.112885	14.343000	-15.164600	25.000000
16.607117	2.487261	2.067324	16.563212	2.483090	2.109524	14.343000	-14.066900	25.000000
16.607117	2.487261	2.067324	16.607829	2.479625	2.082652	14.343000	-13.469800	25.000000
16.607117	2.487261	2.067324	16.532090	2.485527	2.101012	14.343000	-12.372100	25.000000
16.607117	2.487261	2.067324	16.559589	2.473563	2.091152	15.190400	-21.944000	25.000000
16.607117	2.487261	2.067324	16.607829	2.479625	2.082652	15.190400	-20.846300	25.000000
16.607117	2.487261	2.067324	16.613549	2.469457	2.086345	15.190400	-20.249200	25.000000
16.607117	2.487261	2.067324	16.559589	2.473563	2.091152	15.190400	-19.151500	25.000000
16.607117	2.487261	2.067324	16.638209	2.477286	2.091152	15.190400	-18.554300	25.000000
16.607117	2.487261	2.067324	16.669133	2.474920	2.099569	15.190400	-17.456600	25.000000
16.607117	2.487261	2.067324	16.638209	2.477286	2.091152	15.190400	-16.859500	25.000000
16.607117	2.487261	2.067324	16.584933	2.481399	2.096040	15.190400	-15.761800	25.000000
16.607117	2.487261	2.067324	16.638209	2.477286	2.091152	15.190400	-15.164600	25.000000
16.607117	2.487261	2.067324	16.633701	2.487450	2.087491	15.190400	-14.066900	25.000000
16.607117	2.487261	2.067324	16.633701	2.487450	2.087491	15.190400	-12.372100	25.000000
16.607117	2.487261	2.067324	16.607829	2.479625	2.082652	16.037800	-21.944000	25.000000
16.607117	2.487261	2.067324	16.607829	2.479625	2.082652	16.037800	-20.846300	25.000000
16.607117	2.487261	2.067324	16.607829	2.479625	2.082652	16.037800	-20.249200	25.000000
16.607117	2.487261	2.067324	16.607829	2.479625	2.082652	16.037800	-19.151500	25.000000
16.607117	2.487261	2.067324	16.686821	2.483309	2.082652	16.037800	-18.554300	25.000000
16.607117	2.487261	2.067324	16.607829	2.479625	2.082652	16.037800	-17.456600	25.000000
16.607117	2.487261	2.067324	16.686821	2.483309	2.082652	16.037800	-16.859500	25.000000
16.607117	2.487261	2.067324	16.686821	2.483309	2.082652	16.037800	-14.066900	25.000000
16.607407	2.487238	2.067411	16.686821	2.483309	2.082652	16.885300	-15.761800	25.000000
