7.879833	2.336487	6.004223	7.936303	2.319129	6.009845	-45.210700	9.950850	25.000000
7.879833	2.336487	6.004223	7.930422	2.319817	6.014819	-44.363300	4.866330	25.000000
7.879833	2.336487	6.004223	7.934330	2.319359	6.011502	-44.363300	8.256010	25.000000
7.879793	2.336492	6.004257	7.940283	2.318663	6.006537	-44.363300	10.548000	25.000000
7.879793	2.336492	6.004257	7.872103	2.326728	6.000090	-44.363300	12.242800	25.000000
7.879793	2.336492	6.004257	7.872103	2.326728	6.000090	-44.363300	13.937700	25.000000
7.879833	2.336487	6.004223	7.856233	2.328634	6.013552	-43.515900	2.073790	25.000000
7.879833	2.336487	6.004223	7.928487	2.320044	6.016480	-43.515900	3.768630	25.000000
7.879833	2.336487	6.004223	7.930422	2.319817	6.014819	-43.515900	5.463470	25.000000
7.879833	2.336487	6.004223	7.862671	2.310503	6.014819	-43.515900	6.561170	25.000000
7.879833	2.336487	6.004223	7.866613	2.310046	6.011502	-43.515900	7.158310	25.000000
7.879833	2.336487	6.004223	7.795742	2.318366	6.006808	-43.515900	8.256010	25.000000
7.879833	2.336487	6.004223	7.872617	2.309351	6.006537	-43.515900	8.853150	25.000000
7.879833	2.336487	6.004223	7.936303	2.319129	6.009845	-43.515900	9.950850	25.000000
7.879793	2.336492	6.004257	7.940283	2.318663	6.006537	-43.515900	10.548000	25.000000
7.879793	2.336492	6.004257	7.805902	2.317160	5.998414	-43.515900	11.645700	25.000000
7.879793	2.336492	6.004257	7.874141	2.326484	5.998414	-43.515900	13.340500	25.000000
7.879793	2.336492	6.004257	7.872103	2.326728	6.000090	-43.515900	13.937700	25.000000
7.879793	2.336492	6.004257	7.872103	2.326728	6.000090	-43.515900	15.632500	25.000000
7.880532	2.336402	6.004266	7.856233	2.328634	6.013552	-42.668500	0.378951	25.000000
7.880526	2.336402	6.004272	7.856233	2.328634	6.013552	-42.668500	2.073790	25.000000
7.880526	2.336402	6.004272	7.856851	2.311179	6.019806	-42.668500	3.171490	25.000000
7.880526	2.336402	6.004272	7.920865	2.320940	6.023139	-42.668500	3.768630	25.000000
7.880526	2.336402	6.004272	7.928487	2.320044	6.016480	-42.668500	4.866330	25.000000
7.880526	2.336402	6.004272	7.934204	2.302306	6.019310	-42.668500	5.463470	25.000000
7.880526	2.336402	6.004272	7.926563	2.320270	6.018142	-42.668500	6.561170	25.000000
7.880526	2.336402	6.004272	7.866613	2.310046	6.011502	-42.668500	7.158310	25.000000
7.880526	2.336402	6.004272	7.871696	2.292407	6.016043	-42.668500	8.256010	25.000000
7.880526	2.336402	6.004272	7.870604	2.309584	6.008191	-42.668500	8.853150	25.000000
7.880526	2.336402	6.004272	7.874643	2.309116	6.004886	-42.668500	9.950850	25.000000
7.880486	2.336407	6.004305	7.876681	2.308881	6.003235	-42.668500	10.548000	25.000000
7.880486	2.336407	6.004305	7.876681	2.308881	6.003235	-42.668500	11.645700	25.000000
7.880486	2.336407	6.004305	7.878731	2.308644	6.001587	-42.668500	12.242800	25.000000
7.880486	2.336407	6.004305	7.874141	2.326484	5.998414	-42.668500	13.340500	25.000000
7.880486	2.336407	6.004305	7.872103	2.326728	6.000090	-42.668500	13.937700	25.000000
7.880486	2.336407	6.004305	7.942292	2.318429	6.004886	-42.668500	15.035400	25.000000
7.879833	2.336487	6.004223	7.856233	2.346307	6.008803	-41.821000	-1.315890	25.000000
7.879839	2.336486	6.004218	7.854305	2.328866	6.015242	-41.821000	0.378951	25.000000
7.879833	2.336487	6.004223	7.854305	2.328866	6.015242	-41.821000	1.476650	25.000000
7.879833	2.336487	6.004223	7.917127	2.321380	6.026477	-41.821000	2.073790	25.000000
7.879833	2.336487	6.004223	7.856851	2.311179	6.019806	-41.821000	3.171490	25.000000
7.879833	2.336487	6.004223	7.930347	2.302743	6.022583	-41.821000	3.768630	25.000000
7.879833	2.336487	6.004223	7.847394	2.312281	6.028148	-41.821000	4.866330	25.000000
7.879833	2.336487	6.004223	7.863867	2.293283	6.022583	-41.821000	5.463470	25.000000
7.879833	2.336487	6.004223	7.860025	2.293714	6.025862	-41.821000	6.561170	25.000000
7.879833	2.336487	6.004223	7.871696	2.292407	6.016043	-41.821000	7.158310	25.000000
7.879833	2.336487	6.004223	7.944407	2.284382	6.020438	-41.821000	8.256010	25.000000
7.879833	2.336487	6.004223	7.879721	2.291511	6.009526	-41.821000	8.853150	25.000000
7.879833	2.336487	6.004223	7.883806	2.291056	6.006276	-41.821000	9.950850	25.000000
7.879793	2.336492	6.004257	7.809744	2.299409	6.003235	-41.821000	10.548000	25.000000
7.879793	2.336492	6.004257	7.820205	2.298215	5.995008	-41.821000	11.645700	25.000000
7.879793	2.336492	6.004257	7.952515	2.317237	5.996651	-41.821000	12.242800	25.000000
7.879793	2.336492	6.004257	7.946345	2.317956	6.001587	-41.821000	13.340500	25.000000
7.879793	2.336492	6.004257	7.874141	2.326484	5.998414	-41.821000	13.937700	25.000000
7.879793	2.336492	6.004257	7.878255	2.325992	5.995068	-41.821000	15.035400	25.000000
7.879793	2.336492	6.004257	7.872103	2.326728	6.000090	-41.821000	15.632500	25.000000
7.879793	2.336492	6.004257	7.876192	2.326238	5.996740	-41.821000	16.730200	25.000000
7.879833	2.336487	6.004223	7.856233	2.328634	6.013552	-40.973600	-1.315890	25.000000
7.879839	2.336486	6.004218	7.854305	2.328866	6.015242	-40.973600	-0.218189	25.000000
7.879839	2.336486	6.004218	7.915276	2.321598	6.028148	-40.973600	0.378951	25.000000
7.879833	2.336487	6.004223	7.922752	2.320718	6.021472	-40.973600	1.476650	25.000000
7.879833	2.336487	6.004223	7.908224	2.305259	6.042339	-40.973600	2.073790	25.000000
7.879833	2.336487	6.004223	7.924651	2.303389	6.027503	-40.973600	3.171490	25.000000
7.879833	2.336487	6.004223	7.841556	2.295794	6.042339	-40.973600	3.768630	25.000000
7.879833	2.336487	6.004223	7.856233	2.294140	6.029146	-40.973600	4.866330	25.000000
7.879833	2.336487	6.004223	7.932370	2.269121	6.042199	-40.973600	5.463470	25.000000
7.879833	2.336487	6.004223	7.871493	2.275631	6.026880	-40.973600	6.561170	25.000000
7.879833	2.336487	6.004223	7.891445	2.256991	6.023110	-40.973600	7.158310	25.000000
7.879833	2.336487	6.004223	7.814960	2.265032	6.020438	-40.973600	8.256010	25.000000
7.879833	2.336487	6.004223	7.826596	2.280520	5.999795	-40.973600	8.853150	25.000000
7.879833	2.336487	6.004223	7.827158	2.263736	6.010816	-40.973600	9.950850	25.000000
7.879793	2.336492	6.004257	7.966806	2.298639	5.993339	-40.973600	10.548000	25.000000
7.879793	2.336492	6.004257	7.897626	2.272819	6.006025	-40.973600	11.645700	25.000000
7.879793	2.336492	6.004257	7.891286	2.307199	5.991729	-40.973600	12.242800	25.000000
7.879793	2.336492	6.004257	7.887053	2.307685	5.995008	-40.973600	13.340500	25.000000
7.879793	2.336492	6.004257	7.814250	2.316172	5.991729	-40.973600	13.937700	25.000000
7.879793	2.336492	6.004257	7.880330	2.325744	5.993397	-40.973600	15.035400	25.000000
7.879793	2.336492	6.004257	7.872103	2.326728	6.000090	-40.973600	16.730200	25.000000
7.879992	2.336468	6.004088	7.872103	2.326728	6.000090	-40.973600	17.327400	25.000000
7.879833	2.336487	6.004223	7.846713	2.329783	6.022017	-40.126200	-1.315890	25.000000
7.879839	2.336486	6.004218	7.915276	2.321598	6.028148	-40.126200	0.378951	25.000000
7.879833	2.336487	6.004223	7.907996	2.322457	6.034848	-40.126200	1.476650	25.000000
7.879833	2.336487	6.004223	7.829406	2.314387	6.044941	-40.126200	2.073790	25.000000
7.879833	2.336487	6.004223	7.914544	2.287653	6.046337	-40.126200	3.171490	25.000000
7.879833	2.336487	6.004223	7.868450	2.259386	6.042199	-40.126200	3.768630	25.000000
7.879833	2.336487	6.004223	7.911233	2.254944	6.076193	-40.126200	4.866330	25.000000
7.879833	2.336487	6.004223	7.845381	2.213146	6.042068	-40.126200	5.463470	25.000000
7.879833	2.336487	6.004223	7.804928	2.233177	6.058700	-40.126200	6.561170	25.000000
7.879833	2.336487	6.004223	7.927301	2.221193	6.025135	-40.126200	7.158310	25.000000
7.879833	2.336487	6.004223	7.857073	2.212033	6.032814	-40.126200	8.256010	25.000000
7.879833	2.336487	6.004223	7.852668	2.228444	6.019473	-40.126200	8.853150	25.000000
7.879833	2.336487	6.004223	7.887230	2.225064	5.994789	-40.126200	9.950850	25.000000
7.879793	2.336492	6.004257	7.861832	2.260079	5.985413	-40.126200	10.548000	25.000000
7.879793	2.336492	6.004257	7.910379	2.271457	5.996481	-40.126200	11.645700	25.000000
7.879793	2.336492	6.004257	7.892123	2.290132	5.999795	-40.126200	12.242800	25.000000
7.879793	2.336492	6.004257	7.846553	2.295230	5.975427	-40.126200	13.340500	25.000000
7.879793	2.336492	6.004257	7.882867	2.308167	5.998294	-40.126200	13.937700	25.000000
7.879793	2.336492	6.004257	7.965180	2.315768	5.986821	-40.126200	15.035400	25.000000
7.879793	2.336492	6.004257	7.876192	2.326238	5.996740	-40.126200	15.632500	25.000000
7.879793	2.336492	6.004257	7.882417	2.325495	5.991729	-40.126200	16.730200	25.000000
7.879992	2.336468	6.004088	7.872103	2.326728	6.000090	-40.126200	17.327400	25.000000
7.879992	2.336468	6.004088	7.874141	2.344080	5.993428	-40.126200	18.425100	25.000000
7.879833	2.336487	6.004223	7.856233	2.328634	6.013552	-39.278800	-1.913030	25.000000
7.879833	2.336487	6.004223	7.909798	2.322244	6.033171	-39.278800	-1.315890	25.000000
7.879839	2.336486	6.004218	7.848592	2.329555	6.020321	-39.278800	-0.218189	25.000000
7.879839	2.336486	6.004218	7.827675	2.314590	6.046627	-39.278800	0.378951	25.000000
7.879833	2.336487	6.004223	7.839777	2.295995	6.043994	-39.278800	1.476650	25.000000
7.879833	2.336487	6.004223	7.929496	2.253067	6.058700	-39.278800	2.073790	25.000000
7.879833	2.336487	6.004223	7.804127	2.282996	6.092430	-39.278800	3.171490	25.000000
7.879833	2.336487	6.004223	7.893827	2.177382	6.120571	-39.278800	3.768630	25.000000
7.879833	2.336487	6.004223	7.952918	2.218745	6.071872	-39.278800	4.866330	25.000000
7.879833	2.336487	6.004223	7.829821	2.136975	6.102114	-39.278800	5.463470	25.000000
7.879833	2.336487	6.004223	7.822506	2.122488	6.062237	-39.278800	6.561170	25.000000
7.879833	2.336487	6.004223	7.898253	2.101849	6.033933	-39.278800	7.158310	25.000000
7.879833	2.336487	6.004223	7.867713	2.104130	6.055391	-39.278800	8.256010	25.000000
7.879833	2.336487	6.004223	7.885867	2.178083	5.990249	-39.278800	8.853150	25.000000
7.879833	2.336487	6.004223	7.852547	2.135136	6.016272	-39.278800	9.950850	25.000000
7.879793	2.336492	6.004257	7.915908	2.238274	5.962452	-39.278800	10.548000	25.000000
7.879793	2.336492	6.004257	7.901449	2.207847	6.000777	-39.278800	11.645700	25.000000
7.879793	2.336492	6.004257	7.878585	2.274865	5.963015	-39.278800	12.242800	25.000000
7.879793	2.336492	6.004257	7.910379	2.271457	5.996481	-39.278800	13.340500	25.000000
7.879793	2.336492	6.004257	7.828793	2.297239	5.988455	-39.278800	13.937700	25.000000
7.879793	2.336492	6.004257	7.904277	2.305710	5.981928	-39.278800	15.035400	25.000000
7.879793	2.336492	6.004257	7.891286	2.307199	5.991729	-39.278800	15.632500	25.000000
7.879793	2.336492	6.004257	7.880330	2.325744	5.993397	-39.278800	16.730200	25.000000
7.879992	2.336468	6.004088	7.874141	2.326484	5.998414	-39.278800	17.327400	25.000000
7.879992	2.336468	6.004088	7.876192	2.326238	5.996740	-39.278800	18.425100	25.000000
7.879793	2.336492	6.004257	7.872103	2.326728	6.000090	-39.278800	19.022200	25.000000
7.880526	2.336402	6.004272	7.922752	2.320718	6.021472	-38.431400	-3.010730	25.000000
7.880526	2.336402	6.004272	7.918990	2.321160	6.024807	-38.431400	-1.913030	25.000000
7.880526	2.336402	6.004272	7.907996	2.322457	6.034848	-38.431400	-1.315890	25.000000
7.880532	2.336402	6.004266	7.838246	2.313350	6.036527	-38.431400	-0.218189	25.000000
7.880532	2.336402	6.004266	7.907566	2.288422	6.052864	-38.431400	0.378951	25.000000
7.880526	2.336402	6.004272	7.871271	2.292454	6.090768	-38.431400	1.476650	25.000000
7.880526	2.336402	6.004272	7.892934	2.208646	6.169393	-38.431400	2.073790	25.000000
7.880526	2.336402	6.004272	7.863689	2.227363	6.079493	-38.431400	3.171490	25.000000
7.880526	2.336402	6.004272	7.872204	2.103793	6.129190	-38.431400	3.768630	25.000000
7.880526	2.336402	6.004272	7.988173	1.982959	6.210710	-38.431400	4.866330	25.000000
7.880526	2.336402	6.004272	7.877284	1.822255	6.098643	-38.431400	5.463470	25.000000
7.880526	2.336402	6.004272	7.839579	1.856573	6.207331	-38.431400	6.561170	25.000000
7.880526	2.336402	6.004272	7.952264	1.778517	6.066886	-38.431400	7.158310	25.000000
7.880526	2.336402	6.004272	7.875005	1.855252	6.078006	-38.431400	8.256010	25.000000
7.880526	2.336402	6.004272	8.057915	2.006386	5.948448	-38.431400	8.853150	25.000000
7.880526	2.336402	6.004272	7.812740	1.937338	6.052173	-38.431400	9.950850	25.000000
7.880486	2.336407	6.004305	7.952710	2.112443	5.932659	-38.431400	10.548000	25.000000
7.880486	2.336407	6.004305	7.819776	2.168416	5.996174	-38.431400	11.645700	25.000000
7.880486	2.336407	6.004305	7.819086	2.264593	5.959857	-38.431400	12.242800	25.000000
7.880486	2.336407	6.004305	7.932270	2.220717	5.965941	-38.431400	13.340500	25.000000
7.880486	2.336407	6.004305	7.865087	2.293146	5.962507	-38.431400	13.937700	25.000000
7.880486	2.336407	6.004305	7.897728	2.306460	5.986821	-38.431400	15.035400	25.000000
7.880486	2.336407	6.004305	7.897728	2.306460	5.986821	-38.431400	15.632500	25.000000
7.880486	2.336407	6.004305	7.814250	2.316172	5.991729	-38.431400	16.730200	25.000000
7.880685	2.336383	6.004136	7.876192	2.326238	5.996740	-38.431400	18.425100	25.000000
7.880486	2.336407	6.004305	7.872103	2.326728	6.000090	-38.431400	19.022200	25.000000
7.880526	2.336402	6.004272	7.854305	2.328866	6.015242	-37.584000	-3.607870	25.000000
7.880526	2.336402	6.004272	7.915276	2.321598	6.028148	-37.584000	-3.010730	25.000000
7.880526	2.336402	6.004272	7.848592	2.329555	6.020321	-37.584000	-1.913030	25.000000
7.880526	2.336402	6.004272	7.894454	2.306835	6.055618	-37.584000	-1.315890	25.000000
7.880532	2.336402	6.004266	7.829406	2.314387	6.044941	-37.584000	-0.218189	25.000000
7.880532	2.336402	6.004266	7.907111	2.288473	6.145087	-37.584000	0.378951	25.000000
7.880526	2.336402	6.004272	7.830894	2.263340	6.077655	-37.584000	1.476650	25.000000
7.880526	2.336402	6.004272	7.838648	2.005334	6.229715	-37.584000	2.073790	25.000000
7.880526	2.336402	6.004272	7.855724	2.165304	6.233994	-37.584000	3.171490	25.000000
7.880526	2.336402	6.004272	8.587142	1.348883	0.135313	-37.584000	3.768630	25.000000
7.880526	2.336402	6.004272	7.037642	1.585006	0.102497	-37.584000	4.866330	25.000000
7.880526	2.336402	6.004272	7.144928	1.058870	6.186712	-37.584000	5.463470	25.000000
7.880526	2.336402	6.004272	8.547754	1.083816	0.450623	-37.584000	6.561170	25.000000
7.880526	2.336402	6.004272	7.975487	1.381593	6.191138	-37.584000	7.158310	25.000000
7.880526	2.336402	6.004272	7.847885	1.381074	6.240354	-37.584000	8.256010	25.000000
7.880526	2.336402	6.004272	6.904412	1.184704	5.886710	-37.584000	8.853150	25.000000
7.880526	2.336402	6.004272	8.746062	0.976106	6.083083	-37.584000	9.950850	25.000000
7.880486	2.336407	6.004305	7.933373	2.041798	5.879036	-37.584000	10.548000	25.000000
7.880486	2.336407	6.004305	7.715834	1.873486	5.967016	-37.584000	11.645700	25.000000
7.880486	2.336407	6.004305	7.917702	2.222116	5.926273	-37.584000	12.242800	25.000000
7.880486	2.336407	6.004305	7.840083	2.151322	5.952270	-37.584000	13.340500	25.000000
7.880486	2.336407	6.004305	7.903170	2.272226	5.947292	-37.584000	13.937700	25.000000
7.880486	2.336407	6.004305	7.776092	2.286113	5.978674	-37.584000	15.035400	25.000000
7.880486	2.336407	6.004305	7.835975	2.313616	5.975133	-37.584000	15.632500	25.000000
7.880486	2.336407	6.004305	7.888751	2.324740	5.986732	-37.584000	16.730200	25.000000
7.880685	2.336383	6.004136	7.882417	2.325495	5.991729	-37.584000	17.327400	25.000000
7.880685	2.336383	6.004136	7.878255	2.325992	5.995068	-37.584000	18.425100	25.000000
7.879833	2.336487	6.004223	7.854305	2.346548	6.010520	-36.736500	-4.705570	25.000000
7.879833	2.336487	6.004223	7.904429	2.322879	6.038207	-36.736500	-3.010730	25.000000
7.879833	2.336487	6.004223	7.914013	2.339174	6.023715	-36.736500	-1.913030	25.000000
7.879833	2.336487	6.004223	7.864916	2.310242	6.087477	-36.736500	-1.315890	25.000000
7.879839	2.336486	6.004218	7.892788	2.307026	6.057284	-36.736500	-0.218189	25.000000
7.879839	2.336486	6.004218	7.823784	2.264094	6.206668	-36.736500	0.378951	25.000000
7.879833	2.336487	6.004223	7.934034	2.173870	6.180471	-36.736500	1.476650	25.000000
7.879833	2.336487	6.004223	8.118479	1.625020	0.162310	-36.736500	2.073790	25.000000
7.879833	2.336487	6.004223	7.576952	1.880600	0.179730	-36.736500	3.171490	25.000000
7.879833	2.336487	6.004223	8.052391	1.671558	6.229487	-36.736500	3.768630	25.000000
7.879833	2.336487	6.004223	7.734326	1.631602	0.239324	-36.736500	4.866330	25.000000
7.879833	2.336487	6.004223	7.887966	1.893296	6.135617	-36.736500	5.463470	25.000000
7.879833	2.336487	6.004223	7.871188	1.907437	6.194231	-36.736500	6.561170	25.000000
7.879833	2.336487	6.004223	8.387664	1.060068	6.038870	-36.736500	7.158310	25.000000
7.879833	2.336487	6.004223	7.337636	1.266288	6.278900	-36.736500	8.256010	25.000000
7.879833	2.336487	6.004223	7.821157	1.432267	5.983073	-36.736500	8.853150	25.000000
7.879833	2.336487	6.004223	8.032297	1.183996	6.029077	-36.736500	9.950850	25.000000
7.879793	2.336492	6.004257	8.103092	1.383352	5.712603	-36.736500	10.548000	25.000000
7.879793	2.336492	6.004257	7.629685	1.110384	5.924415	-36.736500	11.645700	25.000000
7.879793	2.336492	6.004257	8.083316	2.131710	5.845676	-36.736500	12.242800	25.000000
7.879793	2.336492	6.004257	7.601973	2.079122	5.961435	-36.736500	13.340500	25.000000
7.879793	2.336492	6.004257	7.891825	2.290165	5.944921	-36.736500	13.937700	25.000000
7.879793	2.336492	6.004257	7.864636	2.243422	5.943442	-36.736500	15.035400	25.000000
7.879793	2.336492	6.004257	7.897728	2.306460	5.986821	-36.736500	15.632500	25.000000
7.879793	2.336492	6.004257	7.919981	2.303919	5.970569	-36.736500	16.730200	25.000000
7.879992	2.336468	6.004088	7.880330	2.325744	5.993397	-36.736500	17.327400	25.000000
7.879992	2.336468	6.004088	7.886628	2.324993	5.988396	-36.736500	18.425100	25.000000
7.879793	2.336492	6.004257	7.874141	2.326484	5.998414	-36.736500	19.022200	25.000000
7.879833	2.336487	6.004223	7.848592	2.329555	6.020321	-35.889100	-4.705570	25.000000
7.879833	2.336487	6.004223	7.894460	2.341571	6.042489	-35.889100	-3.010730	25.000000
7.879833	2.336487	6.004223	7.906206	2.322669	6.036527	-35.889100	-1.913030	25.000000
7.879833	2.336487	6.004223	7.866359	2.310075	6.085790	-35.889100	-1.315890	25.000000
7.879839	2.336486	6.004218	7.916950	2.287388	6.130154	-35.889100	-0.218189	25.000000
7.879839	2.336486	6.004218	7.929193	2.174291	0.093572	-35.889100	0.378951	25.000000
7.879833	2.336487	6.004223	7.877081	2.017098	0.039416	-35.889100	1.476650	25.000000
7.879833	2.336487	6.004223	7.742667	2.069026	6.110302	-35.889100	2.073790	25.000000
7.879833	2.336487	6.004223	7.990344	1.996540	0.400922	-35.889100	3.171490	25.000000
7.879833	2.336487	6.004223	7.576120	2.628353	5.937630	-35.889100	3.768630	25.000000
7.879833	2.336487	6.004223	8.146343	2.474508	5.815988	-35.889100	4.866330	25.000000
7.879833	2.336487	6.004223	8.129391	2.903470	5.728456	-35.889100	5.463470	25.000000
7.879833	2.336487	6.004223	7.690208	2.821668	5.700917	-35.889100	6.561170	25.000000
7.879833	2.336487	6.004223	7.995524	2.587686	0.052333	-35.889100	7.158310	25.000000
7.879833	2.336487	6.004223	7.796955	2.409654	5.836703	-35.889100	8.256010	25.000000
7.879833	2.336487	6.004223	7.455200	2.105646	5.742766	-35.889100	8.853150	25.000000
7.879833	2.336487	6.004223	8.157205	1.934260	5.990472	-35.889100	9.950850	25.000000
7.879793	2.336492	6.004257	8.154753	0.743997	5.730344	-35.889100	10.548000	25.000000
7.879793	2.336492	6.004257	7.603946	0.781074	5.710725	-35.889100	11.645700	25.000000
7.879793	2.336492	6.004257	8.394046	1.835984	5.780883	-35.889100	12.242800	25.000000
7.879793	2.336492	6.004257	7.398649	2.018073	5.866483	-35.889100	13.340500	25.000000
7.879793	2.336492	6.004257	7.941007	2.251890	5.890639	-35.889100	13.937700	25.000000
7.879793	2.336492	6.004257	7.741608	2.223214	5.943442	-35.889100	15.035400	25.000000
7.879793	2.336492	6.004257	7.872236	2.292346	5.957689	-35.889100	15.632500	25.000000
7.879793	2.336492	6.004257	7.906485	2.305458	5.980300	-35.889100	16.730200	25.000000
7.879992	2.336468	6.004088	7.888751	2.324740	5.986732	-35.889100	17.327400	25.000000
7.879992	2.336468	6.004088	7.884516	2.325244	5.990061	-35.889100	18.425100	25.000000
7.879833	2.336487	6.004223	7.846713	2.329783	6.022017	-35.041700	-4.705570	25.000000
7.879833	2.336487	6.004223	7.915864	2.338948	6.022017	-35.041700	-3.607870	25.000000
7.879833	2.336487	6.004223	7.884060	2.325299	6.058474	-35.041700	-3.010730	25.000000
7.879833	2.336487	6.004223	7.826851	2.332192	6.040775	-35.041700	-1.913030	25.000000
7.879833	2.336487	6.004223	7.851630	2.277784	6.130154	-35.041700	-1.315890	25.000000
7.879839	2.336486	6.004218	7.880355	2.291440	6.198642	-35.041700	-0.218189	25.000000
7.879839	2.336486	6.004218	7.556858	2.037475	0.120312	-35.041700	0.378951	25.000000
7.879833	2.336487	6.004223	8.274056	1.994263	0.254625	-35.041700	1.476650	25.000000
7.879833	2.336487	6.004223	7.767039	2.793043	4.667137	-35.041700	2.073790	25.000000
7.879833	2.336487	6.004223	7.944608	2.598136	6.166077	-35.041700	3.171490	25.000000
7.879833	2.336487	6.004223	7.738404	2.844766	4.137866	-35.041700	3.768630	25.000000
7.879833	2.336487	6.004223	8.109014	2.500725	4.464409	-35.041700	4.866330	25.000000
7.879833	2.336487	6.004223	7.917101	2.579740	3.233693	-35.041700	5.463470	25.000000
7.879833	2.336487	6.004223	7.813396	2.601190	3.042186	-35.041700	6.561170	25.000000
7.879833	2.336487	6.004223	7.938293	2.895952	2.352532	-35.041700	7.158310	25.000000
7.879833	2.336487	6.004223	7.766524	2.934140	3.298520	-35.041700	8.256010	25.000000
7.879833	2.336487	6.004223	7.629889	3.053050	4.503366	-35.041700	8.853150	25.000000
7.879833	2.336487	6.004223	8.124346	2.716117	6.238439	-35.041700	9.950850	25.000000
7.879793	2.336492	6.004257	7.809584	1.915636	5.691409	-35.041700	10.548000	25.000000
7.879793	2.336492	6.004257	7.914803	1.597332	6.001413	-35.041700	11.645700	25.000000
7.879793	2.336492	6.004257	7.032361	1.540930	5.588447	-35.041700	12.242800	25.000000
7.879793	2.336492	6.004257	8.613153	1.285996	5.678406	-35.041700	13.340500	25.000000
7.879793	2.336492	6.004257	7.814864	2.168843	5.904117	-35.041700	13.937700	25.000000
7.879793	2.336492	6.004257	7.953616	2.234543	5.855237	-35.041700	15.035400	25.000000
7.879793	2.336492	6.004257	7.863644	2.310390	5.955447	-35.041700	15.632500	25.000000
7.879793	2.336492	6.004257	7.874643	2.292078	5.956087	-35.041700	16.730200	25.000000
7.879992	2.336468	6.004088	7.895195	2.323974	5.981750	-35.041700	17.327400	25.000000
7.879992	2.336468	6.004088	7.888751	2.324740	5.986732	-35.041700	18.425100	25.000000
7.879793	2.336492	6.004257	7.878255	2.325992	5.995068	-35.041700	19.022200	25.000000
7.879793	2.336492	6.004257	7.876192	2.326238	5.996740	-35.041700	20.119900	25.000000
7.880526	2.336402	6.004272	7.856233	2.328634	6.013552	-34.194300	-5.302710	25.000000
7.880526	2.336402	6.004272	7.915864	2.338948	6.022017	-34.194300	-4.705570	25.000000
7.880526	2.336402	6.004272	7.910348	2.339622	6.027115	-34.194300	-3.607870	25.000000
7.880526	2.336402	6.004272	7.880838	2.325683	6.061871	-34.194300	-3.010730	25.000000
7.880526	2.336402	6.004272	7.871467	2.326804	6.072092	-34.194300	-1.913030	25.000000
7.880526	2.336402	6.004272	7.844262	2.229272	6.246267	-34.194300	-1.315890	25.000000
7.880532	2.336402	6.004266	7.931418	2.302621	6.268610	-34.194300	-0.218189	25.000000
7.880532	2.336402	6.004266	7.723736	2.481236	5.679376	-34.194300	0.378951	25.000000
7.880526	2.336402	6.004272	8.062314	2.177979	0.080131	-34.194300	1.476650	25.000000
7.880526	2.336402	6.004272	7.938514	2.487499	4.239482	-34.194300	2.073790	25.000000
7.880526	2.336402	6.004272	7.874008	2.437193	3.587698	-34.194300	3.171490	25.000000
7.880526	2.336402	6.004272	8.064738	2.177770	4.208223	-34.194300	3.768630	25.000000
7.880526	2.336402	6.004272	7.702597	2.057115	3.664382	-34.194300	4.866330	25.000000
7.880526	2.336402	6.004272	8.117980	1.975979	2.933682	-34.194300	5.463470	25.000000
7.880526	2.336402	6.004272	7.527476	1.937656	2.886949	-34.194300	6.561170	25.000000
7.880526	2.336402	6.004272	7.707406	2.311322	2.821510	-34.194300	7.158310	25.000000
7.880526	2.336402	6.004272	8.018260	2.212591	2.945724	-34.194300	8.256010	25.000000
7.880526	2.336402	6.004272	7.737571	2.522162	1.864385	-34.194300	8.853150	25.000000
7.880526	2.336402	6.004272	8.063876	2.647649	2.876946	-34.194300	9.950850	25.000000
7.880486	2.336407	6.004305	7.919653	2.654884	5.875103	-34.194300	10.548000	25.000000
7.880486	2.336407	6.004305	7.878096	2.074132	6.265796	-34.194300	11.645700	25.000000
7.880486	2.336407	6.004305	7.332803	0.960917	5.509551	-34.194300	12.242800	25.000000
7.880486	2.336407	6.004305	8.488816	1.345060	5.506334	-34.194300	13.340500	25.000000
7.880486	2.336407	6.004305	8.180465	2.138701	5.767636	-34.194300	13.937700	25.000000
7.880486	2.336407	6.004305	7.629548	2.153749	5.896848	-34.194300	15.035400	25.000000
7.880486	2.336407	6.004305	7.867458	2.292881	5.960899	-34.194300	15.632500	25.000000
7.880486	2.336407	6.004305	7.917380	2.287341	5.929120	-34.194300	16.730200	25.000000
7.880685	2.336383	6.004136	7.824960	2.314910	5.983409	-34.194300	17.327400	25.000000
7.880685	2.336383	6.004136	7.966078	2.332876	5.980093	-34.194300	18.425100	25.000000
7.880486	2.336407	6.004305	7.876192	2.326238	5.996740	-34.194300	20.119900	25.000000
7.880526	2.336402	6.004272	7.910348	2.339622	6.027115	-33.346900	-4.705570	25.000000
7.880526	2.336402	6.004272	7.974842	2.331828	6.036527	-33.346900	-3.607870	25.000000
7.880526	2.336402	6.004272	7.866950	2.327345	6.077220	-33.346900	-3.010730	25.000000
7.880526	2.336402	6.004272	7.851344	2.329223	6.096113	-33.346900	-1.913030	25.000000
7.880526	2.336402	6.004272	7.740310	2.159801	0.105853	-33.346900	-1.315890	25.000000
7.880532	2.336402	6.004266	7.917222	2.270728	0.135825	-33.346900	-0.218189	25.000000
7.880532	2.336402	6.004266	8.010618	2.167301	4.803049	-33.346900	0.378951	25.000000
7.880526	2.336402	6.004272	7.561085	2.293321	0.159352	-33.346900	1.476650	25.000000
7.880526	2.336402	6.004272	7.250000	1.959847	3.605240	-33.346900	2.073790	25.000000
7.880526	2.336402	6.004272	8.430160	1.842201	3.804796	-33.346900	3.171490	25.000000
7.880526	2.336402	6.004272	8.402791	1.580674	4.045083	-33.346900	3.768630	25.000000
7.880526	2.336402	6.004272	7.227422	1.615779	3.679637	-33.346900	4.866330	25.000000
7.880526	2.336402	6.004272	7.819488	1.393385	2.712815	-33.346900	5.463470	25.000000
7.880526	2.336402	6.004272	7.910000	1.391583	2.787333	-33.346900	6.561170	25.000000
7.880526	2.336402	6.004272	7.920732	1.651685	2.986439	-33.346900	7.158310	25.000000
7.880526	2.336402	6.004272	7.854839	1.683065	3.104430	-33.346900	8.256010	25.000000
7.880526	2.336402	6.004272	8.590693	1.927530	2.034444	-33.346900	8.853150	25.000000
7.880526	2.336402	6.004272	7.084490	2.223026	2.558516	-33.346900	9.950850	25.000000
7.880486	2.336407	6.004305	7.470636	2.526171	6.053953	-33.346900	10.548000	25.000000
7.880486	2.336407	6.004305	8.118152	2.520070	1.357634	-33.346900	11.645700	25.000000
7.880486	2.336407	6.004305	8.452367	1.927316	5.479932	-33.346900	12.242800	25.000000
7.880486	2.336407	6.004305	7.170558	1.692425	5.863534	-33.346900	13.340500	25.000000
7.880486	2.336407	6.004305	8.367795	2.069199	5.691409	-33.346900	13.937700	25.000000
7.880486	2.336407	6.004305	7.465923	2.089305	5.819538	-33.346900	15.035400	25.000000
7.880486	2.336407	6.004305	7.854706	2.277450	5.927549	-33.346900	15.632500	25.000000
7.880486	2.336407	6.004305	7.836511	2.296365	5.929605	-33.346900	16.730200	25.000000
7.880685	2.336383	6.004136	7.895195	2.323974	5.981750	-33.346900	17.327400	25.000000
7.880685	2.336383	6.004136	7.836938	2.330966	5.968116	-33.346900	18.425100	25.000000
7.880486	2.336407	6.004305	7.872103	2.326728	6.000090	-33.346900	20.717000	25.000000
7.879833	2.336487	6.004223	7.854305	2.328866	6.015242	-32.499400	-6.400410	25.000000
7.879833	2.336487	6.004223	7.854305	2.346548	6.010520	-32.499400	-5.302710	25.000000
7.879833	2.336487	6.004223	7.904941	2.340284	6.032226	-32.499400	-4.705570	25.000000
7.879833	2.336487	6.004223	7.901399	2.340718	6.035641	-32.499400	-3.607870	25.000000
7.879833	2.336487	6.004223	7.902031	2.323163	6.128296	-32.499400	-3.010730	25.000000
7.879833	2.336487	6.004223	7.848669	2.329546	6.099563	-32.499400	-1.913030	25.000000
7.879833	2.336487	6.004223	7.598131	2.188408	0.251243	-32.499400	-1.315890	25.000000
7.879839	2.336486	6.004218	8.138821	2.113024	0.369851	-32.499400	-0.218189	25.000000
7.879839	2.336486	6.004218	10.649056	1.986454	5.155837	-32.499400	0.378951	25.000000
7.879833	2.336487	6.004223	2.214159	2.819078	1.499489	-32.499400	1.476650	25.000000
7.879833	2.336487	6.004223	8.058536	1.358243	3.644992	-32.499400	2.073790	25.000000
7.879833	2.336487	6.004223	7.630367	1.419506	3.814263	-32.499400	3.171490	25.000000
7.879833	2.336487	6.004223	7.447147	1.284932	3.956685	-32.499400	3.768630	25.000000
7.879833	2.336487	6.004223	8.281908	0.996370	3.845539	-32.499400	4.866330	25.000000
7.879833	2.336487	6.004223	7.843469	0.944096	2.649783	-32.499400	5.463470	25.000000
7.879833	2.336487	6.004223	7.915807	0.870714	2.604006	-32.499400	6.561170	25.000000
7.879833	2.336487	6.004223	7.524919	1.131554	3.197417	-32.499400	7.158310	25.000000
7.879833	2.336487	6.004223	8.166003	1.168135	3.200192	-32.499400	8.256010	25.000000
7.879833	2.336487	6.004223	5.898517	1.664176	2.320066	-32.499400	8.853150	25.000000
7.879833	2.336487	6.004223	9.455923	1.563711	1.882514	-32.499400	9.950850	25.000000
7.879793	2.336492	6.004257	7.714720	2.421598	0.971344	-32.499400	10.548000	25.000000
7.879793	2.336492	6.004257	7.875589	2.343901	2.516188	-32.499400	11.645700	25.000000
7.879793	2.336492	6.004257	7.503259	2.705178	6.070330	-32.499400	12.242800	25.000000
7.879793	2.336492	6.004257	8.106053	1.923484	5.818362	-32.499400	13.340500	25.000000
7.879793	2.336492	6.004257	7.279423	1.892264	5.683135	-32.499400	13.937700	25.000000
7.879793	2.336492	6.004257	8.446301	2.037451	5.610515	-32.499400	15.035400	25.000000
7.879793	2.336492	6.004257	7.844336	2.295480	5.924813	-32.499400	15.632500	25.000000
7.879793	2.336492	6.004257	7.898582	2.272717	5.902679	-32.499400	16.730200	25.000000
7.879992	2.336468	6.004088	7.830255	2.331778	5.973146	-32.499400	17.327400	25.000000
7.879992	2.336468	6.004088	7.910651	2.322144	5.970187	-32.499400	18.425100	25.000000
7.879793	2.336492	6.004257	7.880330	2.325744	5.993397	-32.499400	19.022200	25.000000
7.879793	2.336492	6.004257	7.880330	2.325744	5.993397	-32.499400	20.119900	25.000000
7.879793	2.336492	6.004257	7.872103	2.326728	6.000090	-32.499400	21.814700	25.000000
7.879833	2.336487	6.004223	7.919602	2.338492	6.018626	-31.652000	-5.302710	25.000000
7.879833	2.336487	6.004223	7.828595	2.331980	6.039062	-31.652000	-4.705570	25.000000
7.879833	2.336487	6.004223	7.896176	2.341360	6.040775	-31.652000	-3.607870	25.000000
7.879833	2.336487	6.004223	7.890887	2.342011	6.139539	-31.652000	-3.010730	25.000000
7.879833	2.336487	6.004223	7.891394	2.324426	6.145466	-31.652000	-1.913030	25.000000
7.879833	2.336487	6.004223	7.806593	2.200921	0.361369	-31.652000	-1.315890	25.000000
7.879839	2.336486	6.004218	7.967867	2.111299	0.433532	-31.652000	-0.218189	25.000000
7.879839	2.336486	6.004218	1.576103	0.883465	4.885635	-31.652000	0.378951	25.000000
7.879833	2.336487	6.004223	10.865450	1.912409	5.143705	-31.652000	1.476650	25.000000
7.879833	2.336487	6.004223	7.485319	0.925823	3.808501	-31.652000	2.073790	25.000000
7.879833	2.336487	6.004223	8.336666	1.028862	3.917090	-31.652000	3.171490	25.000000
7.879833	2.336487	6.004223	8.302409	0.611062	4.031091	-31.652000	3.768630	25.000000
7.879833	2.336487	6.004223	7.355950	0.877679	3.901996	-31.652000	4.866330	25.000000
7.879833	2.336487	6.004223	7.424480	0.582527	2.704226	-31.652000	5.463470	25.000000
7.879833	2.336487	6.004223	8.244447	0.428227	2.528474	-31.652000	6.561170	25.000000
7.879833	2.336487	6.004223	7.250407	0.688232	3.189382	-31.652000	7.158310	25.000000
7.879833	2.336487	6.004223	8.373225	0.700777	3.333540	-31.652000	8.256010	25.000000
7.879833	2.336487	6.004223	8.478496	1.036164	2.175908	-31.652000	8.853150	25.000000
7.879833	2.336487	6.004223	7.200201	1.573574	1.577741	-31.652000	9.950850	25.000000
7.879793	2.336492	6.004257	8.299398	1.992887	1.783735	-31.652000	10.548000	25.000000
7.879793	2.336492	6.004257	7.324616	2.038161	2.732685	-31.652000	11.645700	25.000000
7.879793	2.336492	6.004257	7.677298	2.872005	5.788913	-31.652000	12.242800	25.000000
7.879793	2.336492	6.004257	8.031189	2.092154	0.367174	-31.652000	13.340500	25.000000
7.879793	2.336492	6.004257	8.784811	1.832162	5.481122	-31.652000	13.937700	25.000000
7.879793	2.336492	6.004257	6.783251	1.877812	5.596368	-31.652000	15.035400	25.000000
7.879793	2.336492	6.004257	7.862703	2.276582	5.922850	-31.652000	15.632500	25.000000
7.879793	2.336492	6.004257	7.934381	2.285476	5.874788	-31.652000	16.730200	25.000000
7.879992	2.336468	6.004088	7.901747	2.323197	5.976784	-31.652000	17.327400	25.000000
7.879992	2.336468	6.004088	7.912907	2.321877	5.968542	-31.652000	18.425100	25.000000
7.879793	2.336492	6.004257	7.810864	2.334145	5.988334	-31.652000	19.022200	25.000000
7.879793	2.336492	6.004257	7.880330	2.343314	5.988334	-31.652000	20.119900	25.000000
7.879793	2.336492	6.004257	7.872103	2.344333	5.995130	-31.652000	21.814700	25.000000
7.879833	2.336487	6.004223	7.917727	2.338721	6.020321	-30.804600	-6.400410	25.000000
7.879833	2.336487	6.004223	7.850484	2.329327	6.018626	-30.804600	-5.302710	25.000000
7.879833	2.336487	6.004223	7.894460	2.341571	6.042489	-30.804600	-4.705570	25.000000
7.879833	2.336487	6.004223	7.820000	2.333028	6.047640	-30.804600	-3.607870	25.000000
7.879833	2.336487	6.004223	7.942802	2.335677	6.180044	-30.804600	-3.010730	25.000000
7.879833	2.336487	6.004223	7.875252	2.343942	6.169393	-30.804600	-1.913030	25.000000
7.879833	2.336487	6.004223	8.150239	2.398197	0.076216	-30.804600	-1.315890	25.000000
7.879839	2.336486	6.004218	7.673487	2.280481	0.204134	-30.804600	-0.218189	25.000000
7.879839	2.336486	6.004218	10.358089	1.628755	5.037198	-30.804600	0.378951	25.000000
7.879833	2.336487	6.004223	3.878866	1.483029	6.101017	-30.804600	1.476650	25.000000
7.879833	2.336487	6.004223	7.644109	0.602072	4.044863	-30.804600	2.073790	25.000000
7.879833	2.336487	6.004223	8.041617	0.765194	4.298539	-30.804600	3.171490	25.000000
7.879833	2.336487	6.004223	8.212947	0.318456	4.248741	-30.804600	3.768630	25.000000
7.879833	2.336487	6.004223	7.559769	0.509389	3.963443	-30.804600	4.866330	25.000000
7.879833	2.336487	6.004223	7.938797	0.293200	3.379172	-30.804600	5.463470	25.000000
7.879833	2.336487	6.004223	7.728654	0.243854	2.207867	-30.804600	6.561170	25.000000
7.879833	2.336487	6.004223	7.882393	0.351663	3.458452	-30.804600	7.158310	25.000000
7.879833	2.336487	6.004223	7.860408	0.303993	2.929193	-30.804600	8.256010	25.000000
7.879833	2.336487	6.004223	8.223138	0.770607	2.368540	-30.804600	8.853150	25.000000
7.879833	2.336487	6.004223	7.544700	1.316223	1.591341	-30.804600	9.950850	25.000000
7.879793	2.336492	6.004257	5.127019	1.770681	2.313966	-30.804600	10.548000	25.000000
7.879793	2.336492	6.004257	9.882307	1.479598	2.057167	-30.804600	11.645700	25.000000
7.879793	2.336492	6.004257	8.854942	2.157193	0.708626	-30.804600	12.242800	25.000000
7.879793	2.336492	6.004257	6.794851	2.539502	0.428778	-30.804600	13.340500	25.000000
7.879793	2.336492	6.004257	8.744947	1.895514	5.438029	-30.804600	13.937700	25.000000
7.879793	2.336492	6.004257	6.867314	1.716933	5.456145	-30.804600	15.035400	25.000000
7.879793	2.336492	6.004257	7.890684	2.290291	5.897986	-30.804600	15.632500	25.000000
7.879793	2.336492	6.004257	7.817058	2.264809	5.868678	-30.804600	16.730200	25.000000
7.879992	2.336468	6.004088	7.841454	2.330419	5.964772	-30.804600	17.327400	25.000000
7.879992	2.336468	6.004088	7.906175	2.322673	5.973482	-30.804600	18.425100	25.000000
7.879793	2.336492	6.004257	7.880330	2.325744	5.993397	-30.804600	19.022200	25.000000
7.879793	2.336492	6.004257	7.878255	2.325992	5.995068	-30.804600	20.119900	25.000000
7.879793	2.336492	6.004257	7.872103	2.326728	6.000090	-30.804600	21.814700	25.000000
7.880526	2.336402	6.004272	7.856233	2.328634	6.013552	-29.957200	-8.095250	25.000000
7.880526	2.336402	6.004272	7.917727	2.338721	6.020321	-29.957200	-6.400410	25.000000
7.880526	2.336402	6.004272	7.917727	2.338721	6.020321	-29.957200	-5.302710	25.000000
7.880526	2.336402	6.004272	7.820000	2.333028	6.047640	-29.957200	-4.705570	25.000000
7.880526	2.336402	6.004272	7.884421	2.342808	6.052804	-29.957200	-3.607870	25.000000
7.880526	2.336402	6.004272	7.863263	2.345431	6.199453	-29.957200	-3.010730	25.000000
7.880526	2.336402	6.004272	7.859905	2.345849	6.210101	-29.957200	-1.913030	25.000000
7.880526	2.336402	6.004272	7.851274	2.346927	5.707558	-29.957200	-1.315890	25.000000
7.880532	2.336402	6.004266	7.901266	2.452822	6.062357	-29.957200	-0.218189	25.000000
7.880532	2.336402	6.004266	7.046363	0.973146	5.314676	-29.957200	0.378951	25.000000
7.880526	2.336402	6.004272	8.530283	2.029488	5.553286	-29.957200	1.476650	25.000000
7.880526	2.336402	6.004272	8.395325	0.584846	4.589747	-29.957200	2.073790	25.000000
7.880526	2.336402	6.004272	7.265805	0.521495	4.970233	-29.957200	3.171490	25.000000
7.880526	2.336402	6.004272	7.858683	0.122283	5.063834	-29.957200	3.768630	25.000000
7.880526	2.336402	6.004272	7.982136	0.266669	5.011587	-29.957200	4.866330	25.000000
7.880526	2.336402	6.004272	7.452183	0.118411	1.855181	-29.957200	5.463470	25.000000
7.880526	2.336402	6.004272	8.294297	0.150934	4.873451	-29.957200	6.561170	25.000000
7.880526	2.336402	6.004272	8.126924	0.081423	3.324153	-29.957200	7.158310	25.000000
7.880526	2.336402	6.004272	7.654365	0.119255	2.113099	-29.957200	8.256010	25.000000
7.880526	2.336402	6.004272	9.213056	0.638135	1.750324	-29.957200	8.853150	25.000000
7.880526	2.336402	6.004272	6.281123	0.940893	2.166995	-29.957200	9.950850	25.000000
7.880486	2.336407	6.004305	10.320969	1.245344	1.810319	-29.957200	10.548000	25.000000
7.880486	2.336407	6.004305	4.211045	1.129129	1.631249	-29.957200	11.645700	25.000000
7.880486	2.336407	6.004305	7.564390	2.112473	0.665103	-29.957200	12.242800	25.000000
7.880486	2.336407	6.004305	8.302409	2.232269	0.545655	-29.957200	13.340500	25.000000
7.880486	2.336407	6.004305	8.528775	1.968091	5.434807	-29.957200	13.937700	25.000000
7.880486	2.336407	6.004305	7.197916	1.837927	5.436639	-29.957200	15.035400	25.000000
7.880486	2.336407	6.004305	8.024438	2.292257	5.862602	-29.957200	15.632500	25.000000
7.880486	2.336407	6.004305	7.839541	2.279103	5.890203	-29.957200	16.730200	25.000000
7.880685	2.336383	6.004136	7.843730	2.330143	5.963102	-29.957200	17.327400	25.000000
7.880685	2.336383	6.004136	7.908407	2.322409	5.971834	-29.957200	18.425100	25.000000
7.880486	2.336407	6.004305	7.882417	2.325495	5.991729	-29.957200	19.022200	25.000000
7.879833	2.336487	6.004223	7.846713	2.347498	6.017403	-29.109700	-6.400410	25.000000
7.879833	2.336487	6.004223	7.846713	2.347498	6.017403	-29.109700	-5.302710	25.000000
7.879833	2.336487	6.004223	7.886064	2.342605	6.051081	-29.109700	-4.705570	25.000000
7.879833	2.336487	6.004223	7.951283	2.352217	6.056254	-29.109700	-3.607870	25.000000
7.879833	2.336487	6.004223	7.854196	2.364556	6.232320	-29.109700	-3.010730	25.000000
7.879833	2.336487	6.004223	7.925276	2.355478	6.229665	-29.109700	-1.913030	25.000000
7.879833	2.336487	6.004223	8.532878	2.211411	5.622142	-29.109700	-1.315890	25.000000
7.879839	2.336486	6.004218	7.218033	2.298292	5.419003	-29.109700	-0.218189	25.000000
7.879839	2.336486	6.004218	5.030318	1.413096	5.583292	-29.109700	0.378951	25.000000
7.879833	2.336487	6.004223	9.935271	1.484128	5.230282	-29.109700	1.476650	25.000000
7.879833	2.336487	6.004223	7.511325	0.709244	5.425450	-29.109700	2.073790	25.000000
7.879833	2.336487	6.004223	8.218881	0.527904	5.360721	-29.109700	3.171490	25.000000
7.879833	2.336487	6.004223	7.643795	0.444809	6.050006	-29.109700	3.768630	25.000000
7.879833	2.336487	6.004223	8.000156	0.505396	6.088321	-29.109700	4.866330	25.000000
7.879833	2.336487	6.004223	7.363695	0.211248	5.994210	-29.109700	5.463470	25.000000
7.879833	2.336487	6.004223	8.403838	0.412184	5.905988	-29.109700	6.561170	25.000000
7.879833	2.336487	6.004223	8.190177	0.148530	0.057787	-29.109700	7.158310	25.000000
7.879833	2.336487	6.004223	7.589203	0.223762	0.276668	-29.109700	8.256010	25.000000
7.879833	2.336487	6.004223	7.140000	0.459310	1.774388	-29.109700	8.853150	25.000000
7.879833	2.336487	6.004223	8.544150	0.568551	1.581665	-29.109700	9.950850	25.000000
7.879793	2.336492	6.004257	7.144928	0.547646	0.938047	-29.109700	10.548000	25.000000
7.879793	2.336492	6.004257	8.413085	1.606463	1.101830	-29.109700	11.645700	25.000000
7.879793	2.336492	6.004257	8.422589	2.266770	0.609459	-29.109700	12.242800	25.000000
7.879793	2.336492	6.004257	7.138102	1.869410	1.651503	-29.109700	13.340500	25.000000
7.879793	2.336492	6.004257	7.360027	1.990628	5.466219	-29.109700	13.937700	25.000000
7.879793	2.336492	6.004257	8.351048	2.003260	5.432460	-29.109700	15.035400	25.000000
7.879793	2.336492	6.004257	7.778567	2.285837	5.878964	-29.109700	15.632500	25.000000
7.879793	2.336492	6.004257	8.024438	2.292257	5.862602	-29.109700	16.730200	25.000000
7.879992	2.336468	6.004088	7.906175	2.322673	5.973482	-29.109700	17.327400	25.000000
7.879992	2.336468	6.004088	7.912907	2.321877	5.968542	-29.109700	18.425100	25.000000
7.879793	2.336492	6.004257	7.880330	2.343314	5.988334	-29.109700	19.022200	25.000000
7.879793	2.336492	6.004257	7.880330	2.325744	5.993397	-29.109700	20.119900	25.000000
7.879793	2.336492	6.004257	7.872103	2.326728	6.000090	-29.109700	21.814700	25.000000
7.879833	2.336487	6.004223	7.848592	2.329555	6.020321	-28.262300	-6.400410	25.000000
7.879833	2.336487	6.004223	7.914013	2.339174	6.023715	-28.262300	-5.302710	25.000000
7.879833	2.336487	6.004223	7.808489	2.352320	6.055710	-28.262300	-4.705570	25.000000
7.879833	2.336487	6.004223	7.813348	2.351703	6.050444	-28.262300	-3.607870	25.000000
7.879833	2.336487	6.004223	7.924647	2.373554	6.238669	-28.262300	-3.010730	25.000000
7.879833	2.336487	6.004223	7.923161	2.373749	6.248472	-28.262300	-1.913030	25.000000
7.879833	2.336487	6.004223	8.553946	2.070666	5.441244	-28.262300	-1.315890	25.000000
7.879839	2.336486	6.004218	7.117584	2.150694	5.774455	-28.262300	-0.218189	25.000000
7.879839	2.336486	6.004218	8.632062	1.541830	5.274674	-28.262300	0.378951	25.000000
7.879833	2.336487	6.004223	6.978997	1.113723	5.384636	-28.262300	1.476650	25.000000
7.879833	2.336487	6.004223	7.671375	0.860876	5.781095	-28.262300	2.073790	25.000000
7.879833	2.336487	6.004223	8.116034	0.792154	5.873748	-28.262300	3.171490	25.000000
7.879833	2.336487	6.004223	7.933574	0.921001	6.210299	-28.262300	3.768630	25.000000
7.879833	2.336487	6.004223	7.934160	0.921057	6.208720	-28.262300	4.866330	25.000000
7.879833	2.336487	6.004223	7.783727	0.710568	5.895364	-28.262300	5.463470	25.000000
7.879833	2.336487	6.004223	7.903063	0.727941	6.037284	-28.262300	6.561170	25.000000
7.879833	2.336487	6.004223	7.983289	0.640705	6.013809	-28.262300	7.158310	25.000000
7.879833	2.336487	6.004223	7.707847	0.399799	0.010000	-28.262300	8.256010	25.000000
7.879833	2.336487	6.004223	8.388683	0.437101	1.006227	-28.262300	8.853150	25.000000
7.879833	2.336487	6.004223	7.362744	0.594381	0.682317	-28.262300	9.950850	25.000000
7.879793	2.336492	6.004257	6.152235	0.622003	0.401229	-28.262300	10.548000	25.000000
7.879793	2.336492	6.004257	9.203260	1.505556	0.955610	-28.262300	11.645700	25.000000
7.879793	2.336492	6.004257	9.995919	2.071674	0.924558	-28.262300	12.242800	25.000000
7.879793	2.336492	6.004257	3.723721	1.678423	3.222715	-28.262300	13.340500	25.000000
7.879793	2.336492	6.004257	7.414850	2.002127	5.424236	-28.262300	13.937700	25.000000
7.879793	2.336492	6.004257	8.410707	2.052957	5.412282	-28.262300	15.035400	25.000000
7.879793	2.336492	6.004257	7.832809	2.296784	5.885243	-28.262300	15.632500	25.000000
7.879793	2.336492	6.004257	7.956230	2.299824	5.855721	-28.262300	16.730200	25.000000
7.879992	2.336468	6.004088	7.841454	2.330419	5.964772	-28.262300	17.327400	25.000000
7.879992	2.336468	6.004088	7.906175	2.322673	5.973482	-28.262300	18.425100	25.000000
7.879793	2.336492	6.004257	7.880330	2.325744	5.993397	-28.262300	19.022200	25.000000
7.879833	2.336487	6.004223	7.915864	2.338948	6.022017	-27.414900	-6.400410	25.000000
7.879833	2.336487	6.004223	7.912174	2.339399	6.025414	-27.414900	-5.302710	25.000000
7.879833	2.336487	6.004223	7.951283	2.352217	6.056254	-27.414900	-4.705570	25.000000
7.879833	2.336487	6.004223	7.808489	2.352320	6.055710	-27.414900	-3.607870	25.000000
7.879833	2.336487	6.004223	7.852778	2.383077	6.259671	-27.414900	-3.010730	25.000000
7.879833	2.336487	6.004223	7.858270	2.382340	6.223995	-27.414900	-1.913030	25.000000
7.879833	2.336487	6.004223	7.760438	2.322591	6.127317	-27.414900	-1.315890	25.000000
7.879839	2.336486	6.004218	7.971581	1.983870	5.753336	-27.414900	-0.218189	25.000000
7.879839	2.336486	6.004218	7.292469	1.071764	5.608444	-27.414900	0.378951	25.000000
7.879833	2.336487	6.004223	8.409405	1.462372	5.353498	-27.414900	1.476650	25.000000
7.879833	2.336487	6.004223	7.668768	0.843255	6.072092	-27.414900	2.073790	25.000000
7.879833	2.336487	6.004223	8.069102	0.994061	6.062592	-27.414900	3.171490	25.000000
7.879833	2.336487	6.004223	7.662402	1.154285	6.237503	-27.414900	3.768630	25.000000
7.879833	2.336487	6.004223	8.067242	1.135744	6.217526	-27.414900	4.866330	25.000000
7.879833	2.336487	6.004223	7.952761	1.043765	6.000090	-27.414900	5.463470	25.000000
7.879833	2.336487	6.004223	7.789840	1.203126	6.010177	-27.414900	6.561170	25.000000
7.879833	2.336487	6.004223	7.711867	1.142914	6.034059	-27.414900	7.158310	25.000000
7.879833	2.336487	6.004223	7.946471	0.734049	5.881747	-27.414900	8.256010	25.000000
7.879833	2.336487	6.004223	7.580640	0.967652	0.379019	-27.414900	8.853150	25.000000
7.879833	2.336487	6.004223	8.130344	0.684279	0.306367	-27.414900	9.950850	25.000000
7.879793	2.336492	6.004257	7.664366	0.605907	1.398115	-27.414900	10.548000	25.000000
7.879793	2.336492	6.004257	8.090297	1.320997	1.000838	-27.414900	11.645700	25.000000
7.879793	2.336492	6.004257	3.504683	2.038486	5.241844	-27.414900	12.242800	25.000000
7.879793	2.336492	6.004257	10.016327	1.702966	1.355623	-27.414900	13.340500	25.000000
7.879793	2.336492	6.004257	8.493527	2.047861	5.318772	-27.414900	13.937700	25.000000
7.879793	2.336492	6.004257	7.229108	2.076192	5.397006	-27.414900	15.035400	25.000000
7.879793	2.336492	6.004257	7.966988	2.315558	5.885243	-27.414900	15.632500	25.000000
7.879793	2.336492	6.004257	7.846171	2.312424	5.870577	-27.414900	16.730200	25.000000
7.879992	2.336468	6.004088	7.908407	2.322409	5.971834	-27.414900	17.327400	25.000000
7.879992	2.336468	6.004088	7.834698	2.331238	5.969791	-27.414900	18.425100	25.000000
7.879793	2.336492	6.004257	7.878255	2.343570	5.990030	-27.414900	20.119900	25.000000
7.879793	2.336492	6.004257	7.872103	2.344333	5.995130	-27.414900	21.814700	25.000000
7.879833	2.336487	6.004223	7.856233	2.346307	6.008803	-26.567500	-8.095250	25.000000
7.879833	2.336487	6.004223	7.844845	2.347732	6.019128	-26.567500	-6.400410	25.000000
7.879833	2.336487	6.004223	7.915864	2.338948	6.022017	-26.567500	-5.302710	25.000000
7.879833	2.336487	6.004223	7.952886	2.352017	6.054528	-26.567500	-4.705570	25.000000
7.879833	2.336487	6.004223	7.877976	2.343605	6.059709	-26.567500	-3.607870	25.000000
7.879833	2.336487	6.004223	7.928279	2.391402	6.238770	-26.567500	-3.010730	25.000000
7.879833	2.336487	6.004223	7.873652	2.417853	6.210238	-26.567500	-1.913030	25.000000
7.879833	2.336487	6.004223	7.478128	2.303143	6.135185	-26.567500	-1.315890	25.000000
7.879839	2.336486	6.004218	8.184308	2.324352	0.301086	-26.567500	-0.218189	25.000000
7.879839	2.336486	6.004218	7.887084	1.137711	5.850778	-26.567500	0.378951	25.000000
7.879833	2.336487	6.004223	7.822941	1.735157	5.738321	-26.567500	1.476650	25.000000
7.879833	2.336487	6.004223	7.947981	0.890414	6.123891	-26.567500	2.073790	25.000000
7.879833	2.336487	6.004223	7.863104	0.930132	6.248279	-26.567500	3.171490	25.000000
7.879833	2.336487	6.004223	7.688465	0.945556	6.178728	-26.567500	3.768630	25.000000
7.879833	2.336487	6.004223	8.071555	0.821115	6.232382	-26.567500	4.866330	25.000000
7.879833	2.336487	6.004223	7.709578	1.142779	6.102567	-26.567500	5.463470	25.000000
7.879833	2.336487	6.004223	7.973055	1.074007	5.939777	-26.567500	6.561170	25.000000
7.879833	2.336487	6.004223	7.867020	1.233970	5.837608	-26.567500	7.158310	25.000000
7.879833	2.336487	6.004223	7.817928	0.973016	5.902679	-26.567500	8.256010	25.000000
7.879833	2.336487	6.004223	7.169303	0.717866	0.516779	-26.567500	8.853150	25.000000
7.879833	2.336487	6.004223	8.511028	0.821029	0.203693	-26.567500	9.950850	25.000000
7.879793	2.336492	6.004257	6.241162	0.525200	1.282400	-26.567500	10.548000	25.000000
7.879793	2.336492	6.004257	9.212540	0.875737	1.424702	-26.567500	11.645700	25.000000
7.879793	2.336492	6.004257	9.328499	2.337234	0.637549	-26.567500	12.242800	25.000000
7.879793	2.336492	6.004257	5.665121	0.801703	0.485622	-26.567500	13.340500	25.000000
7.879793	2.336492	6.004257	7.915175	2.175512	5.454336	-26.567500	13.937700	25.000000
7.879793	2.336492	6.004257	7.842194	2.076654	5.247809	-26.567500	15.035400	25.000000
7.879793	2.336492	6.004257	7.868647	2.327142	5.896190	-26.567500	15.632500	25.000000
7.879793	2.336492	6.004257	7.896683	2.323797	5.880117	-26.567500	16.730200	25.000000
7.879992	2.336468	6.004088	7.970420	2.332356	5.976784	-26.567500	17.327400	25.000000
7.879992	2.336468	6.004088	7.830255	2.331778	5.973146	-26.567500	18.425100	25.000000
7.879793	2.336492	6.004257	7.876192	2.326238	5.996740	-26.567500	19.022200	25.000000
7.879793	2.336492	6.004257	7.876192	2.326238	5.996740	-26.567500	20.119900	25.000000
7.880526	2.336402	6.004272	7.856233	2.346307	6.008803	-25.720100	-8.095250	25.000000
7.880526	2.336402	6.004272	7.844845	2.330008	6.023715	-25.720100	-6.400410	25.000000
7.880526	2.336402	6.004272	7.915864	2.338948	6.022017	-25.720100	-5.302710	25.000000
7.880526	2.336402	6.004272	7.880838	2.361125	6.053953	-25.720100	-4.705570	25.000000
7.880526	2.336402	6.004272	7.885690	2.360504	6.048691	-25.720100	-3.607870	25.000000
7.880526	2.336402	6.004272	7.875157	2.417637	6.204502	-25.720100	-3.010730	25.000000
7.880526	2.336402	6.004272	7.798102	2.390505	6.192866	-25.720100	-1.913030	25.000000
7.880526	2.336402	6.004272	8.704763	2.485972	0.050899	-25.720100	-1.315890	25.000000
7.880532	2.336402	6.004266	6.961437	2.505514	0.130954	-25.720100	-0.218189	25.000000
7.880532	2.336402	6.004266	7.454958	1.694520	6.120259	-25.720100	0.378951	25.000000
7.880526	2.336402	6.004272	8.212697	1.597587	5.688426	-25.720100	1.476650	25.000000
7.880526	2.336402	6.004272	7.998756	1.199787	6.079213	-25.720100	2.073790	25.000000
7.880526	2.336402	6.004272	7.795512	0.805562	6.194136	-25.720100	3.171490	25.000000
7.880526	2.336402	6.004272	7.804127	0.732961	6.067009	-25.720100	3.768630	25.000000
7.880526	2.336402	6.004272	7.922121	0.785717	0.035699	-25.720100	4.866330	25.000000
7.880526	2.336402	6.004272	8.230316	0.871132	5.974995	-25.720100	5.463470	25.000000
7.880526	2.336402	6.004272	7.527045	0.770715	5.977115	-25.720100	6.561170	25.000000
7.880526	2.336402	6.004272	7.841556	0.928081	5.748230	-25.720100	7.158310	25.000000
7.880526	2.336402	6.004272	7.849841	0.896668	5.863305	-25.720100	8.256010	25.000000
7.880526	2.336402	6.004272	8.616635	0.380614	6.258191	-25.720100	8.853150	25.000000
7.880526	2.336402	6.004272	7.035403	0.601652	0.637474	-25.720100	9.950850	25.000000
7.880486	2.336407	6.004305	9.204890	0.706767	1.264917	-25.720100	10.548000	25.000000
7.880486	2.336407	6.004305	6.204031	0.990788	0.437791	-25.720100	11.645700	25.000000
7.880486	2.336407	6.004305	7.790642	1.883952	0.604094	-25.720100	12.242800	25.000000
7.880486	2.336407	6.004305	7.896341	1.988050	5.693569	-25.720100	13.340500	25.000000
7.880486	2.336407	6.004305	8.329466	2.245018	5.519523	-25.720100	13.937700	25.000000
7.880486	2.336407	6.004305	7.505331	2.197218	5.346022	-25.720100	15.035400	25.000000
7.880486	2.336407	6.004305	7.905795	2.340179	5.915759	-25.720100	15.632500	25.000000
7.880486	2.336407	6.004305	7.871398	2.326812	5.894573	-25.720100	16.730200	25.000000
7.880685	2.336383	6.004136	7.897367	2.341214	5.974827	-25.720100	17.327400	25.000000
7.880685	2.336383	6.004136	7.828052	2.332046	5.974827	-25.720100	18.425100	25.000000
7.880526	2.336402	6.004272	7.844845	2.330008	6.023715	-24.872700	-6.400410	25.000000
7.880526	2.336402	6.004272	7.917727	2.338721	6.020321	-24.872700	-5.302710	25.000000
7.880526	2.336402	6.004272	7.813348	2.351703	6.050444	-24.872700	-4.705570	25.000000
7.880526	2.336402	6.004272	7.821694	2.350646	6.041696	-24.872700	-3.607870	25.000000
7.880526	2.336402	6.004272	7.802724	2.408831	6.196862	-24.872700	-3.010730	25.000000
7.880526	2.336402	6.004272	7.827701	2.405293	6.136177	-24.872700	-1.913030	25.000000
7.880526	2.336402	6.004272	8.351048	2.587148	0.300171	-24.872700	-1.315890	25.000000
7.880532	2.336402	6.004266	7.444971	2.508012	0.059022	-24.872700	-0.218189	25.000000
7.880532	2.336402	6.004266	7.628258	1.234399	5.625796	-24.872700	0.378951	25.000000
7.880526	2.336402	6.004272	8.075281	1.867116	5.433655	-24.872700	1.476650	25.000000
7.880526	2.336402	6.004272	7.790379	1.016565	5.779019	-24.872700	2.073790	25.000000
7.880526	2.336402	6.004272	7.938514	0.805397	5.944862	-24.872700	3.171490	25.000000
7.880526	2.336402	6.004272	7.964980	0.892140	6.278347	-24.872700	3.768630	25.000000
7.880526	2.336402	6.004272	7.884516	0.744216	6.159295	-24.872700	4.866330	25.000000
7.880526	2.336402	6.004272	7.824474	0.843863	5.991729	-24.872700	5.463470	25.000000
7.880526	2.336402	6.004272	7.942424	0.788268	5.844949	-24.872700	6.561170	25.000000
7.880526	2.336402	6.004272	7.701299	0.847011	5.796286	-24.872700	7.158310	25.000000
7.880526	2.336402	6.004272	7.991871	0.910789	5.769933	-24.872700	8.256010	25.000000
7.880526	2.336402	6.004272	7.833518	0.493183	0.068272	-24.872700	8.853150	25.000000
7.880526	2.336402	6.004272	7.927522	0.514812	6.242183	-24.872700	9.950850	25.000000
7.880486	2.336407	6.004305	6.830081	1.497525	0.058756	-24.872700	10.548000	25.000000
7.880486	2.336407	6.004305	8.663717	0.969663	0.815092	-24.872700	11.645700	25.000000
7.880486	2.336407	6.004305	7.293312	2.384292	0.824926	-24.872700	12.242800	25.000000
7.880486	2.336407	6.004305	8.330210	1.813255	6.136741	-24.872700	13.340500	25.000000
7.880486	2.336407	6.004305	7.533260	2.314472	5.599994	-24.872700	13.937700	25.000000
7.880486	2.336407	6.004305	8.173738	2.276301	5.497787	-24.872700	15.035400	25.000000
7.880486	2.336407	6.004305	7.970627	2.332332	5.923603	-24.872700	15.632500	25.000000
7.880486	2.336407	6.004305	7.826244	2.350071	5.917688	-24.872700	16.730200	25.000000
7.880685	2.336383	6.004136	7.890887	2.342011	5.979879	-24.872700	17.327400	25.000000
7.880685	2.336383	6.004136	7.823682	2.332578	5.978193	-24.872700	18.425100	25.000000
7.880486	2.336407	6.004305	7.876192	2.343826	5.991729	-24.872700	20.119900	25.000000
7.879833	2.336487	6.004223	7.915864	2.338948	6.022017	-24.025200	-6.400410	25.000000
7.879833	2.336487	6.004223	7.850484	2.347026	6.013958	-24.025200	-5.302710	25.000000
7.879833	2.336487	6.004223	7.887332	2.360294	6.046940	-24.025200	-4.705570	25.000000
7.879833	2.336487	6.004223	7.895727	2.359222	6.038207	-24.025200	-3.607870	25.000000
7.879833	2.336487	6.004223	7.849338	2.421365	6.110415	-24.025200	-3.010730	25.000000
7.879833	2.336487	6.004223	7.881142	2.379287	6.157919	-24.025200	-1.913030	25.000000
7.879833	2.336487	6.004223	8.137051	2.582946	0.492685	-24.025200	-1.315890	25.000000
7.879839	2.336486	6.004218	7.649601	2.538477	0.333412	-24.025200	-0.218189	25.000000
7.879839	2.336486	6.004218	8.365787	2.223372	5.497787	-24.025200	0.378951	25.000000
7.879833	2.336487	6.004223	7.285774	1.014050	5.681731	-24.025200	1.476650	25.000000
7.879833	2.336487	6.004223	7.441102	0.887146	5.695183	-24.025200	2.073790	25.000000
7.879833	2.336487	6.004223	8.282512	0.724901	5.705283	-24.025200	3.171490	25.000000
7.879833	2.336487	6.004223	7.840306	0.570180	6.160003	-24.025200	3.768630	25.000000
7.879833	2.336487	6.004223	7.990375	0.598833	6.240988	-24.025200	4.866330	25.000000
7.879833	2.336487	6.004223	7.700104	0.677392	5.975851	-24.025200	5.463470	25.000000
7.879833	2.336487	6.004223	8.040951	0.728490	5.824550	-24.025200	6.561170	25.000000
7.879833	2.336487	6.004223	8.168843	0.848581	5.790349	-24.025200	7.158310	25.000000
7.879833	2.336487	6.004223	7.658329	0.859411	5.656924	-24.025200	8.256010	25.000000
7.879833	2.336487	6.004223	7.920859	0.767543	0.000000	-24.025200	8.853150	25.000000
7.879833	2.336487	6.004223	7.926796	0.692673	6.126481	-24.025200	9.950850	25.000000
7.879793	2.336492	6.004257	8.804686	1.054049	0.580756	-24.025200	10.548000	25.000000
7.879793	2.336492	6.004257	6.752599	1.680604	0.496969	-24.025200	11.645700	25.000000
7.879793	2.336492	6.004257	7.269113	2.292052	0.496423	-24.025200	12.242800	25.000000
7.879793	2.336492	6.004257	8.413085	1.935409	0.640957	-24.025200	13.340500	25.000000
7.879793	2.336492	6.004257	8.200610	2.322489	5.699812	-24.025200	13.937700	25.000000
7.879793	2.336492	6.004257	7.584194	2.363149	5.684766	-24.025200	15.035400	25.000000
7.879793	2.336492	6.004257	7.885531	2.342671	5.928971	-24.025200	15.632500	25.000000
7.879793	2.336492	6.004257	7.931387	2.337059	5.949814	-24.025200	16.730200	25.000000
7.879992	2.336468	6.004088	7.884516	2.342796	5.984947	-24.025200	17.327400	25.000000
7.879992	2.336468	6.004088	7.890887	2.342011	5.979879	-24.025200	18.425100	25.000000
7.879833	2.336487	6.004223	7.917727	2.338721	6.020321	-23.177800	-6.400410	25.000000
7.879833	2.336487	6.004223	7.919602	2.338492	6.018626	-23.177800	-5.302710	25.000000
7.879833	2.336487	6.004223	7.890653	2.359869	6.043442	-23.177800	-4.705570	25.000000
7.879833	2.336487	6.004223	7.973080	2.349509	6.033933	-23.177800	-3.607870	25.000000
7.879833	2.336487	6.004223	7.913918	2.374959	6.101866	-23.177800	-3.010730	25.000000
7.879833	2.336487	6.004223	7.915807	2.411847	6.111806	-23.177800	-1.913030	25.000000
7.879833	2.336487	6.004223	7.511990	2.616512	0.186979	-23.177800	-1.315890	25.000000
7.879839	2.336486	6.004218	8.253975	2.538959	0.346762	-23.177800	-0.218189	25.000000
7.879839	2.336486	6.004218	7.687496	2.313692	0.406747	-23.177800	0.378951	25.000000
7.879833	2.336487	6.004223	7.967283	1.709303	5.556964	-23.177800	1.476650	25.000000
7.879833	2.336487	6.004223	7.543209	1.247001	5.926051	-23.177800	2.073790	25.000000
7.879833	2.336487	6.004223	8.243179	0.872445	5.769933	-23.177800	3.171490	25.000000
7.879833	2.336487	6.004223	7.833901	0.614673	6.194529	-23.177800	3.768630	25.000000
7.879833	2.336487	6.004223	7.826372	0.434242	5.939344	-23.177800	4.866330	25.000000
7.879833	2.336487	6.004223	7.835203	0.519882	5.893137	-23.177800	5.463470	25.000000
7.879833	2.336487	6.004223	7.946672	0.519056	5.930947	-23.177800	6.561170	25.000000
7.879833	2.336487	6.004223	7.509993	0.688336	5.706810	-23.177800	7.158310	25.000000
7.879833	2.336487	6.004223	8.213404	0.573347	5.481915	-23.177800	8.256010	25.000000
7.879833	2.336487	6.004223	7.538229	0.713393	0.115806	-23.177800	8.853150	25.000000
7.879833	2.336487	6.004223	8.213702	0.837109	6.271710	-23.177800	9.950850	25.000000
7.879793	2.336492	6.004257	9.169651	1.277618	0.833748	-23.177800	10.548000	25.000000
7.879793	2.336492	6.004257	6.307012	1.615206	0.015872	-23.177800	11.645700	25.000000
7.879793	2.336492	6.004257	8.659504	2.172263	0.105661	-23.177800	12.242800	25.000000
7.879793	2.336492	6.004257	7.133458	2.429500	6.019473	-23.177800	13.340500	25.000000
7.879793	2.336492	6.004257	8.041144	2.341191	5.796286	-23.177800	13.937700	25.000000
7.879793	2.336492	6.004257	7.726578	2.381498	5.794333	-23.177800	15.035400	25.000000
7.879793	2.336492	6.004257	7.856564	2.346266	5.949034	-23.177800	15.632500	25.000000
7.879793	2.336492	6.004257	7.922052	2.338194	5.956443	-23.177800	16.730200	25.000000
7.879992	2.336468	6.004088	7.880330	2.325744	5.993397	-23.177800	17.327400	25.000000
7.879992	2.336468	6.004088	7.817218	2.333367	5.983256	-23.177800	18.425100	25.000000
7.879833	2.336487	6.004223	7.917727	2.338721	6.020321	-22.330400	-6.400410	25.000000
7.879833	2.336487	6.004223	7.854305	2.346548	6.010520	-22.330400	-5.302710	25.000000
7.879833	2.336487	6.004223	7.903164	2.340502	6.033933	-22.330400	-4.705570	25.000000
7.879833	2.336487	6.004223	7.900911	2.358562	6.032985	-22.330400	-3.607870	25.000000
7.879833	2.336487	6.004223	7.946452	2.388951	6.062320	-22.330400	-3.010730	25.000000
7.879833	2.336487	6.004223	7.844769	2.384155	6.100345	-22.330400	-1.913030	25.000000
7.879833	2.336487	6.004223	7.923064	2.490046	0.044138	-22.330400	-1.315890	25.000000
7.879839	2.336486	6.004218	7.890440	2.609609	0.034486	-22.330400	-0.218189	25.000000
7.879839	2.336486	6.004218	7.564556	2.604638	5.842655	-22.330400	0.378951	25.000000
7.879833	2.336487	6.004223	8.166156	2.277092	0.447810	-22.330400	1.476650	25.000000
7.879833	2.336487	6.004223	7.436973	1.262309	6.127317	-22.330400	2.073790	25.000000
7.879833	2.336487	6.004223	8.223160	1.808210	5.729891	-22.330400	3.171490	25.000000
7.879833	2.336487	6.004223	7.894105	0.901140	5.976252	-22.330400	3.768630	25.000000
7.879833	2.336487	6.004223	7.896461	0.851942	6.163422	-22.330400	4.866330	25.000000
7.879833	2.336487	6.004223	8.086835	0.734827	5.725368	-22.330400	5.463470	25.000000
7.879833	2.336487	6.004223	7.561085	0.736782	6.105092	-22.330400	6.561170	25.000000
7.879833	2.336487	6.004223	7.433707	0.653958	5.968428	-22.330400	7.158310	25.000000
7.879833	2.336487	6.004223	8.303066	0.780473	5.647216	-22.330400	8.256010	25.000000
7.879833	2.336487	6.004223	7.981344	0.909764	0.006825	-22.330400	8.853150	25.000000
7.879833	2.336487	6.004223	7.835527	1.136074	0.043494	-22.330400	9.950850	25.000000
7.879793	2.336492	6.004257	8.333343	1.279912	6.138631	-22.330400	10.548000	25.000000
7.879793	2.336492	6.004257	7.269429	2.161719	0.499215	-22.330400	11.645700	25.000000
7.879793	2.336492	6.004257	7.816649	2.406854	5.551789	-22.330400	12.242800	25.000000
7.879793	2.336492	6.004257	7.962412	2.424228	5.470767	-22.330400	13.340500	25.000000
7.879793	2.336492	6.004257	7.922474	2.338142	5.860331	-22.330400	13.937700	25.000000
7.879793	2.336492	6.004257	7.751058	2.378182	5.866287	-22.330400	15.035400	25.000000
7.879793	2.336492	6.004257	7.901747	2.340676	5.971468	-22.330400	15.632500	25.000000
7.879793	2.336492	6.004257	7.915175	2.339032	5.961435	-22.330400	16.730200	25.000000
7.879992	2.336468	6.004088	7.880330	2.343314	5.988334	-22.330400	17.327400	25.000000
7.879992	2.336468	6.004088	7.812970	2.333887	5.986639	-22.330400	18.425100	25.000000
7.879793	2.336492	6.004257	7.872103	2.344333	5.995130	-22.330400	20.119900	25.000000
7.880526	2.336402	6.004272	7.919602	2.338492	6.018626	-21.483000	-6.400410	25.000000
7.880526	2.336402	6.004272	7.907996	2.357662	6.026044	-21.483000	-4.705570	25.000000
7.880526	2.336402	6.004272	7.904941	2.340284	6.032226	-21.483000	-3.607870	25.000000
7.880526	2.336402	6.004272	7.860662	2.382019	6.078543	-21.483000	-3.010730	25.000000
7.880526	2.336402	6.004272	7.889493	2.378179	6.044432	-21.483000	-1.913030	25.000000
7.880526	2.336402	6.004272	7.921294	2.490339	6.256109	-21.483000	-1.315890	25.000000
7.880532	2.336402	6.004266	7.761443	2.496128	6.110994	-21.483000	-0.218189	25.000000
7.880532	2.336402	6.004266	8.054092	2.705411	0.550500	-21.483000	0.378951	25.000000
7.880526	2.336402	6.004272	7.756932	2.837054	0.444419	-21.483000	1.476650	25.000000
7.880526	2.336402	6.004272	8.355836	2.354762	5.751461	-21.483000	2.073790	25.000000
7.880526	2.336402	6.004272	7.319153	1.625475	5.991729	-21.483000	3.171490	25.000000
7.880526	2.336402	6.004272	7.937745	1.363977	6.150208	-21.483000	3.768630	25.000000
7.880526	2.336402	6.004272	7.893117	1.388620	6.078210	-21.483000	4.866330	25.000000
7.880526	2.336402	6.004272	7.475961	1.068381	6.004886	-21.483000	5.463470	25.000000
7.880526	2.336402	6.004272	8.339065	1.328600	5.836111	-21.483000	6.561170	25.000000
7.880526	2.336402	6.004272	7.674145	1.037703	6.030867	-21.483000	7.158310	25.000000
7.880526	2.336402	6.004272	8.000625	1.305205	5.994210	-21.483000	8.256010	25.000000
7.880526	2.336402	6.004272	7.602796	1.553697	6.262136	-21.483000	8.853150	25.000000
7.880526	2.336402	6.004272	8.186741	1.548563	6.018648	-21.483000	9.950850	25.000000
7.880486	2.336407	6.004305	7.170077	1.971984	0.015150	-21.483000	10.548000	25.000000
7.880486	2.336407	6.004305	8.494993	2.322323	5.455623	-21.483000	11.645700	25.000000
7.880486	2.336407	6.004305	7.640681	2.495360	5.543908	-21.483000	12.242800	25.000000
7.880486	2.336407	6.004305	8.162108	2.378718	5.636138	-21.483000	13.340500	25.000000
7.880486	2.336407	6.004305	7.930599	2.354808	5.896065	-21.483000	13.937700	25.000000
7.880486	2.336407	6.004305	7.885835	2.378664	5.923126	-21.483000	15.035400	25.000000
7.880486	2.336407	6.004305	7.890887	2.342011	5.979879	-21.483000	15.632500	25.000000
7.880486	2.336407	6.004305	7.835975	2.348845	5.964268	-21.483000	16.730200	25.000000
7.879833	2.336487	6.004223	7.852388	2.346788	6.012238	-20.635500	-6.400410	25.000000
7.879833	2.336487	6.004223	7.839318	2.348425	6.024313	-20.635500	-4.705570	25.000000
7.879833	2.336487	6.004223	7.913438	2.356973	6.020855	-20.635500	-3.607870	25.000000
7.879833	2.336487	6.004223	7.890653	2.359869	6.043442	-20.635500	-3.010730	25.000000
7.879833	2.336487	6.004223	7.883051	2.379033	6.051569	-20.635500	-1.913030	25.000000
7.879833	2.336487	6.004223	7.834698	2.423497	6.137173	-20.635500	-1.315890	25.000000
7.879839	2.336486	6.004218	7.901924	2.472878	6.081787	-20.635500	-0.218189	25.000000
7.879839	2.336486	6.004218	7.516256	2.671224	6.221499	-20.635500	0.378951	25.000000
7.879833	2.336487	6.004223	8.197902	2.725978	0.358063	-20.635500	1.476650	25.000000
7.879833	2.336487	6.004223	8.194687	2.792353	0.470027	-20.635500	2.073790	25.000000
7.879833	2.336487	6.004223	7.496239	2.133649	5.867523	-20.635500	3.171490	25.000000
7.879833	2.336487	6.004223	7.933637	1.832155	6.153652	-20.635500	3.768630	25.000000
7.879833	2.336487	6.004223	7.855272	1.885302	6.146211	-20.635500	4.866330	25.000000
7.879833	2.336487	6.004223	8.248788	1.625377	5.776087	-20.635500	5.463470	25.000000
7.879833	2.336487	6.004223	7.568355	1.730023	6.012238	-20.635500	6.561170	25.000000
7.879833	2.336487	6.004223	7.532337	1.584073	6.191444	-20.635500	7.158310	25.000000
7.879833	2.336487	6.004223	8.269450	1.818813	6.001287	-20.635500	8.256010	25.000000
7.879833	2.336487	6.004223	7.886064	2.059161	5.916011	-20.635500	8.853150	25.000000
7.879833	2.336487	6.004223	7.903164	2.452531	5.739353	-20.635500	9.950850	25.000000
7.879793	2.336492	6.004257	7.666159	2.558634	5.346412	-20.635500	10.548000	25.000000
7.879793	2.336492	6.004257	8.193290	2.507378	5.277538	-20.635500	11.645700	25.000000
7.879793	2.336492	6.004257	8.015142	2.379844	5.762918	-20.635500	12.242800	25.000000
7.879793	2.336492	6.004257	7.684667	2.446138	5.817721	-20.635500	13.340500	25.000000
7.879793	2.336492	6.004257	7.849592	2.347137	5.954094	-20.635500	13.937700	25.000000
7.879793	2.336492	6.004257	7.879492	2.361297	5.929482	-20.635500	15.035400	25.000000
7.879793	2.336492	6.004257	7.893035	2.341746	5.978193	-20.635500	15.632500	25.000000
7.879793	2.336492	6.004257	7.884516	2.342796	5.984947	-20.635500	16.730200	25.000000
7.879992	2.336468	6.004088	7.876192	2.343826	5.991729	-20.635500	17.327400	25.000000
7.879992	2.336468	6.004088	7.874141	2.344080	5.993428	-20.635500	18.425100	25.000000
7.879833	2.336487	6.004223	7.856233	2.346307	6.008803	-19.788100	-5.302710	25.000000
7.879833	2.336487	6.004223	7.918990	2.356271	6.015680	-19.788100	-4.705570	25.000000
7.879833	2.336487	6.004223	7.842991	2.347964	6.020855	-19.788100	-3.607870	25.000000
7.879833	2.336487	6.004223	7.900911	2.358562	6.032985	-19.788100	-3.010730	25.000000
7.879833	2.336487	6.004223	7.896132	2.377301	6.037319	-19.788100	-1.913030	25.000000
7.879833	2.336487	6.004223	7.860184	2.400744	6.083941	-19.788100	-1.315890	25.000000
7.879839	2.336486	6.004218	7.895923	2.433934	6.055218	-19.788100	-0.218189	25.000000
7.879839	2.336486	6.004218	7.851911	2.618006	6.168309	-19.788100	0.378951	25.000000
7.879833	2.336487	6.004223	7.824455	2.506755	6.151346	-19.788100	1.476650	25.000000
7.879833	2.336487	6.004223	8.216915	2.862956	0.390366	-19.788100	2.073790	25.000000
7.879833	2.336487	6.004223	7.631291	2.845856	6.170542	-19.788100	3.171490	25.000000
7.879833	2.336487	6.004223	7.913760	2.779281	6.008803	-19.788100	3.768630	25.000000
7.879833	2.336487	6.004223	7.872712	2.666275	0.038869	-19.788100	4.866330	25.000000
7.879833	2.336487	6.004223	7.964923	2.503987	5.800672	-19.788100	5.463470	25.000000
7.879833	2.336487	6.004223	7.849841	2.105475	5.839403	-19.788100	6.561170	25.000000
7.879833	2.336487	6.004223	8.325527	2.410878	5.792169	-19.788100	7.158310	25.000000
7.879833	2.336487	6.004223	7.514093	2.212891	6.206668	-19.788100	8.256010	25.000000
7.879833	2.336487	6.004223	8.247521	2.684273	5.149016	-19.788100	8.853150	25.000000
7.879833	2.336487	6.004223	7.532702	2.728805	5.247133	-19.788100	9.950850	25.000000
7.879793	2.336492	6.004257	8.143709	2.436149	5.632109	-19.788100	10.548000	25.000000
7.879793	2.336492	6.004257	7.582875	2.600594	5.588447	-19.788100	11.645700	25.000000
7.879793	2.336492	6.004257	7.917601	2.374476	5.855353	-19.788100	12.242800	25.000000
7.879793	2.336492	6.004257	7.887465	2.396970	5.921787	-19.788100	13.340500	25.000000
7.879793	2.336492	6.004257	7.833748	2.349125	5.965970	-19.788100	13.937700	25.000000
7.879793	2.336492	6.004257	7.851115	2.364955	5.949941	-19.788100	15.035400	25.000000
7.879793	2.336492	6.004257	7.882417	2.343056	5.986639	-19.788100	15.632500	25.000000
7.879793	2.336492	6.004257	7.884516	2.342796	5.984947	-19.788100	16.730200	25.000000
7.879992	2.336468	6.004088	7.874141	2.344080	5.993428	-19.788100	17.327400	25.000000
7.879833	2.336487	6.004223	7.846713	2.347498	6.017403	-18.940700	-4.705570	25.000000
7.879833	2.336487	6.004223	7.922752	2.355796	6.012238	-18.940700	-3.607870	25.000000
7.879833	2.336487	6.004223	7.829406	2.367781	6.032001	-18.940700	-3.010730	25.000000
7.879833	2.336487	6.004223	7.913438	2.356973	6.020855	-18.940700	-1.913030	25.000000
7.879833	2.336487	6.004223	7.907566	2.394216	6.027377	-18.940700	-1.315890	25.000000
7.879839	2.336486	6.004218	7.872712	2.399006	6.067369	-18.940700	-0.218189	25.000000
7.879839	2.336486	6.004218	7.860509	2.459145	6.030379	-18.940700	0.378951	25.000000
7.879833	2.336487	6.004223	7.817135	2.486726	6.122871	-18.940700	1.476650	25.000000
7.879833	2.336487	6.004223	7.940000	2.706429	6.115090	-18.940700	2.073790	25.000000
7.879833	2.336487	6.004223	7.805927	2.578318	6.102259	-18.940700	3.171490	25.000000
7.879833	2.336487	6.004223	7.782082	2.871523	5.655097	-18.940700	3.768630	25.000000
7.879833	2.336487	6.004223	7.979536	2.929063	0.125092	-18.940700	4.866330	25.000000
7.879833	2.336487	6.004223	7.809129	2.974217	5.394333	-18.940700	5.463470	25.000000
7.879833	2.336487	6.004223	8.022824	2.966387	5.108830	-18.940700	6.561170	25.000000
7.879833	2.336487	6.004223	7.750929	2.798809	5.325945	-18.940700	7.158310	25.000000
7.879833	2.336487	6.004223	7.926374	2.853630	5.138281	-18.940700	8.256010	25.000000
7.879833	2.336487	6.004223	7.686768	2.715665	5.569095	-18.940700	8.853150	25.000000
7.879833	2.336487	6.004223	8.136467	2.538267	5.606753	-18.940700	9.950850	25.000000
7.879793	2.336492	6.004257	7.721425	2.481621	5.851663	-18.940700	10.548000	25.000000
7.879793	2.336492	6.004257	7.972584	2.403920	5.821206	-18.940700	11.645700	25.000000
7.879793	2.336492	6.004257	7.857481	2.382446	5.943893	-18.940700	12.242800	25.000000
7.879793	2.336492	6.004257	7.953144	2.351985	5.930632	-18.940700	13.340500	25.000000
7.879793	2.336492	6.004257	7.888751	2.342274	5.981566	-18.940700	13.937700	25.000000
7.879793	2.336492	6.004257	7.902082	2.358413	5.967674	-18.940700	15.035400	25.000000
7.879793	2.336492	6.004257	7.876192	2.343826	5.991729	-18.940700	16.730200	25.000000
7.879833	2.336487	6.004223	7.856233	2.346307	6.008803	-18.093300	-5.302710	25.000000
7.879833	2.336487	6.004223	7.856233	2.346307	6.008803	-18.093300	-4.705570	25.000000
7.879833	2.336487	6.004223	7.850484	2.347026	6.013958	-18.093300	-3.607870	25.000000
7.879833	2.336487	6.004223	7.842991	2.347964	6.020855	-18.093300	-3.010730	25.000000
7.879833	2.336487	6.004223	7.911612	2.357204	6.022583	-18.093300	-1.913030	25.000000
7.879833	2.336487	6.004223	7.912781	2.393505	6.021985	-18.093300	-1.315890	25.000000
7.879839	2.336486	6.004218	7.894454	2.377522	6.039095	-18.093300	-0.218189	25.000000
7.879839	2.336486	6.004218	7.828691	2.405153	6.037284	-18.093300	0.378951	25.000000
7.879833	2.336487	6.004223	7.914297	2.450825	6.044941	-18.093300	1.476650	25.000000
7.879833	2.336487	6.004223	7.872236	2.542215	6.030561	-18.093300	2.073790	25.000000
7.879833	2.336487	6.004223	7.864636	2.478901	6.043219	-18.093300	3.171490	25.000000
7.879833	2.336487	6.004223	7.916319	2.604081	5.927880	-18.093300	3.768630	25.000000
7.879833	2.336487	6.004223	7.858429	2.591714	6.054744	-18.093300	4.866330	25.000000
7.879833	2.336487	6.004223	7.964948	2.644244	5.883131	-18.093300	5.463470	25.000000
7.879833	2.336487	6.004223	7.784761	2.660192	5.869186	-18.093300	6.561170	25.000000
7.879833	2.336487	6.004223	7.957361	2.620190	5.794712	-18.093300	7.158310	25.000000
7.879833	2.336487	6.004223	7.893314	2.561024	5.833999	-18.093300	8.256010	25.000000
7.879833	2.336487	6.004223	7.953968	2.505848	5.808175	-18.093300	8.853150	25.000000
7.879833	2.336487	6.004223	7.867935	2.457984	5.895205	-18.093300	9.950850	25.000000
7.879793	2.336492	6.004257	7.873811	2.380262	5.931741	-18.093300	10.548000	25.000000
7.879793	2.336492	6.004257	7.851911	2.420992	5.897303	-18.093300	11.645700	25.000000
7.879793	2.336492	6.004257	7.919981	2.356146	5.954094	-18.093300	12.242800	25.000000
7.879793	2.336492	6.004257	7.827139	2.349958	5.971088	-18.093300	13.340500	25.000000
7.879793	2.336492	6.004257	7.952515	2.352064	5.986639	-18.093300	13.937700	25.000000
7.879793	2.336492	6.004257	7.886628	2.342536	5.983256	-18.093300	15.035400	25.000000
7.879793	2.336492	6.004257	7.872103	2.344333	5.995130	-18.093300	15.632500	25.000000
7.879793	2.336492	6.004257	7.876192	2.343826	5.991729	-18.093300	16.730200	25.000000
7.880526	2.336402	6.004272	7.848592	2.347262	6.015680	-17.245900	-3.010730	25.000000
7.880526	2.336402	6.004272	7.917127	2.356506	6.017403	-17.245900	-1.913030	25.000000
7.880526	2.336402	6.004272	7.920915	2.374042	6.012628	-17.245900	-1.315890	25.000000
7.880532	2.336402	6.004266	7.902968	2.376399	6.030232	-17.245900	-0.218189	25.000000
7.880532	2.336402	6.004266	7.978853	2.384625	6.026698	-17.245900	0.378951	25.000000
7.880526	2.336402	6.004272	7.838724	2.403742	6.026248	-17.245900	1.476650	25.000000
7.880526	2.336402	6.004272	7.936555	2.447439	6.018142	-17.245900	2.073790	25.000000
7.880526	2.336402	6.004272	7.845534	2.421918	6.025074	-17.245900	3.171490	25.000000
7.880526	2.336402	6.004272	7.941669	2.486981	5.969937	-17.245900	3.768630	25.000000
7.880526	2.336402	6.004272	7.886324	2.475385	6.015314	-17.245900	4.866330	25.000000
7.880526	2.336402	6.004272	7.897696	2.494270	5.949483	-17.245900	5.463470	25.000000
7.880526	2.336402	6.004272	7.814192	2.487217	5.953456	-17.245900	6.561170	25.000000
7.880526	2.336402	6.004272	7.900785	2.473060	5.933019	-17.245900	7.158310	25.000000
7.880526	2.336402	6.004272	7.910506	2.451405	5.915584	-17.245900	8.256010	25.000000
7.880526	2.336402	6.004272	7.780745	2.411976	5.949240	-17.245900	8.853150	25.000000
7.880526	2.336402	6.004272	7.908533	2.412876	5.907968	-17.245900	9.950850	25.000000
7.880486	2.336407	6.004305	7.928058	2.391431	5.945637	-17.245900	10.548000	25.000000
7.880486	2.336407	6.004305	7.906485	2.357854	5.964268	-17.245900	11.645700	25.000000
7.880486	2.336407	6.004305	7.899899	2.358691	5.969380	-17.245900	12.242800	25.000000
7.880486	2.336407	6.004305	7.886628	2.342536	5.983256	-17.245900	13.340500	25.000000
7.880486	2.336407	6.004305	7.946345	2.352834	5.991729	-17.245900	13.937700	25.000000
7.880486	2.336407	6.004305	7.882417	2.343056	5.986639	-17.245900	15.035400	25.000000
7.880486	2.336407	6.004305	7.874141	2.344080	5.993428	-17.245900	15.632500	25.000000
7.879833	2.336487	6.004223	7.854305	2.346548	6.010520	-16.398400	-4.705570	25.000000
7.879833	2.336487	6.004223	7.996931	2.346570	6.011863	-16.398400	-3.607870	25.000000
7.879833	2.336487	6.004223	7.848592	2.347262	6.015680	-16.398400	-3.010730	25.000000
7.879833	2.336487	6.004223	7.854305	2.346548	6.010520	-16.398400	-1.913030	25.000000
7.879833	2.336487	6.004223	7.849261	2.365196	6.012628	-16.398400	-1.315890	25.000000
7.879839	2.336486	6.004218	7.917228	2.374525	6.016135	-16.398400	-0.218189	25.000000
7.879839	2.336486	6.004218	7.911789	2.375239	6.021409	-16.398400	0.378951	25.000000
7.879833	2.336487	6.004223	7.848796	2.383612	6.013032	-16.398400	1.476650	25.000000
7.879833	2.336487	6.004223	7.909292	2.393981	6.025578	-16.398400	2.073790	25.000000
7.879833	2.336487	6.004223	7.863867	2.400232	6.000747	-16.398400	3.171490	25.000000
7.879833	2.336487	6.004223	7.864789	2.419129	6.004622	-16.398400	3.768630	25.000000
7.879833	2.336487	6.004223	7.881650	2.416706	5.988063	-16.398400	4.866330	25.000000
7.879833	2.336487	6.004223	7.830479	2.424114	5.971262	-16.398400	5.463470	25.000000
7.879833	2.336487	6.004223	7.828467	2.424409	5.973112	-16.398400	6.561170	25.000000
7.879833	2.336487	6.004223	7.850662	2.402071	5.950078	-16.398400	7.158310	25.000000
7.879833	2.336487	6.004223	7.840721	2.422619	5.962047	-16.398400	8.256010	25.000000
7.879833	2.336487	6.004223	7.908224	2.394127	5.961435	-16.398400	8.853150	25.000000
7.879833	2.336487	6.004223	7.907142	2.375849	5.962012	-16.398400	9.950850	25.000000
7.879793	2.336492	6.004257	7.904277	2.358134	5.965970	-16.398400	10.548000	25.000000
7.879793	2.336492	6.004257	7.882867	2.360865	5.983096	-16.398400	11.645700	25.000000
7.879793	2.336492	6.004257	7.878255	2.343570	5.990030	-16.398400	12.242800	25.000000
7.879793	2.336492	6.004257	7.886628	2.342536	5.983256	-16.398400	13.340500	25.000000
7.879793	2.336492	6.004257	7.876192	2.343826	5.991729	-16.398400	13.937700	25.000000
7.879793	2.336492	6.004257	7.874141	2.344080	5.993428	-16.398400	15.035400	25.000000
7.879793	2.336492	6.004257	7.872103	2.344333	5.995130	-16.398400	15.632500	25.000000
7.879833	2.336487	6.004223	7.856233	2.346307	6.008803	-15.551000	-3.607870	25.000000
7.879833	2.336487	6.004223	7.856233	2.346307	6.008803	-15.551000	-3.010730	25.000000
7.879833	2.336487	6.004223	7.852388	2.346788	6.012238	-15.551000	-1.913030	25.000000
7.879833	2.336487	6.004223	7.924651	2.355557	6.010520	-15.551000	-1.315890	25.000000
7.879839	2.336486	6.004218	7.846713	2.347498	6.017403	-15.551000	-0.218189	25.000000
7.879839	2.336486	6.004218	7.928436	2.373060	6.005633	-15.551000	0.378951	25.000000
7.879833	2.336487	6.004223	7.845540	2.365679	6.016135	-15.551000	1.476650	25.000000
7.879833	2.336487	6.004223	7.782088	2.374024	6.007682	-15.551000	2.073790	25.000000
7.879833	2.336487	6.004223	7.930958	2.391039	6.004124	-15.551000	3.171490	25.000000
7.879833	2.336487	6.004223	7.873430	2.398907	5.991729	-15.551000	3.768630	25.000000
7.879833	2.336487	6.004223	7.869568	2.399441	5.995330	-15.551000	4.866330	25.000000
7.879833	2.336487	6.004223	7.950352	2.388427	5.986444	-15.551000	5.463470	25.000000
7.879833	2.336487	6.004223	7.808002	2.389148	5.984549	-15.551000	6.561170	25.000000
7.879833	2.336487	6.004223	7.966737	2.386236	5.972436	-15.551000	7.158310	25.000000
7.879833	2.336487	6.004223	7.881757	2.379205	5.982931	-15.551000	8.256010	25.000000
7.879833	2.336487	6.004223	7.889163	2.360059	5.977939	-15.551000	8.853150	25.000000
7.879833	2.336487	6.004223	7.818088	2.369264	5.975926	-15.551000	9.950850	25.000000
7.879793	2.336492	6.004257	7.812144	2.351856	5.983096	-15.551000	10.548000	25.000000
7.879793	2.336492	6.004257	7.884954	2.360598	5.981375	-15.551000	11.645700	25.000000
7.879793	2.336492	6.004257	7.874141	2.344080	5.993428	-15.551000	12.242800	25.000000
7.879793	2.336492	6.004257	7.878255	2.343570	5.990030	-15.551000	13.340500	25.000000
7.879793	2.336492	6.004257	7.874141	2.344080	5.993428	-15.551000	15.035400	25.000000
7.879833	2.336487	6.004223	7.998850	2.346335	6.010177	-14.703600	-1.913030	25.000000
7.879833	2.336487	6.004223	7.856233	2.346307	6.008803	-14.703600	-1.315890	25.000000
7.879839	2.336486	6.004218	7.852388	2.346788	6.012238	-14.703600	-0.218189	25.000000
7.879839	2.336486	6.004218	7.853031	2.364707	6.009127	-14.703600	0.378951	25.000000
7.879833	2.336487	6.004223	7.926563	2.355316	6.008803	-14.703600	1.476650	25.000000
7.879833	2.336487	6.004223	7.926538	2.373307	6.007379	-14.703600	2.073790	25.000000
7.879833	2.336487	6.004223	7.932270	2.372560	6.002147	-14.703600	3.171490	25.000000
7.879833	2.336487	6.004223	7.865806	2.381331	5.997030	-14.703600	3.768630	25.000000
7.879833	2.336487	6.004223	7.869720	2.380808	5.993494	-14.703600	4.866330	25.000000
7.879833	2.336487	6.004223	7.870604	2.362439	5.993460	-14.703600	5.463470	25.000000
7.879833	2.336487	6.004223	7.868602	2.362696	5.995194	-14.703600	6.561170	25.000000
7.879833	2.336487	6.004223	7.872617	2.362180	5.991729	-14.703600	7.158310	25.000000
7.879833	2.336487	6.004223	7.880793	2.361130	5.984819	-14.703600	8.256010	25.000000
7.879833	2.336487	6.004223	7.884954	2.360598	5.981375	-14.703600	8.853150	25.000000
7.879833	2.336487	6.004223	7.874643	2.361919	5.989998	-14.703600	9.950850	25.000000
7.879793	2.336492	6.004257	7.803845	2.352910	5.989998	-14.703600	10.548000	25.000000
7.879793	2.336492	6.004257	7.950447	2.352322	5.988334	-14.703600	11.645700	25.000000
7.879793	2.336492	6.004257	7.876192	2.343826	5.991729	-14.703600	13.340500	25.000000
7.879833	2.336487	6.004223	7.856233	2.346307	6.008803	-13.856200	-1.315890	25.000000
7.879839	2.336486	6.004218	7.928487	2.355074	6.007088	-13.856200	0.378951	25.000000
7.879833	2.336487	6.004223	7.856233	2.346307	6.008803	-13.856200	1.476650	25.000000
7.879833	2.336487	6.004223	7.858779	2.363964	6.003889	-13.856200	2.073790	25.000000
7.879833	2.336487	6.004223	7.866613	2.362953	5.996930	-13.856200	3.768630	25.000000
7.879833	2.336487	6.004223	7.864636	2.363207	5.998667	-13.856200	4.866330	25.000000
7.879833	2.336487	6.004223	7.936303	2.354092	6.000245	-13.856200	5.463470	25.000000
7.879833	2.336487	6.004223	7.870604	2.362439	5.993460	-13.856200	6.561170	25.000000
7.879833	2.336487	6.004223	7.874643	2.361919	5.989998	-13.856200	7.158310	25.000000
7.879833	2.336487	6.004223	7.874643	2.361919	5.989998	-13.856200	8.256010	25.000000
7.879833	2.336487	6.004223	7.876192	2.343826	5.991729	-13.856200	8.853150	25.000000
7.879833	2.336487	6.004223	7.872103	2.344333	5.995130	-13.856200	9.950850	25.000000
7.879793	2.336492	6.004257	7.872103	2.344333	5.995130	-13.856200	10.548000	25.000000
7.879793	2.336492	6.004257	7.874141	2.344080	5.993428	-13.856200	11.645700	25.000000
7.880526	2.336402	6.004272	7.930422	2.354830	6.005375	-13.008800	1.476650	25.000000
7.880526	2.336402	6.004272	7.932370	2.354585	6.003663	-13.008800	2.073790	25.000000
7.880526	2.336402	6.004272	7.934330	2.354339	6.001953	-13.008800	3.768630	25.000000
7.880526	2.336402	6.004272	7.934330	2.354339	6.001953	-13.008800	4.866330	25.000000
7.880526	2.336402	6.004272	7.872617	2.362180	5.991729	-13.008800	7.158310	25.000000
7.880526	2.336402	6.004272	7.872103	2.344333	5.995130	-13.008800	9.950850	25.000000
7.879833	2.336487	6.004223	7.934330	2.354339	6.001953	-12.161300	2.073790	25.000000
7.879833	2.336487	6.004223	7.799769	2.353430	5.993460	-12.161300	6.561170	25.000000
7.879833	2.336487	6.004223	7.938287	2.353843	5.998538	-12.161300	8.256010	25.000000
7.879833	2.336487	6.004223	7.938287	2.353843	5.998538	-11.313900	8.256010	25.000000
