7.880605	2.487281	5.786633	7.882157	2.476058	5.795645	-40.462100	0.062002	25.000000
7.880601	2.487282	5.786636	7.882157	2.476058	5.795645	-39.614700	6.841360	25.000000
7.880601	2.487282	5.786636	7.882157	2.476058	5.795645	-39.614700	7.438500	25.000000
7.880630	2.487277	5.786617	7.882157	2.476058	5.795645	-39.614700	11.925900	25.000000
7.880630	2.487277	5.786617	7.882157	2.476058	5.795645	-39.614700	15.315600	25.000000
7.880630	2.487277	5.786617	7.882157	2.476058	5.795645	-39.614700	15.912700	25.000000
7.880601	2.487282	5.786636	7.885055	2.475590	5.793832	-38.767300	-3.327680	25.000000
7.880601	2.487282	5.786636	7.882157	2.476058	5.795645	-38.767300	8.536200	25.000000
7.880601	2.487282	5.786636	7.885055	2.475590	5.793832	-38.767300	9.133340	25.000000
7.880630	2.487277	5.786617	7.885055	2.475590	5.793832	-38.767300	12.523000	25.000000
7.880630	2.487277	5.786617	7.885055	2.475590	5.793832	-38.767300	15.912700	25.000000
7.880630	2.487277	5.786617	7.882157	2.476058	5.795645	-38.767300	24.386900	25.000000
7.880066	2.487370	5.786536	7.882157	2.476058	5.795645	-37.919800	7.438500	25.000000
7.880095	2.487365	5.786518	7.885055	2.475590	5.793832	-37.919800	22.094900	25.000000
7.880095	2.487365	5.786518	7.882157	2.476058	5.795645	-37.919800	27.179500	25.000000
7.880601	2.487282	5.786636	7.882157	2.476058	5.795645	-37.072400	-5.022520	25.000000
7.880601	2.487282	5.786636	7.885055	2.475590	5.793832	-37.072400	8.536200	25.000000
7.880630	2.487277	5.786617	7.882157	2.476058	5.795645	-37.072400	19.302400	25.000000
7.880630	2.487277	5.786617	7.882157	2.476058	5.795645	-37.072400	20.997200	25.000000
7.880601	2.487282	5.786636	7.885055	2.475590	5.793832	-36.225000	-6.120220	25.000000
7.880601	2.487282	5.786636	7.885055	2.475590	5.793832	-36.225000	-5.022520	25.000000
7.880601	2.487282	5.786636	7.885055	2.475590	5.793832	-36.225000	-4.425380	25.000000
7.880601	2.487282	5.786636	7.882157	2.476058	5.795645	-36.225000	-1.035700	25.000000
7.880601	2.487282	5.786636	7.882157	2.476058	5.795645	-36.225000	5.146520	25.000000
7.880601	2.487282	5.786636	7.879270	2.476525	5.797462	-36.225000	5.743660	25.000000
7.880601	2.487282	5.786636	7.882157	2.476058	5.795645	-36.225000	9.133340	25.000000
7.880340	2.487325	5.786801	7.882157	2.476058	5.795645	-36.225000	10.231000	25.000000
7.880630	2.487277	5.786617	7.885055	2.475590	5.793832	-36.225000	10.828200	25.000000
7.880630	2.487277	5.786617	7.885055	2.475590	5.793832	-36.225000	11.925900	25.000000
7.880630	2.487277	5.786617	7.885055	2.475590	5.793832	-36.225000	12.523000	25.000000
7.880630	2.487277	5.786617	7.885055	2.475590	5.793832	-36.225000	15.315600	25.000000
7.880630	2.487277	5.786617	7.885055	2.475590	5.793832	-36.225000	20.400100	25.000000
7.880601	2.487282	5.786636	7.885055	2.475590	5.793832	-35.377600	-7.815060	25.000000
7.880601	2.487282	5.786636	7.882157	2.476058	5.795645	-35.377600	-1.632840	25.000000
7.880601	2.487282	5.786636	7.882157	2.476058	5.795645	-35.377600	1.756840	25.000000
7.880601	2.487282	5.786636	7.879270	2.476525	5.797462	-35.377600	2.353980	25.000000
7.880601	2.487282	5.786636	7.882157	2.476058	5.795645	-35.377600	3.451680	25.000000
7.880601	2.487282	5.786636	7.879270	2.476525	5.797462	-35.377600	4.048820	25.000000
7.880601	2.487282	5.786636	7.879270	2.476525	5.797462	-35.377600	7.438500	25.000000
7.880601	2.487282	5.786636	7.882157	2.476058	5.795645	-35.377600	8.536200	25.000000
7.880601	2.487282	5.786636	7.882157	2.476058	5.795645	-35.377600	9.133340	25.000000
7.880630	2.487277	5.786617	7.882157	2.476058	5.795645	-35.377600	10.828200	25.000000
7.880630	2.487277	5.786617	7.885055	2.475590	5.793832	-35.377600	11.925900	25.000000
7.880630	2.487277	5.786617	7.887966	2.475120	5.792022	-35.377600	12.523000	25.000000
7.880630	2.487277	5.786617	7.887966	2.475120	5.792022	-35.377600	18.705300	25.000000
7.880630	2.487277	5.786617	7.885055	2.475590	5.793832	-35.377600	19.302400	25.000000
7.880605	2.487281	5.786633	7.879270	2.476525	5.797462	-34.530200	0.062002	25.000000
7.880606	2.487281	5.786632	7.879270	2.476525	5.797462	-34.530200	0.659142	25.000000
7.880601	2.487282	5.786636	7.879270	2.476525	5.797462	-34.530200	2.353980	25.000000
7.880601	2.487282	5.786636	7.879270	2.476525	5.797462	-34.530200	3.451680	25.000000
7.880601	2.487282	5.786636	7.879270	2.476525	5.797462	-34.530200	4.048820	25.000000
7.880601	2.487282	5.786636	7.879270	2.476525	5.797462	-34.530200	5.743660	25.000000
7.880601	2.487282	5.786636	7.876395	2.476990	5.799283	-34.530200	6.841360	25.000000
7.880601	2.487282	5.786636	7.879270	2.476525	5.797462	-34.530200	7.438500	25.000000
7.880601	2.487282	5.786636	7.879270	2.476525	5.797462	-34.530200	8.536200	25.000000
7.880601	2.487282	5.786636	7.882157	2.476058	5.795645	-34.530200	9.133340	25.000000
7.880340	2.487325	5.786801	7.885055	2.475590	5.793832	-34.530200	10.231000	25.000000
7.880630	2.487277	5.786617	7.885055	2.475590	5.793832	-34.530200	10.828200	25.000000
7.880630	2.487277	5.786617	7.885055	2.475590	5.793832	-34.530200	11.925900	25.000000
7.880630	2.487277	5.786617	7.887966	2.475120	5.792022	-34.530200	12.523000	25.000000
7.880630	2.487277	5.786617	7.887966	2.475120	5.792022	-34.530200	17.010400	25.000000
7.880630	2.487277	5.786617	7.890887	2.474650	5.790215	-34.530200	18.705300	25.000000
7.880630	2.487277	5.786617	7.887966	2.475120	5.792022	-34.530200	20.400100	25.000000
7.880630	2.487277	5.786617	7.887966	2.475120	5.792022	-34.530200	20.997200	25.000000
7.880630	2.487277	5.786617	7.885055	2.475590	5.793832	-34.530200	22.692100	25.000000
7.880066	2.487370	5.786536	7.882157	2.476058	5.795645	-33.682700	-8.412200	25.000000
7.880070	2.487369	5.786534	7.879270	2.476525	5.797462	-33.682700	0.062002	25.000000
7.880066	2.487370	5.786536	7.873532	2.477455	5.801107	-33.682700	3.451680	25.000000
7.880066	2.487370	5.786536	7.873532	2.477455	5.801107	-33.682700	4.048820	25.000000
7.880066	2.487370	5.786536	7.879270	2.476525	5.797462	-33.682700	5.146520	25.000000
7.880066	2.487370	5.786536	7.873532	2.477455	5.801107	-33.682700	5.743660	25.000000
7.880066	2.487370	5.786536	7.879270	2.476525	5.797462	-33.682700	6.841360	25.000000
7.880066	2.487370	5.786536	7.934286	2.467733	5.806892	-33.682700	7.438500	25.000000
7.880066	2.487370	5.786536	7.876395	2.476990	5.799283	-33.682700	8.536200	25.000000
7.880066	2.487370	5.786536	7.882157	2.476058	5.795645	-33.682700	9.133340	25.000000
7.879805	2.487413	5.786701	7.803743	2.468145	5.795645	-33.682700	10.231000	25.000000
7.880095	2.487365	5.786518	7.945823	2.465916	5.799738	-33.682700	10.828200	25.000000
7.880095	2.487365	5.786518	7.942921	2.466372	5.801522	-33.682700	11.925900	25.000000
7.880095	2.487365	5.786518	7.809609	2.467204	5.792022	-33.682700	12.523000	25.000000
7.880095	2.487365	5.786518	7.890887	2.474650	5.790215	-33.682700	13.620700	25.000000
7.880095	2.487365	5.786518	7.890887	2.474650	5.790215	-33.682700	14.217900	25.000000
7.880095	2.487365	5.786518	7.893820	2.474178	5.788412	-33.682700	15.315600	25.000000
7.880095	2.487365	5.786518	7.890887	2.474650	5.790215	-33.682700	15.912700	25.000000
7.879805	2.487413	5.786701	7.890887	2.474650	5.790215	-33.682700	17.607500	25.000000
7.880095	2.487365	5.786518	7.885055	2.475590	5.793832	-33.682700	19.302400	25.000000
7.880095	2.487365	5.786518	7.885055	2.475590	5.793832	-33.682700	20.997200	25.000000
7.880095	2.487365	5.786518	7.885055	2.475590	5.793832	-33.682700	22.692100	25.000000
7.880095	2.487365	5.786518	7.885055	2.475590	5.793832	-33.682700	23.789800	25.000000
7.880601	2.487282	5.786636	7.882157	2.476058	5.795645	-32.835300	-9.509900	25.000000
7.880601	2.487282	5.786636	7.873532	2.477455	5.801107	-32.835300	1.756840	25.000000
7.880601	2.487282	5.786636	7.876395	2.476990	5.799283	-32.835300	3.451680	25.000000
7.880601	2.487282	5.786636	7.873532	2.477455	5.801107	-32.835300	4.048820	25.000000
7.880601	2.487282	5.786636	7.867840	2.478379	5.804765	-32.835300	5.146520	25.000000
7.880601	2.487282	5.786636	7.922935	2.469529	5.814098	-32.835300	5.743660	25.000000
7.880601	2.487282	5.786636	7.928588	2.468633	5.810488	-32.835300	6.841360	25.000000
7.880601	2.487282	5.786636	7.850637	2.460693	5.810488	-32.835300	7.438500	25.000000
7.880601	2.487282	5.786636	7.850637	2.460693	5.810488	-32.835300	8.536200	25.000000
7.880601	2.487282	5.786636	7.859287	2.459336	5.805098	-32.835300	9.133340	25.000000
7.880340	2.487325	5.786801	7.915706	2.450610	5.814219	-32.835300	10.231000	25.000000
7.880630	2.487277	5.786617	7.942921	2.466372	5.801522	-32.835300	10.828200	25.000000
7.880630	2.487277	5.786617	7.870985	2.457509	5.797958	-32.835300	11.925900	25.000000
7.880630	2.487277	5.786617	7.954596	2.464542	5.794408	-32.835300	12.523000	25.000000
7.880630	2.487277	5.786617	7.868043	2.457967	5.799738	-32.835300	13.620700	25.000000
7.880630	2.487277	5.786617	7.899722	2.473231	5.784817	-32.835300	14.217900	25.000000
7.880630	2.487277	5.786617	7.890887	2.474650	5.790215	-32.835300	15.315600	25.000000
7.880630	2.487277	5.786617	7.890887	2.474650	5.790215	-32.835300	15.912700	25.000000
7.880630	2.487277	5.786617	7.890887	2.474650	5.790215	-32.835300	18.705300	25.000000
7.880630	2.487277	5.786617	7.885055	2.475590	5.793832	-32.835300	22.692100	25.000000
7.880601	2.487282	5.786636	7.879270	2.476525	5.797462	-31.987900	-1.035700	25.000000
7.880606	2.487281	5.786632	7.870680	2.477918	5.802934	-31.987900	0.659142	25.000000
7.880601	2.487282	5.786636	7.876395	2.476990	5.799283	-31.987900	1.756840	25.000000
7.880601	2.487282	5.786636	7.890399	2.495494	5.796943	-31.987900	2.353980	25.000000
7.880601	2.487282	5.786636	7.867840	2.478379	5.804765	-31.987900	3.451680	25.000000
7.880601	2.487282	5.786636	7.853814	2.480669	5.813972	-31.987900	4.048820	25.000000
7.880601	2.487282	5.786636	7.925755	2.469082	5.812291	-31.987900	5.146520	25.000000
7.880601	2.487282	5.786636	7.847777	2.461143	5.812291	-31.987900	5.743660	25.000000
7.880601	2.487282	5.786636	7.965074	2.462907	5.832059	-31.987900	6.841360	25.000000
7.880601	2.487282	5.786636	7.827362	2.444235	5.821317	-31.987900	7.438500	25.000000
7.880601	2.487282	5.786636	7.898633	2.453227	5.824885	-31.987900	8.536200	25.000000
7.880601	2.487282	5.786636	7.838903	2.442480	5.814219	-31.987900	9.133340	25.000000
7.880340	2.487325	5.786801	7.896734	2.433814	5.823022	-31.987900	10.231000	25.000000
7.880630	2.487277	5.786617	7.799718	2.448476	5.794408	-31.987900	10.828200	25.000000
7.880630	2.487277	5.786617	7.850631	2.440705	5.807171	-31.987900	11.925900	25.000000
7.880630	2.487277	5.786617	7.870985	2.457509	5.797958	-31.987900	12.523000	25.000000
7.880630	2.487277	5.786617	7.811812	2.446614	5.787348	-31.987900	13.620700	25.000000
7.880630	2.487277	5.786617	7.830511	2.463872	5.779450	-31.987900	14.217900	25.000000
7.880630	2.487277	5.786617	7.954596	2.464542	5.794408	-31.987900	15.315600	25.000000
7.880630	2.487277	5.786617	7.818497	2.465784	5.786613	-31.987900	15.912700	25.000000
7.880630	2.487277	5.786617	7.902689	2.472755	5.783024	-31.987900	17.010400	25.000000
7.880630	2.487277	5.786617	7.890887	2.474650	5.790215	-31.987900	20.400100	25.000000
7.880630	2.487277	5.786617	7.885055	2.475590	5.793832	-31.987900	22.692100	25.000000
7.880630	2.487277	5.786617	7.882157	2.476058	5.795645	-31.987900	27.776600	25.000000
7.880601	2.487282	5.786636	7.876395	2.476990	5.799283	-31.140500	-1.035700	25.000000
7.880606	2.487281	5.786632	7.870680	2.477918	5.802934	-31.140500	0.659142	25.000000
7.880601	2.487282	5.786636	7.890399	2.495494	5.796943	-31.140500	1.756840	25.000000
7.880601	2.487282	5.786636	7.914544	2.470862	5.819538	-31.140500	2.353980	25.000000
7.880601	2.487282	5.786636	7.935748	2.487953	5.812124	-31.140500	3.451680	25.000000
7.880601	2.487282	5.786636	7.828084	2.464257	5.825007	-31.140500	4.048820	25.000000
7.880601	2.487282	5.786636	7.876522	2.456647	5.839284	-31.140500	5.146520	25.000000
7.880601	2.487282	5.786636	7.843985	2.441709	5.856722	-31.140500	5.743660	25.000000
7.880601	2.487282	5.786636	7.953245	2.444922	5.835312	-31.140500	6.841360	25.000000
7.880601	2.487282	5.786636	7.928909	2.410002	5.846558	-31.140500	7.438500	25.000000
7.880601	2.487282	5.786636	7.846375	2.421796	5.852398	-31.140500	8.536200	25.000000
7.880601	2.487282	5.786636	7.948968	2.407195	5.834650	-31.140500	9.133340	25.000000
7.880340	2.487325	5.786801	7.937437	2.408806	5.841438	-31.140500	10.231000	25.000000
7.880630	2.487277	5.786617	7.929193	2.429043	5.804008	-31.140500	10.828200	25.000000
7.880630	2.487277	5.786617	7.903771	2.413551	5.817837	-31.140500	11.925900	25.000000
7.880630	2.487277	5.786617	7.859548	2.439361	5.801918	-31.140500	12.523000	25.000000
7.880630	2.487277	5.786617	7.893136	2.434347	5.782905	-31.140500	13.620700	25.000000
7.880630	2.487277	5.786617	7.883838	2.435728	5.788052	-31.140500	14.217900	25.000000
7.880630	2.487277	5.786617	7.882867	2.455662	5.790872	-31.140500	15.315600	25.000000
7.880630	2.487277	5.786617	7.827490	2.464352	5.781235	-31.140500	15.912700	25.000000
7.880630	2.487277	5.786617	7.911662	2.471322	5.777668	-31.140500	17.010400	25.000000
7.880340	2.487325	5.786801	7.851726	2.481011	5.771248	-31.140500	17.607500	25.000000
7.880630	2.487277	5.786617	7.890887	2.474650	5.790215	-31.140500	22.094900	25.000000
7.880601	2.487282	5.786636	7.946880	2.486127	5.804765	-30.293100	-1.035700	25.000000
7.880606	2.487281	5.786632	7.865011	2.478840	5.806599	-30.293100	0.659142	25.000000
7.880601	2.487282	5.786636	7.851045	2.481122	5.815824	-30.293100	1.756840	25.000000
7.880601	2.487282	5.786636	7.882030	2.476078	5.841593	-30.293100	2.353980	25.000000
7.880601	2.487282	5.786636	7.909008	2.471745	5.823181	-30.293100	3.451680	25.000000
7.880601	2.487282	5.786636	7.939496	2.446994	5.844181	-30.293100	4.048820	25.000000
7.880601	2.487282	5.786636	7.810352	2.446839	5.880394	-30.293100	5.146520	25.000000
7.880601	2.487282	5.786636	7.877341	2.417323	5.879551	-30.293100	5.743660	25.000000
7.880601	2.487282	5.786636	7.978095	2.384725	5.909458	-30.293100	6.841360	25.000000
7.880601	2.487282	5.786636	7.839107	2.348452	5.909328	-30.293100	7.438500	25.000000
7.880601	2.487282	5.786636	7.892934	2.359578	5.872628	-30.293100	8.536200	25.000000
7.880601	2.487282	5.786636	7.781542	2.337757	5.856262	-30.293100	9.133340	25.000000
7.880340	2.487325	5.786801	7.916590	2.338860	5.863534	-30.293100	10.231000	25.000000
7.880630	2.487277	5.786617	7.945439	2.352947	5.843343	-30.293100	10.828200	25.000000
7.880630	2.487277	5.786617	7.856233	2.364293	5.808175	-30.293100	11.925900	25.000000
7.880630	2.487277	5.786617	7.891141	2.415349	5.783686	-30.293100	12.523000	25.000000
7.880630	2.487277	5.786617	7.853687	2.382955	5.806293	-30.293100	13.620700	25.000000
7.880630	2.487277	5.786617	7.904107	2.452386	5.778599	-30.293100	14.217900	25.000000
7.880630	2.487277	5.786617	7.905694	2.432490	5.776087	-30.293100	15.315600	25.000000
7.880630	2.487277	5.786617	7.851981	2.460482	5.767050	-30.293100	15.912700	25.000000
7.880630	2.487277	5.786617	7.830511	2.463872	5.779450	-30.293100	17.010400	25.000000
7.880340	2.487325	5.786801	7.902689	2.472755	5.783024	-30.293100	17.607500	25.000000
7.880630	2.487277	5.786617	7.830511	2.463872	5.779450	-30.293100	18.705300	25.000000
7.880630	2.487277	5.786617	7.893820	2.474178	5.788412	-30.293100	19.302400	25.000000
7.880630	2.487277	5.786617	7.893820	2.474178	5.788412	-30.293100	20.997200	25.000000
7.880630	2.487277	5.786617	7.885055	2.475590	5.793832	-30.293100	24.386900	25.000000
7.880066	2.487370	5.786536	7.882157	2.476058	5.795645	-29.445600	-9.509900	25.000000
7.880066	2.487370	5.786536	7.882157	2.476058	5.795645	-29.445600	-7.815060	25.000000
7.880066	2.487370	5.786536	7.882157	2.476058	5.795645	-29.445600	-5.022520	25.000000
7.880066	2.487370	5.786536	7.879270	2.476525	5.797462	-29.445600	-3.327680	25.000000
7.880071	2.487369	5.786533	7.898076	2.473495	5.830506	-29.445600	0.659142	25.000000
7.880066	2.487370	5.786536	7.851045	2.481122	5.815824	-29.445600	1.756840	25.000000
7.880066	2.487370	5.786536	7.887433	2.454955	5.880394	-29.445600	2.353980	25.000000
7.880066	2.487370	5.786536	7.863085	2.458742	5.848385	-29.445600	3.451680	25.000000
7.880066	2.487370	5.786536	7.978095	2.384725	5.909458	-29.445600	4.048820	25.000000
7.880066	2.487370	5.786536	7.849134	2.421395	5.954715	-29.445600	5.146520	25.000000
7.880066	2.487370	5.786536	7.868774	2.243004	5.993284	-29.445600	5.743660	25.000000
7.880066	2.487370	5.786536	7.812970	2.333887	5.986639	-29.445600	6.841360	25.000000
7.880066	2.487370	5.786536	7.915965	2.190881	6.008084	-29.445600	7.438500	25.000000
7.880066	2.487370	5.786536	7.846885	2.135593	5.967160	-29.445600	8.536200	25.000000
7.880066	2.487370	5.786536	7.847777	2.165989	5.931259	-29.445600	9.133340	25.000000
7.879805	2.487413	5.786701	8.046763	2.119931	5.913501	-29.445600	10.231000	25.000000
7.880095	2.487365	5.786518	7.772387	2.269601	5.849604	-29.445600	10.828200	25.000000
7.880095	2.487365	5.786518	7.914544	2.191009	5.833426	-29.445600	11.925900	25.000000
7.880095	2.487365	5.786518	7.772387	2.338893	5.819538	-29.445600	12.523000	25.000000
7.880095	2.487365	5.786518	7.978722	2.331365	5.757602	-29.445600	13.620700	25.000000
7.880095	2.487365	5.786518	7.799359	2.390332	5.794333	-29.445600	14.217900	25.000000
7.880095	2.487365	5.786518	7.920227	2.411223	5.768734	-29.445600	15.315600	25.000000
7.880095	2.487365	5.786518	7.894935	2.453797	5.783839	-29.445600	15.912700	25.000000
7.880095	2.487365	5.786518	7.858810	2.439472	5.761351	-29.445600	17.010400	25.000000
7.879805	2.487413	5.786701	7.905669	2.472278	5.781235	-29.445600	17.607500	25.000000
7.880095	2.487365	5.786518	7.842710	2.461942	5.772343	-29.445600	18.705300	25.000000
7.880095	2.487365	5.786518	7.899722	2.473231	5.784817	-29.445600	19.302400	25.000000
7.880095	2.487365	5.786518	7.890887	2.474650	5.790215	-29.445600	23.789800	25.000000
7.880095	2.487365	5.786518	7.885055	2.475590	5.793832	-29.445600	25.484600	25.000000
7.880601	2.487282	5.786636	7.935748	2.487953	5.812124	-28.598200	-1.035700	25.000000
7.880605	2.487281	5.786633	7.859389	2.479757	5.810279	-28.598200	0.062002	25.000000
7.880606	2.487281	5.786632	7.866410	2.478612	5.852797	-28.598200	0.659142	25.000000
7.880601	2.487282	5.786636	7.951534	2.465021	5.841098	-28.598200	1.756840	25.000000
7.880601	2.487282	5.786636	7.929338	2.448533	5.957689	-28.598200	2.353980	25.000000
7.880601	2.487282	5.786636	7.859415	2.419905	5.891950	-28.598200	3.451680	25.000000
7.880601	2.487282	5.786636	7.804749	2.371020	6.058730	-28.598200	4.048820	25.000000
7.880601	2.487282	5.786636	7.928329	2.237039	6.076350	-28.598200	5.146520	25.000000
7.880601	2.487282	5.786636	7.533233	1.937362	6.088578	-28.598200	5.743660	25.000000
7.880601	2.487282	5.786636	8.261961	1.865533	0.037956	-28.598200	6.841360	25.000000
7.880601	2.487282	5.786636	7.908230	1.308578	6.183517	-28.598200	7.438500	25.000000
7.880601	2.487282	5.786636	7.908565	1.539180	6.249021	-28.598200	8.536200	25.000000
7.880601	2.487282	5.786636	7.762319	1.215536	6.137013	-28.598200	9.133340	25.000000
7.880340	2.487325	5.786801	7.990776	1.212794	6.060893	-28.598200	10.231000	25.000000
7.880630	2.487277	5.786617	6.943803	1.850952	5.947218	-28.598200	10.828200	25.000000
7.880630	2.487277	5.786617	8.818509	1.719899	5.819538	-28.598200	11.925900	25.000000
7.880630	2.487277	5.786617	8.193290	2.137703	5.735322	-28.598200	12.523000	25.000000
7.880630	2.487277	5.786617	7.521303	2.228873	5.849604	-28.598200	13.620700	25.000000
7.880630	2.487277	5.786617	7.953616	2.334373	5.733811	-28.598200	14.217900	25.000000
7.880630	2.487277	5.786617	7.772387	2.394056	5.768734	-28.598200	15.315600	25.000000
7.880630	2.487277	5.786617	7.830070	2.424174	5.776087	-28.598200	15.912700	25.000000
7.880630	2.487277	5.786617	7.958015	2.444206	5.749477	-28.598200	17.010400	25.000000
7.880340	2.487325	5.786801	7.848879	2.460970	5.768811	-28.598200	17.607500	25.000000
7.880630	2.487277	5.786617	7.901038	2.452857	5.780342	-28.598200	18.705300	25.000000
7.880630	2.487277	5.786617	7.851726	2.481011	5.771248	-28.598200	19.302400	25.000000
7.880630	2.487277	5.786617	7.899722	2.473231	5.784817	-28.598200	20.400100	25.000000
7.880630	2.487277	5.786617	7.896765	2.473705	5.786613	-28.598200	20.997200	25.000000
7.880601	2.487282	5.786636	7.865011	2.478840	5.806599	-27.750800	-2.730540	25.000000
7.880601	2.487282	5.786636	7.976816	2.481261	5.830506	-27.750800	-1.035700	25.000000
7.880605	2.487281	5.786633	7.848286	2.481575	5.817679	-27.750800	0.062002	25.000000
7.880606	2.487281	5.786632	7.927900	2.468742	5.857563	-27.750800	0.659142	25.000000
7.880601	2.487282	5.786636	7.878807	2.476600	5.895040	-27.750800	1.756840	25.000000
7.880601	2.487282	5.786636	7.829234	2.405077	5.968049	-27.750800	2.353980	25.000000
7.880601	2.487282	5.786636	7.909014	2.375603	6.109041	-27.750800	3.451680	25.000000
7.880601	2.487282	5.786636	7.452558	2.105856	6.224658	-27.750800	4.048820	25.000000
7.880601	2.487282	5.786636	8.184190	1.999217	0.109426	-27.750800	5.146520	25.000000
7.880601	2.487282	5.786636	7.921244	2.129656	6.028817	-27.750800	5.743660	25.000000
7.880601	2.487282	5.786636	7.782776	2.051677	6.277388	-27.750800	6.841360	25.000000
7.880601	2.487282	5.786636	8.094344	2.482708	5.805098	-27.750800	7.438500	25.000000
7.880601	2.487282	5.786636	7.682604	2.350244	5.970694	-27.750800	8.536200	25.000000
7.880601	2.487282	5.786636	8.390924	1.799213	5.941314	-27.750800	9.133340	25.000000
7.880340	2.487325	5.786801	7.254826	2.154786	6.058244	-27.750800	10.231000	25.000000
7.880630	2.487277	5.786617	7.735658	0.884818	6.033344	-27.750800	10.828200	25.000000
7.880630	2.487277	5.786617	8.025117	0.798462	5.842880	-27.750800	11.925900	25.000000
7.880630	2.487277	5.786617	7.382520	1.576215	5.849831	-27.750800	12.523000	25.000000
7.880630	2.487277	5.786617	8.301783	1.831516	5.657139	-27.750800	13.620700	25.000000
7.880630	2.487277	5.786617	8.107404	2.235366	5.664757	-27.750800	14.217900	25.000000
7.880630	2.487277	5.786617	7.635444	2.302230	5.788052	-27.750800	15.315600	25.000000
7.880630	2.487277	5.786617	7.862570	2.419449	5.759266	-27.750800	15.912700	25.000000
7.880630	2.487277	5.786617	7.914544	2.393265	5.736396	-27.750800	17.010400	25.000000
7.880340	2.487325	5.786801	7.910278	2.451440	5.775122	-27.750800	17.607500	25.000000
7.880630	2.487277	5.786617	7.945445	2.465976	5.758298	-27.750800	18.705300	25.000000
7.880630	2.487277	5.786617	7.851726	2.481011	5.771248	-27.750800	19.302400	25.000000
7.880630	2.487277	5.786617	7.863841	2.479031	5.764039	-27.750800	20.400100	25.000000
7.880630	2.487277	5.786617	7.887966	2.475120	5.792022	-27.750800	22.692100	25.000000
7.880340	2.487325	5.786801	7.885055	2.475590	5.793832	-27.750800	26.081700	25.000000
7.880630	2.487277	5.786617	7.882157	2.476058	5.795645	-26.903400	-11.204700	25.000000
7.880601	2.487282	5.786636	7.879270	2.476525	5.797462	-26.903400	-5.022520	25.000000
7.880601	2.487282	5.786636	7.862194	2.479299	5.808437	-26.903400	-2.730540	25.000000
7.880601	2.487282	5.786636	7.974139	2.481693	5.832346	-26.903400	-1.035700	25.000000
7.880605	2.487281	5.786633	7.818728	2.486461	5.838315	-26.903400	0.062002	25.000000
7.880606	2.487281	5.786632	7.828288	2.484873	5.939598	-26.903400	0.659142	25.000000
7.880601	2.487282	5.786636	7.887230	2.435223	5.928073	-26.903400	1.756840	25.000000
7.880601	2.487282	5.786636	8.080619	2.206836	0.012307	-26.903400	2.353980	25.000000
7.880601	2.487282	5.786636	7.783691	2.355486	6.229963	-26.903400	3.451680	25.000000
7.880601	2.487282	5.786636	7.322131	2.761665	0.401023	-26.903400	4.048820	25.000000
7.880601	2.487282	5.786636	8.388236	2.334283	5.812158	-26.903400	5.146520	25.000000
7.880601	2.487282	5.786636	7.465393	2.627388	4.405280	-26.903400	5.743660	25.000000
7.880601	2.487282	5.786636	8.302795	2.698221	5.281702	-26.903400	6.841360	25.000000
7.880601	2.487282	5.786636	7.381707	2.741940	3.366304	-26.903400	7.438500	25.000000
7.880601	2.487282	5.786636	8.339808	2.688965	3.511916	-26.903400	8.536200	25.000000
7.880601	2.487282	5.786636	8.285062	2.878511	4.221340	-26.903400	9.133340	25.000000
7.880340	2.487325	5.786801	7.444455	2.944273	0.130559	-26.903400	10.231000	25.000000
7.880630	2.487277	5.786617	8.379737	2.386118	5.733811	-26.903400	10.828200	25.000000
7.880630	2.487277	5.786617	7.273926	2.676105	5.411049	-26.903400	11.925900	25.000000
7.880630	2.487277	5.786617	8.044874	1.570796	5.674496	-26.903400	12.523000	25.000000
7.880630	2.487277	5.786617	7.696857	1.313311	5.747374	-26.903400	13.620700	25.000000
7.880630	2.487277	5.786617	7.637408	2.184760	5.668522	-26.903400	14.217900	25.000000
7.880630	2.487277	5.786617	8.081460	1.964481	5.669166	-26.903400	15.315600	25.000000
7.880630	2.487277	5.786617	7.930322	2.391125	5.695183	-26.903400	15.912700	25.000000
7.880630	2.487277	5.786617	7.757577	2.358853	5.745901	-26.903400	17.010400	25.000000
7.880340	2.487325	5.786801	7.868520	2.438015	5.756242	-26.903400	17.607500	25.000000
7.880630	2.487277	5.786617	7.877208	2.456541	5.753089	-26.903400	18.705300	25.000000
7.880630	2.487277	5.786617	7.869968	2.478033	5.760457	-26.903400	19.302400	25.000000
7.880630	2.487277	5.786617	7.854737	2.480517	5.769440	-26.903400	20.400100	25.000000
7.880340	2.487325	5.786801	7.885055	2.475590	5.793832	-26.903400	26.081700	25.000000
7.880630	2.487277	5.786617	7.882157	2.476058	5.795645	-26.056000	-11.204700	25.000000
7.880601	2.487282	5.786636	7.879270	2.476525	5.797462	-26.056000	-5.022520	25.000000
7.880601	2.487282	5.786636	7.870680	2.477918	5.802934	-26.056000	-3.327680	25.000000
7.880601	2.487282	5.786636	7.935748	2.487953	5.812124	-26.056000	-2.730540	25.000000
7.880601	2.487282	5.786636	7.796724	2.490143	5.806293	-26.056000	-1.632840	25.000000
7.880601	2.487282	5.786636	7.937890	2.487601	5.858443	-26.056000	-1.035700	25.000000
7.880605	2.487281	5.786633	7.866410	2.478612	5.852797	-26.056000	0.062002	25.000000
7.880606	2.487281	5.786632	7.876573	2.436810	6.081947	-26.056000	0.659142	25.000000
7.880601	2.487282	5.786636	7.835975	2.463006	5.983939	-26.056000	1.756840	25.000000
7.880601	2.487282	5.786636	8.088857	2.318488	6.003033	-26.056000	2.353980	25.000000
7.880601	2.487282	5.786636	7.657310	2.584625	6.129409	-26.056000	3.451680	25.000000
7.880601	2.487282	5.786636	8.440972	2.431354	4.281250	-26.056000	4.048820	25.000000
7.880601	2.487282	5.786636	7.355950	2.654374	3.592254	-26.056000	5.146520	25.000000
7.880601	2.487282	5.786636	7.190967	2.399470	4.073003	-26.056000	5.743660	25.000000
7.880601	2.487282	5.786636	8.444525	1.921350	3.980511	-26.056000	6.841360	25.000000
7.880601	2.487282	5.786636	7.275686	1.921555	2.944197	-26.056000	7.438500	25.000000
7.880601	2.487282	5.786636	8.338231	1.990796	2.968670	-26.056000	8.536200	25.000000
7.880601	2.487282	5.786636	8.209780	2.272568	2.992230	-26.056000	9.133340	25.000000
7.880340	2.487325	5.786801	7.518532	2.391353	3.242814	-26.056000	10.231000	25.000000
7.880630	2.487277	5.786617	7.631415	2.955743	1.777927	-26.056000	10.828200	25.000000
7.880630	2.487277	5.786617	8.066784	2.573564	3.074718	-26.056000	11.925900	25.000000
7.880630	2.487277	5.786617	8.478207	1.983435	5.680898	-26.056000	12.523000	25.000000
7.880630	2.487277	5.786617	7.325299	2.507193	6.027034	-26.056000	13.620700	25.000000
7.880630	2.487277	5.786617	8.892454	1.504625	5.585561	-26.056000	14.217900	25.000000
7.880630	2.487277	5.786617	6.711114	1.707714	5.519061	-26.056000	15.315600	25.000000
7.880630	2.487277	5.786617	7.843469	2.365948	5.705283	-26.056000	15.912700	25.000000
7.880630	2.487277	5.786617	7.956130	2.283107	5.662936	-26.056000	17.010400	25.000000
7.880340	2.487325	5.786801	7.826238	2.444406	5.739353	-26.056000	17.607500	25.000000
7.880630	2.487277	5.786617	7.915175	2.431095	5.732799	-26.056000	18.705300	25.000000
7.880630	2.487277	5.786617	7.836587	2.462909	5.775889	-26.056000	19.302400	25.000000
7.880630	2.487277	5.786617	7.876141	2.477032	5.756889	-26.056000	20.400100	25.000000
7.880630	2.487277	5.786617	7.902689	2.472755	5.783024	-26.056000	22.094900	25.000000
7.880066	2.487370	5.786536	7.788427	2.491542	5.811948	-25.208500	-2.730540	25.000000
7.880066	2.487370	5.786536	7.851045	2.481122	5.815824	-25.208500	-1.632840	25.000000
7.880066	2.487370	5.786536	7.894688	2.494774	5.892921	-25.208500	-1.035700	25.000000
7.880070	2.487369	5.786534	7.981454	2.480513	5.876150	-25.208500	0.062002	25.000000
7.880071	2.487369	5.786533	8.000625	2.400072	6.246165	-25.208500	0.659142	25.000000
7.880066	2.487370	5.786536	7.772188	2.452752	6.155315	-25.208500	1.756840	25.000000
7.880066	2.487370	5.786536	8.290356	2.397636	6.211878	-25.208500	2.353980	25.000000
7.880066	2.487370	5.786536	7.306087	2.234356	4.479209	-25.208500	3.451680	25.000000
7.880066	2.487370	5.786536	8.475406	1.778772	3.729595	-25.208500	4.048820	25.000000
7.880066	2.487370	5.786536	7.297404	1.977987	3.800018	-25.208500	5.146520	25.000000
7.880066	2.487370	5.786536	8.702189	1.349510	3.893670	-25.208500	5.743660	25.000000
7.880066	2.487370	5.786536	6.986730	1.697085	3.906585	-25.208500	6.841360	25.000000
7.880066	2.487370	5.786536	8.037543	1.369122	2.831890	-25.208500	7.438500	25.000000
7.880066	2.487370	5.786536	7.693790	1.256297	2.763624	-25.208500	8.536200	25.000000
7.880066	2.487370	5.786536	7.966285	1.663822	3.231225	-25.208500	9.133340	25.000000
7.879805	2.487413	5.786701	7.816367	1.614309	3.308847	-25.208500	10.231000	25.000000
7.880095	2.487365	5.786518	8.210359	1.997762	2.713858	-25.208500	10.828200	25.000000
7.880095	2.487365	5.786518	7.483983	2.199284	1.960505	-25.208500	11.925900	25.000000
7.880095	2.487365	5.786518	7.815416	2.576399	1.017388	-25.208500	12.523000	25.000000
7.880095	2.487365	5.786518	7.945460	2.551094	5.488836	-25.208500	13.620700	25.000000
7.880095	2.487365	5.786518	7.164363	1.698158	5.597456	-25.208500	14.217900	25.000000
7.880095	2.487365	5.786518	8.523855	1.770386	5.446983	-25.208500	15.315600	25.000000
7.880095	2.487365	5.786518	7.441102	2.254446	5.695183	-25.208500	15.912700	25.000000
7.880095	2.487365	5.786518	8.229216	2.254792	5.564355	-25.208500	17.010400	25.000000
7.879805	2.487413	5.786701	8.025584	2.434216	5.716456	-25.208500	17.607500	25.000000
7.880095	2.487365	5.786518	7.839643	2.422776	5.732799	-25.208500	18.705300	25.000000
7.880095	2.487365	5.786518	7.879245	2.476529	5.755111	-25.208500	19.302400	25.000000
7.880095	2.487365	5.786518	7.929918	2.468423	5.767050	-25.208500	20.400100	25.000000
7.880095	2.487365	5.786518	7.887966	2.475120	5.792022	-25.208500	25.484600	25.000000
7.880601	2.487282	5.786636	7.882157	2.476058	5.795645	-24.361100	-8.412200	25.000000
7.880601	2.487282	5.786636	7.946880	2.486127	5.804765	-24.361100	-4.425380	25.000000
7.880601	2.487282	5.786636	7.865011	2.478840	5.806599	-24.361100	-3.327680	25.000000
7.880601	2.487282	5.786636	7.914044	2.491542	5.827007	-24.361100	-2.730540	25.000000
7.880601	2.487282	5.786636	7.862849	2.500155	5.815735	-24.361100	-1.632840	25.000000
7.880601	2.487282	5.786636	7.944080	2.486585	5.906516	-24.361100	-1.035700	25.000000
7.880605	2.487281	5.786633	7.859548	2.500717	5.924415	-24.361100	0.062002	25.000000
7.880606	2.487281	5.786632	7.659510	2.410092	0.080220	-24.361100	0.659142	25.000000
7.880601	2.487282	5.786636	8.084188	2.370931	0.216550	-24.361100	1.756840	25.000000
7.880601	2.487282	5.786636	2.431481	2.811232	3.828214	-24.361100	2.353980	25.000000
7.880601	2.487282	5.786636	10.724780	1.963072	4.918690	-24.361100	3.451680	25.000000
7.880601	2.487282	5.786636	8.295668	1.316113	3.829951	-24.361100	4.048820	25.000000
7.880601	2.487282	5.786636	7.417439	1.328456	3.798982	-24.361100	5.146520	25.000000
7.880601	2.487282	5.786636	7.509993	1.130620	3.968633	-24.361100	5.743660	25.000000
7.880601	2.487282	5.786636	8.184131	0.833847	3.798294	-24.361100	6.841360	25.000000
7.880601	2.487282	5.786636	8.277856	0.777392	3.095075	-24.361100	7.438500	25.000000
7.880601	2.487282	5.786636	7.452684	0.817129	2.694404	-24.361100	8.536200	25.000000
7.880601	2.487282	5.786636	8.764702	1.044871	3.287221	-24.361100	9.133340	25.000000
7.880340	2.487325	5.786801	6.860678	1.068999	3.337358	-24.361100	10.231000	25.000000
7.880630	2.487277	5.786617	4.837778	1.932072	2.356194	-24.361100	10.828200	25.000000
7.880630	2.487277	5.786617	9.998820	1.462572	1.984935	-24.361100	11.925900	25.000000
7.880630	2.487277	5.786617	7.122394	2.955938	5.901267	-24.361100	12.523000	25.000000
7.880630	2.487277	5.786617	8.512461	2.273275	2.277753	-24.361100	13.620700	25.000000
7.880630	2.487277	5.786617	8.877500	2.328328	5.231535	-24.361100	14.217900	25.000000
7.880630	2.487277	5.786617	6.738694	2.152045	5.995130	-24.361100	15.315600	25.000000
7.880630	2.487277	5.786617	7.244998	2.189169	5.605799	-24.361100	15.912700	25.000000
7.880630	2.487277	5.786617	8.397023	2.108408	5.497787	-24.361100	17.010400	25.000000
7.880340	2.487325	5.786801	7.856844	2.401209	5.726586	-24.361100	17.607500	25.000000
7.880630	2.487277	5.786617	7.971198	2.442234	5.705993	-24.361100	18.705300	25.000000
7.880630	2.487277	5.786617	7.870832	2.457533	5.756558	-24.361100	19.302400	25.000000
7.880630	2.487277	5.786617	7.929918	2.468423	5.767050	-24.361100	20.400100	25.000000
7.880630	2.487277	5.786617	7.848726	2.481503	5.773060	-24.361100	20.997200	25.000000
7.880630	2.487277	5.786617	7.933908	2.488256	5.769440	-24.361100	22.094900	25.000000
7.880630	2.487277	5.786617	7.885055	2.475590	5.793832	-24.361100	28.874300	25.000000
7.880630	2.487277	5.786617	7.882157	2.476058	5.795645	-23.513700	-11.801900	25.000000
7.880601	2.487282	5.786636	7.873532	2.477455	5.801107	-23.513700	-5.022520	25.000000
7.880601	2.487282	5.786636	7.862194	2.479299	5.808437	-23.513700	-3.327680	25.000000
7.880601	2.487282	5.786636	7.911384	2.491984	5.828883	-23.513700	-2.730540	25.000000
7.880601	2.487282	5.786636	7.900861	2.493740	5.836422	-23.513700	-1.632840	25.000000
7.880601	2.487282	5.786636	7.816323	2.508169	5.968953	-23.513700	-1.035700	25.000000
7.880605	2.487281	5.786633	7.901671	2.493605	5.945521	-23.513700	0.062002	25.000000
7.880606	2.487281	5.786632	8.095456	2.405588	0.294982	-23.513700	0.659142	25.000000
7.880601	2.487282	5.786636	7.673878	2.351368	0.236972	-23.513700	1.756840	25.000000
7.880601	2.487282	5.786636	10.775843	1.693601	4.845558	-23.513700	2.353980	25.000000
7.880601	2.487282	5.786636	2.756610	1.509087	5.045633	-23.513700	3.451680	25.000000
7.880601	2.487282	5.786636	8.203658	0.930673	3.959238	-23.513700	4.048820	25.000000
7.880601	2.487282	5.786636	7.621680	0.889523	4.058753	-23.513700	5.146520	25.000000
7.880601	2.487282	5.786636	7.944810	0.675517	4.012496	-23.513700	5.743660	25.000000
7.880601	2.487282	5.786636	7.736278	0.469263	3.682012	-23.513700	6.841360	25.000000
7.880601	2.487282	5.786636	8.425918	0.498622	3.607460	-23.513700	7.438500	25.000000
7.880601	2.487282	5.786636	7.245661	0.487968	2.799361	-23.513700	8.536200	25.000000
7.880601	2.487282	5.786636	8.534641	0.544594	3.042824	-23.513700	9.133340	25.000000
7.880340	2.487325	5.786801	7.114166	0.592887	3.336275	-23.513700	10.231000	25.000000
7.880630	2.487277	5.786617	10.266567	1.041935	1.989021	-23.513700	10.828200	25.000000
7.880630	2.487277	5.786617	4.305531	1.862936	2.253113	-23.513700	11.925900	25.000000
7.880630	2.487277	5.786617	6.610598	2.451974	2.066348	-23.513700	12.523000	25.000000
7.880630	2.487277	5.786617	8.932525	1.831216	2.672764	-23.513700	13.620700	25.000000
7.880630	2.487277	5.786617	8.300777	2.698733	5.116912	-23.513700	14.217900	25.000000
7.880630	2.487277	5.786617	7.439819	2.363684	0.492774	-23.513700	15.315600	25.000000
7.880630	2.487277	5.786617	8.718371	2.047442	5.397210	-23.513700	15.912700	25.000000
7.880630	2.487277	5.786617	6.940461	1.954778	5.486799	-23.513700	17.010400	25.000000
7.880340	2.487325	5.786801	7.706491	2.403326	5.689835	-23.513700	17.607500	25.000000
7.880630	2.487277	5.786617	8.006248	2.417974	5.658550	-23.513700	18.705300	25.000000
7.880630	2.487277	5.786617	7.816649	2.466079	5.746275	-23.513700	19.302400	25.000000
7.880630	2.487277	5.786617	7.810275	2.467098	5.749798	-23.513700	20.400100	25.000000
7.880630	2.487277	5.786617	7.851726	2.481011	5.771248	-23.513700	20.997200	25.000000
7.880630	2.487277	5.786617	7.857760	2.480023	5.767636	-23.513700	22.094900	25.000000
7.880601	2.487282	5.786636	7.887592	2.495966	5.798806	-22.666300	-4.425380	25.000000
7.880601	2.487282	5.786636	7.882011	2.496906	5.802542	-22.666300	-3.327680	25.000000
7.880601	2.487282	5.786636	7.900861	2.493740	5.836422	-22.666300	-2.730540	25.000000
7.880601	2.487282	5.786636	7.836479	2.504675	5.834892	-22.666300	-1.632840	25.000000
7.880601	2.487282	5.786636	7.913665	2.512782	6.024659	-22.666300	-1.035700	25.000000
7.880605	2.487281	5.786633	7.883051	2.518141	5.985485	-22.666300	0.062002	25.000000
7.880606	2.487281	5.786632	8.102691	2.522739	0.012765	-22.666300	0.659142	25.000000
7.880601	2.487282	5.786636	7.767683	2.516746	6.144089	-22.666300	1.756840	25.000000
7.880601	2.487282	5.786636	4.889877	1.041269	5.346412	-22.666300	2.353980	25.000000
7.880601	2.487282	5.786636	9.943787	1.755886	5.056789	-22.666300	3.451680	25.000000
7.880601	2.487282	5.786636	7.354380	0.616615	4.443456	-22.666300	4.048820	25.000000
7.880601	2.487282	5.786636	8.387348	0.684118	4.373934	-22.666300	5.146520	25.000000
7.880601	2.487282	5.786636	8.098697	0.156280	4.170609	-22.666300	5.743660	25.000000
7.880601	2.487282	5.786636	7.659223	0.307480	4.285404	-22.666300	6.841360	25.000000
7.880601	2.487282	5.786636	7.027781	0.350707	3.354422	-22.666300	7.438500	25.000000
7.880601	2.487282	5.786636	8.545952	0.185080	4.039634	-22.666300	8.536200	25.000000
7.880601	2.487282	5.786636	7.703246	0.281521	3.132247	-22.666300	9.133340	25.000000
7.880340	2.487325	5.786801	8.096351	0.314194	2.604600	-22.666300	10.231000	25.000000
7.880630	2.487277	5.786617	7.332803	1.237355	1.924499	-22.666300	10.828200	25.000000
7.880630	2.487277	5.786617	8.357631	0.770006	2.639502	-22.666300	11.925900	25.000000
7.880630	2.487277	5.786617	4.865396	1.775915	2.460294	-22.666300	12.523000	25.000000
7.880630	2.487277	5.786617	9.999384	1.452715	2.052460	-22.666300	13.620700	25.000000
7.880630	2.487277	5.786617	8.416056	2.283012	0.740983	-22.666300	14.217900	25.000000
7.880630	2.487277	5.786617	7.244998	2.789284	0.643501	-22.666300	15.315600	25.000000
7.880630	2.487277	5.786617	8.920516	1.873591	5.297134	-22.666300	15.912700	25.000000
7.880630	2.487277	5.786617	6.657147	1.838355	5.365236	-22.666300	17.010400	25.000000
7.880340	2.487325	5.786801	8.006248	2.417974	5.658550	-22.666300	17.607500	25.000000
7.880630	2.487277	5.786617	7.780745	2.411976	5.689835	-22.666300	18.705300	25.000000
7.880630	2.487277	5.786617	7.880412	2.456043	5.751360	-22.666300	19.302400	25.000000
7.880630	2.487277	5.786617	7.891774	2.474507	5.748034	-22.666300	20.400100	25.000000
7.880630	2.487277	5.786617	7.854737	2.480517	5.769440	-22.666300	22.094900	25.000000
7.880630	2.487277	5.786617	7.882157	2.476058	5.795645	-21.818900	-12.899600	25.000000
7.880630	2.487277	5.786617	7.885055	2.475590	5.793832	-21.818900	-11.801900	25.000000
7.880601	2.487282	5.786636	7.935748	2.487953	5.812124	-21.818900	-4.425380	25.000000
7.880601	2.487282	5.786636	7.882011	2.496906	5.802542	-21.818900	-3.327680	25.000000
7.880601	2.487282	5.786636	7.831347	2.505561	5.838766	-21.818900	-2.730540	25.000000
7.880601	2.487282	5.786636	7.963046	2.504305	5.849746	-21.818900	-1.632840	25.000000
7.880601	2.487282	5.786636	7.911391	2.535009	6.061871	-21.818900	-1.035700	25.000000
7.880605	2.487281	5.786633	7.845515	2.524826	6.036069	-21.818900	0.062002	25.000000
7.880606	2.487281	5.786632	8.162108	2.378718	5.359436	-21.818900	0.659142	25.000000
7.880601	2.487282	5.786636	7.687002	2.603314	5.659986	-21.818900	1.756840	25.000000
7.880601	2.487282	5.786636	8.929524	1.218639	5.053005	-21.818900	2.353980	25.000000
7.880601	2.487282	5.786636	6.680756	1.898447	5.397006	-21.818900	3.451680	25.000000
7.880601	2.487282	5.786636	7.512283	0.525148	5.157037	-21.818900	4.048820	25.000000
7.880601	2.487282	5.786636	8.315462	0.613299	5.059910	-21.818900	5.146520	25.000000
7.880601	2.487282	5.786636	7.633669	0.376138	5.813158	-21.818900	5.743660	25.000000
7.880601	2.487282	5.786636	8.131863	0.327366	5.915462	-21.818900	6.841360	25.000000
7.880601	2.487282	5.786636	7.472168	0.270731	4.847917	-21.818900	7.438500	25.000000
7.880601	2.487282	5.786636	8.322259	0.231630	5.460767	-21.818900	8.536200	25.000000
7.880601	2.487282	5.786636	7.609974	0.051203	0.509592	-21.818900	9.133340	25.000000
7.880340	2.487325	5.786801	8.088764	0.148282	2.350277	-21.818900	10.231000	25.000000
7.880630	2.487277	5.786617	6.940461	0.607161	2.356194	-21.818900	10.828200	25.000000
7.880630	2.487277	5.786617	8.686196	0.633642	2.034444	-21.818900	11.925900	25.000000
7.880630	2.487277	5.786617	10.672055	1.280962	1.643394	-21.818900	12.523000	25.000000
7.880630	2.487277	5.786617	3.025734	0.937764	1.231026	-21.818900	13.620700	25.000000
7.880630	2.487277	5.786617	7.839643	2.348384	0.772741	-21.818900	14.217900	25.000000
7.880630	2.487277	5.786617	7.890501	2.378045	0.720554	-21.818900	15.315600	25.000000
7.880630	2.487277	5.786617	8.463451	1.821541	5.236074	-21.818900	15.912700	25.000000
7.880630	2.487277	5.786617	7.264296	2.026964	5.334421	-21.818900	17.010400	25.000000
7.880340	2.487325	5.786801	7.744676	2.397923	5.674022	-21.818900	17.607500	25.000000
7.880630	2.487277	5.786617	8.033057	2.414205	5.617216	-21.818900	18.705300	25.000000
7.880630	2.487277	5.786617	7.832784	2.463512	5.737530	-21.818900	19.302400	25.000000
7.880630	2.487277	5.786617	7.813456	2.466589	5.748034	-21.818900	20.400100	25.000000
7.880630	2.487277	5.786617	7.854737	2.480517	5.769440	-21.818900	20.997200	25.000000
7.880630	2.487277	5.786617	7.933908	2.488256	5.769440	-21.818900	22.094900	25.000000
7.880095	2.487365	5.786518	7.885055	2.475590	5.793832	-20.971400	-13.496700	25.000000
7.880066	2.487370	5.786536	7.882157	2.476058	5.795645	-20.971400	-8.412200	25.000000
7.880066	2.487370	5.786536	7.873532	2.477455	5.801107	-20.971400	-5.022520	25.000000
7.880066	2.487370	5.786536	7.935748	2.487953	5.812124	-20.971400	-4.425380	25.000000
7.880066	2.487370	5.786536	7.799513	2.489674	5.804416	-20.971400	-3.327680	25.000000
7.880066	2.487370	5.786536	7.950698	2.506406	5.859365	-20.971400	-2.730540	25.000000
7.880066	2.487370	5.786536	7.965551	2.503880	5.847832	-20.971400	-1.632840	25.000000
7.880066	2.487370	5.786536	7.847700	2.546806	6.072410	-20.971400	-1.035700	25.000000
7.880070	2.487369	5.786534	7.919747	2.555955	6.094750	-20.971400	0.062002	25.000000
7.880071	2.487369	5.786533	8.810221	2.080673	5.071160	-20.971400	0.659142	25.000000
7.880066	2.487370	5.786536	6.794851	2.465466	5.564355	-20.971400	1.756840	25.000000
7.880066	2.487370	5.786536	5.457115	1.388372	5.176037	-20.971400	2.353980	25.000000
7.880066	2.487370	5.786536	9.678063	1.355245	5.114503	-20.971400	3.451680	25.000000
7.880066	2.487370	5.786536	8.193900	0.766925	5.685427	-20.971400	4.048820	25.000000
7.880066	2.487370	5.786536	7.543872	0.672781	5.771955	-20.971400	5.146520	25.000000
7.880066	2.487370	5.786536	7.986370	0.861751	6.051811	-20.971400	5.743660	25.000000
7.880066	2.487370	5.786536	7.835968	0.698668	6.046869	-20.971400	6.841360	25.000000
7.880066	2.487370	5.786536	8.127337	0.601693	5.724125	-20.971400	7.438500	25.000000
7.880066	2.487370	5.786536	7.739671	0.641720	5.674228	-20.971400	8.536200	25.000000
7.880066	2.487370	5.786536	7.507237	0.169225	0.150845	-20.971400	9.133340	25.000000
7.879805	2.487413	5.786701	8.195694	0.471888	5.830342	-20.971400	10.231000	25.000000
7.880095	2.487365	5.786518	7.328028	0.417026	1.001483	-20.971400	10.828200	25.000000
7.880095	2.487365	5.786518	8.457446	0.454191	1.495265	-20.971400	11.925900	25.000000
7.880095	2.487365	5.786518	9.934304	1.421261	1.184619	-20.971400	12.523000	25.000000
7.880095	2.487365	5.786518	4.689094	1.072757	6.185932	-20.971400	13.620700	25.000000
7.880095	2.487365	5.786518	9.883952	2.160913	1.069020	-20.971400	14.217900	25.000000
7.880095	2.487365	5.786518	4.781475	2.524645	3.032931	-20.971400	15.315600	25.000000
7.880095	2.487365	5.786518	8.130806	2.043235	5.281237	-20.971400	15.912700	25.000000
7.880095	2.487365	5.786518	7.569016	2.081550	5.325596	-20.971400	17.010400	25.000000
7.879805	2.487413	5.786701	7.861934	2.439003	5.651495	-20.971400	17.607500	25.000000
7.880095	2.487365	5.786518	7.811530	2.388666	5.617216	-20.971400	18.705300	25.000000
7.880095	2.487365	5.786518	7.894935	2.473999	5.746275	-20.971400	19.302400	25.000000
7.880095	2.487365	5.786518	7.910910	2.471441	5.737530	-20.971400	20.400100	25.000000
7.880095	2.487365	5.786518	7.854737	2.480517	5.769440	-20.971400	20.997200	25.000000
7.880095	2.487365	5.786518	7.851726	2.481011	5.771248	-20.971400	22.094900	25.000000
7.880095	2.487365	5.786518	7.893820	2.474178	5.788412	-20.971400	23.789800	25.000000
7.880601	2.487282	5.786636	7.796724	2.490143	5.806293	-20.124000	-4.425380	25.000000
7.880601	2.487282	5.786636	7.882011	2.496906	5.802542	-20.124000	-3.327680	25.000000
7.880601	2.487282	5.786636	7.826263	2.506441	5.842655	-20.124000	-2.730540	25.000000
7.880601	2.487282	5.786636	7.811300	2.509045	5.854407	-20.124000	-1.632840	25.000000
7.880601	2.487282	5.786636	7.948968	2.573403	6.092667	-20.124000	-1.035700	25.000000
7.880605	2.487281	5.786633	7.917702	2.556345	6.099242	-20.124000	0.062002	25.000000
7.880606	2.487281	5.786632	9.149863	1.975176	5.207941	-20.124000	0.659142	25.000000
7.880601	2.487282	5.786636	6.360031	2.356813	5.919206	-20.124000	1.756840	25.000000
7.880601	2.487282	5.786636	9.424436	1.235624	5.165987	-20.124000	2.353980	25.000000
7.880601	2.487282	5.786636	6.057227	1.181312	5.320191	-20.124000	3.451680	25.000000
7.880601	2.487282	5.786636	7.980733	0.738795	6.116813	-20.124000	4.048820	25.000000
7.880601	2.487282	5.786636	7.771750	0.766189	5.900956	-20.124000	5.146520	25.000000
7.880601	2.487282	5.786636	7.645423	0.908731	6.006025	-20.124000	5.743660	25.000000
7.880601	2.487282	5.786636	8.142457	0.893939	6.067250	-20.124000	6.841360	25.000000
7.880601	2.487282	5.786636	7.590784	1.015783	5.951631	-20.124000	7.438500	25.000000
7.880601	2.487282	5.786636	8.077747	0.994757	5.740234	-20.124000	8.536200	25.000000
7.880601	2.487282	5.786636	8.751571	0.830963	5.673727	-20.124000	9.133340	25.000000
7.880340	2.487325	5.786801	7.017614	0.622811	6.069021	-20.124000	10.231000	25.000000
7.880630	2.487277	5.786617	7.422937	0.849823	0.568105	-20.124000	10.828200	25.000000
7.880630	2.487277	5.786617	8.271638	0.584160	0.453844	-20.124000	11.925900	25.000000
7.880630	2.487277	5.786617	5.932462	1.621387	1.365126	-20.124000	12.523000	25.000000
7.880630	2.487277	5.786617	9.340712	0.690670	1.345383	-20.124000	13.620700	25.000000
7.880630	2.487277	5.786617	9.069183	2.293722	0.742860	-20.124000	14.217900	25.000000
7.880630	2.487277	5.786617	5.565452	1.624726	2.978929	-20.124000	15.315600	25.000000
7.880630	2.487277	5.786617	8.008121	2.065213	5.264973	-20.124000	15.912700	25.000000
7.880630	2.487277	5.786617	7.800641	2.139354	5.291953	-20.124000	17.010400	25.000000
7.880340	2.487325	5.786801	7.976841	2.441393	5.635793	-20.124000	17.607500	25.000000
7.880630	2.487277	5.786617	7.790379	2.410594	5.620456	-20.124000	18.705300	25.000000
7.880630	2.487277	5.786617	7.901291	2.472979	5.742766	-20.124000	19.302400	25.000000
7.880630	2.487277	5.786617	7.898107	2.473490	5.744518	-20.124000	20.400100	25.000000
7.880630	2.487277	5.786617	7.854737	2.480517	5.769440	-20.124000	20.997200	25.000000
7.880340	2.487325	5.786801	7.885055	2.475590	5.793832	-20.124000	26.081700	25.000000
7.880630	2.487277	5.786617	7.885055	2.475590	5.793832	-19.276600	-11.801900	25.000000
7.880601	2.487282	5.786636	7.949692	2.485667	5.802934	-19.276600	-6.120220	25.000000
7.880601	2.487282	5.786636	7.873728	2.498307	5.808175	-19.276600	-4.425380	25.000000
7.880601	2.487282	5.786636	7.879239	2.497375	5.804416	-19.276600	-3.327680	25.000000
7.880601	2.487282	5.786636	7.894612	2.516108	5.852440	-19.276600	-2.730540	25.000000
7.880601	2.487282	5.786636	7.826263	2.506441	5.842655	-19.276600	-1.632840	25.000000
7.880601	2.487282	5.786636	7.940302	2.575115	6.113407	-19.276600	-1.035700	25.000000
7.880605	2.487281	5.786633	7.915832	2.579994	6.048563	-19.276600	0.062002	25.000000
7.880606	2.487281	5.786632	7.512416	2.317027	0.076216	-19.276600	0.659142	25.000000
7.880601	2.487282	5.786636	8.306166	2.216753	5.499919	-19.276600	1.756840	25.000000
7.880601	2.487282	5.786636	8.417814	1.468453	5.413243	-19.276600	2.353980	25.000000
7.880601	2.487282	5.786636	7.326452	1.129382	5.779019	-19.276600	3.451680	25.000000
7.880601	2.487282	5.786636	7.649111	0.749380	6.219809	-19.276600	4.048820	25.000000
7.880601	2.487282	5.786636	8.068885	0.634170	5.881315	-19.276600	5.146520	25.000000
7.880601	2.487282	5.786636	7.987922	0.620258	6.147076	-19.276600	5.743660	25.000000
7.880601	2.487282	5.786636	7.851936	0.639574	5.777538	-19.276600	6.841360	25.000000
7.880601	2.487282	5.786636	7.346428	0.876602	5.882945	-19.276600	7.438500	25.000000
7.880601	2.487282	5.786636	8.386895	0.839670	5.726284	-19.276600	8.536200	25.000000
7.880601	2.487282	5.786636	8.565629	0.858233	5.618083	-19.276600	9.133340	25.000000
7.880340	2.487325	5.786801	7.206247	0.860298	5.868678	-19.276600	10.231000	25.000000
7.880630	2.487277	5.786617	7.679772	0.772501	0.670370	-19.276600	10.828200	25.000000
7.880630	2.487277	5.786617	8.033779	0.330113	0.632749	-19.276600	11.925900	25.000000
7.880630	2.487277	5.786617	9.840025	0.764768	1.821471	-19.276600	12.523000	25.000000
7.880630	2.487277	5.786617	5.219665	0.886375	1.838566	-19.276600	13.620700	25.000000
7.880630	2.487277	5.786617	3.805733	2.266777	5.619139	-19.276600	14.217900	25.000000
7.880630	2.487277	5.786617	10.127438	1.710476	1.356778	-19.276600	15.315600	25.000000
7.880630	2.487277	5.786617	8.383913	2.041203	5.140124	-19.276600	15.912700	25.000000
7.880630	2.487277	5.786617	7.400676	2.141817	5.233527	-19.276600	17.010400	25.000000
7.880340	2.487325	5.786801	7.733693	2.438576	5.639684	-19.276600	17.607500	25.000000
7.880630	2.487277	5.786617	8.016234	2.435581	5.620456	-19.276600	18.705300	25.000000
7.880630	2.487277	5.786617	7.845387	2.482051	5.733847	-19.276600	19.302400	25.000000
7.880630	2.487277	5.786617	7.888625	2.475014	5.749798	-19.276600	20.400100	25.000000
7.880630	2.487277	5.786617	7.854737	2.480517	5.769440	-19.276600	20.997200	25.000000
7.880630	2.487277	5.786617	7.848726	2.481503	5.773060	-19.276600	22.094900	25.000000
7.880630	2.487277	5.786617	7.890887	2.474650	5.790215	-19.276600	23.789800	25.000000
7.880601	2.487282	5.786636	7.876478	2.497841	5.806293	-18.429200	-4.425380	25.000000
7.880601	2.487282	5.786636	7.879239	2.497375	5.804416	-18.429200	-3.327680	25.000000
7.880601	2.487282	5.786636	7.828799	2.506002	5.840709	-18.429200	-2.730540	25.000000
7.880601	2.487282	5.786636	7.897063	2.515678	5.850476	-18.429200	-1.632840	25.000000
7.880601	2.487282	5.786636	7.917203	2.603893	6.005902	-18.429200	-1.035700	25.000000
7.880605	2.487281	5.786633	7.817263	2.576026	6.076427	-18.429200	0.062002	25.000000
7.880606	2.487281	5.786632	7.867407	2.438181	5.944656	-18.429200	0.659142	25.000000
7.880601	2.487282	5.786636	7.900000	2.632973	0.156602	-18.429200	1.756840	25.000000
7.880601	2.487282	5.786636	8.538296	1.682291	5.497787	-18.429200	2.353980	25.000000
7.880601	2.487282	5.786636	7.160210	1.480312	6.028003	-18.429200	3.451680	25.000000
7.880601	2.487282	5.786636	7.956387	0.984818	5.777699	-18.429200	4.048820	25.000000
7.880601	2.487282	5.786636	7.722720	0.593973	6.044941	-18.429200	5.146520	25.000000
7.880601	2.487282	5.786636	8.003649	0.578803	5.864497	-18.429200	5.743660	25.000000
7.880601	2.487282	5.786636	7.815216	0.654546	6.127020	-18.429200	6.841360	25.000000
7.880601	2.487282	5.786636	7.677239	0.630756	5.750341	-18.429200	7.438500	25.000000
7.880601	2.487282	5.786636	8.033679	0.689206	5.580928	-18.429200	8.536200	25.000000
7.880601	2.487282	5.786636	7.262231	0.752762	5.684010	-18.429200	9.133340	25.000000
7.880340	2.487325	5.786801	8.466995	0.638285	5.596061	-18.429200	10.231000	25.000000
7.880630	2.487277	5.786617	7.179833	0.280110	1.357592	-18.429200	10.828200	25.000000
7.880630	2.487277	5.786617	8.479629	0.206198	0.316286	-18.429200	11.925900	25.000000
7.880630	2.487277	5.786617	8.347748	1.057386	1.353172	-18.429200	12.523000	25.000000
7.880630	2.487277	5.786617	7.370590	0.461354	0.776778	-18.429200	13.620700	25.000000
7.880630	2.487277	5.786617	8.758288	2.309930	0.943363	-18.429200	14.217900	25.000000
7.880630	2.487277	5.786617	6.601886	1.510170	6.042623	-18.429200	15.315600	25.000000
7.880630	2.487277	5.786617	7.712976	2.071122	5.043485	-18.429200	15.912700	25.000000
7.880630	2.487277	5.786617	8.031189	2.227010	5.239332	-18.429200	17.010400	25.000000
7.880340	2.487325	5.786801	7.810250	2.446854	5.639684	-18.429200	17.607500	25.000000
7.880630	2.487277	5.786617	7.849841	2.460819	5.655877	-18.429200	18.705300	25.000000
7.880630	2.487277	5.786617	7.882360	2.476025	5.753336	-18.429200	19.302400	25.000000
7.880630	2.487277	5.786617	7.891774	2.474507	5.748034	-18.429200	20.400100	25.000000
7.880630	2.487277	5.786617	7.848726	2.481503	5.773060	-18.429200	20.997200	25.000000
7.880630	2.487277	5.786617	7.890887	2.474650	5.790215	-18.429200	23.789800	25.000000
7.880601	2.487282	5.786636	7.959422	2.504920	5.804416	-17.581800	-4.425380	25.000000
7.880601	2.487282	5.786636	7.879239	2.497375	5.804416	-17.581800	-3.327680	25.000000
7.880601	2.487282	5.786636	7.899525	2.515247	5.848515	-17.581800	-2.730540	25.000000
7.880601	2.487282	5.786636	7.948641	2.528287	5.823448	-17.581800	-1.632840	25.000000
7.880601	2.487282	5.786636	7.865011	2.566533	5.993968	-17.581800	-1.035700	25.000000
7.880605	2.487281	5.786633	7.925837	2.602069	5.991729	-17.581800	0.062002	25.000000
7.880606	2.487281	5.786632	7.372245	2.650218	5.961435	-17.581800	0.659142	25.000000
7.880601	2.487282	5.786636	8.349395	2.776805	6.052864	-17.581800	1.756840	25.000000
7.880601	2.487282	5.786636	5.525903	1.286296	5.511120	-17.581800	2.353980	25.000000
7.880601	2.487282	5.786636	9.568358	1.683278	5.100708	-17.581800	3.451680	25.000000
7.880601	2.487282	5.786636	8.479387	0.697322	5.484801	-17.581800	4.048820	25.000000
7.880601	2.487282	5.786636	7.187489	0.720758	5.677641	-17.581800	5.146520	25.000000
7.880601	2.487282	5.786636	8.131107	0.557476	6.065273	-17.581800	5.743660	25.000000
7.880601	2.487282	5.786636	7.632824	0.644867	5.926966	-17.581800	6.841360	25.000000
7.880601	2.487282	5.786636	8.045496	0.729123	5.643416	-17.581800	7.438500	25.000000
7.880601	2.487282	5.786636	7.813450	0.675003	5.672459	-17.581800	8.536200	25.000000
7.880601	2.487282	5.786636	8.408329	0.809594	5.451309	-17.581800	9.133340	25.000000
7.880340	2.487325	5.786801	7.262920	0.711672	5.677641	-17.581800	10.231000	25.000000
7.880630	2.487277	5.786617	7.708541	0.365266	0.197396	-17.581800	10.828200	25.000000
7.880630	2.487277	5.786617	7.986795	0.385716	0.056606	-17.581800	11.925900	25.000000
7.880630	2.487277	5.786617	8.708616	1.194528	0.996491	-17.581800	12.523000	25.000000
7.880630	2.487277	5.786617	6.862944	1.244473	0.015383	-17.581800	13.620700	25.000000
7.880630	2.487277	5.786617	8.060248	1.965575	0.609625	-17.581800	14.217900	25.000000
7.880630	2.487277	5.786617	7.549331	2.367843	5.602524	-17.581800	15.315600	25.000000
7.880630	2.487277	5.786617	7.280797	2.309058	5.259178	-17.581800	15.912700	25.000000
7.880630	2.487277	5.786617	8.514693	2.242670	5.162615	-17.581800	17.010400	25.000000
7.880340	2.487325	5.786801	7.849841	2.460819	5.655877	-17.581800	17.607500	25.000000
7.880630	2.487277	5.786617	7.908224	2.471870	5.700832	-17.581800	18.705300	25.000000
7.880630	2.487277	5.786617	7.952037	2.485284	5.758671	-17.581800	19.302400	25.000000
7.880630	2.487277	5.786617	7.882360	2.476025	5.753336	-17.581800	20.400100	25.000000
7.880066	2.487370	5.786536	7.882011	2.496906	5.802542	-16.734300	-4.425380	25.000000
7.880066	2.487370	5.786536	7.879239	2.497375	5.804416	-16.734300	-3.327680	25.000000
7.880066	2.487370	5.786536	7.778175	2.514878	5.829341	-16.734300	-2.730540	25.000000
7.880066	2.487370	5.786536	7.924803	2.510852	5.829107	-16.734300	-1.632840	25.000000
7.880066	2.487370	5.786536	7.951031	2.596800	5.954528	-16.734300	-1.035700	25.000000
7.880070	2.487369	5.786534	7.826263	2.550867	5.936766	-16.734300	0.062002	25.000000
7.880071	2.487369	5.786533	7.725309	2.770693	6.276043	-16.734300	0.659142	25.000000
7.880066	2.487370	5.786536	8.017381	2.746588	0.235545	-16.734300	1.756840	25.000000
7.880066	2.487370	5.786536	5.383688	1.231858	5.722498	-16.734300	2.353980	25.000000
7.880066	2.487370	5.786536	9.701835	1.814390	5.104729	-16.734300	3.451680	25.000000
7.880066	2.487370	5.786536	7.894935	0.800080	5.447829	-16.734300	4.048820	25.000000
7.880066	2.487370	5.786536	7.954873	0.592262	5.657700	-16.734300	5.146520	25.000000
7.880066	2.487370	5.786536	7.650680	0.303944	5.821491	-16.734300	5.743660	25.000000
7.880066	2.487370	5.786536	8.196743	0.383936	5.692473	-16.734300	6.841360	25.000000
7.880066	2.487370	5.786536	7.653130	0.476675	5.684125	-16.734300	7.438500	25.000000
7.880066	2.487370	5.786536	8.021122	0.535078	5.535831	-16.734300	8.536200	25.000000
7.880066	2.487370	5.786536	8.016234	0.706011	5.375118	-16.734300	9.133340	25.000000
7.879805	2.487413	5.786701	7.664203	0.692249	5.425450	-16.734300	10.231000	25.000000
7.880095	2.487365	5.786518	7.478830	0.543800	0.189793	-16.734300	10.828200	25.000000
7.880095	2.487365	5.786518	8.190580	0.673913	0.066568	-16.734300	11.925900	25.000000
7.880095	2.487365	5.786518	8.025017	0.970987	0.504166	-16.734300	12.523000	25.000000
7.880095	2.487365	5.786518	7.656115	1.742747	0.898126	-16.734300	13.620700	25.000000
7.880095	2.487365	5.786518	7.376313	2.261623	0.685730	-16.734300	14.217900	25.000000
7.880095	2.487365	5.786518	8.237111	2.223088	0.970083	-16.734300	15.315600	25.000000
7.880095	2.487365	5.786518	7.354590	2.395336	5.283726	-16.734300	15.912700	25.000000
7.880095	2.487365	5.786518	8.403571	2.383112	5.362810	-16.734300	17.010400	25.000000
7.879805	2.487413	5.786701	7.874643	2.477274	5.718036	-16.734300	17.607500	25.000000
7.880095	2.487365	5.786518	7.970571	2.482270	5.672459	-16.734300	18.705300	25.000000
7.880095	2.487365	5.786518	7.869968	2.478033	5.760457	-16.734300	19.302400	25.000000
7.880095	2.487365	5.786518	7.866899	2.478533	5.762246	-16.734300	20.400100	25.000000
7.880601	2.487282	5.786636	7.884795	2.496437	5.800672	-15.886900	-4.425380	25.000000
7.880601	2.487282	5.786636	7.885430	2.517722	5.809829	-15.886900	-2.730540	25.000000
7.880601	2.487282	5.786636	7.919653	2.511743	5.832960	-15.886900	-1.632840	25.000000
7.880601	2.487282	5.786636	7.905852	2.582004	5.904891	-15.886900	-1.035700	25.000000
7.880605	2.487281	5.786633	7.810608	2.553863	5.889815	-15.886900	0.062002	25.000000
7.880606	2.487281	5.786632	7.832630	2.849116	0.227795	-15.886900	0.659142	25.000000
7.880601	2.487282	5.786636	7.999525	2.720283	0.209385	-15.886900	1.756840	25.000000
7.880601	2.487282	5.786636	6.744627	2.243008	0.171379	-15.886900	2.353980	25.000000
7.880601	2.487282	5.786636	8.805680	1.835056	5.355890	-15.886900	3.451680	25.000000
7.880601	2.487282	5.786636	8.171903	0.832488	5.603276	-15.886900	4.048820	25.000000
7.880601	2.487282	5.786636	7.549172	1.316377	5.752155	-15.886900	5.146520	25.000000
7.880601	2.487282	5.786636	7.984335	0.527254	5.721420	-15.886900	5.743660	25.000000
7.880601	2.487282	5.786636	7.849306	0.469491	5.834650	-15.886900	6.841360	25.000000
7.880601	2.487282	5.786636	7.598408	0.364208	5.618254	-15.886900	7.438500	25.000000
7.880601	2.487282	5.786636	8.097660	0.550815	5.462743	-15.886900	8.536200	25.000000
7.880601	2.487282	5.786636	8.164558	0.586527	5.146342	-15.886900	9.133340	25.000000
7.880340	2.487325	5.786801	7.489352	0.546119	5.585155	-15.886900	10.231000	25.000000
7.880630	2.487277	5.786617	8.077283	0.635582	0.199441	-15.886900	10.828200	25.000000
7.880630	2.487277	5.786617	7.611176	0.744008	0.315616	-15.886900	11.925900	25.000000
7.880630	2.487277	5.786617	9.893235	1.120035	0.960990	-15.886900	12.523000	25.000000
7.880630	2.487277	5.786617	5.050040	1.928893	0.234723	-15.886900	13.620700	25.000000
7.880630	2.487277	5.786617	8.490283	2.322842	6.271895	-15.886900	14.217900	25.000000
7.880630	2.487277	5.786617	7.323906	2.420319	0.632749	-15.886900	15.315600	25.000000
7.880630	2.487277	5.786617	7.814090	2.466487	5.541238	-15.886900	15.912700	25.000000
7.880630	2.487277	5.786617	7.880355	2.436246	5.414646	-15.886900	17.010400	25.000000
7.880340	2.487325	5.786801	7.874643	2.477274	5.718036	-15.886900	17.607500	25.000000
7.880630	2.487277	5.786617	7.823043	2.485744	5.706810	-15.886900	18.705300	25.000000
7.880630	2.487277	5.786617	7.866899	2.478533	5.762246	-15.886900	19.302400	25.000000
7.880630	2.487277	5.786617	7.857760	2.480023	5.767636	-15.886900	20.400100	25.000000
7.880630	2.487277	5.786617	7.887966	2.475120	5.792022	-15.886900	23.789800	25.000000
7.880601	2.487282	5.786636	7.873532	2.477455	5.801107	-15.039500	-6.120220	25.000000
7.880601	2.487282	5.786636	7.949692	2.485667	5.802934	-15.039500	-5.022520	25.000000
7.880601	2.487282	5.786636	7.887592	2.495966	5.798806	-15.039500	-4.425380	25.000000
7.880601	2.487282	5.786636	7.877493	2.519123	5.815643	-15.039500	-2.730540	25.000000
7.880601	2.487282	5.786636	7.945873	2.507230	5.813840	-15.039500	-1.632840	25.000000
7.880601	2.487282	5.786636	8.021820	2.559333	5.847928	-15.039500	-1.035700	25.000000
7.880605	2.487281	5.786633	7.814883	2.553042	5.885557	-15.039500	0.062002	25.000000
7.880606	2.487281	5.786632	7.778104	2.789149	6.030980	-15.039500	0.659142	25.000000
7.880601	2.487282	5.786636	7.874160	2.694443	6.230294	-15.039500	1.756840	25.000000
7.880601	2.487282	5.786636	8.182720	2.929869	0.375107	-15.039500	2.353980	25.000000
7.880601	2.487282	5.786636	7.413798	2.257450	5.996740	-15.039500	3.451680	25.000000
7.880601	2.487282	5.786636	8.833043	1.673660	5.433360	-15.039500	4.048820	25.000000
7.880601	2.487282	5.786636	6.794939	1.482232	6.059709	-15.039500	5.146520	25.000000
7.880601	2.487282	5.786636	8.037095	0.976527	5.909650	-15.039500	5.743660	25.000000
7.880601	2.487282	5.786636	7.805101	0.956301	5.987223	-15.039500	6.841360	25.000000
7.880601	2.487282	5.786636	7.789737	0.691572	5.583292	-15.039500	7.438500	25.000000
7.880601	2.487282	5.786636	7.993122	0.957587	5.771629	-15.039500	8.536200	25.000000
7.880601	2.487282	5.786636	8.221806	0.770441	5.645273	-15.039500	9.133340	25.000000
7.880340	2.487325	5.786801	7.531560	0.826913	5.986544	-15.039500	10.231000	25.000000
7.880630	2.487277	5.786617	8.074212	0.979630	0.034315	-15.039500	10.828200	25.000000
7.880630	2.487277	5.786617	7.722409	1.085833	0.096756	-15.039500	11.925900	25.000000
7.880630	2.487277	5.786617	6.726106	2.352820	0.269376	-15.039500	12.523000	25.000000
7.880630	2.487277	5.786617	8.737093	1.185956	0.221616	-15.039500	13.620700	25.000000
7.880630	2.487277	5.786617	8.545174	2.471990	5.511120	-15.039500	14.217900	25.000000
7.880630	2.487277	5.786617	7.197916	2.531651	5.394706	-15.039500	15.315600	25.000000
7.880630	2.487277	5.786617	7.944810	2.466076	5.583292	-15.039500	15.912700	25.000000
7.880630	2.487277	5.786617	7.725930	2.502257	5.574559	-15.039500	17.010400	25.000000
7.880340	2.487325	5.786801	7.915201	2.491350	5.739187	-15.039500	17.607500	25.000000
7.880630	2.487277	5.786617	7.940630	2.487151	5.725025	-15.039500	18.705300	25.000000
7.880630	2.487277	5.786617	7.854737	2.480517	5.769440	-15.039500	19.302400	25.000000
7.880630	2.487277	5.786617	7.854737	2.480517	5.769440	-15.039500	20.400100	25.000000
7.880601	2.487282	5.786636	7.887592	2.495966	5.798806	-14.192100	-4.425380	25.000000
7.880601	2.487282	5.786636	7.890399	2.495494	5.796943	-14.192100	-3.327680	25.000000
7.880601	2.487282	5.786636	7.876478	2.497841	5.806293	-14.192100	-2.730540	25.000000
7.880601	2.487282	5.786636	7.937884	2.508599	5.819538	-14.192100	-1.632840	25.000000
7.880601	2.487282	5.786636	7.962512	2.547906	5.827570	-14.192100	-1.035700	25.000000
7.880605	2.487281	5.786633	7.906934	2.535822	5.857293	-14.192100	0.062002	25.000000
7.880606	2.487281	5.786632	7.938570	2.706816	5.988864	-14.192100	0.659142	25.000000
7.880601	2.487282	5.786636	7.818702	2.625410	5.914709	-14.192100	1.756840	25.000000
7.880601	2.487282	5.786636	7.683879	2.922382	0.192701	-14.192100	2.353980	25.000000
7.880601	2.487282	5.786636	8.092367	2.990359	0.715744	-14.192100	3.451680	25.000000
7.880601	2.487282	5.786636	8.213404	1.705127	5.541238	-14.192100	4.048820	25.000000
7.880601	2.487282	5.786636	7.481978	2.436931	5.902679	-14.192100	5.146520	25.000000
7.880601	2.487282	5.786636	7.738482	1.446421	6.012936	-14.192100	5.743660	25.000000
7.880601	2.487282	5.786636	7.916615	1.441594	5.983188	-14.192100	6.841360	25.000000
7.880601	2.487282	5.786636	7.356602	1.315188	5.863534	-14.192100	7.438500	25.000000
7.880601	2.487282	5.786636	8.396642	1.322930	5.637227	-14.192100	8.536200	25.000000
7.880601	2.487282	5.786636	7.812458	1.172507	5.993059	-14.192100	9.133340	25.000000
7.880340	2.487325	5.786801	7.994404	1.463013	6.032714	-14.192100	10.231000	25.000000
7.880630	2.487277	5.786617	7.677532	1.706674	6.115443	-14.192100	10.828200	25.000000
7.880630	2.487277	5.786617	8.040361	1.562090	6.038207	-14.192100	11.925900	25.000000
7.880630	2.487277	5.786617	8.036019	2.579591	5.425068	-14.192100	12.523000	25.000000
7.880630	2.487277	5.786617	7.669478	1.902831	6.079028	-14.192100	13.620700	25.000000
7.880630	2.487277	5.786617	7.262534	2.543051	5.257000	-14.192100	14.217900	25.000000
7.880630	2.487277	5.786617	8.443489	2.449362	5.184335	-14.192100	15.315600	25.000000
7.880630	2.487277	5.786617	7.902531	2.493461	5.706810	-14.192100	15.912700	25.000000
7.880630	2.487277	5.786617	7.860662	2.500528	5.618411	-14.192100	17.010400	25.000000
7.880340	2.487325	5.786801	7.908957	2.492389	5.742766	-14.192100	17.607500	25.000000
7.880630	2.487277	5.786617	7.823273	2.485705	5.746360	-14.192100	18.705300	25.000000
7.880630	2.487277	5.786617	7.854737	2.480517	5.769440	-14.192100	20.400100	25.000000
7.880630	2.487277	5.786617	7.882157	2.476058	5.795645	-13.344700	-10.107000	25.000000
7.880601	2.487282	5.786636	7.879270	2.476525	5.797462	-13.344700	-7.815060	25.000000
7.880601	2.487282	5.786636	7.879270	2.476525	5.797462	-13.344700	-6.717360	25.000000
7.880601	2.487282	5.786636	7.815344	2.508339	5.802131	-13.344700	-2.730540	25.000000
7.880601	2.487282	5.786636	7.962167	2.504454	5.802542	-13.344700	-1.632840	25.000000
7.880601	2.487282	5.786636	7.964176	2.525521	5.811763	-13.344700	-1.035700	25.000000
7.880605	2.487281	5.786633	7.926134	2.532333	5.841231	-13.344700	0.062002	25.000000
7.880606	2.487281	5.786632	7.945823	2.622724	5.805918	-13.344700	0.659142	25.000000
7.880601	2.487282	5.786636	7.836045	2.596392	5.920958	-13.344700	1.756840	25.000000
7.880601	2.487282	5.786636	7.975350	2.794594	6.242617	-13.344700	2.353980	25.000000
7.880601	2.487282	5.786636	7.862875	2.937699	5.813920	-13.344700	3.451680	25.000000
7.880601	2.487282	5.786636	8.647543	2.695154	5.068025	-13.344700	4.048820	25.000000
7.880601	2.487282	5.786636	6.956357	2.437027	0.216984	-13.344700	5.146520	25.000000
7.880601	2.487282	5.786636	7.974810	2.025150	5.962317	-13.344700	5.743660	25.000000
7.880601	2.487282	5.786636	7.901747	1.960228	6.042852	-13.344700	6.841360	25.000000
7.880601	2.487282	5.786636	8.552362	1.656257	5.656115	-13.344700	7.438500	25.000000
7.880601	2.487282	5.786636	7.137850	1.879699	5.793228	-13.344700	8.536200	25.000000
7.880601	2.487282	5.786636	8.275633	1.740785	5.947089	-13.344700	9.133340	25.000000
7.880340	2.487325	5.786801	7.482914	1.891659	6.266286	-13.344700	10.231000	25.000000
7.880630	2.487277	5.786617	7.258788	2.543808	5.907224	-13.344700	10.828200	25.000000
7.880630	2.487277	5.786617	8.440379	2.234560	5.519061	-13.344700	11.925900	25.000000
7.880630	2.487277	5.786617	7.607996	2.570332	4.947934	-13.344700	12.523000	25.000000
7.880630	2.487277	5.786617	8.041418	2.512081	4.951220	-13.344700	13.620700	25.000000
7.880630	2.487277	5.786617	7.806408	2.509900	5.574559	-13.344700	14.217900	25.000000
7.880630	2.487277	5.786617	7.931582	2.531349	5.404310	-13.344700	15.315600	25.000000
7.880630	2.487277	5.786617	7.902531	2.493461	5.706810	-13.344700	15.912700	25.000000
7.880630	2.487277	5.786617	7.886064	2.496223	5.677641	-13.344700	17.010400	25.000000
7.880340	2.487325	5.786801	7.896607	2.494452	5.749970	-13.344700	17.607500	25.000000
7.880630	2.487277	5.786617	7.863841	2.479031	5.764039	-13.344700	18.705300	25.000000
7.880066	2.487370	5.786536	7.867840	2.478379	5.804765	-12.497200	-4.425380	25.000000
7.880066	2.487370	5.786536	7.884795	2.496437	5.800672	-12.497200	-2.730540	25.000000
7.880066	2.487370	5.786536	7.879239	2.497375	5.804416	-12.497200	-1.632840	25.000000
7.880066	2.487370	5.786536	7.828563	2.527886	5.803666	-12.497200	-1.035700	25.000000
7.880070	2.487369	5.786534	7.804486	2.510237	5.809829	-12.497200	0.062002	25.000000
7.880071	2.487369	5.786533	7.874871	2.541725	5.831610	-12.497200	0.659142	25.000000
7.880066	2.487370	5.786536	7.864865	2.590380	5.828224	-12.497200	1.756840	25.000000
7.880066	2.487370	5.786536	7.814883	2.742256	5.884344	-12.497200	2.353980	25.000000
7.880066	2.487370	5.786536	7.865087	2.640993	5.833755	-12.497200	3.451680	25.000000
7.880066	2.487370	5.786536	8.065513	3.014049	0.107428	-12.497200	4.048820	25.000000
7.880066	2.487370	5.786536	7.681081	2.924024	5.352271	-12.497200	5.146520	25.000000
7.880066	2.487370	5.786536	7.933581	3.049552	5.449282	-12.497200	5.743660	25.000000
7.880066	2.487370	5.786536	7.894264	2.986902	5.091369	-12.497200	6.841360	25.000000
7.880066	2.487370	5.786536	7.690904	2.821395	5.380678	-12.497200	7.438500	25.000000
7.880066	2.487370	5.786536	8.060397	2.373976	5.560994	-12.497200	8.536200	25.000000
7.880066	2.487370	5.786536	7.489566	2.621703	6.027777	-12.497200	9.133340	25.000000
7.879805	2.487413	5.786701	8.310211	2.488492	5.478182	-12.497200	10.231000	25.000000
7.880095	2.487365	5.786518	7.607152	2.648240	4.750426	-12.497200	10.828200	25.000000
7.880095	2.487365	5.786518	8.057508	2.704503	4.632851	-12.497200	11.925900	25.000000
7.880095	2.487365	5.786518	8.174350	2.575688	5.186240	-12.497200	12.523000	25.000000
7.880095	2.487365	5.786518	7.626270	2.616803	5.460767	-12.497200	13.620700	25.000000
7.880095	2.487365	5.786518	7.860662	2.544373	5.626110	-12.497200	14.217900	25.000000
7.880095	2.487365	5.786518	8.000625	2.497987	5.660515	-12.497200	15.315600	25.000000
7.880095	2.487365	5.786518	7.915201	2.491350	5.739187	-12.497200	15.912700	25.000000
7.880095	2.487365	5.786518	7.863867	2.499982	5.728190	-12.497200	17.010400	25.000000
7.879805	2.487413	5.786701	7.798692	2.489812	5.760893	-12.497200	17.607500	25.000000
7.880095	2.487365	5.786518	7.804768	2.488793	5.757237	-12.497200	18.705300	25.000000
7.880095	2.487365	5.786518	7.887966	2.475120	5.792022	-12.497200	20.997200	25.000000
7.880601	2.487282	5.786636	7.843316	2.503497	5.783155	-11.649800	-3.327680	25.000000
7.880601	2.487282	5.786636	7.887592	2.495966	5.798806	-11.649800	-2.730540	25.000000
7.880601	2.487282	5.786636	7.837627	2.504477	5.786920	-11.649800	-1.632840	25.000000
7.880601	2.487282	5.786636	7.907111	2.513923	5.794495	-11.649800	-1.035700	25.000000
7.880605	2.487281	5.786633	7.888099	2.517252	5.807899	-11.649800	0.062002	25.000000
7.880606	2.487281	5.786632	7.865749	2.543423	5.789244	-11.649800	0.659142	25.000000
7.880601	2.487282	5.786636	7.879822	2.540807	5.827570	-11.649800	1.756840	25.000000
7.880601	2.487282	5.786636	7.821739	2.624726	5.844995	-11.649800	2.353980	25.000000
7.880601	2.487282	5.786636	7.957443	2.595472	5.769741	-11.649800	3.451680	25.000000
7.880601	2.487282	5.786636	7.998150	2.720667	5.632340	-11.649800	4.048820	25.000000
7.880601	2.487282	5.786636	7.914727	2.744867	5.869277	-11.649800	5.146520	25.000000
7.880601	2.487282	5.786636	7.906086	2.912766	5.168555	-11.649800	5.743660	25.000000
7.880601	2.487282	5.786636	7.944161	2.846164	5.611145	-11.649800	6.841360	25.000000
7.880601	2.487282	5.786636	7.800797	2.914209	4.810926	-11.649800	7.438500	25.000000
7.880601	2.487282	5.786636	7.984371	2.873901	4.818654	-11.649800	8.536200	25.000000
7.880601	2.487282	5.786636	7.687548	2.822714	5.015769	-11.649800	9.133340	25.000000
7.880340	2.487325	5.786801	8.128444	2.745786	4.859701	-11.649800	10.231000	25.000000
7.880630	2.487277	5.786617	7.583410	2.713793	5.364790	-11.649800	10.828200	25.000000
7.880630	2.487277	5.786617	8.134919	2.607023	5.321138	-11.649800	11.925900	25.000000
7.880630	2.487277	5.786617	7.851115	2.569269	5.564355	-11.649800	12.523000	25.000000
7.880630	2.487277	5.786617	7.905062	2.514280	5.635374	-11.649800	13.620700	25.000000
7.880630	2.487277	5.786617	7.902531	2.493461	5.706810	-11.649800	14.217900	25.000000
7.880630	2.487277	5.786617	7.851751	2.523706	5.701280	-11.649800	15.315600	25.000000
7.880630	2.487277	5.786617	7.887465	2.495987	5.755414	-11.649800	15.912700	25.000000
7.880630	2.487277	5.786617	7.823273	2.485705	5.746360	-11.649800	17.010400	25.000000
7.880630	2.487277	5.786617	7.872458	2.498522	5.764565	-11.649800	18.705300	25.000000
7.880601	2.487282	5.786636	7.882157	2.476058	5.795645	-10.802400	-9.509900	25.000000
7.880601	2.487282	5.786636	7.890399	2.495494	5.796943	-10.802400	-1.632840	25.000000
7.880601	2.487282	5.786636	7.901620	2.514881	5.798305	-10.802400	-1.035700	25.000000
7.880605	2.487281	5.786633	7.887592	2.495966	5.798806	-10.802400	0.062002	25.000000
7.880606	2.487281	5.786632	7.852955	2.523491	5.786118	-10.802400	0.659142	25.000000
7.880601	2.487282	5.786636	7.823273	2.528847	5.807610	-10.802400	1.756840	25.000000
7.880601	2.487282	5.786636	7.856520	2.568202	5.813242	-10.802400	2.353980	25.000000
7.880601	2.487282	5.786636	7.876522	2.541419	5.781327	-10.802400	3.451680	25.000000
7.880601	2.487282	5.786636	7.813476	2.626590	5.742766	-10.802400	4.048820	25.000000
7.880601	2.487282	5.786636	7.859415	2.591509	5.780342	-10.802400	5.146520	25.000000
7.880601	2.487282	5.786636	7.921641	2.654410	5.654786	-10.802400	5.743660	25.000000
7.880601	2.487282	5.786636	7.801897	2.684224	5.712894	-10.802400	6.841360	25.000000
7.880601	2.487282	5.786636	7.880254	2.692834	5.576463	-10.802400	7.438500	25.000000
7.880601	2.487282	5.786636	7.913811	2.684107	5.595040	-10.802400	8.536200	25.000000
7.880601	2.487282	5.786636	7.862093	2.668906	5.566983	-10.802400	9.133340	25.000000
7.880340	2.487325	5.786801	7.939931	2.624025	5.542802	-10.802400	10.231000	25.000000
7.880630	2.487277	5.786617	7.834539	2.596709	5.619982	-10.802400	10.828200	25.000000
7.880630	2.487277	5.786617	7.978095	2.545019	5.608444	-10.802400	11.925900	25.000000
7.880630	2.487277	5.786617	7.932843	2.509466	5.695183	-10.802400	12.523000	25.000000
7.880630	2.487277	5.786617	7.808329	2.554301	5.695183	-10.802400	13.620700	25.000000
7.880630	2.487277	5.786617	7.835949	2.504766	5.744606	-10.802400	14.217900	25.000000
7.880630	2.487277	5.786617	7.867026	2.499444	5.726386	-10.802400	15.315600	25.000000
7.880630	2.487277	5.786617	7.939906	2.487270	5.765836	-10.802400	15.912700	25.000000
7.880630	2.487277	5.786617	7.875436	2.498018	5.762727	-10.802400	17.010400	25.000000
7.880630	2.487277	5.786617	7.885055	2.475590	5.793832	-10.802400	25.484600	25.000000
7.880576	2.487286	5.786607	7.885055	2.475590	5.793832	-9.954980	-10.107000	25.000000
7.880547	2.487290	5.786626	7.882157	2.476058	5.795645	-9.954980	-9.509900	25.000000
7.880547	2.487290	5.786626	7.831986	2.505451	5.790700	-9.954980	-1.035700	25.000000
7.880551	2.487290	5.786623	7.840466	2.503988	5.785036	-9.954980	0.062002	25.000000
7.880553	2.487290	5.786622	7.815344	2.508339	5.802131	-9.954980	0.659142	25.000000
7.880547	2.487290	5.786626	7.918232	2.511989	5.786920	-9.954980	1.756840	25.000000
7.880547	2.487290	5.786626	7.942921	2.529311	5.780342	-9.954980	2.353980	25.000000
7.880547	2.487290	5.786626	7.913160	2.534687	5.801700	-9.954980	3.451680	25.000000
7.880547	2.487290	5.786626	7.868647	2.565820	5.754775	-9.954980	4.048820	25.000000
7.880547	2.487290	5.786626	7.948585	2.550508	5.789244	-9.954980	5.146520	25.000000
7.880547	2.487290	5.786626	7.822122	2.575048	5.742766	-9.954980	5.743660	25.000000
7.880547	2.487290	5.786626	7.869949	2.589330	5.724073	-9.954980	6.841360	25.000000
7.880547	2.487290	5.786626	7.898361	2.583520	5.703803	-9.954980	7.438500	25.000000
7.880547	2.487290	5.786626	7.895467	2.584107	5.705806	-9.954980	8.536200	25.000000
7.880547	2.487290	5.786626	7.852796	2.568937	5.678235	-9.954980	9.133340	25.000000
7.880286	2.487334	5.786791	7.888732	2.561910	5.697108	-9.954980	10.231000	25.000000
7.880576	2.487286	5.786607	7.861355	2.521990	5.695790	-9.954980	10.828200	25.000000
7.880576	2.487286	5.786607	7.845821	2.547160	5.713489	-9.954980	11.925900	25.000000
7.880576	2.487286	5.786607	7.894327	2.516158	5.716788	-9.954980	12.523000	25.000000
7.880576	2.487286	5.786607	7.832905	2.505292	5.746450	-9.954980	13.620700	25.000000
7.880576	2.487286	5.786607	7.893548	2.494965	5.751781	-9.954980	14.217900	25.000000
7.880576	2.487286	5.786607	7.875436	2.498018	5.762727	-9.954980	15.315600	25.000000
7.880576	2.487286	5.786607	7.863593	2.500028	5.770101	-9.954980	18.705300	25.000000
7.880551	2.487290	5.786623	7.840466	2.503988	5.785036	-9.107560	0.062002	25.000000
7.880553	2.487290	5.786622	7.843316	2.503497	5.783155	-9.107560	0.659142	25.000000
7.880547	2.487290	5.786626	7.909874	2.513441	5.792595	-9.107560	1.756840	25.000000
7.880547	2.487290	5.786626	7.918232	2.511989	5.786920	-9.107560	2.353980	25.000000
7.880547	2.487290	5.786626	7.904360	2.514403	5.796398	-9.107560	3.451680	25.000000
7.880547	2.487290	5.786626	7.934664	2.530794	5.786118	-9.107560	4.048820	25.000000
7.880547	2.487290	5.786626	7.954093	2.527314	5.772697	-9.107560	5.146520	25.000000
7.880547	2.487290	5.786626	7.901449	2.536824	5.763763	-9.107560	5.743660	25.000000
7.880547	2.487290	5.786626	7.852573	2.545890	5.752497	-9.107560	6.841360	25.000000
7.880547	2.487290	5.786626	7.872738	2.542121	5.738905	-9.107560	7.438500	25.000000
7.880547	2.487290	5.786626	7.869822	2.542664	5.740833	-9.107560	8.536200	25.000000
7.880547	2.487290	5.786626	7.893472	2.538288	5.725533	-9.107560	9.133340	25.000000
7.880286	2.487334	5.786791	7.851471	2.523757	5.742766	-9.107560	10.231000	25.000000
7.880576	2.487286	5.786607	7.872617	2.519987	5.729673	-9.107560	10.828200	25.000000
7.880576	2.487286	5.786607	7.904587	2.514363	5.752008	-9.107560	11.925900	25.000000
7.880576	2.487286	5.786607	7.890501	2.495477	5.753596	-9.107560	12.523000	25.000000
7.880576	2.487286	5.786607	7.820844	2.507382	5.753868	-9.107560	13.620700	25.000000
7.880576	2.487286	5.786607	7.798692	2.489812	5.760893	-9.107560	15.315600	25.000000
7.880576	2.487286	5.786607	7.863593	2.500028	5.770101	-9.107560	15.912700	25.000000
7.880576	2.487286	5.786607	7.783707	2.492340	5.770101	-9.107560	18.705300	25.000000
7.880576	2.487286	5.786607	7.887966	2.475120	5.792022	-9.107560	19.302400	25.000000
7.880576	2.487286	5.786607	7.885055	2.475590	5.793832	-9.107560	23.789800	25.000000
7.880576	2.487286	5.786607	7.882157	2.476058	5.795645	-9.107560	24.386900	25.000000
7.880576	2.487286	5.786607	7.885055	2.475590	5.793832	-8.260140	-11.204700	25.000000
7.880551	2.487290	5.786623	7.849051	2.502513	5.779406	-8.260140	0.062002	25.000000
7.880553	2.487290	5.786622	7.846177	2.503006	5.781279	-8.260140	0.659142	25.000000
7.880547	2.487290	5.786626	7.918232	2.511989	5.786920	-8.260140	1.756840	25.000000
7.880547	2.487290	5.786626	7.834801	2.504964	5.788808	-8.260140	2.353980	25.000000
7.880547	2.487290	5.786626	7.846177	2.503006	5.781279	-8.260140	3.451680	25.000000
7.880547	2.487290	5.786626	7.864102	2.521500	5.778425	-8.260140	4.048820	25.000000
7.880547	2.487290	5.786626	7.929540	2.510035	5.779406	-8.260140	5.146520	25.000000
7.880547	2.487290	5.786626	7.875436	2.519487	5.770796	-8.260140	5.743660	25.000000
7.880547	2.487290	5.786626	7.881174	2.518473	5.767006	-8.260140	6.841360	25.000000
7.880547	2.487290	5.786626	7.889867	2.516941	5.761351	-8.260140	7.438500	25.000000
7.880547	2.487290	5.786626	7.886958	2.517453	5.763232	-8.260140	8.536200	25.000000
7.880547	2.487290	5.786626	7.892788	2.516428	5.759474	-8.260140	9.133340	25.000000
7.880286	2.487334	5.786791	7.952710	2.506062	5.764565	-8.260140	10.231000	25.000000
7.880576	2.487286	5.786607	7.878426	2.497512	5.760893	-8.260140	10.828200	25.000000
7.880576	2.487286	5.786607	7.817858	2.507901	5.755733	-8.260140	11.925900	25.000000
7.880576	2.487286	5.786607	7.866537	2.499527	5.768252	-8.260140	12.523000	25.000000
7.880576	2.487286	5.786607	7.875436	2.498018	5.762727	-8.260140	13.620700	25.000000
7.880576	2.487286	5.786607	7.882157	2.476058	5.795645	-7.412720	-10.107000	25.000000
7.880547	2.487290	5.786626	7.879270	2.476525	5.797462	-7.412720	-3.327680	25.000000
7.880553	2.487290	5.786622	7.843316	2.503497	5.783155	-7.412720	0.659142	25.000000
7.880547	2.487290	5.786626	7.846177	2.503006	5.781279	-7.412720	2.353980	25.000000
7.880547	2.487290	5.786626	7.846177	2.503006	5.781279	-7.412720	4.048820	25.000000
7.880547	2.487290	5.786626	7.932396	2.509543	5.777538	-7.412720	5.146520	25.000000
7.880547	2.487290	5.786626	7.854833	2.501523	5.775673	-7.412720	5.743660	25.000000
7.880547	2.487290	5.786626	7.851936	2.502018	5.777538	-7.412720	6.841360	25.000000
7.880547	2.487290	5.786626	7.938142	2.508555	5.773812	-7.412720	7.438500	25.000000
7.880547	2.487290	5.786626	7.857741	2.501026	5.773812	-7.412720	8.536200	25.000000
7.880547	2.487290	5.786626	7.860662	2.500528	5.771955	-7.412720	9.133340	25.000000
7.880286	2.487334	5.786791	7.949774	2.506563	5.766406	-7.412720	10.231000	25.000000
7.880576	2.487286	5.786607	7.869492	2.499025	5.766406	-7.412720	10.828200	25.000000
7.880576	2.487286	5.786607	7.946848	2.507063	5.768252	-7.412720	11.925900	25.000000
7.880576	2.487286	5.786607	7.863593	2.500028	5.770101	-7.412720	12.523000	25.000000
7.880576	2.487286	5.786607	7.869492	2.499025	5.766406	-7.412720	13.620700	25.000000
7.880576	2.487286	5.786607	7.885055	2.475590	5.793832	-7.412720	22.692100	25.000000
7.880576	2.487286	5.786607	7.882157	2.476058	5.795645	-7.412720	25.484600	25.000000
7.880576	2.487286	5.786607	7.885055	2.475590	5.793832	-6.565300	-11.801900	25.000000
7.880547	2.487290	5.786626	7.882157	2.476058	5.795645	-6.565300	-5.022520	25.000000
7.880547	2.487290	5.786626	7.851936	2.502018	5.777538	-6.565300	2.353980	25.000000
7.880547	2.487290	5.786626	7.846177	2.503006	5.781279	-6.565300	3.451680	25.000000
7.880547	2.487290	5.786626	7.854833	2.501523	5.775673	-6.565300	4.048820	25.000000
7.880547	2.487290	5.786626	7.849051	2.502513	5.779406	-6.565300	5.146520	25.000000
7.880547	2.487290	5.786626	7.854833	2.501523	5.775673	-6.565300	6.841360	25.000000
7.880547	2.487290	5.786626	7.857741	2.501026	5.773812	-6.565300	7.438500	25.000000
7.880547	2.487290	5.786626	7.857741	2.501026	5.773812	-6.565300	8.536200	25.000000
7.880547	2.487290	5.786626	7.863593	2.500028	5.770101	-6.565300	9.133340	25.000000
7.880286	2.487334	5.786791	7.857741	2.501026	5.773812	-6.565300	10.231000	25.000000
7.880576	2.487286	5.786607	7.860662	2.500528	5.771955	-6.565300	11.925900	25.000000
7.880576	2.487286	5.786607	7.860662	2.500528	5.771955	-6.565300	14.217900	25.000000
7.880547	2.487290	5.786626	7.882157	2.476058	5.795645	-5.717880	-9.509900	25.000000
7.880547	2.487290	5.786626	7.851936	2.502018	5.777538	-5.717880	2.353980	25.000000
7.880547	2.487290	5.786626	7.851936	2.502018	5.777538	-5.717880	4.048820	25.000000
7.880547	2.487290	5.786626	7.854833	2.501523	5.775673	-5.717880	5.146520	25.000000
7.880547	2.487290	5.786626	7.854833	2.501523	5.775673	-5.717880	7.438500	25.000000
7.880576	2.487286	5.786607	7.860662	2.500528	5.771955	-5.717880	13.620700	25.000000
7.880494	2.487299	5.786616	7.851936	2.502018	5.777538	-4.870450	4.048820	25.000000
7.880523	2.487295	5.786598	7.885055	2.475590	5.793832	-4.870450	14.217900	25.000000
7.880547	2.487290	5.786626	7.882157	2.476058	5.795645	-4.023040	-6.120220	25.000000
7.880576	2.487286	5.786607	7.882157	2.476058	5.795645	-3.175620	19.302400	25.000000
7.880494	2.487299	5.786616	7.885055	2.475590	5.793832	-2.328190	-7.815060	25.000000
7.880498	2.487299	5.786613	7.882157	2.476058	5.795645	-2.328190	0.062002	25.000000
7.880233	2.487343	5.786781	7.882157	2.476058	5.795645	-2.328190	17.607500	25.000000
7.880494	2.487299	5.786616	7.882157	2.476058	5.795645	-1.480770	-8.412200	25.000000
7.880494	2.487299	5.786616	7.882157	2.476058	5.795645	-1.480770	-1.632840	25.000000
7.880542	2.487291	5.786625	7.882157	2.476058	5.795645	-0.633354	-3.327680	25.000000
7.880576	2.487286	5.786607	7.885055	2.475590	5.793832	1.061490	15.315600	25.000000
7.880547	2.487290	5.786626	7.885055	2.475590	5.793832	1.908910	-4.425380	25.000000
7.880576	2.487286	5.786607	7.885055	2.475590	5.793832	1.908910	12.523000	25.000000
7.880547	2.487290	5.786626	7.882157	2.476058	5.795645	2.756330	2.353980	25.000000
7.880547	2.487290	5.786626	7.885055	2.475590	5.793832	2.756330	3.451680	25.000000
