18.141838	2.606068	2.356216	18.072355	2.612364	2.332943	1.487940	-13.370800	25.000000
18.141838	2.606068	2.356216	18.158744	2.615145	2.332943	1.487940	-12.273100	25.000000
18.141838	2.606068	2.356216	18.122638	2.618583	2.340571	1.487940	-11.801800	25.000000
18.141838	2.606068	2.356216	18.158744	2.615145	2.332943	1.487940	-10.704100	25.000000
18.141911	2.606061	2.356201	18.122638	2.618583	2.340571	1.487940	-10.232700	25.000000
18.141911	2.606061	2.356201	18.245273	2.617898	2.332943	1.487940	-9.135000	25.000000
18.141911	2.606061	2.356201	18.122638	2.618583	2.340571	1.487940	-8.663640	25.000000
18.141911	2.606061	2.356201	18.122638	2.618583	2.340571	1.487940	-7.565940	25.000000
18.141846	2.606067	2.356217	18.195329	2.611695	2.325435	2.272470	-14.939900	25.000000
18.141846	2.606067	2.356217	18.072355	2.612364	2.332943	2.272470	-13.842200	25.000000
18.141846	2.606067	2.356217	18.124293	2.618425	2.324955	2.272470	-13.370800	25.000000
18.141846	2.606067	2.356217	18.247466	2.617690	2.317454	2.272470	-12.273100	25.000000
18.141846	2.606067	2.356217	18.143869	2.627659	2.308611	2.272470	-11.801800	25.000000
18.141846	2.606067	2.356217	18.090329	2.621689	2.316845	2.272470	-10.704100	25.000000
18.141918	2.606061	2.356202	18.141114	2.627928	2.324459	2.272470	-10.232700	25.000000
18.141918	2.606061	2.356202	18.107733	2.631205	2.316216	2.272470	-9.135000	25.000000
18.141918	2.606061	2.356202	18.139460	2.628090	2.340323	2.272470	-8.663640	25.000000
18.141918	2.606061	2.356202	18.174983	2.624635	2.332577	2.272470	-7.565940	25.000000
18.141918	2.606061	2.356202	18.208789	2.621379	2.356194	2.272470	-7.094570	25.000000
18.141810	2.606071	2.356210	18.109114	2.608904	2.325435	3.057000	-16.509000	25.000000
18.141810	2.606071	2.356210	18.144145	2.605638	2.333298	3.057000	-15.411300	25.000000
18.141810	2.606071	2.356210	18.037738	2.615655	2.324955	3.057000	-14.939900	25.000000
18.141810	2.606071	2.356210	18.235679	2.607930	2.302810	3.057000	-13.842200	25.000000
18.141810	2.606071	2.356210	18.078717	2.634080	2.291768	3.057000	-13.370800	25.000000
18.141810	2.606071	2.356210	18.190382	2.623148	2.269796	3.057000	-12.273100	25.000000
18.141810	2.606071	2.356210	18.234308	2.641351	2.250894	3.057000	-11.801800	25.000000
18.141810	2.606071	2.356210	18.072631	2.646203	2.265535	3.057000	-10.704100	25.000000
18.141882	2.606064	2.356194	18.155165	2.649385	2.281951	3.057000	-10.232700	25.000000
18.141882	2.606064	2.356194	18.088947	2.656256	2.280708	3.057000	-9.135000	25.000000
18.141882	2.606064	2.356194	18.056024	2.647907	2.347930	3.057000	-8.663640	25.000000
18.141882	2.606064	2.356194	18.182409	2.646598	2.307054	3.057000	-7.565940	25.000000
18.141882	2.606064	2.356194	18.138908	2.628144	2.356194	3.057000	-7.094570	25.000000
18.141882	2.606064	2.356194	18.228275	2.630624	2.324459	3.057000	-5.996870	25.000000
18.141918	2.606061	2.356187	18.208789	2.621379	2.356194	3.057000	-4.427810	25.000000
18.141810	2.606071	2.356210	18.232389	2.608235	2.318045	3.841530	-16.509000	25.000000
18.141810	2.606071	2.356210	18.109114	2.608904	2.325435	3.841530	-15.411300	25.000000
18.141810	2.606071	2.356210	18.252123	2.606407	2.257282	3.841530	-14.939900	25.000000
18.141810	2.606071	2.356210	18.065713	2.624074	2.276995	3.841530	-13.842200	25.000000
18.141810	2.606071	2.356210	18.057962	2.647708	2.223643	3.841530	-13.370800	25.000000
18.141810	2.606071	2.356210	18.252123	2.628298	2.189749	3.841530	-12.273100	25.000000
18.141810	2.606071	2.356210	18.213731	2.679069	2.172450	3.841530	-11.801800	25.000000
18.141810	2.606071	2.356210	18.124293	2.664449	2.185459	3.841530	-10.704100	25.000000
18.141882	2.606064	2.356194	18.176358	2.683210	2.241654	3.841530	-10.232700	25.000000
18.141882	2.606064	2.356194	18.061561	2.696264	2.219439	3.841530	-9.135000	25.000000
18.141882	2.606064	2.356194	18.167003	2.671942	2.287338	3.841530	-8.663640	25.000000
18.141882	2.606064	2.356194	18.094751	2.692436	2.311180	3.841530	-7.565940	25.000000
18.141882	2.606064	2.356194	18.110770	2.653976	2.356194	3.841530	-7.094570	25.000000
18.141882	2.606064	2.356194	18.245547	2.640225	2.340067	3.841530	-5.996870	25.000000
18.141918	2.606061	2.356187	18.122086	2.618636	2.356194	3.841530	-5.525510	25.000000
18.141918	2.606061	2.356187	18.139460	2.628090	2.372066	3.841530	-4.427810	25.000000
18.141846	2.606067	2.356217	18.181309	2.602206	2.325901	4.626070	-18.078000	25.000000
18.141846	2.606067	2.356217	18.111875	2.608645	2.310073	4.626070	-16.509000	25.000000
18.141846	2.606067	2.356217	18.159570	2.604209	2.272422	4.626070	-15.411300	25.000000
18.141846	2.606067	2.356217	18.031362	2.616264	2.238629	4.626070	-14.939900	25.000000
18.141846	2.606067	2.356217	18.207141	2.610589	2.209959	4.626070	-13.842200	25.000000
18.141846	2.606067	2.356217	18.044390	2.615020	2.418613	4.626070	-13.370800	25.000000
18.141846	2.606067	2.356217	18.384776	2.403484	2.540138	4.626070	-12.273100	25.000000
18.141846	2.606067	2.356217	18.169205	2.384017	2.526930	4.626070	-11.801800	25.000000
18.141846	2.606067	2.356217	18.062669	2.466446	2.538849	4.626070	-10.704100	25.000000
18.141918	2.606061	2.356202	17.928190	2.406619	2.599747	4.626070	-10.232700	25.000000
18.141918	2.606061	2.356202	18.390487	2.427710	2.581233	4.626070	-9.135000	25.000000
18.141918	2.606061	2.356202	17.956336	2.492076	2.499933	4.626070	-8.663640	25.000000
18.141918	2.606061	2.356202	18.261161	2.673887	2.270200	4.626070	-7.565940	25.000000
18.141918	2.606061	2.356202	18.199176	2.656551	2.356194	4.626070	-7.094570	25.000000
18.141918	2.606061	2.356202	18.122638	2.689254	2.338339	4.626070	-5.996870	25.000000
18.141954	2.606057	2.356194	18.087012	2.622009	2.364068	4.626070	-5.525510	25.000000
18.141954	2.606057	2.356194	18.191756	2.634216	2.364194	4.626070	-4.427810	25.000000
18.141810	2.606071	2.356210	18.181309	2.602206	2.325901	5.410600	-18.078000	25.000000
18.141810	2.606071	2.356210	18.146349	2.605433	2.318045	5.410600	-16.980300	25.000000
18.141810	2.606071	2.356210	18.111046	2.608723	2.225167	5.410600	-16.509000	25.000000
18.141810	2.606071	2.356210	18.220318	2.588109	2.274893	5.410600	-15.411300	25.000000
18.141810	2.606071	2.356210	16.836270	2.755988	2.869800	5.410600	-14.939900	25.000000
18.141810	2.606071	2.356210	19.442222	2.360004	2.638749	5.410600	-13.842200	25.000000
18.141810	2.606071	2.356210	17.563460	2.043720	3.209182	5.410600	-13.370800	25.000000
18.141810	2.606071	2.356210	18.758123	1.677620	3.067481	5.410600	-12.273100	25.000000
18.141810	2.606071	2.356210	17.372864	1.798395	2.847872	5.410600	-11.801800	25.000000
18.141810	2.606071	2.356210	18.929617	1.622590	2.767962	5.410600	-10.704100	25.000000
18.141882	2.606064	2.356194	18.395241	1.730758	2.697647	5.410600	-10.232700	25.000000
18.141882	2.606064	2.356194	17.889173	1.753485	2.787479	5.410600	-9.135000	25.000000
18.141882	2.606064	2.356194	20.559426	1.949440	2.263524	5.410600	-8.663640	25.000000
18.141882	2.606064	2.356194	15.187166	2.361896	2.757608	5.410600	-7.565940	25.000000
18.141882	2.606064	2.356194	18.248014	2.675315	2.373434	5.410600	-7.094570	25.000000
18.141882	2.606064	2.356194	18.063499	2.683361	2.347345	5.410600	-5.996870	25.000000
18.141918	2.606061	2.356187	18.003888	2.641604	2.388970	5.410600	-5.525510	25.000000
18.141918	2.606061	2.356187	18.177459	2.647103	2.356194	5.410600	-4.427810	25.000000
18.141882	2.606064	2.356194	18.158744	2.615145	2.379446	5.410600	-3.956440	25.000000
18.141810	2.606071	2.356210	18.093922	2.599520	2.341044	6.195130	-19.647100	25.000000
18.141810	2.606071	2.356210	18.063776	2.602298	2.302810	6.195130	-18.078000	25.000000
18.141810	2.606071	2.356210	18.133395	2.595916	2.318618	6.195130	-16.980300	25.000000
18.141810	2.606071	2.356210	18.285240	2.582390	2.224606	6.195130	-16.509000	25.000000
18.141810	2.606071	2.356210	17.960234	2.601089	2.194819	6.195130	-15.411300	25.000000
18.141810	2.606071	2.356210	18.512158	1.838680	3.575174	6.195130	-14.939900	25.000000
18.141810	2.606071	2.356210	16.576489	2.746586	2.984176	6.195130	-13.842200	25.000000
18.141810	2.606071	2.356210	17.565022	1.433732	3.530637	6.195130	-13.370800	25.000000
18.141810	2.606071	2.356210	18.649665	1.209065	3.592420	6.195130	-12.273100	25.000000
18.141810	2.606071	2.356210	18.738997	1.075894	2.989404	6.195130	-11.801800	25.000000
18.141810	2.606071	2.356210	17.578965	1.179770	2.880198	6.195130	-10.704100	25.000000
18.141882	2.606064	2.356194	17.492284	1.232824	2.669815	6.195130	-10.232700	25.000000
18.141882	2.606064	2.356194	18.721645	1.227589	2.644962	6.195130	-9.135000	25.000000
18.141882	2.606064	2.356194	20.686297	1.851462	2.115530	6.195130	-8.663640	25.000000
18.141882	2.606064	2.356194	15.008544	1.576127	2.531413	6.195130	-7.565940	25.000000
18.141882	2.606064	2.356194	18.638938	2.562496	2.224101	6.195130	-7.094570	25.000000
18.141882	2.606064	2.356194	17.639444	2.620698	2.404544	6.195130	-5.996870	25.000000
18.141918	2.606061	2.356187	17.961347	2.657794	2.406998	6.195130	-5.525510	25.000000
18.141918	2.606061	2.356187	18.232389	2.653106	2.364459	6.195130	-4.427810	25.000000
18.141882	2.606064	2.356194	18.122638	2.618583	2.371818	6.195130	-3.956440	25.000000
18.141882	2.606064	2.356194	18.122638	2.618583	2.371818	6.195130	-2.858740	25.000000
18.141846	2.606067	2.356217	18.093922	2.599520	2.341044	6.979670	-19.647100	25.000000
18.141846	2.606067	2.356217	18.058239	2.602810	2.333298	6.979670	-18.549400	25.000000
18.141846	2.606067	2.356217	18.102210	2.598760	2.295662	6.979670	-18.078000	25.000000
18.141846	2.606067	2.356217	18.220318	2.588109	2.274893	6.979670	-16.980300	25.000000
18.141846	2.606067	2.356217	17.796910	2.605478	2.262718	6.979670	-16.509000	25.000000
18.141846	2.606067	2.356217	18.560442	2.610094	2.333642	6.979670	-15.411300	25.000000
18.141846	2.606067	2.356217	18.404619	1.657841	3.744723	6.979670	-14.939900	25.000000
18.141846	2.606067	2.356217	16.202469	2.639152	3.115957	6.979670	-13.842200	25.000000
18.141846	2.606067	2.356217	17.418381	1.255585	3.789925	6.979670	-13.370800	25.000000
18.141846	2.606067	2.356217	18.907670	1.044376	3.550500	6.979670	-12.273100	25.000000
18.141846	2.606067	2.356217	18.000011	0.661798	2.821557	6.979670	-11.801800	25.000000
18.141846	2.606067	2.356217	18.203761	0.701959	3.045310	6.979670	-10.704100	25.000000
18.141918	2.606061	2.356202	17.989719	0.833071	2.409336	6.979670	-10.232700	25.000000
18.141918	2.606061	2.356202	18.280864	0.723614	2.473303	6.979670	-9.135000	25.000000
18.141918	2.606061	2.356202	14.103546	1.563706	2.476818	6.979670	-8.663640	25.000000
18.141918	2.606061	2.356202	21.325046	1.418272	2.070522	6.979670	-7.565940	25.000000
18.141918	2.606061	2.356202	20.252901	2.412189	2.107404	6.979670	-7.094570	25.000000
18.141918	2.606061	2.356202	15.698408	2.440920	2.624898	6.979670	-5.996870	25.000000
18.141954	2.606057	2.356194	17.996111	2.654130	2.414950	6.979670	-5.525510	25.000000
18.141954	2.606057	2.356194	18.219221	2.678465	2.399645	6.979670	-4.427810	25.000000
18.141918	2.606061	2.356202	18.174983	2.624635	2.379812	6.979670	-3.956440	25.000000
18.141918	2.606061	2.356202	18.124293	2.618425	2.387434	6.979670	-2.858740	25.000000
18.141810	2.606071	2.356210	18.131189	2.596117	2.333642	7.764200	-18.549400	25.000000
18.141810	2.606071	2.356210	17.938785	2.581726	2.252095	7.764200	-18.078000	25.000000
18.141810	2.606071	2.356210	18.294808	2.581555	2.276074	7.764200	-16.980300	25.000000
18.141810	2.606071	2.356210	18.981307	2.465006	2.469480	7.764200	-16.509000	25.000000
18.141810	2.606071	2.356210	17.299711	2.643776	3.020241	7.764200	-15.411300	25.000000
18.141810	2.606071	2.356210	18.722713	1.501306	3.232737	7.764200	-14.939900	25.000000
18.141810	2.606071	2.356210	17.016169	2.093847	3.772883	7.764200	-13.842200	25.000000
18.141810	2.606071	2.356210	17.114614	1.077786	3.631940	7.764200	-13.370800	25.000000
18.141810	2.606071	2.356210	19.184108	0.833307	3.347275	7.764200	-12.273100	25.000000
18.141810	2.606071	2.356210	19.294818	0.574243	2.484734	7.764200	-11.801800	25.000000
18.141810	2.606071	2.356210	16.932218	0.414259	2.750188	7.764200	-10.704100	25.000000
18.141882	2.606064	2.356194	17.491141	0.456508	2.328679	7.764200	-10.232700	25.000000
18.141882	2.606064	2.356194	18.786697	0.581394	2.156111	7.764200	-9.135000	25.000000
18.141882	2.606064	2.356194	15.342425	1.060036	2.472686	7.764200	-8.663640	25.000000
18.141882	2.606064	2.356194	20.462893	1.252698	2.087390	7.764200	-7.565940	25.000000
18.141882	2.606064	2.356194	20.657686	2.449151	2.112516	7.764200	-7.094570	25.000000
18.141882	2.606064	2.356194	14.752627	1.789445	2.484204	7.764200	-5.996870	25.000000
18.141918	2.606061	2.356187	18.088947	2.656256	2.431681	7.764200	-5.525510	25.000000
18.141918	2.606061	2.356187	18.256232	2.674421	2.425051	7.764200	-4.427810	25.000000
18.141882	2.606064	2.356194	18.209338	2.621326	2.371818	7.764200	-3.956440	25.000000
18.141882	2.606064	2.356194	18.054085	2.625207	2.387930	7.764200	-2.858740	25.000000
18.141810	2.606071	2.356210	18.095580	2.599368	2.325901	8.548730	-19.647100	25.000000
18.141810	2.606071	2.356210	18.131189	2.596117	2.333642	8.548730	-18.549400	25.000000
18.141810	2.606071	2.356210	18.125672	2.575693	2.276074	8.548730	-18.078000	25.000000
18.141810	2.606071	2.356210	18.174708	2.561345	2.242402	8.548730	-16.980300	25.000000
18.141810	2.606071	2.356210	19.621672	2.254869	3.903739	8.548730	-16.509000	25.000000
18.141810	2.606071	2.356210	16.190738	2.387381	2.876923	8.548730	-15.411300	25.000000
18.141810	2.606071	2.356210	18.481071	1.489543	4.183142	8.548730	-14.939900	25.000000
18.141810	2.606071	2.356210	17.519418	1.017927	3.653251	8.548730	-13.842200	25.000000
18.141810	2.606071	2.356210	18.529436	0.472408	3.732885	8.548730	-13.370800	25.000000
18.141810	2.606071	2.356210	17.769637	0.565844	3.822891	8.548730	-12.273100	25.000000
18.141810	2.606071	2.356210	18.999474	0.450970	2.398904	8.548730	-11.801800	25.000000
18.141810	2.606071	2.356210	17.253405	0.561965	2.371578	8.548730	-10.704100	25.000000
18.141882	2.606064	2.356194	17.974704	0.541843	2.394344	8.548730	-10.232700	25.000000
18.141882	2.606064	2.356194	18.267457	0.514782	2.411257	8.548730	-9.135000	25.000000
18.141882	2.606064	2.356194	16.079179	1.035639	2.076490	8.548730	-8.663640	25.000000
18.141882	2.606064	2.356194	20.002500	0.829946	2.019294	8.548730	-7.565940	25.000000
18.141882	2.606064	2.356194	12.753823	1.437105	2.215880	8.548730	-7.094570	25.000000
18.141882	2.606064	2.356194	21.626373	2.198448	1.988441	8.548730	-5.996870	25.000000
18.141918	2.606061	2.356187	18.191207	2.645703	2.437979	8.548730	-5.525510	25.000000
18.141918	2.606061	2.356187	18.124569	2.652543	2.439336	8.548730	-4.427810	25.000000
18.141882	2.606064	2.356194	18.001389	2.619144	2.379812	8.548730	-3.956440	25.000000
18.141882	2.606064	2.356194	18.209338	2.621326	2.371818	8.548730	-2.858740	25.000000
18.141846	2.606067	2.356217	18.168930	2.592704	2.326353	9.333270	-19.647100	25.000000
18.141846	2.606067	2.356217	18.045775	2.593242	2.333642	9.333270	-18.549400	25.000000
18.141846	2.606067	2.356217	18.082588	2.569163	2.269456	9.333270	-18.078000	25.000000
18.141846	2.606067	2.356217	18.125672	2.555435	2.250210	9.333270	-16.980300	25.000000
18.141846	2.606067	2.356217	23.278101	2.358621	4.278705	9.333270	-16.509000	25.000000
18.141846	2.606067	2.356217	9.144397	1.870527	4.130735	9.333270	-15.411300	25.000000
18.141846	2.606067	2.356217	21.522445	0.996054	4.796909	9.333270	-14.939900	25.000000
18.141846	2.606067	2.356217	14.024739	1.213884	4.633469	9.333270	-13.842200	25.000000
18.141846	2.606067	2.356217	17.445011	0.489062	4.931323	9.333270	-13.370800	25.000000
18.141846	2.606067	2.356217	18.882171	0.340199	4.725087	9.333270	-12.273100	25.000000
18.141846	2.606067	2.356217	19.548913	0.344546	2.184004	9.333270	-11.801800	25.000000
18.141846	2.606067	2.356217	16.562005	0.437798	2.837858	9.333270	-10.704100	25.000000
18.141918	2.606061	2.356202	18.754733	0.652668	2.325149	9.333270	-10.232700	25.000000
18.141918	2.606061	2.356202	17.533112	0.533116	2.340323	9.333270	-9.135000	25.000000
18.141918	2.606061	2.356202	18.477944	0.827821	1.784045	9.333270	-8.663640	25.000000
18.141918	2.606061	2.356202	17.771899	1.116428	1.663611	9.333270	-7.565940	25.000000
18.141918	2.606061	2.356202	21.682712	2.190886	1.899715	9.333270	-7.094570	25.000000
18.141918	2.606061	2.356202	12.472770	1.385333	1.668842	9.333270	-5.996870	25.000000
18.141954	2.606057	2.356194	18.191207	2.645703	2.437979	9.333270	-5.525510	25.000000
18.141954	2.606057	2.356194	18.103315	2.643075	2.437979	9.333270	-4.427810	25.000000
18.141918	2.606061	2.356202	18.210986	2.621168	2.387434	9.333270	-3.956440	25.000000
18.141918	2.606061	2.356202	18.088118	2.621903	2.379812	9.333270	-2.858740	25.000000
18.141810	2.606071	2.356210	18.083694	2.589819	2.326353	10.117800	-19.647100	25.000000
18.141810	2.606071	2.356210	18.204944	2.589477	2.333976	10.117800	-18.549400	25.000000
18.141810	2.606071	2.356210	17.986106	2.557073	2.284887	10.117800	-18.078000	25.000000
18.141810	2.606071	2.356210	18.272657	2.553218	2.279423	10.117800	-16.980300	25.000000
18.141810	2.606071	2.356210	19.999022	2.117677	4.950552	10.117800	-16.509000	25.000000
18.141810	2.606071	2.356210	14.181781	2.909032	3.295172	10.117800	-15.411300	25.000000
18.141810	2.606071	2.356210	21.717553	1.319989	5.133509	10.117800	-14.939900	25.000000
18.141810	2.606071	2.356210	13.583376	1.577422	5.466547	10.117800	-13.842200	25.000000
18.141810	2.606071	2.356210	17.741477	0.661435	5.458846	10.117800	-13.370800	25.000000
18.141810	2.606071	2.356210	18.488375	0.752198	4.783696	10.117800	-12.273100	25.000000
18.141810	2.606071	2.356210	17.316928	0.044220	2.795054	10.117800	-11.801800	25.000000
18.141810	2.606071	2.356210	18.899008	0.145249	1.677013	10.117800	-10.704100	25.000000
18.141882	2.606064	2.356194	17.478184	0.539019	1.697087	10.117800	-10.232700	25.000000
18.141882	2.606064	2.356194	18.784198	0.463778	1.727336	10.117800	-9.135000	25.000000
18.141882	2.606064	2.356194	14.570698	1.321140	1.440889	10.117800	-8.663640	25.000000
18.141882	2.606064	2.356194	21.110266	1.125118	1.641939	10.117800	-7.565940	25.000000
18.141882	2.606064	2.356194	23.405478	2.211988	1.836207	10.117800	-7.094570	25.000000
18.141882	2.606064	2.356194	8.834614	1.965841	1.320464	10.117800	-5.996870	25.000000
18.141918	2.606061	2.356187	18.234308	2.641351	2.461495	10.117800	-5.525510	25.000000
18.141918	2.606061	2.356187	18.079270	2.645523	2.463222	10.117800	-4.427810	25.000000
18.141882	2.606064	2.356194	18.072355	2.612364	2.379446	10.117800	-3.956440	25.000000
18.141882	2.606064	2.356194	18.210986	2.621168	2.387434	10.117800	-2.858740	25.000000
18.141737	2.606077	2.356194	18.204944	2.589477	2.333976	10.902300	-19.647100	25.000000
18.141737	2.606077	2.356194	18.082035	2.589968	2.341270	10.902300	-18.549400	25.000000
18.141737	2.606077	2.356194	17.939342	2.550939	2.292451	10.902300	-18.078000	25.000000
18.141737	2.606077	2.356194	18.311472	2.540326	2.274187	10.902300	-16.980300	25.000000
18.141737	2.606077	2.356194	16.565413	2.764252	2.475807	10.902300	-16.509000	25.000000
18.141737	2.606077	2.356194	18.730726	2.594829	5.402526	10.902300	-15.411300	25.000000
18.141737	2.606077	2.356194	18.646716	2.215100	4.678845	10.902300	-14.939900	25.000000
18.141737	2.606077	2.356194	15.628180	1.364580	5.442289	10.902300	-13.842200	25.000000
18.141737	2.606077	2.356194	16.390851	0.843296	5.010888	10.902300	-13.370800	25.000000
18.141737	2.606077	2.356194	19.810603	0.793094	4.955649	10.902300	-12.273100	25.000000
18.141737	2.606077	2.356194	16.957326	0.459289	0.334791	10.902300	-11.801800	25.000000
18.141737	2.606077	2.356194	19.234615	0.345188	0.309118	10.902300	-10.704100	25.000000
18.141810	2.606071	2.356179	17.035551	0.595834	0.918927	10.902300	-10.232700	25.000000
18.141810	2.606071	2.356179	19.164812	0.688423	0.978238	10.902300	-9.135000	25.000000
18.141810	2.606071	2.356179	21.924849	1.270282	1.507246	10.902300	-8.663640	25.000000
18.141810	2.606071	2.356179	13.118906	1.623416	1.560110	10.902300	-7.565940	25.000000
18.141810	2.606071	2.356179	12.707183	2.684027	1.906630	10.902300	-7.094570	25.000000
18.141810	2.606071	2.356179	22.129989	2.261584	1.802693	10.902300	-5.996870	25.000000
18.141846	2.606067	2.356172	18.052424	2.636705	2.445388	10.902300	-5.525510	25.000000
18.141846	2.606067	2.356172	18.348297	2.630101	2.482503	10.902300	-4.427810	25.000000
18.141810	2.606071	2.356179	18.158744	2.615145	2.379446	10.902300	-3.956440	25.000000
18.141810	2.606071	2.356179	18.072355	2.612364	2.379446	10.902300	-2.858740	25.000000
18.142098	2.606044	2.356271	18.119879	2.586583	2.333976	11.686900	-19.647100	25.000000
18.142098	2.606044	2.356271	18.082035	2.589968	2.341270	11.686900	-18.549400	25.000000
18.142098	2.606044	2.356271	17.931536	2.551588	2.320748	11.686900	-18.078000	25.000000
18.142098	2.606044	2.356271	18.305464	2.540804	2.287808	11.686900	-16.980300	25.000000
18.142098	2.606044	2.356271	17.456804	2.939062	3.490364	11.686900	-16.509000	25.000000
18.142098	2.606044	2.356271	18.719776	2.672778	1.997424	11.686900	-15.411300	25.000000
18.142098	2.606044	2.356271	3.725440	2.343263	5.774267	11.686900	-14.939900	25.000000
18.142098	2.606044	2.356271	22.350054	2.039691	4.557795	11.686900	-13.842200	25.000000
18.142098	2.606044	2.356271	17.921216	0.909934	5.321957	11.686900	-13.370800	25.000000
18.142098	2.606044	2.356271	18.352929	0.879547	5.357305	11.686900	-12.273100	25.000000
18.142098	2.606044	2.356271	18.521879	0.722033	0.298499	11.686900	-11.801800	25.000000
18.142098	2.606044	2.356271	17.757534	0.972614	0.436215	11.686900	-10.704100	25.000000
18.142170	2.606037	2.356256	17.914519	0.881032	0.718830	11.686900	-10.232700	25.000000
18.142170	2.606037	2.356256	18.405706	0.963712	0.451814	11.686900	-9.135000	25.000000
18.142170	2.606037	2.356256	23.218400	1.544366	1.473271	11.686900	-8.663640	25.000000
18.142170	2.606037	2.356256	10.508040	1.628622	1.379944	11.686900	-7.565940	25.000000
18.142170	2.606037	2.356256	16.748134	2.617479	2.195207	11.686900	-7.094570	25.000000
18.142170	2.606037	2.356256	19.356911	2.525679	2.235761	11.686900	-5.996870	25.000000
18.142207	2.606034	2.356248	18.065713	2.624074	2.435394	11.686900	-5.525510	25.000000
18.142207	2.606034	2.356248	18.196978	2.622513	2.458201	11.686900	-4.427810	25.000000
18.142170	2.606037	2.356256	18.158744	2.615145	2.379446	11.686900	-2.858740	25.000000
18.141737	2.606077	2.356194	18.130085	2.596217	2.348676	12.471400	-19.647100	25.000000
18.141737	2.606077	2.356194	18.082035	2.589968	2.341270	12.471400	-18.549400	25.000000
18.141737	2.606077	2.356194	18.268552	2.563497	2.306590	12.471400	-18.078000	25.000000
18.141737	2.606077	2.356194	17.925680	2.542116	2.335219	12.471400	-16.980300	25.000000
18.141737	2.606077	2.356194	19.078260	2.659065	2.300253	12.471400	-16.509000	25.000000
18.141737	2.606077	2.356194	17.163624	2.599174	2.500349	12.471400	-15.411300	25.000000
18.141737	2.606077	2.356194	11.265527	2.196735	6.217419	12.471400	-14.939900	25.000000
18.141737	2.606077	2.356194	20.327196	2.337343	4.466085	12.471400	-13.842200	25.000000
18.141737	2.606077	2.356194	18.301366	1.411667	5.836863	12.471400	-13.370800	25.000000
18.141737	2.606077	2.356194	17.890221	1.287541	5.895112	12.471400	-12.273100	25.000000
18.141737	2.606077	2.356194	17.979433	1.283190	0.294235	12.471400	-11.801800	25.000000
18.141737	2.606077	2.356194	18.392118	1.467307	0.446534	12.471400	-10.704100	25.000000
18.141810	2.606071	2.356179	17.260649	1.301034	0.460959	12.471400	-10.232700	25.000000
18.141810	2.606071	2.356179	18.998158	1.358662	0.289394	12.471400	-9.135000	25.000000
18.141810	2.606071	2.356179	13.521834	1.704311	0.912371	12.471400	-8.663640	25.000000
18.141810	2.606071	2.356179	21.130310	2.140651	1.672143	12.471400	-7.565940	25.000000
18.141810	2.606071	2.356179	18.173882	2.602889	2.470202	12.471400	-7.094570	25.000000
18.141810	2.606071	2.356179	18.040233	2.615417	2.489262	12.471400	-5.996870	25.000000
18.141846	2.606067	2.356172	18.201923	2.611077	2.417655	12.471400	-5.525510	25.000000
18.141846	2.606067	2.356172	17.973870	2.621809	2.419601	12.471400	-4.427810	25.000000
18.141737	2.606077	2.356194	18.130085	2.596217	2.348676	13.255900	-19.647100	25.000000
18.141737	2.606077	2.356194	18.118775	2.586681	2.348787	13.255900	-18.549400	25.000000
18.141737	2.606077	2.356194	18.062669	2.570877	2.356194	13.255900	-18.078000	25.000000
18.141737	2.606077	2.356194	18.219221	2.557629	2.328033	13.255900	-16.980300	25.000000
18.141737	2.606077	2.356194	18.290435	2.532383	2.342682	13.255900	-16.509000	25.000000
18.141737	2.606077	2.356194	18.047437	2.542065	2.370082	13.255900	-15.411300	25.000000
18.141737	2.606077	2.356194	16.988961	2.749547	1.629371	13.255900	-14.939900	25.000000
18.141737	2.606077	2.356194	18.219577	2.557599	5.209432	13.255900	-13.842200	25.000000
18.141737	2.606077	2.356194	17.378848	1.985358	0.029111	13.255900	-13.370800	25.000000
18.141737	2.606077	2.356194	18.891813	2.128607	6.223942	13.255900	-12.273100	25.000000
18.141737	2.606077	2.356194	17.127171	1.998240	0.409104	13.255900	-11.801800	25.000000
18.141737	2.606077	2.356194	19.192707	2.058873	0.336675	13.255900	-10.704100	25.000000
18.141810	2.606071	2.356179	18.054639	1.987041	0.294937	13.255900	-10.232700	25.000000
18.141810	2.606071	2.356179	18.283052	1.993487	0.563049	13.255900	-9.135000	25.000000
18.141810	2.606071	2.356179	20.486669	2.227050	1.443537	13.255900	-8.663640	25.000000
18.141810	2.606071	2.356179	14.906495	2.811143	2.362042	13.255900	-7.565940	25.000000
18.141810	2.606071	2.356179	18.020544	2.617301	2.513611	13.255900	-7.094570	25.000000
18.141810	2.606071	2.356179	18.287154	2.592614	2.475035	13.255900	-5.996870	25.000000
18.141846	2.606067	2.356172	18.124293	2.618425	2.387434	13.255900	-5.525510	25.000000
18.141846	2.606067	2.356172	18.149656	2.605127	2.409579	13.255900	-4.427810	25.000000
18.142098	2.606044	2.356271	18.130085	2.596217	2.348676	14.040500	-19.647100	25.000000
18.142098	2.606044	2.356271	18.044667	2.593342	2.348676	14.040500	-18.549400	25.000000
18.142098	2.606044	2.356271	18.118775	2.586681	2.348787	14.040500	-18.078000	25.000000
18.142098	2.606044	2.356271	18.101105	2.567578	2.349000	14.040500	-16.980300	25.000000
18.142098	2.606044	2.356271	18.250753	2.516528	2.336330	14.040500	-16.509000	25.000000
18.142098	2.606044	2.356271	17.964966	2.538924	2.370082	14.040500	-15.411300	25.000000
18.142098	2.606044	2.356271	17.101462	2.764516	2.784681	14.040500	-14.939900	25.000000
18.142098	2.606044	2.356271	19.200521	2.669461	1.801887	14.040500	-13.842200	25.000000
18.142098	2.606044	2.356271	18.440174	2.804112	1.019141	14.040500	-13.370800	25.000000
18.142098	2.606044	2.356271	17.862531	2.720211	1.039766	14.040500	-12.273100	25.000000
18.142098	2.606044	2.356271	18.897090	2.701944	0.899939	14.040500	-11.801800	25.000000
18.142098	2.606044	2.356271	17.392240	2.753679	1.229817	14.040500	-10.704100	25.000000
18.142170	2.606037	2.356256	18.173082	2.696182	0.873114	14.040500	-10.232700	25.000000
18.142170	2.606037	2.356256	18.037949	2.673793	1.661901	14.040500	-9.135000	25.000000
18.142170	2.606037	2.356256	17.692371	2.662445	2.434296	14.040500	-8.663640	25.000000
18.142170	2.606037	2.356256	18.560711	2.568974	2.299916	14.040500	-7.565940	25.000000
18.142170	2.606037	2.356256	18.133946	2.606586	2.463473	14.040500	-7.094570	25.000000
18.142170	2.606037	2.356256	18.192856	2.601147	2.431808	14.040500	-5.996870	25.000000
18.142207	2.606034	2.356248	18.158744	2.615145	2.379446	14.040500	-5.525510	25.000000
18.142207	2.606034	2.356248	18.181309	2.602206	2.386488	14.040500	-4.427810	25.000000
18.141737	2.606077	2.356194	18.166728	2.592902	2.356194	14.825000	-18.549400	25.000000
18.141737	2.606077	2.356194	18.118775	2.586681	2.348787	14.825000	-18.078000	25.000000
18.141737	2.606077	2.356194	18.071248	2.580452	2.356194	14.825000	-16.980300	25.000000
18.141737	2.606077	2.356194	18.140011	2.564270	2.341910	14.825000	-16.509000	25.000000
18.141737	2.606077	2.356194	18.049100	2.541930	2.383965	14.825000	-15.411300	25.000000
18.141737	2.606077	2.356194	18.131189	2.525726	2.396713	14.825000	-14.939900	25.000000
18.141737	2.606077	2.356194	18.170581	2.522669	2.389739	14.825000	-13.842200	25.000000
18.141737	2.606077	2.356194	18.096685	2.547901	2.405106	14.825000	-13.370800	25.000000
18.141737	2.606077	2.356194	18.132016	2.535273	2.397267	14.825000	-12.273100	25.000000
18.141737	2.606077	2.356194	18.356743	2.566108	2.419938	14.825000	-11.801800	25.000000
18.141737	2.606077	2.356194	18.023596	2.564020	2.485897	14.825000	-10.704100	25.000000
18.141810	2.606071	2.356179	18.224709	2.567195	2.477892	14.825000	-10.232700	25.000000
18.141810	2.606071	2.356179	18.034966	2.594224	2.461860	14.825000	-9.135000	25.000000
18.141810	2.606071	2.356179	18.260613	2.584548	2.444202	14.825000	-8.663640	25.000000
18.141810	2.606071	2.356179	18.063222	2.591663	2.506566	14.825000	-7.565940	25.000000
18.141810	2.606071	2.356179	18.111875	2.608645	2.402316	14.825000	-7.094570	25.000000
18.141810	2.606071	2.356179	18.222239	2.598466	2.408778	14.825000	-5.996870	25.000000
18.141737	2.606077	2.356194	18.166728	2.592902	2.356194	15.609500	-18.078000	25.000000
18.141737	2.606077	2.356194	18.203846	2.589575	2.348787	15.609500	-16.980300	25.000000
18.141737	2.606077	2.356194	18.223885	2.567265	2.370479	15.609500	-16.509000	25.000000
18.141737	2.606077	2.356194	18.155991	2.583383	2.356194	15.609500	-15.411300	25.000000
18.141737	2.606077	2.356194	18.135876	2.554589	2.384356	15.609500	-14.939900	25.000000
18.141737	2.606077	2.356194	18.138357	2.544505	2.411693	15.609500	-13.842200	25.000000
18.141737	2.606077	2.356194	18.154063	2.533524	2.451793	15.609500	-13.370800	25.000000
18.141737	2.606077	2.356194	18.184059	2.531158	2.430885	15.609500	-12.273100	25.000000
18.141737	2.606077	2.356194	18.129810	2.545199	2.474520	15.609500	-11.801800	25.000000
18.141737	2.606077	2.356194	18.156542	2.543034	2.453112	15.609500	-10.704100	25.000000
18.141810	2.606071	2.356179	18.057132	2.561177	2.477892	15.609500	-10.232700	25.000000
18.141810	2.606071	2.356179	18.125672	2.575693	2.436315	15.609500	-9.135000	25.000000
18.141810	2.606071	2.356179	18.068204	2.601888	2.424789	15.609500	-8.663640	25.000000
18.141810	2.606071	2.356179	18.129810	2.585700	2.422763	15.609500	-7.565940	25.000000
18.141810	2.606071	2.356179	18.181309	2.602206	2.386488	15.609500	-7.094570	25.000000
18.141810	2.606071	2.356179	18.144145	2.605638	2.379091	15.609500	-5.996870	25.000000
18.142098	2.606044	2.356271	18.166728	2.592902	2.356194	16.394100	-18.078000	25.000000
18.142098	2.606044	2.356271	18.167278	2.592852	2.371119	16.394100	-16.509000	25.000000
18.142098	2.606044	2.356271	18.203846	2.589575	2.363602	16.394100	-15.411300	25.000000
18.142098	2.606044	2.356271	18.073461	2.580257	2.385598	16.394100	-14.939900	25.000000
18.142098	2.606044	2.356271	18.231840	2.576756	2.370686	16.394100	-13.842200	25.000000
18.142098	2.606044	2.356271	18.191756	2.570000	2.406512	16.394100	-13.370800	25.000000
18.142098	2.606044	2.356271	18.076227	2.580014	2.400284	16.394100	-12.273100	25.000000
18.142098	2.606044	2.356271	18.155715	2.573093	2.414101	16.394100	-11.801800	25.000000
18.142098	2.606044	2.356271	18.200275	2.579499	2.407245	16.394100	-10.704100	25.000000
18.142170	2.606037	2.356256	18.214829	2.588597	2.422763	16.394100	-10.232700	25.000000
18.142170	2.606037	2.356256	18.207141	2.589282	2.393215	16.394100	-9.135000	25.000000
18.142170	2.606037	2.356256	18.146349	2.605433	2.394344	16.394100	-8.663640	25.000000
18.142170	2.606037	2.356256	18.216751	2.598965	2.378747	16.394100	-7.565940	25.000000
18.142170	2.606037	2.356256	18.093922	2.599520	2.371345	16.394100	-7.094570	25.000000
18.142170	2.606037	2.356256	18.144145	2.605638	2.379091	16.394100	-5.996870	25.000000
18.141737	2.606077	2.356194	18.130085	2.596217	2.363713	17.178600	-16.980300	25.000000
18.141737	2.606077	2.356194	18.166728	2.592902	2.356194	17.178600	-16.509000	25.000000
18.141737	2.606077	2.356194	18.131189	2.596117	2.378747	17.178600	-14.939900	25.000000
18.141737	2.606077	2.356194	18.118775	2.586681	2.363602	17.178600	-13.842200	25.000000
18.141737	2.606077	2.356194	18.167278	2.592852	2.371119	17.178600	-13.370800	25.000000
18.141737	2.606077	2.356194	18.204944	2.589477	2.378413	17.178600	-12.273100	25.000000
18.141737	2.606077	2.356194	18.045775	2.593242	2.378747	17.178600	-11.801800	25.000000
18.141737	2.606077	2.356194	18.168930	2.592704	2.386036	17.178600	-10.704100	25.000000
18.141810	2.606071	2.356179	18.181309	2.602206	2.386488	17.178600	-10.232700	25.000000
18.141810	2.606071	2.356179	18.216751	2.598965	2.378747	17.178600	-9.135000	25.000000
18.141810	2.606071	2.356179	18.093922	2.599520	2.371345	17.178600	-8.663640	25.000000
18.141737	2.606077	2.356194	18.130085	2.596217	2.363713	17.963100	-14.939900	25.000000
18.141737	2.606077	2.356194	18.216751	2.598965	2.378747	17.963100	-13.370800	25.000000
18.141737	2.606077	2.356194	18.130085	2.596217	2.363713	17.963100	-12.273100	25.000000
18.141737	2.606077	2.356194	18.093922	2.599520	2.371345	17.963100	-10.704100	25.000000
18.141810	2.606071	2.356179	18.093922	2.599520	2.371345	17.963100	-9.135000	25.000000
