16.743206	1.960630	3.141593	16.754701	1.975688	3.141526	33.952800	0.606929	25.000000
16.742281	1.960653	3.141593	16.715647	1.970187	3.138119	34.782000	-4.368530	25.000000
16.742281	1.960653	3.141593	16.715639	1.970187	3.138281	34.782000	-3.807740	25.000000
16.742281	1.960653	3.141593	16.754731	1.975687	3.139515	34.782000	-2.149260	25.000000
16.742281	1.960653	3.141593	16.754701	1.975688	3.141510	34.782000	-0.490771	25.000000
16.742281	1.960653	3.141593	16.754701	1.975688	3.141517	34.782000	0.606929	25.000000
16.742281	1.960653	3.141593	16.754743	1.975687	3.144041	34.782000	2.265410	25.000000
16.743206	1.960630	3.141593	16.715652	1.970187	3.138021	35.611300	-5.466230	25.000000
16.743206	1.960630	3.141593	16.754916	1.975683	3.136073	35.611300	-2.710040	25.000000
16.743206	1.960630	3.141593	16.754788	1.975686	3.138086	35.611300	-2.149260	25.000000
16.743206	1.960630	3.141593	16.754744	1.975687	3.139125	35.611300	-1.051560	25.000000
16.743206	1.960630	3.141593	16.662833	1.978052	3.141501	35.611300	-0.490771	25.000000
16.743206	1.960630	3.141593	16.754701	1.975688	3.141508	35.611300	0.606929	25.000000
16.743206	1.960630	3.141593	16.702763	1.983548	3.144730	35.611300	1.167710	25.000000
16.743206	1.960630	3.141593	16.754742	1.975687	3.143995	35.611300	2.265410	25.000000
16.743206	1.960630	3.141593	16.715655	1.970187	3.145229	35.611300	3.923900	25.000000
16.743206	1.960630	3.141593	16.715692	1.970186	3.137307	36.440500	-5.466230	25.000000
16.743206	1.960630	3.141593	16.715725	1.970185	3.136787	36.440500	-4.368530	25.000000
16.743206	1.960630	3.141593	16.754911	1.975683	3.136138	36.440500	-3.807740	25.000000
16.743206	1.960630	3.141593	16.754733	1.975687	3.139450	36.440500	-2.149260	25.000000
16.743206	1.960630	3.141593	16.702921	1.983544	3.135906	36.440500	-1.051560	25.000000
16.743206	1.960630	3.141593	16.794344	1.981161	3.141497	36.440500	-0.490771	25.000000
16.743206	1.960630	3.141593	16.794344	1.981161	3.141502	36.440500	0.606929	25.000000
16.743206	1.960630	3.141593	16.754901	1.975683	3.146917	36.440500	1.167710	25.000000
16.743206	1.960630	3.141593	16.794371	1.981160	3.143541	36.440500	2.265410	25.000000
16.743206	1.960630	3.141593	16.754785	1.975686	3.145034	36.440500	2.826200	25.000000
16.743206	1.960630	3.141593	16.755042	1.975679	3.148541	36.440500	3.923900	25.000000
16.743206	1.960630	3.141593	16.715739	1.970185	3.146593	36.440500	4.484690	25.000000
16.743206	1.960630	3.141593	16.715680	1.970186	3.145684	36.440500	5.582390	25.000000
16.743206	1.960630	3.141593	16.715992	1.970178	3.133801	37.269800	-5.466230	25.000000
16.743206	1.960630	3.141593	16.715649	1.970187	3.138086	37.269800	-4.368530	25.000000
16.743206	1.960630	3.141593	16.662948	1.978049	3.137540	37.269800	-3.807740	25.000000
16.743206	1.960630	3.141593	16.755372	1.975671	3.131853	37.269800	-2.710040	25.000000
16.743206	1.960630	3.141593	16.834585	1.986606	3.137891	37.269800	-2.149260	25.000000
16.743206	1.960630	3.141593	16.743363	1.989013	3.134991	37.269800	-1.051560	25.000000
16.743206	1.960630	3.141593	16.743058	1.989021	3.141500	37.269800	-0.490771	25.000000
16.743206	1.960630	3.141593	16.743058	1.989021	3.141501	37.269800	0.606929	25.000000
16.743206	1.960630	3.141593	16.703083	1.983539	3.149043	37.269800	1.167710	25.000000
16.743206	1.960630	3.141593	16.743097	1.989020	3.143946	37.269800	2.265410	25.000000
16.743206	1.960630	3.141593	16.755005	1.975680	3.148151	37.269800	2.826200	25.000000
16.743206	1.960630	3.141593	16.755024	1.975680	3.148346	37.269800	3.923900	25.000000
16.743206	1.960630	3.141593	16.715646	1.970187	3.145034	37.269800	4.484690	25.000000
16.743206	1.960630	3.141593	16.716000	1.970178	3.149450	37.269800	5.582390	25.000000
16.743206	1.960630	3.141593	16.715677	1.970186	3.137567	38.099000	-6.027020	25.000000
16.743206	1.960630	3.141593	16.808345	1.967861	3.132367	38.099000	-5.466230	25.000000
16.743206	1.960630	3.141593	16.715734	1.970185	3.136658	38.099000	-4.368530	25.000000
16.743206	1.960630	3.141593	16.744171	1.988991	3.128979	38.099000	-3.807740	25.000000
16.743206	1.960630	3.141593	16.702906	1.983544	3.136103	38.099000	-2.710040	25.000000
16.743206	1.960630	3.141593	16.693112	1.996920	3.135014	38.099000	-2.149260	25.000000
16.743206	1.960630	3.141593	16.743426	1.989011	3.134338	38.099000	-1.051560	25.000000
16.743206	1.960630	3.141593	16.734396	2.002369	3.141511	38.099000	-0.490771	25.000000
16.743206	1.960630	3.141593	16.692813	1.996928	3.141526	38.099000	0.606929	25.000000
16.743206	1.960630	3.141593	16.743127	1.989019	3.144730	38.099000	1.167710	25.000000
16.743206	1.960630	3.141593	16.784627	1.994446	3.151658	38.099000	2.265410	25.000000
16.743206	1.960630	3.141593	16.703012	1.983541	3.148325	38.099000	2.826200	25.000000
16.743206	1.960630	3.141593	16.755503	1.975668	3.152242	38.099000	3.923900	25.000000
16.743206	1.960630	3.141593	16.754851	1.975684	3.146203	38.099000	4.484690	25.000000
16.743206	1.960630	3.141593	16.716226	1.970173	3.151268	38.099000	5.582390	25.000000
16.742281	1.960653	3.141593	16.715773	1.970184	3.136138	38.928200	-7.124720	25.000000
16.742281	1.960653	3.141593	16.755700	1.975663	3.129710	38.928200	-5.466230	25.000000
16.742281	1.960653	3.141593	16.715826	1.970183	3.135489	38.928200	-4.368530	25.000000
16.742281	1.960653	3.141593	16.743311	1.989014	3.135580	38.928200	-3.807740	25.000000
16.742281	1.960653	3.141593	16.745268	1.988962	3.123817	38.928200	-2.710040	25.000000
16.742281	1.960653	3.141593	16.693169	1.996918	3.134422	38.928200	-2.149260	25.000000
16.742281	1.960653	3.141593	16.644559	2.004856	3.129871	38.928200	-1.051560	25.000000
16.742281	1.960653	3.141593	16.819037	2.013171	3.141514	38.928200	-0.490771	25.000000
16.742281	1.960653	3.141593	16.728718	2.015730	3.141634	38.928200	0.606929	25.000000
16.742281	1.960653	3.141593	16.826420	1.999852	3.154402	38.928200	1.167710	25.000000
16.742281	1.960653	3.141593	16.734587	2.002364	3.146856	38.928200	2.265410	25.000000
16.742281	1.960653	3.141593	16.702988	1.983542	3.148063	38.928200	2.826200	25.000000
16.742281	1.960653	3.141593	16.744985	1.988970	3.158192	38.928200	3.923900	25.000000
16.742281	1.960653	3.141593	16.715917	1.970180	3.148670	38.928200	4.484690	25.000000
16.742281	1.960653	3.141593	16.663690	1.978030	3.152638	38.928200	5.582390	25.000000
16.742281	1.960653	3.141593	16.715666	1.970187	3.145424	38.928200	7.240870	25.000000
16.743206	1.960630	3.141593	16.715837	1.970182	3.135359	39.757500	-6.027020	25.000000
16.743206	1.960630	3.141593	16.716318	1.970170	3.131268	39.757500	-5.466230	25.000000
16.743206	1.960630	3.141593	16.795442	1.981133	3.129126	39.757500	-4.368530	25.000000
16.743206	1.960630	3.141593	16.746633	1.988926	3.118982	39.757500	-3.807740	25.000000
16.743206	1.960630	3.141593	16.693408	1.996912	3.132317	39.757500	-2.710040	25.000000
16.743206	1.960630	3.141593	16.682332	2.023712	3.134859	39.757500	-2.149260	25.000000
16.743206	1.960630	3.141593	16.731336	2.015655	3.121993	39.757500	-1.051560	25.000000
16.743206	1.960630	3.141593	16.726028	2.029096	3.141512	39.757500	-0.490771	25.000000
16.743206	1.960630	3.141593	16.726028	2.029096	3.141893	39.757500	0.606929	25.000000
16.743206	1.960630	3.141593	16.772182	2.021106	3.146758	39.757500	1.167710	25.000000
16.743206	1.960630	3.141593	16.731535	2.015649	3.161921	39.757500	2.265410	25.000000
16.743206	1.960630	3.141593	16.745268	1.988962	3.159369	39.757500	2.826200	25.000000
16.743206	1.960630	3.141593	16.826455	1.999851	3.154598	39.757500	3.923900	25.000000
16.743206	1.960630	3.141593	16.703377	1.983532	3.151462	39.757500	4.484690	25.000000
16.743206	1.960630	3.141593	16.755918	1.975657	3.154709	39.757500	5.582390	25.000000
16.743206	1.960630	3.141593	16.715725	1.970185	3.146398	39.757500	6.143170	25.000000
16.743206	1.960630	3.141593	16.808278	1.967862	3.150302	39.757500	7.240870	25.000000
16.742281	1.960653	3.141593	16.808442	1.967858	3.131657	40.586700	-6.027020	25.000000
16.742281	1.960653	3.141593	16.757193	1.975624	3.122829	40.586700	-5.466230	25.000000
16.742281	1.960653	3.141593	16.835258	1.986588	3.131138	40.586700	-4.368530	25.000000
16.742281	1.960653	3.141593	16.740995	2.002188	3.110681	40.586700	-3.807740	25.000000
16.742281	1.960653	3.141593	16.729797	2.015699	3.129011	40.586700	-2.710040	25.000000
16.742281	1.960653	3.141593	16.687109	2.050407	3.117273	40.586700	-2.149260	25.000000
16.742281	1.960653	3.141593	16.816932	2.026431	3.128481	40.586700	-1.051560	25.000000
16.742281	1.960653	3.141593	16.729616	2.055831	3.142045	40.586700	-0.490771	25.000000
16.742281	1.960653	3.141593	16.729615	2.055831	3.141917	40.586700	0.606929	25.000000
16.742281	1.960653	3.141593	16.821330	2.039587	3.171184	40.586700	1.167710	25.000000
16.742281	1.960653	3.141593	16.770832	2.034434	3.148526	40.586700	2.265410	25.000000
16.742281	1.960653	3.141593	16.777142	2.007765	3.151461	40.586700	2.826200	25.000000
16.742281	1.960653	3.141593	16.783626	2.007584	3.173818	40.586700	3.923900	25.000000
16.742281	1.960653	3.141593	16.794855	1.981148	3.150099	40.586700	4.484690	25.000000
16.742281	1.960653	3.141593	16.705817	1.983468	3.162701	40.586700	5.582390	25.000000
16.742281	1.960653	3.141593	16.755024	1.975680	3.148346	40.586700	6.143170	25.000000
16.743206	1.960630	3.141593	16.716271	1.970171	3.131593	41.416000	-7.124720	25.000000
16.743206	1.960630	3.141593	16.757351	1.975620	3.122244	41.416000	-5.466230	25.000000
16.743206	1.960630	3.141593	16.786340	1.994400	3.122967	41.416000	-4.368530	25.000000
16.743206	1.960630	3.141593	16.778263	2.034213	3.107606	41.416000	-3.807740	25.000000
16.743206	1.960630	3.141593	16.739176	2.002238	3.115283	41.416000	-2.710040	25.000000
16.743206	1.960630	3.141593	16.739665	2.055515	3.102424	41.416000	-2.149260	25.000000
16.743206	1.960630	3.141593	16.746728	2.082482	3.125841	41.416000	-1.051560	25.000000
16.743206	1.960630	3.141593	16.707497	2.090684	3.143082	41.416000	-0.490771	25.000000
16.743206	1.960630	3.141593	16.757388	2.095864	3.142006	41.416000	0.606929	25.000000
16.743206	1.960630	3.141593	16.777056	2.061086	3.151052	41.416000	1.167710	25.000000
16.743206	1.960630	3.141593	16.748898	2.068767	3.186460	41.416000	2.265410	25.000000
16.743206	1.960630	3.141593	16.727749	2.029046	3.157591	41.416000	2.826200	25.000000
16.743206	1.960630	3.141593	16.831209	2.012828	3.183673	41.416000	3.923900	25.000000
16.743206	1.960630	3.141593	16.743891	1.988999	3.152507	41.416000	4.484690	25.000000
16.743206	1.960630	3.141593	16.748350	1.988880	3.169102	41.416000	5.582390	25.000000
16.743206	1.960630	3.141593	16.755277	1.975673	3.150618	41.416000	6.143170	25.000000
16.743206	1.960630	3.141593	16.770210	1.962354	3.152753	41.416000	7.240870	25.000000
16.743206	1.960630	3.141593	16.755918	1.975657	3.128477	42.245200	-7.124720	25.000000
16.743206	1.960630	3.141593	16.716253	1.970172	3.131723	42.245200	-6.027020	25.000000
16.743206	1.960630	3.141593	16.704877	1.983492	3.123947	42.245200	-5.466230	25.000000
16.743206	1.960630	3.141593	16.832412	1.999689	3.109577	42.245200	-4.368530	25.000000
16.743206	1.960630	3.141593	16.737431	2.015481	3.105846	42.245200	-3.807740	25.000000
16.743206	1.960630	3.141593	16.792346	2.060600	3.092308	42.245200	-2.710040	25.000000
16.743206	1.960630	3.141593	16.708752	2.125475	3.119061	42.245200	-2.149260	25.000000
16.743206	1.960630	3.141593	16.777929	2.095155	3.084414	42.245200	-1.051560	25.000000
16.743206	1.960630	3.141593	16.697635	2.147170	3.143878	42.245200	-0.490771	25.000000
16.743206	1.960630	3.141593	16.727532	2.138901	3.142883	42.245200	0.606929	25.000000
16.743206	1.960630	3.141593	16.863834	2.126754	3.199570	42.245200	1.167710	25.000000
16.743206	1.960630	3.141593	16.710742	2.090573	3.164347	42.245200	2.265410	25.000000
16.743206	1.960630	3.141593	16.728506	2.042399	3.159711	42.245200	2.826200	25.000000
16.743206	1.960630	3.141593	16.753853	2.041627	3.205933	42.245200	3.923900	25.000000
16.743206	1.960630	3.141593	16.744925	1.988971	3.157931	42.245200	4.484690	25.000000
16.743206	1.960630	3.141593	16.742473	2.002147	3.175790	42.245200	5.582390	25.000000
16.743206	1.960630	3.141593	16.755175	1.975676	3.149774	42.245200	6.143170	25.000000
16.743206	1.960630	3.141593	16.809701	1.967827	3.158172	42.245200	7.240870	25.000000
16.743206	1.960630	3.141593	16.715804	1.970183	3.135749	43.074500	-7.685500	25.000000
16.743206	1.960630	3.141593	16.663838	1.978026	3.129632	43.074500	-7.124720	25.000000
16.743206	1.960630	3.141593	16.717401	1.970143	3.125490	43.074500	-6.027020	25.000000
16.743206	1.960630	3.141593	16.805059	1.980884	3.102651	43.074500	-5.466230	25.000000
16.743206	1.960630	3.141593	16.690716	2.010185	3.115109	43.074500	-4.368530	25.000000
16.743206	1.960630	3.141593	16.750522	2.089215	3.059022	43.074500	-3.807740	25.000000
16.743206	1.960630	3.141593	16.736380	2.042159	3.102686	43.074500	-2.710040	25.000000
16.743206	1.960630	3.141593	16.706993	2.146806	3.101614	43.074500	-2.149260	25.000000
16.743206	1.960630	3.141593	16.753355	2.137917	3.075731	43.074500	-1.051560	25.000000
16.743206	1.960630	3.141593	16.780052	2.165410	3.142421	43.074500	-0.490771	25.000000
16.743206	1.960630	3.141593	16.727523	2.138901	3.141210	43.074500	0.606929	25.000000
16.743206	1.960630	3.141593	16.706693	2.168383	3.182150	43.074500	1.167710	25.000000
16.743206	1.960630	3.141593	16.812507	2.142736	3.213807	43.074500	2.265410	25.000000
16.743206	1.960630	3.141593	16.715888	2.090397	3.178128	43.074500	2.826200	25.000000
16.743206	1.960630	3.141593	16.727047	2.049166	3.223168	43.074500	3.923900	25.000000
16.743206	1.960630	3.141593	16.740203	2.015402	3.182629	43.074500	4.484690	25.000000
16.743206	1.960630	3.141593	16.697605	1.996798	3.167902	43.074500	5.582390	25.000000
16.743206	1.960630	3.141593	16.757681	1.975612	3.162109	43.074500	6.143170	25.000000
16.743206	1.960630	3.141593	16.755436	1.975669	3.151787	43.074500	7.240870	25.000000
16.743206	1.960630	3.141593	16.809310	1.967837	3.126755	43.903700	-7.124720	25.000000
16.743206	1.960630	3.141593	16.665444	1.977985	3.122314	43.903700	-6.027020	25.000000
16.743206	1.960630	3.141593	16.698350	1.996778	3.113311	43.903700	-5.466230	25.000000
16.743206	1.960630	3.141593	16.752376	2.015056	3.082720	43.903700	-4.368530	25.000000
16.743206	1.960630	3.141593	16.622049	2.066070	3.083439	43.903700	-3.807740	25.000000
16.743206	1.960630	3.141593	16.782133	2.122768	3.029390	43.903700	-2.710040	25.000000
16.743206	1.960630	3.141593	16.630201	2.093347	3.180462	43.903700	-2.149260	25.000000
16.743206	1.960630	3.141593	16.778978	2.047562	3.021231	43.903700	-1.051560	25.000000
16.743206	1.960630	3.141593	16.773430	1.930233	3.127645	43.903700	-0.490771	25.000000
16.743206	1.960630	3.141593	16.693860	1.996900	3.129291	43.903700	0.606929	25.000000
16.743206	1.960630	3.141593	16.777571	2.102066	3.236446	43.903700	1.167710	25.000000
16.743206	1.960630	3.141593	16.643329	2.142133	3.143021	43.903700	2.265410	25.000000
16.743206	1.960630	3.141593	16.646321	2.106706	3.183526	43.903700	2.826200	25.000000
16.743206	1.960630	3.141593	16.823570	2.100460	3.269365	43.903700	3.923900	25.000000
16.743206	1.960630	3.141593	16.794288	1.994187	3.180136	43.903700	4.484690	25.000000
16.743206	1.960630	3.141593	16.743742	2.028575	3.192881	43.903700	5.582390	25.000000
16.743206	1.960630	3.141593	16.718529	1.970114	3.162044	43.903700	6.143170	25.000000
16.743206	1.960630	3.141593	16.704877	1.983492	3.159238	43.903700	7.240870	25.000000
16.743206	1.960630	3.141593	16.716148	1.970175	3.150683	43.903700	7.801660	25.000000
16.743206	1.960630	3.141593	16.808151	1.967865	3.133980	44.733000	-8.783200	25.000000
16.743206	1.960630	3.141593	16.705608	1.983473	3.121203	44.733000	-7.124720	25.000000
16.743206	1.960630	3.141593	16.718839	1.970107	3.120102	44.733000	-6.027020	25.000000
16.743206	1.960630	3.141593	16.818517	2.019775	3.059000	44.733000	-5.466230	25.000000
16.743206	1.960630	3.141593	16.735893	2.015525	3.109154	44.733000	-4.368530	25.000000
16.743206	1.960630	3.141593	16.721020	2.083346	3.041924	44.733000	-3.807740	25.000000
16.743206	1.960630	3.141593	16.745447	2.110139	3.044002	44.733000	-2.710040	25.000000
16.743206	1.960630	3.141593	16.661690	1.819423	2.965633	44.733000	-2.149260	25.000000
16.743206	1.960630	3.141593	16.764498	1.867411	3.312074	44.733000	-1.051560	25.000000
16.743206	1.960630	3.141593	16.765384	1.630478	3.076416	44.733000	-0.490771	25.000000
16.743206	1.960630	3.141593	16.713749	1.608499	3.156562	44.733000	0.606929	25.000000
16.743206	1.960630	3.141593	16.684597	1.881440	3.294778	44.733000	1.167710	25.000000
16.743206	1.960630	3.141593	16.770164	1.981788	2.991159	44.733000	2.265410	25.000000
16.743206	1.960630	3.141593	16.814089	2.149764	3.244089	44.733000	2.826200	25.000000
16.743206	1.960630	3.141593	16.659724	2.099263	3.251636	44.733000	3.923900	25.000000
16.743206	1.960630	3.141593	16.738769	2.015443	3.179984	44.733000	4.484690	25.000000
16.743206	1.960630	3.141593	16.773718	2.041025	3.225956	44.733000	5.582390	25.000000
16.743206	1.960630	3.141593	16.709880	1.983361	3.173608	44.733000	6.143170	25.000000
16.743206	1.960630	3.141593	16.796059	1.981117	3.157176	44.733000	7.240870	25.000000
16.743206	1.960630	3.141593	16.716467	1.970166	3.152891	44.733000	8.899360	25.000000
16.743206	1.960630	3.141593	16.710177	1.983354	3.108925	45.562200	-7.124720	25.000000
16.743206	1.960630	3.141593	16.665185	1.977991	3.123294	45.562200	-6.027020	25.000000
16.743206	1.960630	3.141593	16.814485	2.006728	3.067387	45.562200	-5.466230	25.000000
16.743206	1.960630	3.141593	16.684424	2.057259	3.060141	45.562200	-4.368530	25.000000
16.743206	1.960630	3.141593	16.609398	2.080222	3.134007	45.562200	-3.807740	25.000000
16.743206	1.960630	3.141593	16.945822	1.920125	3.017549	45.562200	-2.710040	25.000000
16.743206	1.960630	3.141593	16.757733	1.662824	3.039539	45.562200	-2.149260	25.000000
16.743206	1.960630	3.141593	16.700386	1.406590	3.287782	45.562200	-1.051560	25.000000
16.743206	1.960630	3.141593	16.697452	1.241473	3.137162	45.562200	-0.490771	25.000000
16.743206	1.960630	3.141593	16.750224	1.317349	3.098410	45.562200	0.606929	25.000000
16.743206	1.960630	3.141593	16.802455	1.784288	3.091026	45.562200	1.167710	25.000000
16.743206	1.960630	3.141593	16.659238	1.443799	3.086497	45.562200	2.265410	25.000000
16.743206	1.960630	3.141593	16.522106	2.083175	3.134648	45.562200	2.826200	25.000000
16.743206	1.960630	3.141593	16.972872	2.008882	3.290483	45.562200	3.923900	25.000000
16.743206	1.960630	3.141593	16.609759	2.052831	3.189854	45.562200	4.484690	25.000000
16.743206	1.960630	3.141593	16.865139	2.044925	3.259831	45.562200	5.582390	25.000000
16.743206	1.960630	3.141593	16.759717	1.975560	3.168210	45.562200	6.143170	25.000000
16.743206	1.960630	3.141593	16.791072	1.994273	3.173608	45.562200	7.240870	25.000000
16.743206	1.960630	3.141593	16.770558	1.962346	3.154753	45.562200	7.801660	25.000000
16.743206	1.960630	3.141593	16.716022	1.970178	3.149644	45.562200	8.899360	25.000000
16.742281	1.960653	3.141593	16.808406	1.967859	3.131916	46.391400	-7.685500	25.000000
16.742281	1.960653	3.141593	16.713830	1.983258	3.101744	46.391400	-7.124720	25.000000
16.742281	1.960653	3.141593	16.666301	1.977962	3.119374	46.391400	-6.027020	25.000000
16.742281	1.960653	3.141593	16.747982	2.028450	3.012780	46.391400	-5.466230	25.000000
16.742281	1.960653	3.141593	16.625285	2.052342	3.072993	46.391400	-4.368530	25.000000
16.742281	1.960653	3.141593	16.633283	1.764389	2.913554	46.391400	-3.807740	25.000000
16.742281	1.960653	3.141593	16.790535	1.835945	3.391601	46.391400	-2.710040	25.000000
16.742281	1.960653	3.141593	16.877574	1.226296	3.037539	46.391400	-2.149260	25.000000
16.742281	1.960653	3.141593	16.734781	1.286114	3.283402	46.391400	-1.051560	25.000000
16.742281	1.960653	3.141593	16.804928	1.067859	3.084512	46.391400	-0.490771	25.000000
16.742281	1.960653	3.141593	16.692398	1.077798	3.166689	46.391400	0.606929	25.000000
16.742281	1.960653	3.141593	16.703655	1.462826	2.983770	46.391400	1.167710	25.000000
16.742281	1.960653	3.141593	16.705212	1.222592	3.123123	46.391400	2.265410	25.000000
16.742281	1.960653	3.141593	16.689165	2.098234	3.011905	46.391400	2.826200	25.000000
16.742281	1.960653	3.141593	16.725011	1.696689	3.247318	46.391400	3.923900	25.000000
16.742281	1.960653	3.141593	16.793558	2.033758	3.271066	46.391400	4.484690	25.000000
16.742281	1.960653	3.141593	16.691004	2.105117	3.236412	46.391400	5.582390	25.000000
16.742281	1.960653	3.141593	16.677953	1.977661	3.187965	46.391400	6.143170	25.000000
16.742281	1.960653	3.141593	16.748078	1.988887	3.168384	46.391400	7.240870	25.000000
16.742281	1.960653	3.141593	16.716199	1.970173	3.151073	46.391400	7.801660	25.000000
16.742281	1.960653	3.141593	16.717199	1.970148	3.156786	46.391400	8.899360	25.000000
16.743206	1.960630	3.141593	16.716893	1.970156	3.127892	47.220700	-8.783200	25.000000
16.743206	1.960630	3.141593	16.718206	1.983143	3.094569	47.220700	-7.124720	25.000000
16.743206	1.960630	3.141593	16.760743	1.975534	3.112380	47.220700	-6.027020	25.000000
16.743206	1.960630	3.141593	16.688802	2.043612	3.053309	47.220700	-5.466230	25.000000
16.743206	1.960630	3.141593	16.822604	2.026266	3.022164	47.220700	-4.368530	25.000000
16.743206	1.960630	3.141593	16.378119	1.362524	3.086648	47.220700	-3.807740	25.000000
16.743206	1.960630	3.141593	16.985169	1.769023	3.462963	47.220700	-2.710040	25.000000
16.743206	1.960630	3.141593	16.651374	1.069639	3.164123	47.220700	-2.149260	25.000000
16.743206	1.960630	3.141593	16.826665	1.141747	3.155709	47.220700	-1.051560	25.000000
16.743206	1.960630	3.141593	16.708193	1.050932	3.130972	47.220700	-0.490771	25.000000
16.743206	1.960630	3.141593	16.688765	1.077681	3.133294	47.220700	0.606929	25.000000
16.743206	1.960630	3.141593	16.778287	1.198704	3.203692	47.220700	1.167710	25.000000
16.743206	1.960630	3.141593	16.730499	1.286040	2.962519	47.220700	2.265410	25.000000
16.743206	1.960630	3.141593	16.649577	1.546769	3.068231	47.220700	2.826200	25.000000
16.743206	1.960630	3.141593	16.782777	2.007608	3.111339	47.220700	3.923900	25.000000
16.743206	1.960630	3.141593	16.957326	2.055420	3.306960	47.220700	4.484690	25.000000
16.743206	1.960630	3.141593	16.568355	2.102486	3.248229	47.220700	5.582390	25.000000
16.743206	1.960630	3.141593	16.750522	1.988823	3.174261	47.220700	6.143170	25.000000
16.743206	1.960630	3.141593	16.717057	1.996270	3.200734	47.220700	7.240870	25.000000
16.743206	1.960630	3.141593	16.809889	1.967822	3.158946	47.220700	7.801660	25.000000
16.743206	1.960630	3.141593	16.677817	1.964643	3.152761	47.220700	8.899360	25.000000
16.743206	1.960630	3.141593	16.716881	1.970156	3.127957	48.049900	-8.783200	25.000000
16.743206	1.960630	3.141593	16.678001	1.964638	3.129321	48.049900	-7.685500	25.000000
16.743206	1.960630	3.141593	16.764116	1.988462	3.086746	48.049900	-7.124720	25.000000
16.743206	1.960630	3.141593	16.764394	1.975440	3.104597	48.049900	-6.027020	25.000000
16.743206	1.960630	3.141593	16.904733	1.971888	3.051514	48.049900	-5.466230	25.000000
16.743206	1.960630	3.141593	16.571071	1.980442	3.140277	48.049900	-4.368530	25.000000
16.743206	1.960630	3.141593	16.105279	1.527319	3.247446	48.049900	-3.807740	25.000000
16.743206	1.960630	3.141593	17.343875	1.242025	3.588893	48.049900	-2.710040	25.000000
16.743206	1.960630	3.141593	16.623610	1.075574	3.201794	48.049900	-2.149260	25.000000
16.743206	1.960630	3.141593	16.780349	1.032698	3.176995	48.049900	-1.051560	25.000000
16.743206	1.960630	3.141593	16.772444	1.093830	3.149780	48.049900	-0.490771	25.000000
16.743206	1.960630	3.141593	16.736755	1.139288	3.123108	48.049900	0.606929	25.000000
16.743206	1.960630	3.141593	16.740276	1.106245	3.235676	48.049900	1.167710	25.000000
16.743206	1.960630	3.141593	16.722601	1.304545	3.077272	48.049900	2.265410	25.000000
16.743206	1.960630	3.141593	16.831221	1.776629	3.237638	48.049900	2.826200	25.000000
16.743206	1.960630	3.141593	16.629330	1.577411	2.975455	48.049900	3.923900	25.000000
16.743206	1.960630	3.141593	16.751609	2.055139	3.271470	48.049900	4.484690	25.000000
16.743206	1.960630	3.141593	16.745952	2.055317	3.268124	48.049900	5.582390	25.000000
16.743206	1.960630	3.141593	16.664408	1.991119	3.184330	48.049900	6.143170	25.000000
16.743206	1.960630	3.141593	16.770510	2.001378	3.213835	48.049900	7.240870	25.000000
16.743206	1.960630	3.141593	16.716794	1.970158	3.154774	48.049900	7.801660	25.000000
16.743206	1.960630	3.141593	16.810522	1.967806	3.161332	48.049900	8.899360	25.000000
16.743206	1.960630	3.141593	16.770546	1.962346	3.128497	48.879200	-8.783200	25.000000
16.743206	1.960630	3.141593	16.809522	1.967831	3.125788	48.879200	-7.685500	25.000000
16.743206	1.960630	3.141593	16.692217	1.977293	3.076977	48.879200	-7.124720	25.000000
16.743206	1.960630	3.141593	16.707483	1.996529	3.095573	48.879200	-6.027020	25.000000
16.743206	1.960630	3.141593	16.916646	1.719123	3.307920	48.879200	-5.466230	25.000000
16.743206	1.960630	3.141593	16.565820	1.993781	3.169400	48.879200	-4.368530	25.000000
16.743206	1.960630	3.141593	15.805379	1.275482	3.348067	48.879200	-3.807740	25.000000
16.743206	1.960630	3.141593	17.587780	1.252744	3.696385	48.879200	-2.710040	25.000000
16.743206	1.960630	3.141593	16.767457	1.039172	3.227492	48.879200	-2.149260	25.000000
16.743206	1.960630	3.141593	16.710718	0.944127	3.283176	48.879200	-1.051560	25.000000
16.743206	1.960630	3.141593	16.729627	1.112602	3.164722	48.879200	-0.490771	25.000000
16.743206	1.960630	3.141593	16.779392	1.120694	3.108624	48.879200	0.606929	25.000000
16.743206	1.960630	3.141593	16.740896	1.072566	3.261562	48.879200	1.167710	25.000000
16.743206	1.960630	3.141593	16.796753	1.224569	3.143491	48.879200	2.265410	25.000000
16.743206	1.960630	3.141593	16.745549	1.423962	3.230449	48.879200	2.826200	25.000000
16.743206	1.960630	3.141593	16.757103	1.604221	2.969376	48.879200	3.923900	25.000000
16.743206	1.960630	3.141593	16.957229	1.996326	3.319940	48.879200	4.484690	25.000000
16.743206	1.960630	3.141593	16.671416	1.990931	3.194832	48.879200	6.143170	25.000000
16.743206	1.960630	3.141593	16.741254	2.008766	3.231417	48.879200	7.240870	25.000000
16.743206	1.960630	3.141593	16.718898	1.970105	3.163278	48.879200	7.801660	25.000000
16.743206	1.960630	3.141593	16.756536	1.975641	3.157695	48.879200	8.899360	25.000000
16.743206	1.960630	3.141593	16.716970	1.970154	3.127503	49.708400	-8.783200	25.000000
16.743206	1.960630	3.141593	16.771671	1.962318	3.123466	49.708400	-7.685500	25.000000
16.743206	1.960630	3.141593	16.729677	1.995928	3.068696	49.708400	-7.124720	25.000000
16.743206	1.960630	3.141593	16.778322	1.975085	3.083865	49.708400	-6.027020	25.000000
16.743206	1.960630	3.141593	15.421547	1.616852	3.167561	49.708400	-5.466230	25.000000
16.743206	1.960630	3.141593	18.063015	1.831160	3.643683	49.708400	-4.368530	25.000000
16.743206	1.960630	3.141593	16.104968	1.114242	3.393283	49.708400	-3.807740	25.000000
16.743206	1.960630	3.141593	17.376421	1.296903	3.752808	49.708400	-2.710040	25.000000
16.743206	1.960630	3.141593	16.884386	0.914697	3.250186	49.708400	-2.149260	25.000000
16.743206	1.960630	3.141593	16.636658	1.116545	3.324557	49.708400	-1.051560	25.000000
16.743206	1.960630	3.141593	16.715924	1.171412	3.134450	49.708400	-0.490771	25.000000
16.743206	1.960630	3.141593	16.754702	1.165905	3.141917	49.708400	0.606929	25.000000
16.743206	1.960630	3.141593	16.711317	1.151728	3.234091	49.708400	1.167710	25.000000
16.743206	1.960630	3.141593	16.703967	1.177600	3.203203	49.708400	2.265410	25.000000
16.743206	1.960630	3.141593	16.896911	1.282754	3.131716	49.708400	2.826200	25.000000
16.743206	1.960630	3.141593	16.623986	1.389340	2.934002	49.708400	3.923900	25.000000
16.743206	1.960630	3.141593	16.771423	1.678329	3.046996	49.708400	4.484690	25.000000
16.743206	1.960630	3.141593	16.673191	2.044091	3.279220	49.708400	5.582390	25.000000
16.743206	1.960630	3.141593	16.812820	1.987177	3.241261	49.708400	6.143170	25.000000
16.743206	1.960630	3.141593	16.675494	2.017252	3.215458	49.708400	7.240870	25.000000
16.743206	1.960630	3.141593	16.758150	1.975600	3.163667	49.708400	7.801660	25.000000
16.743206	1.960630	3.141593	16.718819	1.970107	3.163018	49.708400	8.899360	25.000000
16.742281	1.960653	3.141593	16.717372	1.970144	3.125620	50.537600	-8.783200	25.000000
16.742281	1.960653	3.141593	16.772054	1.962309	3.122047	50.537600	-7.685500	25.000000
16.742281	1.960653	3.141593	16.702470	1.977029	3.066570	50.537600	-7.124720	25.000000
16.742281	1.960653	3.141593	16.644401	1.998249	3.062947	50.537600	-6.027020	25.000000
16.742281	1.960653	3.141593	15.917462	1.359393	3.608114	50.537600	-5.466230	25.000000
16.742281	1.960653	3.141593	17.452292	1.999199	3.455375	50.537600	-4.368530	25.000000
16.742281	1.960653	3.141593	17.107016	1.243477	3.715897	50.537600	-3.807740	25.000000
16.742281	1.960653	3.141593	16.337993	1.227451	3.418107	50.537600	-2.710040	25.000000
16.742281	1.960653	3.141593	16.575657	1.258042	3.289229	50.537600	-2.149260	25.000000
16.742281	1.960653	3.141593	16.917612	1.104886	3.185273	50.537600	-1.051560	25.000000
16.742281	1.960653	3.141593	16.728789	1.254718	3.144662	50.537600	-0.490771	25.000000
16.742281	1.960653	3.141593	16.669117	1.228182	3.135402	50.537600	0.606929	25.000000
16.742281	1.960653	3.141593	16.446887	1.229817	3.140947	50.537600	1.167710	25.000000
16.742281	1.960653	3.141593	17.009997	1.197710	3.274561	50.537600	2.265410	25.000000
16.742281	1.960653	3.141593	16.593686	1.302425	2.983431	50.537600	2.826200	25.000000
16.742281	1.960653	3.141593	16.799908	1.141018	2.952544	50.537600	3.923900	25.000000
16.742281	1.960653	3.141593	16.204814	1.547344	3.299029	50.537600	4.484690	25.000000
16.742281	1.960653	3.141593	17.101708	1.935518	2.808758	50.537600	5.582390	25.000000
16.742281	1.960653	3.141593	16.652820	2.024574	3.236608	50.537600	6.143170	25.000000
16.742281	1.960653	3.141593	16.742389	1.989038	3.255570	50.537600	7.240870	25.000000
16.742281	1.960653	3.141593	16.718436	1.970117	3.161720	50.537600	7.801660	25.000000
16.742281	1.960653	3.141593	16.721352	1.970043	3.170156	50.537600	8.899360	25.000000
16.743206	1.960630	3.141593	16.718236	1.970122	3.122180	51.366900	-8.783200	25.000000
16.743206	1.960630	3.141593	16.718271	1.970121	3.122050	51.366900	-7.685500	25.000000
16.743206	1.960630	3.141593	16.692082	1.990378	3.065425	51.366900	-7.124720	25.000000
16.743206	1.960630	3.141593	16.864804	1.979344	3.041924	51.366900	-6.027020	25.000000
16.743206	1.960630	3.141593	14.812346	1.593752	3.175364	51.366900	-5.466230	25.000000
16.743206	1.960630	3.141593	18.418265	1.826025	3.771627	51.366900	-4.368530	25.000000
16.743206	1.960630	3.141593	16.652627	1.322031	3.502539	51.366900	-3.807740	25.000000
16.743206	1.960630	3.141593	16.706885	1.341337	3.506119	51.366900	-2.710040	25.000000
16.743206	1.960630	3.141593	16.739955	1.341798	3.160609	51.366900	-2.149260	25.000000
16.743206	1.960630	3.141593	16.677530	1.334763	3.184776	51.366900	-1.051560	25.000000
16.743206	1.960630	3.141593	16.793469	1.262234	3.148030	51.366900	-0.490771	25.000000
16.743206	1.960630	3.141593	16.666779	1.247179	3.127227	51.366900	0.606929	25.000000
16.743206	1.960630	3.141593	16.349300	1.221196	3.052937	51.366900	1.167710	25.000000
16.743206	1.960630	3.141593	17.136674	1.137184	3.280943	51.366900	2.265410	25.000000
16.743206	1.960630	3.141593	16.896449	1.130591	2.780525	51.366900	2.826200	25.000000
16.743206	1.960630	3.141593	16.678729	1.104395	3.027229	51.366900	3.923900	25.000000
16.743206	1.960630	3.141593	17.406611	1.871157	2.724223	51.366900	4.484690	25.000000
16.743206	1.960630	3.141593	15.938915	1.496067	3.250652	51.366900	5.582390	25.000000
16.743206	1.960630	3.141593	16.802384	2.000507	3.240610	51.366900	6.143170	25.000000
16.743206	1.960630	3.141593	16.863775	2.011914	3.281728	51.366900	7.240870	25.000000
16.743206	1.960630	3.141593	16.719438	1.970091	3.164965	51.366900	7.801660	25.000000
16.743206	1.960630	3.141593	16.722742	1.970008	3.173400	51.366900	8.899360	25.000000
16.742281	1.960653	3.141593	16.680772	1.964569	3.118350	52.196100	-8.783200	25.000000
16.742281	1.960653	3.141593	16.771825	1.962315	3.122885	52.196100	-7.685500	25.000000
16.742281	1.960653	3.141593	16.675878	1.997389	3.037991	52.196100	-7.124720	25.000000
16.742281	1.960653	3.141593	16.730212	1.976316	3.043866	52.196100	-6.027020	25.000000
16.742281	1.960653	3.141593	17.129507	2.050135	3.340279	52.196100	-5.466230	25.000000
16.742281	1.960653	3.141593	16.301227	1.472486	3.461394	52.196100	-4.368530	25.000000
16.742281	1.960653	3.141593	17.092469	1.462349	3.427976	52.196100	-3.807740	25.000000
16.742281	1.960653	3.141593	16.454167	1.347730	3.504740	52.196100	-2.710040	25.000000
16.742281	1.960653	3.141593	16.671245	1.309918	3.171397	52.196100	-2.149260	25.000000
16.742281	1.960653	3.141593	16.773181	1.360585	3.163540	52.196100	-1.051560	25.000000
16.742281	1.960653	3.141593	16.717730	1.298260	3.132276	52.196100	-0.490771	25.000000
16.742281	1.960653	3.141593	16.690962	1.304028	3.133208	52.196100	0.606929	25.000000
16.742281	1.960653	3.141593	16.347477	1.221155	2.997854	52.196100	1.167710	25.000000
16.742281	1.960653	3.141593	17.039733	1.068741	3.211946	52.196100	2.265410	25.000000
16.742281	1.960653	3.141593	17.046407	0.936637	2.697487	52.196100	2.826200	25.000000
16.742281	1.960653	3.141593	16.443236	1.055717	2.901699	52.196100	3.923900	25.000000
16.742281	1.960653	3.141593	16.209491	1.369558	2.989901	52.196100	4.484690	25.000000
16.742281	1.960653	3.141593	17.148379	1.920167	2.864998	52.196100	5.582390	25.000000
16.742281	1.960653	3.141593	16.637981	2.005040	3.253128	52.196100	6.143170	25.000000
16.742281	1.960653	3.141593	16.791021	2.000817	3.287567	52.196100	7.240870	25.000000
16.742281	1.960653	3.141593	16.759964	1.975554	3.168859	52.196100	7.801660	25.000000
16.742281	1.960653	3.141593	16.777071	1.962186	3.174484	52.196100	8.899360	25.000000
16.743206	1.960630	3.141593	16.772370	1.962301	3.120950	53.025400	-8.783200	25.000000
16.743206	1.960630	3.141593	16.680815	1.964568	3.118220	53.025400	-7.685500	25.000000
16.743206	1.960630	3.141593	16.687603	1.997070	3.030136	53.025400	-7.124720	25.000000
16.743206	1.960630	3.141593	16.711197	1.970300	3.030290	53.025400	-6.027020	25.000000
16.743206	1.960630	3.141593	17.372323	1.642235	3.654296	53.025400	-5.466230	25.000000
16.743206	1.960630	3.141593	16.049489	1.875172	3.102397	53.025400	-4.368530	25.000000
16.743206	1.960630	3.141593	17.271366	1.424953	3.500363	53.025400	-3.807740	25.000000
16.743206	1.960630	3.141593	16.195805	1.428926	3.400186	53.025400	-2.710040	25.000000
16.743206	1.960630	3.141593	16.764096	1.236524	3.209211	53.025400	-2.149260	25.000000
16.743206	1.960630	3.141593	16.795907	1.230873	3.207951	53.025400	-1.051560	25.000000
16.743206	1.960630	3.141593	16.739505	1.317183	3.119251	53.025400	-0.490771	25.000000
16.743206	1.960630	3.141593	16.717180	1.298251	3.137618	53.025400	0.606929	25.000000
16.743206	1.960630	3.141593	16.919294	1.091661	3.098286	53.025400	1.167710	25.000000
16.743206	1.960630	3.141593	16.574164	1.167800	2.961563	53.025400	2.265410	25.000000
16.743206	1.960630	3.141593	16.986465	0.889355	2.677945	53.025400	2.826200	25.000000
16.743206	1.960630	3.141593	16.519988	0.943241	2.667912	53.025400	3.923900	25.000000
16.743206	1.960630	3.141593	17.567800	1.824067	2.717398	53.025400	4.484690	25.000000
16.743206	1.960630	3.141593	15.796736	1.261523	3.001575	53.025400	5.582390	25.000000
16.743206	1.960630	3.141593	16.745534	1.988955	3.257518	53.025400	6.143170	25.000000
16.743206	1.960630	3.141593	16.724246	1.996075	3.274578	53.025400	7.240870	25.000000
16.743206	1.960630	3.141593	16.725277	1.969944	3.178589	53.025400	7.801660	25.000000
16.743206	1.960630	3.141593	16.721618	1.970036	3.170805	53.025400	8.899360	25.000000
16.743206	1.960630	3.141593	16.681259	1.964557	3.116922	53.854600	-8.783200	25.000000
16.743206	1.960630	3.141593	16.680815	1.964568	3.118220	53.854600	-7.685500	25.000000
16.743206	1.960630	3.141593	16.823198	1.967490	3.018836	53.854600	-7.124720	25.000000
16.743206	1.960630	3.141593	16.618547	1.985768	3.022294	53.854600	-6.027020	25.000000
16.743206	1.960630	3.141593	16.318701	1.484900	3.486685	53.854600	-5.466230	25.000000
16.743206	1.960630	3.141593	17.024688	2.046718	3.274144	53.854600	-4.368530	25.000000
16.743206	1.960630	3.141593	17.175494	1.320152	3.529911	53.854600	-3.807740	25.000000
16.743206	1.960630	3.141593	16.290132	1.526583	3.383591	53.854600	-2.710040	25.000000
16.743206	1.960630	3.141593	16.707316	1.030087	3.273222	53.854600	-2.149260	25.000000
16.743206	1.960630	3.141593	16.681834	1.056925	3.318737	53.854600	-1.051560	25.000000
16.743206	1.960630	3.141593	16.682774	1.117894	3.131060	53.854600	-0.490771	25.000000
16.743206	1.960630	3.141593	16.684883	1.104581	3.117839	53.854600	0.606929	25.000000
16.743206	1.960630	3.141593	16.856634	1.021544	2.944879	53.854600	1.167710	25.000000
16.743206	1.960630	3.141593	16.588261	1.053738	2.930596	53.854600	2.265410	25.000000
16.743206	1.960630	3.141593	16.902663	1.030125	2.597623	53.854600	2.826200	25.000000
16.743206	1.960630	3.141593	16.609335	0.789186	2.537121	53.854600	3.923900	25.000000
16.743206	1.960630	3.141593	14.156680	1.130007	3.165026	53.854600	4.484690	25.000000
16.743206	1.960630	3.141593	18.471603	1.733382	2.527721	53.854600	5.582390	25.000000
16.743206	1.960630	3.141593	16.688981	1.983909	3.247120	53.854600	6.143170	25.000000
16.743206	1.960630	3.141593	16.693879	1.983781	3.250372	53.854600	7.240870	25.000000
16.743206	1.960630	3.141593	16.723962	1.969977	3.175995	53.854600	7.801660	25.000000
16.743206	1.960630	3.141593	16.686668	1.964422	3.178589	53.854600	8.899360	25.000000
16.743206	1.960630	3.141593	16.773399	1.962276	3.117726	54.683900	-8.783200	25.000000
16.743206	1.960630	3.141593	16.681727	1.964545	3.115624	54.683900	-7.685500	25.000000
16.743206	1.960630	3.141593	16.554833	1.974291	3.013164	54.683900	-7.124720	25.000000
16.743206	1.960630	3.141593	16.877230	1.972579	3.010530	54.683900	-6.027020	25.000000
16.743206	1.960630	3.141593	17.601704	1.924695	3.572731	54.683900	-5.466230	25.000000
16.743206	1.960630	3.141593	15.839508	1.633972	3.109958	54.683900	-4.368530	25.000000
16.743206	1.960630	3.141593	17.137678	1.541617	3.620905	54.683900	-3.807740	25.000000
16.743206	1.960630	3.141593	16.214191	1.171741	3.384948	54.683900	-2.710040	25.000000
16.743206	1.960630	3.141593	16.914786	0.790449	3.437033	54.683900	-2.149260	25.000000
16.743206	1.960630	3.141593	16.617461	0.839316	3.445442	54.683900	-1.051560	25.000000
16.743206	1.960630	3.141593	16.720120	0.844813	3.115998	54.683900	-0.490771	25.000000
16.743206	1.960630	3.141593	16.786304	0.840339	3.117597	54.683900	0.606929	25.000000
16.743206	1.960630	3.141593	16.595481	0.838126	2.845478	54.683900	1.167710	25.000000
16.743206	1.960630	3.141593	16.988820	0.866517	2.736701	54.683900	2.265410	25.000000
16.743206	1.960630	3.141593	15.562455	1.082550	2.294418	54.683900	2.826200	25.000000
16.743206	1.960630	3.141593	17.898045	0.781902	2.681491	54.683900	3.923900	25.000000
16.743206	1.960630	3.141593	12.696913	1.126275	3.246470	54.683900	4.484690	25.000000
16.743206	1.960630	3.141593	19.105821	1.561375	2.319174	54.683900	5.582390	25.000000
16.743206	1.960630	3.141593	16.809807	1.974284	3.229676	54.683900	6.143170	25.000000
16.743206	1.960630	3.141593	16.668920	1.971371	3.221812	54.683900	7.240870	25.000000
16.743206	1.960630	3.141593	16.724939	1.969953	3.177940	54.683900	7.801660	25.000000
16.743206	1.960630	3.141593	16.780408	1.962104	3.180927	54.683900	8.899360	25.000000
16.743206	1.960630	3.141593	16.774329	1.962253	3.115147	55.513100	-8.783200	25.000000
16.743206	1.960630	3.141593	16.773622	1.962270	3.117081	55.513100	-7.685500	25.000000
16.743206	1.960630	3.141593	16.796428	1.961710	3.012445	55.513100	-7.124720	25.000000
16.743206	1.960630	3.141593	16.767114	1.968892	2.999421	55.513100	-6.027020	25.000000
16.743206	1.960630	3.141593	15.679923	1.666607	3.109552	55.513100	-5.466230	25.000000
16.743206	1.960630	3.141593	17.632924	1.905967	3.562256	55.513100	-4.368530	25.000000
16.743206	1.960630	3.141593	16.587646	1.588883	3.505303	55.513100	-3.807740	25.000000
16.743206	1.960630	3.141593	16.782431	0.954539	3.644436	55.513100	-2.710040	25.000000
16.743206	1.960630	3.141593	16.661633	0.615913	3.651718	55.513100	-2.149260	25.000000
16.743206	1.960630	3.141593	16.840724	0.630783	3.704461	55.513100	-1.051560	25.000000
16.743206	1.960630	3.141593	16.812938	0.586845	3.095389	55.513100	-0.490771	25.000000
16.743206	1.960630	3.141593	16.643569	0.593213	3.111494	55.513100	0.606929	25.000000
16.743206	1.960630	3.141593	16.733499	0.652097	2.580906	55.513100	1.167710	25.000000
16.743206	1.960630	3.141593	16.688020	0.696617	2.535457	55.513100	2.265410	25.000000
16.743206	1.960630	3.141593	18.595967	0.977302	2.452668	55.513100	2.826200	25.000000
16.743206	1.960630	3.141593	14.572234	0.766203	2.243992	55.513100	3.923900	25.000000
16.743206	1.960630	3.141593	19.849937	1.530483	2.176979	55.513100	4.484690	25.000000
16.743206	1.960630	3.141593	11.137325	0.914029	3.073516	55.513100	5.582390	25.000000
16.743206	1.960630	3.141593	16.753042	1.969245	3.214192	55.513100	6.143170	25.000000
16.743206	1.960630	3.141593	16.742536	1.969509	3.203203	55.513100	7.240870	25.000000
16.743206	1.960630	3.141593	16.727056	1.969899	3.181831	55.513100	7.801660	25.000000
16.743206	1.960630	3.141593	16.780408	1.962104	3.180927	55.513100	8.899360	25.000000
16.743206	1.960630	3.141593	16.773852	1.962265	3.116437	56.342400	-8.783200	25.000000
16.743206	1.960630	3.141593	16.774087	1.962259	3.115792	56.342400	-7.685500	25.000000
16.743206	1.960630	3.141593	16.811139	1.961349	3.004790	56.342400	-7.124720	25.000000
16.743206	1.960630	3.141593	16.601629	1.960031	2.997210	56.342400	-6.027020	25.000000
16.743206	1.960630	3.141593	17.591191	2.036541	3.398916	56.342400	-5.466230	25.000000
16.743206	1.960630	3.141593	15.769908	1.558114	3.287974	56.342400	-4.368530	25.000000
16.743206	1.960630	3.141593	17.410916	0.864503	3.985747	56.342400	-3.807740	25.000000
16.743206	1.960630	3.141593	15.828455	1.424972	3.493637	56.342400	-2.710040	25.000000
16.743206	1.960630	3.141593	16.589756	0.507354	4.058963	56.342400	-2.149260	25.000000
16.743206	1.960630	3.141593	16.852893	0.486186	4.007895	56.342400	-1.051560	25.000000
16.743206	1.960630	3.141593	16.701799	0.381670	3.059519	56.342400	-0.490771	25.000000
16.743206	1.960630	3.141593	16.733129	0.386309	3.103516	56.342400	0.606929	25.000000
16.743206	1.960630	3.141593	16.869795	0.581184	2.233733	56.342400	1.167710	25.000000
16.743206	1.960630	3.141593	16.625883	0.535322	2.230805	56.342400	2.265410	25.000000
16.743206	1.960630	3.141593	18.230195	0.728738	2.215945	56.342400	2.826200	25.000000
16.743206	1.960630	3.141593	15.084429	1.246957	2.505084	56.342400	3.923900	25.000000
16.743206	1.960630	3.141593	17.867848	1.733820	2.408356	56.342400	4.484690	25.000000
16.743206	1.960630	3.141593	13.877680	0.734451	1.865343	56.342400	5.582390	25.000000
16.743206	1.960630	3.141593	16.800920	1.961600	3.207947	56.342400	6.143170	25.000000
16.743206	1.960630	3.141593	16.698578	1.964126	3.196732	56.342400	7.240870	25.000000
16.743206	1.960630	3.141593	16.781910	1.962067	3.183504	56.342400	7.801660	25.000000
16.743206	1.960630	3.141593	16.780775	1.962095	3.181571	56.342400	8.899360	25.000000
16.743206	1.960630	3.141593	16.774329	1.962253	3.115147	57.171600	-8.783200	25.000000
16.743206	1.960630	3.141593	16.736188	1.956736	3.115792	57.171600	-7.685500	25.000000
16.743206	1.960630	3.141593	16.868980	1.953539	3.003762	57.171600	-7.124720	25.000000
16.743206	1.960630	3.141593	16.620120	1.946605	2.997500	57.171600	-6.027020	25.000000
16.743206	1.960630	3.141593	16.563759	1.890135	3.083696	57.171600	-5.466230	25.000000
16.743206	1.960630	3.141593	16.900308	1.755269	3.509804	57.171600	-4.368530	25.000000
16.743206	1.960630	3.141593	15.253524	0.632806	3.769574	57.171600	-3.807740	25.000000
16.743206	1.960630	3.141593	17.929027	1.253138	4.106473	57.171600	-2.710040	25.000000
16.743206	1.960630	3.141593	16.905313	0.410625	4.389701	57.171600	-2.149260	25.000000
16.743206	1.960630	3.141593	16.714272	0.520598	4.546845	57.171600	-1.051560	25.000000
16.743206	1.960630	3.141593	16.700299	0.219390	3.003587	57.171600	-0.490771	25.000000
16.743206	1.960630	3.141593	16.715633	0.223467	3.092982	57.171600	0.606929	25.000000
16.743206	1.960630	3.141593	16.602578	0.483432	1.745318	57.171600	1.167710	25.000000
16.743206	1.960630	3.141593	16.787066	0.595232	1.933546	57.171600	2.265410	25.000000
16.743206	1.960630	3.141593	18.339575	1.277622	2.149321	57.171600	2.826200	25.000000
16.743206	1.960630	3.141593	14.761098	0.655696	2.498092	57.171600	3.923900	25.000000
16.743206	1.960630	3.141593	13.168527	1.724032	2.671072	57.171600	4.484690	25.000000
16.743206	1.960630	3.141593	18.392686	1.207848	1.675673	57.171600	5.582390	25.000000
16.743206	1.960630	3.141593	16.760084	1.956157	3.204734	57.171600	6.143170	25.000000
16.743206	1.960630	3.141593	16.703401	1.964006	3.202556	57.171600	7.240870	25.000000
16.743206	1.960630	3.141593	16.743644	1.956555	3.182860	57.171600	7.801660	25.000000
16.743206	1.960630	3.141593	16.689206	1.964359	3.183127	57.171600	8.899360	25.000000
16.742281	1.960653	3.141593	16.681727	1.964545	3.115624	58.000800	-8.783200	25.000000
16.742281	1.960653	3.141593	16.736188	1.956736	3.115792	58.000800	-7.685500	25.000000
16.742281	1.960653	3.141593	16.858971	1.953779	3.008830	58.000800	-7.124720	25.000000
16.742281	1.960653	3.141593	16.681355	1.938724	2.995880	58.000800	-6.027020	25.000000
16.742281	1.960653	3.141593	16.796872	1.917021	3.137162	58.000800	-5.466230	25.000000
16.742281	1.960653	3.141593	16.689410	1.739365	3.445275	58.000800	-4.368530	25.000000
16.742281	1.960653	3.141593	18.767525	1.112687	4.460206	58.000800	-3.807740	25.000000
16.742281	1.960653	3.141593	14.291956	0.623833	4.114420	58.000800	-2.710040	25.000000
16.742281	1.960653	3.141593	16.649997	0.614925	4.679068	58.000800	-2.149260	25.000000
16.742281	1.960653	3.141593	16.752803	0.461529	5.065512	58.000800	-1.051560	25.000000
16.742281	1.960653	3.141593	16.753730	0.080109	3.015202	58.000800	-0.490771	25.000000
16.742281	1.960653	3.141593	16.739690	0.068876	2.811882	58.000800	0.606929	25.000000
16.742281	1.960653	3.141593	16.758389	0.692325	1.705819	58.000800	1.167710	25.000000
16.742281	1.960653	3.141593	16.760743	0.525413	1.299849	58.000800	2.265410	25.000000
16.742281	1.960653	3.141593	13.586022	0.687471	2.232857	58.000800	2.826200	25.000000
16.742281	1.960653	3.141593	19.267070	1.182205	1.837540	58.000800	3.923900	25.000000
16.742281	1.960653	3.141593	6.448815	1.180589	2.534988	58.000800	4.484690	25.000000
16.742281	1.960653	3.141593	21.654859	1.675816	1.986663	58.000800	5.582390	25.000000
16.742281	1.960653	3.141593	16.729558	1.950453	3.211800	58.000800	6.143170	25.000000
16.742281	1.960653	3.141593	16.763081	1.956084	3.207947	58.000800	7.240870	25.000000
16.742281	1.960653	3.141593	16.781910	1.962067	3.183504	58.000800	7.801660	25.000000
16.742281	1.960653	3.141593	16.742891	1.956573	3.181571	58.000800	8.899360	25.000000
16.742281	1.960653	3.141593	16.677660	1.964647	3.151722	58.000800	10.557800	25.000000
16.743206	1.960630	3.141593	16.735722	1.956747	3.117081	58.830100	-8.783200	25.000000
16.743206	1.960630	3.141593	16.736188	1.956736	3.115792	58.830100	-7.685500	25.000000
16.743206	1.960630	3.141593	16.805205	1.948657	3.017714	58.830100	-7.124720	25.000000
16.743206	1.960630	3.141593	16.736861	1.931054	2.997438	58.830100	-6.027020	25.000000
16.743206	1.960630	3.141593	17.904469	1.924402	3.487820	58.830100	-5.466230	25.000000
16.743206	1.960630	3.141593	15.431785	1.720397	3.286270	58.830100	-4.368530	25.000000
16.743206	1.960630	3.141593	19.156643	0.971849	4.914495	58.830100	-3.807740	25.000000
16.743206	1.960630	3.141593	13.760733	0.985680	4.395380	58.830100	-2.710040	25.000000
16.743206	1.960630	3.141593	16.627086	0.738087	4.837853	58.830100	-2.149260	25.000000
16.743206	1.960630	3.141593	16.859419	0.632299	5.383995	58.830100	-1.051560	25.000000
16.743206	1.960630	3.141593	16.730027	0.124757	0.041323	58.830100	-0.490771	25.000000
16.743206	1.960630	3.141593	16.738060	0.128527	0.153961	58.830100	0.606929	25.000000
16.743206	1.960630	3.141593	17.512421	0.615364	1.528248	58.830100	1.167710	25.000000
16.743206	1.960630	3.141593	15.929959	0.875904	1.099108	58.830100	2.265410	25.000000
16.743206	1.960630	3.141593	19.301194	1.243775	1.663388	58.830100	2.826200	25.000000
16.743206	1.960630	3.141593	13.588116	0.754553	1.610560	58.830100	3.923900	25.000000
16.743206	1.960630	3.141593	11.296460	1.347641	1.625288	58.830100	4.484690	25.000000
16.743206	1.960630	3.141593	19.589183	1.925850	2.526406	58.830100	5.582390	25.000000
16.743206	1.960630	3.141593	16.740000	1.950204	3.221423	58.830100	6.143170	25.000000
16.743206	1.960630	3.141593	16.742249	1.950150	3.223346	58.830100	7.240870	25.000000
16.743206	1.960630	3.141593	16.705520	1.951027	3.181571	58.830100	7.801660	25.000000
16.743206	1.960630	3.141593	16.743264	1.956564	3.182215	58.830100	8.899360	25.000000
16.742281	1.960653	3.141593	16.736188	1.956736	3.115792	59.659300	-8.783200	25.000000
16.742281	1.960653	3.141593	16.735280	1.956758	3.118371	59.659300	-7.685500	25.000000
16.742281	1.960653	3.141593	16.728900	1.931233	3.001231	59.659300	-7.124720	25.000000
16.742281	1.960653	3.141593	16.750907	1.943526	3.027892	59.659300	-6.027020	25.000000
16.742281	1.960653	3.141593	17.731892	1.946117	3.411566	59.659300	-5.466230	25.000000
16.742281	1.960653	3.141593	15.648003	1.737726	3.619732	59.659300	-4.368530	25.000000
16.742281	1.960653	3.141593	19.689845	1.185506	5.035873	59.659300	-3.807740	25.000000
16.742281	1.960653	3.141593	13.051437	1.058285	4.826930	59.659300	-2.710040	25.000000
16.742281	1.960653	3.141593	15.922625	1.022457	5.456145	59.659300	-2.149260	25.000000
16.742281	1.960653	3.141593	17.407470	0.727550	5.055994	59.659300	-1.051560	25.000000
16.742281	1.960653	3.141593	16.787975	0.378455	0.030636	59.659300	-0.490771	25.000000
16.742281	1.960653	3.141593	16.732019	0.386146	0.022695	59.659300	0.606929	25.000000
16.742281	1.960653	3.141593	18.556131	0.724126	1.187269	59.659300	1.167710	25.000000
16.742281	1.960653	3.141593	14.621559	1.140443	1.076855	59.659300	2.265410	25.000000
16.742281	1.960653	3.141593	20.242137	1.275032	1.351623	59.659300	2.826200	25.000000
16.742281	1.960653	3.141593	12.145538	1.100847	1.497778	59.659300	3.923900	25.000000
16.742281	1.960653	3.141593	13.405969	1.936974	2.915991	59.659300	4.484690	25.000000
16.742281	1.960653	3.141593	18.693849	1.764584	1.909787	59.659300	5.582390	25.000000
16.742281	1.960653	3.141593	16.694757	1.938415	3.242539	59.659300	6.143170	25.000000
16.742281	1.960653	3.141593	16.690129	1.938522	3.239345	59.659300	7.240870	25.000000
16.742281	1.960653	3.141593	16.740777	1.956625	3.177706	59.659300	7.801660	25.000000
16.742281	1.960653	3.141593	16.743264	1.956564	3.182215	59.659300	8.899360	25.000000
16.743206	1.960630	3.141593	16.734662	1.956773	3.120306	60.488600	-8.783200	25.000000
16.743206	1.960630	3.141593	16.735952	1.956742	3.116437	60.488600	-7.685500	25.000000
16.743206	1.960630	3.141593	16.767421	1.943141	3.018349	60.488600	-7.124720	25.000000
16.743206	1.960630	3.141593	16.699629	1.919122	3.030513	60.488600	-6.027020	25.000000
16.743206	1.960630	3.141593	15.688850	1.848429	3.724081	60.488600	-5.466230	25.000000
16.743206	1.960630	3.141593	17.783419	1.926915	3.446267	60.488600	-4.368530	25.000000
16.743206	1.960630	3.141593	13.467739	1.399177	4.979302	60.488600	-3.807740	25.000000
16.743206	1.960630	3.141593	19.474342	1.342890	5.206687	60.488600	-2.710040	25.000000
16.743206	1.960630	3.141593	14.852946	1.312078	5.473162	60.488600	-2.149260	25.000000
16.743206	1.960630	3.141593	18.392118	0.909179	5.271719	60.488600	-1.051560	25.000000
16.743206	1.960630	3.141593	16.649096	0.674814	0.017306	60.488600	-0.490771	25.000000
16.743206	1.960630	3.141593	16.711099	0.679438	0.009904	60.488600	0.606929	25.000000
16.743206	1.960630	3.141593	13.288341	1.327593	0.851237	60.488600	1.167710	25.000000
16.743206	1.960630	3.141593	19.540727	0.997438	1.183503	60.488600	2.265410	25.000000
16.743206	1.960630	3.141593	20.314697	1.440969	1.247476	60.488600	2.826200	25.000000
16.743206	1.960630	3.141593	11.946920	1.430552	1.270433	60.488600	3.923900	25.000000
16.743206	1.960630	3.141593	18.209064	1.924081	2.044915	60.488600	4.484690	25.000000
16.743206	1.960630	3.141593	14.657080	1.985082	2.923732	60.488600	5.582390	25.000000
16.743206	1.960630	3.141593	16.711448	1.918866	3.259631	60.488600	6.143170	25.000000
16.743206	1.960630	3.141593	16.815041	1.935662	3.258999	60.488600	7.240870	25.000000
16.743206	1.960630	3.141593	16.794952	1.948900	3.174914	60.488600	7.801660	25.000000
16.743206	1.960630	3.141593	16.742162	1.956591	3.180283	60.488600	8.899360	25.000000
16.743206	1.960630	3.141593	16.735280	1.956758	3.118371	61.317800	-8.783200	25.000000
16.743206	1.960630	3.141593	16.734467	1.956778	3.120950	61.317800	-7.685500	25.000000
16.743206	1.960630	3.141593	16.836270	1.941545	3.033047	61.317800	-7.124720	25.000000
16.743206	1.960630	3.141593	16.653660	1.913742	3.038117	61.317800	-6.027020	25.000000
16.743206	1.960630	3.141593	14.601712	2.024508	3.475391	61.317800	-5.466230	25.000000
16.743206	1.960630	3.141593	18.721645	1.914003	3.638223	61.317800	-4.368530	25.000000
16.743206	1.960630	3.141593	16.556536	1.581064	5.399393	61.317800	-3.807740	25.000000
16.743206	1.960630	3.141593	16.749809	1.671865	4.973378	61.317800	-2.710040	25.000000
16.743206	1.960630	3.141593	18.695454	1.209992	5.603087	61.317800	-2.149260	25.000000
16.743206	1.960630	3.141593	14.376022	1.522085	5.197840	61.317800	-1.051560	25.000000
16.743206	1.960630	3.141593	16.752967	0.989442	0.010571	61.317800	-0.490771	25.000000
16.743206	1.960630	3.141593	16.697954	0.994435	0.007714	61.317800	0.606929	25.000000
16.743206	1.960630	3.141593	12.674384	1.633958	1.249046	61.317800	1.167710	25.000000
16.743206	1.960630	3.141593	19.832955	1.220296	0.842371	61.317800	2.265410	25.000000
16.743206	1.960630	3.141593	19.313677	1.679222	1.366251	61.317800	2.826200	25.000000
16.743206	1.960630	3.141593	13.587362	1.724484	0.960070	61.317800	3.923900	25.000000
16.743206	1.960630	3.141593	13.714955	2.132071	3.003350	61.317800	4.484690	25.000000
16.743206	1.960630	3.141593	19.120669	1.979561	2.323948	61.317800	5.582390	25.000000
16.743206	1.960630	3.141593	16.812626	1.929357	3.276663	61.317800	6.143170	25.000000
16.743206	1.960630	3.141593	16.653375	1.907379	3.264685	61.317800	7.240870	25.000000
16.743206	1.960630	3.141593	16.704083	1.951062	3.178995	61.317800	7.801660	25.000000
16.743206	1.960630	3.141593	16.700626	1.951144	3.171906	61.317800	8.899360	25.000000
16.743206	1.960630	3.141593	16.790302	1.949010	3.119929	62.147100	-8.783200	25.000000
16.743206	1.960630	3.141593	16.734026	1.956788	3.122498	62.147100	-7.685500	25.000000
16.743206	1.960630	3.141593	16.767913	1.930356	3.031147	62.147100	-7.124720	25.000000
16.743206	1.960630	3.141593	16.689446	1.925727	3.062272	62.147100	-6.027020	25.000000
16.743206	1.960630	3.141593	16.098137	2.098052	3.627745	62.147100	-5.466230	25.000000
16.743206	1.960630	3.141593	17.366059	1.929713	3.352256	62.147100	-4.368530	25.000000
16.743206	1.960630	3.141593	19.321232	1.795229	5.278304	62.147100	-3.807740	25.000000
16.743206	1.960630	3.141593	13.683932	2.074095	5.052607	62.147100	-2.710040	25.000000
16.743206	1.960630	3.141593	19.640074	1.450856	5.311771	62.147100	-2.149260	25.000000
16.743206	1.960630	3.141593	13.060306	1.885289	5.583292	62.147100	-1.051560	25.000000
16.743206	1.960630	3.141593	16.761440	1.311354	0.007778	62.147100	-0.490771	25.000000
16.743206	1.960630	3.141593	16.735939	1.317128	0.006667	62.147100	0.606929	25.000000
16.743206	1.960630	3.141593	14.914091	1.772646	1.447290	62.147100	1.167710	25.000000
16.743206	1.960630	3.141593	17.970531	1.542969	0.694738	62.147100	2.265410	25.000000
16.743206	1.960630	3.141593	13.368994	2.139523	0.955707	62.147100	2.826200	25.000000
16.743206	1.960630	3.141593	19.482813	1.856987	1.366056	62.147100	3.923900	25.000000
16.743206	1.960630	3.141593	16.964374	2.179478	2.447774	62.147100	4.484690	25.000000
16.743206	1.960630	3.141593	16.476347	1.976325	3.068873	62.147100	5.582390	25.000000
16.743206	1.960630	3.141593	16.549831	1.890413	3.260895	62.147100	6.143170	25.000000
16.743206	1.960630	3.141593	16.916977	1.927046	3.281438	62.147100	7.240870	25.000000
16.743206	1.960630	3.141593	16.791906	1.948972	3.167869	62.147100	7.801660	25.000000
16.743206	1.960630	3.141593	16.702742	1.951094	3.176417	62.147100	8.899360	25.000000
16.743206	1.960630	3.141593	16.733667	1.956797	3.123853	62.976300	-8.783200	25.000000
16.743206	1.960630	3.141593	16.734298	1.956782	3.121531	62.976300	-7.685500	25.000000
16.743206	1.960630	3.141593	16.712079	1.931613	3.073748	62.976300	-7.124720	25.000000
16.743206	1.960630	3.141593	16.749376	1.930772	3.043194	62.976300	-6.027020	25.000000
16.743206	1.960630	3.141593	17.475723	1.909102	3.384806	62.976300	-5.466230	25.000000
16.743206	1.960630	3.141593	16.027130	2.137187	3.277320	62.976300	-4.368530	25.000000
16.743206	1.960630	3.141593	15.663333	2.279964	5.462088	62.976300	-3.807740	25.000000
16.743206	1.960630	3.141593	17.666069	2.092237	4.836744	62.976300	-2.710040	25.000000
16.743206	1.960630	3.141593	17.436743	1.873624	5.711848	62.976300	-2.149260	25.000000
16.743206	1.960630	3.141593	15.913202	1.923701	5.004487	62.976300	-1.051560	25.000000
16.743206	1.960630	3.141593	16.749275	1.647292	0.005928	62.976300	-0.490771	25.000000
16.743206	1.960630	3.141593	16.749370	1.647292	0.006826	62.976300	0.606929	25.000000
16.743206	1.960630	3.141593	16.016242	1.927989	1.544136	62.976300	1.167710	25.000000
16.743206	1.960630	3.141593	16.996764	1.881723	0.658333	62.976300	2.265410	25.000000
16.743206	1.960630	3.141593	13.601382	2.500410	1.664350	62.976300	2.826200	25.000000
16.743206	1.960630	3.141593	19.225569	2.063861	1.186452	62.976300	3.923900	25.000000
16.743206	1.960630	3.141593	17.598605	1.858878	2.930830	62.976300	4.484690	25.000000
16.743206	1.960630	3.141593	15.824664	2.348208	2.963325	62.976300	5.582390	25.000000
16.743206	1.960630	3.141593	16.633187	1.888755	3.253857	62.976300	6.143170	25.000000
16.743206	1.960630	3.141593	16.890826	1.927622	3.268299	62.976300	7.240870	25.000000
16.743206	1.960630	3.141593	16.698566	1.951194	3.166749	62.976300	7.801660	25.000000
16.743206	1.960630	3.141593	16.756539	1.943395	3.171071	62.976300	8.899360	25.000000
16.742281	1.960653	3.141593	16.825745	1.954574	3.126466	63.805500	-8.783200	25.000000
16.742281	1.960653	3.141593	16.734097	1.956787	3.122240	63.805500	-7.685500	25.000000
16.742281	1.960653	3.141593	16.637620	1.920476	3.078855	63.805500	-7.124720	25.000000
16.742281	1.960653	3.141593	16.798301	1.942423	3.060362	63.805500	-6.027020	25.000000
16.742281	1.960653	3.141593	16.800384	1.987505	3.287264	63.805500	-5.466230	25.000000
16.742281	1.960653	3.141593	16.639498	1.972120	3.093916	63.805500	-4.368530	25.000000
16.742281	1.960653	3.141593	15.465733	2.673200	5.352453	63.805500	-3.807740	25.000000
16.742281	1.960653	3.141593	17.690475	2.241840	4.623493	63.805500	-2.710040	25.000000
16.742281	1.960653	3.141593	17.234268	2.066665	4.958968	63.805500	-2.149260	25.000000
16.742281	1.960653	3.141593	16.269296	2.280401	5.699677	63.805500	-1.051560	25.000000
16.742281	1.960653	3.141593	16.743369	1.989012	0.006667	63.805500	-0.490771	25.000000
16.742281	1.960653	3.141593	16.702948	1.983543	0.006013	63.805500	0.606929	25.000000
16.742281	1.960653	3.141593	13.993570	2.297743	1.743806	63.805500	1.167710	25.000000
16.742281	1.960653	3.141593	18.737663	2.071811	0.845670	63.805500	2.265410	25.000000
16.742281	1.960653	3.141593	16.506305	2.308338	2.123148	63.805500	2.826200	25.000000
16.742281	1.960653	3.141593	16.763141	2.527453	1.054347	63.805500	3.923900	25.000000
16.742281	1.960653	3.141593	16.559589	2.174441	3.281415	63.805500	4.484690	25.000000
16.742281	1.960653	3.141593	17.001203	1.918939	2.922720	63.805500	5.582390	25.000000
16.742281	1.960653	3.141593	16.870459	1.928073	3.257001	63.805500	6.143170	25.000000
16.742281	1.960653	3.141593	16.698530	1.887467	3.234364	63.805500	7.240870	25.000000
16.742281	1.960653	3.141593	16.734662	1.956773	3.162880	63.805500	7.801660	25.000000
16.742281	1.960653	3.141593	16.662680	1.945598	3.169327	63.805500	8.899360	25.000000
16.743206	1.960630	3.141593	16.825451	1.954581	3.127876	64.634800	-8.783200	25.000000
16.743206	1.960630	3.141593	16.733635	1.956798	3.123982	64.634800	-7.685500	25.000000
16.743206	1.960630	3.141593	16.685934	1.945049	3.078451	64.634800	-7.124720	25.000000
16.743206	1.960630	3.141593	16.728565	1.918494	3.082426	64.634800	-6.027020	25.000000
16.743206	1.960630	3.141593	16.642719	1.907603	3.110393	64.634800	-5.466230	25.000000
16.743206	1.960630	3.141593	16.833704	1.928888	3.050129	64.634800	-4.368530	25.000000
16.743206	1.960630	3.141593	15.126797	2.771021	3.515319	64.634800	-3.807740	25.000000
16.743206	1.960630	3.141593	18.067529	2.398127	4.643645	64.634800	-2.710040	25.000000
16.743206	1.960630	3.141593	16.868017	2.528924	5.548838	64.634800	-2.149260	25.000000
16.743206	1.960630	3.141593	16.559287	2.330126	4.754032	64.634800	-1.051560	25.000000
16.743206	1.960630	3.141593	16.760102	2.343518	0.008750	64.634800	-0.490771	25.000000
16.743206	1.960630	3.141593	16.762298	2.335093	0.005620	64.634800	0.606929	25.000000
16.743206	1.960630	3.141593	15.592386	2.344877	1.913820	64.634800	1.167710	25.000000
16.743206	1.960630	3.141593	17.598511	2.436310	0.880996	64.634800	2.265410	25.000000
16.743206	1.960630	3.141593	18.001667	2.249417	2.127126	64.634800	2.826200	25.000000
16.743206	1.960630	3.141593	15.129111	2.932629	2.749253	64.634800	3.923900	25.000000
16.743206	1.960630	3.141593	16.590612	1.908703	3.059725	64.634800	4.484690	25.000000
16.743206	1.960630	3.141593	16.969078	2.035182	3.331232	64.634800	5.582390	25.000000
16.743206	1.960630	3.141593	16.684424	1.887744	3.223686	64.634800	6.143170	25.000000
16.743206	1.960630	3.141593	16.742210	1.930934	3.234911	64.634800	7.240870	25.000000
16.743206	1.960630	3.141593	16.696706	1.951238	3.160945	64.634800	7.801660	25.000000
16.743206	1.960630	3.141593	16.791429	1.948983	3.166587	64.634800	8.899360	25.000000
16.742281	1.960653	3.141593	16.695319	1.951271	3.128110	65.464000	-8.783200	25.000000
16.742281	1.960653	3.141593	16.732975	1.956814	3.126820	65.464000	-7.685500	25.000000
16.742281	1.960653	3.141593	16.776579	1.942928	3.081409	65.464000	-7.124720	25.000000
16.742281	1.960653	3.141593	16.750893	1.924367	3.098308	65.464000	-6.027020	25.000000
16.742281	1.960653	3.141593	16.884090	1.865247	3.001884	65.464000	-5.466230	25.000000
16.742281	1.960653	3.141593	16.623465	1.870005	3.038166	65.464000	-4.368530	25.000000
16.742281	1.960653	3.141593	15.746111	2.775027	3.017238	65.464000	-3.807740	25.000000
16.742281	1.960653	3.141593	17.512281	2.279660	3.926991	65.464000	-2.710040	25.000000
16.742281	1.960653	3.141593	15.831349	2.836449	4.382660	65.464000	-2.149260	25.000000
16.742281	1.960653	3.141593	17.614047	2.498921	4.816111	65.464000	-1.051560	25.000000
16.742281	1.960653	3.141593	16.734459	2.710011	0.006571	65.464000	-0.490771	25.000000
16.742281	1.960653	3.141593	16.776788	2.704565	0.014506	65.464000	0.606929	25.000000
16.742281	1.960653	3.141593	17.521575	2.381570	1.851144	65.464000	1.167710	25.000000
16.742281	1.960653	3.141593	15.913127	2.886954	1.635705	65.464000	2.265410	25.000000
16.742281	1.960653	3.141593	16.455090	2.178827	3.111972	65.464000	2.826200	25.000000
16.742281	1.960653	3.141593	16.760370	2.592892	2.193705	65.464000	3.923900	25.000000
16.742281	1.960653	3.141593	16.553021	1.864999	3.214249	65.464000	4.484690	25.000000
16.742281	1.960653	3.141593	16.987690	1.912972	3.300988	65.464000	5.582390	25.000000
16.742281	1.960653	3.141593	16.746295	1.899123	3.222429	65.464000	6.143170	25.000000
16.742281	1.960653	3.141593	16.742189	1.937324	3.203692	65.464000	7.240870	25.000000
16.742281	1.960653	3.141593	16.790759	1.948999	3.164665	65.464000	7.801660	25.000000
16.742281	1.960653	3.141593	16.733143	1.956810	3.157140	65.464000	8.899360	25.000000
16.743206	1.960630	3.141593	16.732828	1.956818	3.127529	66.293300	-8.783200	25.000000
16.743206	1.960630	3.141593	16.732292	1.956831	3.130496	66.293300	-7.685500	25.000000
16.743206	1.960630	3.141593	16.708264	1.950961	3.097106	66.293300	-7.124720	25.000000
16.743206	1.960630	3.141593	16.749701	1.924394	3.100215	66.293300	-6.027020	25.000000
16.743206	1.960630	3.141593	16.889716	1.828223	2.972418	66.293300	-5.466230	25.000000
16.743206	1.960630	3.141593	16.584680	1.864421	3.044431	66.293300	-4.368530	25.000000
16.743206	1.960630	3.141593	16.695296	2.111938	3.017584	66.293300	-3.807740	25.000000
16.743206	1.960630	3.141593	16.758389	2.477806	3.710253	66.293300	-2.710040	25.000000
16.743206	1.960630	3.141593	16.748134	2.560592	3.926991	66.293300	-2.149260	25.000000
16.743206	1.960630	3.141593	16.867424	2.801265	4.129312	66.293300	-1.051560	25.000000
16.743206	1.960630	3.141593	16.727592	3.084148	0.028118	66.293300	-0.490771	25.000000
16.743206	1.960630	3.141593	16.733281	3.078512	0.095895	66.293300	0.606929	25.000000
16.743206	1.960630	3.141593	16.442019	2.766688	2.581233	66.293300	1.167710	25.000000
16.743206	1.960630	3.141593	17.080398	2.463340	2.270314	66.293300	2.265410	25.000000
16.743206	1.960630	3.141593	17.429644	2.002949	2.816845	66.293300	2.826200	25.000000
16.743206	1.960630	3.141593	15.914902	2.424942	3.362440	66.293300	3.923900	25.000000
16.743206	1.960630	3.141593	16.589768	1.832986	3.265483	66.293300	4.484690	25.000000
16.743206	1.960630	3.141593	16.827029	1.816930	3.305935	66.293300	5.582390	25.000000
16.743206	1.960630	3.141593	16.784591	1.929983	3.182970	66.293300	6.143170	25.000000
16.743206	1.960630	3.141593	16.709844	1.912541	3.215977	66.293300	7.240870	25.000000
16.743206	1.960630	3.141593	16.732789	1.956818	3.155463	66.293300	7.801660	25.000000
16.743206	1.960630	3.141593	16.789762	1.949023	3.161462	66.293300	8.899360	25.000000
16.743206	1.960630	3.141593	16.732651	1.956822	3.128432	67.122500	-8.783200	25.000000
16.743206	1.960630	3.141593	16.787509	1.949076	3.132426	67.122500	-7.685500	25.000000
16.743206	1.960630	3.141593	16.756539	1.943395	3.112114	67.122500	-7.124720	25.000000
16.743206	1.960630	3.141593	16.691483	1.932078	3.099310	67.122500	-6.027020	25.000000
16.743206	1.960630	3.141593	16.913025	1.895767	3.015226	67.122500	-5.466230	25.000000
16.743206	1.960630	3.141593	16.658860	1.807099	3.032708	67.122500	-4.368530	25.000000
16.743206	1.960630	3.141593	16.321107	2.253747	2.938380	67.122500	-3.807740	25.000000
16.743206	1.960630	3.141593	17.118816	1.916447	3.301830	67.122500	-2.710040	25.000000
16.743206	1.960630	3.141593	16.649625	2.457183	3.391180	67.122500	-2.149260	25.000000
16.743206	1.960630	3.141593	16.908282	2.567757	3.653982	67.122500	-1.051560	25.000000
16.743206	1.960630	3.141593	16.697926	2.831201	3.146887	67.122500	-0.490771	25.000000
16.743206	1.960630	3.141593	16.729372	2.825393	3.113139	67.122500	0.606929	25.000000
16.743206	1.960630	3.141593	16.839834	2.322528	2.827554	67.122500	1.167710	25.000000
16.743206	1.960630	3.141593	16.676930	2.567127	2.756988	67.122500	2.265410	25.000000
16.743206	1.960630	3.141593	17.044354	1.874671	2.999696	67.122500	2.826200	25.000000
16.743206	1.960630	3.141593	16.399390	2.115672	3.357168	67.122500	3.923900	25.000000
16.743206	1.960630	3.141593	16.753806	1.861370	3.279084	67.122500	4.484690	25.000000
16.743206	1.960630	3.141593	16.651114	1.764179	3.272931	67.122500	5.582390	25.000000
16.743206	1.960630	3.141593	16.823008	1.916461	3.201016	67.122500	6.143170	25.000000
16.743206	1.960630	3.141593	16.722787	1.937770	3.176194	67.122500	7.240870	25.000000
16.743206	1.960630	3.141593	16.696146	1.951252	3.158817	67.122500	7.801660	25.000000
16.743206	1.960630	3.141593	16.732475	1.956826	3.153786	67.122500	8.899360	25.000000
16.743206	1.960630	3.141593	16.732192	1.956833	3.131141	67.951800	-7.685500	25.000000
16.743206	1.960630	3.141593	16.753674	1.943462	3.119801	67.951800	-7.124720	25.000000
16.743206	1.960630	3.141593	16.817443	1.935607	3.104667	67.951800	-6.027020	25.000000
16.743206	1.960630	3.141593	16.578709	1.851950	3.082542	67.951800	-5.466230	25.000000
16.743206	1.960630	3.141593	16.916607	1.877040	3.014777	67.951800	-4.368530	25.000000
16.743206	1.960630	3.141593	16.795642	1.780722	3.084338	67.951800	-3.807740	25.000000
16.743206	1.960630	3.141593	16.714308	2.016141	3.035987	67.951800	-2.710040	25.000000
16.743206	1.960630	3.141593	16.490603	2.359578	3.201864	67.951800	-2.149260	25.000000
16.743206	1.960630	3.141593	16.965600	2.179428	3.319261	67.951800	-1.051560	25.000000
16.743206	1.960630	3.141593	16.760987	2.487351	3.144142	67.951800	-0.490771	25.000000
16.743206	1.960630	3.141593	16.743861	2.478917	3.125672	67.951800	0.606929	25.000000
16.743206	1.960630	3.141593	16.909231	2.077093	3.032504	67.951800	1.167710	25.000000
16.743206	1.960630	3.141593	16.488590	2.317547	3.012318	67.951800	2.265410	25.000000
16.743206	1.960630	3.141593	16.731781	1.912075	3.233688	67.951800	2.826200	25.000000
16.743206	1.960630	3.141593	16.688586	1.727229	3.243072	67.951800	3.923900	25.000000
16.743206	1.960630	3.141593	16.883664	1.816087	3.289275	67.951800	4.484690	25.000000
16.743206	1.960630	3.141593	16.585310	1.851835	3.207535	67.951800	5.582390	25.000000
16.743206	1.960630	3.141593	16.754787	1.924282	3.190598	67.951800	6.143170	25.000000
16.743206	1.960630	3.141593	16.812439	1.935721	3.167701	67.951800	7.240870	25.000000
16.743206	1.960630	3.141593	16.732202	1.956833	3.152108	67.951800	7.801660	25.000000
16.743206	1.960630	3.141593	16.788503	1.949052	3.156463	67.951800	8.899360	25.000000
16.743206	1.960630	3.141593	16.787241	1.949082	3.134734	68.781000	-8.783200	25.000000
16.743206	1.960630	3.141593	16.732192	1.956833	3.131141	68.781000	-7.685500	25.000000
16.743206	1.960630	3.141593	16.789949	1.949018	3.121083	68.781000	-7.124720	25.000000
16.743206	1.960630	3.141593	16.813197	1.935703	3.113575	68.781000	-6.027020	25.000000
16.743206	1.960630	3.141593	16.794490	1.866865	3.052454	68.781000	-5.466230	25.000000
16.743206	1.960630	3.141593	16.689985	1.912965	3.088140	68.781000	-4.368530	25.000000
16.743206	1.960630	3.141593	16.781192	1.787003	3.036460	68.781000	-3.807740	25.000000
16.743206	1.960630	3.141593	16.696874	1.788112	3.028497	68.781000	-2.710040	25.000000
16.743206	1.960630	3.141593	16.625728	2.093502	3.113406	68.781000	-2.149260	25.000000
16.743206	1.960630	3.141593	16.921225	1.901846	3.159028	68.781000	-1.051560	25.000000
16.743206	1.960630	3.141593	16.753836	2.173697	3.143911	68.781000	-0.490771	25.000000
16.743206	1.960630	3.141593	16.725371	2.160412	3.127565	68.781000	0.606929	25.000000
16.743206	1.960630	3.141593	16.654681	2.031211	3.089291	68.781000	1.167710	25.000000
16.743206	1.960630	3.141593	16.784000	1.829882	3.195799	68.781000	2.265410	25.000000
16.743206	1.960630	3.141593	16.900414	1.710896	3.268616	68.781000	2.826200	25.000000
16.743206	1.960630	3.141593	16.756951	1.747765	3.249103	68.781000	3.923900	25.000000
16.743206	1.960630	3.141593	16.828856	1.891185	3.236901	68.781000	4.484690	25.000000
16.743206	1.960630	3.141593	16.672540	1.825451	3.207336	68.781000	5.582390	25.000000
16.743206	1.960630	3.141593	16.754092	1.943452	3.164665	68.781000	6.143170	25.000000
16.743206	1.960630	3.141593	16.688862	1.932138	3.179395	68.781000	7.240870	25.000000
16.743206	1.960630	3.141593	16.732579	1.956824	3.154366	68.781000	7.801660	25.000000
16.743206	1.960630	3.141593	16.824698	1.954599	3.150759	68.781000	8.899360	25.000000
16.742281	1.960653	3.141593	16.694486	1.951291	3.133464	69.610200	-8.783200	25.000000
16.742281	1.960653	3.141593	16.755168	1.943427	3.115509	69.610200	-7.124720	25.000000
16.742281	1.960653	3.141593	16.751708	1.943508	3.127299	69.610200	-6.027020	25.000000
16.742281	1.960653	3.141593	16.716127	1.918764	3.098943	69.610200	-5.466230	25.000000
16.742281	1.960653	3.141593	16.825947	1.878744	3.076062	69.610200	-4.368530	25.000000
16.742281	1.960653	3.141593	16.889038	1.743361	3.012616	69.610200	-3.807740	25.000000
16.742281	1.960653	3.141593	16.632080	1.813676	3.067814	69.610200	-2.710040	25.000000
16.742281	1.960653	3.141593	16.672924	1.806896	3.105805	69.610200	-2.149260	25.000000
16.742281	1.960653	3.141593	16.769917	1.726464	3.051534	69.610200	-1.051560	25.000000
16.742281	1.960653	3.141593	16.744614	1.849090	3.134760	69.610200	-0.490771	25.000000
16.742281	1.960653	3.141593	16.763205	1.873678	3.137155	69.610200	0.606929	25.000000
16.742281	1.960653	3.141593	16.728658	1.768146	3.163540	69.610200	1.167710	25.000000
16.742281	1.960653	3.141593	16.764847	1.675972	3.234696	69.610200	2.265410	25.000000
16.742281	1.960653	3.141593	16.732881	1.791923	3.265644	69.610200	2.826200	25.000000
16.742281	1.960653	3.141593	16.679164	1.691600	3.225035	69.610200	3.923900	25.000000
16.742281	1.960653	3.141593	16.687073	1.913027	3.191233	69.610200	4.484690	25.000000
16.742281	1.960653	3.141593	16.742667	1.861569	3.212101	69.610200	5.582390	25.000000
16.742281	1.960653	3.141593	16.698111	1.951204	3.165459	69.610200	6.143170	25.000000
16.742281	1.960653	3.141593	16.812198	1.935726	3.167065	69.610200	7.240870	25.000000
16.742281	1.960653	3.141593	16.824889	1.954595	3.152105	69.610200	8.899360	25.000000
16.743206	1.960630	3.141593	16.751224	1.943519	3.129862	70.439500	-7.124720	25.000000
16.743206	1.960630	3.141593	16.697372	1.951222	3.119983	70.439500	-6.027020	25.000000
16.743206	1.960630	3.141593	16.848442	1.903331	3.085049	70.439500	-5.466230	25.000000
16.743206	1.960630	3.141593	16.741864	1.924566	3.116120	70.439500	-4.368530	25.000000
16.743206	1.960630	3.141593	16.574755	1.808321	3.107444	70.439500	-3.807740	25.000000
16.743206	1.960630	3.141593	16.826494	1.816938	3.020582	70.439500	-2.710040	25.000000
16.743206	1.960630	3.141593	16.671848	1.706773	3.094960	70.439500	-2.149260	25.000000
16.743206	1.960630	3.141593	16.867507	1.678907	3.050825	70.439500	-1.051560	25.000000
16.743206	1.960630	3.141593	16.770215	1.662157	3.135844	70.439500	-0.490771	25.000000
16.743206	1.960630	3.141593	16.694271	1.677020	3.137014	70.439500	0.606929	25.000000
16.743206	1.960630	3.141593	16.643383	1.690650	3.195480	70.439500	1.167710	25.000000
16.743206	1.960630	3.141593	16.787537	1.645325	3.211538	70.439500	2.265410	25.000000
16.743206	1.960630	3.141593	16.803583	1.811148	3.263212	70.439500	2.826200	25.000000
16.743206	1.960630	3.141593	16.582247	1.783465	3.174297	70.439500	3.923900	25.000000
16.743206	1.960630	3.141593	16.764844	1.892452	3.166745	70.439500	4.484690	25.000000
16.743206	1.960630	3.141593	16.794058	1.910758	3.206060	70.439500	5.582390	25.000000
16.743206	1.960630	3.141593	16.715876	1.937929	3.157361	70.439500	6.143170	25.000000
16.743206	1.960630	3.141593	16.790977	1.948994	3.165306	70.439500	7.240870	25.000000
16.742281	1.960653	3.141593	16.788806	1.949045	3.125376	71.268700	-7.124720	25.000000
16.742281	1.960653	3.141593	16.694907	1.951281	3.130432	71.268700	-6.027020	25.000000
16.742281	1.960653	3.141593	16.799405	1.916967	3.122608	71.268700	-5.466230	25.000000
16.742281	1.960653	3.141593	16.786188	1.929947	3.097672	71.268700	-4.368530	25.000000
16.742281	1.960653	3.141593	16.769365	1.873564	3.112851	71.268700	-3.807740	25.000000
16.742281	1.960653	3.141593	16.744121	1.836697	3.058554	71.268700	-2.710040	25.000000
16.742281	1.960653	3.141593	16.772895	1.766403	3.061278	71.268700	-2.149260	25.000000
16.742281	1.960653	3.141593	16.671449	1.711621	3.113721	71.268700	-1.051560	25.000000
16.742281	1.960653	3.141593	16.705255	1.682972	3.135990	71.268700	-0.490771	25.000000
16.742281	1.960653	3.141593	16.695204	1.677617	3.139304	71.268700	0.606929	25.000000
16.742281	1.960653	3.141593	16.635408	1.738698	3.155006	71.268700	1.167710	25.000000
16.742281	1.960653	3.141593	16.831949	1.715671	3.223338	71.268700	2.265410	25.000000
16.742281	1.960653	3.141593	16.793216	1.823581	3.227185	71.268700	2.826200	25.000000
16.742281	1.960653	3.141593	16.680591	1.856429	3.165963	71.268700	3.923900	25.000000
16.742281	1.960653	3.141593	16.781192	1.911030	3.190920	71.268700	4.484690	25.000000
16.742281	1.960653	3.141593	16.705212	1.919001	3.160062	71.268700	5.582390	25.000000
16.742281	1.960653	3.141593	16.751148	1.943521	3.152874	71.268700	6.143170	25.000000
16.742281	1.960653	3.141593	16.697097	1.951229	3.162299	71.268700	7.240870	25.000000
16.743206	1.960630	3.141593	16.788448	1.949054	3.126978	72.098000	-7.124720	25.000000
16.743206	1.960630	3.141593	16.787343	1.949080	3.133772	72.098000	-6.027020	25.000000
16.743206	1.960630	3.141593	16.738805	1.924634	3.126307	72.098000	-5.466230	25.000000
16.743206	1.960630	3.141593	16.721845	1.937791	3.108912	72.098000	-4.368530	25.000000
16.743206	1.960630	3.141593	16.766502	1.873617	3.120346	72.098000	-3.807740	25.000000
16.743206	1.960630	3.141593	16.786974	1.892013	3.081915	72.098000	-2.710040	25.000000
16.743206	1.960630	3.141593	16.773622	1.781002	3.118426	72.098000	-2.149260	25.000000
16.743206	1.960630	3.141593	16.757673	1.824129	3.088556	72.098000	-1.051560	25.000000
16.743206	1.960630	3.141593	16.690528	1.757615	3.137873	72.098000	-0.490771	25.000000
16.743206	1.960630	3.141593	16.807457	1.762357	3.140078	72.098000	0.606929	25.000000
16.743206	1.960630	3.141593	16.617668	1.795333	3.149617	72.098000	1.167710	25.000000
16.743206	1.960630	3.141593	16.840736	1.792309	3.201278	72.098000	2.265410	25.000000
16.743206	1.960630	3.141593	16.637596	1.888668	3.164374	72.098000	2.826200	25.000000
16.743206	1.960630	3.141593	16.700299	1.856083	3.197783	72.098000	3.923900	25.000000
16.743206	1.960630	3.141593	16.816765	1.935622	3.177246	72.098000	4.484690	25.000000
16.743206	1.960630	3.141593	16.704565	1.919015	3.157515	72.098000	5.582390	25.000000
16.743206	1.960630	3.141593	16.733129	1.956810	3.157075	72.098000	6.143170	25.000000
16.743206	1.960630	3.141593	16.751027	1.943524	3.152105	72.098000	7.240870	25.000000
16.743206	1.960630	3.141593	16.787833	1.949068	3.130247	72.927200	-7.124720	25.000000
16.743206	1.960630	3.141593	16.694387	1.951294	3.134367	72.927200	-6.027020	25.000000
16.743206	1.960630	3.141593	16.751430	1.943514	3.128709	72.927200	-5.466230	25.000000
16.743206	1.960630	3.141593	16.811779	1.935736	3.117266	72.927200	-4.368530	25.000000
16.743206	1.960630	3.141593	16.637235	1.907718	3.126307	72.927200	-3.807740	25.000000
16.743206	1.960630	3.141593	16.806133	1.897910	3.098224	72.927200	-2.710040	25.000000
16.743206	1.960630	3.141593	16.788615	1.835976	3.126779	72.927200	-2.149260	25.000000
16.743206	1.960630	3.141593	16.715992	1.862047	3.102862	72.927200	-1.051560	25.000000
16.743206	1.960630	3.141593	16.710822	1.818677	3.139148	72.927200	-0.490771	25.000000
16.743206	1.960630	3.141593	16.710784	1.818678	3.140537	72.927200	0.606929	25.000000
16.743206	1.960630	3.141593	16.701560	1.837392	3.179463	72.927200	1.167710	25.000000
16.743206	1.960630	3.141593	16.676798	1.856496	3.151592	72.927200	2.265410	25.000000
16.743206	1.960630	3.141593	16.702003	1.881105	3.164859	72.927200	2.826200	25.000000
16.743206	1.960630	3.141593	16.772075	1.911222	3.176389	72.927200	3.923900	25.000000
16.743206	1.960630	3.141593	16.772988	1.930243	3.153184	72.927200	4.484690	25.000000
16.743206	1.960630	3.141593	16.777745	1.930136	3.169547	72.927200	5.582390	25.000000
16.743206	1.960630	3.141593	16.694407	1.951293	3.149012	72.927200	6.143170	25.000000
16.743206	1.960630	3.141593	16.788264	1.949058	3.155310	72.927200	7.240870	25.000000
16.743206	1.960630	3.141593	16.694232	1.951297	3.147141	72.927200	7.801660	25.000000
16.743206	1.960630	3.141593	16.694287	1.951296	3.135399	73.756500	-7.124720	25.000000
16.743206	1.960630	3.141593	16.695974	1.951256	3.125078	73.756500	-5.466230	25.000000
16.743206	1.960630	3.141593	16.715227	1.937943	3.128965	73.756500	-4.368530	25.000000
16.743206	1.960630	3.141593	16.735184	1.905669	3.115017	73.756500	-3.807740	25.000000
16.743206	1.960630	3.141593	16.739262	1.924624	3.124397	73.756500	-2.710040	25.000000
16.743206	1.960630	3.141593	16.793469	1.879359	3.135155	73.756500	-2.149260	25.000000
16.743206	1.960630	3.141593	16.800477	1.879226	3.110603	73.756500	-1.051560	25.000000
16.743206	1.960630	3.141593	16.704496	1.862253	3.140774	73.756500	-0.490771	25.000000
16.743206	1.960630	3.141593	16.704511	1.862253	3.139968	73.756500	0.606929	25.000000
16.743206	1.960630	3.141593	16.730454	1.886842	3.156749	73.756500	1.167710	25.000000
16.743206	1.960630	3.141593	16.736153	1.867929	3.160216	73.756500	2.265410	25.000000
16.743206	1.960630	3.141593	16.705388	1.918997	3.160699	73.756500	2.826200	25.000000
16.743206	1.960630	3.141593	16.734004	1.905694	3.165006	73.756500	3.923900	25.000000
16.743206	1.960630	3.141593	16.809889	1.935779	3.159871	73.756500	4.484690	25.000000
16.743206	1.960630	3.141593	16.751336	1.943516	3.153964	73.756500	5.582390	25.000000
16.743206	1.960630	3.141593	16.694264	1.951297	3.147528	73.756500	6.143170	25.000000
16.743206	1.960630	3.141593	16.787822	1.949068	3.152874	73.756500	7.240870	25.000000
16.743206	1.960630	3.141593	16.694335	1.951295	3.134883	74.585700	-6.027020	25.000000
16.743206	1.960630	3.141593	16.657797	1.945713	3.131980	74.585700	-5.466230	25.000000
16.743206	1.960630	3.141593	16.751491	1.943513	3.128388	74.585700	-4.368530	25.000000
16.743206	1.960630	3.141593	16.705994	1.918984	3.120449	74.585700	-3.807740	25.000000
16.743206	1.960630	3.141593	16.808288	1.935815	3.130829	74.585700	-2.710040	25.000000
16.743206	1.960630	3.141593	16.761375	1.892521	3.128449	74.585700	-2.149260	25.000000
16.743206	1.960630	3.141593	16.764472	1.911383	3.127796	74.585700	-1.051560	25.000000
16.743206	1.960630	3.141593	16.728721	1.886876	3.140970	74.585700	-0.490771	25.000000
16.743206	1.960630	3.141593	16.728728	1.886876	3.140461	74.585700	0.606929	25.000000
16.743206	1.960630	3.141593	16.731872	1.905738	3.157794	74.585700	1.167710	25.000000
16.743206	1.960630	3.141593	16.760553	1.892537	3.149580	74.585700	2.265410	25.000000
16.743206	1.960630	3.141593	16.737704	1.924658	3.150764	74.585700	2.826200	25.000000
16.743206	1.960630	3.141593	16.706319	1.918977	3.163755	74.585700	3.923900	25.000000
16.743206	1.960630	3.141593	16.788091	1.949062	3.154412	74.585700	4.484690	25.000000
16.743206	1.960630	3.141593	16.714961	1.937950	3.152682	74.585700	5.582390	25.000000
16.743206	1.960630	3.141593	16.787267	1.949082	3.148708	74.585700	7.240870	25.000000
16.743206	1.960630	3.141593	16.787930	1.949066	3.129670	75.415000	-5.466230	25.000000
16.743206	1.960630	3.141593	16.694276	1.951296	3.135528	75.415000	-4.368530	25.000000
16.743206	1.960630	3.141593	16.714712	1.937955	3.132170	75.415000	-3.807740	25.000000
16.743206	1.960630	3.141593	16.644906	1.926719	3.126850	75.415000	-2.710040	25.000000
16.743206	1.960630	3.141593	16.763631	1.911400	3.132795	75.415000	-2.149260	25.000000
16.743206	1.960630	3.141593	16.703560	1.919037	3.130765	75.415000	-1.051560	25.000000
16.743206	1.960630	3.141593	16.729918	1.905779	3.140833	75.415000	-0.490771	25.000000
16.743206	1.960630	3.141593	16.729916	1.905779	3.141048	75.415000	0.606929	25.000000
16.743206	1.960630	3.141593	16.764284	1.911387	3.154440	75.415000	1.167710	25.000000
16.743206	1.960630	3.141593	16.702854	1.919052	3.146242	75.415000	2.265410	25.000000
16.743206	1.960630	3.141593	16.680348	1.932331	3.157809	75.415000	2.826200	25.000000
16.743206	1.960630	3.141593	16.714462	1.937961	3.148964	75.415000	3.923900	25.000000
16.743206	1.960630	3.141593	16.695294	1.951272	3.154947	75.415000	4.484690	25.000000
16.743206	1.960630	3.141593	16.657353	1.945723	3.147141	75.415000	5.582390	25.000000
16.743206	1.960630	3.141593	16.694414	1.951293	3.149076	75.415000	6.143170	25.000000
16.743206	1.960630	3.141593	16.787029	1.949087	3.137362	76.244200	-6.027020	25.000000
16.743206	1.960630	3.141593	16.787535	1.949075	3.132234	76.244200	-5.466230	25.000000
16.743206	1.960630	3.141593	16.787072	1.949086	3.136721	76.244200	-4.368530	25.000000
16.743206	1.960630	3.141593	16.714636	1.937957	3.132747	76.244200	-3.807740	25.000000
16.743206	1.960630	3.141593	16.750887	1.943527	3.132042	76.244200	-2.710040	25.000000
16.743206	1.960630	3.141593	16.772231	1.930260	3.135988	76.244200	-2.149260	25.000000
16.743206	1.960630	3.141593	16.737662	1.924659	3.132739	76.244200	-1.051560	25.000000
16.743206	1.960630	3.141593	16.737088	1.924672	3.140898	76.244200	-0.490771	25.000000
16.743206	1.960630	3.141593	16.702695	1.919056	3.141287	76.244200	0.606929	25.000000
16.743206	1.960630	3.141593	16.772191	1.930261	3.146688	76.244200	1.167710	25.000000
16.743206	1.960630	3.141593	16.737537	1.924662	3.149427	76.244200	2.265410	25.000000
16.743206	1.960630	3.141593	16.750647	1.943532	3.149221	76.244200	2.826200	25.000000
16.743206	1.960630	3.141593	16.714841	1.937952	3.151913	76.244200	3.923900	25.000000
16.743206	1.960630	3.141593	16.787168	1.949084	3.147682	76.244200	4.484690	25.000000
16.743206	1.960630	3.141593	16.750776	1.943529	3.150310	76.244200	5.582390	25.000000
16.742281	1.960653	3.141593	16.786950	1.949089	3.138964	77.073400	-7.124720	25.000000
16.742281	1.960653	3.141593	16.787350	1.949080	3.133708	77.073400	-5.466230	25.000000
16.742281	1.960653	3.141593	16.750342	1.943540	3.137554	77.073400	-3.807740	25.000000
16.742281	1.960653	3.141593	16.750960	1.943525	3.131529	77.073400	-2.710040	25.000000
16.742281	1.960653	3.141593	16.714548	1.937959	3.133452	77.073400	-2.149260	25.000000
16.742281	1.960653	3.141593	16.678482	1.932373	3.138900	77.073400	-1.051560	25.000000
16.742281	1.960653	3.141593	16.772003	1.930265	3.141045	77.073400	-0.490771	25.000000
16.742281	1.960653	3.141593	16.772001	1.930265	3.141376	77.073400	0.606929	25.000000
16.742281	1.960653	3.141593	16.772361	1.930257	3.148599	77.073400	1.167710	25.000000
16.742281	1.960653	3.141593	16.807489	1.935833	3.144204	77.073400	2.265410	25.000000
16.742281	1.960653	3.141593	16.750960	1.943525	3.151656	77.073400	2.826200	25.000000
16.742281	1.960653	3.141593	16.620868	1.940128	3.145270	77.073400	3.923900	25.000000
16.742281	1.960653	3.141593	16.787241	1.949082	3.148452	77.073400	5.582390	25.000000
16.743206	1.960630	3.141593	16.694134	1.951300	3.137464	77.902700	-5.466230	25.000000
16.743206	1.960630	3.141593	16.750346	1.943539	3.137490	77.902700	-3.807740	25.000000
16.743206	1.960630	3.141593	16.694347	1.951295	3.134754	77.902700	-2.710040	25.000000
16.743206	1.960630	3.141593	16.750374	1.943539	3.137041	77.902700	-2.149260	25.000000
16.743206	1.960630	3.141593	16.714167	1.937968	3.137875	77.902700	-1.051560	25.000000
16.743206	1.960630	3.141593	16.714067	1.937970	3.141176	77.902700	-0.490771	25.000000
16.743206	1.960630	3.141593	16.714066	1.937970	3.141413	77.902700	0.606929	25.000000
16.743206	1.960630	3.141593	16.714287	1.937965	3.147105	77.902700	1.167710	25.000000
16.743206	1.960630	3.141593	16.714089	1.937970	3.143388	77.902700	2.265410	25.000000
16.743206	1.960630	3.141593	16.787152	1.949084	3.147490	77.902700	2.826200	25.000000
16.743206	1.960630	3.141593	16.750383	1.943539	3.146272	77.902700	3.923900	25.000000
16.743206	1.960630	3.141593	16.787186	1.949084	3.147875	77.902700	4.484690	25.000000
16.743206	1.960630	3.141593	16.787163	1.949084	3.135567	78.731900	-2.710040	25.000000
16.743206	1.960630	3.141593	16.750379	1.943539	3.136977	78.731900	-2.149260	25.000000
16.743206	1.960630	3.141593	16.750244	1.943542	3.139926	78.731900	-1.051560	25.000000
16.743206	1.960630	3.141593	16.750225	1.943542	3.141283	78.731900	-0.490771	25.000000
16.743206	1.960630	3.141593	16.750224	1.943542	3.141432	78.731900	0.606929	25.000000
16.743206	1.960630	3.141593	16.750282	1.943541	3.144413	78.731900	1.167710	25.000000
16.743206	1.960630	3.141593	16.787130	1.949085	3.147234	78.731900	2.826200	25.000000
16.743206	1.960630	3.141593	16.750272	1.943541	3.144157	78.731900	3.923900	25.000000
16.743206	1.960630	3.141593	16.694166	1.951299	3.146238	78.731900	5.582390	25.000000
16.743206	1.960630	3.141593	16.694122	1.951300	3.137657	79.561200	-3.807740	25.000000
16.743206	1.960630	3.141593	16.750241	1.943542	3.140054	79.561200	-2.149260	25.000000
16.743206	1.960630	3.141593	16.786977	1.949088	3.138323	79.561200	-1.051560	25.000000
16.743206	1.960630	3.141593	16.786900	1.949090	3.141359	79.561200	-0.490771	25.000000
16.743206	1.960630	3.141593	16.786938	1.949089	3.143900	79.561200	2.265410	25.000000
16.743206	1.960630	3.141593	16.786968	1.949089	3.144670	79.561200	2.826200	25.000000
16.743206	1.960630	3.141593	16.786900	1.949090	3.141415	80.390400	-0.490771	25.000000
16.743206	1.960630	3.141593	16.786900	1.949090	3.141471	80.390400	0.606929	25.000000
16.743206	1.960630	3.141593	16.786963	1.949089	3.138631	81.219700	-3.807740	25.000000
16.743206	1.960630	3.141593	16.786904	1.949090	3.142400	81.219700	2.265410	25.000000
