7.722558	1.770633	0.785398	7.836686	1.774325	0.775025	-89.026400	-77.382100	25.000000
7.722558	1.770633	0.785398	7.827756	1.774769	0.773018	-89.026400	-76.836000	25.000000
7.722558	1.770633	0.785398	7.827655	1.774706	0.773018	-89.026400	-75.738300	25.000000
7.721865	1.770651	0.785305	7.813100	1.774830	0.771831	-89.026400	-75.192200	25.000000
7.721865	1.770651	0.785305	7.800515	1.774326	0.773282	-89.026400	-74.094500	25.000000
7.722558	1.770633	0.785398	7.787810	1.774152	0.773337	-89.026400	-73.548500	25.000000
7.721865	1.770651	0.785305	7.772063	1.773479	0.775162	-89.026400	-72.450700	25.000000
7.721865	1.770651	0.785492	7.907201	1.776669	0.772926	-88.204500	-79.025900	25.000000
7.721865	1.770651	0.785492	7.913369	1.777875	0.769391	-88.204500	-78.479800	25.000000
7.721865	1.770651	0.785492	7.940351	1.779207	0.766315	-88.204500	-77.382100	25.000000
7.721865	1.770651	0.785492	7.923138	1.780144	0.762168	-88.204500	-76.836000	25.000000
7.721865	1.770651	0.785492	7.920198	1.779939	0.762479	-88.204500	-75.738300	25.000000
7.721172	1.770669	0.785398	7.889761	1.780045	0.760346	-88.204500	-75.192200	25.000000
7.721172	1.770669	0.785398	7.861924	1.778560	0.763401	-88.204500	-74.094500	25.000000
7.721865	1.770651	0.785492	7.837174	1.777948	0.764007	-88.204500	-73.548500	25.000000
7.721172	1.770669	0.785398	7.804132	1.776338	0.767691	-88.204500	-72.450700	25.000000
7.721865	1.770651	0.785492	7.791323	1.775553	0.769742	-88.204500	-71.904700	25.000000
7.721865	1.770651	0.785492	7.764987	1.774337	0.772734	-88.204500	-70.807000	25.000000
7.721865	1.770651	0.785492	7.760581	1.773691	0.774924	-88.204500	-70.260900	25.000000
7.721172	1.770669	0.785398	7.947421	1.778003	0.774661	-87.382600	-80.669600	25.000000
7.721865	1.770651	0.785492	7.998007	1.779957	0.772130	-87.382600	-80.123600	25.000000
7.721865	1.770651	0.785492	8.081451	1.785093	0.762779	-87.382600	-79.025900	25.000000
7.721865	1.770651	0.785492	8.101247	1.788061	0.755591	-87.382600	-78.479800	25.000000
7.721865	1.770651	0.785492	8.163363	1.791652	0.748924	-87.382600	-77.382100	25.000000
7.721865	1.770651	0.785492	8.127249	1.793860	0.740172	-87.382600	-76.836000	25.000000
7.721865	1.770651	0.785492	8.119109	1.793077	0.740954	-87.382600	-75.738300	25.000000
7.721172	1.770669	0.785398	8.052406	1.792862	0.736847	-87.382600	-75.192200	25.000000
7.721172	1.770669	0.785398	7.983755	1.788603	0.743713	-87.382600	-74.094500	25.000000
7.721865	1.770651	0.785492	7.934377	1.786651	0.745992	-87.382600	-73.548500	25.000000
7.721172	1.770669	0.785398	7.861078	1.782472	0.753559	-87.382600	-72.450700	25.000000
7.721865	1.770651	0.785492	7.839703	1.780449	0.758422	-87.382600	-71.904700	25.000000
7.721865	1.770651	0.785492	7.787312	1.777693	0.764075	-87.382600	-70.807000	25.000000
7.721865	1.770651	0.785492	7.782430	1.776210	0.768515	-87.382600	-70.260900	25.000000
7.721865	1.770651	0.785492	7.750934	1.774672	0.772048	-87.382600	-69.163200	25.000000
7.721172	1.770669	0.785398	7.752281	1.773753	0.775229	-87.382600	-68.617100	25.000000
7.721172	1.770669	0.785398	8.140324	1.787454	0.767413	-86.560700	-80.669600	25.000000
7.721865	1.770651	0.785492	8.259559	1.792288	0.763914	-86.560700	-80.123600	25.000000
7.721865	1.770651	0.785492	8.440156	1.805427	0.744759	-86.560700	-79.025900	25.000000
7.721865	1.770651	0.785492	8.495196	1.812659	0.730935	-86.560700	-78.479800	25.000000
7.721865	1.770651	0.785492	8.639471	1.821998	0.716886	-86.560700	-77.382100	25.000000
7.721865	1.770651	0.785492	8.566566	1.827078	0.698158	-86.560700	-76.836000	25.000000
7.721865	1.770651	0.785492	8.554468	1.825431	0.699015	-86.560700	-75.738300	25.000000
7.721172	1.770669	0.785398	8.414364	1.824754	0.689401	-86.560700	-75.192200	25.000000
7.721172	1.770669	0.785398	8.243866	1.813321	0.703432	-86.560700	-74.094500	25.000000
7.721865	1.770651	0.785492	8.141145	1.807425	0.710134	-86.560700	-73.548500	25.000000
7.721172	1.770669	0.785398	7.967204	1.796449	0.725517	-86.560700	-72.450700	25.000000
7.721865	1.770651	0.785492	7.931658	1.791052	0.737463	-86.560700	-71.904700	25.000000
7.721865	1.770651	0.785492	7.822004	1.784527	0.748184	-86.560700	-70.807000	25.000000
7.721865	1.770651	0.785492	7.818936	1.781132	0.757708	-86.560700	-70.260900	25.000000
7.721865	1.770651	0.785492	7.760715	1.777846	0.763853	-86.560700	-69.163200	25.000000
7.721172	1.770669	0.785398	7.766523	1.775992	0.769849	-86.560700	-68.617100	25.000000
7.721172	1.770669	0.785398	7.737275	1.774416	0.773145	-86.560700	-67.519400	25.000000
7.722558	1.770633	0.785398	8.070750	1.784075	0.776389	-85.738900	-82.313400	25.000000
7.721865	1.770651	0.785305	8.268223	1.788161	0.781510	-85.738900	-81.767300	25.000000
7.721865	1.770651	0.785305	8.500756	1.808187	0.756348	-85.738900	-80.669600	25.000000
7.722558	1.770633	0.785398	8.723634	1.817962	0.751301	-85.738900	-80.123600	25.000000
7.722558	1.770633	0.785398	8.930444	1.830467	0.729676	-85.738900	-79.025900	25.000000
7.722558	1.770633	0.785398	8.913811	1.834912	0.714301	-85.738900	-78.479800	25.000000
7.722558	1.770633	0.785398	8.996327	1.836888	0.705741	-85.738900	-77.382100	25.000000
7.722558	1.770633	0.785398	8.790609	1.830868	0.684495	-85.738900	-76.836000	25.000000
7.722558	1.770633	0.785398	9.004726	1.845403	0.666414	-85.738900	-75.738300	25.000000
7.721865	1.770651	0.785305	8.992653	1.871226	0.624396	-85.738900	-75.192200	25.000000
7.721865	1.770651	0.785305	8.866727	1.868802	0.633591	-85.738900	-74.094500	25.000000
7.722558	1.770633	0.785398	8.616037	1.856732	0.640039	-85.738900	-73.548500	25.000000
7.721865	1.770651	0.785305	8.186649	1.829605	0.667281	-85.738900	-72.450700	25.000000
7.722558	1.770633	0.785398	8.121331	1.814949	0.697656	-85.738900	-71.904700	25.000000
7.722558	1.770633	0.785398	7.875786	1.799140	0.717459	-85.738900	-70.807000	25.000000
7.722558	1.770633	0.785398	7.882666	1.790922	0.739062	-85.738900	-70.260900	25.000000
7.722558	1.770633	0.785398	7.771432	1.783859	0.749689	-85.738900	-69.163200	25.000000
7.721865	1.770651	0.785305	7.788495	1.780010	0.761348	-85.738900	-68.617100	25.000000
7.721865	1.770651	0.785305	7.739075	1.776981	0.766635	-85.738900	-67.519400	25.000000
7.721865	1.770651	0.785305	7.751573	1.775195	0.772607	-85.738900	-66.973300	25.000000
7.721865	1.770651	0.785305	7.727842	1.773862	0.775150	-85.738900	-65.875600	25.000000
7.722558	1.770633	0.785398	8.127280	1.780153	0.794266	-84.917000	-83.411100	25.000000
7.722558	1.770633	0.785398	8.316610	1.798327	0.773380	-84.917000	-82.313400	25.000000
7.721865	1.770651	0.785305	8.685763	1.807499	0.783824	-84.917000	-81.767300	25.000000
7.721865	1.770651	0.785305	9.042333	1.841040	0.745992	-84.917000	-80.669600	25.000000
7.722558	1.770633	0.785398	8.892874	1.834372	0.716162	-84.917000	-80.123600	25.000000
7.722558	1.770633	0.785398	7.591038	1.528088	0.807546	-84.917000	-79.025900	25.000000
7.722558	1.770633	0.785398	7.199211	1.333894	0.909127	-84.917000	-78.479800	25.000000
7.722558	1.770633	0.785398	7.061147	1.105333	1.051998	-84.917000	-77.382100	25.000000
7.722558	1.770633	0.785398	7.899280	1.049920	1.132798	-84.917000	-76.836000	25.000000
7.722558	1.770633	0.785398	7.840296	1.200560	0.961884	-84.917000	-75.738300	25.000000
7.721865	1.770651	0.785305	8.275103	1.447501	0.863962	-84.917000	-75.192200	25.000000
7.721865	1.770651	0.785305	8.864668	1.815322	0.687450	-84.917000	-74.094500	25.000000
7.722558	1.770633	0.785398	8.746983	1.878943	0.578399	-84.917000	-73.548500	25.000000
7.721865	1.770651	0.785305	8.777077	1.894679	0.580609	-84.917000	-72.450700	25.000000
7.722558	1.770633	0.785398	8.548134	1.868489	0.623160	-84.917000	-71.904700	25.000000
7.722558	1.770633	0.785398	7.967333	1.832258	0.653277	-84.917000	-70.807000	25.000000
7.722558	1.770633	0.785398	8.001002	1.810930	0.706429	-84.917000	-70.260900	25.000000
7.722558	1.770633	0.785398	7.778452	1.795635	0.723990	-84.917000	-69.163200	25.000000
7.721865	1.770651	0.785305	7.822852	1.787264	0.747907	-84.917000	-68.617100	25.000000
7.721865	1.770651	0.785305	7.737136	1.781446	0.756095	-84.917000	-67.519400	25.000000
7.721865	1.770651	0.785305	7.762845	1.778091	0.766650	-84.917000	-66.973300	25.000000
7.721865	1.770651	0.785305	7.726497	1.775722	0.770526	-84.917000	-65.875600	25.000000
7.722558	1.770633	0.785398	7.739508	1.774264	0.775416	-84.917000	-65.329600	25.000000
7.722558	1.770633	0.785398	7.947202	1.773986	0.796100	-84.095100	-85.054900	25.000000
7.722558	1.770633	0.785398	8.044791	1.784354	0.785416	-84.095100	-83.957200	25.000000
7.722558	1.770633	0.785398	8.379528	1.788857	0.804492	-84.095100	-83.411100	25.000000
7.722558	1.770633	0.785398	8.658839	1.820137	0.774072	-84.095100	-82.313400	25.000000
7.721865	1.770651	0.785305	8.954084	1.824847	0.783040	-84.095100	-81.767300	25.000000
7.721865	1.770651	0.785305	8.693775	1.762425	0.804927	-84.095100	-80.669600	25.000000
7.722558	1.770633	0.785398	7.509713	1.529198	0.772016	-84.095100	-80.123600	25.000000
7.722558	1.770633	0.785398	8.059506	0.593397	0.658976	-84.095100	-79.025900	25.000000
7.722558	1.770633	0.785398	9.467707	0.613657	1.027331	-84.095100	-78.479800	25.000000
7.722558	1.770633	0.785398	8.812478	0.634460	1.125692	-84.095100	-77.382100	25.000000
7.722558	1.770633	0.785398	9.636792	0.737776	1.225589	-84.095100	-76.836000	25.000000
7.722558	1.770633	0.785398	8.966814	0.853283	1.084038	-84.095100	-75.738300	25.000000
7.721865	1.770651	0.785305	9.178265	1.013863	1.037570	-84.095100	-75.192200	25.000000
7.721865	1.770651	0.785305	8.981587	0.986387	1.207254	-84.095100	-74.094500	25.000000
7.722558	1.770633	0.785398	9.508233	0.980760	1.290476	-84.095100	-73.548500	25.000000
7.721865	1.770651	0.785305	7.233355	1.602405	0.630383	-84.095100	-72.450700	25.000000
7.722558	1.770633	0.785398	9.075386	1.920007	0.538817	-84.095100	-71.904700	25.000000
7.722558	1.770633	0.785398	8.346307	1.897105	0.558881	-84.095100	-70.807000	25.000000
7.722558	1.770633	0.785398	8.240946	1.852649	0.648855	-84.095100	-70.260900	25.000000
7.722558	1.770633	0.785398	7.771471	1.820160	0.673273	-84.095100	-69.163200	25.000000
7.721865	1.770651	0.785305	7.878836	1.800601	0.726467	-84.095100	-68.617100	25.000000
7.721865	1.770651	0.785305	7.728558	1.789351	0.738905	-84.095100	-67.519400	25.000000
7.721865	1.770651	0.785305	7.779396	1.782914	0.757957	-84.095100	-66.973300	25.000000
7.721865	1.770651	0.785305	7.722258	1.778747	0.763582	-84.095100	-65.875600	25.000000
7.722558	1.770633	0.785398	7.745703	1.776235	0.771531	-84.095100	-65.329600	25.000000
7.722558	1.770633	0.785398	7.720613	1.774531	0.774166	-84.095100	-64.231900	25.000000
7.722558	1.770633	0.785398	8.049479	1.776049	0.804027	-83.273200	-85.054900	25.000000
7.722558	1.770633	0.785398	8.188292	1.794135	0.789268	-83.273200	-83.957200	25.000000
7.722558	1.770633	0.785398	8.623422	1.804783	0.810496	-83.273200	-83.411100	25.000000
7.722558	1.770633	0.785398	8.834331	1.818467	0.784804	-83.273200	-82.313400	25.000000
7.721865	1.770651	0.785305	8.115586	1.635729	0.833019	-83.273200	-81.767300	25.000000
7.721865	1.770651	0.785305	7.212564	0.956518	1.034616	-83.273200	-80.669600	25.000000
7.722558	1.770633	0.785398	7.878574	0.734691	1.105591	-83.273200	-80.123600	25.000000
7.722558	1.770633	0.785398	9.986984	0.471629	0.614992	-83.273200	-79.025900	25.000000
7.722558	1.770633	0.785398	9.853098	0.599013	0.712162	-83.273200	-78.479800	25.000000
7.722558	1.770633	0.785398	8.661377	0.705962	0.802587	-83.273200	-77.382100	25.000000
7.722558	1.770633	0.785398	9.115403	0.836339	0.967809	-83.273200	-76.836000	25.000000
7.722558	1.770633	0.785398	8.805011	0.888593	0.958288	-83.273200	-75.738300	25.000000
7.721865	1.770651	0.785305	9.360871	1.046622	0.992907	-83.273200	-75.192200	25.000000
7.721865	1.770651	0.785305	8.803269	1.087921	0.965046	-83.273200	-74.094500	25.000000
7.722558	1.770633	0.785398	9.494708	0.934467	1.178768	-83.273200	-73.548500	25.000000
7.721865	1.770651	0.785305	8.427486	1.030917	1.020671	-83.273200	-72.450700	25.000000
7.722558	1.770633	0.785398	9.082363	1.356968	0.950352	-83.273200	-71.904700	25.000000
7.722558	1.770633	0.785398	8.904318	1.943286	0.498817	-83.273200	-70.807000	25.000000
7.722558	1.770633	0.785398	8.753511	1.936095	0.550136	-83.273200	-70.260900	25.000000
7.722558	1.770633	0.785398	7.773272	1.876894	0.559773	-83.273200	-69.163200	25.000000
7.721865	1.770651	0.785305	7.974787	1.825407	0.692203	-83.273200	-68.617100	25.000000
7.721865	1.770651	0.785305	7.702177	1.803968	0.708826	-83.273200	-67.519400	25.000000
7.721865	1.770651	0.785305	7.803879	1.790975	0.745164	-83.273200	-66.973300	25.000000
7.721865	1.770651	0.785305	7.712332	1.783672	0.753021	-83.273200	-65.875600	25.000000
7.722558	1.770633	0.785398	7.753475	1.779334	0.766054	-83.273200	-65.329600	25.000000
7.722558	1.770633	0.785398	7.717425	1.776496	0.769795	-83.273200	-64.231900	25.000000
7.722558	1.770633	0.785398	7.735870	1.774744	0.775420	-83.273200	-63.685800	25.000000
7.722558	1.770633	0.785398	8.178204	1.779055	0.815184	-82.451300	-85.054900	25.000000
7.722558	1.770633	0.785398	8.357505	1.807890	0.796810	-82.451300	-83.957200	25.000000
7.722558	1.770633	0.785398	8.540624	1.831435	0.787635	-82.451300	-83.411100	25.000000
7.722558	1.770633	0.785398	8.249339	1.687836	0.799872	-82.451300	-82.313400	25.000000
7.721865	1.770651	0.785305	7.764560	1.050626	0.846317	-82.451300	-81.767300	25.000000
7.721865	1.770651	0.785305	8.526607	0.486526	0.797637	-82.451300	-80.669600	25.000000
7.722558	1.770633	0.785398	9.238867	0.656112	1.121368	-82.451300	-80.123600	25.000000
7.722558	1.770633	0.785398	9.746382	0.643143	0.963660	-82.451300	-79.025900	25.000000
7.722558	1.770633	0.785398	9.087465	0.705716	0.670218	-82.451300	-78.479800	25.000000
7.722558	1.770633	0.785398	8.974085	0.842880	0.637474	-82.451300	-77.382100	25.000000
7.722558	1.770633	0.785398	8.985113	0.984805	0.769987	-82.451300	-76.836000	25.000000
7.722558	1.770633	0.785398	8.550586	1.043019	0.783053	-82.451300	-75.738300	25.000000
7.721865	1.770651	0.785305	9.281432	1.132383	0.878671	-82.451300	-75.192200	25.000000
7.721865	1.770651	0.785305	8.313434	1.262941	0.766386	-82.451300	-74.094500	25.000000
7.722558	1.770633	0.785398	8.783011	1.177643	0.911009	-82.451300	-73.548500	25.000000
7.721865	1.770651	0.785305	8.351942	0.901825	1.024181	-82.451300	-72.450700	25.000000
7.722558	1.770633	0.785398	10.278288	1.357762	1.065375	-82.451300	-71.904700	25.000000
7.722558	1.770633	0.785398	6.802542	1.177464	0.780300	-82.451300	-70.807000	25.000000
7.722558	1.770633	0.785398	8.661426	1.894716	0.549760	-82.451300	-70.260900	25.000000
7.722558	1.770633	0.785398	8.201192	1.916040	0.565269	-82.451300	-69.163200	25.000000
7.721865	1.770651	0.785305	8.147441	1.871897	0.637245	-82.451300	-68.617100	25.000000
7.721865	1.770651	0.785305	7.646101	1.833089	0.651710	-82.451300	-67.519400	25.000000
7.721865	1.770651	0.785305	7.840070	1.804615	0.726305	-82.451300	-66.973300	25.000000
7.721865	1.770651	0.785305	7.694013	1.791840	0.736802	-82.451300	-65.875600	25.000000
7.722558	1.770633	0.785398	7.764245	1.784164	0.758427	-82.451300	-65.329600	25.000000
7.722558	1.770633	0.785398	7.710907	1.779535	0.763499	-82.451300	-64.231900	25.000000
7.722558	1.770633	0.785398	7.740008	1.776719	0.771977	-82.451300	-63.685800	25.000000
7.722558	1.770633	0.785398	7.715922	1.774855	0.774271	-82.451300	-62.588100	25.000000
7.721865	1.770651	0.785492	7.883276	1.772419	0.798912	-81.629400	-86.698700	25.000000
7.721865	1.770651	0.785492	7.931174	1.780934	0.794332	-81.629400	-85.601000	25.000000
7.721865	1.770651	0.785492	8.316529	1.783137	0.828727	-81.629400	-85.054900	25.000000
7.721865	1.770651	0.785492	8.517419	1.823409	0.809039	-81.629400	-83.957200	25.000000
7.721865	1.770651	0.785492	8.195498	1.845421	0.757418	-81.629400	-83.411100	25.000000
7.721865	1.770651	0.785492	7.146434	1.212665	0.807713	-81.629400	-82.313400	25.000000
7.721172	1.770669	0.785398	8.580325	0.671733	0.711746	-81.629400	-81.767300	25.000000
7.721172	1.770669	0.785398	9.093068	0.545452	0.554809	-81.629400	-80.669600	25.000000
7.721865	1.770651	0.785492	9.532667	0.778403	0.944032	-81.629400	-80.123600	25.000000
7.721865	1.770651	0.785492	8.902810	0.871948	0.989699	-81.629400	-79.025900	25.000000
7.721865	1.770651	0.785492	8.775976	0.913793	0.887574	-81.629400	-78.479800	25.000000
7.721865	1.770651	0.785492	8.977960	0.988069	0.636627	-81.629400	-77.382100	25.000000
7.721865	1.770651	0.785492	9.069166	1.150524	0.663027	-81.629400	-76.836000	25.000000
7.721865	1.770651	0.785492	8.551153	1.291972	0.641110	-81.629400	-75.738300	25.000000
7.721172	1.770669	0.785398	8.919644	1.308994	0.701900	-81.629400	-75.192200	25.000000
7.721172	1.770669	0.785398	8.573555	1.389411	0.690176	-81.629400	-74.094500	25.000000
7.721865	1.770651	0.785492	9.104688	1.357253	0.888877	-81.629400	-73.548500	25.000000
7.721172	1.770669	0.785398	7.660983	0.953040	0.708828	-81.629400	-72.450700	25.000000
7.721865	1.770651	0.785492	9.492174	1.263568	1.023765	-81.629400	-71.904700	25.000000
7.721865	1.770651	0.785492	6.901858	1.034288	0.709407	-81.629400	-70.807000	25.000000
7.721865	1.770651	0.785492	9.503775	1.539688	0.984791	-81.629400	-70.260900	25.000000
7.721865	1.770651	0.785492	7.521231	1.890190	0.310400	-81.629400	-69.163200	25.000000
7.721172	1.770669	0.785398	8.439484	1.957635	0.545975	-81.629400	-68.617100	25.000000
7.721172	1.770669	0.785398	7.595126	1.899078	0.527512	-81.629400	-67.519400	25.000000
7.721172	1.770669	0.785398	7.897307	1.827673	0.698862	-81.629400	-66.973300	25.000000
7.721172	1.770669	0.785398	7.659497	1.805923	0.710647	-81.629400	-65.875600	25.000000
7.721865	1.770651	0.785492	7.780064	1.791779	0.747979	-81.629400	-65.329600	25.000000
7.721865	1.770651	0.785492	7.700485	1.784218	0.754575	-81.629400	-64.231900	25.000000
7.721865	1.770651	0.785492	7.745201	1.779692	0.767339	-81.629400	-63.685800	25.000000
7.721865	1.770651	0.785492	7.713042	1.776747	0.770581	-81.629400	-62.588100	25.000000
7.721172	1.770669	0.785398	7.732643	1.774923	0.776050	-81.629400	-62.042000	25.000000
7.721865	1.770651	0.785492	7.910287	1.772934	0.802846	-80.807500	-86.698700	25.000000
7.721865	1.770651	0.785492	7.958248	1.784025	0.798708	-80.807500	-85.601000	25.000000
7.721865	1.770651	0.785492	8.434809	1.787939	0.842673	-80.807500	-85.054900	25.000000
7.721865	1.770651	0.785492	8.632320	1.836338	0.824185	-80.807500	-83.957200	25.000000
7.721865	1.770651	0.785492	8.082232	0.771850	0.599673	-80.807500	-82.313400	25.000000
7.721172	1.770669	0.785398	9.125209	0.614967	0.644766	-80.807500	-81.767300	25.000000
7.721172	1.770669	0.785398	9.322477	0.636420	0.597984	-80.807500	-80.669600	25.000000
7.721865	1.770651	0.785492	9.347689	0.901899	0.811301	-80.807500	-80.123600	25.000000
7.721865	1.770651	0.785492	8.693888	1.035542	0.858446	-80.807500	-79.025900	25.000000
7.721865	1.770651	0.785492	8.728960	1.177109	0.905329	-80.807500	-78.479800	25.000000
7.721865	1.770651	0.785492	9.026109	1.163379	0.782870	-80.807500	-77.382100	25.000000
7.721865	1.770651	0.785492	9.323627	1.323386	0.702599	-80.807500	-76.836000	25.000000
7.721865	1.770651	0.785492	8.722814	1.555537	0.563957	-80.807500	-75.738300	25.000000
7.721172	1.770669	0.785398	9.257735	1.647575	0.588414	-80.807500	-75.192200	25.000000
7.721172	1.770669	0.785398	9.009979	1.584648	0.594680	-80.807500	-74.094500	25.000000
7.721865	1.770651	0.785492	9.100151	1.530588	0.731815	-80.807500	-73.548500	25.000000
7.721172	1.770669	0.785398	7.793837	1.239065	0.571080	-80.807500	-72.450700	25.000000
7.721865	1.770651	0.785492	8.724536	1.095006	0.897908	-80.807500	-71.904700	25.000000
7.721865	1.770651	0.785492	7.287149	1.143919	0.702656	-80.807500	-70.807000	25.000000
7.721865	1.770651	0.785492	9.571333	1.726608	0.839178	-80.807500	-70.260900	25.000000
7.721865	1.770651	0.785492	7.093988	1.440814	0.493750	-80.807500	-69.163200	25.000000
7.721172	1.770669	0.785398	8.760130	2.077423	0.378882	-80.807500	-68.617100	25.000000
7.721172	1.770669	0.785398	7.936330	2.031244	0.298015	-80.807500	-67.519400	25.000000
7.721172	1.770669	0.785398	7.988204	1.866635	0.659183	-80.807500	-66.973300	25.000000
7.721172	1.770669	0.785398	7.599060	1.831699	0.665454	-80.807500	-65.875600	25.000000
7.721865	1.770651	0.785492	7.802938	1.803799	0.733553	-80.807500	-65.329600	25.000000
7.721865	1.770651	0.785492	7.681433	1.791621	0.741315	-80.807500	-64.231900	25.000000
7.721865	1.770651	0.785492	7.752393	1.784152	0.761149	-80.807500	-63.685800	25.000000
7.721865	1.770651	0.785492	7.705997	1.779577	0.765221	-80.807500	-62.588100	25.000000
7.721172	1.770669	0.785398	7.735406	1.776803	0.773127	-80.807500	-62.042000	25.000000
7.721172	1.770669	0.785398	7.714079	1.774918	0.775073	-80.807500	-60.944300	25.000000
7.722558	1.770633	0.785398	7.929547	1.773427	0.806466	-79.985700	-86.698700	25.000000
7.722558	1.770633	0.785398	7.972300	1.786738	0.803406	-79.985700	-85.601000	25.000000
7.722558	1.770633	0.785398	8.534912	1.792097	0.857541	-79.985700	-85.054900	25.000000
7.722558	1.770633	0.785398	8.725115	1.850566	0.840986	-79.985700	-83.957200	25.000000
7.722558	1.770633	0.785398	8.730998	1.735600	0.811640	-79.985700	-83.411100	25.000000
7.722558	1.770633	0.785398	9.051134	0.890667	0.410870	-79.985700	-82.313400	25.000000
7.721865	1.770651	0.785305	9.514133	0.815541	0.593596	-79.985700	-81.767300	25.000000
7.721865	1.770651	0.785305	8.993158	0.740736	0.634547	-79.985700	-80.669600	25.000000
7.722558	1.770633	0.785398	9.092216	1.010674	0.810590	-79.985700	-80.123600	25.000000
7.722558	1.770633	0.785398	8.835482	1.191450	0.785702	-79.985700	-79.025900	25.000000
7.722558	1.770633	0.785398	9.112310	1.415681	0.848190	-79.985700	-78.479800	25.000000
7.722558	1.770633	0.785398	9.188259	1.461932	0.834874	-79.985700	-77.382100	25.000000
7.722558	1.770633	0.785398	9.709158	1.537935	0.778470	-79.985700	-76.836000	25.000000
7.722558	1.770633	0.785398	8.993907	1.764015	0.608945	-79.985700	-75.738300	25.000000
7.721865	1.770651	0.785305	9.885719	1.914956	0.552506	-79.985700	-75.192200	25.000000
7.721865	1.770651	0.785305	9.962456	1.871268	0.525280	-79.985700	-74.094500	25.000000
7.722558	1.770633	0.785398	9.477681	1.790914	0.590041	-79.985700	-73.548500	25.000000
7.721865	1.770651	0.785305	8.199638	1.593958	0.444020	-79.985700	-72.450700	25.000000
7.722558	1.770633	0.785398	8.272754	1.288056	0.690371	-79.985700	-71.904700	25.000000
7.722558	1.770633	0.785398	7.699443	1.092456	0.655358	-79.985700	-70.807000	25.000000
7.722558	1.770633	0.785398	8.856488	1.491585	0.853087	-79.985700	-70.260900	25.000000
7.722558	1.770633	0.785398	7.079818	1.261561	0.633364	-79.985700	-69.163200	25.000000
7.721865	1.770651	0.785305	8.340680	1.828784	0.473373	-79.985700	-68.617100	25.000000
7.721865	1.770651	0.785305	8.190650	2.015075	0.432505	-79.985700	-67.519400	25.000000
7.721865	1.770651	0.785305	8.112767	1.931874	0.599613	-79.985700	-66.973300	25.000000
7.721865	1.770651	0.785305	7.525344	1.883369	0.580628	-79.985700	-65.875600	25.000000
7.722558	1.770633	0.785398	7.837037	1.822731	0.713971	-79.985700	-65.329600	25.000000
7.722558	1.770633	0.785398	7.652629	1.803478	0.721780	-79.985700	-64.231900	25.000000
7.722558	1.770633	0.785398	7.763040	1.790833	0.753070	-79.985700	-63.685800	25.000000
7.722558	1.770633	0.785398	7.697382	1.783747	0.758148	-79.985700	-62.588100	25.000000
7.721865	1.770651	0.785305	7.739242	1.779525	0.769334	-79.985700	-62.042000	25.000000
7.721865	1.770651	0.785305	7.711035	1.776669	0.771927	-79.985700	-60.944300	25.000000
7.722558	1.770633	0.785398	7.938076	1.773837	0.809246	-79.163800	-86.698700	25.000000
7.722558	1.770633	0.785398	7.971612	1.788593	0.807685	-79.163800	-85.601000	25.000000
7.722558	1.770633	0.785398	8.602863	1.794836	0.871187	-79.163800	-85.054900	25.000000
7.722558	1.770633	0.785398	8.753763	1.865358	0.861512	-79.163800	-83.957200	25.000000
7.722558	1.770633	0.785398	8.718310	1.784032	0.843313	-79.163800	-83.411100	25.000000
7.722558	1.770633	0.785398	9.028727	0.947555	0.426389	-79.163800	-82.313400	25.000000
7.721865	1.770651	0.785305	9.675899	1.004135	0.555732	-79.163800	-81.767300	25.000000
7.721865	1.770651	0.785305	8.992405	0.937838	0.592817	-79.163800	-80.669600	25.000000
7.722558	1.770633	0.785398	9.121726	1.141252	0.815637	-79.163800	-80.123600	25.000000
7.722558	1.770633	0.785398	8.837442	1.317586	0.810513	-79.163800	-79.025900	25.000000
7.722558	1.770633	0.785398	9.828534	1.626041	0.861416	-79.163800	-78.479800	25.000000
7.722558	1.770633	0.785398	9.809926	1.805621	0.800801	-79.163800	-77.382100	25.000000
7.722558	1.770633	0.785398	9.796590	1.864062	0.774677	-79.163800	-76.836000	25.000000
7.722558	1.770633	0.785398	10.068171	1.886874	0.722696	-79.163800	-75.738300	25.000000
7.721865	1.770651	0.785305	9.588258	1.903067	0.629017	-79.163800	-75.192200	25.000000
7.721865	1.770651	0.785305	9.682909	1.806742	0.528707	-79.163800	-74.094500	25.000000
7.722558	1.770633	0.785398	9.485707	1.877909	0.450503	-79.163800	-73.548500	25.000000
7.721865	1.770651	0.785305	8.802282	1.847056	0.430587	-79.163800	-72.450700	25.000000
7.722558	1.770633	0.785398	8.319868	1.441783	0.698660	-79.163800	-71.904700	25.000000
7.722558	1.770633	0.785398	7.777880	1.361306	0.329644	-79.163800	-70.807000	25.000000
7.722558	1.770633	0.785398	8.593834	1.360507	0.790714	-79.163800	-70.260900	25.000000
7.722558	1.770633	0.785398	7.132063	1.221836	0.548048	-79.163800	-69.163200	25.000000
7.721865	1.770651	0.785305	9.307240	2.226150	0.314635	-79.163800	-68.617100	25.000000
7.721865	1.770651	0.785305	6.882063	1.413539	0.539888	-79.163800	-67.519400	25.000000
7.721865	1.770651	0.785305	8.180658	2.041908	0.486625	-79.163800	-66.973300	25.000000
7.721865	1.770651	0.785305	7.587409	1.993375	0.411676	-79.163800	-65.875600	25.000000
7.722558	1.770633	0.785398	7.887906	1.852305	0.687896	-79.163800	-65.329600	25.000000
7.722558	1.770633	0.785398	7.606189	1.823307	0.691218	-79.163800	-64.231900	25.000000
7.722558	1.770633	0.785398	7.778027	1.800860	0.742427	-79.163800	-63.685800	25.000000
7.722558	1.770633	0.785398	7.682532	1.790015	0.748109	-79.163800	-62.588100	25.000000
7.721865	1.770651	0.785305	7.743950	1.783477	0.764426	-79.163800	-62.042000	25.000000
7.721865	1.770651	0.785305	7.706038	1.779191	0.767715	-79.163800	-60.944300	25.000000
7.722558	1.770633	0.785398	7.934883	1.774113	0.810886	-78.341900	-86.698700	25.000000
7.722558	1.770633	0.785398	7.956801	1.789392	0.810959	-78.341900	-85.601000	25.000000
7.722558	1.770633	0.785398	8.586276	1.796220	0.877670	-78.341900	-85.054900	25.000000
7.722558	1.770633	0.785398	8.672212	1.867646	0.876945	-78.341900	-83.957200	25.000000
7.722558	1.770633	0.785398	8.018179	1.684810	0.889293	-78.341900	-83.411100	25.000000
7.722558	1.770633	0.785398	8.878284	0.521210	0.364252	-78.341900	-82.313400	25.000000
7.721865	1.770651	0.785305	9.204050	0.744148	0.554975	-78.341900	-81.767300	25.000000
7.721865	1.770651	0.785305	9.354004	1.017108	0.576921	-78.341900	-80.669600	25.000000
7.722558	1.770633	0.785398	9.294173	1.291501	0.774737	-78.341900	-80.123600	25.000000
7.722558	1.770633	0.785398	8.858407	1.415872	0.830788	-78.341900	-79.025900	25.000000
7.722558	1.770633	0.785398	10.312811	1.736140	0.926511	-78.341900	-78.479800	25.000000
7.722558	1.770633	0.785398	9.915603	1.892389	0.832395	-78.341900	-77.382100	25.000000
7.722558	1.770633	0.785398	9.482901	1.765101	0.796796	-78.341900	-76.836000	25.000000
7.722558	1.770633	0.785398	10.064043	1.890680	0.756148	-78.341900	-75.738300	25.000000
7.721865	1.770651	0.785305	9.128222	1.817196	0.685518	-78.341900	-75.192200	25.000000
7.721865	1.770651	0.785305	9.568088	1.916297	0.630567	-78.341900	-74.094500	25.000000
7.722558	1.770633	0.785398	9.006310	1.959813	0.481315	-78.341900	-73.548500	25.000000
7.721865	1.770651	0.785305	9.032167	1.915779	0.436922	-78.341900	-72.450700	25.000000
7.722558	1.770633	0.785398	8.296852	1.708537	0.574510	-78.341900	-71.904700	25.000000
7.722558	1.770633	0.785398	8.132578	1.645035	0.235774	-78.341900	-70.807000	25.000000
7.722558	1.770633	0.785398	8.389933	1.303338	0.582734	-78.341900	-70.260900	25.000000
7.722558	1.770633	0.785398	7.283268	1.319961	0.495900	-78.341900	-69.163200	25.000000
7.721865	1.770651	0.785305	7.949178	1.960159	0.203782	-78.341900	-68.617100	25.000000
7.721865	1.770651	0.785305	7.968736	1.537824	0.761899	-78.341900	-67.519400	25.000000
7.721865	1.770651	0.785305	8.102222	2.205857	0.195538	-78.341900	-66.973300	25.000000
7.721865	1.770651	0.785305	8.060509	2.160572	0.128676	-78.341900	-65.875600	25.000000
7.722558	1.770633	0.785398	7.957795	1.897734	0.653697	-78.341900	-65.329600	25.000000
7.722558	1.770633	0.785398	7.541859	1.858291	0.641361	-78.341900	-64.231900	25.000000
7.722558	1.770633	0.785398	7.799662	1.815815	0.728758	-78.341900	-63.685800	25.000000
7.722558	1.770633	0.785398	7.661159	1.799540	0.734160	-78.341900	-62.588100	25.000000
7.721865	1.770651	0.785305	7.751625	1.789153	0.758278	-78.341900	-62.042000	25.000000
7.721865	1.770651	0.785305	7.698885	1.782788	0.762167	-78.341900	-60.944300	25.000000
7.722558	1.770633	0.785398	7.920551	1.774228	0.811187	-77.520000	-86.698700	25.000000
7.722558	1.770633	0.785398	7.929620	1.789042	0.812855	-77.520000	-85.601000	25.000000
7.722558	1.770633	0.785398	8.519320	1.795758	0.879467	-77.520000	-85.054900	25.000000
7.722558	1.770633	0.785398	8.562356	1.864854	0.884269	-77.520000	-83.957200	25.000000
7.722558	1.770633	0.785398	8.482930	1.644942	0.905716	-77.520000	-83.411100	25.000000
7.722558	1.770633	0.785398	8.951006	0.625026	0.267113	-77.520000	-82.313400	25.000000
7.721865	1.770651	0.785305	8.813611	0.665841	0.698045	-77.520000	-81.767300	25.000000
7.721865	1.770651	0.785305	9.076437	0.704102	0.598510	-77.520000	-80.669600	25.000000
7.722558	1.770633	0.785398	9.146616	1.194122	0.805232	-77.520000	-80.123600	25.000000
7.722558	1.770633	0.785398	8.684365	1.445613	0.795894	-77.520000	-79.025900	25.000000
7.722558	1.770633	0.785398	10.106656	1.762405	0.949522	-77.520000	-78.479800	25.000000
7.722558	1.770633	0.785398	9.719401	1.881338	0.923809	-77.520000	-77.382100	25.000000
7.722558	1.770633	0.785398	9.484746	1.697847	0.883554	-77.520000	-76.836000	25.000000
7.722558	1.770633	0.785398	9.699514	1.858839	0.768579	-77.520000	-75.738300	25.000000
7.721865	1.770651	0.785305	9.177699	1.848098	0.679532	-77.520000	-75.192200	25.000000
7.721865	1.770651	0.785305	9.347539	2.008411	0.716769	-77.520000	-74.094500	25.000000
7.722558	1.770633	0.785398	9.312221	1.933419	0.642470	-77.520000	-73.548500	25.000000
7.721865	1.770651	0.785305	7.751682	1.841530	0.477575	-77.520000	-72.450700	25.000000
7.722558	1.770633	0.785398	8.391087	1.906272	0.431820	-77.520000	-71.904700	25.000000
7.722558	1.770633	0.785398	8.062498	1.738012	0.335689	-77.520000	-70.807000	25.000000
7.722558	1.770633	0.785398	8.063182	1.524756	0.474275	-77.520000	-70.260900	25.000000
7.722558	1.770633	0.785398	7.670941	1.374769	0.324104	-77.520000	-69.163200	25.000000
7.721865	1.770651	0.785305	8.069171	1.809436	0.490197	-77.520000	-68.617100	25.000000
7.721865	1.770651	0.785305	7.599088	1.328821	0.571378	-77.520000	-67.519400	25.000000
7.721865	1.770651	0.785305	8.017532	2.004838	0.394236	-77.520000	-66.973300	25.000000
7.721865	1.770651	0.785305	7.808830	2.149798	0.314440	-77.520000	-65.875600	25.000000
7.722558	1.770633	0.785398	8.022437	1.966265	0.606038	-77.520000	-65.329600	25.000000
7.722558	1.770633	0.785398	7.486393	1.923675	0.556034	-77.520000	-64.231900	25.000000
7.722558	1.770633	0.785398	7.831264	1.837811	0.711784	-77.520000	-63.685800	25.000000
7.722558	1.770633	0.785398	7.629377	1.814263	0.714207	-77.520000	-62.588100	25.000000
7.721865	1.770651	0.785305	7.761600	1.797335	0.750464	-77.520000	-62.042000	25.000000
7.721865	1.770651	0.785305	7.688601	1.787974	0.754791	-77.520000	-60.944300	25.000000
7.722558	1.770633	0.785398	7.897167	1.774166	0.810143	-76.698100	-86.698700	25.000000
7.722558	1.770633	0.785398	7.894409	1.787618	0.813120	-76.698100	-85.601000	25.000000
7.722558	1.770633	0.785398	8.424004	1.793319	0.877364	-76.698100	-85.054900	25.000000
7.722558	1.770633	0.785398	8.419505	1.861345	0.888713	-76.698100	-83.957200	25.000000
7.722558	1.770633	0.785398	8.587683	1.803117	0.887520	-76.698100	-83.411100	25.000000
7.722558	1.770633	0.785398	9.202555	1.014508	0.429797	-76.698100	-82.313400	25.000000
7.721865	1.770651	0.785305	9.743430	0.892788	0.768265	-76.698100	-81.767300	25.000000
7.721865	1.770651	0.785305	7.799446	0.662860	0.506722	-76.698100	-80.669600	25.000000
7.722558	1.770633	0.785398	8.710537	0.992591	0.922087	-76.698100	-80.123600	25.000000
7.722558	1.770633	0.785398	8.225180	1.202550	0.819181	-76.698100	-79.025900	25.000000
7.722558	1.770633	0.785398	10.084187	1.703432	0.989999	-76.698100	-78.479800	25.000000
7.722558	1.770633	0.785398	9.051925	1.940972	0.932185	-76.698100	-77.382100	25.000000
7.722558	1.770633	0.785398	9.065339	1.803608	0.967053	-76.698100	-76.836000	25.000000
7.722558	1.770633	0.785398	9.767240	1.972482	0.901979	-76.698100	-75.738300	25.000000
7.721865	1.770651	0.785305	8.997785	2.048243	0.770294	-76.698100	-75.192200	25.000000
7.721865	1.770651	0.785305	9.090554	2.039059	0.739113	-76.698100	-74.094500	25.000000
7.722558	1.770633	0.785398	8.881592	1.823000	0.773131	-76.698100	-73.548500	25.000000
7.721865	1.770651	0.785305	7.531052	1.851107	0.524212	-76.698100	-72.450700	25.000000
7.722558	1.770633	0.785398	8.202150	1.656905	0.551152	-76.698100	-71.904700	25.000000
7.722558	1.770633	0.785398	7.715516	1.749360	0.391309	-76.698100	-70.807000	25.000000
7.722558	1.770633	0.785398	7.921407	1.589039	0.472891	-76.698100	-70.260900	25.000000
7.722558	1.770633	0.785398	7.808712	1.545745	0.191137	-76.698100	-69.163200	25.000000
7.721865	1.770651	0.785305	7.992351	1.622419	0.577985	-76.698100	-68.617100	25.000000
7.721865	1.770651	0.785305	7.596245	1.323668	0.359773	-76.698100	-67.519400	25.000000
7.721865	1.770651	0.785305	8.602309	2.342000	0.056884	-76.698100	-66.973300	25.000000
7.721865	1.770651	0.785305	7.163975	1.764852	0.357445	-76.698100	-65.875600	25.000000
7.722558	1.770633	0.785398	7.983216	2.074697	0.515282	-76.698100	-65.329600	25.000000
7.722558	1.770633	0.785398	7.556584	2.043896	0.409469	-76.698100	-64.231900	25.000000
7.722558	1.770633	0.785398	7.876406	1.869356	0.691753	-76.698100	-63.685800	25.000000
7.722558	1.770633	0.785398	7.583948	1.837668	0.684946	-76.698100	-62.588100	25.000000
7.721865	1.770651	0.785305	7.777064	1.808953	0.741082	-76.698100	-62.042000	25.000000
7.721865	1.770651	0.785305	7.673358	1.795492	0.744901	-76.698100	-60.944300	25.000000
7.722558	1.770633	0.785398	7.868707	1.773952	0.807989	-75.876200	-86.698700	25.000000
7.722558	1.770633	0.785398	7.857164	1.785418	0.811763	-75.876200	-85.601000	25.000000
7.722558	1.770633	0.785398	8.286473	1.789776	0.868096	-75.876200	-85.054900	25.000000
7.722558	1.770633	0.785398	8.235179	1.849099	0.884720	-75.876200	-83.957200	25.000000
7.722558	1.770633	0.785398	7.865961	1.903928	0.870198	-75.876200	-83.411100	25.000000
7.722558	1.770633	0.785398	9.043151	1.345522	0.626213	-75.876200	-82.313400	25.000000
7.721865	1.770651	0.785305	9.842120	1.113888	0.676143	-75.876200	-81.767300	25.000000
7.721865	1.770651	0.785305	7.801685	0.932670	0.483025	-75.876200	-80.669600	25.000000
7.722558	1.770633	0.785398	8.506942	1.083723	0.939722	-75.876200	-80.123600	25.000000
7.722558	1.770633	0.785398	8.149421	0.990866	0.912896	-75.876200	-79.025900	25.000000
7.722558	1.770633	0.785398	9.653089	1.547879	1.046884	-75.876200	-78.479800	25.000000
7.722558	1.770633	0.785398	8.112937	1.825879	0.959467	-75.876200	-77.382100	25.000000
7.722558	1.770633	0.785398	9.216663	1.944956	1.003702	-75.876200	-76.836000	25.000000
7.722558	1.770633	0.785398	9.391440	1.984641	1.022391	-75.876200	-75.738300	25.000000
7.721865	1.770651	0.785305	9.079759	1.993274	0.914792	-75.876200	-75.192200	25.000000
7.721865	1.770651	0.785305	8.012694	1.892647	0.799017	-75.876200	-74.094500	25.000000
7.722558	1.770633	0.785398	8.716619	1.898656	0.813601	-75.876200	-73.548500	25.000000
7.721865	1.770651	0.785305	7.538831	1.887617	0.569267	-75.876200	-72.450700	25.000000
7.722558	1.770633	0.785398	7.763325	1.615354	0.612197	-75.876200	-71.904700	25.000000
7.722558	1.770633	0.785398	7.941884	1.554804	0.558918	-75.876200	-70.807000	25.000000
7.722558	1.770633	0.785398	8.296796	1.493956	0.503729	-75.876200	-70.260900	25.000000
7.722558	1.770633	0.785398	7.275492	1.477885	0.257755	-75.876200	-69.163200	25.000000
7.721865	1.770651	0.785305	7.971356	1.472424	0.516552	-75.876200	-68.617100	25.000000
7.721865	1.770651	0.785305	7.570270	1.337790	0.251485	-75.876200	-67.519400	25.000000
7.721865	1.770651	0.785305	7.700655	1.957962	0.563029	-75.876200	-66.973300	25.000000
7.721865	1.770651	0.785305	7.846472	1.591661	0.605837	-75.876200	-65.875600	25.000000
7.722558	1.770633	0.785398	7.759943	2.258527	0.270117	-75.876200	-65.329600	25.000000
7.722558	1.770633	0.785398	7.862652	2.219611	0.158331	-75.876200	-64.231900	25.000000
7.722558	1.770633	0.785398	7.929450	1.913169	0.668585	-75.876200	-63.685800	25.000000
7.722558	1.770633	0.785398	7.528751	1.876070	0.641345	-75.876200	-62.588100	25.000000
7.721865	1.770651	0.785305	7.796837	1.825277	0.729819	-75.876200	-62.042000	25.000000
7.721865	1.770651	0.785305	7.652286	1.806390	0.731785	-75.876200	-60.944300	25.000000
7.721865	1.770651	0.785492	7.839548	1.773624	0.805179	-75.054300	-86.698700	25.000000
7.721865	1.770651	0.785492	7.823070	1.782862	0.809144	-75.054300	-85.601000	25.000000
7.721865	1.770651	0.785492	8.139034	1.786005	0.854079	-75.054300	-85.054900	25.000000
7.721865	1.770651	0.785492	8.065516	1.831504	0.871596	-75.054300	-83.957200	25.000000
7.721865	1.770651	0.785492	8.179875	1.869259	0.916208	-75.054300	-83.411100	25.000000
7.721865	1.770651	0.785492	8.539506	1.717939	0.868155	-75.054300	-82.313400	25.000000
7.721172	1.770669	0.785398	9.384582	1.231467	0.622579	-75.054300	-81.767300	25.000000
7.721172	1.770669	0.785398	8.313337	1.075318	0.460664	-75.054300	-80.669600	25.000000
7.721865	1.770651	0.785492	9.026429	1.209941	0.897056	-75.054300	-80.123600	25.000000
7.721865	1.770651	0.785492	7.624927	1.104004	0.836341	-75.054300	-79.025900	25.000000
7.721865	1.770651	0.785492	8.663930	1.471614	1.109350	-75.054300	-78.479800	25.000000
7.721865	1.770651	0.785492	8.374457	1.635766	1.062111	-75.054300	-77.382100	25.000000
7.721865	1.770651	0.785492	9.073116	2.010041	1.095178	-75.054300	-76.836000	25.000000
7.721865	1.770651	0.785492	9.223151	2.021043	1.056681	-75.054300	-75.738300	25.000000
7.721172	1.770669	0.785398	9.123392	1.882227	1.032571	-75.054300	-75.192200	25.000000
7.721172	1.770669	0.785398	7.392334	1.865182	0.872237	-75.054300	-74.094500	25.000000
7.721865	1.770651	0.785492	8.625644	1.921202	0.830870	-75.054300	-73.548500	25.000000
7.721172	1.770669	0.785398	7.378011	1.817643	0.708755	-75.054300	-72.450700	25.000000
7.721865	1.770651	0.785492	8.205532	1.588846	0.723829	-75.054300	-71.904700	25.000000
7.721865	1.770651	0.785492	7.397279	1.550896	0.514814	-75.054300	-70.807000	25.000000
7.721865	1.770651	0.785492	8.379865	1.312759	0.618212	-75.054300	-70.260900	25.000000
7.721865	1.770651	0.785492	7.085192	1.308264	0.395013	-75.054300	-69.163200	25.000000
7.721172	1.770669	0.785398	8.035981	1.352134	0.488067	-75.054300	-68.617100	25.000000
7.721172	1.770669	0.785398	7.455799	1.194824	0.243999	-75.054300	-67.519400	25.000000
7.721172	1.770669	0.785398	7.411827	1.762227	0.632064	-75.054300	-66.973300	25.000000
7.721172	1.770669	0.785398	8.070060	1.436240	0.601196	-75.054300	-65.875600	25.000000
7.721865	1.770651	0.785492	7.609651	2.142153	0.495058	-75.054300	-65.329600	25.000000
7.721865	1.770651	0.785492	7.937726	2.277631	0.249242	-75.054300	-64.231900	25.000000
7.721865	1.770651	0.785492	7.970316	1.971764	0.641138	-75.054300	-63.685800	25.000000
7.721865	1.770651	0.785492	7.486627	1.940233	0.576402	-75.054300	-62.588100	25.000000
7.721172	1.770669	0.785398	7.824652	1.847515	0.717321	-75.054300	-62.042000	25.000000
7.721172	1.770669	0.785398	7.623142	1.822381	0.714188	-75.054300	-60.944300	25.000000
7.721865	1.770651	0.785492	7.812957	1.773253	0.802140	-74.232400	-86.698700	25.000000
7.721865	1.770651	0.785492	7.795003	1.780384	0.805886	-74.232400	-85.601000	25.000000
7.721865	1.770651	0.785492	8.013772	1.782577	0.839450	-74.232400	-85.054900	25.000000
7.721865	1.770651	0.785492	7.939230	1.814756	0.854897	-74.232400	-83.957200	25.000000
7.721865	1.770651	0.785492	8.761525	1.840527	0.970201	-74.232400	-83.411100	25.000000
7.721865	1.770651	0.785492	8.531141	1.939754	1.004995	-74.232400	-82.313400	25.000000
7.721172	1.770669	0.785398	9.815910	1.515123	0.855027	-74.232400	-81.767300	25.000000
7.721172	1.770669	0.785398	7.821193	1.227073	0.465980	-74.232400	-80.669600	25.000000
7.721865	1.770651	0.785492	8.982540	1.298292	0.826848	-74.232400	-80.123600	25.000000
7.721865	1.770651	0.785492	7.696529	1.198745	0.752570	-74.232400	-79.025900	25.000000
7.721865	1.770651	0.785492	8.559558	1.466889	1.078588	-74.232400	-78.479800	25.000000
7.721865	1.770651	0.785492	8.137297	1.543167	1.129896	-74.232400	-77.382100	25.000000
7.721865	1.770651	0.785492	8.979256	1.988677	1.233212	-74.232400	-76.836000	25.000000
7.721865	1.770651	0.785492	8.738282	1.983373	1.126798	-74.232400	-75.738300	25.000000
7.721172	1.770669	0.785398	8.759861	1.837927	1.096293	-74.232400	-75.192200	25.000000
7.721172	1.770669	0.785398	7.459285	1.844620	0.894248	-74.232400	-74.094500	25.000000
7.721865	1.770651	0.785492	8.370203	1.766458	0.947483	-74.232400	-73.548500	25.000000
7.721172	1.770669	0.785398	7.369474	1.662846	0.839327	-74.232400	-72.450700	25.000000
7.721865	1.770651	0.785492	8.409180	1.455943	0.740089	-74.232400	-71.904700	25.000000
7.721865	1.770651	0.785492	7.085485	1.505377	0.564185	-74.232400	-70.807000	25.000000
7.721865	1.770651	0.785492	8.077667	1.241583	0.699381	-74.232400	-70.260900	25.000000
7.721865	1.770651	0.785492	7.396357	1.196360	0.492152	-74.232400	-69.163200	25.000000
7.721172	1.770669	0.785398	8.115008	1.138505	0.543769	-74.232400	-68.617100	25.000000
7.721172	1.770669	0.785398	7.339432	1.094786	0.357174	-74.232400	-67.519400	25.000000
7.721172	1.770669	0.785398	7.131463	1.625188	0.625792	-74.232400	-66.973300	25.000000
7.721172	1.770669	0.785398	8.297442	1.307903	0.607821	-74.232400	-65.875600	25.000000
7.721865	1.770651	0.785492	8.204524	2.081981	0.700214	-74.232400	-65.329600	25.000000
7.721865	1.770651	0.785492	7.234339	1.567258	0.780247	-74.232400	-64.231900	25.000000
7.721865	1.770651	0.785492	7.941643	2.051341	0.598912	-74.232400	-63.685800	25.000000
7.721865	1.770651	0.785492	7.520437	2.043660	0.483421	-74.232400	-62.588100	25.000000
7.721172	1.770669	0.785398	7.860934	1.876665	0.704526	-74.232400	-62.042000	25.000000
7.721172	1.770669	0.785398	7.586402	1.845938	0.690819	-74.232400	-60.944300	25.000000
7.721865	1.770651	0.785492	7.790522	1.772848	0.799231	-73.410500	-86.698700	25.000000
7.721865	1.770651	0.785492	7.773507	1.778211	0.802503	-73.410500	-85.601000	25.000000
7.721865	1.770651	0.785492	7.919828	1.779716	0.826562	-73.410500	-85.054900	25.000000
7.721865	1.770651	0.785492	7.855362	1.801444	0.838896	-73.410500	-83.957200	25.000000
7.721865	1.770651	0.785492	8.436731	1.816238	0.927987	-73.410500	-83.411100	25.000000
7.721865	1.770651	0.785492	8.153890	1.911562	0.972797	-73.410500	-82.313400	25.000000
7.721172	1.770669	0.785398	9.207061	1.918568	1.083907	-73.410500	-81.767300	25.000000
7.721172	1.770669	0.785398	9.072252	1.548826	0.781336	-73.410500	-80.669600	25.000000
7.721865	1.770651	0.785492	9.588069	1.446058	0.904812	-73.410500	-80.123600	25.000000
7.721865	1.770651	0.785492	7.332212	1.397721	0.717085	-73.410500	-79.025900	25.000000
7.721865	1.770651	0.785492	8.605552	1.455335	1.016559	-73.410500	-78.479800	25.000000
7.721865	1.770651	0.785492	7.715967	1.423111	1.043727	-73.410500	-77.382100	25.000000
7.721865	1.770651	0.785492	8.385684	1.816620	1.266371	-73.410500	-76.836000	25.000000
7.721865	1.770651	0.785492	8.431074	1.819110	1.253410	-73.410500	-75.738300	25.000000
7.721172	1.770669	0.785398	8.763243	1.659464	1.097937	-73.410500	-75.192200	25.000000
7.721172	1.770669	0.785398	7.036734	1.666098	0.997880	-73.410500	-74.094500	25.000000
7.721865	1.770651	0.785492	8.162843	1.585179	1.015567	-73.410500	-73.548500	25.000000
7.721172	1.770669	0.785398	7.436050	1.493191	0.908942	-73.410500	-72.450700	25.000000
7.721865	1.770651	0.785492	8.685292	1.239020	0.806213	-73.410500	-71.904700	25.000000
7.721865	1.770651	0.785492	6.686377	1.346759	0.758062	-73.410500	-70.807000	25.000000
7.721865	1.770651	0.785492	7.831559	1.209917	0.631111	-73.410500	-70.260900	25.000000
7.721865	1.770651	0.785492	7.642599	1.131647	0.591082	-73.410500	-69.163200	25.000000
7.721172	1.770669	0.785398	7.614428	1.079731	0.573128	-73.410500	-68.617100	25.000000
7.721172	1.770669	0.785398	7.847368	1.027110	0.495603	-73.410500	-67.519400	25.000000
7.721172	1.770669	0.785398	6.976564	1.430642	0.665784	-73.410500	-66.973300	25.000000
7.721172	1.770669	0.785398	8.415621	1.139047	0.642517	-73.410500	-65.875600	25.000000
7.721865	1.770651	0.785492	9.751789	2.136688	0.893959	-73.410500	-65.329600	25.000000
7.721865	1.770651	0.785492	4.816480	1.471772	0.105770	-73.410500	-64.231900	25.000000
7.721865	1.770651	0.785492	7.785608	2.171842	0.511311	-73.410500	-63.685800	25.000000
7.721865	1.770651	0.785492	7.687387	2.190917	0.353373	-73.410500	-62.588100	25.000000
7.721172	1.770669	0.785398	7.901451	1.913083	0.692476	-73.410500	-62.042000	25.000000
7.721172	1.770669	0.785398	7.544139	1.880796	0.660007	-73.410500	-60.944300	25.000000
7.722558	1.770633	0.785398	7.772783	1.772475	0.796624	-72.588700	-86.698700	25.000000
7.722558	1.770633	0.785398	7.757703	1.776413	0.799356	-72.588700	-85.601000	25.000000
7.722558	1.770633	0.785398	7.854474	1.777446	0.816236	-72.588700	-85.054900	25.000000
7.722558	1.770633	0.785398	7.803222	1.791782	0.825513	-72.588700	-83.957200	25.000000
7.722558	1.770633	0.785398	8.127857	1.799701	0.881260	-72.588700	-83.411100	25.000000
7.722558	1.770633	0.785398	7.925162	1.858201	0.913782	-72.588700	-82.313400	25.000000
7.721865	1.770651	0.785305	8.916606	1.911680	1.081069	-72.588700	-81.767300	25.000000
7.721865	1.770651	0.785305	8.543104	2.011890	1.108770	-72.588700	-80.669600	25.000000
7.722558	1.770633	0.785398	8.802471	1.489821	0.690810	-72.588700	-80.123600	25.000000
7.722558	1.770633	0.785398	8.607028	1.528876	0.869508	-72.588700	-79.025900	25.000000
7.722558	1.770633	0.785398	8.866087	1.552851	1.030552	-72.588700	-78.479800	25.000000
7.722558	1.770633	0.785398	7.450201	1.516839	0.919985	-72.588700	-77.382100	25.000000
7.722558	1.770633	0.785398	8.475514	1.614265	1.192623	-72.588700	-76.836000	25.000000
7.722558	1.770633	0.785398	7.647166	1.619108	1.230290	-72.588700	-75.738300	25.000000
7.721865	1.770651	0.785305	8.753776	1.451893	1.220093	-72.588700	-75.192200	25.000000
7.721865	1.770651	0.785305	6.846679	1.527579	1.138353	-72.588700	-74.094500	25.000000
7.722558	1.770633	0.785398	8.277000	1.383255	1.043079	-72.588700	-73.548500	25.000000
7.721865	1.770651	0.785305	7.229387	1.347190	0.903089	-72.588700	-72.450700	25.000000
7.722558	1.770633	0.785398	8.524129	1.096365	0.975262	-72.588700	-71.904700	25.000000
7.722558	1.770633	0.785398	6.869788	1.279890	0.871589	-72.588700	-70.807000	25.000000
7.722558	1.770633	0.785398	7.888069	1.093060	0.744141	-72.588700	-70.260900	25.000000
7.722558	1.770633	0.785398	7.574069	1.098054	0.613740	-72.588700	-69.163200	25.000000
7.721865	1.770651	0.785305	8.043790	1.108968	0.626053	-72.588700	-68.617100	25.000000
7.721865	1.770651	0.785305	7.401559	1.064766	0.443551	-72.588700	-67.519400	25.000000
7.721865	1.770651	0.785305	7.438361	1.217717	0.751077	-72.588700	-66.973300	25.000000
7.721865	1.770651	0.785305	8.004938	1.014465	0.571486	-72.588700	-65.875600	25.000000
7.722558	1.770633	0.785398	9.380902	1.705142	1.023191	-72.588700	-65.329600	25.000000
7.722558	1.770633	0.785398	5.561793	1.668113	0.289834	-72.588700	-64.231900	25.000000
7.722558	1.770633	0.785398	7.578605	2.334377	0.354243	-72.588700	-63.685800	25.000000
7.722558	1.770633	0.785398	7.899080	2.349807	0.183973	-72.588700	-62.588100	25.000000
7.721865	1.770651	0.785305	7.934211	1.956201	0.681572	-72.588700	-62.042000	25.000000
7.721865	1.770651	0.785305	7.509435	1.931586	0.621341	-72.588700	-60.944300	25.000000
7.722558	1.770633	0.785398	7.746650	1.775010	0.796594	-71.766800	-85.601000	25.000000
7.722558	1.770633	0.785398	7.810379	1.775713	0.808351	-71.766800	-85.054900	25.000000
7.722558	1.770633	0.785398	7.771829	1.785125	0.815124	-71.766800	-83.957200	25.000000
7.722558	1.770633	0.785398	7.954306	1.789500	0.849324	-71.766800	-83.411100	25.000000
7.722558	1.770633	0.785398	7.822233	1.823429	0.870721	-71.766800	-82.313400	25.000000
7.721865	1.770651	0.785305	8.583082	1.854741	0.999750	-71.766800	-81.767300	25.000000
7.721865	1.770651	0.785305	7.956695	1.985225	1.064687	-71.766800	-80.669600	25.000000
7.722558	1.770633	0.785398	9.755559	1.828510	1.069371	-71.766800	-80.123600	25.000000
7.722558	1.770633	0.785398	7.262406	1.407174	0.433737	-71.766800	-79.025900	25.000000
7.722558	1.770633	0.785398	8.255434	1.477900	0.806292	-71.766800	-78.479800	25.000000
7.722558	1.770633	0.785398	7.970468	1.563595	0.917260	-71.766800	-77.382100	25.000000
7.722558	1.770633	0.785398	8.474545	1.572578	1.091470	-71.766800	-76.836000	25.000000
7.722558	1.770633	0.785398	7.377946	1.550369	1.066766	-71.766800	-75.738300	25.000000
7.721865	1.770651	0.785305	8.451008	1.422903	1.315247	-71.766800	-75.192200	25.000000
7.721865	1.770651	0.785305	7.154625	1.458352	1.135516	-71.766800	-74.094500	25.000000
7.722558	1.770633	0.785398	8.626750	1.259818	1.093345	-71.766800	-73.548500	25.000000
7.721865	1.770651	0.785305	6.778411	1.327339	1.048243	-71.766800	-72.450700	25.000000
7.722558	1.770633	0.785398	8.388294	1.138032	1.014136	-71.766800	-71.904700	25.000000
7.722558	1.770633	0.785398	7.027862	1.288158	0.867758	-71.766800	-70.807000	25.000000
7.722558	1.770633	0.785398	7.900351	1.080755	0.875845	-71.766800	-70.260900	25.000000
7.722558	1.770633	0.785398	7.555681	1.035196	0.751449	-71.766800	-69.163200	25.000000
7.721865	1.770651	0.785305	8.259111	1.098899	0.649944	-71.766800	-68.617100	25.000000
7.721865	1.770651	0.785305	7.156274	1.067306	0.491505	-71.766800	-67.519400	25.000000
7.721865	1.770651	0.785305	7.872561	1.046432	0.693222	-71.766800	-66.973300	25.000000
7.721865	1.770651	0.785305	7.575800	0.971727	0.489240	-71.766800	-65.875600	25.000000
7.722558	1.770633	0.785398	8.316431	1.220129	0.946917	-71.766800	-65.329600	25.000000
7.722558	1.770633	0.785398	7.072608	1.783521	0.646232	-71.766800	-64.231900	25.000000
7.722558	1.770633	0.785398	7.756213	2.342599	0.378108	-71.766800	-63.685800	25.000000
7.722558	1.770633	0.785398	7.713233	2.363689	0.240857	-71.766800	-62.588100	25.000000
7.721865	1.770651	0.785305	7.938845	2.005231	0.670538	-71.766800	-62.042000	25.000000
7.721865	1.770651	0.785305	7.503819	2.002327	0.576446	-71.766800	-60.944300	25.000000
7.722558	1.770633	0.785398	7.781297	1.774416	0.802500	-70.944900	-85.054900	25.000000
7.722558	1.770633	0.785398	7.752893	1.780616	0.807351	-70.944900	-83.957200	25.000000
7.722558	1.770633	0.785398	7.859636	1.783162	0.828732	-70.944900	-83.411100	25.000000
7.722558	1.770633	0.785398	7.774332	1.803073	0.842611	-70.944900	-82.313400	25.000000
7.721865	1.770651	0.785305	8.110421	1.816453	0.908372	-70.944900	-81.767300	25.000000
7.721865	1.770651	0.785305	7.792616	1.886352	0.946930	-70.944900	-80.669600	25.000000
7.722558	1.770633	0.785398	8.719924	1.949290	1.141475	-70.944900	-80.123600	25.000000
7.722558	1.770633	0.785398	8.448952	2.031341	1.120856	-70.944900	-79.025900	25.000000
7.722558	1.770633	0.785398	9.915000	1.383798	0.802690	-70.944900	-78.479800	25.000000
7.722558	1.770633	0.785398	5.642475	1.816268	0.749645	-70.944900	-77.382100	25.000000
7.722558	1.770633	0.785398	8.103235	1.431613	0.838644	-70.944900	-76.836000	25.000000
7.722558	1.770633	0.785398	7.564724	1.414678	0.871367	-70.944900	-75.738300	25.000000
7.721865	1.770651	0.785305	8.378437	1.370679	1.141402	-70.944900	-75.192200	25.000000
7.721865	1.770651	0.785305	7.150509	1.374161	1.035344	-70.944900	-74.094500	25.000000
7.722558	1.770633	0.785398	8.471624	1.278748	1.240891	-70.944900	-73.548500	25.000000
7.721865	1.770651	0.785305	6.966268	1.331831	1.124203	-70.944900	-72.450700	25.000000
7.722558	1.770633	0.785398	8.572281	1.206080	1.000516	-70.944900	-71.904700	25.000000
7.722558	1.770633	0.785398	6.797321	1.298652	0.956738	-70.944900	-70.807000	25.000000
7.722558	1.770633	0.785398	8.127409	1.082771	0.922021	-70.944900	-70.260900	25.000000
7.722558	1.770633	0.785398	7.307297	1.042807	0.784883	-70.944900	-69.163200	25.000000
7.721865	1.770651	0.785305	8.426651	0.982104	0.782169	-70.944900	-68.617100	25.000000
7.721865	1.770651	0.785305	6.953641	0.950144	0.663772	-70.944900	-67.519400	25.000000
7.721865	1.770651	0.785305	8.036269	0.903716	0.587370	-70.944900	-66.973300	25.000000
7.721865	1.770651	0.785305	7.399134	0.908199	0.499549	-70.944900	-65.875600	25.000000
7.722558	1.770633	0.785398	7.903502	1.087995	0.801319	-70.944900	-65.329600	25.000000
7.722558	1.770633	0.785398	7.533103	1.668468	0.725774	-70.944900	-64.231900	25.000000
7.722558	1.770633	0.785398	7.621834	2.154244	0.536084	-70.944900	-63.685800	25.000000
7.722558	1.770633	0.785398	7.831965	2.257748	0.428842	-70.944900	-62.588100	25.000000
7.721865	1.770651	0.785305	7.894299	2.060357	0.656081	-70.944900	-62.042000	25.000000
7.721865	1.770651	0.785305	7.550527	2.092898	0.530973	-70.944900	-60.944300	25.000000
7.722558	1.770633	0.785398	7.762140	1.773452	0.798177	-70.123000	-85.054900	25.000000
7.722558	1.770633	0.785398	7.741318	1.777594	0.801657	-70.123000	-83.957200	25.000000
7.722558	1.770633	0.785398	7.806388	1.779144	0.815372	-70.123000	-83.411100	25.000000
7.722558	1.770633	0.785398	7.750732	1.791148	0.824450	-70.123000	-82.313400	25.000000
7.721865	1.770651	0.785305	7.917903	1.797736	0.860304	-70.123000	-81.767300	25.000000
7.721865	1.770651	0.785305	7.749230	1.835022	0.883374	-70.123000	-80.669600	25.000000
7.722558	1.770633	0.785398	8.423835	1.873244	1.013615	-70.123000	-80.123600	25.000000
7.722558	1.770633	0.785398	7.610616	1.996862	1.066405	-70.123000	-79.025900	25.000000
7.722558	1.770633	0.785398	8.914665	2.047368	1.278598	-70.123000	-78.479800	25.000000
7.722558	1.770633	0.785398	7.665652	1.799096	0.920186	-70.123000	-77.382100	25.000000
7.722558	1.770633	0.785398	7.871810	1.182289	0.596492	-70.123000	-76.836000	25.000000
7.722558	1.770633	0.785398	7.779842	1.750741	0.937583	-70.123000	-75.738300	25.000000
7.721865	1.770651	0.785305	8.437994	1.193147	0.914313	-70.123000	-75.192200	25.000000
7.721865	1.770651	0.785305	7.013080	1.312585	0.779037	-70.123000	-74.094500	25.000000
7.722558	1.770633	0.785398	8.300717	1.204111	1.196324	-70.123000	-73.548500	25.000000
7.721865	1.770651	0.785305	7.146663	1.205856	1.076021	-70.123000	-72.450700	25.000000
7.722558	1.770633	0.785398	8.596662	1.134927	1.147750	-70.123000	-71.904700	25.000000
7.722558	1.770633	0.785398	6.761215	1.217993	1.130150	-70.123000	-70.807000	25.000000
7.722558	1.770633	0.785398	8.381355	0.948267	0.916130	-70.123000	-70.260900	25.000000
7.722558	1.770633	0.785398	7.010617	1.018948	0.794755	-70.123000	-69.163200	25.000000
7.721865	1.770651	0.785305	8.113667	0.887116	0.950874	-70.123000	-68.617100	25.000000
7.721865	1.770651	0.785305	7.315084	0.835133	0.786350	-70.123000	-67.519400	25.000000
7.721865	1.770651	0.785305	8.094730	0.855149	0.707639	-70.123000	-66.973300	25.000000
7.721865	1.770651	0.785305	7.334387	0.741054	0.561263	-70.123000	-65.875600	25.000000
7.722558	1.770633	0.785398	8.308784	1.086398	0.799093	-70.123000	-65.329600	25.000000
7.722558	1.770633	0.785398	7.080051	1.639225	0.606474	-70.123000	-64.231900	25.000000
7.722558	1.770633	0.785398	7.839599	2.379203	0.412167	-70.123000	-63.685800	25.000000
7.722558	1.770633	0.785398	7.610307	2.010806	0.597751	-70.123000	-62.588100	25.000000
7.721865	1.770651	0.785305	7.800507	2.122131	0.635847	-70.123000	-62.042000	25.000000
7.721865	1.770651	0.785305	7.647278	2.196280	0.492810	-70.123000	-60.944300	25.000000
7.722558	1.770633	0.785398	7.734245	1.775554	0.797519	-69.301100	-83.957200	25.000000
7.722558	1.770633	0.785398	7.775372	1.776504	0.806525	-69.301100	-83.411100	25.000000
7.722558	1.770633	0.785398	7.738347	1.783977	0.812552	-69.301100	-82.313400	25.000000
7.721865	1.770651	0.785305	7.830623	1.787556	0.833544	-69.301100	-81.767300	25.000000
7.721865	1.770651	0.785305	7.733984	1.808456	0.847771	-69.301100	-80.669600	25.000000
7.722558	1.770633	0.785398	7.996816	1.822869	0.905512	-69.301100	-80.123600	25.000000
7.722558	1.770633	0.785398	7.671694	1.885410	0.935679	-69.301100	-79.025900	25.000000
7.722558	1.770633	0.785398	9.058838	2.001906	1.206861	-69.301100	-78.479800	25.000000
7.722558	1.770633	0.785398	7.072286	2.139820	1.249196	-69.301100	-77.382100	25.000000
7.722558	1.770633	0.785398	9.318970	1.727912	1.055370	-69.301100	-76.836000	25.000000
7.722558	1.770633	0.785398	6.332229	2.234621	1.272520	-69.301100	-75.738300	25.000000
7.721865	1.770651	0.785305	5.486020	1.350892	0.505734	-69.301100	-75.192200	25.000000
7.721865	1.770651	0.785305	9.501454	1.475382	0.963788	-69.301100	-74.094500	25.000000
7.722558	1.770633	0.785398	7.804981	0.961518	0.986525	-69.301100	-73.548500	25.000000
7.721865	1.770651	0.785305	7.669730	1.311382	0.914326	-69.301100	-72.450700	25.000000
7.722558	1.770633	0.785398	8.362953	1.021597	1.295851	-69.301100	-71.904700	25.000000
7.722558	1.770633	0.785398	7.043540	1.113894	1.142581	-69.301100	-70.807000	25.000000
7.722558	1.770633	0.785398	8.380972	0.764808	0.900964	-69.301100	-70.260900	25.000000
7.722558	1.770633	0.785398	7.008866	0.962388	1.122663	-69.301100	-69.163200	25.000000
7.721865	1.770651	0.785305	7.848731	0.869178	0.903139	-69.301100	-68.617100	25.000000
7.721865	1.770651	0.785305	7.596938	0.793712	0.836845	-69.301100	-67.519400	25.000000
7.721865	1.770651	0.785305	8.050156	0.846683	0.827859	-69.301100	-66.973300	25.000000
7.721865	1.770651	0.785305	7.380841	0.776747	0.689512	-69.301100	-65.875600	25.000000
7.722558	1.770633	0.785398	8.994110	1.223146	0.907100	-69.301100	-65.329600	25.000000
7.722558	1.770633	0.785398	6.180747	1.546881	0.451503	-69.301100	-64.231900	25.000000
7.722558	1.770633	0.785398	6.725059	1.953237	0.429128	-69.301100	-63.685800	25.000000
7.722558	1.770633	0.785398	8.601870	2.502114	0.642761	-69.301100	-62.588100	25.000000
7.721865	1.770651	0.785305	7.688868	2.187285	0.613338	-69.301100	-62.042000	25.000000
7.721865	1.770651	0.785305	7.759265	2.298996	0.471200	-69.301100	-60.944300	25.000000
7.721865	1.770651	0.785492	7.756516	1.774786	0.800545	-68.479200	-83.411100	25.000000
7.721865	1.770651	0.785492	7.731388	1.779542	0.804630	-68.479200	-82.313400	25.000000
7.721172	1.770669	0.785398	7.786181	1.781636	0.817603	-68.479200	-81.767300	25.000000
7.721172	1.770669	0.785398	7.727422	1.793907	0.826630	-68.479200	-80.669600	25.000000
7.721865	1.770651	0.785492	7.854745	1.800861	0.856856	-68.479200	-80.123600	25.000000
7.721865	1.770651	0.785492	7.698065	1.834007	0.875366	-68.479200	-79.025900	25.000000
7.721865	1.770651	0.785492	8.128342	1.864134	0.967735	-68.479200	-78.479800	25.000000
7.721865	1.770651	0.785492	7.504508	1.955094	0.992614	-68.479200	-77.382100	25.000000
7.721865	1.770651	0.785492	9.489931	2.194517	1.464744	-68.479200	-76.836000	25.000000
7.721865	1.770651	0.785492	6.615138	2.208091	1.458743	-68.479200	-75.738300	25.000000
7.721172	1.770669	0.785398	7.138121	1.694144	0.917382	-68.479200	-75.192200	25.000000
7.721172	1.770669	0.785398	8.454299	2.159234	1.307113	-68.479200	-74.094500	25.000000
7.721865	1.770651	0.785492	5.874775	1.355355	0.655650	-68.479200	-73.548500	25.000000
7.721172	1.770669	0.785398	9.231807	1.479278	0.993094	-68.479200	-72.450700	25.000000
7.721865	1.770651	0.785492	7.518697	0.939133	1.079139	-68.479200	-71.904700	25.000000
7.721865	1.770651	0.785492	7.934482	1.284120	1.023876	-68.479200	-70.807000	25.000000
7.721865	1.770651	0.785492	8.265162	0.777384	1.089938	-68.479200	-70.260900	25.000000
7.721865	1.770651	0.785492	7.144445	1.040935	1.171197	-68.479200	-69.163200	25.000000
7.721172	1.770669	0.785398	8.104560	0.942896	0.949643	-68.479200	-68.617100	25.000000
7.721172	1.770669	0.785398	7.322512	0.896814	0.831947	-68.479200	-67.519400	25.000000
7.721172	1.770669	0.785398	7.716953	0.990033	0.784861	-68.479200	-66.973300	25.000000
7.721172	1.770669	0.785398	7.729273	0.983296	0.693425	-68.479200	-65.875600	25.000000
7.721865	1.770651	0.785492	8.810358	1.230681	0.885403	-68.479200	-65.329600	25.000000
7.721865	1.770651	0.785492	6.442800	1.671840	0.569257	-68.479200	-64.231900	25.000000
7.721865	1.770651	0.785492	8.442734	2.099797	0.873630	-68.479200	-63.685800	25.000000
7.721865	1.770651	0.785492	6.910498	2.491297	0.063622	-68.479200	-62.588100	25.000000
7.721172	1.770669	0.785398	7.600767	2.245291	0.599403	-68.479200	-62.042000	25.000000
7.721172	1.770669	0.785398	7.844892	2.386088	0.475005	-68.479200	-60.944300	25.000000
7.721865	1.770651	0.785492	7.744946	1.773592	0.796406	-67.657300	-83.411100	25.000000
7.721865	1.770651	0.785492	7.727766	1.776719	0.799196	-67.657300	-82.313400	25.000000
7.721172	1.770669	0.785398	7.761641	1.777992	0.807594	-67.657300	-81.767300	25.000000
7.721172	1.770669	0.785398	7.724547	1.785516	0.813444	-67.657300	-80.669600	25.000000
7.721865	1.770651	0.785492	7.794488	1.789326	0.831051	-67.657300	-80.123600	25.000000
7.721865	1.770651	0.785492	7.708514	1.808028	0.842747	-67.657300	-79.025900	25.000000
7.721865	1.770651	0.785492	7.886920	1.820187	0.884659	-67.657300	-78.479800	25.000000
7.721865	1.770651	0.785492	7.640860	1.868218	0.903560	-67.657300	-77.382100	25.000000
7.721865	1.770651	0.785492	8.339240	1.932475	1.049958	-67.657300	-76.836000	25.000000
7.721865	1.770651	0.785492	7.222117	2.032942	1.040944	-67.657300	-75.738300	25.000000
7.721172	1.770669	0.785398	8.849115	2.255345	1.492969	-67.657300	-75.192200	25.000000
7.721172	1.770669	0.785398	6.913171	2.299073	1.486190	-67.657300	-74.094500	25.000000
7.721865	1.770651	0.785492	7.521399	1.766803	0.934650	-67.657300	-73.548500	25.000000
7.721172	1.770669	0.785398	7.987791	2.153122	1.154124	-67.657300	-72.450700	25.000000
7.721865	1.770651	0.785492	6.899506	1.306569	0.809958	-67.657300	-71.904700	25.000000
7.721865	1.770651	0.785492	8.479215	1.627542	0.964272	-67.657300	-70.807000	25.000000
7.721865	1.770651	0.785492	7.905976	1.010923	1.019261	-67.657300	-70.260900	25.000000
7.721865	1.770651	0.785492	7.540140	1.302061	0.977460	-67.657300	-69.163200	25.000000
7.721172	1.770669	0.785398	8.198303	1.181825	1.010503	-67.657300	-68.617100	25.000000
7.721172	1.770669	0.785398	7.217715	1.135158	0.928603	-67.657300	-67.519400	25.000000
7.721172	1.770669	0.785398	8.106681	1.305517	0.763975	-67.657300	-66.973300	25.000000
7.721172	1.770669	0.785398	7.319609	1.264382	0.662589	-67.657300	-65.875600	25.000000
7.721865	1.770651	0.785492	6.977006	1.370287	0.572506	-67.657300	-65.329600	25.000000
7.721865	1.770651	0.785492	8.398180	1.735106	0.830391	-67.657300	-64.231900	25.000000
7.721865	1.770651	0.785492	9.009087	2.223046	0.959716	-67.657300	-63.685800	25.000000
7.721865	1.770651	0.785492	6.150770	2.412862	0.084575	-67.657300	-62.588100	25.000000
7.721172	1.770669	0.785398	7.560475	2.282302	0.606739	-67.657300	-62.042000	25.000000
7.721172	1.770669	0.785398	7.883179	2.444673	0.510199	-67.657300	-60.944300	25.000000
7.721865	1.770651	0.785492	7.725289	1.774895	0.795484	-66.835400	-82.313400	25.000000
7.721172	1.770669	0.785398	7.747411	1.775688	0.801060	-66.835400	-81.767300	25.000000
7.721172	1.770669	0.785398	7.723106	1.780458	0.804954	-66.835400	-80.669600	25.000000
7.721865	1.770651	0.785492	7.765157	1.782690	0.815861	-66.835400	-80.123600	25.000000
7.721865	1.770651	0.785492	7.713595	1.793808	0.823460	-66.835400	-79.025900	25.000000
7.721865	1.770651	0.785492	7.804363	1.800017	0.846145	-66.835400	-78.479800	25.000000
7.721865	1.770651	0.785492	7.683917	1.826639	0.859129	-66.835400	-77.382100	25.000000
7.721865	1.770651	0.785492	7.936068	1.846894	0.915835	-66.835400	-76.836000	25.000000
7.721865	1.770651	0.785492	7.562513	1.909324	0.927520	-66.835400	-75.738300	25.000000
7.721172	1.770669	0.785398	8.546520	2.036693	1.143657	-66.835400	-75.192200	25.000000
7.721172	1.770669	0.785398	6.920698	2.089608	1.065488	-66.835400	-74.094500	25.000000
7.721865	1.770651	0.785492	8.146832	2.315041	1.493259	-66.835400	-73.548500	25.000000
7.721172	1.770669	0.785398	7.438610	2.328292	1.294700	-66.835400	-72.450700	25.000000
7.721865	1.770651	0.785492	7.822285	1.803598	0.887228	-66.835400	-71.904700	25.000000
7.721865	1.770651	0.785492	7.646862	2.134821	1.009272	-66.835400	-70.807000	25.000000
7.721865	1.770651	0.785492	7.874167	1.439651	0.901737	-66.835400	-70.260900	25.000000
7.721865	1.770651	0.785492	7.574910	1.714180	0.860781	-66.835400	-69.163200	25.000000
7.721172	1.770669	0.785398	7.889018	1.486631	0.987899	-66.835400	-68.617100	25.000000
7.721172	1.770669	0.785398	7.555584	1.529491	0.983686	-66.835400	-67.519400	25.000000
7.721172	1.770669	0.785398	8.436482	1.682998	0.720491	-66.835400	-66.973300	25.000000
7.721172	1.770669	0.785398	6.935839	1.600530	0.861560	-66.835400	-65.875600	25.000000
7.721865	1.770651	0.785492	7.005131	1.957767	0.624694	-66.835400	-65.329600	25.000000
7.721865	1.770651	0.785492	8.378200	1.694339	0.684959	-66.835400	-64.231900	25.000000
7.721865	1.770651	0.785492	7.124244	2.078467	0.669162	-66.835400	-63.685800	25.000000
7.721865	1.770651	0.785492	8.270950	2.663747	0.668007	-66.835400	-62.588100	25.000000
7.721172	1.770669	0.785398	7.577673	2.289340	0.641853	-66.835400	-62.042000	25.000000
7.721172	1.770669	0.785398	7.865788	2.464261	0.569716	-66.835400	-60.944300	25.000000
7.721172	1.770669	0.785398	7.739030	1.774172	0.796631	-66.013500	-81.767300	25.000000
7.721172	1.770669	0.785398	7.721954	1.777313	0.799376	-66.013500	-80.669600	25.000000
7.721865	1.770651	0.785492	7.749295	1.778657	0.806373	-66.013500	-80.123600	25.000000
7.721865	1.770651	0.785492	7.716107	1.785569	0.811466	-66.013500	-79.025900	25.000000
7.721865	1.770651	0.785492	7.768248	1.789087	0.825019	-66.013500	-78.479800	25.000000
7.721865	1.770651	0.785492	7.701034	1.804671	0.833747	-66.013500	-77.382100	25.000000
7.721865	1.770651	0.785492	7.818305	1.814125	0.862204	-66.013500	-76.836000	25.000000
7.721865	1.770651	0.785492	7.654997	1.849383	0.873875	-66.013500	-75.738300	25.000000
7.721172	1.770669	0.785398	7.997622	1.881736	0.946928	-66.013500	-75.192200	25.000000
7.721172	1.770669	0.785398	7.475031	1.951878	0.942036	-66.013500	-74.094500	25.000000
7.721865	1.770651	0.785492	8.567822	2.152512	1.213659	-66.013500	-73.548500	25.000000
7.721172	1.770669	0.785398	6.843593	2.111332	1.065318	-66.013500	-72.450700	25.000000
7.721865	1.770651	0.785492	8.155479	2.391004	1.460661	-66.013500	-71.904700	25.000000
7.721865	1.770651	0.785492	7.336034	2.353738	1.266895	-66.013500	-70.807000	25.000000
7.721865	1.770651	0.785492	8.101261	1.916122	0.955099	-66.013500	-70.260900	25.000000
7.721865	1.770651	0.785492	7.336953	2.179300	0.979495	-66.013500	-69.163200	25.000000
7.721172	1.770669	0.785398	7.988285	1.880095	0.993000	-66.013500	-68.617100	25.000000
7.721172	1.770669	0.785398	7.452101	1.900382	1.013204	-66.013500	-67.519400	25.000000
7.721172	1.770669	0.785398	8.464329	2.060163	0.847423	-66.013500	-66.973300	25.000000
7.721172	1.770669	0.785398	6.903074	1.977635	0.970150	-66.013500	-65.875600	25.000000
7.721865	1.770651	0.785492	7.945342	2.249749	0.741242	-66.013500	-65.329600	25.000000
7.721865	1.770651	0.785492	7.495039	2.057630	0.585197	-66.013500	-64.231900	25.000000
7.721865	1.770651	0.785492	8.083694	2.529505	0.828891	-66.013500	-63.685800	25.000000
7.721865	1.770651	0.785492	7.345606	2.494767	0.530018	-66.013500	-62.588100	25.000000
7.721172	1.770669	0.785398	7.666193	2.267272	0.700998	-66.013500	-62.042000	25.000000
7.721172	1.770669	0.785398	7.779004	2.439478	0.628811	-66.013500	-60.944300	25.000000
7.721865	1.770651	0.785305	7.721610	1.775258	0.795499	-65.191700	-80.669600	25.000000
7.722558	1.770633	0.785398	7.739767	1.776118	0.800199	-65.191700	-80.123600	25.000000
7.722558	1.770633	0.785398	7.718282	1.780538	0.803601	-65.191700	-79.025900	25.000000
7.722558	1.770633	0.785398	7.750334	1.782666	0.812248	-65.191700	-78.479800	25.000000
7.722558	1.770633	0.785398	7.709197	1.792195	0.818180	-65.191700	-77.382100	25.000000
7.722558	1.770633	0.785398	7.773571	1.797376	0.834482	-65.191700	-76.836000	25.000000
7.722558	1.770633	0.785398	7.687831	1.818059	0.843468	-65.191700	-75.738300	25.000000
7.721865	1.770651	0.785305	7.836118	1.831732	0.877732	-65.191700	-75.192200	25.000000
7.721865	1.770651	0.785305	7.624490	1.874630	0.884884	-65.191700	-74.094500	25.000000
7.722558	1.770633	0.785398	8.043683	1.921275	0.970267	-65.191700	-73.548500	25.000000
7.721865	1.770651	0.785305	7.408141	1.988402	0.944701	-65.191700	-72.450700	25.000000
7.722558	1.770633	0.785398	8.440223	2.219546	1.210466	-65.191700	-71.904700	25.000000
7.722558	1.770633	0.785398	6.964068	2.129980	1.044238	-65.191700	-70.807000	25.000000
7.722558	1.770633	0.785398	8.450116	2.471958	1.474135	-65.191700	-70.260900	25.000000
7.722558	1.770633	0.785398	6.959718	2.469795	1.406987	-65.191700	-69.163200	25.000000
7.721865	1.770651	0.785305	8.063391	2.422759	1.336639	-65.191700	-68.617100	25.000000
7.721865	1.770651	0.785305	7.379651	2.411750	1.210803	-65.191700	-67.519400	25.000000
7.721865	1.770651	0.785305	8.286969	2.507467	1.235256	-65.191700	-66.973300	25.000000
7.721865	1.770651	0.785305	7.120589	2.511752	1.113397	-65.191700	-65.875600	25.000000
7.722558	1.770633	0.785398	7.825478	2.633995	0.957738	-65.191700	-65.329600	25.000000
7.722558	1.770633	0.785398	7.622629	2.713545	0.834695	-65.191700	-64.231900	25.000000
7.722558	1.770633	0.785398	7.743049	2.581924	0.869991	-65.191700	-63.685800	25.000000
7.722558	1.770633	0.785398	7.704628	2.723983	0.691759	-65.191700	-62.588100	25.000000
7.721865	1.770651	0.785305	7.822517	2.230066	0.767443	-65.191700	-62.042000	25.000000
7.721865	1.770651	0.785305	7.621576	2.369802	0.669805	-65.191700	-60.944300	25.000000
7.722558	1.770633	0.785398	7.733072	1.774489	0.796183	-64.369800	-80.123600	25.000000
7.722558	1.770633	0.785398	7.719022	1.777392	0.798436	-64.369800	-79.025900	25.000000
7.722558	1.770633	0.785398	7.740186	1.778707	0.804134	-64.369800	-78.479800	25.000000
7.722558	1.770633	0.785398	7.713605	1.784764	0.808210	-64.369800	-77.382100	25.000000
7.722558	1.770633	0.785398	7.751804	1.787866	0.818434	-64.369800	-76.836000	25.000000
7.722558	1.770633	0.785398	7.702646	1.800446	0.824721	-64.369800	-75.738300	25.000000
7.721865	1.770651	0.785305	7.778676	1.807725	0.843888	-64.369800	-75.192200	25.000000
7.721865	1.770651	0.785305	7.674900	1.833444	0.851542	-64.369800	-74.094500	25.000000
7.722558	1.770633	0.785398	7.851255	1.851865	0.890130	-64.369800	-73.548500	25.000000
7.721865	1.770651	0.785305	7.600954	1.899234	0.890073	-64.369800	-72.450700	25.000000
7.722558	1.770633	0.785398	8.043469	1.955248	0.975689	-64.369800	-71.904700	25.000000
7.722558	1.770633	0.785398	7.397897	2.014091	0.937118	-64.369800	-70.807000	25.000000
7.722558	1.770633	0.785398	8.327920	2.199036	1.129631	-64.369800	-70.260900	25.000000
7.722558	1.770633	0.785398	7.078239	2.160821	1.001351	-64.369800	-69.163200	25.000000
7.721865	1.770651	0.785305	8.349074	2.523609	1.357139	-64.369800	-68.617100	25.000000
7.721865	1.770651	0.785305	7.055094	2.379684	1.149797	-64.369800	-67.519400	25.000000
7.721865	1.770651	0.785305	7.850361	2.628247	1.390535	-64.369800	-66.973300	25.000000
7.721865	1.770651	0.785305	7.603321	2.699923	1.340997	-64.369800	-65.875600	25.000000
7.722558	1.770633	0.785398	8.066279	2.634138	1.210022	-64.369800	-65.329600	25.000000
7.722558	1.770633	0.785398	7.367894	2.741460	1.036926	-64.369800	-64.231900	25.000000
7.722558	1.770633	0.785398	7.914362	2.400075	0.899634	-64.369800	-63.685800	25.000000
7.722558	1.770633	0.785398	7.525987	2.551748	0.796581	-64.369800	-62.588100	25.000000
7.721865	1.770651	0.785305	7.942456	2.194305	0.814244	-64.369800	-62.042000	25.000000
7.721865	1.770651	0.785305	7.495607	2.264932	0.704673	-64.369800	-60.944300	25.000000
7.722558	1.770633	0.785398	7.719680	1.775337	0.794867	-63.547900	-79.025900	25.000000
7.722558	1.770633	0.785398	7.733514	1.776207	0.798843	-63.547900	-78.479800	25.000000
7.722558	1.770633	0.785398	7.715623	1.780174	0.801684	-63.547900	-77.382100	25.000000
7.722558	1.770633	0.785398	7.740818	1.782084	0.808282	-63.547900	-76.836000	25.000000
7.722558	1.770633	0.785398	7.709358	1.790037	0.812813	-63.547900	-75.738300	25.000000
7.721865	1.770651	0.785305	7.754398	1.794281	0.824450	-63.547900	-75.192200	25.000000
7.721865	1.770651	0.785305	7.695923	1.810135	0.830678	-63.547900	-74.094500	25.000000
7.722558	1.770633	0.785398	7.784648	1.819689	0.851661	-63.547900	-73.548500	25.000000
7.721865	1.770651	0.785305	7.664358	1.849495	0.856874	-63.547900	-72.450700	25.000000
7.722558	1.770633	0.785398	7.854618	1.871823	0.895901	-63.547900	-71.904700	25.000000
7.722558	1.770633	0.785398	7.592910	1.919634	0.889139	-63.547900	-70.807000	25.000000
7.722558	1.770633	0.785398	7.984130	1.973067	0.959756	-63.547900	-70.260900	25.000000
7.722558	1.770633	0.785398	7.455985	2.026958	0.922087	-63.547900	-69.163200	25.000000
7.721865	1.770651	0.785305	8.094330	2.127985	1.024186	-63.547900	-68.617100	25.000000
7.721865	1.770651	0.785305	7.336443	2.167947	0.955452	-63.547900	-67.519400	25.000000
7.721865	1.770651	0.785305	7.890739	2.263980	1.030151	-63.547900	-66.973300	25.000000
7.721865	1.770651	0.785305	7.553806	2.322033	0.984602	-63.547900	-65.875600	25.000000
7.722558	1.770633	0.785398	7.733264	2.355638	0.982996	-63.547900	-65.329600	25.000000
7.722558	1.770633	0.785398	7.713756	2.338520	0.918935	-63.547900	-64.231900	25.000000
7.722558	1.770633	0.785398	7.924695	2.281015	0.903827	-63.547900	-63.685800	25.000000
7.722558	1.770633	0.785398	7.515585	2.281093	0.803393	-63.547900	-62.588100	25.000000
7.721865	1.770651	0.785305	7.920024	2.154928	0.830365	-63.547900	-62.042000	25.000000
7.721865	1.770651	0.785305	7.519161	2.159362	0.744344	-63.547900	-60.944300	25.000000
7.722558	1.770633	0.785398	7.730303	1.774523	0.795085	-62.726000	-78.479800	25.000000
7.722558	1.770633	0.785398	7.718071	1.777180	0.797065	-62.726000	-77.382100	25.000000
7.722558	1.770633	0.785398	7.733782	1.778446	0.801736	-62.726000	-76.836000	25.000000
7.722558	1.770633	0.785398	7.713895	1.783602	0.804812	-62.726000	-75.738300	25.000000
7.721865	1.770651	0.785305	7.741650	1.786251	0.812451	-62.726000	-75.192200	25.000000
7.721865	1.770651	0.785305	7.706031	1.796307	0.817102	-62.726000	-74.094500	25.000000
7.722558	1.770633	0.785398	7.756245	1.801902	0.829881	-62.726000	-73.548500	25.000000
7.721865	1.770651	0.785305	7.690632	1.820717	0.835256	-62.726000	-72.450700	25.000000
7.722558	1.770633	0.785398	7.785976	1.832362	0.856675	-62.726000	-71.904700	25.000000
7.722558	1.770633	0.785398	7.659923	1.864262	0.858552	-62.726000	-70.807000	25.000000
7.722558	1.770633	0.785398	7.837159	1.887940	0.893073	-62.726000	-70.260900	25.000000
7.722558	1.770633	0.785398	7.607208	1.932766	0.882708	-62.726000	-69.163200	25.000000
7.721865	1.770651	0.785305	7.884408	1.973877	0.928762	-62.726000	-68.617100	25.000000
7.721865	1.770651	0.785305	7.557677	2.023748	0.902100	-62.726000	-67.519400	25.000000
7.721865	1.770651	0.785305	7.828899	2.070334	0.938587	-62.726000	-66.973300	25.000000
7.721865	1.770651	0.785305	7.615174	2.118356	0.911453	-62.726000	-65.875600	25.000000
7.722558	1.770633	0.785398	7.690249	2.148041	0.911591	-62.726000	-65.329600	25.000000
7.722558	1.770633	0.785398	7.753695	2.161409	0.891108	-62.726000	-64.231900	25.000000
7.722558	1.770633	0.785398	7.750715	2.161232	0.872379	-62.726000	-63.685800	25.000000
7.722558	1.770633	0.785398	7.694433	2.137964	0.831613	-62.726000	-62.588100	25.000000
7.721865	1.770651	0.785305	7.822468	2.103018	0.829997	-62.726000	-62.042000	25.000000
7.721865	1.770651	0.785305	7.620040	2.079995	0.778490	-62.726000	-60.944300	25.000000
7.722558	1.770633	0.785398	7.730186	1.776046	0.797165	-61.904100	-76.836000	25.000000
7.722558	1.770633	0.785398	7.715913	1.779503	0.799459	-61.904100	-75.738300	25.000000
7.721865	1.770651	0.785305	7.734703	1.781209	0.804591	-61.904100	-75.192200	25.000000
7.721865	1.770651	0.785305	7.711287	1.787763	0.808030	-61.904100	-74.094500	25.000000
7.722558	1.770633	0.785398	7.742790	1.791232	0.816278	-61.904100	-73.548500	25.000000
7.721865	1.770651	0.785305	7.702741	1.803364	0.820820	-61.904100	-72.450700	25.000000
7.722558	1.770633	0.785398	7.756874	1.810235	0.833874	-61.904100	-71.904700	25.000000
7.722558	1.770633	0.785398	7.688102	1.831151	0.837753	-61.904100	-70.807000	25.000000
7.722558	1.770633	0.785398	7.780301	1.844138	0.857479	-61.904100	-70.260900	25.000000
7.722558	1.770633	0.785398	7.663966	1.875716	0.856493	-61.904100	-69.163200	25.000000
7.721865	1.770651	0.785305	7.803550	1.897462	0.881948	-61.904100	-68.617100	25.000000
7.721865	1.770651	0.785305	7.640583	1.936747	0.872128	-61.904100	-67.519400	25.000000
7.721865	1.770651	0.785305	7.789368	1.964260	0.894123	-61.904100	-66.973300	25.000000
7.721865	1.770651	0.785305	7.656065	2.003558	0.879135	-61.904100	-65.875600	25.000000
7.722558	1.770633	0.785398	7.717513	2.026250	0.882986	-61.904100	-65.329600	25.000000
7.722558	1.770633	0.785398	7.727299	2.049833	0.870363	-61.904100	-64.231900	25.000000
7.722558	1.770633	0.785398	7.698226	2.059533	0.856617	-61.904100	-63.685800	25.000000
7.722558	1.770633	0.785398	7.745421	2.052897	0.839519	-61.904100	-62.588100	25.000000
7.721865	1.770651	0.785305	7.747620	2.045247	0.827271	-61.904100	-62.042000	25.000000
7.721865	1.770651	0.785305	7.696027	2.023380	0.800008	-61.904100	-60.944300	25.000000
7.721865	1.770651	0.785492	7.717908	1.776814	0.795638	-61.082200	-75.738300	25.000000
7.721172	1.770669	0.785398	7.730751	1.777934	0.799250	-61.082200	-75.192200	25.000000
7.721172	1.770669	0.785398	7.714992	1.782299	0.801719	-61.082200	-74.094500	25.000000
7.721865	1.770651	0.785492	7.735090	1.784558	0.807430	-61.082200	-73.548500	25.000000
7.721172	1.770669	0.785398	7.709708	1.792526	0.810861	-61.082200	-72.450700	25.000000
7.721865	1.770651	0.785492	7.742934	1.796843	0.819458	-61.082200	-71.904700	25.000000
7.721865	1.770651	0.785492	7.701769	1.810672	0.823261	-61.082200	-70.807000	25.000000
7.721865	1.770651	0.785492	7.754834	1.818577	0.835701	-61.082200	-70.260900	25.000000
7.721865	1.770651	0.785492	7.689953	1.840236	0.837746	-61.082200	-69.163200	25.000000
7.721172	1.770669	0.785398	7.766845	1.853328	0.853698	-61.082200	-68.617100	25.000000
7.721172	1.770669	0.785398	7.676799	1.882264	0.851052	-61.082200	-67.519400	25.000000
7.721172	1.770669	0.785398	7.764346	1.900008	0.866038	-61.082200	-66.973300	25.000000
7.721172	1.770669	0.785398	7.679472	1.931364	0.858381	-61.082200	-65.875600	25.000000
7.721865	1.770651	0.785492	7.730141	1.948799	0.863921	-61.082200	-65.329600	25.000000
7.721865	1.770651	0.785492	7.713546	1.973106	0.855492	-61.082200	-64.231900	25.000000
7.721865	1.770651	0.785492	7.698705	1.984216	0.847723	-61.082200	-63.685800	25.000000
7.721865	1.770651	0.785492	7.745030	1.989917	0.838496	-61.082200	-62.588100	25.000000
7.721172	1.770669	0.785398	7.712688	1.991303	0.825883	-61.082200	-62.042000	25.000000
7.721172	1.770669	0.785398	7.730478	1.979197	0.811514	-61.082200	-60.944300	25.000000
