9.171209	2.186276	0.785398	9.180959	2.172915	0.776053	-49.404600	-27.149300	25.000000
9.171209	2.186276	0.785398	9.180959	2.172915	0.776053	-48.575400	-33.783200	25.000000
9.170632	2.186321	0.785304	9.123596	2.177242	0.766532	-48.575400	-27.710000	25.000000
9.171209	2.186276	0.785398	9.180959	2.172915	0.776053	-47.746100	-35.441700	25.000000
9.170632	2.186321	0.785304	9.180959	2.172915	0.776053	-47.746100	-29.368500	25.000000
9.171209	2.186276	0.785398	9.180959	2.172915	0.776053	-46.916900	-32.685500	25.000000
9.170632	2.186321	0.785304	9.180959	2.172915	0.776053	-46.916900	-27.710000	25.000000
9.170054	2.186365	0.785398	9.180959	2.172915	0.776053	-46.087600	-31.027000	25.000000
9.171209	2.186276	0.785398	9.180959	2.172915	0.776053	-45.258400	-36.002500	25.000000
9.170632	2.186321	0.785304	9.180959	2.172915	0.776053	-45.258400	-31.027000	25.000000
9.171209	2.186276	0.785398	9.180959	2.172915	0.776053	-45.258400	-26.051600	25.000000
9.171209	2.186276	0.785398	9.180959	2.186192	0.766532	-45.258400	-24.393100	25.000000
9.170632	2.186321	0.785493	9.180959	2.172915	0.776053	-44.429100	-33.783200	25.000000
9.170054	2.186365	0.785398	9.180959	2.172915	0.776053	-44.429100	-31.027000	25.000000
9.170054	2.186365	0.785398	9.180959	2.172915	0.776053	-44.429100	-30.466200	25.000000
9.170054	2.186365	0.785398	9.180959	2.172915	0.776053	-44.429100	-29.368500	25.000000
9.170632	2.186321	0.785493	9.180959	2.172915	0.776053	-44.429100	-26.051600	25.000000
9.170632	2.186321	0.785304	9.180959	2.172915	0.794744	-43.599900	-40.977900	25.000000
9.171209	2.186276	0.785398	9.180959	2.172915	0.794744	-43.599900	-37.100200	25.000000
9.171209	2.186276	0.785398	9.180959	2.172915	0.794744	-43.599900	-35.441700	25.000000
9.171209	2.186276	0.785398	9.180959	2.172915	0.776053	-43.599900	-34.344000	25.000000
9.171209	2.186276	0.785398	9.180959	2.172915	0.776053	-43.599900	-33.783200	25.000000
9.171209	2.186276	0.785398	9.180959	2.172915	0.776053	-43.599900	-32.685500	25.000000
9.170632	2.186321	0.785304	9.180959	2.172915	0.776053	-43.599900	-32.124700	25.000000
9.170632	2.186321	0.785304	9.180959	2.172915	0.776053	-43.599900	-31.027000	25.000000
9.170632	2.186321	0.785304	9.180959	2.172915	0.776053	-43.599900	-30.466200	25.000000
9.170632	2.186321	0.785304	9.180959	2.172915	0.776053	-43.599900	-29.368500	25.000000
9.170632	2.186321	0.785304	9.180959	2.172915	0.776053	-43.599900	-28.807700	25.000000
9.170632	2.186321	0.785304	9.180959	2.172915	0.776053	-43.599900	-27.710000	25.000000
9.171209	2.186276	0.785398	9.180959	2.172915	0.776053	-43.599900	-27.149300	25.000000
9.171209	2.186276	0.785398	9.180959	2.172915	0.776053	-43.599900	-26.051600	25.000000
9.171209	2.186276	0.785398	9.180959	2.172915	0.776053	-43.599900	-24.393100	25.000000
9.171209	2.186276	0.785398	9.180959	2.186192	0.766532	-43.599900	-22.173800	25.000000
9.170632	2.186321	0.785304	9.180959	2.172915	0.794744	-42.770700	-43.734100	25.000000
9.171209	2.186276	0.785398	9.180959	2.172915	0.794744	-42.770700	-38.758700	25.000000
9.171209	2.186276	0.785398	9.180959	2.172915	0.794744	-42.770700	-37.661000	25.000000
9.171209	2.186276	0.785398	9.180959	2.172915	0.776053	-42.770700	-37.100200	25.000000
9.171209	2.186276	0.785398	9.180959	2.172915	0.776053	-42.770700	-36.002500	25.000000
9.171209	2.186276	0.785398	9.239048	2.168600	0.785398	-42.770700	-34.344000	25.000000
9.171209	2.186276	0.785398	9.124692	2.163883	0.776053	-42.770700	-33.783200	25.000000
9.171209	2.186276	0.785398	9.124692	2.163883	0.776053	-42.770700	-32.685500	25.000000
9.170632	2.186321	0.785304	9.184226	2.159520	0.766882	-42.770700	-32.124700	25.000000
9.170632	2.186321	0.785304	9.184226	2.159520	0.766882	-42.770700	-31.027000	25.000000
9.170632	2.186321	0.785304	9.240130	2.168520	0.766882	-42.770700	-30.466200	25.000000
9.170632	2.186321	0.785304	9.126883	2.163721	0.757368	-42.770700	-29.368500	25.000000
9.170632	2.186321	0.785304	9.240130	2.168520	0.766882	-42.770700	-28.807700	25.000000
9.170632	2.186321	0.785304	9.180959	2.172915	0.776053	-42.770700	-27.710000	25.000000
9.171209	2.186276	0.785398	9.123596	2.177242	0.766532	-42.770700	-27.149300	25.000000
9.171209	2.186276	0.785398	9.123596	2.177242	0.766532	-42.770700	-26.051600	25.000000
9.171209	2.186276	0.785398	9.123596	2.177242	0.766532	-42.770700	-24.393100	25.000000
9.171209	2.186276	0.785398	9.180959	2.186192	0.766532	-42.770700	-23.832300	25.000000
9.171209	2.186276	0.785398	9.123596	2.177242	0.766532	-42.770700	-22.734600	25.000000
9.170632	2.186321	0.785304	9.180959	2.172915	0.794744	-41.941400	-40.417100	25.000000
9.171209	2.186276	0.785398	9.180959	2.172915	0.776053	-41.941400	-38.758700	25.000000
9.171209	2.186276	0.785398	9.180959	2.172915	0.776053	-41.941400	-37.100200	25.000000
9.171209	2.186276	0.785398	9.180959	2.172915	0.776053	-41.941400	-36.002500	25.000000
9.171209	2.186276	0.785398	9.239048	2.168600	0.785398	-41.941400	-35.441700	25.000000
9.171209	2.186276	0.785398	9.180959	2.172915	0.776053	-41.941400	-34.344000	25.000000
9.171209	2.186276	0.785398	9.183137	2.159599	0.785398	-41.941400	-33.783200	25.000000
9.171209	2.186276	0.785398	9.129074	2.150410	0.766882	-41.941400	-32.685500	25.000000
9.170632	2.186321	0.785304	9.129074	2.150410	0.766882	-41.941400	-32.124700	25.000000
9.170632	2.186321	0.785304	9.189668	2.146100	0.757882	-41.941400	-31.027000	25.000000
9.170632	2.186321	0.785304	9.244458	2.155176	0.757882	-41.941400	-30.466200	25.000000
9.170632	2.186321	0.785304	9.129074	2.150410	0.766882	-41.941400	-29.368500	25.000000
9.170632	2.186321	0.785304	9.129074	2.150410	0.766882	-41.941400	-28.807700	25.000000
9.170632	2.186321	0.785304	9.187491	2.159283	0.748378	-41.941400	-27.710000	25.000000
9.171209	2.186276	0.785398	9.183137	2.172752	0.757368	-41.941400	-27.149300	25.000000
9.171209	2.186276	0.785398	9.126883	2.163721	0.757368	-41.941400	-26.051600	25.000000
9.171209	2.186276	0.785398	9.240130	2.181672	0.757368	-41.941400	-25.490800	25.000000
9.171209	2.186276	0.785398	9.123596	2.177242	0.766532	-41.941400	-24.393100	25.000000
9.171209	2.186276	0.785398	9.180959	2.186192	0.766532	-41.941400	-23.832300	25.000000
9.171209	2.186276	0.785398	9.123596	2.177242	0.766532	-41.941400	-22.734600	25.000000
9.171209	2.186276	0.785398	9.239048	2.168600	0.785398	-41.112200	-37.661000	25.000000
9.171209	2.186276	0.785398	9.239048	2.168600	0.785398	-41.112200	-37.100200	25.000000
9.171209	2.186276	0.785398	9.180959	2.172915	0.776053	-41.112200	-36.002500	25.000000
9.171209	2.186276	0.785398	9.127979	2.150488	0.785398	-41.112200	-35.441700	25.000000
9.171209	2.186276	0.785398	9.183137	2.159599	0.785398	-41.112200	-34.344000	25.000000
9.171209	2.186276	0.785398	9.074690	2.141190	0.766882	-41.112200	-33.783200	25.000000
9.171209	2.186276	0.785398	9.187491	2.146253	0.776224	-41.112200	-32.685500	25.000000
9.170632	2.186321	0.785304	9.135644	2.136915	0.757882	-41.112200	-32.124700	25.000000
9.170632	2.186321	0.785304	9.194020	2.132886	0.767218	-41.112200	-31.027000	25.000000
9.170632	2.186321	0.785304	9.197282	2.132662	0.749051	-41.112200	-30.466200	25.000000
9.170632	2.186321	0.785304	9.144397	2.123408	0.749051	-41.112200	-29.368500	25.000000
9.170632	2.186321	0.785304	9.194020	2.145793	0.739559	-41.112200	-28.807700	25.000000
9.170632	2.186321	0.785304	9.140022	2.136611	0.739559	-41.112200	-27.710000	25.000000
9.171209	2.186276	0.785398	9.187491	2.159283	0.748378	-41.112200	-27.149300	25.000000
9.171209	2.186276	0.785398	9.131265	2.163398	0.738703	-41.112200	-26.051600	25.000000
9.171209	2.186276	0.785398	9.187491	2.159283	0.748378	-41.112200	-25.490800	25.000000
9.171209	2.186276	0.785398	9.183137	2.172752	0.757368	-41.112200	-24.393100	25.000000
9.171209	2.186276	0.785398	9.240130	2.168520	0.766882	-41.112200	-23.832300	25.000000
9.171209	2.186276	0.785398	9.180959	2.186192	0.766532	-41.112200	-22.734600	25.000000
9.171209	2.186276	0.785398	9.180959	2.186192	0.766532	-41.112200	-22.173800	25.000000
9.171209	2.186276	0.785398	9.180959	2.186192	0.766532	-41.112200	-21.076100	25.000000
9.171209	2.186276	0.785398	9.180959	2.186192	0.766532	-41.112200	-19.417600	25.000000
9.170054	2.186365	0.785398	9.180959	2.172915	0.794744	-40.282900	-40.977900	25.000000
9.170054	2.186365	0.785398	9.180959	2.172915	0.776053	-40.282900	-40.417100	25.000000
9.170632	2.186321	0.785493	9.124692	2.163883	0.794744	-40.282900	-38.758700	25.000000
9.170632	2.186321	0.785493	9.180959	2.172915	0.794744	-40.282900	-37.661000	25.000000
9.170632	2.186321	0.785493	9.184226	2.159520	0.803915	-40.282900	-37.100200	25.000000
9.170632	2.186321	0.785493	9.124692	2.163883	0.794744	-40.282900	-36.002500	25.000000
9.170632	2.186321	0.785493	9.187491	2.146253	0.794572	-40.282900	-35.441700	25.000000
9.170632	2.186321	0.785493	9.187491	2.146253	0.776224	-40.282900	-34.344000	25.000000
9.170632	2.186321	0.785493	9.260670	2.115683	0.785398	-40.282900	-33.783200	25.000000
9.170632	2.186321	0.785493	9.089004	2.114265	0.767218	-40.282900	-32.685500	25.000000
9.170054	2.186365	0.785398	9.177146	2.083286	0.741179	-40.282900	-32.124700	25.000000
9.170054	2.186365	0.785398	9.150956	2.110180	0.758378	-40.282900	-31.027000	25.000000
9.170054	2.186365	0.785398	9.118662	2.086898	0.731878	-40.282900	-30.466200	25.000000
9.170054	2.186365	0.785398	9.233093	2.092327	0.723530	-40.282900	-29.368500	25.000000
9.170054	2.186365	0.785398	9.170605	2.108898	0.704494	-40.282900	-28.807700	25.000000
9.170054	2.186365	0.785398	9.176056	2.095902	0.714091	-40.282900	-27.710000	25.000000
9.170632	2.186321	0.785493	9.213577	2.118784	0.722419	-40.282900	-27.149300	25.000000
9.170632	2.186321	0.785493	9.200543	2.145333	0.721266	-40.282900	-26.051600	25.000000
9.170632	2.186321	0.785493	9.131265	2.163398	0.738703	-40.282900	-25.490800	25.000000
9.170632	2.186321	0.785493	9.137833	2.149783	0.729900	-40.282900	-24.393100	25.000000
9.170632	2.186321	0.785493	9.126883	2.176992	0.747680	-40.282900	-23.832300	25.000000
9.170632	2.186321	0.785493	9.126883	2.163721	0.757368	-40.282900	-22.734600	25.000000
9.170632	2.186321	0.785493	9.123596	2.177242	0.766532	-40.282900	-22.173800	25.000000
9.170632	2.186321	0.785493	9.123596	2.177242	0.766532	-40.282900	-21.076100	25.000000
9.170632	2.186321	0.785493	9.180959	2.186192	0.766532	-40.282900	-20.515300	25.000000
9.170632	2.186321	0.785493	9.180959	2.186192	0.766532	-40.282900	-19.417600	25.000000
9.171209	2.186276	0.785398	9.180959	2.172915	0.794744	-39.453700	-38.758700	25.000000
9.171209	2.186276	0.785398	9.180959	2.172915	0.794744	-39.453700	-37.661000	25.000000
9.171209	2.186276	0.785398	9.183137	2.159599	0.785398	-39.453700	-37.100200	25.000000
9.171209	2.186276	0.785398	9.129074	2.150410	0.803915	-39.453700	-36.002500	25.000000
9.171209	2.186276	0.785398	9.133455	2.137068	0.776224	-39.453700	-35.441700	25.000000
9.171209	2.186276	0.785398	9.194020	2.132886	0.803578	-39.453700	-34.344000	25.000000
9.171209	2.186276	0.785398	9.282241	2.089287	0.802940	-39.453700	-33.783200	25.000000
9.171209	2.186276	0.785398	9.100000	2.100751	0.758378	-39.453700	-32.685500	25.000000
9.170632	2.186321	0.785304	9.297849	2.027467	0.768451	-39.453700	-32.124700	25.000000
9.170632	2.186321	0.785304	9.061457	2.040325	0.715338	-39.453700	-31.027000	25.000000
9.170632	2.186321	0.785304	9.166788	1.986278	0.684052	-39.453700	-30.466200	25.000000
9.170632	2.186321	0.785304	9.168424	2.010170	0.708626	-39.453700	-29.368500	25.000000
9.170632	2.186321	0.785304	9.221714	1.995522	0.667306	-39.453700	-28.807700	25.000000
9.170632	2.186321	0.785304	9.098351	2.013793	0.638635	-39.453700	-27.710000	25.000000
9.171209	2.186276	0.785398	9.029950	2.067117	0.633426	-39.453700	-27.149300	25.000000
9.171209	2.186276	0.785398	9.270922	2.077604	0.680521	-39.453700	-26.051600	25.000000
9.171209	2.186276	0.785398	9.059801	2.129176	0.674741	-39.453700	-25.490800	25.000000
9.171209	2.186276	0.785398	9.274697	2.127416	0.704494	-39.453700	-24.393100	25.000000
9.171209	2.186276	0.785398	9.194020	2.171939	0.720071	-39.453700	-23.832300	25.000000
9.171209	2.186276	0.785398	9.248784	2.167884	0.729900	-39.453700	-22.734600	25.000000
9.171209	2.186276	0.785398	9.240130	2.181672	0.757368	-39.453700	-22.173800	25.000000
9.171209	2.186276	0.785398	9.066973	2.181581	0.756835	-39.453700	-21.076100	25.000000
9.171209	2.186276	0.785398	9.180959	2.186192	0.766532	-39.453700	-19.417600	25.000000
9.170632	2.186321	0.785304	9.180959	2.186192	0.766532	-39.453700	-16.100600	25.000000
9.170054	2.186365	0.785398	9.180959	2.172915	0.794744	-38.624400	-39.319400	25.000000
9.170632	2.186321	0.785493	9.124692	2.163883	0.794744	-38.624400	-38.758700	25.000000
9.170632	2.186321	0.785493	9.242294	2.155331	0.794572	-38.624400	-37.100200	25.000000
9.170632	2.186321	0.785493	9.127979	2.150488	0.785398	-38.624400	-36.002500	25.000000
9.170632	2.186321	0.785493	9.220087	2.093138	0.794247	-38.624400	-35.441700	25.000000
9.170632	2.186321	0.785493	9.194020	2.132886	0.803578	-38.624400	-34.344000	25.000000
9.170632	2.186321	0.785493	9.309135	2.063096	0.802638	-38.624400	-33.783200	25.000000
9.170632	2.186321	0.785493	9.003333	2.031167	0.750325	-38.624400	-32.685500	25.000000
9.170054	2.186365	0.785398	8.848164	1.965203	0.690036	-38.624400	-32.124700	25.000000
9.170054	2.186365	0.785398	9.470480	1.893122	0.761781	-38.624400	-31.027000	25.000000
9.170054	2.186365	0.785398	8.722391	1.803328	0.601074	-38.624400	-30.466200	25.000000
9.170054	2.186365	0.785398	9.616761	1.739004	0.658268	-38.624400	-29.368500	25.000000
9.170054	2.186365	0.785398	9.349781	1.762344	0.512389	-38.624400	-28.807700	25.000000
9.170054	2.186365	0.785398	8.994937	1.701239	0.528882	-38.624400	-27.710000	25.000000
9.170632	2.186321	0.785493	9.437161	1.860954	0.572666	-38.624400	-27.149300	25.000000
9.170632	2.186321	0.785493	8.969392	1.911840	0.453066	-38.624400	-26.051600	25.000000
9.170632	2.186321	0.785493	9.355747	2.036355	0.641109	-38.624400	-25.490800	25.000000
9.170632	2.186321	0.785493	9.003333	2.081404	0.549153	-38.624400	-24.393100	25.000000
9.170632	2.186321	0.785493	9.200543	2.158336	0.711459	-38.624400	-23.832300	25.000000
9.170632	2.186321	0.785493	9.127431	2.137487	0.656487	-38.624400	-22.734600	25.000000
9.170632	2.186321	0.785493	9.184226	2.185941	0.747680	-38.624400	-22.173800	25.000000
9.170632	2.186321	0.785493	9.187491	2.172426	0.738703	-38.624400	-21.076100	25.000000
9.170632	2.186321	0.785493	9.240130	2.181672	0.757368	-38.624400	-20.515300	25.000000
9.170632	2.186321	0.785493	9.124692	2.190558	0.756835	-38.624400	-19.417600	25.000000
9.170054	2.186365	0.785398	9.180959	2.172915	0.776053	-38.624400	-17.759100	25.000000
9.170632	2.186321	0.785304	9.180959	2.172915	0.794744	-37.795200	-39.319400	25.000000
9.171209	2.186276	0.785398	9.180959	2.172915	0.794744	-37.795200	-38.758700	25.000000
9.171209	2.186276	0.785398	9.183137	2.159599	0.785398	-37.795200	-37.661000	25.000000
9.171209	2.186276	0.785398	9.069179	2.154739	0.794744	-37.795200	-37.100200	25.000000
9.171209	2.186276	0.785398	9.187491	2.146253	0.794572	-37.795200	-36.002500	25.000000
9.171209	2.186276	0.785398	9.233093	2.079880	0.802940	-37.795200	-35.441700	25.000000
9.171209	2.186276	0.785398	9.089004	2.114265	0.803578	-37.795200	-34.344000	25.000000
9.171209	2.186276	0.785398	9.201087	1.926004	0.785398	-37.795200	-33.783200	25.000000
9.171209	2.186276	0.785398	9.171150	2.034266	0.802638	-37.795200	-32.685500	25.000000
9.170632	2.186321	0.785304	7.993522	1.706320	0.651077	-37.795200	-32.124700	25.000000
9.170632	2.186321	0.785304	10.211640	1.645290	0.771510	-37.795200	-31.027000	25.000000
9.170632	2.186321	0.785304	9.563472	1.150751	0.412410	-37.795200	-30.466200	25.000000
9.170632	2.186321	0.785304	8.748143	1.269031	0.554792	-37.795200	-29.368500	25.000000
9.170632	2.186321	0.785304	9.061700	1.391056	0.403419	-37.795200	-28.807700	25.000000
9.170632	2.186321	0.785304	9.213474	1.561028	0.473356	-37.795200	-27.710000	25.000000
9.171209	2.186276	0.785398	8.760920	1.553217	0.325361	-37.795200	-27.149300	25.000000
9.171209	2.186276	0.785398	9.614139	1.559563	0.328329	-37.795200	-26.051600	25.000000
9.171209	2.186276	0.785398	9.328671	1.755145	0.439262	-37.795200	-25.490800	25.000000
9.171209	2.186276	0.785398	9.064083	1.877893	0.281479	-37.795200	-24.393100	25.000000
9.171209	2.186276	0.785398	9.297849	2.088330	0.636076	-37.795200	-23.832300	25.000000
9.171209	2.186276	0.785398	9.038805	2.091918	0.520728	-37.795200	-22.734600	25.000000
9.171209	2.186276	0.785398	9.105493	2.165305	0.672671	-37.795200	-22.173800	25.000000
9.171209	2.186276	0.785398	9.200543	2.158336	0.711459	-37.795200	-21.076100	25.000000
9.171209	2.186276	0.785398	9.243376	2.168281	0.748378	-37.795200	-20.515300	25.000000
9.171209	2.186276	0.785398	9.069179	2.194933	0.746956	-37.795200	-19.417600	25.000000
9.170632	2.186321	0.785304	9.180959	2.186192	0.766532	-37.795200	-18.856800	25.000000
9.170632	2.186321	0.785304	9.180959	2.186192	0.766532	-37.795200	-17.759100	25.000000
9.170054	2.186365	0.785398	9.180959	2.172915	0.794744	-36.965900	-39.319400	25.000000
9.170632	2.186321	0.785493	9.184226	2.159520	0.803915	-36.965900	-38.758700	25.000000
9.170632	2.186321	0.785493	9.180959	2.172915	0.794744	-36.965900	-37.661000	25.000000
9.170632	2.186321	0.785493	9.250946	2.141810	0.821746	-36.965900	-37.100200	25.000000
9.170632	2.186321	0.785493	9.133455	2.137068	0.794572	-36.965900	-36.002500	25.000000
9.170632	2.186321	0.785493	9.213577	2.106117	0.821097	-36.965900	-35.441700	25.000000
9.170632	2.186321	0.785493	9.137286	2.060766	0.802940	-36.965900	-34.344000	25.000000
9.170632	2.186321	0.785493	9.224966	1.800453	0.809016	-36.965900	-33.783200	25.000000
9.170632	2.186321	0.785493	9.120307	1.964660	0.827390	-36.965900	-32.685500	25.000000
9.170054	2.186365	0.785398	8.802840	1.223030	0.759763	-36.965900	-32.124700	25.000000
9.170054	2.186365	0.785398	9.424436	0.934526	0.540420	-36.965900	-31.027000	25.000000
9.170054	2.186365	0.785398	9.655366	1.486806	0.660132	-36.965900	-30.466200	25.000000
9.170054	2.186365	0.785398	8.626059	1.765626	0.617502	-36.965900	-29.368500	25.000000
9.170054	2.186365	0.785398	9.577578	2.274893	0.853255	-36.965900	-28.807700	25.000000
9.170054	2.186365	0.785398	8.697701	2.332061	0.570383	-36.965900	-27.710000	25.000000
9.170632	2.186321	0.785493	8.621485	2.218234	0.713358	-36.965900	-27.149300	25.000000
9.170632	2.186321	0.785493	9.718539	2.374992	1.007480	-36.965900	-26.051600	25.000000
9.170632	2.186321	0.785493	10.397716	1.749672	0.380506	-36.965900	-25.490800	25.000000
9.170632	2.186321	0.785493	7.744992	1.958765	0.401229	-36.965900	-24.393100	25.000000
9.170632	2.186321	0.785493	9.449339	1.827596	0.311370	-36.965900	-23.832300	25.000000
9.170632	2.186321	0.785493	8.971622	2.008166	0.325642	-36.965900	-22.734600	25.000000
9.170632	2.186321	0.785493	9.181503	2.146676	0.656487	-36.965900	-22.173800	25.000000
9.170632	2.186321	0.785493	9.060905	2.129100	0.562737	-36.965900	-21.076100	25.000000
9.170632	2.186321	0.785493	9.135644	2.189703	0.718830	-36.965900	-20.515300	25.000000
9.170632	2.186321	0.785493	9.250946	2.180854	0.720071	-36.965900	-19.417600	25.000000
9.170054	2.186365	0.785398	9.066973	2.181581	0.756835	-36.965900	-18.856800	25.000000
9.170054	2.186365	0.785398	9.240130	2.181672	0.757368	-36.965900	-17.759100	25.000000
9.170054	2.186365	0.785398	9.180959	2.186192	0.766532	-36.965900	-16.100600	25.000000
9.170632	2.186321	0.785493	9.180959	2.186192	0.766532	-36.965900	-15.539900	25.000000
9.170632	2.186321	0.785304	9.180959	2.172915	0.794744	-36.136700	-43.734100	25.000000
9.170632	2.186321	0.785304	9.180959	2.172915	0.794744	-36.136700	-42.075600	25.000000
9.170632	2.186321	0.785304	9.180959	2.172915	0.794744	-36.136700	-40.417100	25.000000
9.170632	2.186321	0.785304	9.180959	2.172915	0.794744	-36.136700	-39.319400	25.000000
9.171209	2.186276	0.785398	9.124692	2.163883	0.794744	-36.136700	-38.758700	25.000000
9.171209	2.186276	0.785398	9.180959	2.172915	0.794744	-36.136700	-37.661000	25.000000
9.171209	2.186276	0.785398	9.197282	2.132662	0.821746	-36.136700	-37.100200	25.000000
9.171209	2.186276	0.785398	9.189668	2.146100	0.812914	-36.136700	-36.002500	25.000000
9.171209	2.186276	0.785398	8.938121	2.034788	0.811941	-36.136700	-35.441700	25.000000
9.171209	2.186276	0.785398	9.413820	2.081330	0.837076	-36.136700	-34.344000	25.000000
9.171209	2.186276	0.785398	8.104221	1.784658	0.785398	-36.136700	-33.783200	25.000000
9.171209	2.186276	0.785398	10.091581	1.730016	0.899190	-36.136700	-32.685500	25.000000
9.170632	2.186321	0.785304	8.866792	1.308401	0.744099	-36.136700	-32.124700	25.000000
9.170632	2.186321	0.785304	9.468896	1.111232	0.768733	-36.136700	-31.027000	25.000000
9.170632	2.186321	0.785304	9.140569	2.060575	0.750325	-36.136700	-30.466200	25.000000
9.170632	2.186321	0.785304	9.250405	2.412701	0.946773	-36.136700	-29.368500	25.000000
9.170632	2.186321	0.785304	9.839802	2.634173	1.090312	-36.136700	-28.807700	25.000000
9.170632	2.186321	0.785304	8.551170	3.032140	5.626837	-36.136700	-27.710000	25.000000
9.171209	2.186276	0.785398	9.980481	2.694621	2.339803	-36.136700	-27.149300	25.000000
9.171209	2.186276	0.785398	8.203658	2.724391	2.377468	-36.136700	-26.051600	25.000000
9.171209	2.186276	0.785398	8.912581	2.221674	0.844271	-36.136700	-25.490800	25.000000
9.171209	2.186276	0.785398	9.369530	2.293906	1.654883	-36.136700	-24.393100	25.000000
9.171209	2.186276	0.785398	10.495713	1.900689	0.481664	-36.136700	-23.832300	25.000000
9.171209	2.186276	0.785398	7.668116	2.214156	0.332059	-36.136700	-22.734600	25.000000
9.171209	2.186276	0.785398	9.160786	2.047076	0.485622	-36.136700	-22.173800	25.000000
9.171209	2.186276	0.785398	9.214120	2.068635	0.313938	-36.136700	-21.076100	25.000000
9.171209	2.186276	0.785398	9.192388	2.172061	0.635586	-36.136700	-20.515300	25.000000
9.171209	2.186276	0.785398	9.149863	2.175252	0.691337	-36.136700	-19.417600	25.000000
9.170632	2.186321	0.785304	9.184226	2.185941	0.747680	-36.136700	-18.856800	25.000000
9.170632	2.186321	0.785304	9.244458	2.181344	0.738703	-36.136700	-17.759100	25.000000
9.170632	2.186321	0.785304	9.124692	2.190558	0.756835	-36.136700	-17.198300	25.000000
9.170632	2.186321	0.785304	9.180959	2.172915	0.794744	-35.307500	-40.417100	25.000000
9.171209	2.186276	0.785398	9.180959	2.172915	0.794744	-35.307500	-38.758700	25.000000
9.171209	2.186276	0.785398	9.124692	2.163883	0.794744	-35.307500	-37.661000	25.000000
9.171209	2.186276	0.785398	9.250946	2.141810	0.821746	-35.307500	-37.100200	25.000000
9.171209	2.186276	0.785398	9.074690	2.141190	0.803915	-35.307500	-36.002500	25.000000
9.171209	2.186276	0.785398	9.392018	2.058369	0.862170	-35.307500	-35.441700	25.000000
9.171209	2.186276	0.785398	8.876936	2.038240	0.821097	-35.307500	-34.344000	25.000000
9.171209	2.186276	0.785398	10.213225	1.647341	0.952830	-35.307500	-33.783200	25.000000
9.171209	2.186276	0.785398	8.023214	1.491693	0.829617	-35.307500	-32.685500	25.000000
9.170632	2.186321	0.785304	10.219569	1.655048	0.952830	-35.307500	-32.124700	25.000000
9.170632	2.186321	0.785304	7.978095	1.721781	0.686622	-35.307500	-31.027000	25.000000
9.170632	2.186321	0.785304	8.209970	2.824239	1.350434	-35.307500	-30.466200	25.000000
9.170632	2.186321	0.785304	10.047930	2.443901	1.082206	-35.307500	-29.368500	25.000000
9.170632	2.186321	0.785304	10.657457	2.671209	3.131241	-35.307500	-28.807700	25.000000
9.170632	2.186321	0.785304	7.238748	2.945486	6.014819	-35.307500	-27.710000	25.000000
9.171209	2.186276	0.785398	8.901511	2.180880	3.472446	-35.307500	-27.149300	25.000000
9.171209	2.186276	0.785398	9.356303	2.500761	3.324964	-35.307500	-26.051600	25.000000
9.171209	2.186276	0.785398	9.932271	2.029739	2.140110	-35.307500	-25.490800	25.000000
9.171209	2.186276	0.785398	8.426743	2.106307	2.653259	-35.307500	-24.393100	25.000000
9.171209	2.186276	0.785398	9.828738	2.057840	1.313531	-35.307500	-23.832300	25.000000
9.171209	2.186276	0.785398	8.429834	2.379830	1.105611	-35.307500	-22.734600	25.000000
9.171209	2.186276	0.785398	9.571311	2.025072	0.406419	-35.307500	-22.173800	25.000000
9.171209	2.186276	0.785398	8.677557	2.272268	0.592187	-35.307500	-21.076100	25.000000
9.171209	2.186276	0.785398	9.383496	2.132762	0.542579	-35.307500	-20.515300	25.000000
9.171209	2.186276	0.785398	8.958236	2.190104	0.580398	-35.307500	-19.417600	25.000000
9.170632	2.186321	0.785304	9.082401	2.193885	0.708626	-35.307500	-18.856800	25.000000
9.170632	2.186321	0.785304	9.305375	2.176771	0.729900	-35.307500	-17.759100	25.000000
9.170632	2.186321	0.785304	9.180959	2.186192	0.766532	-35.307500	-17.198300	25.000000
9.170632	2.186321	0.785304	9.180959	2.186192	0.766532	-35.307500	-16.100600	25.000000
9.170632	2.186321	0.785493	9.180959	2.186192	0.804264	-34.478200	-45.392600	25.000000
9.170054	2.186365	0.785398	9.123596	2.177242	0.804264	-34.478200	-40.417100	25.000000
9.170054	2.186365	0.785398	9.180959	2.172915	0.794744	-34.478200	-39.319400	25.000000
9.170632	2.186321	0.785493	9.124692	2.163883	0.794744	-34.478200	-38.758700	25.000000
9.170632	2.186321	0.785493	9.240130	2.168520	0.803915	-34.478200	-37.661000	25.000000
9.170632	2.186321	0.785493	9.197282	2.132662	0.821746	-34.478200	-37.100200	25.000000
9.170632	2.186321	0.785493	9.250946	2.141810	0.821746	-34.478200	-36.002500	25.000000
9.170632	2.186321	0.785493	9.069730	2.077308	0.838918	-34.478200	-35.441700	25.000000
9.170632	2.186321	0.785493	9.195651	1.996804	0.869942	-34.478200	-34.344000	25.000000
9.170632	2.186321	0.785493	10.483301	1.365217	0.993604	-34.478200	-33.783200	25.000000
9.170632	2.186321	0.785493	7.676516	1.396662	0.916714	-34.478200	-32.685500	25.000000
9.170054	2.186365	0.785398	9.427619	1.698428	0.845930	-34.478200	-32.124700	25.000000
9.170054	2.186365	0.785398	9.009994	2.213466	0.785398	-34.478200	-31.027000	25.000000
9.170054	2.186365	0.785398	7.792105	2.749240	0.271845	-34.478200	-30.466200	25.000000
9.170054	2.186365	0.785398	10.355216	2.732324	2.708337	-34.478200	-29.368500	25.000000
9.170054	2.186365	0.785398	8.141400	2.682944	3.191551	-34.478200	-28.807700	25.000000
9.170054	2.186365	0.785398	10.082440	2.271408	3.185720	-34.478200	-27.710000	25.000000
9.170632	2.186321	0.785493	8.260751	1.968578	4.189986	-34.478200	-27.149300	25.000000
9.170632	2.186321	0.785493	9.985489	1.886463	3.343120	-34.478200	-26.051600	25.000000
9.170632	2.186321	0.785493	7.911975	1.599744	3.094791	-34.478200	-25.490800	25.000000
9.170632	2.186321	0.785493	10.246270	1.534580	2.815518	-34.478200	-24.393100	25.000000
9.170632	2.186321	0.785493	11.334020	1.847840	1.552450	-34.478200	-23.832300	25.000000
9.170632	2.186321	0.785493	6.402726	1.921548	1.986825	-34.478200	-22.734600	25.000000
9.170632	2.186321	0.785493	7.772387	2.338893	0.463648	-34.478200	-22.173800	25.000000
9.170632	2.186321	0.785493	10.220567	2.081980	1.514676	-34.478200	-21.076100	25.000000
9.170632	2.186321	0.785493	9.244263	2.129466	0.247454	-34.478200	-20.515300	25.000000
9.170632	2.186321	0.785493	9.081856	2.089199	0.388745	-34.478200	-19.417600	25.000000
9.170054	2.186365	0.785398	8.990551	2.201246	0.668289	-34.478200	-18.856800	25.000000
9.170054	2.186365	0.785398	9.290856	2.191019	0.654083	-34.478200	-17.759100	25.000000
9.170054	2.186365	0.785398	9.129074	2.190216	0.737815	-34.478200	-17.198300	25.000000
9.170054	2.186365	0.785398	9.184226	2.185941	0.747680	-34.478200	-16.100600	25.000000
9.170054	2.186365	0.785398	9.180959	2.186192	0.766532	-34.478200	-14.442100	25.000000
9.170632	2.186321	0.785304	9.180959	2.172915	0.794744	-33.649000	-42.075600	25.000000
9.170632	2.186321	0.785304	9.180959	2.172915	0.794744	-33.649000	-39.319400	25.000000
9.171209	2.186276	0.785398	9.184226	2.159520	0.803915	-33.649000	-38.758700	25.000000
9.171209	2.186276	0.785398	9.180959	2.172915	0.794744	-33.649000	-37.661000	25.000000
9.171209	2.186276	0.785398	9.144397	2.123408	0.821746	-33.649000	-37.100200	25.000000
9.171209	2.186276	0.785398	9.189668	2.146100	0.812914	-33.649000	-36.002500	25.000000
9.171209	2.186276	0.785398	8.956562	1.996657	0.863500	-33.649000	-35.441700	25.000000
9.171209	2.186276	0.785398	9.449868	2.067121	0.879140	-33.649000	-34.344000	25.000000
9.171209	2.186276	0.785398	10.342630	1.276505	1.052903	-33.649000	-33.783200	25.000000
9.171209	2.186276	0.785398	7.773030	1.160572	0.975012	-33.649000	-32.685500	25.000000
9.170632	2.186321	0.785304	8.600581	2.220073	0.588003	-33.649000	-32.124700	25.000000
9.170632	2.186321	0.785304	9.710304	1.746775	0.918927	-33.649000	-31.027000	25.000000
9.170632	2.186321	0.785304	9.919945	2.508930	3.016815	-33.649000	-30.466200	25.000000
9.170632	2.186321	0.785304	7.774452	2.303467	5.797096	-33.649000	-29.368500	25.000000
9.170632	2.186321	0.785304	9.185401	2.172582	3.279381	-33.649000	-28.807700	25.000000
9.170632	2.186321	0.785304	9.104417	1.894971	3.373081	-33.649000	-27.710000	25.000000
9.171209	2.186276	0.785398	11.498369	1.319067	3.597208	-33.649000	-27.149300	25.000000
9.171209	2.186276	0.785398	5.872380	2.148517	3.605240	-33.649000	-26.051600	25.000000
9.171209	2.186276	0.785398	8.465365	1.105276	3.453310	-33.649000	-25.490800	25.000000
9.171209	2.186276	0.785398	9.862048	1.074042	3.268809	-33.649000	-24.393100	25.000000
9.171209	2.186276	0.785398	6.063572	1.426820	1.982253	-33.649000	-23.832300	25.000000
9.171209	2.186276	0.785398	11.403947	1.358758	1.986288	-33.649000	-22.734600	25.000000
9.171209	2.186276	0.785398	9.280898	2.040411	1.435015	-33.649000	-22.173800	25.000000
9.171209	2.186276	0.785398	9.092079	1.792582	1.695957	-33.649000	-21.076100	25.000000
9.171209	2.186276	0.785398	8.810221	2.202132	0.482513	-33.649000	-20.515300	25.000000
9.171209	2.186276	0.785398	9.546203	2.122065	0.776703	-33.649000	-19.417600	25.000000
9.170632	2.186321	0.785304	9.099451	2.206125	0.610726	-33.649000	-18.856800	25.000000
9.170632	2.186321	0.785304	9.137286	2.189575	0.535811	-33.649000	-17.759100	25.000000
9.170632	2.186321	0.785304	9.197282	2.184938	0.710069	-33.649000	-17.198300	25.000000
9.170632	2.186321	0.785304	9.187491	2.199078	0.737815	-33.649000	-16.100600	25.000000
9.171209	2.186276	0.785398	9.180959	2.199595	0.775875	-33.649000	-15.539900	25.000000
9.170632	2.186321	0.785304	9.180959	2.186192	0.766532	-33.649000	-14.442100	25.000000
9.171209	2.186276	0.785398	9.180959	2.186192	0.766532	-33.649000	-12.783700	25.000000
9.170632	2.186321	0.785493	9.240130	2.168520	0.803915	-32.819700	-38.758700	25.000000
9.170632	2.186321	0.785493	9.124692	2.163883	0.794744	-32.819700	-37.661000	25.000000
9.170632	2.186321	0.785493	9.189668	2.146100	0.812914	-32.819700	-37.100200	25.000000
9.170632	2.186321	0.785493	9.086804	2.127321	0.831238	-32.819700	-36.002500	25.000000
9.170632	2.186321	0.785493	9.539916	2.050166	0.894210	-32.819700	-35.441700	25.000000
9.170632	2.186321	0.785493	8.890444	2.037474	0.856706	-32.819700	-34.344000	25.000000
9.170632	2.186321	0.785493	10.371114	1.153849	1.088283	-32.819700	-33.783200	25.000000
9.170632	2.186321	0.785493	7.779460	1.310789	1.071450	-32.819700	-32.685500	25.000000
9.170054	2.186365	0.785398	7.914771	1.515175	0.901984	-32.819700	-32.124700	25.000000
9.170054	2.186365	0.785398	10.266689	1.925942	0.741309	-32.819700	-31.027000	25.000000
9.170054	2.186365	0.785398	8.239539	2.222863	6.160724	-32.819700	-30.466200	25.000000
9.170054	2.186365	0.785398	9.485911	2.150985	4.038632	-32.819700	-29.368500	25.000000
9.170054	2.186365	0.785398	10.647178	1.506886	3.753090	-32.819700	-28.807700	25.000000
9.170054	2.186365	0.785398	7.346625	1.808511	3.787895	-32.819700	-27.710000	25.000000
9.170632	2.186321	0.785493	8.064174	1.371063	3.535021	-32.819700	-27.149300	25.000000
9.170632	2.186321	0.785493	10.147753	1.176324	3.262505	-32.819700	-26.051600	25.000000
9.170632	2.186321	0.785493	9.364828	0.832904	3.495296	-32.819700	-25.490800	25.000000
9.170632	2.186321	0.785493	8.950978	0.741658	3.738769	-32.819700	-24.393100	25.000000
9.170632	2.186321	0.785493	10.010994	1.047831	1.936315	-32.819700	-23.832300	25.000000
9.170632	2.186321	0.785493	8.274056	0.741814	2.394151	-32.819700	-22.734600	25.000000
9.170632	2.186321	0.785493	8.719845	1.530532	1.879843	-32.819700	-22.173800	25.000000
9.170632	2.186321	0.785493	9.600402	1.565276	1.578088	-32.819700	-21.076100	25.000000
9.170632	2.186321	0.785493	7.074602	2.260201	0.147078	-32.819700	-20.515300	25.000000
9.170632	2.186321	0.785493	10.714476	1.815906	1.377174	-32.819700	-19.417600	25.000000
9.170054	2.186365	0.785398	9.297849	2.164300	0.399781	-32.819700	-18.856800	25.000000
9.170054	2.186365	0.785398	8.920202	2.235185	0.348771	-32.819700	-17.759100	25.000000
9.170054	2.186365	0.785398	9.264988	2.193015	0.691337	-32.819700	-17.198300	25.000000
9.170054	2.186365	0.785398	9.037699	2.211173	0.687671	-32.819700	-16.100600	25.000000
9.170632	2.186321	0.785493	9.124692	2.190558	0.756835	-32.819700	-15.539900	25.000000
9.170054	2.186365	0.785398	9.183137	2.199423	0.756835	-32.819700	-14.442100	25.000000
9.170632	2.186321	0.785493	9.180959	2.199595	0.775875	-32.819700	-13.881400	25.000000
9.170632	2.186321	0.785493	9.180959	2.186192	0.766532	-32.819700	-12.783700	25.000000
9.170632	2.186321	0.785304	9.180959	2.186192	0.804264	-31.990500	-39.319400	25.000000
9.171209	2.186276	0.785398	9.124692	2.163883	0.794744	-31.990500	-38.758700	25.000000
9.171209	2.186276	0.785398	9.180959	2.172915	0.794744	-31.990500	-37.661000	25.000000
9.171209	2.186276	0.785398	9.305375	2.150852	0.821746	-31.990500	-37.100200	25.000000
9.171209	2.186276	0.785398	9.077995	2.140956	0.822418	-31.990500	-36.002500	25.000000
9.171209	2.186276	0.785398	9.308061	2.087705	0.872894	-31.990500	-35.441700	25.000000
9.171209	2.186276	0.785398	9.022749	2.005518	0.897964	-31.990500	-34.344000	25.000000
9.171209	2.186276	0.785398	10.623766	1.321609	1.150600	-31.990500	-33.783200	25.000000
9.171209	2.186276	0.785398	7.570740	1.277331	1.082462	-31.990500	-32.685500	25.000000
9.170632	2.186321	0.785304	11.130588	2.006733	0.883672	-31.990500	-32.124700	25.000000
9.170632	2.186321	0.785304	6.729785	1.630269	0.795924	-31.990500	-31.027000	25.000000
9.170632	2.186321	0.785304	11.413150	2.014546	5.241162	-31.990500	-30.466200	25.000000
9.170632	2.186321	0.785304	6.264982	2.125554	5.310808	-31.990500	-29.368500	25.000000
9.170632	2.186321	0.785304	11.917819	1.412388	4.498328	-31.990500	-28.807700	25.000000
9.170632	2.186321	0.785304	4.899398	0.984681	3.682012	-31.990500	-27.710000	25.000000
9.171209	2.186276	0.785398	9.230385	0.891354	3.366304	-31.990500	-27.149300	25.000000
9.171209	2.186276	0.785398	8.996110	0.898874	3.341774	-31.990500	-26.051600	25.000000
9.171209	2.186276	0.785398	10.557940	0.472737	3.353267	-31.990500	-25.490800	25.000000
9.171209	2.186276	0.785398	7.606083	0.799855	3.448851	-31.990500	-24.393100	25.000000
9.171209	2.186276	0.785398	9.102357	0.395412	2.463288	-31.990500	-23.832300	25.000000
9.171209	2.186276	0.785398	9.208822	0.707267	1.879863	-31.990500	-22.734600	25.000000
9.171209	2.186276	0.785398	8.869295	1.296784	1.853279	-31.990500	-22.173800	25.000000
9.171209	2.186276	0.785398	9.507976	1.182481	1.566251	-31.990500	-21.076100	25.000000
9.171209	2.186276	0.785398	9.808027	1.983069	0.987423	-31.990500	-20.515300	25.000000
9.171209	2.186276	0.785398	8.354867	1.357326	1.697278	-31.990500	-19.417600	25.000000
9.170632	2.186321	0.785304	9.172786	2.241329	0.370171	-31.990500	-18.856800	25.000000
9.170632	2.186321	0.785304	9.191844	2.253630	0.388319	-31.990500	-17.759100	25.000000
9.170632	2.186321	0.785304	9.222256	2.209784	0.670522	-31.990500	-17.198300	25.000000
9.170632	2.186321	0.785304	9.048204	2.224153	0.607305	-31.990500	-16.100600	25.000000
9.171209	2.186276	0.785398	9.069179	2.194933	0.746956	-31.990500	-15.539900	25.000000
9.170632	2.186321	0.785304	9.187491	2.199078	0.737815	-31.990500	-14.442100	25.000000
9.171209	2.186276	0.785398	9.180959	2.199595	0.775875	-31.990500	-13.881400	25.000000
9.170054	2.186365	0.785398	9.180959	2.172915	0.794744	-31.161200	-40.417100	25.000000
9.170632	2.186321	0.785493	9.123596	2.177242	0.804264	-31.161200	-38.758700	25.000000
9.170632	2.186321	0.785493	9.123596	2.177242	0.804264	-31.161200	-37.661000	25.000000
9.170632	2.186321	0.785493	9.244458	2.155176	0.812914	-31.161200	-37.100200	25.000000
9.170632	2.186321	0.785493	9.140022	2.136611	0.831238	-31.161200	-36.002500	25.000000
9.170632	2.186321	0.785493	9.407975	2.069534	0.905507	-31.161200	-35.441700	25.000000
9.170632	2.186321	0.785493	8.867920	2.064190	0.876058	-31.161200	-34.344000	25.000000
9.170632	2.186321	0.785493	7.694316	1.327980	1.113137	-31.161200	-33.783200	25.000000
9.170632	2.186321	0.785493	10.361588	1.517691	1.163366	-31.161200	-32.685500	25.000000
9.170054	2.186365	0.785398	7.629548	1.649519	0.887842	-31.161200	-32.124700	25.000000
9.170054	2.186365	0.785398	10.367738	2.236102	0.863500	-31.161200	-31.027000	25.000000
9.170054	2.186365	0.785398	8.783507	2.108685	5.610515	-31.161200	-30.466200	25.000000
9.170054	2.186365	0.785398	9.443601	1.905262	0.164411	-31.161200	-29.368500	25.000000
9.170054	2.186365	0.785398	11.140180	0.898262	4.769797	-31.161200	-28.807700	25.000000
9.170054	2.186365	0.785398	5.452715	2.024518	0.020405	-31.161200	-27.710000	25.000000
9.170632	2.186321	0.785493	8.834591	0.556828	3.957285	-31.161200	-27.149300	25.000000
9.170632	2.186321	0.785493	9.449339	0.400928	3.850219	-31.161200	-26.051600	25.000000
9.170632	2.186321	0.785493	9.374822	0.319631	3.318015	-31.161200	-25.490800	25.000000
9.170632	2.186321	0.785493	8.940772	0.487317	2.937873	-31.161200	-24.393100	25.000000
9.170632	2.186321	0.785493	9.606373	0.484669	1.755046	-31.161200	-23.832300	25.000000
9.170632	2.186321	0.785493	8.706297	0.218125	2.220667	-31.161200	-22.734600	25.000000
9.170632	2.186321	0.785493	8.195719	1.004079	1.635489	-31.161200	-22.173800	25.000000
9.170632	2.186321	0.785493	10.000568	1.058739	1.506746	-31.161200	-21.076100	25.000000
9.170632	2.186321	0.785493	7.263195	1.628654	1.025646	-31.161200	-20.515300	25.000000
9.170632	2.186321	0.785493	10.733667	1.326134	1.518920	-31.161200	-19.417600	25.000000
9.170054	2.186365	0.785398	6.581033	2.282854	0.671606	-31.161200	-18.856800	25.000000
9.170054	2.186365	0.785398	11.206248	2.083801	0.996997	-31.161200	-17.759100	25.000000
9.170054	2.186365	0.785398	8.985544	2.257967	0.528074	-31.161200	-17.198300	25.000000
9.170054	2.186365	0.785398	9.301075	2.230436	0.591776	-31.161200	-16.100600	25.000000
9.170632	2.186321	0.785493	9.187491	2.199078	0.737815	-31.161200	-15.539900	25.000000
9.170054	2.186365	0.785398	9.080198	2.207690	0.717541	-31.161200	-14.442100	25.000000
9.170632	2.186321	0.785493	9.239048	2.195030	0.766532	-31.161200	-12.783700	25.000000
9.171209	2.186276	0.785398	9.180959	2.172915	0.794744	-30.332000	-38.758700	25.000000
9.171209	2.186276	0.785398	9.180959	2.172915	0.794744	-30.332000	-37.661000	25.000000
9.171209	2.186276	0.785398	9.071384	2.154579	0.813428	-30.332000	-37.100200	25.000000
9.171209	2.186276	0.785398	9.248784	2.154866	0.831238	-30.332000	-36.002500	25.000000
9.171209	2.186276	0.785398	9.456215	2.078821	0.905507	-30.332000	-35.441700	25.000000
9.171209	2.186276	0.785398	8.897753	2.088064	0.867780	-30.332000	-34.344000	25.000000
9.171209	2.186276	0.785398	8.022616	1.448210	1.129617	-30.332000	-33.783200	25.000000
9.171209	2.186276	0.785398	10.180466	1.685680	1.142532	-30.332000	-32.685500	25.000000
9.170632	2.186321	0.785304	10.883014	1.947164	1.054101	-30.332000	-32.124700	25.000000
9.170632	2.186321	0.785304	7.116881	2.005931	0.708626	-30.332000	-31.027000	25.000000
9.170632	2.186321	0.785304	8.519390	2.212592	5.320714	-30.332000	-30.466200	25.000000
9.170632	2.186321	0.785304	9.902525	2.088428	5.390760	-30.332000	-29.368500	25.000000
9.170632	2.186321	0.785304	8.977378	2.102816	0.723207	-30.332000	-28.807700	25.000000
9.170632	2.186321	0.785304	8.741422	1.067125	5.678880	-30.332000	-27.710000	25.000000
9.171209	2.186276	0.785398	9.515230	0.390200	5.762668	-30.332000	-27.149300	25.000000
9.171209	2.186276	0.785398	8.777295	0.608864	5.009570	-30.332000	-26.051600	25.000000
9.171209	2.186276	0.785398	9.079323	0.132283	2.421192	-30.332000	-25.490800	25.000000
9.171209	2.186276	0.785398	9.156446	0.111094	2.166995	-30.332000	-24.393100	25.000000
9.171209	2.186276	0.785398	9.857084	0.467364	1.318172	-30.332000	-23.832300	25.000000
9.171209	2.186276	0.785398	8.418218	0.275832	1.157886	-30.332000	-22.734600	25.000000
9.171209	2.186276	0.785398	9.987617	0.901074	1.279340	-30.332000	-22.173800	25.000000
9.171209	2.186276	0.785398	8.237718	0.871888	1.314280	-30.332000	-21.076100	25.000000
9.171209	2.186276	0.785398	10.290913	1.548445	1.128884	-30.332000	-20.515300	25.000000
9.171209	2.186276	0.785398	7.824807	1.069545	1.244438	-30.332000	-19.417600	25.000000
9.170632	2.186321	0.785304	5.979967	2.020596	0.262995	-30.332000	-18.856800	25.000000
9.170632	2.186321	0.785304	11.400877	1.948076	1.111368	-30.332000	-17.759100	25.000000
9.170632	2.186321	0.785304	8.968277	2.288789	0.443783	-30.332000	-17.198300	25.000000
9.170632	2.186321	0.785304	9.384029	2.278434	0.388319	-30.332000	-16.100600	25.000000
9.171209	2.186276	0.785398	9.148770	2.215765	0.698241	-30.332000	-15.539900	25.000000
9.170632	2.186321	0.785304	9.260670	2.220195	0.708626	-30.332000	-14.442100	25.000000
9.171209	2.186276	0.785398	9.183137	2.199423	0.756835	-30.332000	-13.881400	25.000000
9.171209	2.186276	0.785398	9.183137	2.199423	0.756835	-30.332000	-12.783700	25.000000
9.171209	2.186276	0.785398	9.180959	2.186192	0.766532	-30.332000	-11.125200	25.000000
9.170632	2.186321	0.785304	9.180959	2.172915	0.794744	-29.502800	-42.075600	25.000000
9.171209	2.186276	0.785398	9.123596	2.177242	0.804264	-29.502800	-38.758700	25.000000
9.171209	2.186276	0.785398	9.187491	2.159283	0.822418	-29.502800	-37.100200	25.000000
9.171209	2.186276	0.785398	9.126883	2.163721	0.813428	-29.502800	-36.002500	25.000000
9.171209	2.186276	0.785398	9.026073	2.092728	0.894059	-29.502800	-35.441700	25.000000
9.171209	2.186276	0.785398	9.339700	2.123091	0.874448	-29.502800	-34.344000	25.000000
9.171209	2.186276	0.785398	9.416055	1.582479	1.178456	-29.502800	-33.783200	25.000000
9.171209	2.186276	0.785398	8.900022	1.853185	1.070516	-29.502800	-32.685500	25.000000
9.170632	2.186321	0.785304	10.791663	2.326381	1.021643	-29.502800	-32.124700	25.000000
9.170632	2.186321	0.785304	7.089429	1.856789	0.847817	-29.502800	-31.027000	25.000000
9.170632	2.186321	0.785304	9.921693	2.075775	5.383533	-29.502800	-30.466200	25.000000
9.170632	2.186321	0.785304	8.315648	2.114253	5.132040	-29.502800	-29.368500	25.000000
9.170632	2.186321	0.785304	8.258353	2.079196	5.478182	-29.502800	-28.807700	25.000000
9.170632	2.186321	0.785304	9.819043	0.983604	6.023371	-29.502800	-27.710000	25.000000
9.171209	2.186276	0.785398	8.675252	1.011908	6.160517	-29.502800	-27.149300	25.000000
9.171209	2.186276	0.785398	9.617692	0.785506	5.560206	-29.502800	-26.051600	25.000000
9.171209	2.186276	0.785398	9.183839	0.290136	0.504511	-29.502800	-25.490800	25.000000
9.171209	2.186276	0.785398	9.205439	0.394036	0.139096	-29.502800	-24.393100	25.000000
9.171209	2.186276	0.785398	9.965440	0.655506	0.996491	-29.502800	-23.832300	25.000000
9.171209	2.186276	0.785398	8.286736	0.669091	0.647392	-29.502800	-22.734600	25.000000
9.171209	2.186276	0.785398	9.725225	0.957187	0.874448	-29.502800	-22.173800	25.000000
9.171209	2.186276	0.785398	8.672370	0.927788	0.938822	-29.502800	-21.076100	25.000000
9.171209	2.186276	0.785398	8.556308	1.514668	0.901540	-29.502800	-20.515300	25.000000
9.171209	2.186276	0.785398	9.657769	1.126629	1.107149	-29.502800	-19.417600	25.000000
9.170632	2.186321	0.785304	8.225302	1.407155	1.178849	-29.502800	-18.856800	25.000000
9.170632	2.186321	0.785304	10.043685	1.997850	1.043509	-29.502800	-17.759100	25.000000
9.170632	2.186321	0.785304	9.217896	2.308519	0.353280	-29.502800	-17.198300	25.000000
9.170632	2.186321	0.785304	9.142347	2.331044	0.314591	-29.502800	-16.100600	25.000000
9.171209	2.186276	0.785398	9.232010	2.236251	0.668289	-29.502800	-15.539900	25.000000
9.170632	2.186321	0.785304	9.097802	2.233859	0.696524	-29.502800	-14.442100	25.000000
9.171209	2.186276	0.785398	9.183137	2.199423	0.756835	-29.502800	-13.881400	25.000000
9.171209	2.186276	0.785398	9.127979	2.203823	0.746956	-29.502800	-12.783700	25.000000
9.171209	2.186276	0.785398	9.239048	2.195030	0.766532	-29.502800	-12.222900	25.000000
9.171209	2.186276	0.785398	9.239048	2.195030	0.766532	-29.502800	-10.564400	25.000000
9.170054	2.186365	0.785398	9.180959	2.186192	0.804264	-28.673500	-42.636400	25.000000
9.170054	2.186365	0.785398	9.180959	2.186192	0.804264	-28.673500	-40.417100	25.000000
9.170632	2.186321	0.785493	9.183137	2.172752	0.813428	-28.673500	-37.100200	25.000000
9.170632	2.186321	0.785493	9.126883	2.163721	0.813428	-28.673500	-36.002500	25.000000
9.170632	2.186321	0.785493	8.984987	2.121274	0.859337	-28.673500	-35.441700	25.000000
9.170632	2.186321	0.785493	9.405318	2.118797	0.882438	-28.673500	-34.344000	25.000000
9.170632	2.186321	0.785493	8.666579	1.941543	1.024007	-28.673500	-33.783200	25.000000
9.170632	2.186321	0.785493	9.547544	1.745551	1.154732	-28.673500	-32.685500	25.000000
9.170054	2.186365	0.785398	7.379024	1.873542	0.896055	-28.673500	-32.124700	25.000000
9.170054	2.186365	0.785398	10.692988	2.348148	0.906301	-28.673500	-31.027000	25.000000
9.170054	2.186365	0.785398	10.848502	1.958358	5.667565	-28.673500	-30.466200	25.000000
9.170054	2.186365	0.785398	7.137226	2.289646	5.777895	-28.673500	-29.368500	25.000000
9.170054	2.186365	0.785398	8.203755	0.446356	0.153079	-28.673500	-28.807700	25.000000
9.170054	2.186365	0.785398	9.014549	2.299081	5.528272	-28.673500	-27.710000	25.000000
9.170632	2.186321	0.785493	7.722046	1.041359	5.799406	-28.673500	-27.149300	25.000000
9.170632	2.186321	0.785493	10.435037	0.835486	5.709519	-28.673500	-26.051600	25.000000
9.170632	2.186321	0.785493	8.709765	0.656367	0.208465	-28.673500	-25.490800	25.000000
9.170632	2.186321	0.785493	9.543170	0.715956	0.142574	-28.673500	-24.393100	25.000000
9.170632	2.186321	0.785493	10.243535	1.015539	0.826026	-28.673500	-23.832300	25.000000
9.170632	2.186321	0.785493	7.991245	1.103479	0.545227	-28.673500	-22.734600	25.000000
9.170632	2.186321	0.785493	9.421253	1.201578	0.720971	-28.673500	-22.173800	25.000000
9.170632	2.186321	0.785493	8.843642	1.151550	0.546789	-28.673500	-21.076100	25.000000
9.170632	2.186321	0.785493	10.404326	1.217481	0.908855	-28.673500	-20.515300	25.000000
9.170632	2.186321	0.785493	7.877817	1.300962	0.869313	-28.673500	-19.417600	25.000000
9.170054	2.186365	0.785398	7.045034	1.363496	1.152572	-28.673500	-18.856800	25.000000
9.170054	2.186365	0.785398	10.835590	1.524636	1.289959	-28.673500	-17.759100	25.000000
9.170054	2.186365	0.785398	9.298387	2.286340	0.572194	-28.673500	-17.198300	25.000000
9.170054	2.186365	0.785398	8.928046	2.234497	0.520910	-28.673500	-16.100600	25.000000
9.170632	2.186321	0.785493	9.044888	2.266918	0.631974	-28.673500	-15.539900	25.000000
9.170054	2.186365	0.785398	9.296236	2.258372	0.676915	-28.673500	-14.442100	25.000000
9.170632	2.186321	0.785493	9.187491	2.212599	0.746956	-28.673500	-13.881400	25.000000
9.170632	2.186321	0.785493	9.242294	2.208174	0.756835	-28.673500	-12.783700	25.000000
9.170632	2.186321	0.785493	9.180959	2.199595	0.775875	-28.673500	-12.222900	25.000000
9.170632	2.186321	0.785493	9.239048	2.195030	0.766532	-28.673500	-10.564400	25.000000
9.171209	2.186276	0.785398	9.183137	2.172752	0.813428	-27.844300	-37.100200	25.000000
9.171209	2.186276	0.785398	9.243376	2.168281	0.822418	-27.844300	-36.002500	25.000000
9.171209	2.186276	0.785398	9.274697	2.127416	0.866302	-27.844300	-35.441700	25.000000
9.171209	2.186276	0.785398	9.083502	2.140568	0.840897	-27.844300	-34.344000	25.000000
9.171209	2.186276	0.785398	9.815804	2.001702	1.041915	-27.844300	-33.783200	25.000000
9.171209	2.186276	0.785398	8.410113	1.897626	1.073454	-27.844300	-32.685500	25.000000
9.170632	2.186321	0.785304	7.651144	2.411311	0.604306	-27.844300	-32.124700	25.000000
9.170632	2.186321	0.785304	10.356158	2.063657	1.116952	-27.844300	-31.027000	25.000000
9.170632	2.186321	0.785304	9.581753	2.071541	5.320191	-27.844300	-30.466200	25.000000
9.170632	2.186321	0.785304	8.672946	2.171200	5.288764	-27.844300	-29.368500	25.000000
9.170632	2.186321	0.785304	9.633234	0.748252	6.154667	-27.844300	-28.807700	25.000000
9.170632	2.186321	0.785304	7.875341	2.483364	6.197975	-27.844300	-27.710000	25.000000
9.171209	2.186276	0.785398	9.213577	1.022809	5.560767	-27.844300	-27.149300	25.000000
9.171209	2.186276	0.785398	9.110434	0.760569	6.123272	-27.844300	-26.051600	25.000000
9.171209	2.186276	0.785398	9.435174	0.765974	0.207890	-27.844300	-25.490800	25.000000
9.171209	2.186276	0.785398	8.871465	0.812621	0.113572	-27.844300	-24.393100	25.000000
9.171209	2.186276	0.785398	7.859389	1.287086	0.606383	-27.844300	-23.832300	25.000000
9.171209	2.186276	0.785398	10.255243	1.180683	0.830144	-27.844300	-22.734600	25.000000
9.171209	2.186276	0.785398	9.168424	1.271876	0.664046	-27.844300	-22.173800	25.000000
9.171209	2.186276	0.785398	9.226592	1.098193	0.550858	-27.844300	-21.076100	25.000000
9.171209	2.186276	0.785398	8.057915	0.978272	0.891383	-27.844300	-20.515300	25.000000
9.171209	2.186276	0.785398	10.198529	1.157076	0.815692	-27.844300	-19.417600	25.000000
9.170632	2.186321	0.785304	8.505880	1.040797	1.223189	-27.844300	-18.856800	25.000000
9.170632	2.186321	0.785304	9.827512	1.479088	1.194085	-27.844300	-17.759100	25.000000
9.170632	2.186321	0.785304	8.572048	2.030075	0.674741	-27.844300	-17.198300	25.000000
9.170632	2.186321	0.785304	9.753461	2.286538	0.640784	-27.844300	-16.100600	25.000000
9.171209	2.186276	0.785398	9.106591	2.290103	0.588003	-27.844300	-15.539900	25.000000
9.170632	2.186321	0.785304	9.219544	2.279423	0.643501	-27.844300	-14.442100	25.000000
9.171209	2.186276	0.785398	9.133455	2.217027	0.736893	-27.844300	-13.881400	25.000000
9.171209	2.186276	0.785398	9.247702	2.221260	0.746956	-27.844300	-12.783700	25.000000
9.171209	2.186276	0.785398	9.183137	2.199423	0.756835	-27.844300	-12.222900	25.000000
9.171209	2.186276	0.785398	9.180959	2.199595	0.775875	-27.844300	-11.125200	25.000000
9.170054	2.186365	0.785398	9.123596	2.177242	0.804264	-27.015000	-40.417100	25.000000
9.170632	2.186321	0.785493	9.183137	2.172752	0.813428	-27.015000	-37.100200	25.000000
9.170632	2.186321	0.785493	9.240130	2.181672	0.813428	-27.015000	-36.002500	25.000000
9.170632	2.186321	0.785493	9.192932	2.158888	0.840897	-27.015000	-35.441700	25.000000
9.170632	2.186321	0.785493	9.255269	2.154403	0.849530	-27.015000	-34.344000	25.000000
9.170632	2.186321	0.785493	9.613532	2.011396	1.040238	-27.015000	-33.783200	25.000000
9.170632	2.186321	0.785493	8.659677	2.064010	0.971885	-27.015000	-32.685500	25.000000
9.170054	2.186365	0.785398	10.982258	2.250145	1.212026	-27.015000	-32.124700	25.000000
9.170054	2.186365	0.785398	6.780855	2.336616	0.536911	-27.015000	-31.027000	25.000000
9.170054	2.186365	0.785398	9.356816	2.072515	5.480547	-27.015000	-30.466200	25.000000
9.170054	2.186365	0.785398	8.928606	2.138382	5.986639	-27.015000	-29.368500	25.000000
9.170054	2.186365	0.785398	9.814729	0.600080	5.880900	-27.015000	-28.807700	25.000000
9.170054	2.186365	0.785398	7.512044	2.388380	5.779489	-27.015000	-27.710000	25.000000
9.170632	2.186321	0.785493	7.956130	0.984796	6.085790	-27.015000	-27.149300	25.000000
9.170632	2.186321	0.785493	10.188798	0.853188	6.014191	-27.015000	-26.051600	25.000000
9.170632	2.186321	0.785493	9.165719	0.954225	0.273524	-27.015000	-25.490800	25.000000
9.170632	2.186321	0.785493	9.185429	1.020938	0.243740	-27.015000	-24.393100	25.000000
9.170632	2.186321	0.785493	9.846827	1.107561	0.688924	-27.015000	-23.832300	25.000000
9.170632	2.186321	0.785493	8.433860	1.219780	0.785398	-27.015000	-22.734600	25.000000
9.170632	2.186321	0.785493	8.431489	0.979504	0.643501	-27.015000	-22.173800	25.000000
9.170632	2.186321	0.785493	9.788258	1.034662	0.776995	-27.015000	-21.076100	25.000000
9.170632	2.186321	0.785493	9.585927	0.972391	0.651077	-27.015000	-20.515300	25.000000
9.170632	2.186321	0.785493	8.737276	0.860080	0.903131	-27.015000	-19.417600	25.000000
9.170054	2.186365	0.785398	10.399038	1.357628	1.155569	-27.015000	-18.856800	25.000000
9.170054	2.186365	0.785398	7.640026	0.988748	0.952368	-27.015000	-17.759100	25.000000
9.170054	2.186365	0.785398	9.436101	1.985271	0.834539	-27.015000	-17.198300	25.000000
9.170054	2.186365	0.785398	8.847033	2.331590	0.400793	-27.015000	-16.100600	25.000000
9.170632	2.186321	0.785493	9.058146	2.324668	0.558599	-27.015000	-15.539900	25.000000
9.170054	2.186365	0.785398	9.355747	2.324126	0.608325	-27.015000	-14.442100	25.000000
9.170632	2.186321	0.785493	9.133455	2.217027	0.736893	-27.015000	-13.881400	25.000000
9.170632	2.186321	0.785493	9.306449	2.216466	0.737815	-27.015000	-12.783700	25.000000
9.170632	2.186321	0.785493	9.239048	2.195030	0.766532	-27.015000	-12.222900	25.000000
9.170632	2.186321	0.785493	9.183137	2.199423	0.756835	-27.015000	-11.125200	25.000000
9.170458	2.186334	0.785464	9.180959	2.199595	0.775875	-27.015000	-8.905910	25.000000
9.171209	2.186276	0.785398	9.180959	2.186192	0.804264	-26.185800	-37.661000	25.000000
9.171209	2.186276	0.785398	9.180959	2.186192	0.804264	-26.185800	-37.100200	25.000000
9.171209	2.186276	0.785398	9.240130	2.181672	0.813428	-26.185800	-36.002500	25.000000
9.171209	2.186276	0.785398	9.248784	2.154866	0.831238	-26.185800	-35.441700	25.000000
9.171209	2.186276	0.785398	9.070281	2.167932	0.823116	-26.185800	-34.344000	25.000000
9.171209	2.186276	0.785398	9.096153	2.075698	1.000214	-26.185800	-33.783200	25.000000
9.171209	2.186276	0.785398	9.246080	2.129343	0.911990	-26.185800	-32.685500	25.000000
9.170632	2.186321	0.785304	8.590693	2.377068	0.737815	-26.185800	-32.124700	25.000000
9.170632	2.186321	0.785304	9.655568	2.055620	1.122854	-26.185800	-31.027000	25.000000
9.170632	2.186321	0.785304	7.398649	2.224611	5.533916	-26.185800	-30.466200	25.000000
9.170632	2.186321	0.785304	10.599057	2.279699	5.276258	-26.185800	-29.368500	25.000000
9.170632	2.186321	0.785304	9.002539	2.164992	5.411418	-26.185800	-28.807700	25.000000
9.170632	2.186321	0.785304	8.188712	0.683357	0.655106	-26.185800	-27.710000	25.000000
9.171209	2.186276	0.785398	8.682742	0.689372	5.549024	-26.185800	-27.149300	25.000000
9.171209	2.186276	0.785398	9.695875	0.480043	5.769579	-26.185800	-26.051600	25.000000
9.171209	2.186276	0.785398	9.366771	0.710557	0.319680	-26.185800	-25.490800	25.000000
9.171209	2.186276	0.785398	8.961027	1.044685	0.301345	-26.185800	-24.393100	25.000000
9.171209	2.186276	0.785398	9.712878	1.191096	0.627981	-26.185800	-23.832300	25.000000
9.171209	2.186276	0.785398	8.485871	1.132680	0.609660	-26.185800	-22.734600	25.000000
9.171209	2.186276	0.785398	9.548822	1.080075	0.743406	-26.185800	-22.173800	25.000000
9.171209	2.186276	0.785398	8.782369	1.059145	0.711459	-26.185800	-21.076100	25.000000
9.171209	2.186276	0.785398	8.914034	0.891529	0.495894	-26.185800	-20.515300	25.000000
9.171209	2.186276	0.785398	9.382963	0.983400	0.694738	-26.185800	-19.417600	25.000000
9.170632	2.186321	0.785304	8.036790	1.006242	0.764568	-26.185800	-18.856800	25.000000
9.170632	2.186321	0.785304	10.183320	1.363086	1.021771	-26.185800	-17.759100	25.000000
9.170632	2.186321	0.785304	9.924213	1.952849	0.970746	-26.185800	-17.198300	25.000000
9.170632	2.186321	0.785304	8.408329	2.382515	0.316286	-26.185800	-16.100600	25.000000
9.171209	2.186276	0.785398	8.964374	2.365901	0.534955	-26.185800	-15.539900	25.000000
9.170632	2.186321	0.785304	9.366963	2.367821	0.600714	-26.185800	-14.442100	25.000000
9.171209	2.186276	0.785398	9.021086	2.226457	0.735934	-26.185800	-13.881400	25.000000
9.171209	2.186276	0.785398	9.255269	2.234280	0.736893	-26.185800	-12.783700	25.000000
9.171209	2.186276	0.785398	9.239048	2.195030	0.766532	-26.185800	-12.222900	25.000000
9.171209	2.186276	0.785398	9.183137	2.199423	0.756835	-26.185800	-11.125200	25.000000
9.170978	2.186294	0.785360	9.180959	2.199595	0.775875	-26.185800	-9.466690	25.000000
9.170632	2.186321	0.785493	9.070281	2.167932	0.823116	-25.356500	-35.441700	25.000000
9.170632	2.186321	0.785493	9.300000	2.177171	0.822418	-25.356500	-34.344000	25.000000
9.170632	2.186321	0.785493	9.155326	2.148534	0.877727	-25.356500	-33.783200	25.000000
9.170632	2.186321	0.785493	9.211949	2.131660	0.940115	-25.356500	-32.685500	25.000000
9.170054	2.186365	0.785398	9.339700	2.073520	1.101684	-25.356500	-32.124700	25.000000
9.170054	2.186365	0.785398	8.994999	2.044077	1.090391	-25.356500	-31.027000	25.000000
9.170054	2.186365	0.785398	10.190682	1.995599	5.429193	-25.356500	-30.466200	25.000000
9.170054	2.186365	0.785398	8.067218	2.528941	4.582686	-25.356500	-29.368500	25.000000
9.170054	2.186365	0.785398	9.640664	0.855877	6.004886	-25.356500	-28.807700	25.000000
9.170054	2.186365	0.785398	8.127170	2.309123	5.486023	-25.356500	-27.710000	25.000000
9.170632	2.186321	0.785493	8.006248	0.723619	0.018866	-25.356500	-27.149300	25.000000
9.170632	2.186321	0.785493	10.170546	0.755992	5.188856	-25.356500	-26.051600	25.000000
9.170632	2.186321	0.785493	9.288084	0.249713	0.494827	-25.356500	-25.490800	25.000000
9.170632	2.186321	0.785493	9.092222	0.254218	0.306537	-25.356500	-24.393100	25.000000
9.170632	2.186321	0.785493	9.689169	0.821433	0.705568	-25.356500	-23.832300	25.000000
9.170632	2.186321	0.785493	8.747571	0.603973	0.699893	-25.356500	-22.734600	25.000000
9.170632	2.186321	0.785493	9.370165	1.007935	0.821097	-25.356500	-22.173800	25.000000
9.170632	2.186321	0.785493	9.007774	0.968935	0.775875	-25.356500	-21.076100	25.000000
9.170632	2.186321	0.785493	8.656789	0.882348	0.604599	-25.356500	-20.515300	25.000000
9.170632	2.186321	0.785493	9.568176	0.823940	0.623561	-25.356500	-19.417600	25.000000
9.170054	2.186365	0.785398	8.228001	1.006573	0.703946	-25.356500	-18.856800	25.000000
9.170054	2.186365	0.785398	10.076210	1.309810	0.982794	-25.356500	-17.759100	25.000000
9.170054	2.186365	0.785398	6.276942	1.666530	0.694738	-25.356500	-17.198300	25.000000
9.170054	2.186365	0.785398	11.316360	2.381271	0.857998	-25.356500	-16.100600	25.000000
9.170632	2.186321	0.785493	9.054281	2.403839	0.515073	-25.356500	-15.539900	25.000000
9.170054	2.186365	0.785398	9.180959	2.372985	0.618428	-25.356500	-14.442100	25.000000
9.170632	2.186321	0.785493	9.080198	2.221459	0.726642	-25.356500	-13.881400	25.000000
9.170632	2.186321	0.785493	9.276853	2.260089	0.716202	-25.356500	-12.783700	25.000000
9.170632	2.186321	0.785493	9.069179	2.208589	0.756280	-25.356500	-12.222900	25.000000
9.170632	2.186321	0.785493	9.297849	2.203757	0.766532	-25.356500	-11.125200	25.000000
9.170632	2.186321	0.785493	9.180959	2.186192	0.766532	-25.356500	-10.564400	25.000000
9.170401	2.186338	0.785455	9.180959	2.199595	0.775875	-25.356500	-9.466690	25.000000
9.171209	2.186276	0.785398	9.124692	2.190558	0.813962	-24.527300	-35.441700	25.000000
9.171209	2.186276	0.785398	9.183137	2.172752	0.813428	-24.527300	-34.344000	25.000000
9.171209	2.186276	0.785398	9.220087	2.143962	0.885975	-24.527300	-33.783200	25.000000
9.171209	2.186276	0.785398	9.137833	2.162914	0.850726	-24.527300	-32.685500	25.000000
9.170632	2.186321	0.785304	9.569221	2.084215	1.042722	-24.527300	-32.124700	25.000000
9.170632	2.186321	0.785304	8.803408	2.029750	1.180878	-24.527300	-31.027000	25.000000
9.170632	2.186321	0.785304	9.512098	2.124271	5.585282	-24.527300	-30.466200	25.000000
9.170632	2.186321	0.785304	8.734415	2.222819	6.080140	-24.527300	-29.368500	25.000000
9.170632	2.186321	0.785304	4.727378	0.858413	1.107149	-24.527300	-28.807700	25.000000
9.170632	2.186321	0.785304	11.137343	1.704077	5.054194	-24.527300	-27.710000	25.000000
9.171209	2.186276	0.785398	7.702597	1.212658	5.478182	-24.527300	-27.149300	25.000000
9.171209	2.186276	0.785398	10.447009	0.551158	5.745901	-24.527300	-26.051600	25.000000
9.171209	2.186276	0.785398	9.721337	0.387654	0.309703	-24.527300	-25.490800	25.000000
9.171209	2.186276	0.785398	8.519765	0.351106	6.139358	-24.527300	-24.393100	25.000000
9.171209	2.186276	0.785398	8.716651	0.534699	1.026516	-24.527300	-23.832300	25.000000
9.171209	2.186276	0.785398	9.657122	0.744822	0.970083	-24.527300	-22.734600	25.000000
9.171209	2.186276	0.785398	9.222256	0.890642	0.874272	-24.527300	-22.173800	25.000000
9.171209	2.186276	0.785398	9.113726	0.852175	0.930211	-24.527300	-21.076100	25.000000
9.171209	2.186276	0.785398	9.394147	0.761423	0.665103	-24.527300	-20.515300	25.000000
9.171209	2.186276	0.785398	8.940358	0.740360	0.867566	-24.527300	-19.417600	25.000000
9.170632	2.186321	0.785304	9.887871	1.346424	0.925221	-24.527300	-18.856800	25.000000
9.170632	2.186321	0.785304	8.339664	1.000846	0.623561	-24.527300	-17.759100	25.000000
9.170632	2.186321	0.785304	7.237403	2.352758	0.117109	-24.527300	-17.198300	25.000000
9.170632	2.186321	0.785304	10.629205	1.926337	1.021771	-24.527300	-16.100600	25.000000
9.171209	2.186276	0.785398	9.124692	2.379383	0.627629	-24.527300	-15.539900	25.000000
9.170632	2.186321	0.785304	9.242294	2.446833	0.531724	-24.527300	-14.442100	25.000000
9.171209	2.186276	0.785398	9.155326	2.256879	0.725470	-24.527300	-13.881400	25.000000
9.171209	2.186276	0.785398	9.135644	2.230628	0.746203	-24.527300	-12.783700	25.000000
9.171209	2.186276	0.785398	9.183137	2.199423	0.756835	-24.527300	-12.222900	25.000000
9.171209	2.186276	0.785398	9.129074	2.217389	0.756280	-24.527300	-11.125200	25.000000
9.171036	2.186289	0.785370	9.239048	2.195030	0.766532	-24.527300	-8.905910	25.000000
9.171209	2.186276	0.785398	9.180959	2.186192	0.804264	-23.698100	-38.758700	25.000000
9.171209	2.186276	0.785398	9.180959	2.186192	0.804264	-23.698100	-35.441700	25.000000
9.171209	2.186276	0.785398	9.123596	2.177242	0.804264	-23.698100	-34.344000	25.000000
9.171209	2.186276	0.785398	9.126883	2.176992	0.823116	-23.698100	-33.783200	25.000000
9.171209	2.186276	0.785398	9.202717	2.171291	0.869313	-23.698100	-32.685500	25.000000
9.170632	2.186321	0.785304	8.778383	2.149331	0.979020	-23.698100	-32.124700	25.000000
9.170632	2.186321	0.785304	9.544632	2.122166	1.013501	-23.698100	-31.027000	25.000000
9.170632	2.186321	0.785304	9.140022	2.189362	0.258007	-23.698100	-30.466200	25.000000
9.170632	2.186321	0.785304	9.181503	2.146676	0.914309	-23.698100	-29.368500	25.000000
9.170632	2.186321	0.785304	9.243728	0.611246	5.800990	-23.698100	-28.807700	25.000000
9.170632	2.186321	0.785304	8.155820	2.425022	5.782796	-23.698100	-27.710000	25.000000
9.171209	2.186276	0.785398	10.202941	0.469268	5.761351	-23.698100	-27.149300	25.000000
9.171209	2.186276	0.785398	7.986238	1.172154	5.353173	-23.698100	-26.051600	25.000000
9.171209	2.186276	0.785398	9.259242	0.483009	6.269302	-23.698100	-25.490800	25.000000
9.171209	2.186276	0.785398	9.005435	0.523362	0.019709	-23.698100	-24.393100	25.000000
9.171209	2.186276	0.785398	8.395832	0.774687	0.821527	-23.698100	-23.832300	25.000000
9.171209	2.186276	0.785398	9.926228	0.921709	1.010857	-23.698100	-22.734600	25.000000
9.171209	2.186276	0.785398	9.814785	0.860475	0.851966	-23.698100	-22.173800	25.000000
9.171209	2.186276	0.785398	8.565045	1.003841	0.844154	-23.698100	-21.076100	25.000000
9.171209	2.186276	0.785398	8.610459	0.965415	0.635027	-23.698100	-20.515300	25.000000
9.171209	2.186276	0.785398	9.677810	0.834377	0.874272	-23.698100	-19.417600	25.000000
9.170632	2.186321	0.785304	10.452961	1.389959	0.861115	-23.698100	-18.856800	25.000000
9.170632	2.186321	0.785304	7.650203	1.549880	0.446106	-23.698100	-17.759100	25.000000
9.170632	2.186321	0.785304	7.742093	2.223166	0.130403	-23.698100	-17.198300	25.000000
9.170632	2.186321	0.785304	10.389899	2.222269	0.905507	-23.698100	-16.100600	25.000000
9.171209	2.186276	0.785398	9.297311	2.456590	0.616297	-23.698100	-15.539900	25.000000
9.170632	2.186321	0.785304	8.981091	2.364005	0.627629	-23.698100	-14.442100	25.000000
9.171209	2.186276	0.785398	9.092304	2.248369	0.725470	-23.698100	-13.881400	25.000000
9.171209	2.186276	0.785398	9.322553	2.256056	0.746203	-23.698100	-12.783700	25.000000
9.171209	2.186276	0.785398	9.242294	2.208174	0.756835	-23.698100	-12.222900	25.000000
9.171209	2.186276	0.785398	9.180959	2.199595	0.775875	-23.698100	-11.125200	25.000000
9.171209	2.186276	0.785398	9.180959	2.199595	0.775875	-23.698100	-10.564400	25.000000
9.171209	2.186276	0.785398	9.180959	2.186192	0.804264	-22.868800	-35.441700	25.000000
9.171209	2.186276	0.785398	9.180959	2.186192	0.804264	-22.868800	-34.344000	25.000000
9.171209	2.186276	0.785398	9.240130	2.181672	0.813428	-22.868800	-33.783200	25.000000
9.171209	2.186276	0.785398	9.187491	2.172426	0.832093	-22.868800	-32.685500	25.000000
9.170632	2.186321	0.785304	9.213577	2.170484	0.887842	-22.868800	-32.124700	25.000000
9.170632	2.186321	0.785304	9.203260	2.158140	0.942960	-22.868800	-31.027000	25.000000
9.170632	2.186321	0.785304	9.029950	2.131243	1.124691	-22.868800	-30.466200	25.000000
9.170632	2.186321	0.785304	9.334881	2.098427	1.229440	-22.868800	-29.368500	25.000000
9.170632	2.186321	0.785304	10.697780	1.425395	0.387524	-22.868800	-28.807700	25.000000
9.170632	2.186321	0.785304	6.997349	2.430164	6.010598	-22.868800	-27.710000	25.000000
9.171209	2.186276	0.785398	7.896385	1.181086	0.169200	-22.868800	-27.149300	25.000000
9.171209	2.186276	0.785398	10.285796	0.861390	5.630458	-22.868800	-26.051600	25.000000
9.171209	2.186276	0.785398	9.097302	0.581913	0.006000	-22.868800	-25.490800	25.000000
9.171209	2.186276	0.785398	9.192410	0.653216	0.176331	-22.868800	-24.393100	25.000000
9.171209	2.186276	0.785398	9.787237	0.897891	1.066236	-22.868800	-23.832300	25.000000
9.171209	2.186276	0.785398	8.495293	0.786576	0.820678	-22.868800	-22.734600	25.000000
9.171209	2.186276	0.785398	10.112369	0.819847	1.046617	-22.868800	-22.173800	25.000000
9.171209	2.186276	0.785398	8.075271	0.787162	0.934288	-22.868800	-21.076100	25.000000
9.171209	2.186276	0.785398	7.780745	1.060558	0.764568	-22.868800	-20.515300	25.000000
9.171209	2.186276	0.785398	10.343114	0.891254	1.006927	-22.868800	-19.417600	25.000000
9.170632	2.186321	0.785304	7.680495	1.957978	0.482513	-22.868800	-18.856800	25.000000
9.170632	2.186321	0.785304	10.410480	1.579442	1.025435	-22.868800	-17.759100	25.000000
9.170632	2.186321	0.785304	9.027735	2.458126	0.377249	-22.868800	-17.198300	25.000000
9.170632	2.186321	0.785304	9.281164	2.511696	0.694738	-22.868800	-16.100600	25.000000
9.171209	2.186276	0.785398	9.334881	2.435015	0.656702	-22.868800	-15.539900	25.000000
9.170632	2.186321	0.785304	9.065319	2.354613	0.652847	-22.868800	-14.442100	25.000000
9.171209	2.186276	0.785398	9.135644	2.230628	0.746203	-22.868800	-13.881400	25.000000
9.171209	2.186276	0.785398	9.270383	2.260664	0.735934	-22.868800	-12.783700	25.000000
9.171209	2.186276	0.785398	9.184226	2.212864	0.766170	-22.868800	-12.222900	25.000000
9.171209	2.186276	0.785398	9.124692	2.204087	0.766170	-22.868800	-11.125200	25.000000
9.171209	2.186276	0.785398	9.180959	2.199595	0.775875	-22.868800	-10.564400	25.000000
9.170978	2.186294	0.785360	9.180959	2.199595	0.775875	-22.868800	-9.466690	25.000000
9.171209	2.186276	0.785398	9.124692	2.190558	0.813962	-22.039600	-33.783200	25.000000
9.171209	2.186276	0.785398	9.180959	2.186192	0.804264	-22.039600	-32.685500	25.000000
9.170632	2.186321	0.785304	9.256349	2.167328	0.859337	-22.039600	-32.124700	25.000000
9.170632	2.186321	0.785304	9.077995	2.180731	0.851966	-22.039600	-31.027000	25.000000
9.170632	2.186321	0.785304	9.579666	2.144583	1.006927	-22.039600	-30.466200	25.000000
9.170632	2.186321	0.785304	8.729261	2.180697	1.107149	-22.039600	-29.368500	25.000000
9.170632	2.186321	0.785304	7.738217	2.307688	1.060308	-22.039600	-28.807700	25.000000
9.170632	2.186321	0.785304	10.443180	1.974254	0.896055	-22.039600	-27.710000	25.000000
9.171209	2.186276	0.785398	10.567105	1.518630	0.549358	-22.039600	-27.149300	25.000000
9.171209	2.186276	0.785398	7.415354	1.587789	6.221103	-22.039600	-26.051600	25.000000
9.171209	2.186276	0.785398	9.740246	0.983154	0.355305	-22.039600	-25.490800	25.000000
9.171209	2.186276	0.785398	8.626824	1.165687	0.240696	-22.039600	-24.393100	25.000000
9.171209	2.186276	0.785398	8.261961	0.905507	0.643501	-22.039600	-23.832300	25.000000
9.171209	2.186276	0.785398	9.931767	0.947168	0.802940	-22.039600	-22.734600	25.000000
9.171209	2.186276	0.785398	8.926926	0.787343	0.965252	-22.039600	-22.173800	25.000000
9.171209	2.186276	0.785398	9.375500	0.848248	1.049887	-22.039600	-21.076100	25.000000
9.171209	2.186276	0.785398	10.545615	1.119425	1.064721	-22.039600	-20.515300	25.000000
9.171209	2.186276	0.785398	7.690904	1.008539	0.807134	-22.039600	-19.417600	25.000000
9.170632	2.186321	0.785304	8.473488	2.261762	0.872137	-22.039600	-18.856800	25.000000
9.170632	2.186321	0.785304	9.794386	1.570796	1.116281	-22.039600	-17.759100	25.000000
9.170632	2.186321	0.785304	9.114582	2.619431	0.495133	-22.039600	-17.198300	25.000000
9.170632	2.186321	0.785304	9.215905	2.667629	0.706305	-22.039600	-16.100600	25.000000
9.171209	2.186276	0.785398	9.390421	2.365267	0.753151	-22.039600	-15.539900	25.000000
9.170632	2.186321	0.785304	8.924685	2.370446	0.637070	-22.039600	-14.442100	25.000000
9.171209	2.186276	0.785398	9.077995	2.235564	0.755704	-22.039600	-13.881400	25.000000
9.171209	2.186276	0.785398	9.213577	2.265762	0.745419	-22.039600	-12.783700	25.000000
9.171209	2.186276	0.785398	9.129074	2.217389	0.756280	-22.039600	-12.222900	25.000000
9.171209	2.186276	0.785398	9.184226	2.212864	0.766170	-22.039600	-11.125200	25.000000
9.170978	2.186294	0.785360	9.180959	2.199595	0.775875	-22.039600	-9.466690	25.000000
9.170632	2.186321	0.785493	9.180959	2.186192	0.804264	-21.210300	-33.783200	25.000000
9.170632	2.186321	0.785493	9.180959	2.186192	0.804264	-21.210300	-32.685500	25.000000
9.170054	2.186365	0.785398	9.129074	2.190216	0.832981	-21.210300	-32.124700	25.000000
9.170054	2.186365	0.785398	9.187491	2.172426	0.832093	-21.210300	-31.027000	25.000000
9.170054	2.186365	0.785398	9.364294	2.172417	0.932477	-21.210300	-30.466200	25.000000
9.170054	2.186365	0.785398	8.940917	2.205303	0.913407	-21.210300	-29.368500	25.000000
9.170054	2.186365	0.785398	8.339161	2.228843	1.269177	-21.210300	-28.807700	25.000000
9.170054	2.186365	0.785398	9.986771	2.154033	1.246011	-21.210300	-27.710000	25.000000
9.170632	2.186321	0.785493	9.719053	2.172319	1.062486	-21.210300	-27.149300	25.000000
9.170632	2.186321	0.785493	8.476438	1.996442	0.638320	-21.210300	-26.051600	25.000000
9.170632	2.186321	0.785493	9.972282	1.663183	0.599175	-21.210300	-25.490800	25.000000
9.170632	2.186321	0.785493	8.354041	1.606715	0.329326	-21.210300	-24.393100	25.000000
9.170632	2.186321	0.785493	9.792855	1.216221	0.615186	-21.210300	-23.832300	25.000000
9.170632	2.186321	0.785493	8.403571	1.268731	0.396709	-21.210300	-22.734600	25.000000
9.170632	2.186321	0.785493	9.542536	1.079723	0.776995	-21.210300	-22.173800	25.000000
9.170632	2.186321	0.785493	8.700575	1.144210	0.803253	-21.210300	-21.076100	25.000000
9.170632	2.186321	0.785493	8.638958	1.624069	0.785398	-21.210300	-20.515300	25.000000
9.170632	2.186321	0.785493	9.598797	1.293254	0.877445	-21.210300	-19.417600	25.000000
9.170054	2.186365	0.785398	8.759566	2.555982	0.668289	-21.210300	-18.856800	25.000000
9.170054	2.186365	0.785398	9.579144	1.802530	0.953041	-21.210300	-17.759100	25.000000
9.170054	2.186365	0.785398	9.332202	2.643882	0.801270	-21.210300	-17.198300	25.000000
9.170054	2.186365	0.785398	8.962700	2.582919	0.529590	-21.210300	-16.100600	25.000000
9.170632	2.186321	0.785493	9.347727	2.339712	0.774872	-21.210300	-15.539900	25.000000
9.170054	2.186365	0.785398	8.935883	2.322167	0.698660	-21.210300	-14.442100	25.000000
9.170632	2.186321	0.785493	9.093404	2.262467	0.755104	-21.210300	-13.881400	25.000000
9.170632	2.186321	0.785493	9.194020	2.239499	0.765793	-21.210300	-12.783700	25.000000
9.170632	2.186321	0.785493	9.126883	2.217571	0.775690	-21.210300	-12.222900	25.000000
9.170632	2.186321	0.785493	9.126883	2.217571	0.775690	-21.210300	-11.125200	25.000000
9.170632	2.186321	0.785493	9.180959	2.199595	0.775875	-21.210300	-10.564400	25.000000
9.170401	2.186338	0.785455	9.123596	2.204176	0.785398	-21.210300	-9.466690	25.000000
9.171209	2.186276	0.785398	9.180959	2.186192	0.804264	-20.381100	-32.685500	25.000000
9.170632	2.186321	0.785304	9.184226	2.185941	0.823116	-20.381100	-32.124700	25.000000
9.170632	2.186321	0.785304	9.124692	2.190558	0.813962	-20.381100	-31.027000	25.000000
9.170632	2.186321	0.785304	9.074690	2.194496	0.843027	-20.381100	-30.466200	25.000000
9.170632	2.186321	0.785304	9.259590	2.180201	0.869313	-20.381100	-29.368500	25.000000
9.170632	2.186321	0.785304	8.922444	2.220833	0.955457	-20.381100	-28.807700	25.000000
9.170632	2.186321	0.785304	9.483670	2.202461	1.066236	-20.381100	-27.710000	25.000000
9.171209	2.186276	0.785398	8.594184	2.280493	1.210230	-20.381100	-27.149300	25.000000
9.171209	2.186276	0.785398	9.643132	2.282751	1.162307	-20.381100	-26.051600	25.000000
9.171209	2.186276	0.785398	7.889233	1.933618	0.218669	-20.381100	-25.490800	25.000000
9.171209	2.186276	0.785398	10.232302	2.004504	0.716804	-20.381100	-24.393100	25.000000
9.171209	2.186276	0.785398	8.944322	1.623368	0.378427	-20.381100	-23.832300	25.000000
9.171209	2.186276	0.785398	9.316163	1.460009	0.482969	-20.381100	-22.734600	25.000000
9.171209	2.186276	0.785398	8.192871	1.647401	0.690036	-20.381100	-22.173800	25.000000
9.171209	2.186276	0.785398	10.009139	1.489982	0.749952	-20.381100	-21.076100	25.000000
9.171209	2.186276	0.785398	9.180959	2.199595	0.775875	-20.381100	-20.515300	25.000000
9.171209	2.186276	0.785398	9.115372	1.814554	0.825377	-20.381100	-19.417600	25.000000
9.170632	2.186321	0.785304	9.558243	2.644185	0.909753	-20.381100	-18.856800	25.000000
9.170632	2.186321	0.785304	8.754999	2.341646	0.649870	-20.381100	-17.759100	25.000000
9.170632	2.186321	0.785304	9.256889	2.444943	0.785398	-20.381100	-17.198300	25.000000
9.170632	2.186321	0.785304	9.087354	2.561345	0.671606	-20.381100	-16.100600	25.000000
9.171209	2.186276	0.785398	9.064215	2.294205	0.743756	-20.381100	-15.539900	25.000000
9.170632	2.186321	0.785304	9.278470	2.331966	0.774872	-20.381100	-14.442100	25.000000
9.171209	2.186276	0.785398	9.146584	2.257662	0.765401	-20.381100	-13.881400	25.000000
9.171209	2.186276	0.785398	9.187491	2.226257	0.775690	-20.381100	-12.783700	25.000000
9.171209	2.186276	0.785398	9.126883	2.217571	0.775690	-20.381100	-12.222900	25.000000
9.171209	2.186276	0.785398	9.124692	2.204087	0.766170	-20.381100	-11.125200	25.000000
9.171209	2.186276	0.785398	9.123596	2.204176	0.785398	-20.381100	-10.564400	25.000000
9.170978	2.186294	0.785360	9.123596	2.204176	0.785398	-20.381100	-9.466690	25.000000
9.171036	2.186289	0.785370	9.180959	2.199595	0.775875	-20.381100	-8.905910	25.000000
9.170054	2.186365	0.785398	9.180959	2.186192	0.804264	-19.551800	-32.124700	25.000000
9.170054	2.186365	0.785398	9.180959	2.186192	0.804264	-19.551800	-31.027000	25.000000
9.170054	2.186365	0.785398	9.189668	2.185522	0.841942	-19.551800	-30.466200	25.000000
9.170054	2.186365	0.785398	9.184226	2.185941	0.823116	-19.551800	-29.368500	25.000000
9.170054	2.186365	0.785398	8.998333	2.228403	0.904827	-19.551800	-28.807700	25.000000
9.170054	2.186365	0.785398	9.327915	2.188185	0.887842	-19.551800	-27.710000	25.000000
9.170632	2.186321	0.785493	8.942595	2.306280	1.167885	-19.551800	-27.149300	25.000000
9.170632	2.186321	0.785493	9.348262	2.226528	1.016489	-19.551800	-26.051600	25.000000
9.170632	2.186321	0.785493	9.808670	2.281654	1.227772	-19.551800	-25.490800	25.000000
9.170632	2.186321	0.785493	8.538150	2.350021	0.996491	-19.551800	-24.393100	25.000000
9.170632	2.186321	0.785493	9.496315	2.112959	0.759317	-19.551800	-23.832300	25.000000
9.170632	2.186321	0.785493	8.728115	1.958527	0.636076	-19.551800	-22.734600	25.000000
9.170632	2.186321	0.785493	9.689685	2.186991	1.010857	-19.551800	-22.173800	25.000000
9.170632	2.186321	0.785493	8.697701	1.972414	0.723530	-19.551800	-21.076100	25.000000
9.170632	2.186321	0.785493	8.300000	2.490102	0.855705	-19.551800	-20.515300	25.000000
9.170632	2.186321	0.785493	10.049876	2.597760	1.176005	-19.551800	-19.417600	25.000000
9.170054	2.186365	0.785398	9.146037	2.708082	0.896055	-19.551800	-18.856800	25.000000
9.170054	2.186365	0.785398	9.171150	2.567323	0.899190	-19.551800	-17.759100	25.000000
9.170054	2.186365	0.785398	9.065319	2.435869	0.725230	-19.551800	-17.198300	25.000000
9.170054	2.186365	0.785398	9.414882	2.377862	0.828849	-19.551800	-16.100600	25.000000
9.170632	2.186321	0.785493	9.091205	2.262668	0.775297	-19.551800	-15.539900	25.000000
9.170054	2.186365	0.785398	9.246080	2.305752	0.775089	-19.551800	-14.442100	25.000000
9.170632	2.186321	0.785493	9.132360	2.230907	0.765793	-19.551800	-13.881400	25.000000
9.170632	2.186321	0.785493	9.187491	2.226257	0.775690	-19.551800	-12.783700	25.000000
9.170632	2.186321	0.785493	9.123596	2.204176	0.785398	-19.551800	-12.222900	25.000000
9.170632	2.186321	0.785493	9.184226	2.212864	0.766170	-19.551800	-11.125200	25.000000
9.170632	2.186321	0.785493	9.180959	2.199595	0.775875	-19.551800	-10.564400	25.000000
9.170401	2.186338	0.785455	9.180959	2.199595	0.775875	-19.551800	-9.466690	25.000000
9.171209	2.186276	0.785398	9.180959	2.186192	0.804264	-18.722600	-33.783200	25.000000
9.170632	2.186321	0.785304	9.180959	2.186192	0.804264	-18.722600	-31.027000	25.000000
9.170632	2.186321	0.785304	9.124692	2.190558	0.813962	-18.722600	-30.466200	25.000000
9.170632	2.186321	0.785304	9.184226	2.185941	0.823116	-18.722600	-29.368500	25.000000
9.170632	2.186321	0.785304	9.073588	2.208229	0.833904	-18.722600	-28.807700	25.000000
9.170632	2.186321	0.785304	9.247702	2.194356	0.841942	-18.722600	-27.710000	25.000000
9.171209	2.186276	0.785398	9.011659	2.241347	0.915964	-18.722600	-27.149300	25.000000
9.171209	2.186276	0.785398	9.345052	2.213357	0.908581	-18.722600	-26.051600	25.000000
9.171209	2.186276	0.785398	9.016097	2.360070	1.114191	-18.722600	-25.490800	25.000000
9.171209	2.186276	0.785398	9.257970	2.261771	1.025569	-18.722600	-24.393100	25.000000
9.171209	2.186276	0.785398	9.148273	2.459258	1.211214	-18.722600	-23.832300	25.000000
9.171209	2.186276	0.785398	9.155326	2.391777	1.193266	-18.722600	-22.734600	25.000000
9.171209	2.186276	0.785398	9.116057	2.499401	1.205595	-18.722600	-22.173800	25.000000
9.171209	2.186276	0.785398	9.270383	2.550984	1.193887	-18.722600	-21.076100	25.000000
9.171209	2.186276	0.785398	9.304751	2.545498	1.119134	-18.722600	-20.515300	25.000000
9.171209	2.186276	0.785398	8.920476	2.590537	0.988138	-18.722600	-19.417600	25.000000
9.170632	2.186321	0.785304	8.988882	2.499743	0.837981	-18.722600	-18.856800	25.000000
9.170632	2.186321	0.785304	9.392550	2.411738	0.898549	-18.722600	-17.759100	25.000000
9.170632	2.186321	0.785304	9.193476	2.310936	0.785398	-18.722600	-17.198300	25.000000
9.170632	2.186321	0.785304	9.146584	2.361215	0.796387	-18.722600	-16.100600	25.000000
9.171209	2.186276	0.785398	9.200543	2.252862	0.775497	-18.722600	-15.539900	25.000000
9.170632	2.186321	0.785304	9.166242	2.284418	0.785398	-18.722600	-14.442100	25.000000
9.171209	2.186276	0.785398	9.132360	2.230907	0.765793	-18.722600	-13.881400	25.000000
9.171209	2.186276	0.785398	9.243376	2.221617	0.785398	-18.722600	-12.783700	25.000000
9.171209	2.186276	0.785398	9.123596	2.204176	0.785398	-18.722600	-12.222900	25.000000
9.171209	2.186276	0.785398	9.124692	2.204087	0.766170	-18.722600	-11.125200	25.000000
9.171209	2.186276	0.785398	9.180959	2.199595	0.794922	-18.722600	-10.564400	25.000000
9.170978	2.186294	0.785360	9.180959	2.199595	0.775875	-18.722600	-6.149720	25.000000
9.171209	2.186276	0.785398	9.123596	2.177242	0.804264	-17.893400	-33.783200	25.000000
9.171209	2.186276	0.785398	9.180959	2.172915	0.794744	-17.893400	-32.685500	25.000000
9.170632	2.186321	0.785304	9.180959	2.186192	0.804264	-17.893400	-31.027000	25.000000
9.170632	2.186321	0.785304	9.180959	2.186192	0.804264	-17.893400	-29.368500	25.000000
9.170632	2.186321	0.785304	9.183137	2.199423	0.813962	-17.893400	-28.807700	25.000000
9.170632	2.186321	0.785304	9.183137	2.199423	0.813962	-17.893400	-27.710000	25.000000
9.171209	2.186276	0.785398	9.194020	2.198563	0.851966	-17.893400	-27.149300	25.000000
9.171209	2.186276	0.785398	9.080198	2.221459	0.844154	-17.893400	-26.051600	25.000000
9.171209	2.186276	0.785398	9.158603	2.228684	0.883125	-17.893400	-25.490800	25.000000
9.171209	2.186276	0.785398	9.198913	2.253005	0.924494	-17.893400	-24.393100	25.000000
9.171209	2.186276	0.785398	9.008885	2.299642	0.933248	-17.893400	-23.832300	25.000000
9.171209	2.186276	0.785398	9.274158	2.332409	0.986926	-17.893400	-22.734600	25.000000
9.171209	2.186276	0.785398	9.069179	2.369874	0.965252	-17.893400	-22.173800	25.000000
9.171209	2.186276	0.785398	9.174966	2.389481	0.978369	-17.893400	-21.076100	25.000000
9.171209	2.186276	0.785398	9.088454	2.383569	0.876058	-17.893400	-20.515300	25.000000
9.171209	2.186276	0.785398	9.270383	2.394281	0.943167	-17.893400	-19.417600	25.000000
9.170632	2.186321	0.785304	9.093954	2.320978	0.827926	-17.893400	-18.856800	25.000000
9.170632	2.186321	0.785304	9.159694	2.359770	0.862170	-17.893400	-17.759100	25.000000
9.170632	2.186321	0.785304	9.248243	2.305541	0.816316	-17.893400	-17.198300	25.000000
9.170632	2.186321	0.785304	9.155326	2.271079	0.795499	-17.893400	-16.100600	25.000000
9.171209	2.186276	0.785398	9.137833	2.244366	0.775497	-17.893400	-15.539900	25.000000
9.170632	2.186321	0.785304	9.194020	2.239499	0.805003	-17.893400	-14.442100	25.000000
9.171209	2.186276	0.785398	9.131265	2.231000	0.785398	-17.893400	-13.881400	25.000000
9.171209	2.186276	0.785398	9.126883	2.217571	0.775690	-17.893400	-12.783700	25.000000
9.171209	2.186276	0.785398	9.123596	2.204176	0.785398	-17.893400	-12.222900	25.000000
9.171209	2.186276	0.785398	9.240130	2.208348	0.775875	-17.893400	-11.125200	25.000000
9.171209	2.186276	0.785398	9.180959	2.199595	0.775875	-17.893400	-10.564400	25.000000
9.170978	2.186294	0.785360	9.180959	2.199595	0.775875	-17.893400	-9.466690	25.000000
9.170632	2.186321	0.785304	9.180959	2.172915	0.794744	-17.064100	-32.124700	25.000000
9.170632	2.186321	0.785304	9.239048	2.195030	0.804264	-17.064100	-28.807700	25.000000
9.170632	2.186321	0.785304	9.180959	2.199595	0.794922	-17.064100	-27.710000	25.000000
9.171209	2.186276	0.785398	9.127979	2.203823	0.823841	-17.064100	-27.149300	25.000000
9.171209	2.186276	0.785398	9.069179	2.194933	0.823841	-17.064100	-26.051600	25.000000
9.171209	2.186276	0.785398	9.192932	2.212156	0.843027	-17.064100	-25.490800	25.000000
9.171209	2.186276	0.785398	9.133455	2.217027	0.833904	-17.064100	-24.393100	25.000000
9.171209	2.186276	0.785398	9.100000	2.247689	0.865228	-17.064100	-23.832300	25.000000
9.171209	2.186276	0.785398	9.220087	2.237267	0.883125	-17.064100	-22.734600	25.000000
9.171209	2.186276	0.785398	9.069730	2.279059	0.877917	-17.064100	-22.173800	25.000000
9.171209	2.186276	0.785398	9.135097	2.287373	0.877917	-17.064100	-21.076100	25.000000
9.171209	2.186276	0.785398	9.249324	2.290960	0.866850	-17.064100	-20.515300	25.000000
9.171209	2.186276	0.785398	9.069730	2.293668	0.847817	-17.064100	-19.417600	25.000000
9.170632	2.186321	0.785304	9.102198	2.276008	0.805803	-17.064100	-18.856800	25.000000
9.170632	2.186321	0.785304	9.176056	2.283492	0.846546	-17.064100	-17.759100	25.000000
9.170632	2.186321	0.785304	9.200543	2.252862	0.795299	-17.064100	-17.198300	25.000000
9.170632	2.186321	0.785304	9.091205	2.262668	0.795499	-17.064100	-16.100600	25.000000
9.171209	2.186276	0.785398	9.187491	2.226257	0.795107	-17.064100	-15.539900	25.000000
9.170632	2.186321	0.785304	9.131265	2.231000	0.785398	-17.064100	-14.442100	25.000000
9.171209	2.186276	0.785398	9.240130	2.208348	0.775875	-17.064100	-13.881400	25.000000
9.171209	2.186276	0.785398	9.183137	2.212953	0.785398	-17.064100	-12.783700	25.000000
9.171209	2.186276	0.785398	9.180959	2.199595	0.775875	-17.064100	-12.222900	25.000000
9.171209	2.186276	0.785398	9.180959	2.199595	0.794922	-17.064100	-11.125200	25.000000
9.170978	2.186294	0.785360	9.123596	2.204176	0.785398	-17.064100	-6.149720	25.000000
9.170632	2.186321	0.785304	9.180959	2.186192	0.804264	-16.234900	-27.710000	25.000000
9.171209	2.186276	0.785398	9.239048	2.195030	0.804264	-16.234900	-27.149300	25.000000
9.171209	2.186276	0.785398	9.180959	2.186192	0.804264	-16.234900	-26.051600	25.000000
9.171209	2.186276	0.785398	9.129074	2.217389	0.814516	-16.234900	-25.490800	25.000000
9.171209	2.186276	0.785398	9.242294	2.194777	0.823116	-16.234900	-24.393100	25.000000
9.171209	2.186276	0.785398	9.187491	2.212599	0.823841	-16.234900	-23.832300	25.000000
9.171209	2.186276	0.785398	9.194020	2.225711	0.833904	-16.234900	-22.734600	25.000000
9.171209	2.186276	0.785398	9.202717	2.238752	0.844154	-16.234900	-22.173800	25.000000
9.171209	2.186276	0.785398	9.144397	2.243794	0.834863	-16.234900	-21.076100	25.000000
9.171209	2.186276	0.785398	9.144397	2.243794	0.834863	-16.234900	-20.515300	25.000000
9.171209	2.186276	0.785398	9.144397	2.243794	0.834863	-16.234900	-19.417600	25.000000
9.170632	2.186321	0.785304	9.140022	2.244175	0.815092	-16.234900	-18.856800	25.000000
9.170632	2.186321	0.785304	9.083502	2.249149	0.805395	-16.234900	-17.759100	25.000000
9.170632	2.186321	0.785304	9.075792	2.235754	0.795299	-16.234900	-17.198300	25.000000
9.170632	2.186321	0.785304	9.132360	2.230907	0.805003	-16.234900	-16.100600	25.000000
9.171209	2.186276	0.785398	9.070281	2.222291	0.785398	-16.234900	-15.539900	25.000000
9.170632	2.186321	0.785304	9.243376	2.221617	0.785398	-16.234900	-14.442100	25.000000
9.171209	2.186276	0.785398	9.123596	2.204176	0.785398	-16.234900	-13.881400	25.000000
9.171209	2.186276	0.785398	9.066973	2.208769	0.775690	-16.234900	-12.783700	25.000000
9.171209	2.186276	0.785398	9.180959	2.199595	0.794922	-16.234900	-12.222900	25.000000
9.171209	2.186276	0.785398	9.123596	2.204176	0.785398	-16.234900	-11.125200	25.000000
9.170978	2.186294	0.785360	9.180959	2.199595	0.775875	-16.234900	-9.466690	25.000000
9.170632	2.186321	0.785493	9.239048	2.195030	0.804264	-15.405600	-26.051600	25.000000
9.170632	2.186321	0.785493	9.180959	2.186192	0.804264	-15.405600	-25.490800	25.000000
9.170632	2.186321	0.785493	9.183137	2.199423	0.813962	-15.405600	-24.393100	25.000000
9.170632	2.186321	0.785493	9.129074	2.217389	0.814516	-15.405600	-23.832300	25.000000
9.170632	2.186321	0.785493	9.242294	2.208174	0.813962	-15.405600	-22.734600	25.000000
9.170632	2.186321	0.785493	9.127979	2.203823	0.823841	-15.405600	-22.173800	25.000000
9.170632	2.186321	0.785493	9.189668	2.226075	0.814516	-15.405600	-21.076100	25.000000
9.170632	2.186321	0.785493	9.189668	2.226075	0.814516	-15.405600	-20.515300	25.000000
9.170632	2.186321	0.785493	9.129074	2.217389	0.814516	-15.405600	-19.417600	25.000000
9.170054	2.186365	0.785398	9.244458	2.221528	0.804627	-15.405600	-18.856800	25.000000
9.170054	2.186365	0.785398	9.071384	2.222199	0.805003	-15.405600	-17.759100	25.000000
9.170054	2.186365	0.785398	9.184226	2.212864	0.804627	-15.405600	-17.198300	25.000000
9.170054	2.186365	0.785398	9.126883	2.217571	0.795107	-15.405600	-16.100600	25.000000
9.170632	2.186321	0.785493	9.183137	2.212953	0.785398	-15.405600	-15.539900	25.000000
9.170054	2.186365	0.785398	9.240130	2.208348	0.794922	-15.405600	-14.442100	25.000000
9.170632	2.186321	0.785493	9.180959	2.199595	0.794922	-15.405600	-13.881400	25.000000
9.170632	2.186321	0.785493	9.180959	2.199595	0.794922	-15.405600	-12.783700	25.000000
9.170632	2.186321	0.785493	9.180959	2.199595	0.775875	-15.405600	-12.222900	25.000000
9.170632	2.186321	0.785493	9.180959	2.199595	0.775875	-15.405600	-11.125200	25.000000
9.170401	2.186338	0.785455	9.180959	2.199595	0.775875	-15.405600	-9.466690	25.000000
9.170458	2.186334	0.785464	9.180959	2.199595	0.775875	-15.405600	-8.905910	25.000000
9.170458	2.186334	0.785464	9.180959	2.199595	0.775875	-15.405600	-7.808210	25.000000
9.170632	2.186321	0.785304	9.180959	2.186192	0.804264	-14.576400	-30.466200	25.000000
9.171209	2.186276	0.785398	9.180959	2.186192	0.804264	-14.576400	-26.051600	25.000000
9.171209	2.186276	0.785398	9.180959	2.186192	0.804264	-14.576400	-24.393100	25.000000
9.171209	2.186276	0.785398	9.124692	2.204087	0.804627	-14.576400	-22.173800	25.000000
9.171209	2.186276	0.785398	9.183137	2.199423	0.813962	-14.576400	-21.076100	25.000000
9.171209	2.186276	0.785398	9.124692	2.204087	0.804627	-14.576400	-20.515300	25.000000
9.171209	2.186276	0.785398	9.184226	2.212864	0.804627	-14.576400	-19.417600	25.000000
9.170632	2.186321	0.785304	9.184226	2.212864	0.804627	-14.576400	-18.856800	25.000000
9.170632	2.186321	0.785304	9.180959	2.199595	0.794922	-14.576400	-17.759100	25.000000
9.170632	2.186321	0.785304	9.180959	2.199595	0.794922	-14.576400	-17.198300	25.000000
9.170632	2.186321	0.785304	9.183137	2.212953	0.785398	-14.576400	-16.100600	25.000000
9.171209	2.186276	0.785398	9.240130	2.208348	0.794922	-14.576400	-15.539900	25.000000
9.170632	2.186321	0.785304	9.123596	2.204176	0.785398	-14.576400	-14.442100	25.000000
9.171209	2.186276	0.785398	9.180959	2.199595	0.775875	-14.576400	-13.881400	25.000000
9.171209	2.186276	0.785398	9.180959	2.199595	0.794922	-14.576400	-12.783700	25.000000
9.171209	2.186276	0.785398	9.180959	2.199595	0.775875	-14.576400	-12.222900	25.000000
9.170632	2.186321	0.785493	9.180959	2.199595	0.794922	-13.747100	-22.734600	25.000000
9.170632	2.186321	0.785493	9.239048	2.195030	0.804264	-13.747100	-22.173800	25.000000
9.170632	2.186321	0.785493	9.180959	2.199595	0.794922	-13.747100	-21.076100	25.000000
9.170632	2.186321	0.785493	9.124692	2.204087	0.804627	-13.747100	-20.515300	25.000000
9.170632	2.186321	0.785493	9.124692	2.204087	0.804627	-13.747100	-19.417600	25.000000
9.170054	2.186365	0.785398	9.240130	2.208348	0.794922	-13.747100	-18.856800	25.000000
9.170054	2.186365	0.785398	9.180959	2.199595	0.794922	-13.747100	-17.759100	25.000000
9.170054	2.186365	0.785398	9.180959	2.199595	0.794922	-13.747100	-17.198300	25.000000
9.170054	2.186365	0.785398	9.180959	2.199595	0.794922	-13.747100	-16.100600	25.000000
9.170632	2.186321	0.785493	9.180959	2.199595	0.794922	-13.747100	-15.539900	25.000000
9.170054	2.186365	0.785398	9.180959	2.199595	0.794922	-13.747100	-14.442100	25.000000
9.170632	2.186321	0.785493	9.180959	2.199595	0.775875	-13.747100	-13.881400	25.000000
9.170632	2.186321	0.785493	9.180959	2.199595	0.775875	-13.747100	-12.222900	25.000000
9.170632	2.186321	0.785493	9.180959	2.199595	0.794922	-13.747100	-11.125200	25.000000
9.171209	2.186276	0.785398	9.180959	2.199595	0.794922	-12.917900	-25.490800	25.000000
9.171209	2.186276	0.785398	9.180959	2.186192	0.804264	-12.917900	-23.832300	25.000000
9.171209	2.186276	0.785398	9.180959	2.199595	0.794922	-12.917900	-20.515300	25.000000
9.171209	2.186276	0.785398	9.180959	2.199595	0.794922	-12.917900	-19.417600	25.000000
9.170632	2.186321	0.785304	9.180959	2.199595	0.794922	-12.917900	-17.198300	25.000000
9.170632	2.186321	0.785304	9.180959	2.199595	0.794922	-12.917900	-16.100600	25.000000
9.170054	2.186365	0.785398	9.180959	2.199595	0.794922	-12.088600	-17.198300	25.000000
9.170054	2.186365	0.785398	9.180959	2.199595	0.794922	-12.088600	-14.442100	25.000000
9.170632	2.186321	0.785493	9.180959	2.199595	0.775875	-12.088600	-13.881400	25.000000
9.171209	2.186276	0.785398	9.180959	2.199595	0.794922	-11.259400	-20.515300	25.000000
