9.170958	2.947073	1.570796	9.174981	2.945978	1.509637	-15.282900	-7.074510	25.000000
9.170958	2.947073	1.570796	9.176987	2.944878	1.507195	-15.282900	-5.976810	25.000000
9.170939	2.947084	1.570796	9.173210	2.946955	1.501979	-15.282900	-5.416020	25.000000
9.170939	2.947084	1.570796	9.173197	2.946962	1.502541	-15.282900	-4.318320	25.000000
9.170939	2.947084	1.570796	9.169269	2.949148	1.505745	-15.282900	-3.757530	25.000000
9.170939	2.947084	1.570796	9.171053	2.948152	1.512340	-15.282900	-2.659830	25.000000
9.170939	2.947084	1.570796	9.184647	2.940737	1.519475	-14.453700	-9.293780	25.000000
9.170939	2.947084	1.570796	9.185407	2.940331	1.488469	-14.453700	-8.732990	25.000000
9.170939	2.947084	1.570796	9.181165	2.942608	1.497447	-14.453700	-7.635290	25.000000
9.170958	2.947073	1.570796	9.178394	2.944111	1.461182	-14.453700	-7.074510	25.000000
9.170958	2.947073	1.570796	9.184291	2.940927	1.462974	-14.453700	-5.976810	25.000000
9.170939	2.947084	1.570796	9.176900	2.944926	1.449485	-14.453700	-5.416020	25.000000
9.170939	2.947084	1.570796	9.175013	2.945961	1.447693	-14.453700	-4.318320	25.000000
9.170939	2.947084	1.570796	9.167012	2.950415	1.453989	-14.453700	-3.757530	25.000000
9.170939	2.947084	1.570796	9.170250	2.948600	1.470562	-14.453700	-2.659830	25.000000
9.170939	2.947084	1.570796	9.167726	2.950013	1.490510	-14.453700	-2.099050	25.000000
9.170948	2.947079	1.570796	9.161904	2.953318	1.496082	-14.453700	-1.001350	25.000000
9.170942	2.947082	1.570796	9.163205	2.952574	1.526059	-14.453700	-0.440561	25.000000
9.170942	2.947082	1.570796	9.169002	2.949297	1.519413	-14.453700	0.657139	25.000000
9.171016	2.947041	1.570796	9.186529	2.939732	1.526261	-13.624400	-10.952300	25.000000
9.171016	2.947041	1.570796	9.193682	2.935965	1.483320	-13.624400	-10.391500	25.000000
9.170939	2.947084	1.570796	9.088927	2.937343	1.508919	-13.624400	-9.293780	25.000000
9.170939	2.947084	1.570796	9.192521	2.936572	1.459962	-13.624400	-8.732990	25.000000
9.170939	2.947084	1.570796	9.099084	2.932022	1.414854	-13.624400	-7.635290	25.000000
9.170958	2.947073	1.570796	9.101857	2.930595	1.375458	-13.624400	-7.074510	25.000000
9.170958	2.947073	1.570796	9.088146	2.937758	1.362740	-13.624400	-5.976810	25.000000
9.170939	2.947084	1.570796	9.082538	2.940767	1.331172	-13.624400	-5.416020	25.000000
9.170939	2.947084	1.570796	9.182010	2.942152	1.337817	-13.624400	-4.318320	25.000000
9.170939	2.947084	1.570796	9.162543	2.952952	1.389381	-13.624400	-3.757530	25.000000
9.170939	2.947084	1.570796	9.169307	2.949126	1.346562	-13.624400	-2.659830	25.000000
9.170939	2.947084	1.570796	9.153907	2.957959	1.453268	-13.624400	-2.099050	25.000000
9.170948	2.947079	1.570796	9.163039	2.952669	1.415010	-13.624400	-1.001350	25.000000
9.170942	2.947082	1.570796	9.162321	2.953079	1.480400	-13.624400	-0.440561	25.000000
9.170942	2.947082	1.570796	9.157911	2.955620	1.508156	-13.624400	0.657139	25.000000
9.171016	2.947041	1.570796	9.192603	2.936529	1.525907	-12.795200	-12.050000	25.000000
9.171016	2.947041	1.570796	9.184976	2.940561	1.504228	-12.795200	-10.952300	25.000000
9.171016	2.947041	1.570796	9.098049	2.932558	1.432645	-12.795200	-10.391500	25.000000
9.170939	2.947084	1.570796	9.213099	2.926094	1.469612	-12.795200	-9.293780	25.000000
9.170939	2.947084	1.570796	9.209522	2.927876	1.296013	-12.795200	-8.732990	25.000000
9.170939	2.947084	1.570796	9.142697	2.910665	1.368715	-12.795200	-7.635290	25.000000
9.170958	2.947073	1.570796	9.117483	2.922737	1.193104	-12.795200	-7.074510	25.000000
9.170958	2.947073	1.570796	9.163656	2.901131	1.170718	-12.795200	-5.976810	25.000000
9.170939	2.947084	1.570796	9.114154	2.924386	1.077545	-12.795200	-5.416020	25.000000
9.170939	2.947084	1.570796	9.121831	2.920604	1.087017	-12.795200	-4.318320	25.000000
9.170939	2.947084	1.570796	9.171663	2.947813	1.206062	-12.795200	-3.757530	25.000000
9.170939	2.947084	1.570796	9.169237	2.949166	1.084194	-12.795200	-2.659830	25.000000
9.170939	2.947084	1.570796	9.165086	2.951504	1.325818	-12.795200	-2.099050	25.000000
9.170948	2.947079	1.570796	9.133805	2.970214	1.297788	-12.795200	-1.001350	25.000000
9.170942	2.947082	1.570796	9.142018	2.965099	1.433305	-12.795200	-0.440561	25.000000
9.170942	2.947082	1.570796	9.161420	2.953595	1.451367	-12.795200	0.657139	25.000000
9.170939	2.947084	1.570796	9.254431	2.958651	1.505413	-12.795200	1.217930	25.000000
9.170939	2.947084	1.570796	9.259708	2.955595	1.518213	-12.795200	2.315630	25.000000
9.170823	2.947148	1.570796	9.186495	2.939751	1.528430	-11.965900	-12.610700	25.000000
9.171016	2.947041	1.570796	9.114669	2.924129	1.489344	-11.965900	-12.050000	25.000000
9.171016	2.947041	1.570796	9.191350	2.937186	1.492462	-11.965900	-10.952300	25.000000
9.171016	2.947041	1.570796	9.135644	2.913972	1.325818	-11.965900	-10.391500	25.000000
9.170939	2.947084	1.570796	9.244036	2.911305	1.432921	-11.965900	-9.293780	25.000000
9.170939	2.947084	1.570796	9.271969	2.857379	1.229584	-11.965900	-8.732990	25.000000
9.170939	2.947084	1.570796	9.081068	2.892145	1.073230	-11.965900	-7.635290	25.000000
9.170958	2.947073	1.570796	9.065787	2.856558	0.877063	-11.965900	-7.074510	25.000000
9.170958	2.947073	1.570796	9.269585	2.789211	0.829617	-11.965900	-5.976810	25.000000
9.170939	2.947084	1.570796	9.235973	2.833113	0.633516	-11.965900	-5.416020	25.000000
9.170939	2.947084	1.570796	9.075561	2.816433	0.613834	-11.965900	-4.318320	25.000000
9.170939	2.947084	1.570796	9.163002	2.901422	0.502642	-11.965900	-3.757530	25.000000
9.170939	2.947084	1.570796	9.151180	2.906755	0.815290	-11.965900	-2.659830	25.000000
9.170939	2.947084	1.570796	9.227551	2.975131	0.891970	-11.965900	-2.099050	25.000000
9.170948	2.947079	1.570796	9.256657	2.957355	1.138800	-11.965900	-1.001350	25.000000
9.170942	2.947082	1.570796	9.248962	2.961875	1.369842	-11.965900	-0.440561	25.000000
9.170942	2.947082	1.570796	9.221480	2.979096	1.306308	-11.965900	0.657139	25.000000
9.170939	2.947084	1.570796	9.142026	2.965094	1.490345	-11.965900	1.217930	25.000000
9.170939	2.947084	1.570796	9.156962	2.956172	1.472307	-11.965900	2.315630	25.000000
9.170939	2.947084	1.570796	9.159489	2.954707	1.524359	-11.965900	2.876410	25.000000
9.171016	2.947041	1.570796	9.190400	2.937685	1.537475	-11.136700	-13.708500	25.000000
9.170823	2.947148	1.570796	9.098963	2.932085	1.520574	-11.136700	-12.610700	25.000000
9.171016	2.947041	1.570796	9.114813	2.924058	1.485291	-11.136700	-12.050000	25.000000
9.171016	2.947041	1.570796	9.237113	2.914524	1.433796	-11.136700	-10.952300	25.000000
9.171016	2.947041	1.570796	9.172203	2.897360	1.216247	-11.136700	-10.391500	25.000000
9.170939	2.947084	1.570796	9.283647	2.853104	1.322145	-11.136700	-9.293780	25.000000
9.170939	2.947084	1.570796	9.504257	2.701842	1.045213	-11.136700	-8.732990	25.000000
9.170939	2.947084	1.570796	8.886737	2.776179	0.765356	-11.136700	-7.635290	25.000000
9.170958	2.947073	1.570796	8.953664	2.821900	0.401625	-11.136700	-7.074510	25.000000
9.170958	2.947073	1.570796	9.424500	2.720188	1.102508	-11.136700	-5.976810	25.000000
9.170939	2.947084	1.570796	9.339058	2.871307	1.466339	-11.136700	-5.416020	25.000000
9.170939	2.947084	1.570796	8.949201	2.958735	0.820167	-11.136700	-4.318320	25.000000
9.170939	2.947084	1.570796	9.182026	2.783630	0.270614	-11.136700	-3.757530	25.000000
9.170939	2.947084	1.570796	9.214423	2.774346	0.256708	-11.136700	-2.659830	25.000000
9.170939	2.947084	1.570796	9.144616	2.866187	0.449260	-11.136700	-2.099050	25.000000
9.170948	2.947079	1.570796	9.214554	2.983747	0.308651	-11.136700	-1.001350	25.000000
9.170942	2.947082	1.570796	9.198114	2.995403	1.003495	-11.136700	-0.440561	25.000000
9.170942	2.947082	1.570796	9.131906	2.971420	1.234732	-11.136700	0.657139	25.000000
9.170939	2.947084	1.570796	9.223849	2.977537	1.422891	-11.136700	1.217930	25.000000
9.170939	2.947084	1.570796	9.247331	2.962849	1.439652	-11.136700	2.315630	25.000000
9.170939	2.947084	1.570796	9.150483	2.959985	1.513888	-11.136700	2.876410	25.000000
9.170939	2.947084	1.570796	9.157597	2.955803	1.527037	-11.136700	3.974110	25.000000
9.171016	2.947041	1.570796	9.200684	2.932348	1.535732	-10.307500	-13.708500	25.000000
9.170823	2.947148	1.570796	9.107802	2.927569	1.503025	-10.307500	-12.610700	25.000000
9.171016	2.947041	1.570796	9.139748	2.912041	1.401695	-10.307500	-12.050000	25.000000
9.171016	2.947041	1.570796	9.197614	2.886509	1.436821	-10.307500	-10.952300	25.000000
9.171016	2.947041	1.570796	9.312470	2.776894	1.299527	-10.307500	-10.391500	25.000000
9.170939	2.947084	1.570796	9.023724	2.767609	1.014769	-10.307500	-9.293780	25.000000
9.170939	2.947084	1.570796	9.005493	2.618219	0.890851	-10.307500	-8.732990	25.000000
9.170939	2.947084	1.570796	9.320005	2.745943	0.893881	-10.307500	-7.635290	25.000000
9.170958	2.947073	1.570796	9.196826	2.886838	4.217863	-10.307500	-7.074510	25.000000
9.170958	2.947073	1.570796	9.031523	2.253796	3.181571	-10.307500	-5.976810	25.000000
9.170939	2.947084	1.570796	8.652751	2.104248	2.940249	-10.307500	-5.416020	25.000000
9.170939	2.947084	1.570796	9.690800	1.984981	2.851216	-10.307500	-4.318320	25.000000
9.170939	2.947084	1.570796	8.267291	2.365500	2.354973	-10.307500	-3.757530	25.000000
9.170939	2.947084	1.570796	9.868860	2.867325	0.790689	-10.307500	-2.659830	25.000000
9.170939	2.947084	1.570796	9.278475	2.819047	6.115801	-10.307500	-2.099050	25.000000
9.170948	2.947079	1.570796	9.109373	2.840659	0.009629	-10.307500	-1.001350	25.000000
9.170942	2.947082	1.570796	9.131451	2.971710	0.350431	-10.307500	-0.440561	25.000000
9.170942	2.947082	1.570796	9.192524	2.999592	0.888853	-10.307500	0.657139	25.000000
9.170939	2.947084	1.570796	9.199033	2.994726	1.338430	-10.307500	1.217930	25.000000
9.170939	2.947084	1.570796	9.133783	2.970228	1.350735	-10.307500	2.315630	25.000000
9.170939	2.947084	1.570796	9.147548	2.961741	1.482682	-10.307500	2.876410	25.000000
9.170939	2.947084	1.570796	9.245135	2.964168	1.524816	-10.307500	3.974110	25.000000
9.171016	2.947041	1.570796	9.226652	2.919484	1.521084	-9.478220	-13.708500	25.000000
9.170823	2.947148	1.570796	9.110000	2.926462	1.500808	-9.478220	-12.610700	25.000000
9.171016	2.947041	1.570796	9.292346	2.849966	1.416724	-9.478220	-12.050000	25.000000
9.171016	2.947041	1.570796	9.099874	2.884158	1.348850	-9.478220	-10.952300	25.000000
9.171016	2.947041	1.570796	9.521812	2.651279	1.213070	-9.478220	-10.391500	25.000000
9.170939	2.947084	1.570796	8.906380	2.686528	1.052284	-9.478220	-9.293780	25.000000
9.170939	2.947084	1.570796	8.578018	2.772393	3.715259	-9.478220	-8.732990	25.000000
9.170939	2.947084	1.570796	9.740252	2.610789	2.102520	-9.478220	-7.635290	25.000000
9.170958	2.947073	1.570796	9.039358	1.715112	3.242374	-9.478220	-7.074510	25.000000
9.170958	2.947073	1.570796	9.183137	1.997423	4.071280	-9.478220	-5.976810	25.000000
9.170939	2.947084	1.570796	8.486819	1.284093	3.041924	-9.478220	-5.416020	25.000000
9.170939	2.947084	1.570796	9.695133	1.234427	2.959198	-9.478220	-4.318320	25.000000
9.170939	2.947084	1.570796	9.183137	2.341903	2.409906	-9.478220	-3.757530	25.000000
9.170939	2.947084	1.570796	9.061457	1.581832	2.403035	-9.478220	-2.659830	25.000000
9.170939	2.947084	1.570796	9.058929	3.027468	4.427432	-9.478220	-2.099050	25.000000
9.170948	2.947079	1.570796	9.343019	2.467594	2.276074	-9.478220	-1.001350	25.000000
9.170942	2.947082	1.570796	9.114346	2.878195	0.050590	-9.478220	-0.440561	25.000000
9.170942	2.947082	1.570796	9.324131	2.978237	5.924723	-9.478220	0.657139	25.000000
9.170939	2.947084	1.570796	9.108375	2.987177	1.251303	-9.478220	1.217930	25.000000
9.170939	2.947084	1.570796	9.166815	3.020781	1.090956	-9.478220	2.315630	25.000000
9.170939	2.947084	1.570796	9.131320	2.971793	1.507892	-9.478220	2.876410	25.000000
9.170939	2.947084	1.570796	9.237959	2.968554	1.455487	-9.478220	3.974110	25.000000
9.170939	2.947084	1.570796	9.153780	2.958034	1.539190	-9.478220	4.534900	25.000000
9.170823	2.947148	1.570796	9.190305	2.937735	1.546178	-8.648980	-15.366900	25.000000
9.170823	2.947148	1.570796	9.096466	2.933380	1.551650	-8.648980	-14.269200	25.000000
9.171016	2.947041	1.570796	9.150144	2.907229	1.502976	-8.648980	-13.708500	25.000000
9.170823	2.947148	1.570796	9.124938	2.919094	1.511166	-8.648980	-12.610700	25.000000
9.171016	2.947041	1.570796	9.305912	2.810339	1.438245	-8.648980	-12.050000	25.000000
9.171016	2.947041	1.570796	9.079648	2.815101	1.292497	-8.648980	-10.952300	25.000000
9.171016	2.947041	1.570796	8.668610	3.015694	4.355769	-8.648980	-10.391500	25.000000
9.170939	2.947084	1.570796	9.558666	2.714488	1.934888	-8.648980	-9.293780	25.000000
9.170939	2.947084	1.570796	8.980624	2.244091	3.218583	-8.648980	-8.732990	25.000000
9.170939	2.947084	1.570796	9.310768	1.776305	3.593465	-8.648980	-7.635290	25.000000
9.170958	2.947073	1.570796	8.970647	1.464696	3.791820	-8.648980	-7.074510	25.000000
9.170958	2.947073	1.570796	9.442505	1.306134	3.196483	-8.648980	-5.976810	25.000000
9.170939	2.947084	1.570796	8.679263	0.869490	3.044925	-8.648980	-5.416020	25.000000
9.170939	2.947084	1.570796	9.686403	0.862690	3.016226	-8.648980	-4.318320	25.000000
9.170939	2.947084	1.570796	9.491449	1.220190	2.324459	-8.648980	-3.757530	25.000000
9.170939	2.947084	1.570796	8.772827	1.530890	2.667741	-8.648980	-2.659830	25.000000
9.170939	2.947084	1.570796	9.154780	2.161669	2.187988	-8.648980	-2.099050	25.000000
9.170948	2.947079	1.570796	9.114275	1.669704	2.544416	-8.648980	-1.001350	25.000000
9.170942	2.947082	1.570796	9.126193	2.975102	1.282506	-8.648980	-0.440561	25.000000
9.170942	2.947082	1.570796	9.177734	2.944470	0.603433	-8.648980	0.657139	25.000000
9.170939	2.947084	1.570796	9.240092	3.048404	0.578325	-8.648980	1.217930	25.000000
9.170939	2.947084	1.570796	9.178916	3.010369	0.968938	-8.648980	2.315630	25.000000
9.170939	2.947084	1.570796	9.221894	2.978822	1.493768	-8.648980	2.876410	25.000000
9.170939	2.947084	1.570796	9.216175	2.982645	1.410381	-8.648980	3.974110	25.000000
9.170939	2.947084	1.570796	9.153851	2.957992	1.532492	-8.648980	4.534900	25.000000
9.170939	2.947084	1.570796	9.148318	2.961279	1.542755	-8.648980	5.632600	25.000000
9.170823	2.947148	1.570796	9.096472	2.933377	1.550852	-7.819730	-15.366900	25.000000
9.170823	2.947148	1.570796	9.102742	2.930141	1.548496	-7.819730	-14.269200	25.000000
9.171016	2.947041	1.570796	9.156394	2.904387	1.531746	-7.819730	-13.708500	25.000000
9.170823	2.947148	1.570796	9.157898	2.903708	1.484500	-7.819730	-12.610700	25.000000
9.171016	2.947041	1.570796	8.933219	2.762812	1.319944	-7.819730	-12.050000	25.000000
9.171016	2.947041	1.570796	9.375500	2.732003	1.436475	-7.819730	-10.952300	25.000000
9.171016	2.947041	1.570796	7.101577	2.392389	3.224390	-7.819730	-10.391500	25.000000
9.170939	2.947084	1.570796	10.770446	2.527073	4.768781	-7.819730	-9.293780	25.000000
9.170939	2.947084	1.570796	10.235727	1.168247	3.874408	-7.819730	-8.732990	25.000000
9.170939	2.947084	1.570796	7.992027	1.552027	3.918141	-7.819730	-7.635290	25.000000
9.170958	2.947073	1.570796	8.830906	0.968916	3.576975	-7.819730	-7.074510	25.000000
9.170958	2.947073	1.570796	9.424436	0.764789	3.405157	-7.819730	-5.976810	25.000000
9.170939	2.947084	1.570796	8.956919	0.440992	3.031513	-7.819730	-5.416020	25.000000
9.170939	2.947084	1.570796	9.384647	0.485540	2.782288	-7.819730	-4.318320	25.000000
9.170939	2.947084	1.570796	9.194020	0.995800	2.310355	-7.819730	-3.757530	25.000000
9.170939	2.947084	1.570796	9.153142	0.716910	2.391474	-7.819730	-2.659830	25.000000
9.170939	2.947084	1.570796	10.469403	1.496224	1.922841	-7.819730	-2.099050	25.000000
9.170948	2.947079	1.570796	7.694966	1.246766	2.151195	-7.819730	-1.001350	25.000000
9.170942	2.947082	1.570796	11.069522	2.460536	1.429427	-7.819730	-0.440561	25.000000
9.170942	2.947082	1.570796	6.586416	2.754866	1.831788	-7.819730	0.657139	25.000000
9.170939	2.947084	1.570796	9.221660	3.073040	6.210299	-7.819730	1.217930	25.000000
9.170939	2.947084	1.570796	9.104063	2.990251	0.061237	-7.819730	2.315630	25.000000
9.170939	2.947084	1.570796	9.101601	2.992035	1.475530	-7.819730	2.876410	25.000000
9.170939	2.947084	1.570796	9.199654	2.994270	1.358151	-7.819730	3.974110	25.000000
9.170939	2.947084	1.570796	9.146498	2.962373	1.546875	-7.819730	4.534900	25.000000
9.170939	2.947084	1.570796	9.144979	2.963293	1.522069	-7.819730	5.632600	25.000000
9.170823	2.947148	1.570796	9.198433	2.933504	1.552851	-6.990490	-15.366900	25.000000
9.170823	2.947148	1.570796	9.204690	2.930308	1.551265	-6.990490	-14.269200	25.000000
9.171016	2.947041	1.570796	9.193184	2.888364	1.518236	-6.990490	-13.708500	25.000000
9.170823	2.947148	1.570796	9.163925	2.901011	1.514434	-6.990490	-12.610700	25.000000
9.171016	2.947041	1.570796	9.150497	2.733761	1.443707	-6.990490	-12.050000	25.000000
9.171016	2.947041	1.570796	9.201223	2.647328	1.398115	-6.990490	-10.952300	25.000000
9.171016	2.947041	1.570796	12.375480	2.350408	4.729433	-6.990490	-10.391500	25.000000
9.170939	2.947084	1.570796	3.410630	2.234098	4.968198	-6.990490	-9.293780	25.000000
9.170939	2.947084	1.570796	9.324296	1.332608	4.596247	-6.990490	-8.732990	25.000000
9.170939	2.947084	1.570796	9.071295	0.803074	4.514993	-6.990490	-7.635290	25.000000
9.170958	2.947073	1.570796	9.049641	0.381214	3.952196	-6.990490	-7.074510	25.000000
9.170958	2.947073	1.570796	9.286625	0.357338	3.747527	-6.990490	-5.976810	25.000000
9.170939	2.947084	1.570796	8.863887	0.120136	0.993237	-6.990490	-5.416020	25.000000
9.170939	2.947084	1.570796	9.453232	0.274231	1.570796	-6.990490	-4.318320	25.000000
9.170939	2.947084	1.570796	8.653144	0.391023	1.999180	-6.990490	-3.757530	25.000000
9.170939	2.947084	1.570796	9.680000	0.520102	1.637364	-6.990490	-2.659830	25.000000
9.170939	2.947084	1.570796	9.103346	1.471770	1.684745	-6.990490	-2.099050	25.000000
9.170948	2.947079	1.570796	9.163847	0.980587	1.743719	-6.990490	-1.001350	25.000000
9.170942	2.947082	1.570796	11.908489	2.402335	1.494694	-6.990490	-0.440561	25.000000
9.170942	2.947082	1.570796	4.506318	2.080826	2.962649	-6.990490	0.657139	25.000000
9.170939	2.947084	1.570796	9.163176	3.024098	5.656442	-6.990490	1.217930	25.000000
9.170939	2.947084	1.570796	9.287438	2.940346	5.662310	-6.990490	2.315630	25.000000
9.170939	2.947084	1.570796	9.190091	3.001457	1.341312	-6.990490	2.876410	25.000000
9.170939	2.947084	1.570796	9.167819	3.019883	1.417464	-6.990490	3.974110	25.000000
9.170939	2.947084	1.570796	9.136066	2.968790	1.537051	-6.990490	4.534900	25.000000
9.170939	2.947084	1.570796	9.243302	2.965277	1.530694	-6.990490	5.632600	25.000000
9.170823	2.947148	1.570796	9.202578	2.931381	1.554027	-6.161250	-15.366900	25.000000
9.170823	2.947148	1.570796	9.208863	2.928206	1.557566	-6.161250	-14.269200	25.000000
9.171016	2.947041	1.570796	9.210508	2.881195	1.536632	-6.161250	-13.708500	25.000000
9.170823	2.947148	1.570796	9.183145	2.892623	1.521279	-6.161250	-12.610700	25.000000
9.171016	2.947041	1.570796	9.596353	2.615771	1.487655	-6.161250	-12.050000	25.000000
9.171016	2.947041	1.570796	8.692549	2.659046	1.441521	-6.161250	-10.952300	25.000000
9.171016	2.947041	1.570796	8.755570	3.028867	5.130613	-6.161250	-10.391500	25.000000
9.170939	2.947084	1.570796	9.392018	1.999010	5.280914	-6.161250	-9.293780	25.000000
9.170939	2.947084	1.570796	8.113871	0.842597	5.217402	-6.161250	-8.732990	25.000000
9.170939	2.947084	1.570796	10.188994	1.560982	4.844292	-6.161250	-7.635290	25.000000
9.170958	2.947073	1.570796	9.450524	0.230768	5.101486	-6.161250	-7.074510	25.000000
9.170958	2.947073	1.570796	8.922225	0.223656	5.128561	-6.161250	-5.976810	25.000000
9.170939	2.947084	1.570796	9.344282	0.401824	0.890073	-6.161250	-5.416020	25.000000
9.170939	2.947084	1.570796	8.958236	0.283757	0.723331	-6.161250	-4.318320	25.000000
9.170939	2.947084	1.570796	9.300543	0.390609	1.287454	-6.161250	-3.757530	25.000000
9.170939	2.947084	1.570796	9.144009	0.231537	0.944453	-6.161250	-2.659830	25.000000
9.170939	2.947084	1.570796	10.108907	0.971745	1.678808	-6.161250	-2.099050	25.000000
9.170948	2.947079	1.570796	8.075271	1.136206	2.462587	-6.161250	-1.001350	25.000000
9.170942	2.947082	1.570796	10.594980	1.517916	2.208626	-6.161250	-0.440561	25.000000
9.170942	2.947082	1.570796	7.444629	2.298168	2.483704	-6.161250	0.657139	25.000000
9.170939	2.947084	1.570796	9.221149	3.073852	6.004005	-6.161250	1.217930	25.000000
9.170939	2.947084	1.570796	9.112438	3.089338	0.158240	-6.161250	2.315630	25.000000
9.170939	2.947084	1.570796	9.149538	3.037485	1.419826	-6.161250	2.876410	25.000000
9.170939	2.947084	1.570796	9.163695	3.023620	1.269571	-6.161250	3.974110	25.000000
9.170939	2.947084	1.570796	9.130931	2.972042	1.539638	-6.161250	4.534900	25.000000
9.170939	2.947084	1.570796	9.137827	2.967689	1.533472	-6.161250	5.632600	25.000000
9.170823	2.947148	1.570796	9.206749	2.929268	1.557807	-5.332000	-15.366900	25.000000
9.170823	2.947148	1.570796	9.208839	2.928218	1.563309	-5.332000	-14.269200	25.000000
9.171016	2.947041	1.570796	9.215424	2.879200	1.552388	-5.332000	-13.708500	25.000000
9.170823	2.947148	1.570796	9.106170	2.881545	1.535768	-5.332000	-12.610700	25.000000
9.171016	2.947041	1.570796	9.215427	2.667730	1.520838	-5.332000	-12.050000	25.000000
9.171016	2.947041	1.570796	9.214603	2.540606	1.507420	-5.332000	-10.952300	25.000000
9.171016	2.947041	1.570796	11.358063	2.443354	4.734303	-5.332000	-10.391500	25.000000
9.170939	2.947084	1.570796	6.321875	2.432985	4.388333	-5.332000	-9.293780	25.000000
9.170939	2.947084	1.570796	8.918306	0.817583	4.754825	-5.332000	-8.732990	25.000000
9.170939	2.947084	1.570796	9.356011	1.677884	4.735181	-5.332000	-7.635290	25.000000
9.170958	2.947073	1.570796	8.832780	0.230090	5.220452	-5.332000	-7.074510	25.000000
9.170958	2.947073	1.570796	9.418901	0.260961	5.247869	-5.332000	-5.976810	25.000000
9.170939	2.947084	1.570796	9.061342	0.188990	1.518491	-5.332000	-5.416020	25.000000
9.170939	2.947084	1.570796	9.366773	0.317025	1.572851	-5.332000	-4.318320	25.000000
9.170939	2.947084	1.570796	8.931385	0.171736	1.908708	-5.332000	-3.757530	25.000000
9.170939	2.947084	1.570796	9.310239	0.154039	1.409791	-5.332000	-2.659830	25.000000
9.170939	2.947084	1.570796	8.810221	0.881978	2.293776	-5.332000	-2.099050	25.000000
9.170948	2.947079	1.570796	9.500526	0.549886	2.169972	-5.332000	-1.001350	25.000000
9.170942	2.947082	1.570796	9.950457	1.161492	2.000144	-5.332000	-0.440561	25.000000
9.170942	2.947082	1.570796	8.372598	1.814464	1.806820	-5.332000	0.657139	25.000000
9.170939	2.947084	1.570796	9.231322	2.872863	1.439862	-5.332000	1.217930	25.000000
9.170939	2.947084	1.570796	9.145081	2.909559	1.422847	-5.332000	2.315630	25.000000
9.170939	2.947084	1.570796	9.236114	3.053132	1.233543	-5.332000	2.876410	25.000000
9.170939	2.947084	1.570796	9.137619	3.050820	1.429070	-5.332000	3.974110	25.000000
9.170939	2.947084	1.570796	9.227761	2.974995	1.553804	-5.332000	4.534900	25.000000
9.170939	2.947084	1.570796	9.226254	2.975969	1.532657	-5.332000	5.632600	25.000000
9.170939	2.947084	1.570796	9.155465	2.957045	1.563648	-5.332000	6.193390	25.000000
9.170823	2.947148	1.570796	9.210958	2.927159	1.564444	-4.502760	-15.366900	25.000000
9.170823	2.947148	1.570796	9.113267	2.924827	1.567414	-4.502760	-14.269200	25.000000
9.171016	2.947041	1.570796	9.217938	2.878187	1.562713	-4.502760	-13.708500	25.000000
9.170823	2.947148	1.570796	9.118847	2.876371	1.555902	-4.502760	-12.610700	25.000000
9.171016	2.947041	1.570796	9.082771	2.648321	1.551729	-4.502760	-12.050000	25.000000
9.171016	2.947041	1.570796	9.323762	2.523735	1.550059	-4.502760	-10.952300	25.000000
9.171016	2.947041	1.570796	11.759753	2.156436	4.708062	-4.502760	-10.391500	25.000000
9.170939	2.947084	1.570796	5.462771	2.727015	4.732023	-4.502760	-9.293780	25.000000
9.170939	2.947084	1.570796	6.162013	0.926729	5.017453	-4.502760	-8.732990	25.000000
9.170939	2.947084	1.570796	11.399250	1.202879	4.923614	-4.502760	-7.635290	25.000000
9.170958	2.947073	1.570796	9.115092	0.451928	5.736303	-4.502760	-7.074510	25.000000
9.170958	2.947073	1.570796	9.328671	0.474043	5.869968	-4.502760	-5.976810	25.000000
9.170939	2.947084	1.570796	8.890501	0.142806	1.224051	-4.502760	-5.416020	25.000000
9.170939	2.947084	1.570796	9.423789	0.334975	0.978317	-4.502760	-4.318320	25.000000
9.170939	2.947084	1.570796	9.331908	0.168336	0.753735	-4.502760	-3.757530	25.000000
9.170939	2.947084	1.570796	9.049972	0.182305	0.802638	-4.502760	-2.659830	25.000000
9.170939	2.947084	1.570796	9.813567	0.410058	1.650117	-4.502760	-2.099050	25.000000
9.170948	2.947079	1.570796	8.518709	0.413720	1.935035	-4.502760	-1.001350	25.000000
9.170942	2.947082	1.570796	10.780190	1.798164	1.547943	-4.502760	-0.440561	25.000000
9.170942	2.947082	1.570796	7.217603	1.037379	1.501552	-4.502760	0.657139	25.000000
9.170939	2.947084	1.570796	9.183512	2.851576	1.429438	-4.502760	1.217930	25.000000
9.170939	2.947084	1.570796	9.158783	2.903310	0.854142	-4.502760	2.315630	25.000000
9.170939	2.947084	1.570796	9.122739	3.070973	1.463399	-4.502760	2.876410	25.000000
9.170939	2.947084	1.570796	9.225805	3.066782	1.332149	-4.502760	3.974110	25.000000
9.170939	2.947084	1.570796	9.125848	2.975327	1.549872	-4.502760	4.534900	25.000000
9.170939	2.947084	1.570796	9.122520	2.977515	1.559589	-4.502760	5.632600	25.000000
9.170939	2.947084	1.570796	9.253779	2.959032	1.567403	-4.502760	6.193390	25.000000
9.170823	2.947148	1.570796	9.113265	2.924828	1.571664	-3.673520	-15.366900	25.000000
9.170823	2.947148	1.570796	9.208827	2.928224	1.571104	-3.673520	-14.269200	25.000000
9.171016	2.947041	1.570796	9.215319	2.879242	1.572303	-3.673520	-13.708500	25.000000
9.170823	2.947148	1.570796	9.124046	2.874281	1.575278	-3.673520	-12.610700	25.000000
9.171016	2.947041	1.570796	9.638525	2.608280	1.577735	-3.673520	-12.050000	25.000000
9.171016	2.947041	1.570796	8.709480	2.543987	1.585285	-3.673520	-10.952300	25.000000
9.171016	2.947041	1.570796	5.644147	2.217293	5.279459	-3.673520	-10.391500	25.000000
9.170939	2.947084	1.570796	11.569015	2.435114	4.660436	-3.673520	-9.293780	25.000000
9.170939	2.947084	1.570796	11.201022	0.929594	4.910877	-3.673520	-8.732990	25.000000
9.170939	2.947084	1.570796	6.419377	1.187620	5.005455	-3.673520	-7.635290	25.000000
9.170958	2.947073	1.570796	9.220461	0.397936	5.105888	-3.673520	-7.074510	25.000000
9.170958	2.947073	1.570796	9.125152	0.306456	5.415499	-3.673520	-5.976810	25.000000
9.170939	2.947084	1.570796	8.729611	0.082388	1.288673	-3.673520	-5.416020	25.000000
9.170939	2.947084	1.570796	9.492803	0.139943	1.083504	-3.673520	-4.318320	25.000000
9.170939	2.947084	1.570796	9.403010	0.148156	1.463242	-3.673520	-3.757530	25.000000
9.170939	2.947084	1.570796	8.928631	0.080104	1.369283	-3.673520	-2.659830	25.000000
9.170939	2.947084	1.570796	8.698515	0.303869	1.616534	-3.673520	-2.099050	25.000000
9.170948	2.947079	1.570796	9.693340	0.380518	1.562741	-3.673520	-1.001350	25.000000
9.170942	2.947082	1.570796	9.324539	1.124705	1.624317	-3.673520	-0.440561	25.000000
9.170942	2.947082	1.570796	8.948974	2.033357	1.617013	-3.673520	0.657139	25.000000
9.170939	2.947084	1.570796	9.210114	2.986805	1.776479	-3.673520	1.217930	25.000000
9.170939	2.947084	1.570796	9.213577	2.925858	1.682573	-3.673520	2.315630	25.000000
9.170939	2.947084	1.570796	9.120427	3.074652	1.555552	-3.673520	2.876410	25.000000
9.170939	2.947084	1.570796	9.218283	3.078601	1.538911	-3.673520	3.974110	25.000000
9.170939	2.947084	1.570796	9.120878	2.978606	1.568431	-3.673520	4.534900	25.000000
9.170939	2.947084	1.570796	9.222798	2.978226	1.569530	-3.673520	5.632600	25.000000
9.170939	2.947084	1.570796	9.153628	2.958124	1.570437	-3.673520	6.193390	25.000000
9.170823	2.947148	1.570796	9.113278	2.924821	1.578704	-2.844270	-15.366900	25.000000
9.170823	2.947148	1.570796	9.210953	2.927161	1.574776	-2.844270	-14.269200	25.000000
9.171016	2.947041	1.570796	9.205065	2.883423	1.582285	-2.844270	-13.708500	25.000000
9.170823	2.947148	1.570796	9.124194	2.874222	1.592784	-2.844270	-12.610700	25.000000
9.171016	2.947041	1.570796	9.354512	2.639510	1.599677	-2.844270	-12.050000	25.000000
9.171016	2.947041	1.570796	8.990887	2.537567	1.621146	-2.844270	-10.952300	25.000000
9.171016	2.947041	1.570796	11.009886	2.147143	4.629967	-2.844270	-10.391500	25.000000
9.170939	2.947084	1.570796	6.840058	2.741551	4.359769	-2.844270	-9.293780	25.000000
9.170939	2.947084	1.570796	6.105809	1.237080	4.352807	-2.844270	-8.732990	25.000000
9.170939	2.947084	1.570796	11.459097	1.019724	4.403271	-2.844270	-7.635290	25.000000
9.170958	2.947073	1.570796	9.306106	0.514790	3.734438	-2.844270	-7.074510	25.000000
9.170958	2.947073	1.570796	9.061258	0.555244	3.592132	-2.844270	-5.976810	25.000000
9.170939	2.947084	1.570796	9.136334	0.227946	1.840447	-2.844270	-5.416020	25.000000
9.170939	2.947084	1.570796	9.228917	0.267782	2.764128	-2.844270	-4.318320	25.000000
9.170939	2.947084	1.570796	9.034938	0.173046	2.451793	-2.844270	-3.757530	25.000000
9.170939	2.947084	1.570796	9.277246	0.195789	2.313084	-2.844270	-2.659830	25.000000
9.170939	2.947084	1.570796	8.648445	0.358043	1.178036	-2.844270	-2.099050	25.000000
9.170948	2.947079	1.570796	9.713851	0.437242	1.490482	-2.844270	-1.001350	25.000000
9.170942	2.947082	1.570796	5.219406	1.530551	1.781354	-2.844270	-0.440561	25.000000
9.170942	2.947082	1.570796	11.821679	1.379300	1.539772	-2.844270	0.657139	25.000000
9.170939	2.947084	1.570796	9.095295	2.669394	1.910893	-2.844270	1.217930	25.000000
9.170939	2.947084	1.570796	9.280135	2.895261	1.807201	-2.844270	2.315630	25.000000
9.170939	2.947084	1.570796	9.220377	3.075098	1.663968	-2.844270	2.876410	25.000000
9.170939	2.947084	1.570796	9.223822	3.069708	1.765232	-2.844270	3.974110	25.000000
9.170939	2.947084	1.570796	9.222834	2.978202	1.588128	-2.844270	4.534900	25.000000
9.170939	2.947084	1.570796	9.124152	2.976439	1.578796	-2.844270	5.632600	25.000000
9.170939	2.947084	1.570796	9.253779	2.959032	1.573356	-2.844270	6.193390	25.000000
9.170823	2.947148	1.570796	9.206758	2.929264	1.585228	-2.015030	-15.366900	25.000000
9.170823	2.947148	1.570796	9.210962	2.927157	1.578449	-2.015030	-14.269200	25.000000
9.171016	2.947041	1.570796	9.192547	2.888632	1.594270	-2.015030	-13.708500	25.000000
9.170823	2.947148	1.570796	9.119202	2.876227	1.607600	-2.015030	-12.610700	25.000000
9.171016	2.947041	1.570796	9.273193	2.570173	1.648639	-2.015030	-12.050000	25.000000
9.171016	2.947041	1.570796	9.037566	2.682058	1.635705	-2.015030	-10.952300	25.000000
9.171016	2.947041	1.570796	8.189389	2.182073	5.295015	-2.015030	-10.391500	25.000000
9.170939	2.947084	1.570796	10.041718	2.682062	4.556838	-2.015030	-9.293780	25.000000
9.170939	2.947084	1.570796	9.083920	0.804414	4.828784	-2.015030	-8.732990	25.000000
9.170939	2.947084	1.570796	9.271402	1.689721	4.748243	-2.015030	-7.635290	25.000000
9.170958	2.947073	1.570796	9.069449	0.323154	4.192812	-2.015030	-7.074510	25.000000
9.170958	2.947073	1.570796	9.341071	0.308528	4.220358	-2.015030	-5.976810	25.000000
9.170939	2.947084	1.570796	9.007935	0.154959	1.550655	-2.015030	-5.416020	25.000000
9.170939	2.947084	1.570796	9.354510	0.346041	1.613042	-2.015030	-4.318320	25.000000
9.170939	2.947084	1.570796	9.281167	0.132349	1.482502	-2.015030	-3.757530	25.000000
9.170939	2.947084	1.570796	9.031548	0.170885	1.483438	-2.015030	-2.659830	25.000000
9.170939	2.947084	1.570796	9.011659	0.900246	0.915964	-2.015030	-2.099050	25.000000
9.170948	2.947079	1.570796	9.271462	0.485516	0.982794	-2.015030	-1.001350	25.000000
9.170942	2.947082	1.570796	6.227006	1.625424	1.085569	-2.015030	-0.440561	25.000000
9.170942	2.947082	1.570796	11.352625	1.313397	1.217356	-2.015030	0.657139	25.000000
9.170939	2.947084	1.570796	9.459713	2.828557	1.665683	-2.015030	1.217930	25.000000
9.170939	2.947084	1.570796	8.904856	2.770897	1.443981	-2.015030	2.315630	25.000000
9.170939	2.947084	1.570796	9.137943	3.050432	1.739898	-2.015030	2.876410	25.000000
9.170939	2.947084	1.570796	9.228390	3.063133	1.875496	-2.015030	3.974110	25.000000
9.170939	2.947084	1.570796	9.129164	2.973177	1.588442	-2.015030	4.534900	25.000000
9.170939	2.947084	1.570796	9.124275	2.976357	1.603451	-2.015030	5.632600	25.000000
9.170939	2.947084	1.570796	9.155463	2.957046	1.576987	-2.015030	6.193390	25.000000
9.170823	2.947148	1.570796	9.202584	2.931378	1.588503	-1.185790	-15.366900	25.000000
9.170823	2.947148	1.570796	9.208859	2.928208	1.583103	-1.185790	-14.269200	25.000000
9.171016	2.947041	1.570796	9.177917	2.894874	1.606941	-1.185790	-13.708500	25.000000
9.170823	2.947148	1.570796	9.203184	2.884199	1.619476	-1.185790	-12.610700	25.000000
9.171016	2.947041	1.570796	8.790796	2.638128	1.710359	-1.185790	-12.050000	25.000000
9.171016	2.947041	1.570796	9.530797	2.672205	1.642765	-1.185790	-10.952300	25.000000
9.171016	2.947041	1.570796	8.359240	2.585567	4.333987	-1.185790	-10.391500	25.000000
9.170939	2.947084	1.570796	9.912865	2.601132	4.726114	-1.185790	-9.293780	25.000000
9.170939	2.947084	1.570796	11.401500	1.693014	4.658459	-1.185790	-8.732990	25.000000
9.170939	2.947084	1.570796	6.007362	0.819624	4.416569	-1.185790	-7.635290	25.000000
9.170958	2.947073	1.570796	9.145277	0.313336	4.420932	-1.185790	-7.074510	25.000000
9.170958	2.947073	1.570796	9.232421	0.341267	4.470550	-1.185790	-5.976810	25.000000
9.170939	2.947084	1.570796	9.359086	0.377530	2.214297	-1.185790	-5.416020	25.000000
9.170939	2.947084	1.570796	8.940246	0.276773	2.263438	-1.185790	-4.318320	25.000000
9.170939	2.947084	1.570796	9.532812	0.265018	2.381685	-1.185790	-3.757530	25.000000
9.170939	2.947084	1.570796	8.897932	0.259507	1.900857	-1.185790	-2.659830	25.000000
9.170939	2.947084	1.570796	8.595836	0.658223	1.027115	-1.185790	-2.099050	25.000000
9.170948	2.947079	1.570796	9.701490	1.212732	1.368005	-1.185790	-1.001350	25.000000
9.170942	2.947082	1.570796	7.440598	2.316799	0.603230	-1.185790	-0.440561	25.000000
9.170942	2.947082	1.570796	10.484412	1.497288	0.982794	-1.185790	0.657139	25.000000
9.170939	2.947084	1.570796	9.310077	3.095063	3.687953	-1.185790	1.217930	25.000000
9.170939	2.947084	1.570796	9.014775	3.084332	1.827528	-1.185790	2.315630	25.000000
9.170939	2.947084	1.570796	9.154906	3.032017	1.720180	-1.185790	2.876410	25.000000
9.170939	2.947084	1.570796	9.147470	3.039672	1.902400	-1.185790	3.974110	25.000000
9.170939	2.947084	1.570796	9.127550	2.974220	1.598421	-1.185790	4.534900	25.000000
9.170939	2.947084	1.570796	9.136116	2.968758	1.609630	-1.185790	5.632600	25.000000
9.170823	2.947148	1.570796	9.098546	2.932301	1.590899	-0.356543	-15.366900	25.000000
9.170823	2.947148	1.570796	9.106920	2.928015	1.587893	-0.356543	-14.269200	25.000000
9.171016	2.947041	1.570796	9.061957	2.900563	1.624448	-0.356543	-13.708500	25.000000
9.170823	2.947148	1.570796	9.188162	2.890485	1.622505	-0.356543	-12.610700	25.000000
9.171016	2.947041	1.570796	8.847011	2.727703	1.751655	-0.356543	-12.050000	25.000000
9.171016	2.947041	1.570796	9.448365	2.689710	1.682524	-0.356543	-10.952300	25.000000
9.171016	2.947041	1.570796	9.474645	2.229586	4.347994	-0.356543	-10.391500	25.000000
9.170939	2.947084	1.570796	8.876058	2.812593	4.494476	-0.356543	-9.293780	25.000000
9.170939	2.947084	1.570796	9.720309	1.622258	4.673234	-0.356543	-8.732990	25.000000
9.170939	2.947084	1.570796	8.605376	0.831190	4.578278	-0.356543	-7.635290	25.000000
9.170958	2.947073	1.570796	9.213691	0.367040	5.146275	-0.356543	-7.074510	25.000000
9.170958	2.947073	1.570796	9.180109	0.357404	5.156540	-0.356543	-5.976810	25.000000
9.170939	2.947084	1.570796	8.780347	0.135387	2.591043	-0.356543	-5.416020	25.000000
9.170939	2.947084	1.570796	9.476339	0.318412	1.798606	-0.356543	-4.318320	25.000000
9.170939	2.947084	1.570796	8.740033	0.414474	1.215617	-0.356543	-3.757530	25.000000
9.170939	2.947084	1.570796	9.548579	0.370695	1.875268	-0.356543	-2.659830	25.000000
9.170939	2.947084	1.570796	7.117584	1.120157	1.523956	-0.356543	-2.099050	25.000000
9.170948	2.947079	1.570796	10.775087	1.109095	1.472159	-0.356543	-1.001350	25.000000
9.170942	2.947082	1.570796	11.614646	1.968651	1.533431	-0.356543	-0.440561	25.000000
9.170942	2.947082	1.570796	5.068373	2.977151	4.980755	-0.356543	0.657139	25.000000
9.170939	2.947084	1.570796	9.321228	2.980137	4.092915	-0.356543	1.217930	25.000000
9.170939	2.947084	1.570796	9.081856	2.941137	3.734196	-0.356543	2.315630	25.000000
9.170939	2.947084	1.570796	9.084514	3.005082	1.733285	-0.356543	2.876410	25.000000
9.170939	2.947084	1.570796	9.163069	3.024197	1.820295	-0.356543	3.974110	25.000000
9.170939	2.947084	1.570796	9.134365	2.969860	1.606038	-0.356543	4.534900	25.000000
9.170939	2.947084	1.570796	9.143082	2.964448	1.609287	-0.356543	5.632600	25.000000
9.170939	2.947084	1.570796	9.257454	2.956894	1.583325	-0.356543	6.193390	25.000000
9.170823	2.947148	1.570796	9.096492	2.933367	1.593133	0.472700	-15.366900	25.000000
9.170823	2.947148	1.570796	9.200511	2.932437	1.589642	0.472700	-14.269200	25.000000
9.171016	2.947041	1.570796	9.155320	2.904873	1.651926	0.472700	-13.708500	25.000000
9.170823	2.947148	1.570796	9.149369	2.907584	1.608985	0.472700	-12.610700	25.000000
9.171016	2.947041	1.570796	9.169651	2.728953	1.776192	0.472700	-12.050000	25.000000
9.171016	2.947041	1.570796	9.151770	2.792574	1.708627	0.472700	-10.952300	25.000000
9.171016	2.947041	1.570796	8.111104	2.460227	5.414646	0.472700	-10.391500	25.000000
9.170939	2.947084	1.570796	10.060164	2.701138	4.508135	0.472700	-9.293780	25.000000
9.170939	2.947084	1.570796	10.760990	1.399907	5.078886	0.472700	-8.732990	25.000000
9.170939	2.947084	1.570796	7.194970	1.180112	5.540315	0.472700	-7.635290	25.000000
9.170958	2.947073	1.570796	9.288165	0.733433	5.797958	0.472700	-7.074510	25.000000
9.170958	2.947073	1.570796	9.082401	0.757319	5.905655	0.472700	-5.976810	25.000000
9.170939	2.947084	1.570796	8.901663	0.301548	0.331320	0.472700	-5.416020	25.000000
9.170939	2.947084	1.570796	9.413288	0.491275	0.135528	0.472700	-4.318320	25.000000
9.170939	2.947084	1.570796	9.232010	0.905341	0.902507	0.472700	-3.757530	25.000000
9.170939	2.947084	1.570796	9.069730	0.577276	0.785398	0.472700	-2.659830	25.000000
9.170939	2.947084	1.570796	7.874008	1.417800	1.118642	0.472700	-2.099050	25.000000
9.170948	2.947079	1.570796	10.317946	1.183180	1.032172	0.472700	-1.001350	25.000000
9.170942	2.947082	1.570796	10.508326	2.045169	1.469425	0.472700	-0.440561	25.000000
9.170942	2.947082	1.570796	7.343662	3.032492	2.466070	0.472700	0.657139	25.000000
9.170939	2.947084	1.570796	9.218483	2.981091	3.435650	0.472700	1.217930	25.000000
9.170939	2.947084	1.570796	9.128514	3.062533	3.192936	0.472700	2.315630	25.000000
9.170939	2.947084	1.570796	9.087381	3.002804	1.779112	0.472700	2.876410	25.000000
9.170939	2.947084	1.570796	9.204028	2.991102	1.690657	0.472700	3.974110	25.000000
9.170939	2.947084	1.570796	9.142959	2.964523	1.595636	0.472700	4.534900	25.000000
9.170939	2.947084	1.570796	9.146747	2.962223	1.618613	0.472700	5.632600	25.000000
9.170823	2.947148	1.570796	9.190321	2.937726	1.597134	1.301940	-15.366900	25.000000
9.170823	2.947148	1.570796	9.194308	2.935639	1.586752	1.301940	-14.269200	25.000000
9.171016	2.947041	1.570796	9.124686	2.919216	1.620010	1.301940	-13.708500	25.000000
9.170823	2.947148	1.570796	9.143353	2.910360	1.642920	1.301940	-12.610700	25.000000
9.171016	2.947041	1.570796	9.335545	2.834927	1.684588	1.301940	-12.050000	25.000000
9.171016	2.947041	1.570796	9.077053	2.815946	1.839163	1.301940	-10.952300	25.000000
9.171016	2.947041	1.570796	8.787861	2.884933	1.927993	1.301940	-10.391500	25.000000
9.170939	2.947084	1.570796	9.429915	2.876293	6.008775	1.301940	-9.293780	25.000000
9.170939	2.947084	1.570796	9.885550	1.600136	5.655877	1.301940	-8.732990	25.000000
9.170939	2.947084	1.570796	8.271789	2.167781	6.016933	1.301940	-7.635290	25.000000
9.170958	2.947073	1.570796	9.496910	1.156838	6.071128	1.301940	-7.074510	25.000000
9.170958	2.947073	1.570796	8.777021	1.449731	5.974138	1.301940	-5.976810	25.000000
9.170939	2.947084	1.570796	9.437540	0.854029	0.065540	1.301940	-5.416020	25.000000
9.170939	2.947084	1.570796	8.803588	0.820931	6.168534	1.301940	-4.318320	25.000000
9.170939	2.947084	1.570796	8.451035	1.156749	0.469428	1.301940	-3.757530	25.000000
9.170939	2.947084	1.570796	9.831073	1.303145	0.912528	1.301940	-2.659830	25.000000
9.170939	2.947084	1.570796	10.147064	1.646753	0.820349	1.301940	-2.099050	25.000000
9.170948	2.947079	1.570796	8.087645	2.032108	0.618644	1.301940	-1.001350	25.000000
9.170942	2.947082	1.570796	8.437867	2.857649	0.562187	1.301940	-0.440561	25.000000
9.170942	2.947082	1.570796	9.808649	2.732690	1.937970	1.301940	0.657139	25.000000
9.170939	2.947084	1.570796	9.159694	3.027363	2.789548	1.301940	1.217930	25.000000
9.170939	2.947084	1.570796	9.149672	3.037345	2.199593	1.301940	2.315630	25.000000
9.170939	2.947084	1.570796	9.111426	2.985041	1.741268	1.301940	2.876410	25.000000
9.170939	2.947084	1.570796	9.218787	2.980888	1.654275	1.301940	3.974110	25.000000
9.170939	2.947084	1.570796	9.153799	2.958023	1.604317	1.301940	4.534900	25.000000
9.170939	2.947084	1.570796	9.146592	2.962316	1.605751	1.301940	5.632600	25.000000
9.171016	2.947041	1.570796	9.111480	2.925720	1.612311	2.131190	-13.708500	25.000000
9.170823	2.947148	1.570796	9.220700	2.922360	1.643667	2.131190	-12.610700	25.000000
9.171016	2.947041	1.570796	9.197956	2.886367	1.709039	2.131190	-12.050000	25.000000
9.171016	2.947041	1.570796	9.094597	2.845939	1.783735	2.131190	-10.952300	25.000000
9.171016	2.947041	1.570796	9.375585	2.681348	1.929005	2.131190	-10.391500	25.000000
9.170939	2.947084	1.570796	8.973990	2.723221	2.009909	2.131190	-9.293780	25.000000
9.170939	2.947084	1.570796	8.652219	2.899545	5.763441	2.131190	-8.732990	25.000000
9.170939	2.947084	1.570796	9.620296	2.370621	0.462313	2.131190	-7.635290	25.000000
9.170958	2.947073	1.570796	8.933085	2.164841	0.027020	2.131190	-7.074510	25.000000
9.170958	2.947073	1.570796	9.300000	1.613820	5.689213	2.131190	-5.976810	25.000000
9.170939	2.947084	1.570796	8.905863	1.142352	6.268372	2.131190	-5.416020	25.000000
9.170939	2.947084	1.570796	9.493282	1.226982	6.191310	2.131190	-4.318320	25.000000
9.170939	2.947084	1.570796	7.747025	1.689833	0.457834	2.131190	-3.757530	25.000000
9.170939	2.947084	1.570796	10.416333	1.715303	1.042024	2.131190	-2.659830	25.000000
9.170939	2.947084	1.570796	8.225570	2.502062	0.061148	2.131190	-2.099050	25.000000
9.170948	2.947079	1.570796	9.938813	2.616534	1.389147	2.131190	-1.001350	25.000000
9.170942	2.947082	1.570796	9.287761	2.892017	3.428874	2.131190	-0.440561	25.000000
9.170942	2.947082	1.570796	9.040962	2.964775	3.122727	2.131190	0.657139	25.000000
9.170939	2.947084	1.570796	9.198114	2.995403	2.138098	2.131190	1.217930	25.000000
9.170939	2.947084	1.570796	9.061049	3.025446	1.910617	2.131190	2.315630	25.000000
9.170939	2.947084	1.570796	9.233185	2.971537	1.697850	2.131190	2.876410	25.000000
9.170939	2.947084	1.570796	9.127990	2.973935	1.635836	2.131190	3.974110	25.000000
9.170939	2.947084	1.570796	9.252182	2.959969	1.608503	2.131190	4.534900	25.000000
9.170939	2.947084	1.570796	9.255676	2.957925	1.593278	2.131190	5.632600	25.000000
9.171016	2.947041	1.570796	9.198726	2.933353	1.613402	2.960430	-13.708500	25.000000
9.170823	2.947148	1.570796	9.209484	2.927895	1.627147	2.960430	-12.610700	25.000000
9.171016	2.947041	1.570796	9.190071	2.889676	1.759630	2.960430	-12.050000	25.000000
9.171016	2.947041	1.570796	9.246648	2.910103	1.674686	2.960430	-10.952300	25.000000
9.171016	2.947041	1.570796	9.439513	2.771383	1.831399	2.960430	-10.391500	25.000000
9.170939	2.947084	1.570796	9.027602	2.766516	2.131960	2.960430	-9.293780	25.000000
9.170939	2.947084	1.570796	9.415073	2.722427	1.990081	2.960430	-8.732990	25.000000
9.170939	2.947084	1.570796	8.886647	2.618881	2.268421	2.960430	-7.635290	25.000000
9.170958	2.947073	1.570796	9.253108	2.380497	5.330817	2.960430	-7.074510	25.000000
9.170958	2.947073	1.570796	8.973433	2.624444	0.697624	2.960430	-5.976810	25.000000
9.170939	2.947084	1.570796	8.795931	1.870871	0.026184	2.960430	-5.416020	25.000000
9.170939	2.947084	1.570796	9.578016	1.878401	0.078956	2.960430	-4.318320	25.000000
9.170939	2.947084	1.570796	10.259630	2.125081	1.081513	2.960430	-3.757530	25.000000
9.170939	2.947084	1.570796	7.894935	2.785625	0.333244	2.960430	-2.659830	25.000000
9.170939	2.947084	1.570796	9.157184	2.861371	2.980988	2.960430	-2.099050	25.000000
9.170948	2.947079	1.570796	9.235471	2.871236	3.288478	2.960430	-1.001350	25.000000
9.170942	2.947082	1.570796	9.271278	2.949077	2.977371	2.960430	-0.440561	25.000000
9.170942	2.947082	1.570796	9.084250	3.005294	2.436481	2.960430	0.657139	25.000000
9.170939	2.947084	1.570796	9.191393	3.000456	1.797015	2.960430	1.217930	25.000000
9.170939	2.947084	1.570796	9.127787	2.974066	1.857219	2.960430	2.315630	25.000000
9.170939	2.947084	1.570796	9.148606	2.961106	1.623187	2.960430	2.876410	25.000000
9.170939	2.947084	1.570796	9.140569	2.965990	1.663611	2.960430	3.974110	25.000000
9.171016	2.947041	1.570796	9.188416	2.938732	1.606997	3.789670	-13.708500	25.000000
9.170823	2.947148	1.570796	9.196730	2.934383	1.617324	3.789670	-12.610700	25.000000
9.171016	2.947041	1.570796	9.216547	2.924392	1.649422	3.789670	-12.050000	25.000000
9.171016	2.947041	1.570796	9.137679	2.913013	1.711805	3.789670	-10.952300	25.000000
9.171016	2.947041	1.570796	9.212323	2.841274	1.849600	3.789670	-10.391500	25.000000
9.170939	2.947084	1.570796	9.074139	2.895161	1.892547	3.789670	-9.293780	25.000000
9.170939	2.947084	1.570796	9.357115	2.639004	2.252467	3.789670	-8.732990	25.000000
9.170939	2.947084	1.570796	8.917629	2.799201	2.211625	3.789670	-7.635290	25.000000
9.170958	2.947073	1.570796	9.036946	2.682197	2.675713	3.789670	-7.074510	25.000000
9.170958	2.947073	1.570796	9.333467	2.873478	1.733285	3.789670	-5.976810	25.000000
9.170939	2.947084	1.570796	9.064932	2.899231	0.889595	3.789670	-5.416020	25.000000
9.170939	2.947084	1.570796	9.291211	2.890564	0.834439	3.789670	-4.318320	25.000000
9.170939	2.947084	1.570796	8.688182	2.998997	3.296089	3.789670	-3.757530	25.000000
9.170939	2.947084	1.570796	9.636789	2.721785	2.397612	3.789670	-2.659830	25.000000
9.170939	2.947084	1.570796	9.145108	2.963214	2.886151	3.789670	-2.099050	25.000000
9.170948	2.947079	1.570796	9.180142	2.816740	2.938842	3.789670	-1.001350	25.000000
9.170942	2.947082	1.570796	9.172688	3.015618	2.108240	3.789670	-0.440561	25.000000
9.170942	2.947082	1.570796	9.148749	2.961021	2.121654	3.789670	0.657139	25.000000
9.170939	2.947084	1.570796	9.129511	2.972953	1.776511	3.789670	1.217930	25.000000
9.170939	2.947084	1.570796	9.135838	2.968933	1.681242	3.789670	2.315630	25.000000
9.170939	2.947084	1.570796	9.156130	2.956657	1.636772	3.789670	2.876410	25.000000
9.170939	2.947084	1.570796	9.150260	2.960118	1.612590	3.789670	3.974110	25.000000
9.171016	2.947041	1.570796	9.090344	2.936592	1.594035	4.618920	-13.708500	25.000000
9.170823	2.947148	1.570796	9.186486	2.939756	1.612620	4.618920	-12.610700	25.000000
9.171016	2.947041	1.570796	9.210726	2.927275	1.666401	4.618920	-12.050000	25.000000
9.171016	2.947041	1.570796	9.195042	2.935258	1.634540	4.618920	-10.952300	25.000000
9.171016	2.947041	1.570796	9.165533	2.900297	1.805809	4.618920	-10.391500	25.000000
9.170939	2.947084	1.570796	9.126883	2.918154	1.719686	4.618920	-9.293780	25.000000
9.170939	2.947084	1.570796	9.139502	2.868174	2.116080	4.618920	-8.732990	25.000000
9.170939	2.947084	1.570796	9.257775	2.862675	1.890065	4.618920	-7.635290	25.000000
9.170958	2.947073	1.570796	9.242186	2.766615	2.410534	4.618920	-7.074510	25.000000
9.170958	2.947073	1.570796	9.151251	2.826248	2.226277	4.618920	-5.976810	25.000000
9.170939	2.947084	1.570796	9.259352	2.792229	2.590351	4.618920	-5.416020	25.000000
9.170939	2.947084	1.570796	9.178393	2.784689	2.571754	4.618920	-4.318320	25.000000
9.170939	2.947084	1.570796	9.137795	2.830794	2.625110	4.618920	-3.757530	25.000000
9.170939	2.947084	1.570796	9.220591	2.922413	2.602029	4.618920	-2.659830	25.000000
9.170939	2.947084	1.570796	9.249459	2.961579	2.074962	4.618920	-2.099050	25.000000
9.170948	2.947079	1.570796	9.148683	2.961060	2.407873	4.618920	-1.001350	25.000000
9.170942	2.947082	1.570796	9.222527	2.978405	1.765574	4.618920	-0.440561	25.000000
9.170942	2.947082	1.570796	9.239075	2.967864	1.902448	4.618920	0.657139	25.000000
9.170939	2.947084	1.570796	9.154608	2.957547	1.650864	4.618920	1.217930	25.000000
9.170939	2.947084	1.570796	9.141408	2.965473	1.691589	4.618920	2.315630	25.000000
9.170939	2.947084	1.570796	9.161359	2.953630	1.617546	4.618920	2.876410	25.000000
9.170939	2.947084	1.570796	9.155635	2.956946	1.604712	4.618920	3.974110	25.000000
9.171016	2.947041	1.570796	9.086359	2.938712	1.600842	5.448160	-13.708500	25.000000
9.171016	2.947041	1.570796	9.196853	2.934319	1.623657	5.448160	-12.050000	25.000000
9.171016	2.947041	1.570796	9.184801	2.940654	1.629744	5.448160	-10.952300	25.000000
9.171016	2.947041	1.570796	9.215084	2.925113	1.667951	5.448160	-10.391500	25.000000
9.170939	2.947084	1.570796	9.100827	2.931124	1.720727	5.448160	-9.293780	25.000000
9.170939	2.947084	1.570796	9.137335	2.913174	1.765348	5.448160	-8.732990	25.000000
9.170939	2.947084	1.570796	9.129387	2.916950	1.875441	5.448160	-7.635290	25.000000
9.170958	2.947073	1.570796	9.135152	2.914205	1.954008	5.448160	-7.074510	25.000000
9.170958	2.947073	1.570796	9.177696	2.894969	2.038436	5.448160	-5.976810	25.000000
9.170939	2.947084	1.570796	9.238858	2.913708	2.120254	5.448160	-5.416020	25.000000
9.170939	2.947084	1.570796	9.133767	2.914861	2.130428	5.448160	-4.318320	25.000000
9.170939	2.947084	1.570796	9.204613	2.930348	2.085444	5.448160	-3.757530	25.000000
9.170939	2.947084	1.570796	9.152557	2.958755	2.058633	5.448160	-2.659830	25.000000
9.170939	2.947084	1.570796	9.139130	2.966879	1.818828	5.448160	-2.099050	25.000000
9.170948	2.947079	1.570796	9.157314	2.955967	1.933722	5.448160	-1.001350	25.000000
9.170942	2.947082	1.570796	9.139669	2.966546	1.736152	5.448160	-0.440561	25.000000
9.170942	2.947082	1.570796	9.256392	2.957509	1.701008	5.448160	0.657139	25.000000
9.170939	2.947084	1.570796	9.161757	2.953402	1.639111	5.448160	1.217930	25.000000
9.170939	2.947084	1.570796	9.152399	2.958848	1.633365	5.448160	2.315630	25.000000
9.171016	2.947041	1.570796	9.184578	2.940774	1.618302	6.277400	-10.952300	25.000000
9.171016	2.947041	1.570796	9.185577	2.940240	1.658549	6.277400	-10.391500	25.000000
9.170939	2.947084	1.570796	9.195150	2.935202	1.638777	6.277400	-9.293780	25.000000
9.170939	2.947084	1.570796	9.193333	2.936148	1.735770	6.277400	-8.732990	25.000000
9.170939	2.947084	1.570796	9.201145	2.932112	1.689187	6.277400	-7.635290	25.000000
9.170958	2.947073	1.570796	9.207502	2.928889	1.783327	6.277400	-7.074510	25.000000
9.170958	2.947073	1.570796	9.092359	2.935529	1.804041	6.277400	-5.976810	25.000000
9.170939	2.947084	1.570796	9.183028	2.941604	1.837048	6.277400	-5.416020	25.000000
9.170939	2.947084	1.570796	9.187410	2.939265	1.839424	6.277400	-4.318320	25.000000
9.170939	2.947084	1.570796	9.175821	2.945517	1.802207	6.277400	-3.757530	25.000000
9.170939	2.947084	1.570796	9.157838	2.955662	1.821506	6.277400	-2.659830	25.000000
9.170939	2.947084	1.570796	9.160037	2.954391	1.702573	6.277400	-2.099050	25.000000
9.170948	2.947079	1.570796	9.155149	2.957231	1.754753	6.277400	-1.001350	25.000000
9.170942	2.947082	1.570796	9.156205	2.956613	1.640327	6.277400	-0.440561	25.000000
9.170942	2.947082	1.570796	9.160859	2.953918	1.674540	6.277400	0.657139	25.000000
9.170939	2.947084	1.570796	9.261570	2.954530	1.623654	6.277400	1.217930	25.000000
9.170939	2.947084	1.570796	9.182802	2.941726	1.629520	7.106650	-9.293780	25.000000
9.170939	2.947084	1.570796	9.181757	2.942288	1.663897	7.106650	-8.732990	25.000000
9.170939	2.947084	1.570796	9.187126	2.939415	1.642953	7.106650	-7.635290	25.000000
9.170958	2.947073	1.570796	9.184400	2.940869	1.681333	7.106650	-7.074510	25.000000
9.170958	2.947073	1.570796	9.181067	2.942661	1.696792	7.106650	-5.976810	25.000000
9.170939	2.947084	1.570796	9.079534	2.942399	1.707026	7.106650	-5.416020	25.000000
9.170939	2.947084	1.570796	9.175644	2.945614	1.707786	7.106650	-4.318320	25.000000
9.170939	2.947084	1.570796	9.169443	2.949051	1.699958	7.106650	-3.757530	25.000000
9.170939	2.947084	1.570796	9.165108	2.951492	1.687703	7.106650	-2.659830	25.000000
9.170939	2.947084	1.570796	9.161932	2.953302	1.646674	7.106650	-2.099050	25.000000
9.170948	2.947079	1.570796	9.164515	2.951828	1.671041	7.106650	-1.001350	25.000000
9.170942	2.947082	1.570796	9.163506	2.952402	1.632926	7.106650	-0.440561	25.000000
9.170939	2.947084	1.570796	9.180673	2.942874	1.622132	7.935890	-8.732990	25.000000
9.170958	2.947073	1.570796	9.176963	2.944892	1.633285	7.935890	-7.074510	25.000000
9.170958	2.947073	1.570796	9.177186	2.944770	1.642739	7.935890	-5.976810	25.000000
9.170939	2.947084	1.570796	9.175298	2.945804	1.645377	7.935890	-5.416020	25.000000
9.170939	2.947084	1.570796	9.173378	2.946862	1.646358	7.935890	-4.318320	25.000000
9.170939	2.947084	1.570796	9.169468	2.949036	1.644378	7.935890	-3.757530	25.000000
9.170939	2.947084	1.570796	9.169244	2.949161	1.634709	7.935890	-2.659830	25.000000
9.170939	2.947084	1.570796	9.168992	2.949303	1.621610	7.935890	-2.099050	25.000000
9.170948	2.947079	1.570796	9.167119	2.950355	1.623621	7.935890	-1.001350	25.000000
