9.170686	2.155790	1.687202	9.133241	2.150111	1.676974	-11.727700	-36.884300	25.000000
9.170686	2.155790	1.687202	9.133241	2.150111	1.676974	-11.727700	-33.567400	25.000000
9.170686	2.155790	1.687202	9.107629	2.165146	1.681015	-11.727700	-31.348100	25.000000
9.170686	2.155790	1.687202	9.186626	2.159345	1.674372	-10.898400	-41.299000	25.000000
9.170686	2.155790	1.687202	9.131489	2.150237	1.674372	-10.898400	-40.201300	25.000000
9.170686	2.155790	1.687202	9.129781	2.150359	1.671768	-10.898400	-39.640500	25.000000
9.170686	2.155790	1.687202	9.184928	2.159469	1.671768	-10.898400	-38.542800	25.000000
9.170686	2.155790	1.687202	9.101516	2.165600	1.671785	-10.898400	-37.982000	25.000000
9.170686	2.155790	1.687202	9.184095	2.159529	1.670465	-10.898400	-36.884300	25.000000
9.170686	2.155790	1.687202	9.183273	2.159589	1.669162	-10.898400	-36.323600	25.000000
9.170686	2.155790	1.687202	9.183273	2.159589	1.669162	-10.898400	-35.225900	25.000000
9.170686	2.155790	1.687202	9.184095	2.159529	1.670465	-10.898400	-34.665100	25.000000
9.170686	2.155790	1.687202	9.183273	2.159589	1.669162	-10.898400	-33.567400	25.000000
9.170686	2.155790	1.687202	9.184928	2.159469	1.671768	-10.898400	-33.006600	25.000000
9.170686	2.155790	1.687202	9.184928	2.159469	1.671768	-10.898400	-31.908900	25.000000
9.170686	2.155790	1.687202	9.186626	2.159345	1.674372	-10.898400	-31.348100	25.000000
9.170686	2.155790	1.687202	9.186626	2.159345	1.674372	-10.898400	-30.250400	25.000000
9.170686	2.155790	1.687202	9.104944	2.165345	1.677061	-10.898400	-29.689600	25.000000
9.170686	2.155790	1.687202	9.107629	2.165146	1.681015	-10.898400	-25.274900	25.000000
9.170686	2.155790	1.687202	9.187491	2.159283	1.675673	-10.069200	-44.616000	25.000000
9.170686	2.155790	1.687202	9.131489	2.150237	1.674372	-10.069200	-43.518300	25.000000
9.170686	2.155790	1.687202	9.128116	2.150479	1.669162	-10.069200	-42.957500	25.000000
9.170686	2.155790	1.687202	9.130630	2.150298	1.673070	-10.069200	-41.859800	25.000000
9.170686	2.155790	1.687202	9.124916	2.150708	1.663947	-10.069200	-41.299000	25.000000
9.170686	2.155790	1.687202	9.126494	2.150595	1.666555	-10.069200	-40.201300	25.000000
9.170686	2.155790	1.687202	9.177086	2.160040	1.658727	-10.069200	-39.640500	25.000000
9.170686	2.155790	1.687202	9.123382	2.150818	1.661338	-10.069200	-38.542800	25.000000
9.170686	2.155790	1.687202	9.175647	2.160144	1.656115	-10.069200	-37.982000	25.000000
9.170686	2.155790	1.687202	9.175647	2.160144	1.656115	-10.069200	-36.884300	25.000000
9.170686	2.155790	1.687202	9.174944	2.160196	1.654809	-10.069200	-36.323600	25.000000
9.170686	2.155790	1.687202	9.174944	2.160196	1.654809	-10.069200	-35.225900	25.000000
9.170686	2.155790	1.687202	9.174944	2.160196	1.654809	-10.069200	-34.665100	25.000000
9.170686	2.155790	1.687202	9.093712	2.166181	1.658570	-10.069200	-33.567400	25.000000
9.170686	2.155790	1.687202	9.178567	2.159932	1.661338	-10.069200	-33.006600	25.000000
9.170686	2.155790	1.687202	9.177086	2.160040	1.658727	-10.069200	-31.908900	25.000000
9.170686	2.155790	1.687202	9.099060	2.165783	1.667824	-10.069200	-31.348100	25.000000
9.170686	2.155790	1.687202	9.153912	2.174947	1.665182	-10.069200	-30.250400	25.000000
9.170686	2.155790	1.687202	9.185772	2.159408	1.673070	-10.069200	-29.689600	25.000000
9.170686	2.155790	1.687202	9.100687	2.165662	1.670465	-10.069200	-28.591900	25.000000
9.170686	2.155790	1.687202	9.187491	2.159283	1.675673	-10.069200	-28.031100	25.000000
9.170686	2.155790	1.687202	9.104944	2.165345	1.677061	-10.069200	-26.933400	25.000000
9.170686	2.155790	1.687202	9.105828	2.165280	1.678379	-10.069200	-26.372600	25.000000
9.170695	2.155789	1.687215	9.213192	2.144445	1.670465	-9.239960	-46.274500	25.000000
9.170695	2.155789	1.687215	9.132360	2.150174	1.675673	-9.239960	-45.176800	25.000000
9.170695	2.155789	1.687215	9.209148	2.144729	1.664032	-9.239960	-44.616000	25.000000
9.170695	2.155789	1.687215	9.127300	2.150537	1.667859	-9.239960	-43.518300	25.000000
9.170695	2.155789	1.687215	9.123382	2.150818	1.661338	-9.239960	-42.957500	25.000000
9.170695	2.155789	1.687215	9.203239	2.145144	1.653723	-9.239960	-41.859800	25.000000
9.170695	2.155789	1.687215	9.252162	2.154625	1.642104	-9.239960	-41.299000	25.000000
9.170695	2.155789	1.687215	9.172241	2.160393	1.649580	-9.239960	-40.201300	25.000000
9.170695	2.155789	1.687215	9.164148	2.160984	1.631249	-9.239960	-39.640500	25.000000
9.170695	2.155789	1.687215	9.194564	2.145754	1.635640	-9.239960	-38.542800	25.000000
9.170695	2.155789	1.687215	9.106487	2.152034	1.624691	-9.239960	-37.982000	25.000000
9.170695	2.155789	1.687215	9.161774	2.161157	1.624691	-9.239960	-36.884300	25.000000
9.170695	2.155789	1.687215	9.160901	2.161221	1.622067	-9.239960	-36.323600	25.000000
9.170695	2.155789	1.687215	9.161332	2.161189	1.623379	-9.239960	-35.225900	25.000000
9.170695	2.155789	1.687215	9.079917	2.167210	1.628067	-9.239960	-34.665100	25.000000
9.170695	2.155789	1.687215	9.219197	2.170067	1.628627	-9.239960	-33.567400	25.000000
9.170695	2.155789	1.687215	9.225102	2.169630	1.643039	-9.239960	-33.006600	25.000000
9.170695	2.155789	1.687215	9.221719	2.169880	1.635181	-9.239960	-31.908900	25.000000
9.170695	2.155789	1.687215	9.230217	2.169252	1.653502	-9.239960	-31.348100	25.000000
9.170695	2.155789	1.687215	9.144747	2.175639	1.647976	-9.239960	-30.250400	25.000000
9.170695	2.155789	1.687215	9.150896	2.175174	1.659893	-9.239960	-29.689600	25.000000
9.170695	2.155789	1.687215	9.096703	2.165958	1.663860	-9.239960	-28.591900	25.000000
9.170695	2.155789	1.687215	9.156287	2.174768	1.669145	-9.239960	-28.031100	25.000000
9.170695	2.155789	1.687215	9.100687	2.165662	1.670465	-9.239960	-26.933400	25.000000
9.170695	2.155789	1.687215	9.187491	2.159283	1.675673	-9.239960	-26.372600	25.000000
9.170695	2.155789	1.687215	9.104071	2.165410	1.675743	-9.239960	-25.274900	25.000000
9.170695	2.155789	1.687215	9.164000	2.174187	1.681015	-9.239960	-23.616400	25.000000
9.170695	2.155789	1.687215	9.215747	2.144266	1.674321	-8.410710	-47.933000	25.000000
9.170695	2.155789	1.687215	9.213192	2.144445	1.670465	-8.410710	-46.835300	25.000000
9.170695	2.155789	1.687215	9.128116	2.150479	1.669162	-8.410710	-46.274500	25.000000
9.170695	2.155789	1.687215	9.124144	2.150764	1.662642	-8.410710	-45.176800	25.000000
9.170695	2.155789	1.687215	9.119737	2.151080	1.654809	-8.410710	-44.616000	25.000000
9.170695	2.155789	1.687215	9.147245	2.136110	1.649852	-8.410710	-43.518300	25.000000
9.170695	2.155789	1.687215	9.141121	2.136535	1.636933	-8.410710	-42.957500	25.000000
9.170695	2.155789	1.687215	9.190109	2.146069	1.623993	-8.410710	-41.859800	25.000000
9.170695	2.155789	1.687215	9.214033	2.131518	1.598994	-8.410710	-41.299000	25.000000
9.170695	2.155789	1.687215	9.047011	2.143154	1.607622	-8.410710	-40.201300	25.000000
9.170695	2.155789	1.687215	9.097328	2.152696	1.575665	-8.410710	-39.640500	25.000000
9.170695	2.155789	1.687215	9.265030	2.140834	1.567207	-8.410710	-38.542800	25.000000
9.170695	2.155789	1.687215	9.237002	2.155710	1.551448	-8.410710	-37.982000	25.000000
9.170695	2.155789	1.687215	9.155239	2.161635	1.541857	-8.410710	-36.884300	25.000000
9.170695	2.155789	1.687215	9.185709	2.185827	1.545069	-8.410710	-36.323600	25.000000
9.170695	2.155789	1.687215	9.072852	2.167739	1.539074	-8.410710	-35.225900	25.000000
9.170695	2.155789	1.687215	9.241754	2.194819	1.570396	-8.410710	-34.665100	25.000000
9.170695	2.155789	1.687215	9.103321	2.192235	1.551474	-8.410710	-33.567400	25.000000
9.170695	2.155789	1.687215	9.325066	2.188401	1.596054	-8.410710	-33.006600	25.000000
9.170695	2.155789	1.687215	9.161666	2.201128	1.587957	-8.410710	-31.908900	25.000000
9.170695	2.155789	1.687215	9.166373	2.200753	1.614013	-8.410710	-31.348100	25.000000
9.170695	2.155789	1.687215	9.194216	2.185173	1.629396	-8.410710	-30.250400	25.000000
9.170695	2.155789	1.687215	9.117039	2.191158	1.640951	-8.410710	-29.689600	25.000000
9.170695	2.155789	1.687215	9.284934	2.178297	1.649580	-8.410710	-28.591900	25.000000
9.170695	2.155789	1.687215	9.149454	2.175283	1.657247	-8.410710	-28.031100	25.000000
9.170695	2.155789	1.687215	9.072161	2.181180	1.666449	-8.410710	-26.933400	25.000000
9.170695	2.155789	1.687215	9.101516	2.165600	1.671785	-8.410710	-26.372600	25.000000
9.170695	2.155789	1.687215	9.157926	2.174644	1.671785	-8.410710	-25.274900	25.000000
9.170695	2.155789	1.687215	9.104944	2.165345	1.677061	-8.410710	-24.714100	25.000000
9.170695	2.155789	1.687215	9.162210	2.174322	1.678379	-8.410710	-23.616400	25.000000
9.170695	2.155789	1.687215	9.108545	2.165078	1.682332	-8.410710	-21.958000	25.000000
9.170695	2.155789	1.687215	9.219306	2.144016	1.679458	-7.581470	-51.249900	25.000000
9.170695	2.155789	1.687215	9.133241	2.150111	1.676974	-7.581470	-49.591400	25.000000
9.170695	2.155789	1.687215	9.214033	2.144386	1.671751	-7.581470	-48.493700	25.000000
9.170695	2.155789	1.687215	9.208371	2.144783	1.662744	-7.581470	-47.933000	25.000000
9.170695	2.155789	1.687215	9.212361	2.144503	1.669179	-7.581470	-46.835300	25.000000
9.170695	2.155789	1.687215	9.234311	2.130140	1.653938	-7.581470	-46.274500	25.000000
9.170695	2.155789	1.687215	9.145934	2.136201	1.647270	-7.581470	-45.176800	25.000000
9.170695	2.155789	1.687215	9.139497	2.136648	1.633053	-7.581470	-44.616000	25.000000
9.170695	2.155789	1.687215	9.164546	2.122052	1.613079	-7.581470	-43.518300	25.000000
9.170695	2.155789	1.687215	9.159847	2.122368	1.590153	-7.581470	-42.957500	25.000000
9.170695	2.155789	1.687215	9.244458	2.116746	1.558139	-7.581470	-41.859800	25.000000
9.170695	2.155789	1.687215	9.146174	2.110493	1.462250	-7.581470	-41.299000	25.000000
9.170695	2.155789	1.687215	9.113314	2.112655	1.525955	-7.581470	-40.201300	25.000000
9.170695	2.155789	1.687215	9.009578	2.119600	1.420620	-7.581470	-39.640500	25.000000
9.170695	2.155789	1.687215	9.334045	2.098480	1.368537	-7.581470	-38.542800	25.000000
9.170695	2.155789	1.687215	9.142478	2.162572	1.294488	-7.581470	-37.982000	25.000000
9.170695	2.155789	1.687215	9.096681	2.126646	1.327701	-7.581470	-36.884300	25.000000
9.170695	2.155789	1.687215	9.262289	2.179998	1.290688	-7.581470	-36.323600	25.000000
9.170695	2.155789	1.687215	9.046900	2.210415	1.303094	-7.581470	-35.225900	25.000000
9.170695	2.155789	1.687215	9.002244	2.256445	1.350882	-7.581470	-34.665100	25.000000
9.170695	2.155789	1.687215	9.374567	2.224371	1.374718	-7.581470	-33.567400	25.000000
9.170695	2.155789	1.687215	9.039491	2.267417	1.472563	-7.581470	-33.006600	25.000000
9.170695	2.155789	1.687215	9.288924	2.231451	1.473841	-7.581470	-31.908900	25.000000
9.170695	2.155789	1.687215	9.264362	2.233513	1.540668	-7.581470	-31.348100	25.000000
9.170695	2.155789	1.687215	9.121909	2.231796	1.584129	-7.581470	-30.250400	25.000000
9.170695	2.155789	1.687215	9.090374	2.206862	1.629632	-7.581470	-29.689600	25.000000
9.170695	2.155789	1.687215	9.223475	2.209686	1.604567	-7.581470	-28.591900	25.000000
9.170695	2.155789	1.687215	9.123289	2.190668	1.654385	-7.581470	-28.031100	25.000000
9.170695	2.155789	1.687215	9.176105	2.199980	1.642296	-7.581470	-26.933400	25.000000
9.170695	2.155789	1.687215	9.213447	2.183701	1.669145	-7.581470	-26.372600	25.000000
9.170695	2.155789	1.687215	9.208822	2.184055	1.661216	-7.581470	-25.274900	25.000000
9.170695	2.155789	1.687215	9.159607	2.174518	1.674424	-7.581470	-24.714100	25.000000
9.170695	2.155789	1.687215	9.185772	2.159408	1.673070	-7.581470	-23.616400	25.000000
9.170695	2.155789	1.687215	9.246021	2.168087	1.679576	-7.581470	-23.055700	25.000000
9.170695	2.155789	1.687215	9.163100	2.174255	1.679697	-7.581470	-21.958000	25.000000
9.170695	2.155789	1.687215	9.221150	2.143887	1.682024	-6.752230	-53.469200	25.000000
9.170695	2.155789	1.687215	9.078882	2.140894	1.676974	-6.752230	-50.152200	25.000000
9.170695	2.155789	1.687215	9.157647	2.135389	1.667893	-6.752230	-49.591400	25.000000
9.170695	2.155789	1.687215	9.130630	2.150298	1.673070	-6.752230	-48.493700	25.000000
9.170695	2.155789	1.687215	9.231582	2.130325	1.648843	-6.752230	-47.933000	25.000000
9.170695	2.155789	1.687215	9.152928	2.135716	1.660168	-6.752230	-46.835300	25.000000
9.170695	2.155789	1.687215	9.087910	2.127245	1.636933	-6.752230	-46.274500	25.000000
9.170695	2.155789	1.687215	9.250541	2.116347	1.615071	-6.752230	-45.176800	25.000000
9.170695	2.155789	1.687215	9.006230	2.093996	1.551709	-6.752230	-44.616000	25.000000
9.170695	2.155789	1.687215	9.402245	2.082020	1.576540	-6.752230	-43.518300	25.000000
9.170695	2.155789	1.687215	8.664762	2.076842	1.426473	-6.752230	-42.957500	25.000000
9.170695	2.155789	1.687215	9.683847	2.007975	1.441634	-6.752230	-41.859800	25.000000
9.170695	2.155789	1.687215	8.975054	2.020321	1.261565	-6.752230	-41.299000	25.000000
9.170695	2.155789	1.687215	9.348374	1.989403	1.287190	-6.752230	-40.201300	25.000000
9.170695	2.155789	1.687215	8.282657	2.188941	1.449014	-6.752230	-39.640500	25.000000
9.170695	2.155789	1.687215	10.084820	2.101002	1.563900	-6.752230	-38.542800	25.000000
9.170695	2.155789	1.687215	8.769835	2.136403	1.858372	-6.752230	-37.982000	25.000000
9.170695	2.155789	1.687215	9.511051	2.112026	1.819940	-6.752230	-36.884300	25.000000
9.170695	2.155789	1.687215	8.051714	2.163840	1.722649	-6.752230	-36.323600	25.000000
9.170695	2.155789	1.687215	10.124228	2.064749	1.626917	-6.752230	-35.225900	25.000000
9.170695	2.155789	1.687215	9.956726	2.242978	1.116333	-6.752230	-34.665100	25.000000
9.170695	2.155789	1.687215	8.329016	2.229785	1.333184	-6.752230	-33.567400	25.000000
9.170695	2.155789	1.687215	9.466784	2.298939	1.100820	-6.752230	-33.006600	25.000000
9.170695	2.155789	1.687215	8.873556	2.376393	1.187269	-6.752230	-31.908900	25.000000
9.170695	2.155789	1.687215	9.093674	2.351509	1.347594	-6.752230	-31.348100	25.000000
9.170695	2.155789	1.687215	9.161878	2.299365	1.468216	-6.752230	-30.250400	25.000000
9.170695	2.155789	1.687215	9.261847	2.233725	1.576632	-6.752230	-29.689600	25.000000
9.170695	2.155789	1.687215	9.079622	2.278126	1.550538	-6.752230	-28.591900	25.000000
9.170695	2.155789	1.687215	9.286313	2.218100	1.616710	-6.752230	-28.031100	25.000000
9.170695	2.155789	1.687215	9.093954	2.206571	1.639183	-6.752230	-26.933400	25.000000
9.170695	2.155789	1.687215	9.128313	2.190275	1.663771	-6.752230	-26.372600	25.000000
9.170695	2.155789	1.687215	9.179766	2.199690	1.650358	-6.752230	-25.274900	25.000000
9.170695	2.155789	1.687215	9.214255	2.183640	1.670465	-6.752230	-24.714100	25.000000
9.170695	2.155789	1.687215	9.215075	2.183577	1.671785	-6.752230	-23.616400	25.000000
9.170695	2.155789	1.687215	9.106723	2.165213	1.679697	-6.752230	-23.055700	25.000000
9.170695	2.155789	1.687215	9.160464	2.174453	1.675743	-6.752230	-21.958000	25.000000
9.170695	2.155789	1.687215	9.108545	2.165078	1.682332	-6.752230	-20.299500	25.000000
9.170695	2.155789	1.687215	9.248762	2.167885	1.683475	-6.752230	-18.641000	25.000000
9.170695	2.155789	1.687215	9.218400	2.144080	1.678174	-5.922980	-52.908400	25.000000
9.170695	2.155789	1.687215	9.220222	2.143952	1.680741	-5.922980	-51.810700	25.000000
9.170695	2.155789	1.687215	9.215747	2.144266	1.674321	-5.922980	-51.249900	25.000000
9.170695	2.155789	1.687215	9.214033	2.144386	1.671751	-5.922980	-50.152200	25.000000
9.170695	2.155789	1.687215	9.099033	2.126485	1.658880	-5.922980	-49.591400	25.000000
9.170695	2.155789	1.687215	9.241082	2.129681	1.665385	-5.922980	-48.493700	25.000000
9.170695	2.155789	1.687215	9.231582	2.130325	1.648843	-5.922980	-47.933000	25.000000
9.170695	2.155789	1.687215	9.117703	2.112365	1.628425	-5.922980	-46.835300	25.000000
9.170695	2.155789	1.687215	9.058539	2.103435	1.601428	-5.922980	-46.274500	25.000000
9.170695	2.155789	1.687215	9.306069	2.063273	1.564211	-5.922980	-45.176800	25.000000
9.170695	2.155789	1.687215	9.663959	1.941392	1.415868	-5.922980	-44.616000	25.000000
9.170695	2.155789	1.687215	8.533704	2.032298	1.467221	-5.922980	-43.518300	25.000000
9.170695	2.155789	1.687215	9.184906	1.985408	1.299849	-5.922980	-42.957500	25.000000
9.170695	2.155789	1.687215	9.222603	1.879267	1.272799	-5.922980	-41.859800	25.000000
9.170695	2.155789	1.687215	11.179808	2.258900	2.040658	-5.922980	-41.299000	25.000000
9.170695	2.155789	1.687215	6.614083	2.451335	1.644472	-5.922980	-40.201300	25.000000
9.170695	2.155789	1.687215	7.535250	2.099363	3.187714	-5.922980	-39.640500	25.000000
9.170695	2.155789	1.687215	10.427847	2.103953	2.364068	-5.922980	-38.542800	25.000000
9.170695	2.155789	1.687215	8.262143	1.841578	2.799583	-5.922980	-37.982000	25.000000
9.170695	2.155789	1.687215	9.885677	1.498913	2.911373	-5.922980	-36.884300	25.000000
9.170695	2.155789	1.687215	9.476096	1.403279	2.401618	-5.922980	-36.323600	25.000000
9.170695	2.155789	1.687215	8.876942	1.456771	2.632292	-5.922980	-35.225900	25.000000
9.170695	2.155789	1.687215	9.984067	1.871793	1.739393	-5.922980	-34.665100	25.000000
9.170695	2.155789	1.687215	8.215382	1.564710	2.121654	-5.922980	-33.567400	25.000000
9.170695	2.155789	1.687215	8.809404	2.335664	1.438245	-5.922980	-33.006600	25.000000
9.170695	2.155789	1.687215	9.555501	2.109232	1.541536	-5.922980	-31.908900	25.000000
9.170695	2.155789	1.687215	9.301075	2.439284	1.249046	-5.922980	-31.348100	25.000000
9.170695	2.155789	1.687215	9.076238	2.417663	1.247468	-5.922980	-30.250400	25.000000
9.170695	2.155789	1.687215	8.892446	2.407148	1.429374	-5.922980	-29.689600	25.000000
9.170695	2.155789	1.687215	9.436424	2.316138	1.471128	-5.922980	-28.591900	25.000000
9.170695	2.155789	1.687215	8.955159	2.260754	1.615404	-5.922980	-28.031100	25.000000
9.170695	2.155789	1.687215	9.449661	2.258732	1.581481	-5.922980	-26.933400	25.000000
9.170695	2.155789	1.687215	9.234739	2.208780	1.640951	-5.922980	-26.372600	25.000000
9.170695	2.155789	1.687215	9.080198	2.221459	1.653938	-5.922980	-25.274900	25.000000
9.170695	2.155789	1.687215	9.269757	2.192646	1.666503	-5.922980	-24.714100	25.000000
9.170695	2.155789	1.687215	9.131424	2.190032	1.669127	-5.922980	-23.616400	25.000000
9.170695	2.155789	1.687215	9.162210	2.174322	1.678379	-5.922980	-23.055700	25.000000
9.170695	2.155789	1.687215	9.216746	2.183450	1.674424	-5.922980	-21.958000	25.000000
9.170695	2.155789	1.687215	9.164000	2.174187	1.681015	-5.922980	-21.397200	25.000000
9.170695	2.155789	1.687215	9.222088	2.143822	1.683306	-5.093740	-55.127700	25.000000
9.170695	2.155789	1.687215	9.078882	2.140894	1.676974	-5.093740	-51.810700	25.000000
9.170695	2.155789	1.687215	9.160153	2.135216	1.671751	-5.093740	-51.249900	25.000000
9.170695	2.155789	1.687215	9.158471	2.135332	1.669179	-5.093740	-50.152200	25.000000
9.170695	2.155789	1.687215	9.268894	2.115145	1.656661	-5.093740	-49.591400	25.000000
9.170695	2.155789	1.687215	9.041687	2.117430	1.649852	-5.093740	-48.493700	25.000000
9.170695	2.155789	1.687215	8.959219	2.084165	1.604117	-5.093740	-47.933000	25.000000
9.170695	2.155789	1.687215	9.325428	2.086647	1.625064	-5.093740	-46.835300	25.000000
9.170695	2.155789	1.687215	9.577578	2.001645	1.547812	-5.093740	-46.274500	25.000000
9.170695	2.155789	1.687215	8.694573	1.960103	1.466180	-5.093740	-45.176800	25.000000
9.170695	2.155789	1.687215	9.640358	1.743852	1.246049	-5.093740	-44.616000	25.000000
9.170695	2.155789	1.687215	8.595115	1.822422	1.338055	-5.093740	-43.518300	25.000000
9.170695	2.155789	1.687215	10.407694	2.105096	1.683796	-5.093740	-42.957500	25.000000
9.170695	2.155789	1.687215	7.702753	2.227073	1.541297	-5.093740	-41.859800	25.000000
9.170695	2.155789	1.687215	9.159148	2.096972	2.490516	-5.093740	-41.299000	25.000000
9.170695	2.155789	1.687215	9.221714	2.250999	2.096863	-5.093740	-40.201300	25.000000
9.170695	2.155789	1.687215	10.521830	1.778525	2.634494	-5.093740	-39.640500	25.000000
9.170695	2.155789	1.687215	7.509354	1.907370	2.855541	-5.093740	-38.542800	25.000000
9.170695	2.155789	1.687215	8.541528	1.247943	3.134185	-5.093740	-37.982000	25.000000
9.170695	2.155789	1.687215	9.805228	1.506501	2.738311	-5.093740	-36.884300	25.000000
9.170695	2.155789	1.687215	9.029950	0.957139	2.708239	-5.093740	-36.323600	25.000000
9.170695	2.155789	1.687215	9.306987	1.138409	2.778667	-5.093740	-35.225900	25.000000
9.170695	2.155789	1.687215	9.702062	1.299496	2.024875	-5.093740	-34.665100	25.000000
9.170695	2.155789	1.687215	8.622065	1.088374	2.337678	-5.093740	-33.567400	25.000000
9.170695	2.155789	1.687215	9.080248	1.567492	1.861198	-5.093740	-33.006600	25.000000
9.170695	2.155789	1.687215	9.211775	1.893346	1.804115	-5.093740	-31.908900	25.000000
9.170695	2.155789	1.687215	6.486725	2.295472	1.723759	-5.093740	-31.348100	25.000000
9.170695	2.155789	1.687215	11.196790	2.074053	1.612609	-5.093740	-30.250400	25.000000
9.170695	2.155789	1.687215	9.435041	2.455475	1.264917	-5.093740	-29.689600	25.000000
9.170695	2.155789	1.687215	8.946083	2.525253	1.312685	-5.093740	-28.591900	25.000000
9.170695	2.155789	1.687215	8.839217	2.348184	1.577463	-5.093740	-28.031100	25.000000
9.170695	2.155789	1.687215	9.483886	2.325912	1.528792	-5.093740	-26.933400	25.000000
9.170695	2.155789	1.687215	9.099896	2.261877	1.629301	-5.093740	-26.372600	25.000000
9.170695	2.155789	1.687215	9.276901	2.232459	1.643272	-5.093740	-25.274900	25.000000
9.170695	2.155789	1.687215	9.104153	2.205745	1.660962	-5.093740	-24.714100	25.000000
9.170695	2.155789	1.687215	9.130630	2.190094	1.667788	-5.093740	-23.616400	25.000000
9.170695	2.155789	1.687215	9.219333	2.183252	1.678379	-5.093740	-23.055700	25.000000
9.170695	2.155789	1.687215	9.215905	2.183514	1.673105	-5.093740	-21.958000	25.000000
9.170695	2.155789	1.687215	9.165833	2.174049	1.683648	-5.093740	-21.397200	25.000000
9.170695	2.155789	1.687215	9.164000	2.174187	1.681015	-5.093740	-20.299500	25.000000
9.170695	2.155789	1.687215	9.165833	2.174049	1.683648	-5.093740	-18.641000	25.000000
9.170695	2.155789	1.687215	9.219306	2.144016	1.679458	-4.264500	-54.566900	25.000000
9.170695	2.155789	1.687215	9.217505	2.144142	1.676890	-4.264500	-52.908400	25.000000
9.170695	2.155789	1.687215	9.161878	2.135097	1.674321	-4.264500	-51.810700	25.000000
9.170695	2.155789	1.687215	9.242705	2.129571	1.667926	-4.264500	-51.249900	25.000000
9.170695	2.155789	1.687215	9.102906	2.126221	1.665319	-4.264500	-50.152200	25.000000
9.170695	2.155789	1.687215	9.072073	2.102556	1.641193	-4.264500	-49.591400	25.000000
9.170695	2.155789	1.687215	9.248357	2.091379	1.646899	-4.264500	-48.493700	25.000000
9.170695	2.155789	1.687215	9.039489	2.054011	1.604409	-4.264500	-47.933000	25.000000
9.170695	2.155789	1.687215	9.352082	2.000960	1.566326	-4.264500	-46.835300	25.000000
9.170695	2.155789	1.687215	7.911940	1.784763	1.386084	-4.264500	-46.274500	25.000000
9.170695	2.155789	1.687215	10.320562	1.767794	1.416044	-4.264500	-45.176800	25.000000
9.170695	2.155789	1.687215	9.823523	1.956970	1.575192	-4.264500	-44.616000	25.000000
9.170695	2.155789	1.687215	8.456217	1.821760	1.354246	-4.264500	-43.518300	25.000000
9.170695	2.155789	1.687215	10.960839	2.128403	2.508844	-4.264500	-42.957500	25.000000
9.170695	2.155789	1.687215	6.894926	2.361243	1.715609	-4.264500	-41.859800	25.000000
9.170695	2.155789	1.687215	7.038224	1.890199	3.375682	-4.264500	-41.299000	25.000000
9.170695	2.155789	1.687215	10.841683	1.837753	2.570830	-4.264500	-40.201300	25.000000
9.170695	2.155789	1.687215	9.196548	1.241954	2.987022	-4.264500	-39.640500	25.000000
9.170695	2.155789	1.687215	9.113298	1.527989	2.806991	-4.264500	-38.542800	25.000000
9.170695	2.155789	1.687215	8.716651	1.219443	2.672481	-4.264500	-37.982000	25.000000
9.170695	2.155789	1.687215	9.568176	1.127960	2.621012	-4.264500	-36.884300	25.000000
9.170695	2.155789	1.687215	8.975522	1.083839	2.553590	-4.264500	-36.323600	25.000000
9.170695	2.155789	1.687215	9.418068	0.893799	2.481744	-4.264500	-35.225900	25.000000
9.170695	2.155789	1.687215	9.973465	0.962444	2.039908	-4.264500	-34.665100	25.000000
9.170695	2.155789	1.687215	8.296385	0.908758	2.247924	-4.264500	-33.567400	25.000000
9.170695	2.155789	1.687215	7.884935	1.367754	1.861013	-4.264500	-33.006600	25.000000
9.170695	2.155789	1.687215	10.304703	1.285518	1.812832	-4.264500	-31.908900	25.000000
9.170695	2.155789	1.687215	7.528546	1.627943	1.811257	-4.264500	-31.348100	25.000000
9.170695	2.155789	1.687215	10.615800	1.783401	1.692522	-4.264500	-30.250400	25.000000
9.170695	2.155789	1.687215	11.069332	2.315220	1.384241	-4.264500	-29.689600	25.000000
9.170695	2.155789	1.687215	6.839912	2.434484	1.430809	-4.264500	-28.591900	25.000000
9.170695	2.155789	1.687215	8.862985	2.427905	1.544940	-4.264500	-28.031100	25.000000
9.170695	2.155789	1.687215	9.528510	2.476908	1.408445	-4.264500	-26.933400	25.000000
9.170695	2.155789	1.687215	8.937835	2.291768	1.634888	-4.264500	-26.372600	25.000000
9.170695	2.155789	1.687215	9.377761	2.265049	1.615212	-4.264500	-25.274900	25.000000
9.170695	2.155789	1.687215	9.302129	2.216816	1.657068	-4.264500	-24.714100	25.000000
9.170695	2.155789	1.687215	9.087354	2.220859	1.667714	-4.264500	-23.616400	25.000000
9.170695	2.155789	1.687215	9.053889	2.196150	1.675887	-4.264500	-23.055700	25.000000
9.170695	2.155789	1.687215	9.217597	2.183385	1.675743	-4.264500	-21.958000	25.000000
9.170695	2.155789	1.687215	9.164000	2.174187	1.681015	-4.264500	-21.397200	25.000000
9.170695	2.155789	1.687215	9.164911	2.174119	1.682332	-4.264500	-20.299500	25.000000
9.170695	2.155789	1.687215	9.249697	2.167816	1.684774	-4.264500	-19.738700	25.000000
9.170695	2.155789	1.687215	9.221150	2.143887	1.682024	-3.435250	-56.225400	25.000000
9.170695	2.155789	1.687215	9.220222	2.143952	1.680741	-3.435250	-54.566900	25.000000
9.170695	2.155789	1.687215	9.218400	2.144080	1.678174	-3.435250	-53.469200	25.000000
9.170695	2.155789	1.687215	9.217505	2.144142	1.676890	-3.435250	-52.908400	25.000000
9.170695	2.155789	1.687215	9.161010	2.135157	1.673036	-3.435250	-51.810700	25.000000
9.170695	2.155789	1.687215	9.048204	2.116992	1.661456	-3.435250	-51.249900	25.000000
9.170695	2.155789	1.687215	9.189260	2.120400	1.666655	-3.435250	-50.152200	25.000000
9.170695	2.155789	1.687215	9.005693	2.068576	1.627697	-3.435250	-49.591400	25.000000
9.170695	2.155789	1.687215	9.372198	2.071615	1.642624	-3.435250	-48.493700	25.000000
9.170695	2.155789	1.687215	8.546961	1.892203	1.522932	-3.435250	-47.933000	25.000000
9.170695	2.155789	1.687215	9.731362	1.960824	1.581574	-3.435250	-46.835300	25.000000
9.170695	2.155789	1.687215	8.955585	1.669218	1.411919	-3.435250	-46.274500	25.000000
9.170695	2.155789	1.687215	9.295031	1.646177	1.379749	-3.435250	-45.176800	25.000000
9.170695	2.155789	1.687215	8.147546	2.628902	2.329652	-3.435250	-44.616000	25.000000
9.170695	2.155789	1.687215	10.092552	2.077739	1.643396	-3.435250	-43.518300	25.000000
9.170695	2.155789	1.687215	5.685103	2.576076	4.844073	-3.435250	-42.957500	25.000000
9.170695	2.155789	1.687215	11.365456	2.016542	3.038043	-3.435250	-41.859800	25.000000
9.170695	2.155789	1.687215	11.222286	1.200620	3.899276	-3.435250	-41.299000	25.000000
9.170695	2.155789	1.687215	5.094664	2.239866	2.124091	-3.435250	-40.201300	25.000000
9.170695	2.155789	1.687215	11.005912	0.673893	3.363262	-3.435250	-39.640500	25.000000
9.170695	2.155789	1.687215	6.917398	0.971822	3.805399	-3.435250	-38.542800	25.000000
9.170695	2.155789	1.687215	9.130170	0.587363	2.819842	-3.435250	-37.982000	25.000000
9.170695	2.155789	1.687215	9.219740	0.562338	2.924248	-3.435250	-36.884300	25.000000
9.170695	2.155789	1.687215	9.646761	0.728214	2.223643	-3.435250	-36.323600	25.000000
9.170695	2.155789	1.687215	8.649277	0.702747	2.318238	-3.435250	-35.225900	25.000000
9.170695	2.155789	1.687215	9.154802	0.926323	1.641909	-3.435250	-34.665100	25.000000
9.170695	2.155789	1.687215	9.170954	0.857620	1.927205	-3.435250	-33.567400	25.000000
9.170695	2.155789	1.687215	9.398005	1.107496	1.612439	-3.435250	-33.006600	25.000000
9.170695	2.155789	1.687215	8.936688	1.016998	1.586584	-3.435250	-31.908900	25.000000
9.170695	2.155789	1.687215	10.025951	1.636673	1.599788	-3.435250	-31.348100	25.000000
9.170695	2.155789	1.687215	8.252085	1.211702	1.652433	-3.435250	-30.250400	25.000000
9.170695	2.155789	1.687215	11.363538	2.402688	1.452924	-3.435250	-29.689600	25.000000
9.170695	2.155789	1.687215	6.081455	1.923368	1.519963	-3.435250	-28.591900	25.000000
9.170695	2.155789	1.687215	8.976280	2.559903	1.457004	-3.435250	-28.031100	25.000000
9.170695	2.155789	1.687215	9.424038	2.626233	1.320596	-3.435250	-26.933400	25.000000
9.170695	2.155789	1.687215	9.413974	2.318341	1.604117	-3.435250	-26.372600	25.000000
9.170695	2.155789	1.687215	8.847282	2.347287	1.631041	-3.435250	-25.274900	25.000000
9.170695	2.155789	1.687215	9.126029	2.245399	1.657899	-3.435250	-24.714100	25.000000
9.170695	2.155789	1.687215	9.167557	2.214225	1.667752	-3.435250	-23.616400	25.000000
9.170695	2.155789	1.687215	9.137286	2.189575	1.678486	-3.435250	-23.055700	25.000000
9.170695	2.155789	1.687215	9.113638	2.204978	1.677242	-3.435250	-21.958000	25.000000
9.170695	2.155789	1.687215	9.165833	2.174049	1.683648	-3.435250	-21.397200	25.000000
9.170695	2.155789	1.687215	9.302629	2.176975	1.679576	-3.435250	-20.299500	25.000000
9.170695	2.155789	1.687215	9.166766	2.173979	1.684964	-3.435250	-19.738700	25.000000
9.170695	2.155789	1.687215	9.248762	2.167885	1.683475	-3.435250	-18.641000	25.000000
9.170695	2.155789	1.687215	9.249697	2.167816	1.684774	-3.435250	-18.080200	25.000000
9.170695	2.155789	1.687215	9.249697	2.167816	1.684774	-3.435250	-16.982500	25.000000
9.170695	2.155789	1.687215	9.222088	2.143822	1.683306	-2.606010	-57.883900	25.000000
9.170695	2.155789	1.687215	9.221150	2.143887	1.682024	-2.606010	-56.225400	25.000000
9.170695	2.155789	1.687215	9.165457	2.134850	1.679458	-2.606010	-54.566900	25.000000
9.170695	2.155789	1.687215	9.220222	2.143952	1.680741	-2.606010	-53.469200	25.000000
9.170695	2.155789	1.687215	9.163646	2.134975	1.676890	-2.606010	-52.908400	25.000000
9.170695	2.155789	1.687215	9.161010	2.135157	1.673036	-2.606010	-51.810700	25.000000
9.170695	2.155789	1.687215	9.080138	2.102033	1.656483	-2.606010	-51.249900	25.000000
9.170695	2.155789	1.687215	9.189260	2.120400	1.666655	-2.606010	-50.152200	25.000000
9.170695	2.155789	1.687215	8.912962	2.048796	1.630220	-2.606010	-49.591400	25.000000
9.170695	2.155789	1.687215	9.404786	2.033737	1.630250	-2.606010	-48.493700	25.000000
9.170695	2.155789	1.687215	9.091210	1.686551	1.488759	-2.606010	-47.933000	25.000000
9.170695	2.155789	1.687215	9.215970	1.906954	1.576543	-2.606010	-46.835300	25.000000
9.170695	2.155789	1.687215	9.274319	1.604228	1.448582	-2.606010	-46.274500	25.000000
9.170695	2.155789	1.687215	9.107936	1.898318	1.496515	-2.606010	-45.176800	25.000000
9.170695	2.155789	1.687215	12.411108	2.715227	1.798763	-2.606010	-44.616000	25.000000
9.170695	2.155789	1.687215	3.667370	2.949621	2.111216	-2.606010	-43.518300	25.000000
9.170695	2.155789	1.687215	8.611185	2.027828	4.628173	-2.606010	-42.957500	25.000000
9.170695	2.155789	1.687215	9.715704	2.123421	4.582634	-2.606010	-41.859800	25.000000
9.170695	2.155789	1.687215	10.910050	0.902548	4.834137	-2.606010	-41.299000	25.000000
9.170695	2.155789	1.687215	4.691578	2.604082	1.612439	-2.606010	-40.201300	25.000000
9.170695	2.155789	1.687215	10.376396	0.184652	5.180731	-2.606010	-39.640500	25.000000
9.170695	2.155789	1.687215	7.752522	1.043658	4.706419	-2.606010	-38.542800	25.000000
9.170695	2.155789	1.687215	8.453686	0.190972	4.315680	-2.606010	-37.982000	25.000000
9.170695	2.155789	1.687215	9.807395	0.038836	3.380202	-2.606010	-36.884300	25.000000
9.170695	2.155789	1.687215	9.880491	0.514778	1.733917	-2.606010	-36.323600	25.000000
9.170695	2.155789	1.687215	8.342997	0.395174	1.835410	-2.606010	-35.225900	25.000000
9.170695	2.155789	1.687215	8.420214	1.129024	1.399168	-2.606010	-34.665100	25.000000
9.170695	2.155789	1.687215	9.904590	0.957592	1.574500	-2.606010	-33.567400	25.000000
9.170695	2.155789	1.687215	8.994026	0.926797	1.410219	-2.606010	-33.006600	25.000000
9.170695	2.155789	1.687215	9.274530	1.076494	1.369798	-2.606010	-31.908900	25.000000
9.170695	2.155789	1.687215	11.022695	1.209149	1.527425	-2.606010	-31.348100	25.000000
9.170695	2.155789	1.687215	6.841194	1.304550	1.564130	-2.606010	-30.250400	25.000000
9.170695	2.155789	1.687215	9.833295	2.073773	1.842240	-2.606010	-29.689600	25.000000
9.170695	2.155789	1.687215	8.475706	1.601477	1.701008	-2.606010	-28.591900	25.000000
9.170695	2.155789	1.687215	9.630701	2.354737	1.647118	-2.606010	-28.031100	25.000000
9.170695	2.155789	1.687215	8.749337	2.557747	1.668402	-2.606010	-26.933400	25.000000
9.170695	2.155789	1.687215	9.338956	2.355644	1.617732	-2.606010	-26.372600	25.000000
9.170695	2.155789	1.687215	8.940783	2.434971	1.612152	-2.606010	-25.274900	25.000000
9.170695	2.155789	1.687215	9.053513	2.251822	1.669050	-2.606010	-24.714100	25.000000
9.170695	2.155789	1.687215	9.347668	2.240145	1.662321	-2.606010	-23.616400	25.000000
9.170695	2.155789	1.687215	9.116255	2.204767	1.681303	-2.606010	-23.055700	25.000000
9.170695	2.155789	1.687215	9.253869	2.207248	1.677150	-2.606010	-21.958000	25.000000
9.170695	2.155789	1.687215	9.222933	2.182978	1.683648	-2.606010	-21.397200	25.000000
9.170695	2.155789	1.687215	9.085131	2.180182	1.686494	-2.606010	-20.299500	25.000000
9.170695	2.155789	1.687215	9.249697	2.167816	1.684774	-2.606010	-19.738700	25.000000
9.170695	2.155789	1.687215	9.167710	2.173908	1.686280	-2.606010	-18.641000	25.000000
9.170695	2.155789	1.687215	9.168664	2.173837	1.687596	-2.606010	-18.080200	25.000000
9.170695	2.155789	1.687215	9.168664	2.173837	1.687596	-2.606010	-16.982500	25.000000
9.170695	2.155789	1.687215	9.222088	2.143822	1.683306	-1.776770	-55.127700	25.000000
9.170695	2.155789	1.687215	9.082538	2.140636	1.682176	-1.776770	-54.566900	25.000000
9.170695	2.155789	1.687215	9.165457	2.134850	1.679458	-1.776770	-53.469200	25.000000
9.170695	2.155789	1.687215	9.110565	2.125699	1.676890	-1.776770	-52.908400	25.000000
9.170695	2.155789	1.687215	9.108787	2.125820	1.674321	-1.776770	-51.810700	25.000000
9.170695	2.155789	1.687215	9.117900	2.086946	1.657917	-1.776770	-51.249900	25.000000
9.170695	2.155789	1.687215	9.223752	2.105463	1.666704	-1.776770	-50.152200	25.000000
9.170695	2.155789	1.687215	8.784219	1.993059	1.626987	-1.776770	-49.591400	25.000000
9.170695	2.155789	1.687215	9.500658	2.005370	1.634663	-1.776770	-48.493700	25.000000
9.170695	2.155789	1.687215	8.018229	1.741234	1.548015	-1.776770	-47.933000	25.000000
9.170695	2.155789	1.687215	10.224524	1.543408	1.507157	-1.776770	-46.835300	25.000000
9.170695	2.155789	1.687215	10.486186	1.733633	1.474974	-1.776770	-46.274500	25.000000
9.170695	2.155789	1.687215	7.601842	1.967899	1.516564	-1.776770	-45.176800	25.000000
9.170695	2.155789	1.687215	8.411302	2.868680	5.560206	-1.776770	-44.616000	25.000000
9.170695	2.155789	1.687215	9.715663	2.210521	1.414928	-1.776770	-43.518300	25.000000
9.170695	2.155789	1.687215	4.598913	2.933817	1.249046	-1.776770	-42.957500	25.000000
9.170695	2.155789	1.687215	11.730729	1.973745	5.279829	-1.776770	-41.859800	25.000000
9.170695	2.155789	1.687215	8.386668	2.191830	4.590398	-1.776770	-41.299000	25.000000
9.170695	2.155789	1.687215	8.437452	0.830679	0.355765	-1.776770	-40.201300	25.000000
9.170695	2.155789	1.687215	5.239275	1.494376	4.808248	-1.776770	-39.640500	25.000000
9.170695	2.155789	1.687215	11.597396	0.372986	5.387130	-1.776770	-38.542800	25.000000
9.170695	2.155789	1.687215	9.757484	0.108601	5.584815	-1.776770	-37.982000	25.000000
9.170695	2.155789	1.687215	8.547660	0.359910	4.795530	-1.776770	-36.884300	25.000000
9.170695	2.155789	1.687215	8.142825	0.485988	1.528716	-1.776770	-36.323600	25.000000
9.170695	2.155789	1.687215	10.105325	0.375832	1.500641	-1.776770	-35.225900	25.000000
9.170695	2.155789	1.687215	9.969258	1.022067	1.534342	-1.776770	-34.665100	25.000000
9.170695	2.155789	1.687215	8.234221	1.210888	1.529262	-1.776770	-33.567400	25.000000
9.170695	2.155789	1.687215	10.040888	0.991111	1.559237	-1.776770	-33.006600	25.000000
9.170695	2.155789	1.687215	8.183572	0.897969	1.575343	-1.776770	-31.908900	25.000000
9.170695	2.155789	1.687215	9.091584	0.878960	1.589366	-1.776770	-31.348100	25.000000
9.170695	2.155789	1.687215	9.170605	1.167384	1.749589	-1.776770	-30.250400	25.000000
9.170695	2.155789	1.687215	10.711793	1.425586	1.808910	-1.776770	-29.689600	25.000000
9.170695	2.155789	1.687215	7.448651	1.594964	1.956290	-1.776770	-28.591900	25.000000
9.170695	2.155789	1.687215	8.455318	2.661638	1.616917	-1.776770	-28.031100	25.000000
9.170695	2.155789	1.687215	9.821222	1.946098	1.744581	-1.776770	-26.933400	25.000000
9.170695	2.155789	1.687215	8.811946	2.434620	1.661773	-1.776770	-26.372600	25.000000
9.170695	2.155789	1.687215	9.544234	2.474809	1.601295	-1.776770	-25.274900	25.000000
9.170695	2.155789	1.687215	9.320536	2.270172	1.666280	-1.776770	-24.714100	25.000000
9.170695	2.155789	1.687215	9.045861	2.266828	1.680499	-1.776770	-23.616400	25.000000
9.170695	2.155789	1.687215	9.097384	2.220021	1.684197	-1.776770	-23.055700	25.000000
9.170695	2.155789	1.687215	9.199217	2.198153	1.683826	-1.776770	-21.958000	25.000000
9.170695	2.155789	1.687215	9.223860	2.182908	1.684964	-1.776770	-21.397200	25.000000
9.170695	2.155789	1.687215	9.222933	2.182978	1.683648	-1.776770	-20.299500	25.000000
9.170695	2.155789	1.687215	9.251600	2.167677	1.687371	-1.776770	-16.982500	25.000000
9.170691	2.155790	1.687210	9.223036	2.143755	1.684588	-0.947524	-57.883900	25.000000
9.170691	2.155790	1.687210	9.083480	2.140569	1.683475	-0.947524	-56.225400	25.000000
9.170691	2.155790	1.687210	9.166379	2.134786	1.680741	-0.947524	-54.566900	25.000000
9.170691	2.155790	1.687210	9.082538	2.140636	1.682176	-0.947524	-53.469200	25.000000
9.170691	2.155790	1.687210	9.112387	2.125575	1.679458	-0.947524	-52.908400	25.000000
9.170691	2.155790	1.687210	9.142543	2.110731	1.674272	-0.947524	-51.810700	25.000000
9.170691	2.155790	1.687210	9.261123	2.090589	1.667989	-0.947524	-51.249900	25.000000
9.170691	2.155790	1.687210	8.985149	2.082538	1.664114	-0.947524	-50.152200	25.000000
9.170691	2.155790	1.687210	9.188602	1.926508	1.626552	-0.947524	-49.591400	25.000000
9.170691	2.155790	1.687210	9.146721	2.023407	1.649899	-0.947524	-48.493700	25.000000
9.170691	2.155790	1.687210	8.603796	1.272328	1.495330	-0.947524	-47.933000	25.000000
9.170691	2.155790	1.687210	9.709506	1.614066	1.561518	-0.947524	-46.835300	25.000000
9.170691	2.155790	1.687210	10.376897	1.949862	1.479385	-0.947524	-46.274500	25.000000
9.170691	2.155790	1.687210	7.721975	1.645977	1.577290	-0.947524	-45.176800	25.000000
9.170691	2.155790	1.687210	4.044415	2.993256	3.667379	-0.947524	-44.616000	25.000000
9.170691	2.155790	1.687210	12.233266	2.571714	1.562766	-0.947524	-43.518300	25.000000
9.170691	2.155790	1.687210	10.378034	2.062526	4.609457	-0.947524	-42.957500	25.000000
9.170691	2.155790	1.687210	7.702733	2.403862	4.120639	-0.947524	-41.859800	25.000000
9.170691	2.155790	1.687210	4.985659	2.077608	1.917215	-0.947524	-41.299000	25.000000
9.170691	2.155790	1.687210	10.894609	1.232082	4.406950	-0.947524	-40.201300	25.000000
9.170691	2.155790	1.687210	3.565964	0.516951	2.853940	-0.947524	-39.640500	25.000000
9.170691	2.155790	1.687210	12.349336	0.789090	4.518350	-0.947524	-38.542800	25.000000
9.170691	2.155790	1.687210	8.216510	0.063405	3.620703	-0.947524	-37.982000	25.000000
9.170691	2.155790	1.687210	9.959502	0.228778	4.977127	-0.947524	-36.884300	25.000000
9.170691	2.155790	1.687210	9.470950	0.378670	1.230078	-0.947524	-36.323600	25.000000
9.170691	2.155790	1.687210	8.990239	0.563555	1.279340	-0.947524	-35.225900	25.000000
9.170691	2.155790	1.687210	8.357183	0.958979	1.460946	-0.947524	-34.665100	25.000000
9.170691	2.155790	1.687210	9.940528	1.066865	1.537475	-0.947524	-33.567400	25.000000
9.170691	2.155790	1.687210	8.883136	1.052592	1.636933	-0.947524	-33.006600	25.000000
9.170691	2.155790	1.687210	9.440360	0.935771	1.573428	-0.947524	-31.908900	25.000000
9.170691	2.155790	1.687210	8.779515	0.833865	1.549107	-0.947524	-31.348100	25.000000
9.170691	2.155790	1.687210	9.468815	0.884522	1.653756	-0.947524	-30.250400	25.000000
9.170691	2.155790	1.687210	9.293202	1.002701	1.755674	-0.947524	-29.689600	25.000000
9.170691	2.155790	1.687210	8.935933	1.514813	1.736314	-0.947524	-28.591900	25.000000
9.170691	2.155790	1.687210	9.922701	1.888530	1.645127	-0.947524	-28.031100	25.000000
9.170691	2.155790	1.687210	8.158609	2.737029	1.654972	-0.947524	-26.933400	25.000000
9.170691	2.155790	1.687210	9.570455	2.488339	1.646513	-0.947524	-26.372600	25.000000
9.170691	2.155790	1.687210	8.763812	2.515204	1.691771	-0.947524	-25.274900	25.000000
9.170691	2.155790	1.687210	9.126670	2.259452	1.685998	-0.947524	-24.714100	25.000000
9.170691	2.155790	1.687210	9.167491	2.298819	1.683551	-0.947524	-23.616400	25.000000
9.170691	2.155790	1.687210	9.041952	2.210822	1.691047	-0.947524	-23.055700	25.000000
9.170691	2.155790	1.687210	9.259185	2.206824	1.685160	-0.947524	-21.958000	25.000000
9.170691	2.155790	1.687210	9.143681	2.189077	1.687827	-0.947524	-21.397200	25.000000
9.170691	2.155790	1.687210	9.167710	2.173908	1.686280	-0.947524	-20.299500	25.000000
9.170691	2.155790	1.687210	9.251600	2.167677	1.687371	-0.947524	-19.738700	25.000000
9.170691	2.155790	1.687210	9.168664	2.173837	1.687596	-0.947524	-18.641000	25.000000
9.170694	2.155790	1.687214	9.222088	2.143822	1.683306	-0.118281	-56.786200	25.000000
9.170694	2.155790	1.687214	9.222088	2.143822	1.683306	-0.118281	-55.127700	25.000000
9.170694	2.155790	1.687214	9.083480	2.140569	1.683475	-0.118281	-54.566900	25.000000
9.170694	2.155790	1.687214	9.222088	2.143822	1.683306	-0.118281	-53.469200	25.000000
9.170694	2.155790	1.687214	9.060110	2.116193	1.679458	-0.118281	-52.908400	25.000000
9.170694	2.155790	1.687214	9.145250	2.110554	1.678075	-0.118281	-51.810700	25.000000
9.170694	2.155790	1.687214	9.263698	2.090430	1.671702	-0.118281	-51.249900	25.000000
9.170694	2.155790	1.687214	9.068236	2.052348	1.666751	-0.118281	-50.152200	25.000000
9.170694	2.155790	1.687214	9.191540	1.891788	1.641940	-0.118281	-49.591400	25.000000
9.170694	2.155790	1.687214	9.066333	2.003287	1.658377	-0.118281	-48.493700	25.000000
9.170694	2.155790	1.687214	8.641604	1.101272	1.529910	-0.118281	-47.933000	25.000000
9.170694	2.155790	1.687214	9.757770	1.461950	1.573064	-0.118281	-46.835300	25.000000
9.170694	2.155790	1.687214	8.072075	1.914487	1.570704	-0.118281	-46.274500	25.000000
9.170694	2.155790	1.687214	10.101103	1.583667	1.563539	-0.118281	-45.176800	25.000000
9.170694	2.155790	1.687214	4.218305	2.904199	3.791142	-0.118281	-44.616000	25.000000
9.170694	2.155790	1.687214	12.103227	2.500494	1.766837	-0.118281	-43.518300	25.000000
9.170694	2.155790	1.687214	9.205026	2.119351	4.513745	-0.118281	-42.957500	25.000000
9.170694	2.155790	1.687214	9.060110	2.116193	4.603728	-0.118281	-41.859800	25.000000
9.170694	2.155790	1.687214	10.481302	0.937842	4.797928	-0.118281	-41.299000	25.000000
9.170694	2.155790	1.687214	5.337823	2.409458	1.735208	-0.118281	-40.201300	25.000000
9.170694	2.155790	1.687214	11.530637	0.304556	5.387130	-0.118281	-39.640500	25.000000
9.170694	2.155790	1.687214	5.727661	0.977988	4.858156	-0.118281	-38.542800	25.000000
9.170694	2.155790	1.687214	9.647741	0.305851	0.058554	-0.118281	-37.982000	25.000000
9.170694	2.155790	1.687214	8.678992	0.296612	0.435436	-0.118281	-36.884300	25.000000
9.170694	2.155790	1.687214	8.937561	0.595325	1.071450	-0.118281	-36.323600	25.000000
9.170694	2.155790	1.687214	9.378166	0.607538	0.998337	-0.118281	-35.225900	25.000000
9.170694	2.155790	1.687214	8.495181	0.786563	1.502569	-0.118281	-34.665100	25.000000
9.170694	2.155790	1.687214	9.775357	0.829605	1.395160	-0.118281	-33.567400	25.000000
9.170694	2.155790	1.687214	9.107652	1.028564	1.588615	-0.118281	-33.006600	25.000000
9.170694	2.155790	1.687214	9.185106	0.995171	1.606625	-0.118281	-31.908900	25.000000
9.170694	2.155790	1.687214	8.498006	0.735716	1.604117	-0.118281	-31.348100	25.000000
9.170694	2.155790	1.687214	9.840025	0.821816	1.613825	-0.118281	-30.250400	25.000000
9.170694	2.155790	1.687214	9.771817	0.896633	1.665251	-0.118281	-29.689600	25.000000
9.170694	2.155790	1.687214	8.495881	1.464664	1.677532	-0.118281	-28.591900	25.000000
9.170694	2.155790	1.687214	9.265123	1.877805	1.655818	-0.118281	-28.031100	25.000000
9.170694	2.155790	1.687214	9.031921	2.736239	1.757179	-0.118281	-26.933400	25.000000
9.170694	2.155790	1.687214	8.775101	2.553318	1.739996	-0.118281	-26.372600	25.000000
9.170694	2.155790	1.687214	9.451608	2.487361	1.705071	-0.118281	-25.274900	25.000000
9.170694	2.155790	1.687214	9.337259	2.268666	1.694111	-0.118281	-24.714100	25.000000
9.170694	2.155790	1.687214	8.971739	2.288452	1.702859	-0.118281	-23.616400	25.000000
9.170694	2.155790	1.687214	9.103961	2.219473	1.693784	-0.118281	-23.055700	25.000000
9.170694	2.155790	1.687214	9.263908	2.206448	1.691824	-0.118281	-21.958000	25.000000
9.170694	2.155790	1.687214	9.145606	2.188928	1.690492	-0.118281	-21.397200	25.000000
9.170694	2.155790	1.687214	9.227676	2.182617	1.690225	-0.118281	-20.299500	25.000000
9.170694	2.155790	1.687214	9.169629	2.173764	1.688911	-0.118281	-19.738700	25.000000
9.170694	2.155790	1.687214	9.170605	2.173691	1.690225	-0.118281	-18.641000	25.000000
9.170694	2.155790	1.687214	9.252567	2.167606	1.688668	-0.118281	-16.982500	25.000000
9.170694	2.155790	1.687214	9.169209	2.134591	1.684588	0.710962	-55.127700	25.000000
9.170694	2.155790	1.687214	9.168255	2.134657	1.683306	0.710962	-54.566900	25.000000
9.170694	2.155790	1.687214	9.199832	2.119696	1.681876	0.710962	-53.469200	25.000000
9.170694	2.155790	1.687214	9.283835	2.114171	1.679230	0.710962	-52.908400	25.000000
9.170694	2.155790	1.687214	9.061043	2.116131	1.680741	0.710962	-51.810700	25.000000
9.170694	2.155790	1.687214	9.304064	2.075627	1.674131	0.710962	-51.249900	25.000000
9.170694	2.155790	1.687214	8.985483	2.057167	1.675476	0.710962	-50.152200	25.000000
9.170694	2.155790	1.687214	9.487049	1.971434	1.661353	0.710962	-49.591400	25.000000
9.170694	2.155790	1.687214	8.759429	1.884138	1.659718	0.710962	-48.493700	25.000000
9.170694	2.155790	1.687214	10.259421	1.050538	1.592029	0.710962	-47.933000	25.000000
9.170694	2.155790	1.687214	7.933180	1.328945	1.595207	0.710962	-46.835300	25.000000
9.170694	2.155790	1.687214	8.076495	1.368844	1.626687	0.710962	-46.274500	25.000000
9.170694	2.155790	1.687214	10.023616	1.573789	1.502204	0.710962	-45.176800	25.000000
9.170694	2.155790	1.687214	3.252586	2.671659	2.189309	0.710962	-44.616000	25.000000
9.170694	2.155790	1.687214	12.446782	2.531315	1.377250	0.710962	-43.518300	25.000000
9.170694	2.155790	1.687214	7.724481	2.176837	4.431493	0.710962	-42.957500	25.000000
9.170694	2.155790	1.687214	10.331646	2.166851	5.104841	0.710962	-41.859800	25.000000
9.170694	2.155790	1.687214	8.866431	2.172661	4.597199	0.710962	-41.299000	25.000000
9.170694	2.155790	1.687214	7.707178	0.338432	1.449350	0.710962	-40.201300	25.000000
9.170694	2.155790	1.687214	9.587408	0.867571	4.536449	0.710962	-39.640500	25.000000
9.170694	2.155790	1.687214	8.634402	0.089297	3.141593	0.710962	-38.542800	25.000000
9.170694	2.155790	1.687214	9.467819	0.279655	2.530240	0.710962	-37.982000	25.000000
9.170694	2.155790	1.687214	8.960073	0.284459	3.034010	0.710962	-36.884300	25.000000
9.170694	2.155790	1.687214	9.140022	0.645689	2.214297	0.710962	-36.323600	25.000000
9.170694	2.155790	1.687214	9.184226	0.615270	2.195432	0.710962	-35.225900	25.000000
9.170694	2.155790	1.687214	9.778037	0.883986	1.921827	0.710962	-34.665100	25.000000
9.170694	2.155790	1.687214	8.616844	0.847986	1.951303	0.710962	-33.567400	25.000000
9.170694	2.155790	1.687214	9.125377	1.029734	1.809574	0.710962	-33.006600	25.000000
9.170694	2.155790	1.687214	9.398936	1.034802	1.782754	0.710962	-31.908900	25.000000
9.170694	2.155790	1.687214	8.557780	0.857440	1.911118	0.710962	-31.348100	25.000000
9.170694	2.155790	1.687214	9.674895	0.820059	1.793145	0.710962	-30.250400	25.000000
9.170694	2.155790	1.687214	6.469436	1.071080	1.737103	0.710962	-29.689600	25.000000
9.170694	2.155790	1.687214	11.204303	1.224777	1.658192	0.710962	-28.591900	25.000000
9.170694	2.155790	1.687214	10.919139	1.965620	1.696136	0.710962	-28.031100	25.000000
9.170694	2.155790	1.687214	6.943227	2.743396	2.041088	0.710962	-26.933400	25.000000
9.170694	2.155790	1.687214	8.803204	2.548549	1.792111	0.710962	-26.372600	25.000000
9.170694	2.155790	1.687214	9.466256	2.468222	1.758225	0.710962	-25.274900	25.000000
9.170694	2.155790	1.687214	9.077031	2.249724	1.705686	0.710962	-24.714100	25.000000
9.170694	2.155790	1.687214	9.188585	2.296774	1.715369	0.710962	-23.616400	25.000000
9.170694	2.155790	1.687214	9.126686	2.203927	1.696163	0.710962	-23.055700	25.000000
9.170694	2.155790	1.687214	9.248438	2.221200	1.698859	0.710962	-21.958000	25.000000
9.170694	2.155790	1.687214	9.147573	2.188775	1.693155	0.710962	-21.397200	25.000000
9.170694	2.155790	1.687214	9.172590	2.173542	1.692853	0.710962	-20.299500	25.000000
9.170694	2.155790	1.687214	9.170605	2.173691	1.690225	0.710962	-19.738700	25.000000
9.170694	2.155790	1.687214	9.171592	2.173617	1.691539	0.710962	-18.641000	25.000000
9.170695	2.155789	1.687215	9.085395	2.140434	1.686072	1.540210	-55.127700	25.000000
9.170695	2.155789	1.687215	9.169209	2.134591	1.684588	1.540210	-54.566900	25.000000
9.170695	2.155789	1.687215	9.200783	2.119633	1.683142	1.540210	-53.469200	25.000000
9.170695	2.155789	1.687215	9.234414	2.104779	1.681731	1.540210	-52.908400	25.000000
9.170695	2.155789	1.687215	9.149011	2.110308	1.683142	1.540210	-51.810700	25.000000
9.170695	2.155789	1.687215	9.166482	2.046755	1.679014	1.540210	-51.249900	25.000000
9.170695	2.155789	1.687215	9.220868	2.080620	1.680356	1.540210	-50.152200	25.000000
9.170695	2.155789	1.687215	8.624639	1.938459	1.680356	1.540210	-49.591400	25.000000
9.170695	2.155789	1.687215	9.719794	1.917196	1.667200	1.540210	-48.493700	25.000000
9.170695	2.155789	1.687215	7.953389	0.984568	1.658450	1.540210	-47.933000	25.000000
9.170695	2.155789	1.687215	10.271241	1.243710	1.644887	1.540210	-46.835300	25.000000
9.170695	2.155789	1.687215	8.932777	1.449597	1.694032	1.540210	-46.274500	25.000000
9.170695	2.155789	1.687215	9.386853	1.226317	1.660329	1.540210	-45.176800	25.000000
9.170695	2.155789	1.687215	6.693646	2.900468	3.330399	1.540210	-44.616000	25.000000
9.170695	2.155789	1.687215	11.077730	2.164798	1.769260	1.540210	-43.518300	25.000000
9.170695	2.155789	1.687215	7.755056	2.288472	4.368444	1.540210	-42.957500	25.000000
9.170695	2.155789	1.687215	10.394787	2.072603	4.495624	1.540210	-41.859800	25.000000
9.170695	2.155789	1.687215	6.620884	0.785755	1.944562	1.540210	-41.299000	25.000000
9.170695	2.155789	1.687215	9.790679	1.850190	4.598446	1.540210	-40.201300	25.000000
9.170695	2.155789	1.687215	11.492210	0.824777	4.530098	1.540210	-39.640500	25.000000
9.170695	2.155789	1.687215	5.798276	0.322147	2.629203	1.540210	-38.542800	25.000000
9.170695	2.155789	1.687215	9.856693	0.269846	2.996466	1.540210	-37.982000	25.000000
9.170695	2.155789	1.687215	8.502641	0.345565	3.661169	1.540210	-36.884300	25.000000
9.170695	2.155789	1.687215	9.420722	0.535905	2.326791	1.540210	-36.323600	25.000000
9.170695	2.155789	1.687215	8.964932	0.638267	2.236766	1.540210	-35.225900	25.000000
9.170695	2.155789	1.687215	10.058648	1.095819	1.805472	1.540210	-34.665100	25.000000
9.170695	2.155789	1.687215	8.149902	1.000497	1.939121	1.540210	-33.567400	25.000000
9.170695	2.155789	1.687215	9.165310	1.082457	1.723352	1.540210	-33.006600	25.000000
9.170695	2.155789	1.687215	9.228218	0.918725	1.762844	1.540210	-31.908900	25.000000
9.170695	2.155789	1.687215	8.658152	0.926557	1.651778	1.540210	-31.348100	25.000000
9.170695	2.155789	1.687215	9.687564	0.915962	1.789889	1.540210	-30.250400	25.000000
9.170695	2.155789	1.687215	7.427139	1.128341	1.511166	1.540210	-29.689600	25.000000
9.170695	2.155789	1.687215	10.632535	1.417838	1.530818	1.540210	-28.591900	25.000000
9.170695	2.155789	1.687215	8.146097	1.755990	1.612023	1.540210	-28.031100	25.000000
9.170695	2.155789	1.687215	9.955707	2.594003	1.902919	1.540210	-26.933400	25.000000
9.170695	2.155789	1.687215	9.157123	2.407728	1.779384	1.540210	-26.372600	25.000000
9.170695	2.155789	1.687215	9.149011	2.512957	1.830201	1.540210	-25.274900	25.000000
9.170695	2.155789	1.687215	9.367630	2.252129	1.715609	1.540210	-24.714100	25.000000
9.170695	2.155789	1.687215	8.989021	2.286775	1.726248	1.540210	-23.616400	25.000000
9.170695	2.155789	1.687215	9.070970	2.194791	1.700206	1.540210	-23.055700	25.000000
9.170695	2.155789	1.687215	9.270971	2.205886	1.701134	1.540210	-21.958000	25.000000
9.170695	2.155789	1.687215	9.229648	2.182467	1.692853	1.540210	-21.397200	25.000000
9.170695	2.155789	1.687215	9.149585	2.188618	1.695817	1.540210	-20.299500	25.000000
9.170695	2.155789	1.687215	9.253545	2.167534	1.689966	1.540210	-19.738700	25.000000
9.170695	2.155789	1.687215	9.223036	2.143755	1.684588	2.369450	-57.883900	25.000000
9.170695	2.155789	1.687215	9.170174	2.134524	1.685870	2.369450	-56.225400	25.000000
9.170695	2.155789	1.687215	9.170174	2.134524	1.685870	2.369450	-55.127700	25.000000
9.170695	2.155789	1.687215	9.170174	2.134524	1.685870	2.369450	-54.566900	25.000000
9.170695	2.155789	1.687215	9.171150	2.134457	1.687151	2.369450	-53.469200	25.000000
9.170695	2.155789	1.687215	9.236341	2.104656	1.684231	2.369450	-52.908400	25.000000
9.170695	2.155789	1.687215	9.150956	2.110180	1.685673	2.369450	-51.810700	25.000000
9.170695	2.155789	1.687215	9.359386	2.084591	1.682673	2.369450	-51.249900	25.000000
9.170695	2.155789	1.687215	8.995271	2.056592	1.687979	2.369450	-50.152200	25.000000
9.170695	2.155789	1.687215	8.578514	1.953064	1.692970	2.369450	-49.591400	25.000000
9.170695	2.155789	1.687215	9.696912	1.907102	1.679161	2.369450	-48.493700	25.000000
9.170695	2.155789	1.687215	10.117020	1.053863	1.718000	2.369450	-47.933000	25.000000
9.170695	2.155789	1.687215	8.092614	1.333802	1.700828	2.369450	-46.835300	25.000000
9.170695	2.155789	1.687215	10.569792	1.460828	1.769125	2.369450	-46.274500	25.000000
9.170695	2.155789	1.687215	7.500833	1.434389	1.758955	2.369450	-45.176800	25.000000
9.170695	2.155789	1.687215	9.206460	3.104130	5.227938	2.369450	-44.616000	25.000000
9.170695	2.155789	1.687215	8.919221	2.086695	1.693553	2.369450	-43.518300	25.000000
9.170695	2.155789	1.687215	6.039404	2.641567	6.179393	2.369450	-42.957500	25.000000
9.170695	2.155789	1.687215	11.319965	2.038157	4.857365	2.369450	-41.859800	25.000000
9.170695	2.155789	1.687215	5.994472	1.124015	1.017687	2.369450	-41.299000	25.000000
9.170695	2.155789	1.687215	10.260960	1.744162	4.749995	2.369450	-40.201300	25.000000
9.170695	2.155789	1.687215	12.249249	0.891032	4.786987	2.369450	-39.640500	25.000000
9.170695	2.155789	1.687215	3.220574	0.372251	1.023056	2.369450	-38.542800	25.000000
9.170695	2.155789	1.687215	10.569305	0.299116	4.347981	2.369450	-37.982000	25.000000
9.170695	2.155789	1.687215	7.441021	0.194998	4.298390	2.369450	-36.884300	25.000000
9.170695	2.155789	1.687215	8.756506	0.324323	2.172715	2.369450	-36.323600	25.000000
9.170695	2.155789	1.687215	9.646678	0.492545	1.971658	2.369450	-35.225900	25.000000
9.170695	2.155789	1.687215	8.727566	0.946711	1.854139	2.369450	-34.665100	25.000000
9.170695	2.155789	1.687215	9.595186	1.274675	1.817361	2.369450	-33.567400	25.000000
9.170695	2.155789	1.687215	10.047010	1.049897	1.840269	2.369450	-33.006600	25.000000
9.170695	2.155789	1.687215	8.199049	0.945381	1.895401	2.369450	-31.908900	25.000000
9.170695	2.155789	1.687215	10.542414	1.150670	1.732529	2.369450	-31.348100	25.000000
9.170695	2.155789	1.687215	7.564496	0.982162	1.818088	2.369450	-30.250400	25.000000
9.170695	2.155789	1.687215	9.832296	1.406619	1.566673	2.369450	-29.689600	25.000000
9.170695	2.155789	1.687215	8.440839	1.741152	1.401695	2.369450	-28.591900	25.000000
9.170695	2.155789	1.687215	10.651291	2.038289	1.612877	2.369450	-28.031100	25.000000
9.170695	2.155789	1.687215	7.460355	2.576360	1.790280	2.369450	-26.933400	25.000000
9.170695	2.155789	1.687215	9.155157	2.360269	1.784923	2.369450	-26.372600	25.000000
9.170695	2.155789	1.687215	9.095691	2.449003	1.839163	2.369450	-25.274900	25.000000
9.170695	2.155789	1.687215	9.290990	2.272850	1.733628	2.369450	-24.714100	25.000000
9.170695	2.155789	1.687215	9.102285	2.233474	1.716241	2.369450	-23.616400	25.000000
9.170695	2.155789	1.687215	9.152683	2.188378	1.699806	2.369450	-23.055700	25.000000
9.170695	2.155789	1.687215	9.134008	2.203339	1.705590	2.369450	-21.958000	25.000000
9.170695	2.155789	1.687215	9.094091	2.179494	1.698476	2.369450	-21.397200	25.000000
9.170695	2.155789	1.687215	9.172590	2.173542	1.692853	2.369450	-20.299500	25.000000
9.170695	2.155789	1.687215	9.171592	2.173617	1.691539	2.369450	-18.641000	25.000000
9.170695	2.155789	1.687215	9.223996	2.143688	1.685870	3.198690	-56.225400	25.000000
9.170695	2.155789	1.687215	9.088350	2.140226	1.689966	3.198690	-54.566900	25.000000
9.170695	2.155789	1.687215	9.118114	2.125186	1.687151	3.198690	-53.469200	25.000000
9.170695	2.155789	1.687215	9.203700	2.119439	1.686938	3.198690	-52.908400	25.000000
9.170695	2.155789	1.687215	9.239313	2.104466	1.687979	3.198690	-51.810700	25.000000
9.170695	2.155789	1.687215	9.276988	2.089610	1.688993	3.198690	-51.249900	25.000000
9.170695	2.155789	1.687215	9.088476	2.051185	1.692689	3.198690	-50.152200	25.000000
9.170695	2.155789	1.687215	9.521554	1.913548	1.693768	3.198690	-49.591400	25.000000
9.170695	2.155789	1.687215	8.665656	1.973985	1.704177	3.198690	-48.493700	25.000000
9.170695	2.155789	1.687215	8.535016	1.495741	1.732468	3.198690	-47.933000	25.000000
9.170695	2.155789	1.687215	9.807349	1.155153	1.767099	3.198690	-46.835300	25.000000
9.170695	2.155789	1.687215	10.519981	1.515635	1.768192	3.198690	-46.274500	25.000000
9.170695	2.155789	1.687215	7.706575	1.737662	1.800455	3.198690	-45.176800	25.000000
9.170695	2.155789	1.687215	12.100930	2.460364	1.748889	3.198690	-44.616000	25.000000
9.170695	2.155789	1.687215	4.428724	2.899900	3.141593	3.198690	-43.518300	25.000000
9.170695	2.155789	1.687215	6.237187	2.288090	4.701751	3.198690	-42.957500	25.000000
9.170695	2.155789	1.687215	11.314751	2.343681	4.325005	3.198690	-41.859800	25.000000
9.170695	2.155789	1.687215	6.811879	1.133788	2.436481	3.198690	-41.299000	25.000000
9.170695	2.155789	1.687215	9.858481	1.839895	4.564540	3.198690	-40.201300	25.000000
9.170695	2.155789	1.687215	12.045746	0.919745	4.393939	3.198690	-39.640500	25.000000
9.170695	2.155789	1.687215	4.273172	0.856282	2.859038	3.198690	-38.542800	25.000000
9.170695	2.155789	1.687215	10.195960	0.313185	4.214567	3.198690	-37.982000	25.000000
9.170695	2.155789	1.687215	7.938703	0.334000	3.548503	3.198690	-36.884300	25.000000
9.170695	2.155789	1.687215	8.364186	0.334717	1.998629	3.198690	-36.323600	25.000000
9.170695	2.155789	1.687215	9.872406	0.423559	1.850450	3.198690	-35.225900	25.000000
9.170695	2.155789	1.687215	9.647051	1.165923	1.896826	3.198690	-34.665100	25.000000
9.170695	2.155789	1.687215	8.628534	0.864515	1.795083	3.198690	-33.567400	25.000000
9.170695	2.155789	1.687215	8.524084	1.069013	1.998531	3.198690	-33.006600	25.000000
9.170695	2.155789	1.687215	9.770875	1.092179	1.936315	3.198690	-31.908900	25.000000
9.170695	2.155789	1.687215	9.318498	1.495606	1.774524	3.198690	-31.348100	25.000000
9.170695	2.155789	1.687215	9.069730	1.051631	1.880499	3.198690	-30.250400	25.000000
9.170695	2.155789	1.687215	10.999091	1.828196	1.731308	3.198690	-29.689600	25.000000
9.170695	2.155789	1.687215	6.892235	2.053630	1.533109	3.198690	-28.591900	25.000000
9.170695	2.155789	1.687215	9.396707	2.460473	1.899495	3.198690	-28.031100	25.000000
9.170695	2.155789	1.687215	9.041466	2.529507	1.845659	3.198690	-26.933400	25.000000
9.170695	2.155789	1.687215	9.535387	2.320841	1.796306	3.198690	-26.372600	25.000000
9.170695	2.155789	1.687215	8.811924	2.367335	1.800028	3.198690	-25.274900	25.000000
9.170695	2.155789	1.687215	9.331645	2.227898	1.725709	3.198690	-24.714100	25.000000
9.170695	2.155789	1.687215	9.030399	2.239702	1.725270	3.198690	-23.616400	25.000000
9.170695	2.155789	1.687215	9.216295	2.196810	1.706445	3.198690	-23.055700	25.000000
9.170695	2.155789	1.687215	9.096203	2.179333	1.701134	3.198690	-21.958000	25.000000
9.170695	2.155789	1.687215	9.174617	2.173390	1.695480	3.198690	-21.397200	25.000000
9.170695	2.155789	1.687215	9.175647	2.173313	1.696792	3.198690	-20.299500	25.000000
9.170695	2.155789	1.687215	9.254534	2.167461	1.691263	3.198690	-18.641000	25.000000
9.170695	2.155789	1.687215	9.223996	2.143688	1.685870	4.027940	-61.200800	25.000000
9.170695	2.155789	1.687215	9.172137	2.134389	1.688432	4.027940	-55.127700	25.000000
9.170695	2.155789	1.687215	9.173135	2.134320	1.689713	4.027940	-54.566900	25.000000
9.170695	2.155789	1.687215	9.225947	2.143552	1.688432	4.027940	-53.469200	25.000000
9.170695	2.155789	1.687215	9.291588	2.113667	1.689227	4.027940	-52.908400	25.000000
9.170695	2.155789	1.687215	9.122149	2.124912	1.692273	4.027940	-51.810700	25.000000
9.170695	2.155789	1.687215	9.272001	2.065246	1.693632	4.027940	-51.249900	25.000000
9.170695	2.155789	1.687215	9.012219	2.080852	1.699567	4.027940	-50.152200	25.000000
9.170695	2.155789	1.687215	9.560696	1.979544	1.699958	4.027940	-49.591400	25.000000
9.170695	2.155789	1.687215	8.738083	1.958061	1.720909	4.027940	-48.493700	25.000000
9.170695	2.155789	1.687215	8.678992	1.665418	1.751167	4.027940	-47.933000	25.000000
9.170695	2.155789	1.687215	9.624994	1.328430	1.799681	4.027940	-46.835300	25.000000
9.170695	2.155789	1.687215	7.737842	1.494474	1.807602	4.027940	-46.274500	25.000000
9.170695	2.155789	1.687215	10.416487	1.701732	1.859471	4.027940	-45.176800	25.000000
9.170695	2.155789	1.687215	10.218610	2.764329	2.845047	4.027940	-44.616000	25.000000
9.170695	2.155789	1.687215	7.900000	2.015710	1.825979	4.027940	-43.518300	25.000000
9.170695	2.155789	1.687215	10.980437	2.074505	4.416948	4.027940	-42.957500	25.000000
9.170695	2.155789	1.687215	6.868770	2.475378	3.893670	4.027940	-41.859800	25.000000
9.170695	2.155789	1.687215	9.072624	2.244462	4.552341	4.027940	-41.299000	25.000000
9.170695	2.155789	1.687215	7.788177	0.352240	2.954416	4.027940	-40.201300	25.000000
9.170695	2.155789	1.687215	8.140178	0.099397	3.522099	4.027940	-39.640500	25.000000
9.170695	2.155789	1.687215	9.965159	1.021816	4.698272	4.027940	-38.542800	25.000000
9.170695	2.155789	1.687215	9.448899	0.101780	0.010416	4.027940	-37.982000	25.000000
9.170695	2.155789	1.687215	8.810857	0.219215	5.645947	4.027940	-36.884300	25.000000
9.170695	2.155789	1.687215	8.728854	0.537055	1.163258	4.027940	-36.323600	25.000000
9.170695	2.155789	1.687215	9.629663	0.443026	1.059463	4.027940	-35.225900	25.000000
9.170695	2.155789	1.687215	9.603810	0.882575	1.640010	4.027940	-34.665100	25.000000
9.170695	2.155789	1.687215	8.676387	0.758151	1.422238	4.027940	-33.567400	25.000000
9.170695	2.155789	1.687215	8.451775	1.037042	1.715609	4.027940	-33.006600	25.000000
9.170695	2.155789	1.687215	9.819348	1.083246	1.702586	4.027940	-31.908900	25.000000
9.170695	2.155789	1.687215	9.333065	1.236752	1.633215	4.027940	-31.348100	25.000000
9.170695	2.155789	1.687215	8.894515	1.647323	1.695151	4.027940	-30.250400	25.000000
9.170695	2.155789	1.687215	8.301831	1.814100	1.824203	4.027940	-29.689600	25.000000
9.170695	2.155789	1.687215	9.931369	2.542179	2.112746	4.027940	-28.591900	25.000000
9.170695	2.155789	1.687215	9.098687	2.465993	1.988842	4.027940	-28.031100	25.000000
9.170695	2.155789	1.687215	9.199326	2.543032	2.127760	4.027940	-26.933400	25.000000
9.170695	2.155789	1.687215	9.406918	2.276355	1.783255	4.027940	-26.372600	25.000000
9.170695	2.155789	1.687215	8.878564	2.297650	1.772626	4.027940	-25.274900	25.000000
9.170695	2.155789	1.687215	9.141860	2.202709	1.714994	4.027940	-24.714100	25.000000
9.170695	2.155789	1.687215	9.194868	2.225640	1.730535	4.027940	-23.616400	25.000000
9.170695	2.155789	1.687215	9.096203	2.179333	1.701134	4.027940	-23.055700	25.000000
9.170695	2.155789	1.687215	9.240152	2.181670	1.705967	4.027940	-21.958000	25.000000
9.170695	2.155789	1.687215	9.175647	2.173313	1.696792	4.027940	-21.397200	25.000000
9.170695	2.155789	1.687215	9.118311	2.164354	1.695480	4.027940	-20.299500	25.000000
9.170695	2.155789	1.687215	9.173598	2.173466	1.694167	4.027940	-18.641000	25.000000
9.170695	2.155789	1.687215	9.225947	2.143552	1.688432	4.857180	-55.127700	25.000000
9.170695	2.155789	1.687215	9.173135	2.134320	1.689713	4.857180	-54.566900	25.000000
9.170695	2.155789	1.687215	9.173135	2.134320	1.689713	4.857180	-53.469200	25.000000
9.170695	2.155789	1.687215	9.159170	2.109644	1.695782	4.857180	-52.908400	25.000000
9.170695	2.155789	1.687215	9.260265	2.128386	1.691994	4.857180	-51.810700	25.000000
9.170695	2.155789	1.687215	9.111537	2.100010	1.699567	4.857180	-51.249900	25.000000
9.170695	2.155789	1.687215	9.238642	2.079545	1.701300	4.857180	-50.152200	25.000000
9.170695	2.155789	1.687215	8.852282	2.014478	1.725252	4.857180	-49.591400	25.000000
9.170695	2.155789	1.687215	9.483544	1.983071	1.713995	4.857180	-48.493700	25.000000
9.170695	2.155789	1.687215	8.293883	1.547886	1.836837	4.857180	-47.933000	25.000000
9.170695	2.155789	1.687215	9.951342	1.769051	1.750100	4.857180	-46.835300	25.000000
9.170695	2.155789	1.687215	10.089154	1.680540	1.864163	4.857180	-46.274500	25.000000
9.170695	2.155789	1.687215	8.193824	1.481096	1.869295	4.857180	-45.176800	25.000000
9.170695	2.155789	1.687215	7.353611	2.066848	1.859291	4.857180	-44.616000	25.000000
9.170695	2.155789	1.687215	10.688784	2.953369	1.565796	4.857180	-43.518300	25.000000
9.170695	2.155789	1.687215	11.177656	2.202430	5.735161	4.857180	-42.957500	25.000000
9.170695	2.155789	1.687215	6.224950	2.378783	4.092139	4.857180	-41.859800	25.000000
9.170695	2.155789	1.687215	10.134397	1.719552	4.923482	4.857180	-41.299000	25.000000
9.170695	2.155789	1.687215	6.672548	1.308529	0.730508	4.857180	-40.201300	25.000000
9.170695	2.155789	1.687215	8.432082	0.979551	5.507888	4.857180	-39.640500	25.000000
9.170695	2.155789	1.687215	9.844288	0.794118	6.096962	4.857180	-38.542800	25.000000
9.170695	2.155789	1.687215	9.446883	0.704159	0.322785	4.857180	-37.982000	25.000000
9.170695	2.155789	1.687215	8.881447	0.733072	0.341439	4.857180	-36.884300	25.000000
9.170695	2.155789	1.687215	9.501053	0.817380	0.785398	4.857180	-36.323600	25.000000
9.170695	2.155789	1.687215	8.724105	0.796501	0.717322	4.857180	-35.225900	25.000000
9.170695	2.155789	1.687215	10.012992	0.810543	1.051650	4.857180	-34.665100	25.000000
9.170695	2.155789	1.687215	8.261961	0.809433	1.212026	4.857180	-33.567400	25.000000
9.170695	2.155789	1.687215	9.206107	1.072484	1.424352	4.857180	-33.006600	25.000000
9.170695	2.155789	1.687215	9.123464	1.427820	1.488759	4.857180	-31.908900	25.000000
9.170695	2.155789	1.687215	10.631328	1.633859	1.526957	4.857180	-31.348100	25.000000
9.170695	2.155789	1.687215	7.432032	1.758932	1.586411	4.857180	-30.250400	25.000000
9.170695	2.155789	1.687215	8.144937	2.455120	2.121182	4.857180	-29.689600	25.000000
9.170695	2.155789	1.687215	10.080179	2.159815	1.873681	4.857180	-28.591900	25.000000
9.170695	2.155789	1.687215	9.197114	2.419214	1.971153	4.857180	-28.031100	25.000000
9.170695	2.155789	1.687215	9.109885	2.334438	1.863709	4.857180	-26.933400	25.000000
9.170695	2.155789	1.687215	9.125042	2.259599	1.773760	4.857180	-26.372600	25.000000
9.170695	2.155789	1.687215	9.205303	2.224770	1.741345	4.857180	-25.274900	25.000000
9.170695	2.155789	1.687215	9.226592	2.196003	1.718364	4.857180	-24.714100	25.000000
9.170695	2.155789	1.687215	9.084322	2.193733	1.716335	4.857180	-23.616400	25.000000
9.170695	2.155789	1.687215	9.178802	2.173076	1.700727	4.857180	-23.055700	25.000000
9.170695	2.155789	1.687215	9.098357	2.179168	1.703790	4.857180	-21.958000	25.000000
9.170695	2.155789	1.687215	9.256544	2.167314	1.693856	4.857180	-21.397200	25.000000
9.170695	2.155789	1.687215	9.174617	2.173390	1.695480	4.857180	-20.299500	25.000000
9.170695	2.155789	1.687215	9.224966	2.143620	1.687151	5.686420	-56.786200	25.000000
9.170695	2.155789	1.687215	9.225947	2.143552	1.688432	5.686420	-55.127700	25.000000
9.170695	2.155789	1.687215	9.226939	2.143482	1.689713	5.686420	-54.566900	25.000000
9.170695	2.155789	1.687215	9.227941	2.143412	1.690993	5.686420	-53.469200	25.000000
9.170695	2.155789	1.687215	9.126357	2.124627	1.697388	5.686420	-52.908400	25.000000
9.170695	2.155789	1.687215	9.260265	2.128386	1.691994	5.686420	-51.810700	25.000000
9.170695	2.155789	1.687215	9.248805	2.103859	1.699200	5.686420	-51.249900	25.000000
9.170695	2.155789	1.687215	9.156861	2.084533	1.707905	5.686420	-50.152200	25.000000
9.170695	2.155789	1.687215	9.269439	2.005054	1.732035	5.686420	-49.591400	25.000000
9.170695	2.155789	1.687215	9.071516	2.064637	1.719067	5.686420	-48.493700	25.000000
9.170695	2.155789	1.687215	9.606352	1.740244	1.809628	5.686420	-47.933000	25.000000
9.170695	2.155789	1.687215	8.691220	1.920772	1.771795	5.686420	-46.835300	25.000000
9.170695	2.155789	1.687215	9.687729	1.530528	1.918685	5.686420	-46.274500	25.000000
9.170695	2.155789	1.687215	8.525280	1.509763	1.918563	5.686420	-45.176800	25.000000
9.170695	2.155789	1.687215	7.170223	2.615324	1.540250	5.686420	-44.616000	25.000000
9.170695	2.155789	1.687215	10.759930	2.129094	1.646476	5.686420	-43.518300	25.000000
9.170695	2.155789	1.687215	6.479197	2.556094	5.339132	5.686420	-42.957500	25.000000
9.170695	2.155789	1.687215	11.004435	2.236907	0.896777	5.686420	-41.859800	25.000000
9.170695	2.155789	1.687215	8.609506	2.040910	0.482293	5.686420	-41.299000	25.000000
9.170695	2.155789	1.687215	9.619751	1.695865	5.834532	5.686420	-40.201300	25.000000
9.170695	2.155789	1.687215	9.760845	1.348707	0.215935	5.686420	-39.640500	25.000000
9.170695	2.155789	1.687215	8.433345	1.479365	0.153011	5.686420	-38.542800	25.000000
9.170695	2.155789	1.687215	9.309672	1.162075	0.447942	5.686420	-37.982000	25.000000
9.170695	2.155789	1.687215	9.077995	1.314644	0.524796	5.686420	-36.884300	25.000000
9.170695	2.155789	1.687215	8.248030	1.022380	0.393698	5.686420	-36.323600	25.000000
9.170695	2.155789	1.687215	10.041414	0.866734	0.504560	5.686420	-35.225900	25.000000
9.170695	2.155789	1.687215	8.810221	0.867185	0.774872	5.686420	-34.665100	25.000000
9.170695	2.155789	1.687215	9.579144	1.093554	1.159732	5.686420	-33.567400	25.000000
9.170695	2.155789	1.687215	10.604692	1.682583	1.485291	5.686420	-33.006600	25.000000
9.170695	2.155789	1.687215	7.489681	1.468477	1.369452	5.686420	-31.908900	25.000000
9.170695	2.155789	1.687215	10.421612	2.256605	1.912152	5.686420	-31.348100	25.000000
9.170695	2.155789	1.687215	7.846815	1.828520	1.418648	5.686420	-30.250400	25.000000
9.170695	2.155789	1.687215	8.905616	2.457182	2.153873	5.686420	-29.689600	25.000000
9.170695	2.155789	1.687215	9.466784	2.372153	2.095592	5.686420	-28.591900	25.000000
9.170695	2.155789	1.687215	9.395536	2.263475	1.823826	5.686420	-28.031100	25.000000
9.170695	2.155789	1.687215	8.869047	2.298605	1.830426	5.686420	-26.933400	25.000000
9.170695	2.155789	1.687215	9.074448	2.208158	1.730535	5.686420	-26.372600	25.000000
9.170695	2.155789	1.687215	9.236282	2.208656	1.751011	5.686420	-25.274900	25.000000
9.170695	2.155789	1.687215	9.240152	2.181670	1.705967	5.686420	-24.714100	25.000000
9.170695	2.155789	1.687215	9.167230	2.187251	1.717042	5.686420	-23.616400	25.000000
9.170695	2.155789	1.687215	9.260691	2.167010	1.699036	5.686420	-23.055700	25.000000
9.170695	2.155789	1.687215	9.121453	2.164122	1.699416	5.686420	-21.958000	25.000000
9.170695	2.155789	1.687215	9.174617	2.173390	1.695480	5.686420	-21.397200	25.000000
9.170695	2.155789	1.687215	9.174617	2.173390	1.695480	5.686420	-20.299500	25.000000
9.170695	2.155789	1.687215	9.225947	2.143552	1.688432	6.515670	-56.225400	25.000000
9.170695	2.155789	1.687215	9.174143	2.134251	1.690993	6.515670	-54.566900	25.000000
9.170695	2.155789	1.687215	9.090374	2.140083	1.692559	6.515670	-53.469200	25.000000
9.170695	2.155789	1.687215	9.264454	2.128104	1.697044	6.515670	-52.908400	25.000000
9.170695	2.155789	1.687215	9.176192	2.134110	1.693553	6.515670	-51.810700	25.000000
9.170695	2.155789	1.687215	9.251032	2.103717	1.701689	6.515670	-51.249900	25.000000
9.170695	2.155789	1.687215	9.083149	2.114655	1.707599	6.515670	-50.152200	25.000000
9.170695	2.155789	1.687215	8.952005	2.084619	1.727932	6.515670	-49.591400	25.000000
9.170695	2.155789	1.687215	9.392172	2.058360	1.724454	6.515670	-48.493700	25.000000
9.170695	2.155789	1.687215	8.832893	1.905319	1.812868	6.515670	-47.933000	25.000000
9.170695	2.155789	1.687215	9.530666	1.980909	1.750240	6.515670	-46.835300	25.000000
9.170695	2.155789	1.687215	8.215304	1.483653	2.039908	6.515670	-46.274500	25.000000
9.170695	2.155789	1.687215	10.026762	1.684136	1.876675	6.515670	-45.176800	25.000000
9.170695	2.155789	1.687215	10.069762	1.873311	1.781454	6.515670	-44.616000	25.000000
9.170695	2.155789	1.687215	8.170685	1.830730	1.961886	6.515670	-43.518300	25.000000
9.170695	2.155789	1.687215	7.923137	2.338062	1.537475	6.515670	-42.957500	25.000000
9.170695	2.155789	1.687215	10.275213	2.218546	1.156289	6.515670	-41.859800	25.000000
9.170695	2.155789	1.687215	10.077202	2.056012	0.753663	6.515670	-41.299000	25.000000
9.170695	2.155789	1.687215	8.178631	2.275792	0.830821	6.515670	-40.201300	25.000000
9.170695	2.155789	1.687215	8.022468	2.036151	0.526066	6.515670	-39.640500	25.000000
9.170695	2.155789	1.687215	10.143471	1.719219	0.410127	6.515670	-38.542800	25.000000
9.170695	2.155789	1.687215	9.423216	1.569735	0.365726	6.515670	-37.982000	25.000000
9.170695	2.155789	1.687215	8.836685	1.275699	6.091589	6.515670	-36.884300	25.000000
9.170695	2.155789	1.687215	8.839683	1.138929	0.238936	6.515670	-36.323600	25.000000
9.170695	2.155789	1.687215	9.489468	1.040459	0.441793	6.515670	-35.225900	25.000000
9.170695	2.155789	1.687215	11.123943	1.445513	1.257642	6.515670	-34.665100	25.000000
9.170695	2.155789	1.687215	6.717805	1.294899	0.961338	6.515670	-33.567400	25.000000
9.170695	2.155789	1.687215	7.689629	1.929566	1.573574	6.515670	-33.006600	25.000000
9.170695	2.155789	1.687215	10.444884	2.102991	1.720236	6.515670	-31.908900	25.000000
9.170695	2.155789	1.687215	9.478396	2.283814	1.972025	6.515670	-31.348100	25.000000
9.170695	2.155789	1.687215	8.869047	2.376923	2.100043	6.515670	-30.250400	25.000000
9.170695	2.155789	1.687215	9.512418	2.294670	1.957816	6.515670	-29.689600	25.000000
9.170695	2.155789	1.687215	8.736498	2.327838	1.904499	6.515670	-28.591900	25.000000
9.170695	2.155789	1.687215	9.387273	2.223335	1.777395	6.515670	-28.031100	25.000000
9.170695	2.155789	1.687215	8.937360	2.233682	1.773760	6.515670	-26.933400	25.000000
9.170695	2.155789	1.687215	9.233937	2.195429	1.726288	6.515670	-26.372600	25.000000
9.170695	2.155789	1.687215	9.092832	2.193061	1.725709	6.515670	-25.274900	25.000000
9.170695	2.155789	1.687215	9.179875	2.172996	1.702038	6.515670	-24.714100	25.000000
9.170695	2.155789	1.687215	9.186539	2.172497	1.709892	6.515670	-23.616400	25.000000
9.170695	2.155789	1.687215	9.176688	2.173235	1.698104	6.515670	-23.055700	25.000000
9.170695	2.155789	1.687215	9.258596	2.167163	1.696447	6.515670	-21.958000	25.000000
9.170695	2.155789	1.687215	9.117286	2.164430	1.694167	6.515670	-20.299500	25.000000
9.170695	2.155789	1.687215	9.224966	2.143620	1.687151	7.344910	-56.786200	25.000000
9.170695	2.155789	1.687215	9.090374	2.140083	1.692559	7.344910	-54.566900	25.000000
9.170695	2.155789	1.687215	9.180419	2.133819	1.698666	7.344910	-52.908400	25.000000
9.170695	2.155789	1.687215	9.093492	2.139864	1.696447	7.344910	-51.810700	25.000000
9.170695	2.155789	1.687215	9.134139	2.124100	1.706324	7.344910	-51.249900	25.000000
9.170695	2.155789	1.687215	9.267707	2.127885	1.700828	7.344910	-50.152200	25.000000
9.170695	2.155789	1.687215	9.264043	2.102889	1.715351	7.344910	-49.591400	25.000000
9.170695	2.155789	1.687215	9.139891	2.098196	1.728451	7.344910	-48.493700	25.000000
9.170695	2.155789	1.687215	9.326441	2.037934	1.745816	7.344910	-47.933000	25.000000
9.170695	2.155789	1.687215	8.881013	2.025437	1.782940	7.344910	-46.835300	25.000000
9.170695	2.155789	1.687215	9.009439	1.957764	1.812868	7.344910	-46.274500	25.000000
9.170695	2.155789	1.687215	9.288165	1.798862	1.920512	7.344910	-45.176800	25.000000
9.170695	2.155789	1.687215	9.343425	1.662970	2.015216	7.344910	-44.616000	25.000000
9.170695	2.155789	1.687215	8.950844	1.655807	2.099678	7.344910	-43.518300	25.000000
9.170695	2.155789	1.687215	7.725827	2.161054	1.933943	7.344910	-42.957500	25.000000
9.170695	2.155789	1.687215	10.417874	2.115705	1.727457	7.344910	-41.859800	25.000000
9.170695	2.155789	1.687215	9.579144	2.487155	0.540420	7.344910	-41.299000	25.000000
9.170695	2.155789	1.687215	8.718945	2.395039	1.486253	7.344910	-40.201300	25.000000
9.170695	2.155789	1.687215	8.666026	2.076761	6.137557	7.344910	-39.640500	25.000000
9.170695	2.155789	1.687215	9.601542	2.259212	0.714770	7.344910	-38.542800	25.000000
9.170695	2.155789	1.687215	9.244420	1.887609	0.296909	7.344910	-37.982000	25.000000
9.170695	2.155789	1.687215	9.130882	1.648633	0.258833	7.344910	-36.884300	25.000000
9.170695	2.155789	1.687215	7.538176	1.732010	0.938047	7.344910	-36.323600	25.000000
9.170695	2.155789	1.687215	10.548578	1.585017	0.738453	7.344910	-35.225900	25.000000
9.170695	2.155789	1.687215	7.354835	1.860352	1.365054	7.344910	-34.665100	25.000000
9.170695	2.155789	1.687215	10.612257	2.115622	1.896031	7.344910	-33.567400	25.000000
9.170695	2.155789	1.687215	9.396276	2.291397	2.225628	7.344910	-33.006600	25.000000
9.170695	2.155789	1.687215	9.018869	2.269331	2.170847	7.344910	-31.908900	25.000000
9.170695	2.155789	1.687215	9.207063	2.294994	2.086345	7.344910	-31.348100	25.000000
9.170695	2.155789	1.687215	9.056489	2.280312	1.943195	7.344910	-30.250400	25.000000
9.170695	2.155789	1.687215	9.040221	2.238843	1.806889	7.344910	-29.689600	25.000000
9.170695	2.155789	1.687215	9.357884	2.225737	1.815775	7.344910	-28.591900	25.000000
9.170695	2.155789	1.687215	9.094839	2.206499	1.750772	7.344910	-28.031100	25.000000
9.170695	2.155789	1.687215	9.323245	2.188540	1.733349	7.344910	-26.933400	25.000000
9.170695	2.155789	1.687215	9.108589	2.178385	1.715719	7.344910	-26.372600	25.000000
9.170695	2.155789	1.687215	9.249324	2.180976	1.716425	7.344910	-25.274900	25.000000
9.170695	2.155789	1.687215	9.182053	2.172833	1.704658	7.344910	-24.714100	25.000000
9.170695	2.155789	1.687215	9.178802	2.173076	1.700727	7.344910	-23.616400	25.000000
9.170695	2.155789	1.687215	9.120395	2.164200	1.698104	7.344910	-21.958000	25.000000
9.170695	2.155789	1.687215	9.224966	2.143620	1.687151	8.174150	-57.883900	25.000000
9.170695	2.155789	1.687215	9.225947	2.143552	1.688432	8.174150	-56.225400	25.000000
9.170695	2.155789	1.687215	9.175162	2.134181	1.692273	8.174150	-54.566900	25.000000
9.170695	2.155789	1.687215	9.148820	2.148998	1.697742	8.174150	-52.908400	25.000000
9.170695	2.155789	1.687215	9.229978	2.143270	1.693553	8.174150	-51.810700	25.000000
9.170695	2.155789	1.687215	9.185946	2.133439	1.705049	8.174150	-51.249900	25.000000
9.170695	2.155789	1.687215	9.181503	2.133744	1.699944	8.174150	-50.152200	25.000000
9.170695	2.155789	1.687215	9.091584	2.114094	1.716509	8.174150	-49.591400	25.000000
9.170695	2.155789	1.687215	9.177669	2.108439	1.715923	8.174150	-48.493700	25.000000
9.170695	2.155789	1.687215	9.023131	2.092916	1.746876	8.174150	-47.933000	25.000000
9.170695	2.155789	1.687215	9.368266	2.071844	1.739546	8.174150	-46.835300	25.000000
9.170695	2.155789	1.687215	8.835548	2.053341	1.812056	8.174150	-46.274500	25.000000
9.170695	2.155789	1.687215	9.464275	1.995528	1.798899	8.174150	-45.176800	25.000000
9.170695	2.155789	1.687215	9.337023	1.841855	1.994664	8.174150	-44.616000	25.000000
9.170695	2.155789	1.687215	9.044888	1.956167	1.873681	8.174150	-43.518300	25.000000
9.170695	2.155789	1.687215	8.967252	1.800300	2.085681	8.174150	-42.957500	25.000000
9.170695	2.155789	1.687215	9.421470	1.807573	2.122451	8.174150	-41.859800	25.000000
9.170695	2.155789	1.687215	8.329250	2.099306	2.013303	8.174150	-41.299000	25.000000
9.170695	2.155789	1.687215	9.893938	2.136111	1.763497	8.174150	-40.201300	25.000000
9.170695	2.155789	1.687215	8.541224	2.317277	1.337423	8.174150	-39.640500	25.000000
9.170695	2.155789	1.687215	9.776421	2.244584	1.468523	8.174150	-38.542800	25.000000
9.170695	2.155789	1.687215	8.576573	2.178914	1.465473	8.174150	-37.982000	25.000000
9.170695	2.155789	1.687215	9.689216	2.161952	1.323406	8.174150	-36.884300	25.000000
9.170695	2.155789	1.687215	8.302144	2.187273	2.141602	8.174150	-36.323600	25.000000
9.170695	2.155789	1.687215	9.996499	2.083083	1.732171	8.174150	-35.225900	25.000000
9.170695	2.155789	1.687215	8.910668	2.166541	2.279423	8.174150	-34.665100	25.000000
9.170695	2.155789	1.687215	9.291394	2.204267	2.166206	8.174150	-33.567400	25.000000
9.170695	2.155789	1.687215	8.807383	2.259880	2.027865	8.174150	-33.006600	25.000000
9.170695	2.155789	1.687215	9.485252	2.202339	1.987694	8.174150	-31.908900	25.000000
9.170695	2.155789	1.687215	9.095801	2.234031	1.844880	8.174150	-31.348100	25.000000
9.170695	2.155789	1.687215	9.319464	2.202057	1.815130	8.174150	-30.250400	25.000000
9.170695	2.155789	1.687215	9.117653	2.204654	1.770861	8.174150	-29.689600	25.000000
9.170695	2.155789	1.687215	9.112854	2.191486	1.745703	8.174150	-28.591900	25.000000
9.170695	2.155789	1.687215	9.109780	2.178295	1.717042	8.174150	-28.031100	25.000000
9.170695	2.155789	1.687215	9.179657	2.186292	1.730242	8.174150	-26.933400	25.000000
9.170695	2.155789	1.687215	9.180959	2.172915	1.703348	8.174150	-26.372600	25.000000
9.170695	2.155789	1.687215	9.130307	2.163468	1.709892	8.174150	-25.274900	25.000000
9.170695	2.155789	1.687215	9.122522	2.164043	1.700727	8.174150	-24.714100	25.000000
9.170695	2.155789	1.687215	9.119348	2.164278	1.696792	8.174150	-23.616400	25.000000
9.170695	2.155789	1.687215	9.118311	2.164354	1.695480	8.174150	-23.055700	25.000000
9.170686	2.155790	1.687202	9.225947	2.143552	1.688432	9.003390	-56.225400	25.000000
9.170686	2.155790	1.687202	9.227941	2.143412	1.690993	9.003390	-53.469200	25.000000
9.170686	2.155790	1.687202	9.231013	2.143198	1.694832	9.003390	-51.810700	25.000000
9.170686	2.155790	1.687202	9.178284	2.133966	1.696110	9.003390	-51.249900	25.000000
9.170686	2.155790	1.687202	9.182598	2.133669	1.701221	9.003390	-50.152200	25.000000
9.170686	2.155790	1.687202	9.274503	2.127429	1.708383	9.003390	-49.591400	25.000000
9.170686	2.155790	1.687202	9.136460	2.123943	1.708873	9.003390	-48.493700	25.000000
9.170686	2.155790	1.687202	9.186626	2.107858	1.724698	9.003390	-47.933000	25.000000
9.170686	2.155790	1.687202	9.072646	2.128292	1.731247	9.003390	-46.835300	25.000000
9.170686	2.155790	1.687202	9.252832	2.091102	1.749870	9.003390	-46.274500	25.000000
9.170686	2.155790	1.687202	9.053927	2.090960	1.770688	9.003390	-45.176800	25.000000
9.170686	2.155790	1.687202	9.294751	2.039654	1.836837	9.003390	-44.616000	25.000000
9.170686	2.155790	1.687202	9.130630	2.073612	1.795159	9.003390	-43.518300	25.000000
9.170686	2.155790	1.687202	9.172786	1.985990	1.949090	9.003390	-42.957500	25.000000
9.170686	2.155790	1.687202	9.088454	2.026527	1.869295	9.003390	-41.859800	25.000000
9.170686	2.155790	1.687202	9.146584	1.987253	2.055831	9.003390	-41.299000	25.000000
9.170686	2.155790	1.687202	9.278470	1.980974	1.981861	9.003390	-40.201300	25.000000
9.170686	2.155790	1.687202	9.369098	2.011897	2.103119	9.003390	-39.640500	25.000000
9.170686	2.155790	1.687202	9.036592	2.004806	2.094481	9.003390	-38.542800	25.000000
9.170686	2.155790	1.687202	9.352540	2.072766	2.094481	9.003390	-37.982000	25.000000
9.170686	2.155790	1.687202	8.933644	2.098689	2.115660	9.003390	-36.884300	25.000000
9.170686	2.155790	1.687202	8.933644	2.178368	2.022249	9.003390	-36.323600	25.000000
9.170686	2.155790	1.687202	9.347727	2.122562	2.040062	9.003390	-35.225900	25.000000
9.170686	2.155790	1.687202	9.350487	2.173432	1.895831	9.003390	-34.665100	25.000000
9.170686	2.155790	1.687202	8.921037	2.206944	1.937070	9.003390	-33.567400	25.000000
9.170686	2.155790	1.687202	9.132995	2.203420	1.840144	9.003390	-33.006600	25.000000
9.170686	2.155790	1.687202	9.172546	2.186841	1.794391	9.003390	-31.908900	25.000000
9.170686	2.155790	1.687202	9.201766	2.184594	1.751244	9.003390	-31.348100	25.000000
9.170686	2.155790	1.687202	9.136876	2.189607	1.766874	9.003390	-30.250400	25.000000
9.170686	2.155790	1.687202	9.197260	2.171697	1.721642	9.003390	-29.689600	25.000000
9.170686	2.155790	1.687202	9.124916	2.177142	1.732876	9.003390	-28.591900	25.000000
9.170686	2.155790	1.687202	9.129162	2.163553	1.708584	9.003390	-28.031100	25.000000
9.170686	2.155790	1.687202	9.190016	2.172238	1.713813	9.003390	-26.933400	25.000000
9.170686	2.155790	1.687202	9.262829	2.166853	1.701624	9.003390	-26.372600	25.000000
9.170686	2.155790	1.687202	9.122522	2.164043	1.700727	9.003390	-25.274900	25.000000
9.170686	2.155790	1.687202	9.119348	2.164278	1.696792	9.003390	-23.616400	25.000000
9.170695	2.155789	1.687215	9.226939	2.143482	1.689713	9.832640	-54.566900	25.000000
9.170695	2.155789	1.687215	9.227941	2.143412	1.690993	9.832640	-53.469200	25.000000
9.170695	2.155789	1.687215	9.228954	2.143342	1.692273	9.832640	-52.908400	25.000000
9.170695	2.155789	1.687215	9.231013	2.143198	1.694832	9.832640	-51.249900	25.000000
9.170695	2.155789	1.687215	9.096708	2.139638	1.700330	9.832640	-50.152200	25.000000
9.170695	2.155789	1.687215	9.098907	2.139483	1.702917	9.832640	-49.591400	25.000000
9.170695	2.155789	1.687215	9.102285	2.139246	1.706794	9.832640	-48.493700	25.000000
9.170695	2.155789	1.687215	9.108134	2.138836	1.713246	9.832640	-47.933000	25.000000
9.170695	2.155789	1.687215	9.195347	2.132795	1.715238	9.832640	-46.835300	25.000000
9.170695	2.155789	1.687215	9.156577	2.122587	1.729198	9.832640	-46.274500	25.000000
9.170695	2.155789	1.687215	9.076762	2.128009	1.735091	9.832640	-45.176800	25.000000
9.170695	2.155789	1.687215	9.179439	2.121055	1.749392	9.832640	-44.616000	25.000000
9.170695	2.155789	1.687215	9.151590	2.110139	1.768192	9.832640	-43.518300	25.000000
9.170695	2.155789	1.687215	9.066206	2.102936	1.804599	9.832640	-42.957500	25.000000
9.170695	2.155789	1.687215	9.208089	2.093888	1.781715	9.832640	-41.859800	25.000000
9.170695	2.155789	1.687215	9.174688	2.095989	1.816386	9.832640	-41.299000	25.000000
9.170695	2.155789	1.687215	9.209674	2.093789	1.835839	9.832640	-40.201300	25.000000
9.170695	2.155789	1.687215	9.169847	2.121697	1.854898	9.832640	-39.640500	25.000000
9.170695	2.155789	1.687215	9.108375	2.112981	1.849976	9.832640	-38.542800	25.000000
9.170695	2.155789	1.687215	9.120307	2.137984	1.847310	9.832640	-37.982000	25.000000
9.170695	2.155789	1.687215	9.262122	2.141035	1.847510	9.832640	-36.884300	25.000000
9.170695	2.155789	1.687215	9.141253	2.149538	1.828453	9.832640	-36.323600	25.000000
9.170695	2.155789	1.687215	9.163738	2.161013	1.808129	9.832640	-35.225900	25.000000
9.170695	2.155789	1.687215	9.090677	2.179756	1.776082	9.832640	-34.665100	25.000000
9.170695	2.155789	1.687215	9.272519	2.166144	1.786074	9.832640	-33.567400	25.000000
9.170695	2.155789	1.687215	9.141603	2.175877	1.748627	9.832640	-33.006600	25.000000
9.170695	2.155789	1.687215	9.225644	2.169590	1.748889	9.832640	-31.908900	25.000000
9.170695	2.155789	1.687215	9.150087	2.162013	1.730751	9.832640	-31.348100	25.000000
9.170695	2.155789	1.687215	9.141094	2.162674	1.721642	9.832640	-30.250400	25.000000
9.170695	2.155789	1.687215	9.270647	2.166281	1.710666	9.832640	-29.689600	25.000000
9.170695	2.155789	1.687215	9.188846	2.172325	1.712507	9.832640	-28.591900	25.000000
9.170695	2.155789	1.687215	9.126905	2.163719	1.705967	9.832640	-28.031100	25.000000
9.170695	2.155789	1.687215	9.260691	2.167010	1.699036	9.832640	-26.933400	25.000000
9.170686	2.155790	1.687202	9.095625	2.139714	1.699036	10.661900	-49.591400	25.000000
9.170686	2.155790	1.687202	9.181503	2.133744	1.699944	10.661900	-48.493700	25.000000
9.170686	2.155790	1.687202	9.158799	2.148287	1.709376	10.661900	-47.933000	25.000000
9.170686	2.155790	1.687202	9.153147	2.148689	1.702917	10.661900	-46.835300	25.000000
9.170686	2.155790	1.687202	9.167164	2.147692	1.718399	10.661900	-46.274500	25.000000
9.170686	2.155790	1.687202	9.162320	2.148036	1.713246	10.661900	-45.176800	25.000000
9.170686	2.155790	1.687202	9.118054	2.138142	1.723545	10.661900	-44.616000	25.000000
9.170686	2.155790	1.687202	9.127300	2.137497	1.732529	10.661900	-43.518300	25.000000
9.170686	2.155790	1.687202	9.216203	2.131370	1.735524	10.661900	-42.957500	25.000000
9.170686	2.155790	1.687202	9.141422	2.136514	1.745318	10.661900	-41.859800	25.000000
9.170686	2.155790	1.687202	9.233634	2.130186	1.750650	10.661900	-41.299000	25.000000
9.170686	2.155790	1.687202	9.153491	2.135677	1.755509	10.661900	-40.201300	25.000000
9.170686	2.155790	1.687202	9.158193	2.135351	1.759320	10.661900	-39.640500	25.000000
9.170686	2.155790	1.687202	9.128176	2.150474	1.760488	10.661900	-38.542800	25.000000
9.170686	2.155790	1.687202	9.123492	2.150811	1.756627	10.661900	-37.982000	25.000000
9.170686	2.155790	1.687202	9.181770	2.159699	1.759202	10.661900	-36.884300	25.000000
9.170686	2.155790	1.687202	9.166728	2.160795	1.746305	10.661900	-36.323600	25.000000
9.170686	2.155790	1.687202	9.168184	2.160689	1.747597	10.661900	-35.225900	25.000000
9.170686	2.155790	1.687202	9.156834	2.161519	1.737242	10.661900	-34.665100	25.000000
9.170686	2.155790	1.687202	9.148770	2.162110	1.729452	10.661900	-33.567400	25.000000
9.170686	2.155790	1.687202	9.137401	2.162946	1.717730	10.661900	-33.006600	25.000000
9.170686	2.155790	1.687202	9.142347	2.162582	1.722945	10.661900	-31.908900	25.000000
9.170686	2.155790	1.687202	9.210369	2.157626	1.705502	10.661900	-31.348100	25.000000
9.170686	2.155790	1.687202	9.132628	2.163297	1.712507	10.661900	-30.250400	25.000000
9.170686	2.155790	1.687202	9.124692	2.163883	1.703348	10.661900	-29.689600	25.000000
9.170686	2.155790	1.687202	9.207063	2.157865	1.701624	10.661900	-28.591900	25.000000
9.170686	2.155790	1.687202	9.120395	2.164200	1.698104	10.661900	-26.933400	25.000000
9.170686	2.155790	1.687202	9.228954	2.143342	1.692273	11.491100	-50.152200	25.000000
9.170686	2.155790	1.687202	9.229978	2.143270	1.693553	11.491100	-49.591400	25.000000
9.170686	2.155790	1.687202	9.231013	2.143198	1.694832	11.491100	-48.493700	25.000000
9.170686	2.155790	1.687202	9.152049	2.148767	1.701624	11.491100	-47.933000	25.000000
9.170686	2.155790	1.687202	9.149885	2.148922	1.699036	11.491100	-46.835300	25.000000
9.170686	2.155790	1.687202	9.155375	2.148530	1.705502	11.491100	-46.274500	25.000000
9.170686	2.155790	1.687202	9.237446	2.142749	1.702497	11.491100	-45.176800	25.000000
9.170686	2.155790	1.687202	9.243100	2.142355	1.708873	11.491100	-44.616000	25.000000
9.170686	2.155790	1.687202	9.161135	2.148121	1.711956	11.491100	-43.518300	25.000000
9.170686	2.155790	1.687202	9.113007	2.138495	1.718399	11.491100	-42.957500	25.000000
9.170686	2.155790	1.687202	9.194134	2.132878	1.713966	11.491100	-41.859800	25.000000
9.170686	2.155790	1.687202	9.169651	2.147516	1.720973	11.491100	-41.299000	25.000000
9.170686	2.155790	1.687202	9.169651	2.147516	1.720973	11.491100	-40.201300	25.000000
9.170686	2.155790	1.687202	9.172181	2.147336	1.723545	11.491100	-39.640500	25.000000
9.170686	2.155790	1.687202	9.172181	2.147336	1.723545	11.491100	-38.542800	25.000000
9.170686	2.155790	1.687202	9.224560	2.156603	1.720973	11.491100	-37.982000	25.000000
9.170686	2.155790	1.687202	9.225812	2.156513	1.722259	11.491100	-36.884300	25.000000
9.170686	2.155790	1.687202	9.220868	2.156869	1.717112	11.491100	-36.323600	25.000000
9.170686	2.155790	1.687202	9.220868	2.156869	1.717112	11.491100	-35.225900	25.000000
9.170686	2.155790	1.687202	9.078348	2.154072	1.713813	11.491100	-34.665100	25.000000
9.170686	2.155790	1.687202	9.158799	2.148287	1.709376	11.491100	-33.567400	25.000000
9.170686	2.155790	1.687202	9.070287	2.154659	1.704658	11.491100	-33.006600	25.000000
9.170686	2.155790	1.687202	9.211493	2.157545	1.706794	11.491100	-31.908900	25.000000
9.170686	2.155790	1.687202	9.205982	2.157943	1.700330	11.491100	-31.348100	25.000000
9.170686	2.155790	1.687202	9.205982	2.157943	1.700330	11.491100	-30.250400	25.000000
9.170686	2.155790	1.687202	9.119348	2.164278	1.696792	11.491100	-28.591900	25.000000
9.170686	2.155790	1.687202	9.147765	2.149073	1.696447	12.320400	-46.835300	25.000000
9.170686	2.155790	1.687202	9.233114	2.143051	1.697388	12.320400	-45.176800	25.000000
9.170686	2.155790	1.687202	9.150962	2.148845	1.700330	12.320400	-44.616000	25.000000
9.170686	2.155790	1.687202	9.152049	2.148767	1.701624	12.320400	-43.518300	25.000000
9.170686	2.155790	1.687202	9.154256	2.148610	1.704210	12.320400	-42.957500	25.000000
9.170686	2.155790	1.687202	9.154256	2.148610	1.704210	12.320400	-41.859800	25.000000
9.170686	2.155790	1.687202	9.155375	2.148530	1.705502	12.320400	-41.299000	25.000000
9.170686	2.155790	1.687202	9.211493	2.157545	1.706794	12.320400	-40.201300	25.000000
9.170686	2.155790	1.687202	9.129162	2.163553	1.708584	12.320400	-39.640500	25.000000
9.170686	2.155790	1.687202	9.156506	2.148450	1.706794	12.320400	-38.542800	25.000000
9.170686	2.155790	1.687202	9.155375	2.148530	1.705502	12.320400	-37.982000	25.000000
9.170686	2.155790	1.687202	9.211493	2.157545	1.706794	12.320400	-36.884300	25.000000
9.170686	2.155790	1.687202	9.208154	2.157786	1.702917	12.320400	-36.323600	25.000000
9.170686	2.155790	1.687202	9.153147	2.148689	1.702917	12.320400	-35.225900	25.000000
9.170686	2.155790	1.687202	9.152049	2.148767	1.701624	12.320400	-34.665100	25.000000
9.170686	2.155790	1.687202	9.150962	2.148845	1.700330	12.320400	-33.567400	25.000000
9.170686	2.155790	1.687202	9.204912	2.158020	1.699036	12.320400	-33.006600	25.000000
9.170686	2.155790	1.687202	9.117286	2.164430	1.694167	12.320400	-28.591900	25.000000
9.170686	2.155790	1.687202	9.148820	2.148998	1.697742	13.149600	-41.859800	25.000000
9.170686	2.155790	1.687202	9.148820	2.148998	1.697742	13.149600	-37.982000	25.000000
9.170686	2.155790	1.687202	9.121453	2.164122	1.699416	13.149600	-36.884300	25.000000
9.170686	2.155790	1.687202	9.147765	2.149073	1.696447	13.149600	-36.323600	25.000000
9.170686	2.155790	1.687202	9.148820	2.148998	1.697742	13.149600	-35.225900	25.000000
9.170686	2.155790	1.687202	9.147765	2.149073	1.696447	13.149600	-33.567400	25.000000
