12.174064	2.070838	2.563585	12.248265	2.073391	2.548422	27.753200	-29.450700	25.000000
12.174064	2.070838	2.563585	12.126830	2.078904	2.550972	27.753200	-28.353000	25.000000
12.174064	2.070838	2.563585	12.202459	2.084842	2.530096	27.753200	-27.881600	25.000000
12.174064	2.070838	2.563585	12.161414	2.096228	2.511399	27.753200	-26.783900	25.000000
12.174064	2.070838	2.563585	12.149486	2.145079	2.488288	27.753200	-26.312500	25.000000
12.174064	2.070838	2.563585	12.193851	2.104184	2.498092	27.753200	-25.214800	25.000000
12.174064	2.070838	2.563585	12.052386	2.221428	2.452195	27.753200	-24.743500	25.000000
12.174064	2.070838	2.563585	12.275993	2.167686	2.446854	27.753200	-23.645800	25.000000
12.174064	2.070838	2.563585	12.229881	2.251842	2.430683	27.753200	-23.174400	25.000000
12.174064	2.070838	2.563585	12.161003	2.277877	2.463473	27.753200	-22.076700	25.000000
12.174064	2.070838	2.563585	12.118168	2.291836	2.520066	27.753200	-21.605300	25.000000
12.174064	2.070838	2.563585	12.298374	2.279029	2.485244	27.753200	-20.507600	25.000000
12.174064	2.070838	2.563585	12.007498	2.256138	2.586414	27.753200	-20.036300	25.000000
12.174064	2.070838	2.563585	12.317873	2.215239	2.536690	27.753200	-18.938600	25.000000
12.174064	2.070838	2.563585	12.227019	2.140982	2.577844	27.753200	-18.467200	25.000000
12.174064	2.070838	2.563585	12.107849	2.187240	2.587285	27.753200	-17.369500	25.000000
12.174064	2.070838	2.563585	12.192211	2.123424	2.582993	27.753200	-16.898100	25.000000
12.174064	2.070838	2.563585	12.206965	2.103549	2.579969	27.753200	-15.800400	25.000000
12.174064	2.070838	2.563585	12.225383	2.074420	2.535457	28.537700	-29.450700	25.000000
12.174064	2.070838	2.563585	12.175796	2.086079	2.550972	28.537700	-28.353000	25.000000
12.174064	2.070838	2.563585	12.161003	2.115365	2.478863	28.537700	-27.881600	25.000000
12.174064	2.070838	2.563585	12.060680	2.091493	2.519121	28.537700	-26.783900	25.000000
12.174064	2.070838	2.563585	12.347064	2.134760	2.444400	28.537700	-26.312500	25.000000
12.174064	2.070838	2.563585	12.080977	2.199011	2.414101	28.537700	-25.214800	25.000000
12.174064	2.070838	2.563585	12.213108	2.306906	2.356194	28.537700	-24.743500	25.000000
12.174064	2.070838	2.563585	12.141664	2.236621	2.378413	28.537700	-23.645800	25.000000
12.174064	2.070838	2.563585	12.108262	2.337467	2.429235	28.537700	-23.174400	25.000000
12.174064	2.070838	2.563585	12.248265	2.326514	2.387930	28.537700	-22.076700	25.000000
12.174064	2.070838	2.563585	12.151543	2.345493	2.528037	28.537700	-21.605300	25.000000
12.174064	2.070838	2.563585	12.151132	2.334074	2.493536	28.537700	-20.507600	25.000000
12.174064	2.070838	2.563585	12.412091	2.281793	2.529996	28.537700	-20.036300	25.000000
12.174064	2.070838	2.563585	12.008330	2.299904	2.627987	28.537700	-18.938600	25.000000
12.174064	2.070838	2.563585	12.200410	2.212225	2.604682	28.537700	-18.467200	25.000000
12.174064	2.070838	2.563585	12.134249	2.165662	2.597760	28.537700	-17.369500	25.000000
12.174064	2.070838	2.563585	12.116518	2.107956	2.596231	28.537700	-16.898100	25.000000
12.174064	2.070838	2.563585	12.237647	2.121136	2.574863	28.537700	-15.800400	25.000000
12.174064	2.070838	2.563585	12.126830	2.078904	2.550972	29.322300	-31.491100	25.000000
12.174064	2.070838	2.563585	12.126830	2.078904	2.550972	29.322300	-31.019700	25.000000
12.174064	2.070838	2.563585	12.127654	2.069453	2.543174	29.322300	-29.922000	25.000000
12.174064	2.070838	2.563585	12.152777	2.087152	2.537843	29.322300	-29.450700	25.000000
12.174064	2.070838	2.563585	12.233152	2.083426	2.509348	29.322300	-28.353000	25.000000
12.174064	2.070838	2.563585	12.147428	2.145189	2.411693	29.322300	-27.881600	25.000000
12.174064	2.070838	2.563585	12.230290	2.102425	2.477222	29.322300	-26.783900	25.000000
12.174064	2.070838	2.563585	12.246632	2.219618	2.356194	29.322300	-26.312500	25.000000
12.174064	2.070838	2.563585	12.126830	2.176069	2.377468	29.322300	-25.214800	25.000000
12.174064	2.070838	2.563585	11.873079	2.201322	2.452195	29.322300	-24.743500	25.000000
12.174064	2.070838	2.563585	12.459936	2.119606	2.422763	29.322300	-23.645800	25.000000
12.174064	2.070838	2.563585	12.413299	2.020854	2.553590	29.322300	-23.174400	25.000000
12.174064	2.070838	2.563585	11.866760	2.110685	2.559040	29.322300	-22.076700	25.000000
12.174064	2.070838	2.563585	12.659384	2.166207	2.484734	29.322300	-21.605300	25.000000
12.174064	2.070838	2.563585	11.633142	2.073029	2.673559	29.322300	-20.507600	25.000000
12.174064	2.070838	2.563585	12.128067	2.313277	2.587738	29.322300	-20.036300	25.000000
12.174064	2.070838	2.563585	12.243366	2.304669	2.623811	29.322300	-18.938600	25.000000
12.174064	2.070838	2.563585	12.137133	2.175482	2.628658	29.322300	-18.467200	25.000000
12.174064	2.070838	2.563585	12.274364	2.238490	2.608290	29.322300	-17.369500	25.000000
12.174064	2.070838	2.563585	12.186058	2.133407	2.612820	29.322300	-16.898100	25.000000
12.174064	2.070838	2.563585	12.212698	2.112803	2.588059	29.322300	-15.800400	25.000000
12.174064	2.070838	2.563585	12.248265	2.073391	2.548422	30.106800	-31.491100	25.000000
12.174064	2.070838	2.563585	12.175796	2.076665	2.543174	30.106800	-31.019700	25.000000
12.174064	2.070838	2.563585	12.152777	2.087152	2.537843	30.106800	-29.922000	25.000000
12.174064	2.070838	2.563585	12.283729	2.099869	2.469797	30.106800	-29.450700	25.000000
12.174064	2.070838	2.563585	12.111565	2.089085	2.511399	30.106800	-28.353000	25.000000
12.174064	2.070838	2.563585	12.362848	2.153203	2.342497	30.106800	-27.881600	25.000000
12.174064	2.070838	2.563585	11.918893	2.147606	2.419938	30.106800	-26.783900	25.000000
12.174064	2.070838	2.563585	13.077462	1.988079	2.385772	30.106800	-26.312500	25.000000
12.174064	2.070838	2.563585	11.157509	1.966428	2.721396	30.106800	-25.214800	25.000000
12.174064	2.070838	2.563585	11.860675	1.726560	2.681762	30.106800	-24.743500	25.000000
12.174064	2.070838	2.563585	12.414202	1.717933	2.612346	30.106800	-23.645800	25.000000
12.174064	2.070838	2.563585	12.364388	1.644461	2.605346	30.106800	-23.174400	25.000000
12.174064	2.070838	2.563585	12.054559	1.627236	2.648214	30.106800	-22.076700	25.000000
12.174064	2.070838	2.563585	12.332477	1.935617	2.510244	30.106800	-21.605300	25.000000
12.174064	2.070838	2.563585	12.027053	1.629031	2.618314	30.106800	-20.507600	25.000000
12.174064	2.070838	2.563585	11.970380	2.280499	2.697647	30.106800	-20.036300	25.000000
12.174064	2.070838	2.563585	12.416521	2.160015	2.521343	30.106800	-18.938600	25.000000
12.174064	2.070838	2.563585	12.251939	2.188912	2.628658	30.106800	-18.467200	25.000000
12.174064	2.070838	2.563585	12.139605	2.268585	2.673137	30.106800	-17.369500	25.000000
12.174064	2.070838	2.563585	12.210242	2.141863	2.599504	30.106800	-16.898100	25.000000
12.174064	2.070838	2.563585	12.072282	2.110140	2.604484	30.106800	-15.800400	25.000000
12.174064	2.070838	2.563585	12.248265	2.073391	2.548422	30.891300	-32.588800	25.000000
12.174064	2.070838	2.563585	12.078493	2.071670	2.550972	30.891300	-31.491100	25.000000
12.174064	2.070838	2.563585	12.153600	2.077677	2.530096	30.891300	-31.019700	25.000000
12.174064	2.070838	2.563585	12.133013	2.078620	2.516957	30.891300	-29.922000	25.000000
12.174064	2.070838	2.563585	12.218429	2.112521	2.383215	30.891300	-29.450700	25.000000
12.174064	2.070838	2.563585	12.111978	2.098596	2.471329	30.891300	-28.353000	25.000000
12.174064	2.070838	2.563585	11.454257	2.003204	2.746802	30.891300	-27.881600	25.000000
12.174064	2.070838	2.563585	12.904650	2.036946	2.374597	30.891300	-26.783900	25.000000
12.174064	2.070838	2.563585	11.908212	1.428914	2.962498	30.891300	-26.312500	25.000000
12.174064	2.070838	2.563585	12.425279	1.705332	2.776168	30.891300	-25.214800	25.000000
12.174064	2.070838	2.563585	12.729886	1.365105	2.746184	30.891300	-24.743500	25.000000
12.174064	2.070838	2.563585	11.560277	1.290324	2.734337	30.891300	-23.645800	25.000000
12.174064	2.070838	2.563585	12.225383	1.280444	2.593853	30.891300	-23.174400	25.000000
12.174064	2.070838	2.563585	12.167169	1.235813	2.592218	30.891300	-22.076700	25.000000
12.174064	2.070838	2.563585	11.249893	1.703632	2.625784	30.891300	-21.605300	25.000000
12.174064	2.070838	2.563585	13.042933	1.345793	2.450883	30.891300	-20.507600	25.000000
12.174064	2.070838	2.563585	11.019074	2.168397	2.840672	30.891300	-20.036300	25.000000
12.174064	2.070838	2.563585	13.255188	2.083315	2.423577	30.891300	-18.938600	25.000000
12.174064	2.070838	2.563585	12.303658	2.278661	2.663592	30.891300	-18.467200	25.000000
12.174064	2.070838	2.563585	12.061924	2.200158	2.696292	30.891300	-17.369500	25.000000
12.174064	2.070838	2.563585	12.090492	2.128621	2.621237	30.891300	-16.898100	25.000000
12.174064	2.070838	2.563585	12.220065	2.122019	2.596231	30.891300	-15.800400	25.000000
12.174064	2.070838	2.563585	12.078493	2.071670	2.550972	31.675900	-33.060200	25.000000
12.174064	2.070838	2.563585	12.177438	2.067228	2.535457	31.675900	-32.588800	25.000000
12.174064	2.070838	2.563585	12.126830	2.078904	2.550972	31.675900	-31.491100	25.000000
12.174064	2.070838	2.563585	12.076837	2.090726	2.484734	31.675900	-31.019700	25.000000
12.174064	2.070838	2.563585	12.255203	2.073080	2.514850	31.675900	-29.922000	25.000000
12.174064	2.070838	2.563585	12.190980	2.094822	2.416524	31.675900	-29.450700	25.000000
12.174064	2.070838	2.563585	12.086770	2.128813	2.349298	31.675900	-28.353000	25.000000
12.174064	2.070838	2.563585	10.706073	1.787315	3.314603	31.675900	-27.881600	25.000000
12.174064	2.070838	2.563585	13.391415	1.750989	2.545169	31.675900	-26.783900	25.000000
12.174064	2.070838	2.563585	12.280639	1.415457	2.993518	31.675900	-26.312500	25.000000
12.174064	2.070838	2.563585	12.060696	1.223936	3.055083	31.675900	-25.214800	25.000000
12.174064	2.070838	2.563585	11.754999	1.074249	2.647651	31.675900	-24.743500	25.000000
12.174064	2.070838	2.563585	12.649901	1.147168	2.759476	31.675900	-23.645800	25.000000
12.174064	2.070838	2.563585	11.935242	1.044062	2.556278	31.675900	-23.174400	25.000000
12.174064	2.070838	2.563585	12.383860	1.046445	2.501823	31.675900	-22.076700	25.000000
12.174064	2.070838	2.563585	11.900000	1.553989	2.553590	31.675900	-21.605300	25.000000
12.174064	2.070838	2.563585	12.389512	1.110823	2.516108	31.675900	-20.507600	25.000000
12.174064	2.070838	2.563585	10.288829	1.980667	2.917177	31.675900	-20.036300	25.000000
12.174064	2.070838	2.563585	13.723338	2.039562	2.396635	31.675900	-18.938600	25.000000
12.174064	2.070838	2.563585	12.303252	2.226346	2.650429	31.675900	-18.467200	25.000000
12.174064	2.070838	2.563585	12.100000	2.249904	2.749253	31.675900	-17.369500	25.000000
12.174064	2.070838	2.563585	12.143723	2.135607	2.621237	31.675900	-16.898100	25.000000
12.174064	2.070838	2.563585	12.116518	2.107956	2.596231	31.675900	-15.800400	25.000000
12.174064	2.070838	2.563585	12.200410	2.066208	2.548422	32.460400	-33.060200	25.000000
12.174064	2.070838	2.563585	12.177438	2.067228	2.535457	32.460400	-32.588800	25.000000
12.174064	2.070838	2.563585	12.275586	2.072168	2.527823	32.460400	-31.491100	25.000000
12.174064	2.070838	2.563585	12.272734	2.072295	2.481364	32.460400	-31.019700	25.000000
12.174064	2.070838	2.563585	12.083874	2.090392	2.423660	32.460400	-29.922000	25.000000
12.174064	2.070838	2.563585	11.453384	2.051886	2.841645	32.460400	-29.450700	25.000000
12.174064	2.070838	2.563585	12.747157	2.034382	2.480549	32.460400	-28.353000	25.000000
12.174064	2.070838	2.563585	12.592541	1.719045	2.902456	32.460400	-27.881600	25.000000
12.174064	2.070838	2.563585	11.844260	1.498123	3.280018	32.460400	-26.783900	25.000000
12.174064	2.070838	2.563585	12.807638	1.285875	2.923453	32.460400	-26.312500	25.000000
12.174064	2.070838	2.563585	11.519878	1.092717	3.067220	32.460400	-25.214800	25.000000
12.174064	2.070838	2.563585	12.759702	1.045373	2.556103	32.460400	-24.743500	25.000000
12.174064	2.070838	2.563585	11.626693	1.038570	2.664553	32.460400	-23.645800	25.000000
12.174064	2.070838	2.563585	11.619811	1.048182	2.539817	32.460400	-23.174400	25.000000
12.174064	2.070838	2.563585	12.671227	1.022932	2.553590	32.460400	-22.076700	25.000000
12.174064	2.070838	2.563585	11.774973	1.382855	2.534408	32.460400	-21.605300	25.000000
12.174064	2.070838	2.563585	12.589281	1.074018	2.568627	32.460400	-20.507600	25.000000
12.174064	2.070838	2.563585	10.927946	1.561645	2.624717	32.460400	-20.036300	25.000000
12.174064	2.070838	2.563585	13.276671	2.171109	2.551058	32.460400	-18.938600	25.000000
12.174064	2.070838	2.563585	12.191801	2.202550	2.677945	32.460400	-18.467200	25.000000
12.174064	2.070838	2.563585	12.121469	2.227472	2.757218	32.460400	-17.369500	25.000000
12.174064	2.070838	2.563585	12.102892	2.108627	2.617673	32.460400	-16.898100	25.000000
12.174064	2.070838	2.563585	12.259282	2.129645	2.617673	32.460400	-15.800400	25.000000
12.174064	2.070838	2.563585	12.200410	2.066208	2.548422	33.244900	-34.157900	25.000000
12.174064	2.070838	2.563585	12.127654	2.069453	2.543174	33.244900	-33.060200	25.000000
12.174064	2.070838	2.563585	12.188519	2.066735	2.501823	33.244900	-32.588800	25.000000
12.174064	2.070838	2.563585	12.105371	2.070455	2.530096	33.244900	-31.491100	25.000000
12.174064	2.070838	2.563585	12.447490	2.064614	2.349743	33.244900	-31.019700	25.000000
12.174064	2.070838	2.563585	11.969127	2.086256	2.417343	33.244900	-29.922000	25.000000
12.174064	2.070838	2.563585	10.892199	1.966651	3.241261	33.244900	-29.450700	25.000000
12.174064	2.070838	2.563585	13.227623	1.893907	2.520416	33.244900	-28.353000	25.000000
12.174064	2.070838	2.563585	10.812127	1.543046	3.338081	33.244900	-27.881600	25.000000
12.174064	2.070838	2.563585	13.332400	1.366872	2.848669	33.244900	-26.783900	25.000000
12.174064	2.070838	2.563585	12.815912	0.866323	2.908039	33.244900	-26.312500	25.000000
12.174064	2.070838	2.563585	11.540260	0.982938	3.116598	33.244900	-25.214800	25.000000
12.174064	2.070838	2.563585	12.626955	1.057544	2.498092	33.244900	-24.743500	25.000000
12.174064	2.070838	2.563585	11.680753	0.884701	2.707639	33.244900	-23.645800	25.000000
12.174064	2.070838	2.563585	12.439051	1.121739	2.565966	33.244900	-23.174400	25.000000
12.174064	2.070838	2.563585	11.935661	1.110685	2.644485	33.244900	-22.076700	25.000000
12.174064	2.070838	2.563585	11.799576	1.251845	2.431998	33.244900	-21.605300	25.000000
12.174064	2.070838	2.563585	12.573385	1.100289	2.533791	33.244900	-20.507600	25.000000
12.174064	2.070838	2.563585	9.334881	1.602939	2.802895	33.244900	-20.036300	25.000000
12.174064	2.070838	2.563585	14.352003	1.897067	2.304158	33.244900	-18.938600	25.000000
12.174064	2.070838	2.563585	11.987076	2.194397	2.751545	33.244900	-18.467200	25.000000
12.174064	2.070838	2.563585	12.301626	2.196032	2.695880	33.244900	-17.369500	25.000000
12.174064	2.070838	2.563585	12.241323	2.111396	2.601173	33.244900	-16.898100	25.000000
12.174064	2.070838	2.563585	12.051971	2.101501	2.617673	33.244900	-15.800400	25.000000
12.173329	2.070871	2.563534	12.127654	2.069453	2.543174	34.029400	-34.157900	25.000000
12.173329	2.070871	2.563534	12.249898	2.064026	2.540737	34.029400	-33.060200	25.000000
12.173329	2.070871	2.563534	12.155657	2.068198	2.475623	34.029400	-32.588800	25.000000
12.173329	2.070871	2.563534	12.259282	2.063615	2.507351	34.029400	-31.491100	25.000000
12.173329	2.070871	2.563534	12.037026	2.073557	2.403140	34.029400	-31.019700	25.000000
12.173329	2.070871	2.563534	12.324772	2.069982	2.375800	34.029400	-29.922000	25.000000
12.173329	2.070871	2.563534	10.654576	2.191871	2.812543	34.029400	-29.450700	25.000000
12.173329	2.070871	2.563534	13.452509	1.526180	2.916467	34.029400	-28.353000	25.000000
12.173329	2.070871	2.563534	10.615277	1.323349	3.510371	34.029400	-27.881600	25.000000
12.173329	2.070871	2.563534	13.428138	0.856163	3.049772	34.029400	-26.783900	25.000000
12.173329	2.070871	2.563534	12.125759	0.615571	3.163732	34.029400	-26.312500	25.000000
12.173329	2.070871	2.563534	12.233420	0.569898	3.129321	34.029400	-25.214800	25.000000
12.173329	2.070871	2.563534	11.497391	0.990884	2.701197	34.029400	-24.743500	25.000000
12.173329	2.070871	2.563534	12.872451	0.729093	2.589174	34.029400	-23.645800	25.000000
12.173329	2.070871	2.563534	12.113629	1.023857	2.569674	34.029400	-23.174400	25.000000
12.173329	2.070871	2.563534	12.177849	1.065021	2.577023	34.029400	-22.076700	25.000000
12.173329	2.070871	2.563534	11.777096	1.084892	2.417343	34.029400	-21.605300	25.000000
12.173329	2.070871	2.563534	12.557468	1.229762	2.290421	34.029400	-20.507600	25.000000
12.173329	2.070871	2.563534	13.184009	2.078527	2.510244	34.029400	-20.036300	25.000000
12.173329	2.070871	2.563534	10.930640	1.355986	2.336330	34.029400	-18.938600	25.000000
12.173329	2.070871	2.563534	12.090906	2.158120	2.700164	34.029400	-18.467200	25.000000
12.173329	2.070871	2.563534	12.183185	2.192930	2.736701	34.029400	-17.369500	25.000000
12.173329	2.070871	2.563534	12.234786	2.102209	2.593043	34.029400	-16.898100	25.000000
12.173329	2.070871	2.563534	12.102892	2.108627	2.617673	34.029400	-15.800400	25.000000
12.174064	2.070838	2.563585	12.177438	2.067228	2.535457	34.814000	-34.157900	25.000000
12.174064	2.070838	2.563585	12.105371	2.070455	2.530096	34.814000	-33.060200	25.000000
12.174064	2.070838	2.563585	12.403225	2.057393	2.472550	34.814000	-32.588800	25.000000
12.174064	2.070838	2.563585	12.004166	2.065573	2.429886	34.814000	-31.491100	25.000000
12.174064	2.070838	2.563585	13.097710	2.021046	2.452283	34.814000	-31.019700	25.000000
12.174064	2.070838	2.563585	11.152578	2.117716	2.673250	34.814000	-29.922000	25.000000
12.174064	2.070838	2.563585	11.110288	1.951666	2.694422	34.814000	-29.450700	25.000000
12.174064	2.070838	2.563585	12.562758	1.152765	3.618485	34.814000	-28.353000	25.000000
12.174064	2.070838	2.563585	13.262353	0.565173	4.097049	34.814000	-27.881600	25.000000
12.174064	2.070838	2.563585	10.945775	0.828394	3.482949	34.814000	-26.783900	25.000000
12.174064	2.070838	2.563585	12.177968	0.335249	3.464132	34.814000	-26.312500	25.000000
12.174064	2.070838	2.563585	12.163227	0.495564	3.456236	34.814000	-25.214800	25.000000
12.174064	2.070838	2.563585	11.738399	0.627820	2.801496	34.814000	-24.743500	25.000000
12.174064	2.070838	2.563585	12.627351	0.682350	2.525723	34.814000	-23.645800	25.000000
12.174064	2.070838	2.563585	12.424975	0.850029	2.371345	34.814000	-23.174400	25.000000
12.174064	2.070838	2.563585	11.938593	0.836459	2.428070	34.814000	-22.076700	25.000000
12.174064	2.070838	2.563585	10.528058	1.160442	2.268187	34.814000	-21.605300	25.000000
12.174064	2.070838	2.563585	13.559867	1.185202	2.152177	34.814000	-20.507600	25.000000
12.174064	2.070838	2.563585	14.615745	1.701162	2.114766	34.814000	-20.036300	25.000000
12.174064	2.070838	2.563585	8.865664	1.892123	2.827361	34.814000	-18.938600	25.000000
12.174064	2.070838	2.563585	12.431412	2.178683	2.717398	34.814000	-18.467200	25.000000
12.174064	2.070838	2.563585	11.968291	2.135004	2.713329	34.814000	-17.369500	25.000000
12.174064	2.070838	2.563585	12.089665	2.090118	2.601173	34.814000	-16.898100	25.000000
12.174064	2.070838	2.563585	12.258466	2.091644	2.597947	34.814000	-15.800400	25.000000
12.174064	2.070838	2.563585	12.127654	2.069453	2.543174	35.598500	-34.629200	25.000000
12.174064	2.070838	2.563585	12.108675	2.060922	2.522431	35.598500	-34.157900	25.000000
12.174064	2.070838	2.563585	12.227837	2.064996	2.527823	35.598500	-33.060200	25.000000
12.174064	2.070838	2.563585	12.517987	2.025691	2.375060	35.598500	-32.588800	25.000000
12.174064	2.070838	2.563585	11.843564	2.053739	2.423660	35.598500	-31.491100	25.000000
12.174064	2.070838	2.563585	10.078194	2.196197	2.765632	35.598500	-31.019700	25.000000
12.174064	2.070838	2.563585	13.863621	1.833479	2.900237	35.598500	-29.922000	25.000000
12.174064	2.070838	2.563585	12.405644	1.790195	3.979574	35.598500	-29.450700	25.000000
12.174064	2.070838	2.563585	10.655515	0.509912	3.122364	35.598500	-28.353000	25.000000
12.174064	2.070838	2.563585	13.707403	0.548028	4.604360	35.598500	-27.881600	25.000000
12.174064	2.070838	2.563585	10.390553	0.612783	4.269696	35.598500	-26.783900	25.000000
12.174064	2.070838	2.563585	11.604310	0.374505	3.960312	35.598500	-26.312500	25.000000
12.174064	2.070838	2.563585	12.747549	0.408234	3.658288	35.598500	-25.214800	25.000000
12.174064	2.070838	2.563585	11.962441	0.481920	2.253988	35.598500	-24.743500	25.000000
12.174064	2.070838	2.563585	12.347469	0.394299	2.536048	35.598500	-23.645800	25.000000
12.174064	2.070838	2.563585	12.750294	0.656491	2.022950	35.598500	-23.174400	25.000000
12.174064	2.070838	2.563585	11.519115	0.701387	2.155068	35.598500	-22.076700	25.000000
12.174064	2.070838	2.563585	14.010710	1.175134	2.010227	35.598500	-21.605300	25.000000
12.174064	2.070838	2.563585	9.978978	1.317572	2.201876	35.598500	-20.507600	25.000000
12.174064	2.070838	2.563585	14.126925	1.677177	2.059916	35.598500	-20.036300	25.000000
12.174064	2.070838	2.563585	9.430270	2.032389	2.816097	35.598500	-18.938600	25.000000
12.174064	2.070838	2.563585	11.915116	2.127912	2.713329	35.598500	-18.467200	25.000000
12.174064	2.070838	2.563585	12.389512	2.142160	2.695111	35.598500	-17.369500	25.000000
12.174064	2.070838	2.563585	12.164292	2.086615	2.606035	35.598500	-16.898100	25.000000
12.174064	2.070838	2.563585	12.258466	2.091644	2.597947	35.598500	-15.800400	25.000000
12.173329	2.070871	2.563534	12.200410	2.066208	2.548422	36.383000	-35.726900	25.000000
12.173329	2.070871	2.563534	12.127654	2.069453	2.543174	36.383000	-34.629200	25.000000
12.173329	2.070871	2.563534	12.278844	2.062760	2.520269	36.383000	-34.157900	25.000000
12.173329	2.070871	2.563534	12.094627	2.052191	2.501823	36.383000	-33.060200	25.000000
12.173329	2.070871	2.563534	12.582925	2.023168	2.381189	36.383000	-32.588800	25.000000
12.173329	2.070871	2.563534	11.749894	2.000966	2.336330	36.383000	-31.491100	25.000000
12.173329	2.070871	2.563534	11.317685	1.677025	3.239493	36.383000	-31.019700	25.000000
12.173329	2.070871	2.563534	12.997692	1.999243	3.807087	36.383000	-29.922000	25.000000
12.173329	2.070871	2.563534	15.934055	1.143725	4.732386	36.383000	-29.450700	25.000000
12.173329	2.070871	2.563534	5.041240	0.957880	3.593310	36.383000	-28.353000	25.000000
12.173329	2.070871	2.563534	14.643514	0.689329	4.556066	36.383000	-27.881600	25.000000
12.173329	2.070871	2.563534	9.087904	0.741815	4.826643	36.383000	-26.783900	25.000000
12.173329	2.070871	2.563534	12.287392	0.310452	3.983534	36.383000	-26.312500	25.000000
12.173329	2.070871	2.563534	12.055289	0.378952	3.974574	36.383000	-25.214800	25.000000
12.173329	2.070871	2.563534	12.985007	0.371334	1.789005	36.383000	-24.743500	25.000000
12.173329	2.070871	2.563534	11.273087	0.372496	1.607365	36.383000	-23.645800	25.000000
12.173329	2.070871	2.563534	13.029965	0.707811	1.701008	36.383000	-23.174400	25.000000
12.173329	2.070871	2.563534	11.156164	0.516659	1.771751	36.383000	-22.076700	25.000000
12.173329	2.070871	2.563534	8.880315	1.214200	2.142134	36.383000	-21.605300	25.000000
12.173329	2.070871	2.563534	14.723451	1.400172	1.982023	36.383000	-20.507600	25.000000
12.173329	2.070871	2.563534	13.905754	1.780885	2.060754	36.383000	-20.036300	25.000000
12.173329	2.070871	2.563534	9.946859	2.062934	2.693250	36.383000	-18.938600	25.000000
12.173329	2.070871	2.563534	12.395564	2.122784	2.669471	36.383000	-18.467200	25.000000
12.173329	2.070871	2.563534	11.920570	2.107982	2.686678	36.383000	-17.369500	25.000000
12.173329	2.070871	2.563534	12.209013	2.084539	2.597947	36.383000	-16.898100	25.000000
12.173329	2.070871	2.563534	12.160181	2.077377	2.597947	36.383000	-15.800400	25.000000
12.174064	2.070838	2.563585	12.177438	2.067228	2.535457	37.167600	-35.726900	25.000000
12.174064	2.070838	2.563585	12.130128	2.059979	2.535457	37.167600	-34.629200	25.000000
12.174064	2.070838	2.563585	12.212289	2.056401	2.507351	37.167600	-34.157900	25.000000
12.174064	2.070838	2.563585	12.140428	2.040960	2.474067	37.167600	-33.060200	25.000000
12.174064	2.070838	2.563585	12.269067	2.008466	2.400751	37.167600	-32.588800	25.000000
12.174064	2.070838	2.563585	12.032041	2.008508	2.395136	37.167600	-31.491100	25.000000
12.174064	2.070838	2.563585	11.717508	2.108371	3.583022	37.167600	-31.019700	25.000000
12.174064	2.070838	2.563585	12.237647	1.570796	4.514993	37.167600	-29.922000	25.000000
12.174064	2.070838	2.563585	6.849818	0.947201	5.370278	37.167600	-29.450700	25.000000
12.174064	2.070838	2.563585	15.578511	1.383550	4.830261	37.167600	-28.353000	25.000000
12.174064	2.070838	2.563585	15.794116	0.800341	4.508937	37.167600	-27.881600	25.000000
12.174064	2.070838	2.563585	6.512150	0.828937	4.731137	37.167600	-26.783900	25.000000
12.174064	2.070838	2.563585	11.324840	0.240092	4.555787	37.167600	-26.312500	25.000000
12.174064	2.070838	2.563585	12.972432	0.105724	4.506398	37.167600	-25.214800	25.000000
12.174064	2.070838	2.563585	11.906301	0.434495	1.071450	37.167600	-24.743500	25.000000
12.174064	2.070838	2.563585	12.616656	0.558435	1.187512	37.167600	-23.645800	25.000000
12.174064	2.070838	2.563585	11.266947	0.497714	1.247282	37.167600	-23.174400	25.000000
12.174064	2.070838	2.563585	13.015975	0.774878	1.533451	37.167600	-22.076700	25.000000
12.174064	2.070838	2.563585	8.782369	1.707863	2.331809	37.167600	-21.605300	25.000000
12.174064	2.070838	2.563585	14.705999	1.324887	1.877027	37.167600	-20.507600	25.000000
12.174064	2.070838	2.563585	10.086625	2.033239	2.458201	37.167600	-20.036300	25.000000
12.174064	2.070838	2.563585	13.943457	2.015632	2.356194	37.167600	-18.938600	25.000000
12.174064	2.070838	2.563585	11.986659	2.095038	2.660705	37.167600	-18.467200	25.000000
12.174064	2.070838	2.563585	12.361634	2.096188	2.644485	37.167600	-17.369500	25.000000
12.174064	2.070838	2.563585	12.205736	2.075307	2.589938	37.167600	-16.898100	25.000000
12.174064	2.070838	2.563585	12.083046	2.071464	2.584993	37.167600	-15.800400	25.000000
12.174064	2.070838	2.563585	12.130128	2.059979	2.535457	37.952100	-35.726900	25.000000
12.174064	2.070838	2.563585	12.200410	2.066208	2.548422	37.952100	-34.629200	25.000000
12.174064	2.070838	2.563585	12.281287	2.035140	2.485342	37.952100	-34.157900	25.000000
12.174064	2.070838	2.563585	12.093800	2.024437	2.453921	37.952100	-33.060200	25.000000
12.174064	2.070838	2.563585	11.601293	2.025956	2.492333	37.952100	-32.588800	25.000000
12.174064	2.070838	2.563585	12.753039	2.114751	2.686142	37.952100	-31.491100	25.000000
12.174064	2.070838	2.563585	12.913807	2.054001	3.633402	37.952100	-31.019700	25.000000
12.174064	2.070838	2.563585	9.664885	1.843167	5.398874	37.952100	-29.922000	25.000000
12.174064	2.070838	2.563585	4.226677	1.814527	4.741649	37.952100	-29.450700	25.000000
12.174064	2.070838	2.563585	16.340994	1.392384	4.862816	37.952100	-28.353000	25.000000
12.174064	2.070838	2.563585	15.254822	1.026438	4.624920	37.952100	-27.881600	25.000000
12.174064	2.070838	2.563585	7.853184	0.595818	4.279189	37.952100	-26.783900	25.000000
12.174064	2.070838	2.563585	13.167347	0.267226	5.962799	37.952100	-26.312500	25.000000
12.174064	2.070838	2.563585	11.011240	0.361386	0.219310	37.952100	-25.214800	25.000000
12.174064	2.070838	2.563585	12.100826	0.640833	0.707127	37.952100	-24.743500	25.000000
12.174064	2.070838	2.563585	12.281287	0.711705	0.944750	37.952100	-23.645800	25.000000
12.174064	2.070838	2.563585	11.233432	0.595468	0.943167	37.952100	-23.174400	25.000000
12.174064	2.070838	2.563585	13.013070	0.879132	1.359703	37.952100	-22.076700	25.000000
12.174064	2.070838	2.563585	8.286157	1.197740	1.900743	37.952100	-21.605300	25.000000
12.174064	2.070838	2.563585	14.908387	1.919936	2.249997	37.952100	-20.507600	25.000000
12.174064	2.070838	2.563585	12.230290	2.092966	2.661069	37.952100	-20.036300	25.000000
12.174064	2.070838	2.563585	12.086770	2.109423	2.682255	37.952100	-18.938600	25.000000
12.174064	2.070838	2.563585	12.235604	2.092716	2.639989	37.952100	-18.467200	25.000000
12.174064	2.070838	2.563585	12.103305	2.079986	2.627141	37.952100	-17.369500	25.000000
12.174064	2.070838	2.563585	12.177849	2.076572	2.577023	37.952100	-16.898100	25.000000
12.174064	2.070838	2.563585	12.251939	2.073226	2.582006	37.952100	-15.800400	25.000000
12.173329	2.070871	2.563534	12.202869	2.056808	2.540737	38.736600	-35.726900	25.000000
12.173329	2.070871	2.563534	12.180722	2.057769	2.527823	38.736600	-34.629200	25.000000
12.173329	2.070871	2.563534	12.177438	2.021091	2.472550	38.736600	-34.157900	25.000000
12.173329	2.070871	2.563534	12.192211	1.993358	2.413457	38.736600	-33.060200	25.000000
12.173329	2.070871	2.563534	12.709839	2.324726	3.022592	38.736600	-32.588800	25.000000
12.173329	2.070871	2.563534	11.509127	2.088929	2.606319	38.736600	-31.491100	25.000000
12.173329	2.070871	2.563534	12.458570	2.119673	5.499850	38.736600	-31.019700	25.000000
12.173329	2.070871	2.563534	10.107997	2.194070	3.387753	38.736600	-29.922000	25.000000
12.173329	2.070871	2.563534	16.226303	1.802744	4.274232	38.736600	-29.450700	25.000000
12.173329	2.070871	2.563534	4.173979	1.040820	4.740160	38.736600	-28.353000	25.000000
12.173329	2.070871	2.563534	9.640539	0.830866	4.896011	38.736600	-27.881600	25.000000
12.173329	2.070871	2.563534	14.298601	1.010402	5.031529	38.736600	-26.783900	25.000000
12.173329	2.070871	2.563534	13.966030	0.675387	0.350728	38.736600	-26.312500	25.000000
12.173329	2.070871	2.563534	10.106434	0.704569	0.326581	38.736600	-25.214800	25.000000
12.173329	2.070871	2.563534	10.558883	0.883387	0.628796	38.736600	-24.743500	25.000000
12.173329	2.070871	2.563534	13.510736	0.880805	0.649259	38.736600	-23.645800	25.000000
12.173329	2.070871	2.563534	10.670052	0.830122	0.866302	38.736600	-23.174400	25.000000
12.173329	2.070871	2.563534	13.461426	1.108820	1.267416	38.736600	-22.076700	25.000000
12.173329	2.070871	2.563534	9.224966	1.516569	1.937191	38.736600	-21.605300	25.000000
12.173329	2.070871	2.563534	14.415617	2.054175	2.523165	38.736600	-20.507600	25.000000
12.173329	2.070871	2.563534	12.233560	2.092812	2.775096	38.736600	-20.036300	25.000000
12.173329	2.070871	2.563534	12.124768	2.097981	2.729182	38.736600	-18.938600	25.000000
12.173329	2.070871	2.563534	12.115280	2.079435	2.606035	38.736600	-18.467200	25.000000
12.173329	2.070871	2.563534	12.222520	2.074549	2.623605	38.736600	-17.369500	25.000000
12.173329	2.070871	2.563534	12.177849	2.076572	2.577023	38.736600	-15.800400	25.000000
12.174064	2.070838	2.563585	12.304064	2.052468	2.525608	39.521200	-35.726900	25.000000
12.174064	2.070838	2.563585	12.083460	2.052674	2.535457	39.521200	-34.629200	25.000000
12.174064	2.070838	2.563585	12.539936	1.998382	2.424411	39.521200	-34.157900	25.000000
12.174064	2.070838	2.563585	11.682893	1.966198	2.434978	39.521200	-33.060200	25.000000
12.174064	2.070838	2.563585	11.389030	2.337340	3.300729	39.521200	-32.588800	25.000000
12.174064	2.070838	2.563585	12.892634	2.260129	2.455863	39.521200	-31.491100	25.000000
12.174064	2.070838	2.563585	9.157194	2.493419	3.069177	39.521200	-31.019700	25.000000
12.174064	2.070838	2.563585	13.891714	2.304283	5.243086	39.521200	-29.922000	25.000000
12.174064	2.070838	2.563585	12.117215	1.435868	4.973528	39.521200	-29.450700	25.000000
12.174064	2.070838	2.563585	10.410211	2.133093	3.359030	39.521200	-28.353000	25.000000
12.174064	2.070838	2.563585	11.989996	1.140638	5.536728	39.521200	-27.881600	25.000000
12.174064	2.070838	2.563585	12.410479	1.164916	5.441945	39.521200	-26.783900	25.000000
12.174064	2.070838	2.563585	12.707872	1.043007	0.353440	39.521200	-26.312500	25.000000
12.174064	2.070838	2.563585	11.577133	1.171579	0.679133	39.521200	-25.214800	25.000000
12.174064	2.070838	2.563585	12.643575	1.085308	0.443650	39.521200	-24.743500	25.000000
12.174064	2.070838	2.563585	11.720068	1.204286	0.537285	39.521200	-23.645800	25.000000
12.174064	2.070838	2.563585	11.002727	1.488907	1.461146	39.521200	-23.174400	25.000000
12.174064	2.070838	2.563585	13.271398	1.224863	0.956133	39.521200	-22.076700	25.000000
12.174064	2.070838	2.563585	12.844843	1.912152	2.239086	39.521200	-21.605300	25.000000
12.174064	2.070838	2.563585	11.413150	2.053727	2.691219	39.521200	-20.507600	25.000000
12.174064	2.070838	2.563585	12.414910	2.075205	2.694404	39.521200	-20.036300	25.000000
12.174064	2.070838	2.563585	11.951987	2.096716	2.712563	39.521200	-18.938600	25.000000
12.174064	2.070838	2.563585	12.235195	2.073978	2.602773	39.521200	-18.467200	25.000000
12.174064	2.070838	2.563585	12.131364	2.078695	2.584993	39.521200	-17.369500	25.000000
12.174064	2.070838	2.563585	12.129716	2.069360	2.577023	39.521200	-16.898100	25.000000
12.174064	2.070838	2.563585	12.177849	2.076572	2.577023	39.521200	-15.800400	25.000000
12.174064	2.070838	2.563585	12.253163	2.054641	2.533133	40.305700	-35.726900	25.000000
12.174064	2.070838	2.563585	12.120231	2.041807	2.507351	40.305700	-34.629200	25.000000
12.174064	2.070838	2.563585	12.583322	1.953587	2.386488	40.305700	-34.157900	25.000000
12.174064	2.070838	2.563585	11.694016	1.965801	2.448041	40.305700	-33.060200	25.000000
12.174064	2.070838	2.563585	13.729894	2.419142	2.278228	40.305700	-32.588800	25.000000
12.174064	2.070838	2.563585	10.347463	2.177531	3.153357	40.305700	-31.491100	25.000000
12.174064	2.070838	2.563585	10.568349	2.842770	2.356194	40.305700	-31.019700	25.000000
12.174064	2.070838	2.563585	13.304886	2.225342	4.261453	40.305700	-29.922000	25.000000
12.174064	2.070838	2.563585	10.531272	1.761867	5.603369	40.305700	-29.450700	25.000000
12.174064	2.070838	2.563585	12.008819	2.065364	3.791981	40.305700	-28.353000	25.000000
12.174064	2.070838	2.563585	11.623721	1.487249	5.827260	40.305700	-27.881600	25.000000
12.174064	2.070838	2.563585	12.694660	1.461874	5.943893	40.305700	-26.783900	25.000000
12.174064	2.070838	2.563585	11.893343	1.525377	0.630034	40.305700	-26.312500	25.000000
12.174064	2.070838	2.563585	12.421469	1.431067	0.481827	40.305700	-25.214800	25.000000
12.174064	2.070838	2.563585	13.127087	1.454745	0.401871	40.305700	-24.743500	25.000000
12.174064	2.070838	2.563585	11.257957	1.440744	0.318918	40.305700	-23.645800	25.000000
12.174064	2.070838	2.563585	13.061455	1.573859	1.127694	40.305700	-23.174400	25.000000
12.174064	2.070838	2.563585	11.049167	1.907462	1.858579	40.305700	-22.076700	25.000000
12.174064	2.070838	2.563585	11.797034	2.065414	2.639171	40.305700	-21.605300	25.000000
12.174064	2.070838	2.563585	12.562643	2.059687	2.673913	40.305700	-20.507600	25.000000
12.174064	2.070838	2.563585	12.179491	2.076497	2.631759	40.305700	-20.036300	25.000000
12.174064	2.070838	2.563585	12.209423	2.075140	2.665393	40.305700	-18.938600	25.000000
12.174064	2.070838	2.563585	12.205736	2.075307	2.589938	40.305700	-18.467200	25.000000
12.174064	2.070838	2.563585	12.205736	2.075307	2.589938	40.305700	-17.369500	25.000000
12.174064	2.070838	2.563585	12.129716	2.069360	2.577023	40.305700	-16.898100	25.000000
12.174064	2.070838	2.563585	12.309752	2.043083	2.518162	41.090200	-35.726900	25.000000
12.174064	2.070838	2.563585	12.050726	2.026181	2.520269	41.090200	-34.629200	25.000000
12.174064	2.070838	2.563585	12.102066	1.969651	2.451447	41.090200	-34.157900	25.000000
12.174064	2.070838	2.563585	12.306909	1.893250	2.386488	41.090200	-33.060200	25.000000
12.174064	2.070838	2.563585	10.504285	2.313001	3.038068	41.090200	-32.588800	25.000000
12.174064	2.070838	2.563585	13.688681	2.222247	2.245537	41.090200	-31.491100	25.000000
12.174064	2.070838	2.563585	13.342039	2.488949	4.093574	41.090200	-31.019700	25.000000
12.174064	2.070838	2.563585	10.795022	2.338889	2.834098	41.090200	-29.922000	25.000000
12.174064	2.070838	2.563585	14.808444	1.987966	5.106612	41.090200	-29.450700	25.000000
12.174064	2.070838	2.563585	8.125269	2.965769	5.398118	41.090200	-28.353000	25.000000
12.174064	2.070838	2.563585	13.806365	1.842105	6.268976	41.090200	-27.881600	25.000000
12.174064	2.070838	2.563585	10.385076	1.843792	6.273286	41.090200	-26.783900	25.000000
12.174064	2.070838	2.563585	13.296992	1.829365	0.407956	41.090200	-26.312500	25.000000
12.174064	2.070838	2.563585	10.920623	1.820626	0.535557	41.090200	-25.214800	25.000000
12.174064	2.070838	2.563585	13.871193	1.766695	0.424194	41.090200	-24.743500	25.000000
12.174064	2.070838	2.563585	10.211268	1.858760	0.596501	41.090200	-23.645800	25.000000
12.174064	2.070838	2.563585	16.001875	1.908383	1.936544	41.090200	-23.174400	25.000000
12.174064	2.070838	2.563585	5.565968	2.512369	2.116451	41.090200	-22.076700	25.000000
12.174064	2.070838	2.563585	11.989162	2.066248	2.762847	41.090200	-21.605300	25.000000
12.174064	2.070838	2.563585	12.266214	2.026655	2.779634	41.090200	-20.507600	25.000000
12.174064	2.070838	2.563585	12.146604	2.077997	2.618942	41.090200	-20.036300	25.000000
12.174064	2.070838	2.563585	12.251122	2.063973	2.628194	41.090200	-18.938600	25.000000
12.174064	2.070838	2.563585	12.131364	2.078695	2.584993	41.090200	-18.467200	25.000000
12.174064	2.070838	2.563585	12.129716	2.069360	2.577023	41.090200	-17.369500	25.000000
12.174064	2.070838	2.563585	12.177849	2.076572	2.577023	41.090200	-16.898100	25.000000
12.174064	2.070838	2.563585	12.129716	2.069360	2.577023	41.090200	-15.800400	25.000000
12.174064	2.070838	2.563585	12.161414	2.040083	2.533133	41.874800	-35.726900	25.000000
12.174064	2.070838	2.563585	12.156480	2.021925	2.505404	41.874800	-34.629200	25.000000
12.174064	2.070838	2.563585	11.729024	1.918813	2.465435	41.874800	-34.157900	25.000000
12.174064	2.070838	2.563585	12.675962	1.891841	2.391474	41.874800	-33.060200	25.000000
12.174064	2.070838	2.563585	13.295864	2.047428	2.326263	41.874800	-32.588800	25.000000
12.174064	2.070838	2.563585	10.852189	2.321140	2.807890	41.874800	-31.491100	25.000000
12.174064	2.070838	2.563585	11.494812	2.225558	3.664330	41.874800	-31.019700	25.000000
12.174064	2.070838	2.563585	12.598986	2.648817	2.352754	41.874800	-29.922000	25.000000
12.174064	2.070838	2.563585	11.378049	2.920064	5.355890	41.874800	-29.450700	25.000000
12.174064	2.070838	2.563585	12.897674	2.332350	5.512937	41.874800	-28.353000	25.000000
12.174064	2.070838	2.563585	10.282509	2.280477	0.394791	41.874800	-27.881600	25.000000
12.174064	2.070838	2.563585	13.780058	2.154984	0.479211	41.874800	-26.783900	25.000000
12.174064	2.070838	2.563585	11.951987	2.176016	0.792592	41.874800	-26.312500	25.000000
12.174064	2.070838	2.563585	12.377803	2.181699	0.384169	41.874800	-25.214800	25.000000
12.174064	2.070838	2.563585	10.015987	2.317080	1.180189	41.874800	-24.743500	25.000000
12.174064	2.070838	2.563585	13.947760	2.071866	0.791178	41.874800	-23.645800	25.000000
12.174064	2.070838	2.563585	11.734138	2.049012	2.768216	41.874800	-23.174400	25.000000
12.174064	2.070838	2.563585	12.487994	2.099581	2.063481	41.874800	-22.076700	25.000000
12.174064	2.070838	2.563585	12.300406	2.034361	2.690140	41.874800	-21.605300	25.000000
12.174064	2.070838	2.563585	12.044501	2.063767	2.724325	41.874800	-20.507600	25.000000
12.174064	2.070838	2.563585	12.066897	2.072196	2.606035	41.874800	-20.036300	25.000000
12.174064	2.070838	2.563585	12.262952	2.063454	2.607522	41.874800	-18.938600	25.000000
12.174064	2.070838	2.563585	12.251122	2.063973	2.574153	41.874800	-18.467200	25.000000
12.174064	2.070838	2.563585	12.204098	2.066045	2.582006	41.874800	-17.369500	25.000000
12.174064	2.070838	2.563585	11.998750	2.028303	2.527823	42.659300	-35.726900	25.000000
12.174064	2.070838	2.563585	12.282508	2.016960	2.503507	42.659300	-34.629200	25.000000
12.174064	2.070838	2.563585	12.228246	1.947654	2.455863	42.659300	-34.157900	25.000000
12.174064	2.070838	2.563585	12.033703	1.831344	2.429235	42.659300	-33.060200	25.000000
12.174064	2.070838	2.563585	12.597222	2.208522	2.482283	42.659300	-32.588800	25.000000
12.174064	2.070838	2.563585	11.752872	1.855406	2.494545	42.659300	-31.491100	25.000000
12.174064	2.070838	2.563585	13.390459	2.735230	2.318779	42.659300	-31.019700	25.000000
12.174064	2.070838	2.563585	10.795814	2.171271	3.182020	42.659300	-29.922000	25.000000
12.174064	2.070838	2.563585	11.321778	2.994790	5.360685	42.659300	-29.450700	25.000000
12.174064	2.070838	2.563585	12.906558	2.809174	0.318477	42.659300	-28.353000	25.000000
12.174064	2.070838	2.563585	11.104053	2.547267	1.085569	42.659300	-27.881600	25.000000
12.174064	2.070838	2.563585	13.153327	2.434516	0.960070	42.659300	-26.783900	25.000000
12.174064	2.070838	2.563585	12.165936	2.521367	0.785398	42.659300	-26.312500	25.000000
12.174064	2.070838	2.563585	12.136309	2.568915	0.774646	42.659300	-25.214800	25.000000
12.174064	2.070838	2.563585	14.477807	2.172908	1.643776	42.659300	-24.743500	25.000000
12.174064	2.070838	2.563585	9.149869	2.612767	2.281067	42.659300	-23.645800	25.000000
12.174064	2.070838	2.563585	12.223338	2.028376	2.718739	42.659300	-23.174400	25.000000
12.174064	2.070838	2.563585	12.146604	2.013189	2.739093	42.659300	-22.076700	25.000000
12.174064	2.070838	2.563585	12.281287	2.053438	2.632708	42.659300	-21.605300	25.000000
12.174064	2.070838	2.563585	12.114041	2.060686	2.665393	42.659300	-20.507600	25.000000
12.174064	2.070838	2.563585	12.037026	2.073557	2.593043	42.659300	-20.036300	25.000000
12.174064	2.070838	2.563585	12.204098	2.066045	2.582006	42.659300	-18.938600	25.000000
12.174064	2.070838	2.563585	12.129716	2.069360	2.577023	42.659300	-18.467200	25.000000
12.174064	2.070838	2.563585	12.129716	2.069360	2.577023	42.659300	-17.369500	25.000000
12.174064	2.070838	2.563585	12.272734	2.026395	2.510795	43.443800	-35.726900	25.000000
12.174064	2.070838	2.563585	12.028716	2.017837	2.533133	43.443800	-34.629200	25.000000
12.174064	2.070838	2.563585	12.728708	1.882199	2.420433	43.443800	-34.157900	25.000000
12.174064	2.070838	2.563585	11.681609	1.893084	2.503507	43.443800	-33.060200	25.000000
12.174064	2.070838	2.563585	12.427791	1.798049	2.408778	43.443800	-32.588800	25.000000
12.174064	2.070838	2.563585	11.793642	1.980699	2.553590	43.443800	-31.491100	25.000000
12.174064	2.070838	2.563585	11.780068	2.135069	2.749893	43.443800	-31.019700	25.000000
12.174064	2.070838	2.563585	12.510396	2.628591	2.494834	43.443800	-29.922000	25.000000
12.174064	2.070838	2.563585	13.040510	2.759477	2.010529	43.443800	-29.450700	25.000000
12.174064	2.070838	2.563585	11.205820	2.811268	1.843805	43.443800	-28.353000	25.000000
12.174064	2.070838	2.563585	12.752651	2.595816	1.647916	43.443800	-27.881600	25.000000
12.174064	2.070838	2.563585	11.647300	2.694011	1.698104	43.443800	-26.783900	25.000000
12.174064	2.070838	2.563585	13.188389	2.599856	1.579620	43.443800	-26.312500	25.000000
12.174064	2.070838	2.563585	11.126922	2.730527	1.968010	43.443800	-25.214800	25.000000
12.174064	2.070838	2.563585	13.616534	1.931051	2.597135	43.443800	-24.743500	25.000000
12.174064	2.070838	2.563585	10.500476	2.436992	2.418613	43.443800	-23.645800	25.000000
12.174064	2.070838	2.563585	12.359207	1.978460	2.752903	43.443800	-23.174400	25.000000
12.174064	2.070838	2.563585	12.024558	2.045862	2.707225	43.443800	-22.076700	25.000000
12.174064	2.070838	2.563585	12.142487	2.068787	2.610819	43.443800	-21.605300	25.000000
12.174064	2.070838	2.563585	12.247857	2.054869	2.620158	43.443800	-20.507600	25.000000
12.174064	2.070838	2.563585	12.129716	2.069360	2.577023	43.443800	-20.036300	25.000000
12.174064	2.070838	2.563585	12.177849	2.076572	2.577023	43.443800	-18.938600	25.000000
12.174064	2.070838	2.563585	12.065654	2.034822	2.540737	44.228400	-35.726900	25.000000
12.174064	2.070838	2.563585	12.259282	2.008840	2.516108	44.228400	-34.629200	25.000000
12.174064	2.070838	2.563585	12.615070	1.885100	2.444720	44.228400	-34.157900	25.000000
12.174064	2.070838	2.563585	11.657616	1.911919	2.530867	44.228400	-33.060200	25.000000
12.174064	2.070838	2.563585	12.343824	1.774738	2.461684	44.228400	-32.588800	25.000000
12.174064	2.070838	2.563585	11.946966	1.790180	2.508383	44.228400	-31.491100	25.000000
12.174064	2.070838	2.563585	12.766754	2.179492	2.396713	44.228400	-31.019700	25.000000
12.174064	2.070838	2.563585	11.538197	2.087494	2.731465	44.228400	-29.922000	25.000000
12.174064	2.070838	2.563585	11.787281	2.388533	2.356194	44.228400	-29.450700	25.000000
12.174064	2.070838	2.563585	12.539936	2.382821	2.372586	44.228400	-28.353000	25.000000
12.174064	2.070838	2.563585	12.164292	2.415977	2.303611	44.228400	-27.881600	25.000000
12.174064	2.070838	2.563585	12.215564	2.488271	2.346671	44.228400	-26.783900	25.000000
12.174064	2.070838	2.563585	13.012302	2.067434	2.505084	44.228400	-26.312500	25.000000
12.174064	2.070838	2.563585	11.289818	2.464605	2.557512	44.228400	-25.214800	25.000000
12.174064	2.070838	2.563585	12.189750	1.984471	2.746112	44.228400	-24.743500	25.000000
12.174064	2.070838	2.563585	12.119406	1.942340	2.741352	44.228400	-23.645800	25.000000
12.174064	2.070838	2.563585	12.140016	2.040977	2.682077	44.228400	-23.174400	25.000000
12.174064	2.070838	2.563585	12.189750	2.038904	2.632708	44.228400	-22.076700	25.000000
12.174064	2.070838	2.563585	12.157714	2.068107	2.589938	44.228400	-21.605300	25.000000
12.174064	2.070838	2.563585	12.111978	2.070158	2.597947	44.228400	-20.507600	25.000000
12.174064	2.070838	2.563585	12.129716	2.069360	2.577023	44.228400	-20.036300	25.000000
12.174064	2.070838	2.563585	12.204098	2.066045	2.582006	44.228400	-18.938600	25.000000
12.174064	2.070838	2.563585	12.139605	2.031775	2.545937	45.012900	-35.726900	25.000000
12.174064	2.070838	2.563585	12.206556	2.010864	2.523448	45.012900	-34.629200	25.000000
12.174064	2.070838	2.563585	12.468360	1.931458	2.465513	45.012900	-34.157900	25.000000
12.174064	2.070838	2.563585	11.812705	1.907262	2.541153	45.012900	-33.060200	25.000000
12.174064	2.070838	2.563585	12.578156	1.738538	2.481964	45.012900	-32.588800	25.000000
12.174064	2.070838	2.563585	11.758401	1.776350	2.541542	45.012900	-31.491100	25.000000
12.174064	2.070838	2.563585	12.267844	1.776019	2.539734	45.012900	-31.019700	25.000000
12.174064	2.070838	2.563585	11.968709	1.947251	2.593469	45.012900	-29.922000	25.000000
12.174064	2.070838	2.563585	12.103305	2.014885	2.571355	45.012900	-29.450700	25.000000
12.174064	2.070838	2.563585	12.204098	2.066045	2.582006	45.012900	-28.353000	25.000000
12.174064	2.070838	2.563585	11.955752	2.067759	2.677945	45.012900	-27.881600	25.000000
12.174064	2.070838	2.563585	12.505199	2.044079	2.593469	45.012900	-26.783900	25.000000
12.174064	2.070838	2.563585	12.238872	1.912400	2.759476	45.012900	-26.312500	25.000000
12.174064	2.070838	2.563585	12.234786	1.929923	2.709185	45.012900	-25.214800	25.000000
12.174064	2.070838	2.563585	12.053630	2.026063	2.702733	45.012900	-24.743500	25.000000
12.174064	2.070838	2.563585	12.222111	1.947853	2.705497	45.012900	-23.645800	25.000000
12.174064	2.070838	2.563585	12.200820	2.038446	2.612196	45.012900	-23.174400	25.000000
12.174064	2.070838	2.563585	12.050726	2.063490	2.618942	45.012900	-22.076700	25.000000
12.174064	2.070838	2.563585	12.157714	2.068107	2.589938	45.012900	-21.605300	25.000000
12.174064	2.070838	2.563585	12.129716	2.069360	2.577023	45.012900	-20.507600	25.000000
12.174064	2.070838	2.563585	12.001667	2.018918	2.553590	45.797400	-35.726900	25.000000
12.174064	2.070838	2.563585	12.315031	2.024713	2.536048	45.797400	-34.629200	25.000000
12.174064	2.070838	2.563585	12.277622	1.972465	2.506941	45.797400	-34.157900	25.000000
12.174064	2.070838	2.563585	11.977061	1.911310	2.538849	45.797400	-33.060200	25.000000
12.174064	2.070838	2.563585	12.595237	1.794976	2.494834	45.797400	-32.588800	25.000000
12.174064	2.070838	2.563585	11.661904	1.813263	2.582993	45.797400	-31.491100	25.000000
12.174064	2.070838	2.563585	12.289512	1.725199	2.615297	45.797400	-31.019700	25.000000
12.174064	2.070838	2.563585	11.985579	1.720703	2.591043	45.797400	-29.922000	25.000000
12.174064	2.070838	2.563585	11.967038	1.755686	2.693153	45.797400	-29.450700	25.000000
12.174064	2.070838	2.563585	12.419742	1.773473	2.663240	45.797400	-28.353000	25.000000
12.174064	2.070838	2.563585	12.156480	1.845706	2.746802	45.797400	-27.881600	25.000000
12.174064	2.070838	2.563585	12.185647	1.802646	2.715663	45.797400	-26.783900	25.000000
12.174064	2.070838	2.563585	12.213926	1.956940	2.673992	45.797400	-26.312500	25.000000
12.174064	2.070838	2.563585	12.083046	1.908204	2.764344	45.797400	-25.214800	25.000000
12.174064	2.070838	2.563585	12.088424	2.015470	2.665651	45.797400	-24.743500	25.000000
12.174064	2.070838	2.563585	12.233560	2.027964	2.616797	45.797400	-23.645800	25.000000
12.174064	2.070838	2.563585	12.307315	2.052330	2.591739	45.797400	-23.174400	25.000000
12.174064	2.070838	2.563585	12.095040	2.061524	2.610819	45.797400	-22.076700	25.000000
12.174064	2.070838	2.563585	12.129716	2.069360	2.577023	45.797400	-21.605300	25.000000
12.174064	2.070838	2.563585	12.129716	2.069360	2.577023	45.797400	-20.507600	25.000000
12.174064	2.070838	2.563585	12.134661	2.041201	2.553590	46.582000	-35.726900	25.000000
12.174064	2.070838	2.563585	12.271512	2.017389	2.536048	46.582000	-34.629200	25.000000
12.174064	2.070838	2.563585	12.024142	1.972384	2.568627	46.582000	-34.157900	25.000000
12.174064	2.070838	2.563585	12.313407	1.962429	2.512150	46.582000	-33.060200	25.000000
12.174064	2.070838	2.563585	12.219247	1.912971	2.541542	46.582000	-32.588800	25.000000
12.174064	2.070838	2.563585	12.189750	1.844936	2.574863	46.582000	-31.491100	25.000000
12.174064	2.070838	2.563585	12.334099	1.783187	2.611130	46.582000	-31.019700	25.000000
12.174064	2.070838	2.563585	12.002500	1.814828	2.620317	46.582000	-29.922000	25.000000
12.174064	2.070838	2.563585	11.959097	1.789954	2.689439	46.582000	-29.450700	25.000000
12.174064	2.070838	2.563585	12.337747	1.824780	2.662965	46.582000	-28.353000	25.000000
12.174064	2.070838	2.563585	12.114867	1.924827	2.705497	46.582000	-27.881600	25.000000
12.174064	2.070838	2.563585	12.228655	1.861068	2.681762	46.582000	-26.783900	25.000000
12.174064	2.070838	2.563585	12.381034	1.968920	2.638749	46.582000	-26.312500	25.000000
12.174064	2.070838	2.563585	12.051971	2.026130	2.661418	46.582000	-25.214800	25.000000
12.174064	2.070838	2.563585	12.323149	2.033439	2.608949	46.582000	-24.743500	25.000000
12.174064	2.070838	2.563585	12.048236	2.054203	2.610819	46.582000	-23.645800	25.000000
12.174064	2.070838	2.563585	12.157714	2.068107	2.589938	46.582000	-23.174400	25.000000
12.174064	2.070838	2.563585	12.204098	2.056755	2.574153	46.582000	-22.076700	25.000000
12.174064	2.070838	2.563585	12.129716	2.069360	2.577023	46.582000	-20.507600	25.000000
12.174064	2.070838	2.563585	12.184416	2.039126	2.545937	47.366500	-35.726900	25.000000
12.174064	2.070838	2.563585	12.170045	2.021385	2.551058	47.366500	-34.629200	25.000000
12.174064	2.070838	2.563585	12.271919	1.990439	2.533791	47.366500	-34.157900	25.000000
12.174064	2.070838	2.563585	12.068140	1.997985	2.563691	47.366500	-33.060200	25.000000
12.174064	2.070838	2.563585	12.305283	1.919114	2.565580	47.366500	-32.588800	25.000000
12.174064	2.070838	2.563585	12.103718	1.951729	2.578276	47.366500	-31.491100	25.000000
12.174064	2.070838	2.563585	12.248265	1.894851	2.608559	47.366500	-31.019700	25.000000
12.174064	2.070838	2.563585	12.118168	1.907188	2.599674	47.366500	-29.922000	25.000000
12.174064	2.070838	2.563585	12.287392	1.928316	2.623524	47.366500	-29.450700	25.000000
12.174064	2.070838	2.563585	12.037442	1.918355	2.654234	47.366500	-28.353000	25.000000
12.174064	2.070838	2.563585	12.004582	1.991253	2.657540	47.366500	-27.881600	25.000000
12.174064	2.070838	2.563585	12.188519	1.957788	2.622447	47.366500	-26.783900	25.000000
12.174064	2.070838	2.563585	12.169634	2.039740	2.599593	47.366500	-26.312500	25.000000
12.174064	2.070838	2.563585	12.136309	2.013591	2.637151	47.366500	-25.214800	25.000000
12.174064	2.070838	2.563585	12.185647	2.057555	2.594804	47.366500	-24.743500	25.000000
12.174064	2.070838	2.563585	12.231925	2.055554	2.586911	47.366500	-23.645800	25.000000
12.174064	2.070838	2.563585	12.082218	2.062091	2.577023	47.366500	-23.174400	25.000000
12.174064	2.070838	2.563585	12.129716	2.059997	2.569133	47.366500	-22.076700	25.000000
