14.008299	2.546471	3.315209	14.016865	2.558400	3.317391	-0.270858	1.872110	25.000000
14.008296	2.546472	3.315212	14.014953	2.558607	3.314838	0.558385	-0.884078	25.000000
14.008291	2.546472	3.315206	14.015905	2.558504	3.316115	0.558385	0.213622	25.000000
14.008294	2.546472	3.315209	14.015905	2.558504	3.316115	0.558385	1.872110	25.000000
14.008294	2.546472	3.315209	14.018805	2.558190	3.319940	0.558385	2.432900	25.000000
14.008294	2.546472	3.315209	14.018805	2.558190	3.319940	0.558385	3.530600	25.000000
14.008301	2.546471	3.315211	14.014007	2.558709	3.313561	1.387630	-0.884078	25.000000
14.008297	2.546472	3.315206	13.960978	2.564496	3.317101	1.387630	0.774409	25.000000
14.008299	2.546471	3.315209	13.960029	2.564600	3.315808	1.387630	1.872110	25.000000
14.008299	2.546471	3.315209	14.103347	2.561991	3.321215	1.387630	2.432900	25.000000
14.008299	2.546471	3.315209	14.017832	2.558296	3.318666	1.387630	3.530600	25.000000
14.008299	2.546471	3.315209	14.020774	2.557978	3.322488	1.387630	4.091380	25.000000
14.008299	2.546471	3.315209	13.967820	2.563744	3.326135	1.387630	5.189080	25.000000
14.008299	2.546471	3.315209	14.020774	2.557978	3.322488	1.387630	5.749870	25.000000
14.008288	2.546473	3.315209	14.012138	2.558912	3.311006	2.216870	-3.103350	25.000000
14.008288	2.546473	3.315209	14.013069	2.558811	3.312284	2.216870	-2.542560	25.000000
14.008288	2.546473	3.315209	14.007587	2.559405	3.304607	2.216870	-1.444860	25.000000
14.008290	2.546472	3.315212	14.035772	2.569388	3.304146	2.216870	-0.884078	25.000000
14.008286	2.546473	3.315206	13.958152	2.564807	3.313221	2.216870	0.213622	25.000000
14.008286	2.546473	3.315207	13.988924	2.574608	3.315494	2.216870	0.774409	25.000000
14.008288	2.546473	3.315209	14.043009	2.568588	3.314515	2.216870	1.872110	25.000000
14.008288	2.546473	3.315209	14.082968	2.577347	3.328572	2.216870	2.432900	25.000000
14.008288	2.546473	3.315209	13.996585	2.573749	3.325961	2.216870	3.530600	25.000000
14.008288	2.546473	3.315209	14.057795	2.566960	3.333855	2.216870	4.091380	25.000000
14.008288	2.546473	3.315209	13.969839	2.563522	3.328711	2.216870	5.189080	25.000000
14.008288	2.546473	3.315209	14.021769	2.557870	3.323761	2.216870	5.749870	25.000000
14.008288	2.546473	3.315209	14.029982	2.556984	3.333922	2.216870	6.847570	25.000000
14.008288	2.546473	3.315209	14.008483	2.559308	3.305888	3.046110	-4.201050	25.000000
14.008288	2.546473	3.315209	13.955390	2.565111	3.309335	3.046110	-2.542560	25.000000
14.008288	2.546473	3.315209	13.946645	2.566076	3.296345	3.046110	-1.444860	25.000000
14.008290	2.546472	3.315212	14.070640	2.578733	3.311558	3.046110	-0.884078	25.000000
14.008286	2.546473	3.315206	14.056315	2.580350	3.289161	3.046110	0.213622	25.000000
14.008286	2.546473	3.315207	14.079634	2.604886	3.307655	3.046110	0.774409	25.000000
14.008288	2.546473	3.315209	14.003571	2.600069	3.322685	3.046110	1.872110	25.000000
14.008288	2.546473	3.315209	13.959832	2.605301	3.334864	3.046110	2.432900	25.000000
14.008288	2.546473	3.315209	14.017261	2.598447	3.341695	3.046110	3.530600	25.000000
14.008288	2.546473	3.315209	14.001503	2.586608	3.361585	3.046110	4.091380	25.000000
14.008288	2.546473	3.315209	13.947989	2.579234	3.333714	3.046110	5.189080	25.000000
14.008288	2.546473	3.315209	14.004699	2.572842	3.336388	3.046110	5.749870	25.000000
14.008288	2.546473	3.315209	13.984763	2.561889	3.346669	3.046110	6.847570	25.000000
14.008278	2.546474	3.315197	14.032106	2.556756	3.336457	3.046110	8.506050	25.000000
14.008288	2.546473	3.315209	14.003214	2.559879	3.298195	3.875360	-3.103350	25.000000
14.008288	2.546473	3.315209	14.077159	2.564839	3.282753	3.875360	-2.542560	25.000000
14.008288	2.546473	3.315209	14.061138	2.579805	3.297084	3.875360	-1.444860	25.000000
14.008290	2.546472	3.315212	14.023195	2.597747	3.265948	3.875360	-0.884078	25.000000
14.008286	2.546473	3.315206	14.059947	2.621379	3.301096	3.875360	0.213622	25.000000
14.008286	2.546473	3.315207	14.010981	2.657333	3.335982	3.875360	0.774409	25.000000
14.008288	2.546473	3.315209	14.077159	2.648471	3.280094	3.875360	1.872110	25.000000
14.008288	2.546473	3.315209	14.038932	2.653562	3.377729	3.875360	2.432900	25.000000
14.008288	2.546473	3.315209	13.977915	2.661850	3.358748	3.875360	3.530600	25.000000
14.008288	2.546473	3.315209	14.051409	2.636970	3.380859	3.875360	4.091380	25.000000
14.008288	2.546473	3.315209	14.006013	2.599779	3.390601	3.875360	5.189080	25.000000
14.008288	2.546473	3.315209	14.042083	2.581965	3.345565	3.875360	5.749870	25.000000
14.008288	2.546473	3.315209	14.019544	2.584536	3.381336	3.875360	6.847570	25.000000
14.008278	2.546474	3.315197	13.948835	2.552798	3.336457	3.875360	7.408350	25.000000
14.008278	2.546474	3.315197	13.930273	2.567890	3.348067	3.875360	8.506050	25.000000
14.008288	2.546473	3.315209	13.942511	2.553478	3.328847	3.875360	9.066840	25.000000
14.008288	2.546473	3.315209	14.028172	2.570229	3.292438	4.704600	-4.201050	25.000000
14.008288	2.546473	3.315209	14.057738	2.554008	3.296193	4.704600	-3.103350	25.000000
14.008288	2.546473	3.315209	13.981330	2.588940	3.245329	4.704600	-2.542560	25.000000
14.008288	2.546473	3.315209	13.952061	2.592351	3.293198	4.704600	-1.444860	25.000000
14.008290	2.546472	3.315212	14.079616	2.633355	3.264499	4.704600	-0.884078	25.000000
14.008286	2.546473	3.315206	14.004931	2.689839	3.208705	4.704600	0.213622	25.000000
14.008286	2.546473	3.315207	14.022068	2.703860	3.263026	4.704600	0.774409	25.000000
14.008288	2.546473	3.315209	13.996603	2.691067	3.318071	4.704600	1.872110	25.000000
14.008288	2.546473	3.315209	13.993627	2.659696	3.381336	4.704600	2.432900	25.000000
14.008288	2.546473	3.315209	13.957468	2.713857	3.398301	4.704600	3.530600	25.000000
14.008288	2.546473	3.315209	13.971700	2.678479	3.420773	4.704600	4.091380	25.000000
14.008288	2.546473	3.315209	14.082415	2.694792	3.543463	4.704600	5.189080	25.000000
14.008288	2.546473	3.315209	13.909238	2.625847	3.417690	4.704600	5.749870	25.000000
14.008288	2.546473	3.315209	13.995056	2.587352	3.410941	4.704600	6.847570	25.000000
14.008278	2.546474	3.315197	13.961823	2.577664	3.350814	4.704600	7.408350	25.000000
14.008278	2.546474	3.315197	14.089627	2.563480	3.369560	4.704600	8.506050	25.000000
14.008288	2.546473	3.315209	14.004646	2.546857	3.335239	4.704600	9.066840	25.000000
14.008230	2.546479	3.315134	13.891397	2.559019	3.335139	4.704600	10.164500	25.000000
14.008343	2.546467	3.315207	14.060331	2.553731	3.299995	5.533850	-5.859540	25.000000
14.008343	2.546467	3.315207	13.987494	2.561590	3.272420	5.533850	-4.201050	25.000000
14.008343	2.546467	3.315207	14.027363	2.570319	3.291135	5.533850	-3.103350	25.000000
14.008343	2.546467	3.315207	14.013337	2.641911	3.207170	5.533850	-2.542560	25.000000
14.008343	2.546467	3.315207	14.012794	2.598976	3.241261	5.533850	-1.444860	25.000000
14.008345	2.546467	3.315210	13.999496	2.690640	3.162245	5.533850	-0.884078	25.000000
14.008341	2.546467	3.315204	14.014578	2.722196	3.190676	5.533850	0.213622	25.000000
14.008341	2.546467	3.315205	14.692297	2.256199	3.691059	5.533850	0.774409	25.000000
14.008343	2.546467	3.315207	13.202458	2.320868	3.030592	5.533850	1.872110	25.000000
14.008343	2.546467	3.315207	13.944384	1.991899	3.205756	5.533850	2.432900	25.000000
14.008343	2.546467	3.315207	14.059294	2.193513	3.081927	5.533850	3.530600	25.000000
14.008343	2.546467	3.315207	14.125300	2.572629	3.577029	5.533850	4.091380	25.000000
14.008343	2.546467	3.315207	13.821451	2.607991	3.049001	5.533850	5.189080	25.000000
14.008343	2.546467	3.315207	13.894963	2.627662	3.454084	5.533850	5.749870	25.000000
14.008343	2.546467	3.315207	14.075756	2.663886	3.601094	5.533850	6.847570	25.000000
14.008334	2.546468	3.315195	14.062845	2.566406	3.397985	5.533850	7.408350	25.000000
14.008334	2.546468	3.315195	13.921713	2.595923	3.391942	5.533850	8.506050	25.000000
14.008343	2.546467	3.315207	13.984763	2.561889	3.346669	5.533850	9.066840	25.000000
14.008285	2.546473	3.315132	13.955415	2.552092	3.344044	5.533850	10.164500	25.000000
14.008288	2.546473	3.315209	13.972076	2.550312	3.292387	6.363090	-4.761840	25.000000
14.008288	2.546473	3.315209	13.934863	2.567381	3.276763	6.363090	-4.201050	25.000000
14.008288	2.546473	3.315209	13.950774	2.578918	3.247947	6.363090	-3.103350	25.000000
14.008288	2.546473	3.315209	14.066350	2.620585	3.120310	6.363090	-2.542560	25.000000
14.008288	2.546473	3.315209	14.045302	2.668092	3.180011	6.363090	-1.444860	25.000000
14.008290	2.546472	3.315212	13.668665	2.329119	3.073013	6.363090	-0.884078	25.000000
14.008286	2.546473	3.315206	14.240028	2.560152	3.574358	6.363090	0.213622	25.000000
14.008286	2.546473	3.315207	13.275395	1.822788	3.235069	6.363090	0.774409	25.000000
14.008288	2.546473	3.315209	14.708803	1.661342	3.663279	6.363090	1.872110	25.000000
14.008288	2.546473	3.315209	14.059943	1.483916	3.173011	6.363090	2.432900	25.000000
14.008288	2.546473	3.315209	13.878101	1.546295	2.983080	6.363090	3.530600	25.000000
14.008288	2.546473	3.315209	13.863391	1.878589	3.099194	6.363090	4.091380	25.000000
14.008288	2.546473	3.315209	14.021501	2.364835	3.065211	6.363090	5.189080	25.000000
14.008288	2.546473	3.315209	13.790214	2.656615	3.409209	6.363090	5.749870	25.000000
14.008288	2.546473	3.315209	14.302884	2.528751	3.534514	6.363090	6.847570	25.000000
14.008278	2.546474	3.315197	14.035669	2.596279	3.506794	6.363090	7.408350	25.000000
14.008278	2.546474	3.315197	13.944590	2.593227	3.414601	6.363090	8.506050	25.000000
14.008288	2.546473	3.315209	14.053686	2.554441	3.360401	6.363090	9.066840	25.000000
14.008230	2.546479	3.315134	13.941754	2.566617	3.360977	6.363090	10.164500	25.000000
14.008288	2.546473	3.315209	14.052744	2.554541	3.288577	7.192330	-5.859540	25.000000
14.008288	2.546473	3.315209	13.972917	2.550222	3.293656	7.192330	-4.761840	25.000000
14.008288	2.546473	3.315209	14.037767	2.582456	3.253288	7.192330	-4.201050	25.000000
14.008288	2.546473	3.315209	13.991815	2.574284	3.212142	7.192330	-3.103350	25.000000
14.008288	2.546473	3.315209	13.985864	2.487596	3.186269	7.192330	-2.542560	25.000000
14.008288	2.546473	3.315209	14.040160	2.609631	3.326596	7.192330	-1.444860	25.000000
14.008290	2.546472	3.315212	13.969252	2.087414	3.538917	7.192330	-0.884078	25.000000
14.008286	2.546473	3.315206	13.964956	1.620943	3.447472	7.192330	0.213622	25.000000
14.008286	2.546473	3.315207	13.674063	1.394368	3.373959	7.192330	0.774409	25.000000
14.008288	2.546473	3.315209	14.256227	1.025032	3.546484	7.192330	1.872110	25.000000
14.008288	2.546473	3.315209	13.905499	0.904014	3.071068	7.192330	2.432900	25.000000
14.008288	2.546473	3.315209	14.133382	1.116670	3.153403	7.192330	3.530600	25.000000
14.008288	2.546473	3.315209	13.898781	1.557126	2.901850	7.192330	4.091380	25.000000
14.008288	2.546473	3.315209	14.201271	1.335555	2.966920	7.192330	5.189080	25.000000
14.008288	2.546473	3.315209	14.364571	2.128312	2.532883	7.192330	5.749870	25.000000
14.008288	2.546473	3.315209	13.407927	2.111362	3.539060	7.192330	6.847570	25.000000
14.008278	2.546474	3.315197	14.163686	2.581559	3.551720	7.192330	7.408350	25.000000
14.008278	2.546474	3.315197	13.861097	2.646998	3.564447	7.192330	8.506050	25.000000
14.008288	2.546473	3.315209	14.029483	2.557038	3.392210	7.192330	9.066840	25.000000
14.008230	2.546479	3.315134	13.987956	2.574717	3.379468	7.192330	10.164500	25.000000
14.008230	2.546479	3.315134	13.954300	2.552212	3.342781	7.192330	10.725300	25.000000
14.008343	2.546467	3.315207	13.915549	2.556390	3.291769	8.021580	-5.859540	25.000000
14.008343	2.546467	3.315207	14.047238	2.555131	3.279669	8.021580	-4.761840	25.000000
14.008343	2.546467	3.315207	14.084988	2.604248	3.192936	8.021580	-4.201050	25.000000
14.008343	2.546467	3.315207	13.988695	2.574634	3.200192	8.021580	-3.103350	25.000000
14.008343	2.546467	3.315207	12.864680	1.911604	3.575729	8.021580	-2.542560	25.000000
14.008343	2.546467	3.315207	14.939210	2.574410	3.677739	8.021580	-1.444860	25.000000
14.008345	2.546467	3.315210	12.861182	1.287094	3.630597	8.021580	-0.884078	25.000000
14.008341	2.546467	3.315204	15.212166	1.331877	3.941344	8.021580	0.213622	25.000000
14.008341	2.546467	3.315205	14.358969	0.618375	3.642857	8.021580	0.774409	25.000000
14.008343	2.546467	3.315207	13.661991	0.812011	3.293475	8.021580	1.872110	25.000000
14.008343	2.546467	3.315207	14.042080	0.659202	3.153220	8.021580	2.432900	25.000000
14.008343	2.546467	3.315207	13.927171	0.456669	3.356553	8.021580	3.530600	25.000000
14.008343	2.546467	3.315207	14.029255	0.964002	2.604149	8.021580	4.091380	25.000000
14.008343	2.546467	3.315207	14.019986	0.910425	2.791278	8.021580	5.189080	25.000000
14.008343	2.546467	3.315207	10.991797	1.694843	3.104912	8.021580	5.749870	25.000000
14.008343	2.546467	3.315207	16.201201	1.715113	2.174369	8.021580	6.847570	25.000000
14.008334	2.546468	3.315195	13.932728	2.608583	3.423579	8.021580	7.408350	25.000000
14.008334	2.546468	3.315195	14.090951	2.603538	3.484803	8.021580	8.506050	25.000000
14.008343	2.546467	3.315207	13.979041	2.562514	3.397985	8.021580	9.066840	25.000000
14.008285	2.546473	3.315132	14.008315	2.572438	3.447006	8.021580	10.164500	25.000000
14.008285	2.546473	3.315132	14.098656	2.549664	3.347714	8.021580	10.725300	25.000000
14.008285	2.546473	3.315132	14.089744	2.550606	3.337739	8.021580	11.823000	25.000000
14.008288	2.546473	3.315209	13.994999	2.560773	3.285331	8.850820	-5.859540	25.000000
14.008288	2.546473	3.315209	14.043518	2.555530	3.273293	8.850820	-4.761840	25.000000
14.008288	2.546473	3.315209	13.963754	2.590984	3.181845	8.850820	-4.201050	25.000000
14.008288	2.546473	3.315209	13.982026	2.575384	3.130393	8.850820	-3.103350	25.000000
14.008288	2.546473	3.315209	7.447147	2.060063	3.371812	8.850820	-2.542560	25.000000
14.008288	2.546473	3.315209	17.934882	2.090058	4.217143	8.850820	-1.444860	25.000000
14.008290	2.546472	3.315212	14.035313	0.955604	4.088083	8.850820	-0.884078	25.000000
14.008286	2.546473	3.315206	14.004642	1.266208	4.178388	8.850820	0.213622	25.000000
14.008286	2.546473	3.315207	14.121955	0.513594	3.455139	8.850820	0.774409	25.000000
14.008288	2.546473	3.315209	13.982350	0.495606	3.263709	8.850820	1.872110	25.000000
14.008288	2.546473	3.315209	14.054924	0.425790	3.408298	8.850820	2.432900	25.000000
14.008288	2.546473	3.315209	13.995342	0.526496	3.336200	8.850820	3.530600	25.000000
14.008288	2.546473	3.315209	14.199296	0.673363	2.672895	8.850820	4.091380	25.000000
14.008288	2.546473	3.315209	13.800362	0.934541	2.811295	8.850820	5.189080	25.000000
14.008288	2.546473	3.315209	14.460996	1.304612	2.565518	8.850820	5.749870	25.000000
14.008288	2.546473	3.315209	13.460738	1.881552	2.782822	8.850820	6.847570	25.000000
14.008278	2.546474	3.315197	13.773485	2.495821	2.876716	8.850820	7.408350	25.000000
14.008278	2.546474	3.315197	14.156161	2.438612	3.490644	8.850820	8.506050	25.000000
14.008288	2.546473	3.315209	13.966105	2.577180	3.498483	8.850820	9.066840	25.000000
14.008230	2.546479	3.315134	14.046864	2.555171	3.452766	8.850820	10.164500	25.000000
14.008230	2.546479	3.315134	14.053686	2.554441	3.360401	8.850820	10.725300	25.000000
14.008230	2.546479	3.315134	14.096386	2.549904	3.345224	8.850820	11.823000	25.000000
14.008288	2.546473	3.315209	14.040669	2.555835	3.268185	9.680060	-5.859540	25.000000
14.008288	2.546473	3.315209	14.045729	2.555293	3.277120	9.680060	-4.761840	25.000000
14.008288	2.546473	3.315209	13.981850	2.575403	3.135459	9.680060	-4.201050	25.000000
14.008288	2.546473	3.315209	14.016440	2.584892	3.100939	9.680060	-3.103350	25.000000
14.008288	2.546473	3.315209	17.501143	2.007362	4.344762	9.680060	-2.542560	25.000000
14.008288	2.546473	3.315209	8.481745	2.425782	3.451980	9.680060	-1.444860	25.000000
14.008290	2.546472	3.315212	11.324752	1.093734	4.060936	9.680060	-0.884078	25.000000
14.008286	2.546473	3.315206	16.180544	1.190909	4.257670	9.680060	0.213622	25.000000
14.008286	2.546473	3.315207	13.752632	0.495289	3.463827	9.680060	0.774409	25.000000
14.008288	2.546473	3.315209	14.235182	0.618270	3.388923	9.680060	1.872110	25.000000
14.008288	2.546473	3.315209	14.061184	0.625377	3.466801	9.680060	2.432900	25.000000
14.008288	2.546473	3.315209	13.939871	0.613222	3.216453	9.680060	3.530600	25.000000
14.008288	2.546473	3.315209	13.669634	0.728492	2.843821	9.680060	4.091380	25.000000
14.008288	2.546473	3.315209	14.323830	0.854959	3.338081	9.680060	5.189080	25.000000
14.008288	2.546473	3.315209	13.597426	1.452854	2.817500	9.680060	5.749870	25.000000
14.008288	2.546473	3.315209	14.342245	1.199777	2.876653	9.680060	6.847570	25.000000
14.008278	2.546474	3.315197	13.135661	2.079704	3.577167	9.680060	7.408350	25.000000
14.008278	2.546474	3.315197	14.423509	2.133944	2.503995	9.680060	8.506050	25.000000
14.008288	2.546473	3.315209	14.111343	2.561126	3.582123	9.680060	9.066840	25.000000
14.008230	2.546479	3.315134	13.949552	2.565755	3.504986	9.680060	10.164500	25.000000
14.008230	2.546479	3.315134	14.057325	2.554052	3.364159	9.680060	10.725300	25.000000
14.008230	2.546479	3.315134	13.977929	2.549688	3.367911	9.680060	11.823000	25.000000
14.008288	2.546473	3.315209	14.061209	2.553637	3.301261	10.509300	-6.420320	25.000000
14.008288	2.546473	3.315209	14.040669	2.555835	3.268185	10.509300	-5.859540	25.000000
14.008288	2.546473	3.315209	14.041371	2.555760	3.269463	10.509300	-4.761840	25.000000
14.008288	2.546473	3.315209	13.990011	2.574486	3.077680	10.509300	-4.201050	25.000000
14.008288	2.546473	3.315209	14.069911	2.578815	3.098952	10.509300	-3.103350	25.000000
14.008288	2.546473	3.315209	16.053971	2.525249	3.789404	10.509300	-2.542560	25.000000
14.008288	2.546473	3.315209	11.363978	1.747712	3.876401	10.509300	-1.444860	25.000000
14.008290	2.546472	3.315212	13.357021	0.790135	4.206314	10.509300	-0.884078	25.000000
14.008286	2.546473	3.315206	14.610613	1.286358	4.309370	10.509300	0.213622	25.000000
14.008286	2.546473	3.315207	13.967104	0.332964	3.644436	10.509300	0.774409	25.000000
14.008288	2.546473	3.315209	14.115948	0.567926	4.010905	10.509300	1.872110	25.000000
14.008288	2.546473	3.315209	14.209676	0.510204	3.499351	10.509300	2.432900	25.000000
14.008288	2.546473	3.315209	13.777721	0.483254	3.166587	10.509300	3.530600	25.000000
14.008288	2.546473	3.315209	13.706134	0.519184	3.154827	10.509300	4.091380	25.000000
14.008288	2.546473	3.315209	14.306324	0.600930	3.525543	10.509300	5.189080	25.000000
14.008288	2.546473	3.315209	13.544741	0.929770	2.599593	10.509300	5.749870	25.000000
14.008288	2.546473	3.315209	14.468587	0.968247	2.439336	10.509300	6.847570	25.000000
14.008278	2.546474	3.315197	14.660150	1.420161	2.258468	10.509300	7.408350	25.000000
14.008278	2.546474	3.315197	12.120231	2.420085	3.104110	10.509300	8.506050	25.000000
14.008288	2.546473	3.315209	14.052046	2.541888	3.543173	10.509300	9.066840	25.000000
14.008230	2.546479	3.315134	13.944533	2.553260	3.582123	10.509300	10.164500	25.000000
14.008230	2.546479	3.315134	14.048021	2.542308	3.379837	10.509300	10.725300	25.000000
14.008230	2.546479	3.315134	13.930183	2.554806	3.377138	10.509300	11.823000	25.000000
14.008230	2.546479	3.315134	14.084403	2.551171	3.331485	10.509300	12.383800	25.000000
14.008230	2.546479	3.315134	14.003571	2.546970	3.333988	10.509300	13.481500	25.000000
14.008233	2.546478	3.315211	13.956060	2.552023	3.265628	11.338500	-5.859540	25.000000
14.008233	2.546478	3.315211	13.955375	2.552097	3.264349	11.338500	-4.761840	25.000000
14.008233	2.546478	3.315211	13.964598	2.564098	3.062809	11.338500	-4.201050	25.000000
14.008233	2.546478	3.315211	14.098936	2.562469	3.076749	11.338500	-3.103350	25.000000
14.008233	2.546478	3.315211	13.124405	1.647064	4.183764	11.338500	-2.542560	25.000000
14.008233	2.546478	3.315211	14.360014	2.523116	3.562256	11.338500	-1.444860	25.000000
14.008235	2.546478	3.315214	12.541531	0.919791	4.221842	11.338500	-0.884078	25.000000
14.008231	2.546479	3.315208	15.336884	1.082121	4.357940	11.338500	0.213622	25.000000
14.008231	2.546479	3.315209	13.669674	0.584546	3.814263	11.338500	0.774409	25.000000
14.008233	2.546478	3.315211	14.300000	0.725373	3.747137	11.338500	1.872110	25.000000
14.008233	2.546478	3.315211	13.940603	0.625651	3.266859	11.338500	2.432900	25.000000
14.008233	2.546478	3.315211	13.969596	0.628518	3.307942	11.338500	3.530600	25.000000
14.008233	2.546478	3.315211	14.060142	0.613019	3.358384	11.338500	4.091380	25.000000
14.008233	2.546478	3.315211	14.085386	0.639742	3.454694	11.338500	5.189080	25.000000
14.008233	2.546478	3.315211	14.214078	0.955877	2.307453	11.338500	5.749870	25.000000
14.008233	2.546478	3.315211	13.749182	0.837758	2.439336	11.338500	6.847570	25.000000
14.008223	2.546479	3.315199	13.981774	2.442276	2.498092	11.338500	7.408350	25.000000
14.008223	2.546479	3.315199	12.963796	1.232699	2.092985	11.338500	8.506050	25.000000
14.008233	2.546478	3.315211	14.092196	2.550347	3.519735	11.338500	9.066840	25.000000
14.008175	2.546485	3.315136	13.969252	2.550613	3.495852	11.338500	10.164500	25.000000
14.008175	2.546485	3.315136	14.000229	2.547323	3.389047	11.338500	10.725300	25.000000
14.008175	2.546485	3.315136	14.001603	2.547178	3.390283	11.338500	11.823000	25.000000
14.008175	2.546485	3.315136	14.003571	2.546970	3.333988	11.338500	12.383800	25.000000
14.008175	2.546485	3.315136	14.005727	2.546743	3.336489	11.338500	13.481500	25.000000
14.008233	2.546478	3.315211	14.039288	2.555984	3.265628	12.167800	-5.859540	25.000000
14.008233	2.546478	3.315211	14.037268	2.556201	3.261790	12.167800	-4.761840	25.000000
14.008233	2.546478	3.315211	14.020588	2.557998	3.059956	12.167800	-4.201050	25.000000
14.008233	2.546478	3.315211	13.935498	2.554233	3.065119	12.167800	-3.103350	25.000000
14.008233	2.546478	3.315211	17.022926	2.458184	3.940148	12.167800	-2.542560	25.000000
14.008233	2.546478	3.315211	9.411695	1.602677	3.949543	12.167800	-1.444860	25.000000
14.008235	2.546478	3.315214	12.646343	1.314978	3.909652	12.167800	-0.884078	25.000000
14.008231	2.546479	3.315208	15.195065	1.256328	3.868235	12.167800	0.213622	25.000000
14.008231	2.546479	3.315209	13.682836	0.919020	3.261387	12.167800	0.774409	25.000000
14.008233	2.546478	3.315211	14.371152	0.839272	3.638701	12.167800	1.872110	25.000000
14.008233	2.546478	3.315211	13.915491	0.704800	3.200414	12.167800	2.432900	25.000000
14.008233	2.546478	3.315211	14.028631	0.622156	3.445937	12.167800	3.530600	25.000000
14.008233	2.546478	3.315211	13.456225	0.545972	2.983503	12.167800	4.091380	25.000000
14.008233	2.546478	3.315211	14.543964	0.600445	3.498369	12.167800	5.189080	25.000000
14.008233	2.546478	3.315211	13.936284	0.950573	2.224879	12.167800	5.749870	25.000000
14.008233	2.546478	3.315211	14.095744	0.686794	2.435394	12.167800	6.847570	25.000000
14.008223	2.546479	3.315199	8.837420	1.834085	2.964884	12.167800	7.408350	25.000000
14.008223	2.546479	3.315199	17.280336	1.900822	2.089184	12.167800	8.506050	25.000000
14.008233	2.546478	3.315211	14.013208	2.571892	3.450792	12.167800	9.066840	25.000000
14.008175	2.546485	3.315136	13.958868	2.538965	3.503322	12.167800	10.164500	25.000000
14.008175	2.546485	3.315136	13.982135	2.536550	3.394500	12.167800	10.725300	25.000000
14.008175	2.546485	3.315136	14.068774	2.540152	3.398149	12.167800	11.823000	25.000000
14.008175	2.546485	3.315136	14.006816	2.546628	3.337739	12.167800	12.383800	25.000000
14.008175	2.546485	3.315136	14.005727	2.546743	3.336489	12.167800	13.481500	25.000000
14.008233	2.546478	3.315211	13.954698	2.552169	3.263069	12.997000	-5.859540	25.000000
14.008233	2.546478	3.315211	13.956060	2.552023	3.265628	12.997000	-4.761840	25.000000
14.008233	2.546478	3.315211	14.075312	2.552136	3.062272	12.997000	-4.201050	25.000000
14.008233	2.546478	3.315211	13.933470	2.554451	3.071577	12.997000	-3.103350	25.000000
14.008233	2.546478	3.315211	14.920121	1.891264	4.077362	12.997000	-2.542560	25.000000
14.008233	2.546478	3.315211	12.761661	2.446392	3.276569	12.997000	-1.444860	25.000000
14.008235	2.546478	3.315214	13.036104	1.135251	3.885099	12.997000	-0.884078	25.000000
14.008231	2.546479	3.315208	14.964291	1.368951	4.077073	12.997000	0.213622	25.000000
14.008231	2.546479	3.315209	14.276095	0.645934	3.482112	12.997000	0.774409	25.000000
14.008233	2.546478	3.315211	13.753749	0.713375	3.291032	12.997000	1.872110	25.000000
14.008233	2.546478	3.315211	14.076892	0.563563	3.434323	12.997000	2.432900	25.000000
14.008233	2.546478	3.315211	13.948319	0.588739	3.250254	12.997000	3.530600	25.000000
14.008233	2.546478	3.315211	14.148498	0.571522	3.023721	12.997000	4.091380	25.000000
14.008233	2.546478	3.315211	13.792027	0.238997	2.442933	12.997000	5.189080	25.000000
14.008233	2.546478	3.315211	14.322364	0.727133	1.730074	12.997000	5.749870	25.000000
14.008233	2.546478	3.315211	13.632978	0.509715	1.941532	12.997000	6.847570	25.000000
14.008223	2.546479	3.315199	7.951660	1.273412	3.115283	12.997000	7.408350	25.000000
14.008223	2.546479	3.315199	17.133421	1.973201	2.088369	12.997000	8.506050	25.000000
14.008233	2.546478	3.315211	13.912225	2.518770	3.533540	12.997000	9.066840	25.000000
14.008175	2.546485	3.315136	13.950627	2.527276	3.510552	12.997000	10.164500	25.000000
14.008175	2.546485	3.315136	13.993745	2.535352	3.404215	12.997000	10.725300	25.000000
14.008175	2.546485	3.315136	14.071659	2.539853	3.400578	12.997000	11.823000	25.000000
14.008175	2.546485	3.315136	14.006816	2.546628	3.337739	12.997000	12.383800	25.000000
14.008175	2.546485	3.315136	14.005727	2.546743	3.336489	12.997000	13.481500	25.000000
14.008233	2.546478	3.315211	14.094382	2.550116	3.264054	13.826300	-5.859540	25.000000
14.008233	2.546478	3.315211	13.956751	2.551949	3.266907	13.826300	-4.761840	25.000000
14.008233	2.546478	3.315211	14.069502	2.552753	3.081409	13.826300	-4.201050	25.000000
14.008233	2.546478	3.315211	13.961748	2.538665	3.075865	13.826300	-3.103350	25.000000
14.008233	2.546478	3.315211	16.840724	2.452681	3.854272	13.826300	-2.542560	25.000000
14.008233	2.546478	3.315211	10.138047	1.799657	4.121577	13.826300	-1.444860	25.000000
14.008235	2.546478	3.315214	13.980701	1.103335	4.057670	13.826300	-0.884078	25.000000
14.008231	2.546479	3.315208	14.012138	1.477886	4.136314	13.826300	0.213622	25.000000
14.008231	2.546479	3.315209	13.833351	0.674976	3.379837	13.826300	0.774409	25.000000
14.008233	2.546478	3.315211	14.250126	0.731979	3.441095	13.826300	1.872110	25.000000
14.008233	2.546478	3.315211	14.092551	0.801816	3.300248	13.826300	2.432900	25.000000
14.008233	2.546478	3.315211	13.805510	0.695381	3.242386	13.826300	3.530600	25.000000
14.008233	2.546478	3.315211	14.275153	0.504022	2.723368	13.826300	4.091380	25.000000
14.008233	2.546478	3.315211	13.663455	0.682827	2.479532	13.826300	5.189080	25.000000
14.008233	2.546478	3.315211	13.508327	0.631895	1.261332	13.826300	5.749870	25.000000
14.008233	2.546478	3.315211	14.527701	0.848903	1.544197	13.826300	6.847570	25.000000
14.008223	2.546479	3.315199	17.306071	1.395980	1.641268	13.826300	7.408350	25.000000
14.008223	2.546479	3.315199	7.491889	2.252368	2.639502	13.826300	8.506050	25.000000
14.008233	2.546478	3.315211	13.993570	2.510721	3.474837	13.826300	9.066840	25.000000
14.008175	2.546485	3.315136	14.141075	2.484905	3.459680	13.826300	10.164500	25.000000
14.008175	2.546485	3.315136	14.038875	2.530731	3.392595	13.826300	10.725300	25.000000
14.008175	2.546485	3.315136	13.999718	2.534737	3.409053	13.826300	11.823000	25.000000
14.008175	2.546485	3.315136	14.062038	2.540850	3.335287	13.826300	12.383800	25.000000
14.008175	2.546485	3.315136	14.006816	2.546628	3.337739	13.826300	13.481500	25.000000
14.008233	2.546478	3.315211	13.958155	2.551799	3.269463	14.655500	-5.859540	25.000000
14.008233	2.546478	3.315211	14.014278	2.545842	3.269102	14.655500	-4.761840	25.000000
14.008233	2.546478	3.315211	14.010981	2.533580	3.111602	14.655500	-4.201050	25.000000
14.008233	2.546478	3.315211	14.015524	2.533114	3.087894	14.655500	-3.103350	25.000000
14.008233	2.546478	3.315211	13.303759	2.456274	3.418261	14.655500	-2.542560	25.000000
14.008233	2.546478	3.315211	14.578066	2.103207	4.062519	14.655500	-1.444860	25.000000
14.008235	2.546478	3.315214	11.241441	1.254185	3.807562	14.655500	-0.884078	25.000000
14.008231	2.546479	3.315208	16.312572	1.297683	4.285761	14.655500	0.213622	25.000000
14.008231	2.546479	3.315209	14.000357	0.482815	3.674097	14.655500	0.774409	25.000000
14.008233	2.546478	3.315211	13.982131	0.566221	3.889273	14.655500	1.872110	25.000000
14.008233	2.546478	3.315211	13.740542	0.579130	3.068390	14.655500	2.432900	25.000000
14.008233	2.546478	3.315211	14.247049	0.500433	3.405022	14.655500	3.530600	25.000000
14.008233	2.546478	3.315211	14.262538	0.502416	2.304694	14.655500	4.091380	25.000000
14.008233	2.546478	3.315211	13.724431	0.590548	2.319174	14.655500	5.189080	25.000000
14.008233	2.546478	3.315211	15.925589	1.073309	2.004402	14.655500	5.749870	25.000000
14.008233	2.546478	3.315211	11.390347	1.046708	1.039072	14.655500	6.847570	25.000000
14.008223	2.546479	3.315199	7.090811	2.730487	1.879155	14.655500	7.408350	25.000000
14.008223	2.546479	3.315199	17.616699	1.633278	1.336026	14.655500	8.506050	25.000000
14.008233	2.546478	3.315211	13.917845	2.506004	3.438846	14.655500	9.066840	25.000000
14.008175	2.546485	3.315136	14.072683	2.503065	3.446753	14.655500	10.164500	25.000000
14.008175	2.546485	3.315136	13.958514	2.526476	3.393798	14.655500	10.725300	25.000000
14.008175	2.546485	3.315136	14.043180	2.530293	3.396201	14.655500	11.823000	25.000000
14.008175	2.546485	3.315136	14.005727	2.546743	3.336489	14.655500	12.383800	25.000000
14.008175	2.546485	3.315136	14.006816	2.546628	3.337739	14.655500	13.481500	25.000000
14.008785	2.546420	3.315189	14.017935	2.545457	3.275404	15.484800	-5.859540	25.000000
14.008785	2.546420	3.315189	13.959588	2.551645	3.272017	15.484800	-4.761840	25.000000
14.008785	2.546420	3.315189	13.927073	2.529678	3.134343	15.484800	-4.201050	25.000000
14.008785	2.546420	3.315189	13.953354	2.539539	3.117547	15.484800	-3.103350	25.000000
14.008785	2.546420	3.315189	14.761436	2.072572	3.943383	15.484800	-2.542560	25.000000
14.008785	2.546420	3.315189	13.158647	2.422429	3.338988	15.484800	-1.444860	25.000000
14.008787	2.546420	3.315192	13.715320	0.825657	4.522775	15.484800	-0.884078	25.000000
14.008783	2.546420	3.315186	14.226032	1.351123	4.374694	15.484800	0.213622	25.000000
14.008783	2.546420	3.315187	13.837715	0.535588	4.845034	15.484800	0.774409	25.000000
14.008785	2.546420	3.315189	14.199832	0.377501	4.598272	15.484800	1.872110	25.000000
14.008785	2.546420	3.315189	13.889309	0.165293	2.921025	15.484800	2.432900	25.000000
14.008785	2.546420	3.315189	14.226191	0.060689	2.579308	15.484800	3.530600	25.000000
14.008785	2.546420	3.315189	14.088662	0.509389	1.427664	15.484800	4.091380	25.000000
14.008785	2.546420	3.315189	13.809417	0.438995	1.416852	15.484800	5.189080	25.000000
14.008785	2.546420	3.315189	10.808330	0.854096	1.818751	15.484800	5.749870	25.000000
14.008785	2.546420	3.315189	16.526948	1.406691	1.844041	15.484800	6.847570	25.000000
14.008775	2.546421	3.315177	7.375637	2.821069	6.022029	15.484800	7.408350	25.000000
14.008775	2.546421	3.315177	17.472501	2.105251	1.705348	15.484800	8.506050	25.000000
14.008785	2.546420	3.315189	14.029255	2.483571	3.511277	15.484800	9.066840	25.000000
14.008727	2.546426	3.315114	13.929465	2.469489	3.507111	15.484800	10.164500	25.000000
14.008727	2.546426	3.315114	14.019615	2.532696	3.375682	15.484800	10.725300	25.000000
14.008727	2.546426	3.315114	14.041738	2.530440	3.395000	15.484800	11.823000	25.000000
14.008727	2.546426	3.315114	14.062038	2.540850	3.335287	15.484800	12.383800	25.000000
14.008727	2.546426	3.315114	14.058805	2.541186	3.331581	15.484800	13.481500	25.000000
14.008233	2.546478	3.315211	14.018688	2.545378	3.276663	16.314000	-5.859540	25.000000
14.008233	2.546478	3.315211	14.020988	2.545136	3.280437	16.314000	-4.761840	25.000000
14.008233	2.546478	3.315211	14.010440	2.533635	3.167337	16.314000	-4.201050	25.000000
14.008233	2.546478	3.315211	13.984743	2.523826	3.148383	16.314000	-3.103350	25.000000
14.008233	2.546478	3.315211	10.853571	2.399542	3.593046	16.314000	-2.542560	25.000000
14.008233	2.546478	3.315211	16.519383	2.168777	4.156895	16.314000	-1.444860	25.000000
14.008235	2.546478	3.315214	16.461470	1.144956	5.017263	16.314000	-0.884078	25.000000
14.008231	2.546479	3.315208	11.027692	1.160375	4.861279	16.314000	0.213622	25.000000
14.008231	2.546479	3.315209	14.335271	0.696117	5.102996	16.314000	0.774409	25.000000
14.008233	2.546478	3.315211	13.661991	0.781300	5.527190	16.314000	1.872110	25.000000
14.008233	2.546478	3.315211	14.286707	0.287579	0.274910	16.314000	2.432900	25.000000
14.008233	2.546478	3.315211	13.735389	0.252457	0.442790	16.314000	3.530600	25.000000
14.008233	2.546478	3.315211	13.827870	0.842870	0.902107	16.314000	4.091380	25.000000
14.008233	2.546478	3.315211	14.123031	0.689147	0.793272	16.314000	5.189080	25.000000
14.008233	2.546478	3.315211	10.000705	1.430345	1.549587	16.314000	5.749870	25.000000
14.008233	2.546478	3.315211	17.102412	1.243386	1.349783	16.314000	6.847570	25.000000
14.008223	2.546479	3.315199	16.677530	2.365327	2.410686	16.314000	7.408350	25.000000
14.008223	2.546479	3.315199	10.539924	2.672209	1.739393	16.314000	8.506050	25.000000
14.008233	2.546478	3.315211	13.986064	2.475913	3.496298	16.314000	9.066840	25.000000
14.008175	2.546485	3.315136	13.970326	2.432190	3.536384	16.314000	10.164500	25.000000
14.008175	2.546485	3.315136	14.096539	2.537287	3.370825	16.314000	10.725300	25.000000
14.008175	2.546485	3.315136	13.996585	2.522636	3.375222	16.314000	11.823000	25.000000
14.008175	2.546485	3.315136	14.059876	2.541074	3.332817	16.314000	12.383800	25.000000
14.008233	2.546478	3.315211	14.021769	2.545054	3.281694	17.143200	-5.859540	25.000000
14.008233	2.546478	3.315211	14.025780	2.544633	3.287974	17.143200	-4.761840	25.000000
14.008233	2.546478	3.315211	14.018206	2.532840	3.205257	17.143200	-4.201050	25.000000
14.008233	2.546478	3.315211	13.987437	2.523555	3.176147	17.143200	-3.103350	25.000000
14.008233	2.546478	3.315211	16.214808	2.385803	3.799481	17.143200	-2.542560	25.000000
14.008233	2.546478	3.315211	11.402631	2.555559	4.234558	17.143200	-1.444860	25.000000
14.008235	2.546478	3.315214	12.026537	1.715986	5.202346	17.143200	-0.884078	25.000000
14.008231	2.546479	3.315208	15.649220	1.416180	5.373999	17.143200	0.213622	25.000000
14.008231	2.546479	3.315209	13.243111	1.263960	5.666619	17.143200	0.774409	25.000000
14.008233	2.546478	3.315211	14.637964	0.934345	5.217837	17.143200	1.872110	25.000000
14.008233	2.546478	3.315211	14.052744	0.504794	0.168535	17.143200	2.432900	25.000000
14.008233	2.546478	3.315211	13.955630	0.521579	0.270793	17.143200	3.530600	25.000000
14.008233	2.546478	3.315211	14.314328	1.130568	1.044945	17.143200	4.091380	25.000000
14.008233	2.546478	3.315211	13.578660	1.248576	0.467120	17.143200	5.189080	25.000000
14.008233	2.546478	3.315211	10.730778	1.938757	0.877337	17.143200	5.749870	25.000000
14.008233	2.546478	3.315211	16.692960	1.604949	1.091064	17.143200	6.847570	25.000000
14.008223	2.546479	3.315199	14.516542	2.473995	2.538159	17.143200	7.408350	25.000000
14.008223	2.546479	3.315199	13.360015	2.637778	3.017238	17.143200	8.506050	25.000000
14.008233	2.546478	3.315211	14.165451	2.482676	3.507111	17.143200	9.066840	25.000000
14.008175	2.546485	3.315136	13.852798	2.442130	3.449160	17.143200	10.164500	25.000000
14.008175	2.546485	3.315136	13.988653	2.523433	3.368022	17.143200	10.725300	25.000000
14.008175	2.546485	3.315136	14.051651	2.529433	3.349918	17.143200	11.823000	25.000000
14.008233	2.546478	3.315211	14.024963	2.544719	3.286719	17.972500	-5.859540	25.000000
14.008233	2.546478	3.315211	14.029116	2.544283	3.292989	17.972500	-4.761840	25.000000
14.008233	2.546478	3.315211	14.029526	2.531683	3.236308	17.972500	-4.201050	25.000000
14.008233	2.546478	3.315211	14.076633	2.526910	3.208161	17.972500	-3.103350	25.000000
14.008233	2.546478	3.315211	14.246364	2.486817	3.394399	17.972500	-2.542560	25.000000
14.008233	2.546478	3.315211	13.754621	2.646036	3.510742	17.972500	-1.444860	25.000000
14.008235	2.546478	3.315214	12.192621	2.477314	5.289322	17.972500	-0.884078	25.000000
14.008231	2.546479	3.315208	15.550563	1.932304	5.415050	17.972500	0.213622	25.000000
14.008231	2.546479	3.315209	14.985454	1.235002	5.527778	17.972500	0.774409	25.000000
14.008233	2.546478	3.315211	12.715380	1.930015	5.330685	17.972500	1.872110	25.000000
14.008233	2.546478	3.315211	14.099649	0.941387	0.131102	17.972500	2.432900	25.000000
14.008233	2.546478	3.315211	13.878188	0.929717	0.063877	17.972500	3.530600	25.000000
14.008233	2.546478	3.315211	14.534442	1.708839	1.216091	17.972500	4.091380	25.000000
14.008233	2.546478	3.315211	13.196196	1.598080	0.348123	17.972500	5.189080	25.000000
14.008233	2.546478	3.315211	12.557070	2.748640	0.785398	17.972500	5.749870	25.000000
14.008233	2.546478	3.315211	15.182556	2.087467	0.871208	17.972500	6.847570	25.000000
14.008223	2.546479	3.315199	14.301482	2.634243	3.259878	17.972500	7.408350	25.000000
14.008223	2.546479	3.315199	13.800725	2.435387	3.253483	17.972500	8.506050	25.000000
14.008233	2.546478	3.315211	14.071691	2.479679	3.465171	17.972500	9.066840	25.000000
14.008175	2.546485	3.315136	13.884412	2.485293	3.395732	17.972500	10.164500	25.000000
14.008175	2.546485	3.315136	14.133609	2.533499	3.349918	17.972500	10.725300	25.000000
14.008175	2.546485	3.315136	14.049288	2.529673	3.347493	17.972500	11.823000	25.000000
14.008233	2.546478	3.315211	14.084960	2.538479	3.291102	18.801700	-4.761840	25.000000
14.008233	2.546478	3.315211	14.029526	2.531683	3.236308	18.801700	-4.201050	25.000000
14.008233	2.546478	3.315211	14.042468	2.530365	3.262254	18.801700	-3.103350	25.000000
14.008233	2.546478	3.315211	14.061418	2.492290	3.120067	18.801700	-2.542560	25.000000
14.008233	2.546478	3.315211	14.043826	2.482230	3.169841	18.801700	-1.444860	25.000000
14.008235	2.546478	3.315214	13.329525	2.858780	3.303603	18.801700	-0.884078	25.000000
14.008231	2.546479	3.315208	14.582156	2.549512	5.111037	18.801700	0.213622	25.000000
14.008231	2.546479	3.315209	12.645948	2.564795	5.006624	18.801700	0.774409	25.000000
14.008233	2.546478	3.315211	15.063200	1.805294	5.454336	18.801700	1.872110	25.000000
14.008233	2.546478	3.315211	14.207861	1.581988	0.031328	18.801700	2.432900	25.000000
14.008233	2.546478	3.315211	13.702481	1.581233	6.267274	18.801700	3.530600	25.000000
14.008233	2.546478	3.315211	11.270315	2.510581	0.212144	18.801700	4.091380	25.000000
14.008233	2.546478	3.315211	15.935809	1.990934	1.270781	18.801700	5.189080	25.000000
14.008233	2.546478	3.315211	14.182895	2.696325	2.641331	18.801700	5.749870	25.000000
14.008233	2.546478	3.315211	13.815064	2.895845	6.259380	18.801700	6.847570	25.000000
14.008223	2.546479	3.315199	14.111697	2.388959	3.479735	18.801700	7.408350	25.000000
14.008223	2.546479	3.315199	13.900719	2.426994	3.442513	18.801700	8.506050	25.000000
14.008233	2.546478	3.315211	14.004985	2.497617	3.364648	18.801700	9.066840	25.000000
14.008175	2.546485	3.315136	14.090568	2.501357	3.417118	18.801700	10.164500	25.000000
14.008175	2.546485	3.315136	14.036795	2.530942	3.334115	18.801700	10.725300	25.000000
14.008175	2.546485	3.315136	13.990958	2.535639	3.347602	18.801700	11.823000	25.000000
14.008233	2.546478	3.315211	14.032566	2.543922	3.297997	19.631000	-5.859540	25.000000
14.008233	2.546478	3.315211	13.992269	2.535504	3.274973	19.631000	-4.201050	25.000000
14.008233	2.546478	3.315211	13.962808	2.526040	3.265948	19.631000	-3.103350	25.000000
14.008233	2.546478	3.315211	14.017147	2.461666	3.196084	19.631000	-2.542560	25.000000
14.008233	2.546478	3.315211	14.021056	2.508042	3.153640	19.631000	-1.444860	25.000000
14.008235	2.546478	3.315214	14.015834	2.656676	3.462375	19.631000	-0.884078	25.000000
14.008231	2.546479	3.315208	13.997861	2.474840	3.026981	19.631000	0.213622	25.000000
14.008231	2.546479	3.315209	12.503663	2.738190	5.651094	19.631000	0.774409	25.000000
14.008233	2.546478	3.315211	15.295427	2.505060	4.131403	19.631000	1.872110	25.000000
14.008233	2.546478	3.315211	13.739665	2.375379	6.207540	19.631000	2.432900	25.000000
14.008233	2.546478	3.315211	14.274186	2.346986	6.153229	19.631000	3.530600	25.000000
14.008233	2.546478	3.315211	13.859370	2.711992	2.769257	19.631000	4.091380	25.000000
14.008233	2.546478	3.315211	13.937866	2.580388	0.776819	19.631000	5.189080	25.000000
14.008233	2.546478	3.315211	13.791885	2.458808	3.163428	19.631000	5.749870	25.000000
14.008233	2.546478	3.315211	14.197591	2.539379	3.656420	19.631000	6.847570	25.000000
14.008223	2.546479	3.315199	13.888484	2.439082	3.389274	19.631000	7.408350	25.000000
14.008223	2.546479	3.315199	14.194717	2.403438	3.483208	19.631000	8.506050	25.000000
14.008233	2.546478	3.315211	14.010353	2.497107	3.369282	19.631000	9.066840	25.000000
14.008175	2.546485	3.315136	13.980973	2.524206	3.360798	19.631000	10.164500	25.000000
14.008175	2.546485	3.315136	13.984095	2.536348	3.340221	19.631000	10.725300	25.000000
14.008175	2.546485	3.315136	13.975339	2.537254	3.330344	19.631000	11.823000	25.000000
14.008233	2.546478	3.315211	14.024963	2.544719	3.286719	20.460200	-4.201050	25.000000
14.008233	2.546478	3.315211	14.055234	2.529070	3.283140	20.460200	-3.103350	25.000000
14.008233	2.546478	3.315211	14.055607	2.504703	3.260309	20.460200	-2.542560	25.000000
14.008233	2.546478	3.315211	14.030339	2.507142	3.204161	20.460200	-1.444860	25.000000
14.008235	2.546478	3.315214	14.018826	2.396059	3.096045	20.460200	-0.884078	25.000000
14.008231	2.546479	3.315208	13.979741	2.431406	3.197907	20.460200	0.213622	25.000000
14.008231	2.546479	3.315209	14.382475	2.369066	3.307724	20.460200	0.774409	25.000000
14.008233	2.546478	3.315211	13.628646	2.696361	3.382439	20.460200	1.872110	25.000000
14.008233	2.546478	3.315211	13.833586	2.957565	3.617607	20.460200	2.432900	25.000000
14.008233	2.546478	3.315211	14.184784	2.980005	4.079405	20.460200	3.530600	25.000000
14.008233	2.546478	3.315211	14.295888	2.395692	3.160147	20.460200	4.091380	25.000000
14.008233	2.546478	3.315211	13.703463	2.819785	3.391048	20.460200	5.189080	25.000000
14.008233	2.546478	3.315211	13.823531	2.348580	3.366869	20.460200	5.749870	25.000000
14.008233	2.546478	3.315211	14.156624	2.345241	3.463343	20.460200	6.847570	25.000000
14.008223	2.546479	3.315199	14.059378	2.446775	3.401122	20.460200	7.408350	25.000000
14.008223	2.546479	3.315199	13.933284	2.492535	3.371595	20.460200	8.506050	25.000000
14.008233	2.546478	3.315211	13.950416	2.514968	3.352174	20.460200	9.066840	25.000000
14.008175	2.546485	3.315136	13.964040	2.525916	3.343852	20.460200	10.164500	25.000000
14.008175	2.546485	3.315136	13.977485	2.537032	3.332817	20.460200	10.725300	25.000000
14.008175	2.546485	3.315136	13.971131	2.537690	3.325392	20.460200	11.823000	25.000000
14.008233	2.546478	3.315211	13.951792	2.539702	3.300498	21.289500	-4.201050	25.000000
14.008233	2.546478	3.315211	14.001032	2.534602	3.288625	21.289500	-3.103350	25.000000
14.008233	2.546478	3.315211	14.005788	2.509528	3.276141	21.289500	-2.542560	25.000000
14.008233	2.546478	3.315211	14.040427	2.530573	3.258556	21.289500	-1.444860	25.000000
14.008235	2.546478	3.315214	13.938899	2.445941	3.227895	21.289500	-0.884078	25.000000
14.008231	2.546479	3.315208	13.992316	2.486994	3.208551	21.289500	0.213622	25.000000
14.008231	2.546479	3.315209	14.012312	2.355367	3.199105	21.289500	0.774409	25.000000
14.008233	2.546478	3.315211	14.031825	2.405611	3.206395	21.289500	1.872110	25.000000
14.008233	2.546478	3.315211	14.053199	2.372724	3.262647	21.289500	2.432900	25.000000
14.008233	2.546478	3.315211	13.998361	2.387155	3.276557	21.289500	3.530600	25.000000
14.008233	2.546478	3.315211	14.053914	2.362492	3.330051	21.289500	4.091380	25.000000
14.008233	2.546478	3.315211	13.997914	2.356395	3.340970	21.289500	5.189080	25.000000
14.008233	2.546478	3.315211	13.955372	2.444528	3.330232	21.289500	5.749870	25.000000
14.008233	2.546478	3.315211	14.051694	2.414697	3.411508	21.289500	6.847570	25.000000
14.008223	2.546479	3.315199	13.962668	2.489766	3.342461	21.289500	7.408350	25.000000
14.008223	2.546479	3.315199	14.027102	2.507456	3.367309	21.289500	8.506050	25.000000
14.008233	2.546478	3.315211	14.020856	2.520210	3.341391	21.289500	9.066840	25.000000
14.008175	2.546485	3.315136	14.031397	2.531492	3.328010	21.289500	10.164500	25.000000
14.008233	2.546478	3.315211	14.063698	2.528215	3.295369	22.118700	-2.542560	25.000000
14.008233	2.546478	3.315211	14.050495	2.529551	3.275781	22.118700	-1.444860	25.000000
14.008235	2.546478	3.315214	14.047050	2.505527	3.244839	22.118700	-0.884078	25.000000
14.008231	2.546479	3.315208	14.010671	2.509052	3.283319	22.118700	0.213622	25.000000
14.008231	2.546479	3.315209	13.942026	2.434558	3.253347	22.118700	0.774409	25.000000
14.008233	2.546478	3.315211	14.071830	2.479667	3.248164	22.118700	1.872110	25.000000
14.008233	2.546478	3.315211	14.022568	2.417035	3.284098	22.118700	2.432900	25.000000
14.008233	2.546478	3.315211	14.012641	2.417836	3.272364	22.118700	3.530600	25.000000
14.008233	2.546478	3.315211	13.979542	2.453656	3.341198	22.118700	4.091380	25.000000
14.008233	2.546478	3.315211	13.980790	2.420418	3.310303	22.118700	5.189080	25.000000
14.008233	2.546478	3.315211	14.001646	2.463037	3.349030	22.118700	5.749870	25.000000
14.008233	2.546478	3.315211	13.973979	2.500578	3.335468	22.118700	6.847570	25.000000
14.008223	2.546479	3.315199	14.068081	2.515537	3.328282	22.118700	7.408350	25.000000
14.008223	2.546479	3.315199	14.026721	2.519627	3.347387	22.118700	8.506050	25.000000
14.008233	2.546478	3.315211	14.029287	2.531707	3.325565	22.118700	9.066840	25.000000
14.008175	2.546485	3.315136	13.976409	2.537143	3.331581	22.118700	10.164500	25.000000
14.008233	2.546478	3.315211	14.007944	2.533891	3.298520	22.947900	-2.542560	25.000000
14.008233	2.546478	3.315211	14.007055	2.533983	3.297284	22.947900	-1.444860	25.000000
14.008235	2.546478	3.315214	14.063698	2.528215	3.295369	22.947900	-0.884078	25.000000
14.008231	2.546479	3.315208	14.029412	2.519359	3.278993	22.947900	0.213622	25.000000
14.008231	2.546479	3.315209	13.996160	2.498457	3.291072	22.947900	0.774409	25.000000
14.008233	2.546478	3.315211	14.004999	2.509605	3.274943	22.947900	1.872110	25.000000
14.008233	2.546478	3.315211	13.979775	2.488164	3.293974	22.947900	2.432900	25.000000
14.008233	2.546478	3.315211	13.984477	2.487725	3.299784	22.947900	3.530600	25.000000
14.008233	2.546478	3.315211	14.012366	2.496916	3.311037	22.947900	4.091380	25.000000
14.008233	2.546478	3.315211	14.006159	2.485708	3.324064	22.947900	5.189080	25.000000
14.008233	2.546478	3.315211	13.977611	2.512286	3.317532	22.947900	5.749870	25.000000
14.008233	2.546478	3.315211	13.999629	2.510129	3.341361	22.947900	6.847570	25.000000
14.008223	2.546479	3.315199	13.957206	2.526608	3.336553	22.947900	7.408350	25.000000
14.008223	2.546479	3.315199	14.026176	2.532025	3.321892	22.947900	8.506050	25.000000
14.008175	2.546485	3.315136	13.973221	2.537474	3.327869	22.947900	10.164500	25.000000
14.008233	2.546478	3.315211	14.009743	2.533707	3.300988	23.777200	-1.444860	25.000000
14.008235	2.546478	3.315214	14.007944	2.533891	3.298520	23.777200	-0.884078	25.000000
14.008231	2.546479	3.315208	14.009743	2.533707	3.300988	23.777200	0.213622	25.000000
14.008231	2.546479	3.315209	14.045857	2.517729	3.301933	23.777200	0.774409	25.000000
14.008233	2.546478	3.315211	13.980286	2.524275	3.292927	23.777200	1.872110	25.000000
14.008233	2.546478	3.315211	13.967663	2.513265	3.305540	23.777200	2.432900	25.000000
14.008233	2.546478	3.315211	14.104694	2.511956	3.301199	23.777200	3.530600	25.000000
14.008233	2.546478	3.315211	14.052558	2.517066	3.310343	23.777200	4.091380	25.000000
14.008233	2.546478	3.315211	13.979685	2.512082	3.319925	23.777200	5.189080	25.000000
14.008233	2.546478	3.315211	14.002232	2.522070	3.320896	23.777200	5.749870	25.000000
14.008233	2.546478	3.315211	14.002232	2.522070	3.320896	23.777200	6.847570	25.000000
14.008223	2.546479	3.315199	14.028243	2.531814	3.324341	23.777200	7.408350	25.000000
14.008235	2.546478	3.315214	14.014364	2.533233	3.307152	24.606400	-0.884078	25.000000
14.008231	2.546479	3.315208	14.010653	2.533613	3.302222	24.606400	0.213622	25.000000
14.008231	2.546479	3.315209	14.015309	2.533136	3.308383	24.606400	0.774409	25.000000
14.008233	2.546478	3.315211	14.068195	2.527761	3.301466	24.606400	1.872110	25.000000
14.008233	2.546478	3.315211	13.992230	2.523073	3.308768	24.606400	2.432900	25.000000
14.008233	2.546478	3.315211	14.015309	2.533136	3.308383	24.606400	3.530600	25.000000
14.008233	2.546478	3.315211	14.078707	2.526702	3.314838	24.606400	4.091380	25.000000
14.008233	2.546478	3.315211	13.937249	2.528638	3.313303	24.606400	5.189080	25.000000
14.008233	2.546478	3.315211	14.025152	2.532129	3.320666	24.606400	5.749870	25.000000
14.008233	2.546478	3.315211	14.015309	2.533136	3.308383	25.435700	1.872110	25.000000
14.008233	2.546478	3.315211	14.017222	2.532940	3.310844	25.435700	3.530600	25.000000
14.008233	2.546478	3.315211	14.020143	2.532642	3.314531	25.435700	4.091380	25.000000
14.008233	2.546478	3.315211	14.019162	2.532742	3.313303	25.435700	5.189080	25.000000
