14.008322	2.135435	1.220423	14.007141	2.127396	1.227772	-34.633900	-41.437300	25.000000
14.007529	2.135471	1.220394	14.007141	2.127396	1.227772	-34.633900	-33.144800	25.000000
14.008032	2.135448	1.220502	13.986064	2.128334	1.209067	-30.487600	-44.193500	25.000000
14.008322	2.135435	1.220423	14.007141	2.127396	1.227772	-29.658400	-55.802900	25.000000
14.007529	2.135471	1.220394	13.986064	2.128334	1.209067	-29.658400	-47.510400	25.000000
14.008322	2.135435	1.220423	13.986064	2.128334	1.209067	-29.658400	-43.095800	25.000000
14.008322	2.135435	1.220423	13.986064	2.128334	1.209067	-29.658400	-38.120300	25.000000
14.007239	2.135484	1.220473	13.986064	2.128334	1.209067	-28.829100	-47.510400	25.000000
14.008032	2.135448	1.220502	13.986064	2.128334	1.209067	-28.829100	-45.852000	25.000000
14.008032	2.135448	1.220502	14.065561	2.124813	1.212026	-28.829100	-44.754300	25.000000
14.008032	2.135448	1.220502	13.986064	2.128334	1.209067	-28.829100	-44.193500	25.000000
14.008032	2.135448	1.220502	13.986064	2.128334	1.209067	-28.829100	-43.095800	25.000000
14.008032	2.135448	1.220502	14.016419	2.126984	1.201210	-28.829100	-42.535000	25.000000
14.008032	2.135448	1.220502	13.986064	2.128334	1.209067	-28.829100	-41.437300	25.000000
14.008032	2.135448	1.220502	14.016419	2.126984	1.201210	-28.829100	-40.876500	25.000000
14.008032	2.135448	1.220502	13.986064	2.128334	1.209067	-28.829100	-39.778800	25.000000
14.008032	2.135448	1.220502	13.986064	2.128334	1.209067	-28.829100	-39.218000	25.000000
14.008322	2.135435	1.220423	14.007141	2.127396	1.227772	-27.999900	-62.997600	25.000000
14.008322	2.135435	1.220423	14.065561	2.124813	1.212026	-27.999900	-50.827400	25.000000
14.008322	2.135435	1.220423	14.065561	2.124813	1.212026	-27.999900	-48.071200	25.000000
14.007529	2.135471	1.220394	14.065561	2.124813	1.212026	-27.999900	-47.510400	25.000000
14.007529	2.135471	1.220394	13.986064	2.128334	1.209067	-27.999900	-46.412700	25.000000
14.008322	2.135435	1.220423	13.963882	2.120902	1.201210	-27.999900	-45.852000	25.000000
14.008322	2.135435	1.220423	13.986064	2.128334	1.209067	-27.999900	-44.754300	25.000000
14.008322	2.135435	1.220423	13.963882	2.120902	1.201210	-27.999900	-44.193500	25.000000
14.008322	2.135435	1.220423	14.043504	2.117429	1.204221	-27.999900	-43.095800	25.000000
14.008322	2.135435	1.220423	14.043504	2.117429	1.204221	-27.999900	-42.535000	25.000000
14.008322	2.135435	1.220423	13.963882	2.120902	1.201210	-27.999900	-41.437300	25.000000
14.008322	2.135435	1.220423	14.047420	2.125613	1.193400	-27.999900	-40.876500	25.000000
14.008322	2.135435	1.220423	14.016419	2.126984	1.201210	-27.999900	-39.778800	25.000000
14.008322	2.135435	1.220423	14.069470	2.133020	1.201210	-27.999900	-39.218000	25.000000
14.008322	2.135435	1.220423	14.069470	2.133020	1.201210	-27.999900	-38.120300	25.000000
14.008322	2.135435	1.220423	14.016419	2.126984	1.201210	-27.999900	-37.559500	25.000000
14.008322	2.135435	1.220423	13.960301	2.137955	1.206062	-27.999900	-36.461800	25.000000
14.008322	2.135435	1.220423	13.986064	2.128334	1.209067	-27.999900	-35.901000	25.000000
14.008322	2.135435	1.220423	13.986064	2.128334	1.209067	-27.999900	-34.803300	25.000000
14.007529	2.135471	1.220394	13.960301	2.137955	1.206062	-27.999900	-33.144800	25.000000
14.008322	2.135435	1.220423	13.903597	2.123563	1.216971	-27.170700	-49.729700	25.000000
14.008322	2.135435	1.220423	14.065561	2.124813	1.212026	-27.170700	-49.168900	25.000000
14.008322	2.135435	1.220423	13.986064	2.128334	1.209067	-27.170700	-48.071200	25.000000
14.007529	2.135471	1.220394	14.071958	2.107907	1.207185	-27.170700	-47.510400	25.000000
14.007529	2.135471	1.220394	14.013208	2.118745	1.212026	-27.170700	-46.412700	25.000000
14.008322	2.135435	1.220423	14.022839	2.109995	1.196463	-27.170700	-45.852000	25.000000
14.008322	2.135435	1.220423	14.022839	2.109995	1.196463	-27.170700	-44.754300	25.000000
14.008322	2.135435	1.220423	14.007498	2.110650	1.177926	-27.170700	-44.193500	25.000000
14.008322	2.135435	1.220423	14.022839	2.109995	1.196463	-27.170700	-43.095800	25.000000
14.008322	2.135435	1.220423	14.007498	2.110650	1.177926	-27.170700	-42.535000	25.000000
14.008322	2.135435	1.220423	14.007498	2.110650	1.177926	-27.170700	-41.437300	25.000000
14.008322	2.135435	1.220423	13.980343	2.120180	1.174715	-27.170700	-40.876500	25.000000
14.008322	2.135435	1.220423	14.007498	2.110650	1.177926	-27.170700	-39.778800	25.000000
14.008322	2.135435	1.220423	14.079062	2.124220	1.185639	-27.170700	-39.218000	25.000000
14.008322	2.135435	1.220423	13.921925	2.131209	1.179267	-27.170700	-38.120300	25.000000
14.008322	2.135435	1.220423	14.047420	2.125613	1.193400	-27.170700	-37.559500	25.000000
14.008322	2.135435	1.220423	13.889924	2.132655	1.187130	-27.170700	-36.461800	25.000000
14.008322	2.135435	1.220423	14.100355	2.131641	1.193400	-27.170700	-35.901000	25.000000
14.008322	2.135435	1.220423	13.990711	2.136571	1.198151	-27.170700	-34.803300	25.000000
14.008322	2.135435	1.220423	14.065561	2.124813	1.212026	-26.341400	-50.827400	25.000000
14.008322	2.135435	1.220423	13.986064	2.128334	1.209067	-26.341400	-49.729700	25.000000
14.008322	2.135435	1.220423	13.991783	2.111323	1.204221	-26.341400	-49.168900	25.000000
14.008322	2.135435	1.220423	14.013208	2.118745	1.212026	-26.341400	-48.071200	25.000000
14.007529	2.135471	1.220394	14.071958	2.107907	1.207185	-26.341400	-47.510400	25.000000
14.007529	2.135471	1.220394	14.052046	2.100485	1.199478	-26.341400	-46.412700	25.000000
14.008322	2.135435	1.220423	14.083678	2.099170	1.191817	-26.341400	-45.852000	25.000000
14.008322	2.135435	1.220423	13.935925	2.088773	1.181088	-26.341400	-44.754300	25.000000
14.008322	2.135435	1.220423	14.049555	2.084170	1.176634	-26.341400	-44.193500	25.000000
14.008322	2.135435	1.220423	13.988924	2.078416	1.158386	-26.341400	-43.095800	25.000000
14.008322	2.135435	1.220423	13.980701	2.078744	1.140104	-26.341400	-42.535000	25.000000
14.008322	2.135435	1.220423	14.140014	2.072483	1.146839	-26.341400	-41.437300	25.000000
14.008322	2.135435	1.220423	13.987494	2.086673	1.129204	-26.341400	-40.876500	25.000000
14.008322	2.135435	1.220423	14.017489	2.077283	1.132691	-26.341400	-39.778800	25.000000
14.008322	2.135435	1.220423	14.065561	2.108178	1.144169	-26.341400	-39.218000	25.000000
14.008322	2.135435	1.220423	14.037094	2.092870	1.129204	-26.341400	-38.120300	25.000000
14.008322	2.135435	1.220423	14.039231	2.117614	1.140718	-26.341400	-37.559500	25.000000
14.008322	2.135435	1.220423	14.021769	2.126747	1.155982	-26.341400	-36.461800	25.000000
14.008322	2.135435	1.220423	13.975335	2.137270	1.179267	-26.341400	-35.901000	25.000000
14.008322	2.135435	1.220423	14.164039	2.128819	1.177926	-26.341400	-34.803300	25.000000
14.008322	2.135435	1.220423	14.021769	2.135165	1.190290	-26.341400	-34.242600	25.000000
14.007529	2.135471	1.220394	13.990711	2.136571	1.198151	-26.341400	-33.144800	25.000000
14.008322	2.135435	1.220423	13.960301	2.137955	1.206062	-26.341400	-32.584100	25.000000
14.008322	2.135435	1.220423	13.983562	2.120039	1.219876	-25.512200	-50.827400	25.000000
14.008322	2.135435	1.220423	14.013208	2.118745	1.212026	-25.512200	-49.729700	25.000000
14.008322	2.135435	1.220423	14.021056	2.101779	1.207185	-25.512200	-49.168900	25.000000
14.008322	2.135435	1.220423	13.991783	2.111323	1.204221	-25.512200	-48.071200	25.000000
14.007529	2.135471	1.220394	13.934848	2.080576	1.191817	-25.512200	-47.510400	25.000000
14.007529	2.135471	1.220394	14.082613	2.091011	1.202447	-25.512200	-46.412700	25.000000
14.008322	2.135435	1.220423	13.857850	2.067198	1.165905	-25.512200	-45.852000	25.000000
14.008322	2.135435	1.220423	14.183089	2.054818	1.178456	-25.512200	-44.754300	25.000000
14.008322	2.135435	1.220423	13.729894	2.031173	1.125329	-25.512200	-44.193500	25.000000
14.008322	2.135435	1.220423	14.256928	2.012922	1.138389	-25.512200	-43.095800	25.000000
14.008322	2.135435	1.220423	14.090422	1.995035	1.075800	-25.512200	-42.535000	25.000000
14.008322	2.135435	1.220423	13.844132	2.011055	1.089293	-25.512200	-41.437300	25.000000
14.008322	2.135435	1.220423	13.823169	2.019784	1.049658	-25.512200	-40.876500	25.000000
14.008322	2.135435	1.220423	14.234114	2.021471	1.047778	-25.512200	-39.778800	25.000000
14.008322	2.135435	1.220423	14.168627	2.047396	1.046724	-25.512200	-39.218000	25.000000
14.008322	2.135435	1.220423	13.865425	2.066902	1.037409	-25.512200	-38.120300	25.000000
14.008322	2.135435	1.220423	13.747363	2.113511	1.065348	-25.512200	-37.559500	25.000000
14.008322	2.135435	1.220423	14.276204	2.083261	1.067601	-25.512200	-36.461800	25.000000
14.008322	2.135435	1.220423	14.161921	2.120610	1.107149	-25.512200	-35.901000	25.000000
14.008322	2.135435	1.220423	13.824977	2.135615	1.137790	-25.512200	-34.803300	25.000000
14.008322	2.135435	1.220423	14.172156	2.136799	1.167002	-25.512200	-34.242600	25.000000
14.007529	2.135471	1.220394	13.886324	2.141352	1.156916	-25.512200	-33.144800	25.000000
14.008322	2.135435	1.220423	14.021769	2.135165	1.190290	-25.512200	-32.584100	25.000000
14.008322	2.135435	1.220423	13.943457	2.138725	1.187130	-25.512200	-31.486400	25.000000
14.008322	2.135435	1.220423	14.014278	2.143973	1.206062	-25.512200	-30.925600	25.000000
14.008322	2.135435	1.220423	14.092906	2.140376	1.209067	-25.512200	-29.827900	25.000000
14.008322	2.135435	1.220423	13.960301	2.137955	1.206062	-25.512200	-28.169400	25.000000
14.008322	2.135435	1.220423	14.092906	2.140376	1.209067	-25.512200	-27.608600	25.000000
14.008032	2.135448	1.220502	14.093261	2.115282	1.214938	-24.682900	-50.827400	25.000000
14.008032	2.135448	1.220502	13.931619	2.113917	1.219876	-24.682900	-49.729700	25.000000
14.008032	2.135448	1.220502	14.033175	2.084828	1.202447	-24.682900	-49.168900	25.000000
14.008032	2.135448	1.220502	13.990711	2.103054	1.214938	-24.682900	-48.071200	25.000000
14.007239	2.135484	1.220473	14.070181	2.051011	1.193266	-24.682900	-47.510400	25.000000
14.007239	2.135484	1.220473	13.967820	2.071079	1.194835	-24.682900	-46.412700	25.000000
14.008032	2.135448	1.220502	14.276554	2.012272	1.173025	-24.682900	-45.852000	25.000000
14.008032	2.135448	1.220502	13.762631	1.989853	1.135611	-24.682900	-44.754300	25.000000
14.008032	2.135448	1.220502	13.852798	1.947822	1.103677	-24.682900	-44.193500	25.000000
14.008032	2.135448	1.220502	14.261487	1.906633	1.083897	-24.682900	-43.095800	25.000000
14.008032	2.135448	1.220502	14.570175	2.056360	1.138389	-24.682900	-42.535000	25.000000
14.008032	2.135448	1.220502	13.461798	1.967390	1.038664	-24.682900	-41.437300	25.000000
14.008032	2.135448	1.220502	13.136209	2.284554	1.242676	-24.682900	-40.876500	25.000000
14.008032	2.135448	1.220502	14.964625	2.207733	1.335898	-24.682900	-39.778800	25.000000
14.008032	2.135448	1.220502	13.341098	2.261564	1.381983	-24.682900	-39.218000	25.000000
14.008032	2.135448	1.220502	14.625748	2.199385	1.422324	-24.682900	-38.120300	25.000000
14.008032	2.135448	1.220502	15.037952	2.077661	1.188878	-24.682900	-37.559500	25.000000
14.008032	2.135448	1.220502	12.958781	2.150637	1.049362	-24.682900	-36.461800	25.000000
14.008032	2.135448	1.220502	14.217243	2.093695	1.005312	-24.682900	-35.901000	25.000000
14.008032	2.135448	1.220502	13.827870	2.135483	1.011290	-24.682900	-34.803300	25.000000
14.008032	2.135448	1.220502	13.780058	2.154984	1.091586	-24.682900	-34.242600	25.000000
14.007239	2.135484	1.220473	14.267445	2.132562	1.107149	-24.682900	-33.144800	25.000000
14.008032	2.135448	1.220502	13.907192	2.148951	1.164777	-24.682900	-32.584100	25.000000
14.008032	2.135448	1.220502	14.051334	2.142272	1.152572	-24.682900	-31.486400	25.000000
14.008032	2.135448	1.220502	14.044572	2.142582	1.198151	-24.682900	-30.925600	25.000000
14.008032	2.135448	1.220502	13.943457	2.138725	1.187130	-24.682900	-29.827900	25.000000
14.008032	2.135448	1.220502	14.092906	2.140376	1.209067	-24.682900	-29.267100	25.000000
14.008032	2.135448	1.220502	13.960301	2.137955	1.206062	-24.682900	-28.169400	25.000000
14.008032	2.135448	1.220502	13.984634	2.145342	1.214020	-24.682900	-27.608600	25.000000
14.008322	2.135435	1.220423	13.983562	2.120039	1.219876	-23.853700	-52.485900	25.000000
14.008322	2.135435	1.220423	14.063783	2.116552	1.222736	-23.853700	-51.388200	25.000000
14.008322	2.135435	1.220423	14.012138	2.110452	1.222736	-23.853700	-50.827400	25.000000
14.008322	2.135435	1.220423	13.990711	2.103054	1.214938	-23.853700	-49.729700	25.000000
14.008322	2.135435	1.220423	14.065916	2.075374	1.205372	-23.853700	-49.168900	25.000000
14.008322	2.135435	1.220423	13.970684	2.095607	1.207185	-23.853700	-48.071200	25.000000
14.007529	2.135471	1.220394	13.679181	2.024862	1.187269	-23.853700	-47.510400	25.000000
14.007529	2.135471	1.220394	14.356880	2.032841	1.204740	-23.853700	-46.412700	25.000000
14.008322	2.135435	1.220423	14.135770	1.879887	1.133721	-23.853700	-45.852000	25.000000
14.008322	2.135435	1.220423	13.943099	1.968485	1.162840	-23.853700	-44.754300	25.000000
14.008322	2.135435	1.220423	14.791214	1.915628	1.148925	-23.853700	-44.193500	25.000000
14.008322	2.135435	1.220423	13.227245	1.991331	1.107149	-23.853700	-43.095800	25.000000
14.008322	2.135435	1.220423	12.978155	2.540048	1.372066	-23.853700	-42.535000	25.000000
14.008322	2.135435	1.220423	14.962700	2.207829	1.303232	-23.853700	-41.437300	25.000000
14.008322	2.135435	1.220423	16.150232	2.496011	1.983796	-23.853700	-40.876500	25.000000
14.008322	2.135435	1.220423	11.481289	2.851022	2.800614	-23.853700	-39.778800	25.000000
14.008322	2.135435	1.220423	14.811144	2.387920	2.602865	-23.853700	-39.218000	25.000000
14.008322	2.135435	1.220423	13.104961	2.198841	2.775096	-23.853700	-38.120300	25.000000
14.008322	2.135435	1.220423	15.358711	1.958038	2.037589	-23.853700	-37.559500	25.000000
14.008322	2.135435	1.220423	12.521182	2.098033	2.375800	-23.853700	-36.461800	25.000000
14.008322	2.135435	1.220423	13.063307	2.048005	1.596653	-23.853700	-35.901000	25.000000
14.008322	2.135435	1.220423	14.957272	2.103790	1.086318	-23.853700	-34.803300	25.000000
14.008322	2.135435	1.220423	13.905754	2.166292	1.002068	-23.853700	-34.242600	25.000000
14.007529	2.135471	1.220394	14.182383	2.128012	0.980490	-23.853700	-33.144800	25.000000
14.008322	2.135435	1.220423	14.134709	2.146897	1.126014	-23.853700	-32.584100	25.000000
14.008322	2.135435	1.220423	13.800725	2.162700	1.079812	-23.853700	-31.486400	25.000000
14.008322	2.135435	1.220423	13.874437	2.150493	1.172692	-23.853700	-30.925600	25.000000
14.008322	2.135435	1.220423	14.148852	2.146248	1.163692	-23.853700	-29.827900	25.000000
14.008322	2.135435	1.220423	13.966388	2.146188	1.195044	-23.853700	-29.267100	25.000000
14.008322	2.135435	1.220423	14.044572	2.142582	1.198151	-23.853700	-28.169400	25.000000
14.008322	2.135435	1.220423	13.960301	2.137955	1.206062	-23.853700	-26.510900	25.000000
14.008322	2.135435	1.220423	13.960301	2.137955	1.206062	-23.853700	-25.950100	25.000000
14.008322	2.135435	1.220423	14.092906	2.140376	1.209067	-23.853700	-24.852400	25.000000
14.008032	2.135448	1.220502	14.007141	2.127396	1.227772	-23.024400	-62.997600	25.000000
14.008032	2.135448	1.220502	14.007141	2.127396	1.227772	-23.024400	-56.363700	25.000000
14.008032	2.135448	1.220502	14.063783	2.116552	1.222736	-23.024400	-52.485900	25.000000
14.008032	2.135448	1.220502	14.087228	2.123862	1.230578	-23.024400	-51.388200	25.000000
14.008032	2.135448	1.220502	13.910428	2.098117	1.222736	-23.024400	-50.827400	25.000000
14.008032	2.135448	1.220502	14.012138	2.110452	1.222736	-23.024400	-49.729700	25.000000
14.008032	2.135448	1.220502	14.021769	2.060877	1.215810	-23.024400	-49.168900	25.000000
14.008032	2.135448	1.220502	13.971757	2.087312	1.217806	-23.024400	-48.071200	25.000000
14.007239	2.135484	1.220473	14.401736	1.977719	1.215565	-23.024400	-47.510400	25.000000
14.007239	2.135484	1.220473	13.592645	2.011639	1.187269	-23.024400	-46.412700	25.000000
14.008032	2.135448	1.220502	14.182736	1.864066	1.169773	-23.024400	-45.852000	25.000000
14.008032	2.135448	1.220502	13.848466	1.894125	1.171904	-23.024400	-44.754300	25.000000
14.008032	2.135448	1.220502	14.681281	2.044700	1.227257	-23.024400	-44.193500	25.000000
14.008032	2.135448	1.220502	13.249151	2.338360	1.348714	-23.024400	-43.095800	25.000000
14.008032	2.135448	1.220502	14.254925	2.430475	1.599820	-23.024400	-42.535000	25.000000
14.008032	2.135448	1.220502	13.778040	2.483424	2.117321	-23.024400	-41.437300	25.000000
14.008032	2.135448	1.220502	16.081667	2.282226	2.926486	-23.024400	-40.876500	25.000000
14.008032	2.135448	1.220502	11.596982	2.610577	2.320066	-23.024400	-39.778800	25.000000
14.008032	2.135448	1.220502	10.427890	2.115123	3.810206	-23.024400	-39.218000	25.000000
14.008032	2.135448	1.220502	16.667585	1.875472	3.029407	-23.024400	-38.120300	25.000000
14.008032	2.135448	1.220502	13.818430	1.597575	3.097419	-23.024400	-37.559500	25.000000
14.008032	2.135448	1.220502	14.228510	1.453155	2.894211	-23.024400	-36.461800	25.000000
14.008032	2.135448	1.220502	9.634957	1.708230	2.184956	-23.024400	-35.901000	25.000000
14.008032	2.135448	1.220502	17.263954	1.582961	2.039625	-23.024400	-34.803300	25.000000
14.008032	2.135448	1.220502	16.039327	2.050331	1.249046	-23.024400	-34.242600	25.000000
14.007239	2.135484	1.220473	11.533430	2.097731	1.337983	-23.024400	-33.144800	25.000000
14.008032	2.135448	1.220502	13.974620	2.189061	1.036401	-23.024400	-32.584100	25.000000
14.008032	2.135448	1.220502	13.994642	2.179309	0.990040	-23.024400	-31.486400	25.000000
14.008032	2.135448	1.220502	13.726981	2.184023	1.119100	-23.024400	-30.925600	25.000000
14.008032	2.135448	1.220502	14.244648	2.158672	1.126014	-23.024400	-29.827900	25.000000
14.008032	2.135448	1.220502	13.966388	2.146188	1.195044	-23.024400	-29.267100	25.000000
14.008032	2.135448	1.220502	13.929465	2.156499	1.172692	-23.024400	-28.169400	25.000000
14.008032	2.135448	1.220502	14.044572	2.142582	1.198151	-23.024400	-27.608600	25.000000
14.008032	2.135448	1.220502	14.014278	2.143973	1.206062	-23.024400	-26.510900	25.000000
14.008032	2.135448	1.220502	14.014278	2.143973	1.206062	-23.024400	-24.852400	25.000000
14.008322	2.135435	1.220423	14.007141	2.127396	1.227772	-22.195200	-54.144400	25.000000
14.008322	2.135435	1.220423	14.007141	2.127396	1.227772	-22.195200	-53.046700	25.000000
14.008322	2.135435	1.220423	13.983562	2.120039	1.219876	-22.195200	-52.485900	25.000000
14.008322	2.135435	1.220423	14.063783	2.116552	1.222736	-22.195200	-51.388200	25.000000
14.008322	2.135435	1.220423	13.910428	2.098117	1.222736	-22.195200	-50.827400	25.000000
14.008322	2.135435	1.220423	14.042080	2.100900	1.225551	-22.195200	-49.729700	25.000000
14.008322	2.135435	1.220423	13.809417	2.060873	1.210104	-22.195200	-49.168900	25.000000
14.008322	2.135435	1.220423	14.204577	2.061990	1.228846	-22.195200	-48.071200	25.000000
14.007529	2.135471	1.220394	13.544002	1.933069	1.199087	-22.195200	-47.510400	25.000000
14.007529	2.135471	1.220394	14.505861	1.989670	1.232341	-22.195200	-46.412700	25.000000
14.008322	2.135435	1.220423	13.263861	1.877137	1.181480	-22.195200	-45.852000	25.000000
14.008322	2.135435	1.220423	14.798649	1.915448	1.203622	-22.195200	-44.754300	25.000000
14.008322	2.135435	1.220423	14.012584	2.799368	1.602700	-22.195200	-44.193500	25.000000
14.008322	2.135435	1.220423	13.898619	2.201839	1.210148	-22.195200	-43.095800	25.000000
14.008322	2.135435	1.220423	17.105347	2.407528	2.613895	-22.195200	-42.535000	25.000000
14.008322	2.135435	1.220423	9.517484	2.927403	4.014486	-22.195200	-41.437300	25.000000
14.008322	2.135435	1.220423	15.036835	1.923906	2.969220	-22.195200	-40.876500	25.000000
14.008322	2.135435	1.220423	12.994002	2.195535	2.978628	-22.195200	-39.778800	25.000000
14.008322	2.135435	1.220423	11.165241	1.888701	3.108586	-22.195200	-39.218000	25.000000
14.008322	2.135435	1.220423	16.337506	1.481927	3.046816	-22.195200	-38.120300	25.000000
14.008322	2.135435	1.220423	11.618008	1.300697	3.329355	-22.195200	-37.559500	25.000000
14.008322	2.135435	1.220423	16.005362	1.018288	3.323153	-22.195200	-36.461800	25.000000
14.008322	2.135435	1.220423	13.311649	1.086306	2.272056	-22.195200	-35.901000	25.000000
14.008322	2.135435	1.220423	14.564683	0.939156	2.757927	-22.195200	-34.803300	25.000000
14.008322	2.135435	1.220423	16.207236	1.765770	1.575199	-22.195200	-34.242600	25.000000
14.007529	2.135471	1.220394	11.366618	1.482706	1.875789	-22.195200	-33.144800	25.000000
14.008322	2.135435	1.220423	12.274364	2.238490	1.037494	-22.195200	-32.584100	25.000000
14.008322	2.135435	1.220423	15.515798	1.960871	1.487076	-22.195200	-31.486400	25.000000
14.008322	2.135435	1.220423	14.372195	2.195013	1.030377	-22.195200	-30.925600	25.000000
14.008322	2.135435	1.220423	13.622775	2.216716	1.061912	-22.195200	-29.827900	25.000000
14.008322	2.135435	1.220423	14.149558	2.163157	1.168142	-22.195200	-29.267100	25.000000
14.008322	2.135435	1.220423	13.880202	2.176275	1.146344	-22.195200	-28.169400	25.000000
14.008322	2.135435	1.220423	13.943457	2.155833	1.191887	-22.195200	-27.608600	25.000000
14.008322	2.135435	1.220423	14.129756	2.147125	1.190290	-22.195200	-26.510900	25.000000
14.008322	2.135435	1.220423	13.984634	2.145342	1.214020	-22.195200	-25.950100	25.000000
14.008322	2.135435	1.220423	14.092906	2.140376	1.209067	-22.195200	-24.852400	25.000000
14.008322	2.135435	1.220423	13.954569	2.121311	1.227772	-21.366000	-54.144400	25.000000
14.008322	2.135435	1.220423	14.007141	2.127396	1.227772	-21.366000	-53.046700	25.000000
14.008322	2.135435	1.220423	14.063783	2.116552	1.222736	-21.366000	-52.485900	25.000000
14.008322	2.135435	1.220423	13.902518	2.115181	1.227772	-21.366000	-51.388200	25.000000
14.008322	2.135435	1.220423	13.991783	2.094734	1.225551	-21.366000	-50.827400	25.000000
14.008322	2.135435	1.220423	14.092906	2.107022	1.225551	-21.366000	-49.729700	25.000000
14.008322	2.135435	1.220423	13.936284	2.039867	1.226149	-21.366000	-49.168900	25.000000
14.008322	2.135435	1.220423	13.974978	2.078972	1.228323	-21.366000	-48.071200	25.000000
14.007529	2.135471	1.220394	14.662196	1.911545	1.246757	-21.366000	-47.510400	25.000000
14.007529	2.135471	1.220394	13.381330	1.961812	1.215810	-21.366000	-46.412700	25.000000
14.008322	2.135435	1.220423	15.151238	1.907106	1.213662	-21.366000	-45.852000	25.000000
14.008322	2.135435	1.220423	12.751471	1.889872	1.181088	-21.366000	-44.754300	25.000000
14.008322	2.135435	1.220423	17.066048	2.483310	1.279340	-21.366000	-44.193500	25.000000
14.008322	2.135435	1.220423	9.900505	2.736701	0.000000	-21.366000	-43.095800	25.000000
14.008322	2.135435	1.220423	15.739441	2.210834	3.430773	-21.366000	-42.535000	25.000000
14.008322	2.135435	1.220423	9.627565	2.447487	5.717701	-21.366000	-41.437300	25.000000
14.008322	2.135435	1.220423	9.498505	1.952703	3.198350	-21.366000	-40.876500	25.000000
14.008322	2.135435	1.220423	17.138042	1.509491	3.840073	-21.366000	-39.778800	25.000000
14.008322	2.135435	1.220423	12.892075	1.222502	3.087101	-21.366000	-39.218000	25.000000
14.008322	2.135435	1.220423	15.073954	1.274590	3.092327	-21.366000	-38.120300	25.000000
14.008322	2.135435	1.220423	11.502939	1.072262	3.117835	-21.366000	-37.559500	25.000000
14.008322	2.135435	1.220423	16.179011	0.935568	2.831012	-21.366000	-36.461800	25.000000
14.008322	2.135435	1.220423	13.949552	0.696566	2.904744	-21.366000	-35.901000	25.000000
14.008322	2.135435	1.220423	14.054892	0.660378	2.479532	-21.366000	-34.803300	25.000000
14.008322	2.135435	1.220423	15.161135	1.007163	1.929567	-21.366000	-34.242600	25.000000
14.007529	2.135471	1.220394	12.703936	1.436577	1.690225	-21.366000	-33.144800	25.000000
14.008322	2.135435	1.220423	13.862012	1.628540	1.645800	-21.366000	-32.584100	25.000000
14.008322	2.135435	1.220423	14.125375	1.880122	1.480372	-21.366000	-31.486400	25.000000
14.008322	2.135435	1.220423	14.715298	2.121474	1.160669	-21.366000	-30.925600	25.000000
14.008322	2.135435	1.220423	13.285330	2.217010	1.069192	-21.366000	-29.827900	25.000000
14.008322	2.135435	1.220423	14.367672	2.203846	1.095566	-21.366000	-29.267100	25.000000
14.008322	2.135435	1.220423	13.773525	2.199485	1.135254	-21.366000	-28.169400	25.000000
14.008322	2.135435	1.220423	13.866146	2.159531	1.188680	-21.366000	-27.608600	25.000000
14.008322	2.135435	1.220423	14.029968	2.160305	1.183921	-21.366000	-26.510900	25.000000
14.008322	2.135435	1.220423	13.990711	2.153598	1.203008	-21.366000	-25.950100	25.000000
14.008322	2.135435	1.220423	14.014278	2.143973	1.206062	-21.366000	-24.852400	25.000000
14.008322	2.135435	1.220423	13.984634	2.145342	1.214020	-21.366000	-24.291600	25.000000
14.008322	2.135435	1.220423	14.014278	2.143973	1.206062	-21.366000	-23.193900	25.000000
14.008322	2.135435	1.220423	13.983562	2.120039	1.219876	-20.536700	-54.144400	25.000000
14.008322	2.135435	1.220423	14.007141	2.127396	1.227772	-20.536700	-53.046700	25.000000
14.008322	2.135435	1.220423	14.115948	2.122607	1.222736	-20.536700	-52.485900	25.000000
14.008322	2.135435	1.220423	13.902518	2.115181	1.227772	-20.536700	-51.388200	25.000000
14.008322	2.135435	1.220423	13.910428	2.098117	1.222736	-20.536700	-50.827400	25.000000
14.008322	2.135435	1.220423	14.123385	2.097530	1.228323	-20.536700	-49.729700	25.000000
14.008322	2.135435	1.220423	13.878761	2.066382	1.228323	-20.536700	-49.168900	25.000000
14.008322	2.135435	1.220423	14.249912	2.044453	1.241565	-20.536700	-48.071200	25.000000
14.007529	2.135471	1.220394	14.750254	1.902250	1.264917	-20.536700	-47.510400	25.000000
14.007529	2.135471	1.220394	13.243111	1.949809	1.231053	-20.536700	-46.412700	25.000000
14.008322	2.135435	1.220423	12.869343	1.822086	1.218598	-20.536700	-45.852000	25.000000
14.008322	2.135435	1.220423	15.079125	1.887767	1.229181	-20.536700	-44.754300	25.000000
14.008322	2.135435	1.220423	11.880236	2.637066	0.122195	-20.536700	-44.193500	25.000000
14.008322	2.135435	1.220423	15.701274	2.244844	1.059739	-20.536700	-43.095800	25.000000
14.008322	2.135435	1.220423	13.782598	2.137565	4.781245	-20.536700	-42.535000	25.000000
14.008322	2.135435	1.220423	14.270950	2.149053	5.134861	-20.536700	-41.437300	25.000000
14.008322	2.135435	1.220423	16.789723	1.159012	4.352401	-20.536700	-40.876500	25.000000
14.008322	2.135435	1.220423	3.192397	2.561409	0.927295	-20.536700	-39.778800	25.000000
14.008322	2.135435	1.220423	13.304886	0.708837	3.687953	-20.536700	-39.218000	25.000000
14.008322	2.135435	1.220423	14.664583	0.742962	3.791142	-20.536700	-38.120300	25.000000
14.008322	2.135435	1.220423	13.886324	0.713402	2.722251	-20.536700	-37.559500	25.000000
14.008322	2.135435	1.220423	14.198944	0.673332	2.819842	-20.536700	-36.461800	25.000000
14.008322	2.135435	1.220423	13.302631	0.511507	2.399645	-20.536700	-35.901000	25.000000
14.008322	2.135435	1.220423	14.788509	0.690592	2.491722	-20.536700	-34.803300	25.000000
14.008322	2.135435	1.220423	13.681608	1.067404	1.689562	-20.536700	-34.242600	25.000000
14.007529	2.135471	1.220394	14.383059	0.721398	1.927842	-20.536700	-33.144800	25.000000
14.008322	2.135435	1.220423	15.245360	1.393421	1.599455	-20.536700	-32.584100	25.000000
14.008322	2.135435	1.220423	12.751412	1.487572	1.604642	-20.536700	-31.486400	25.000000
14.008322	2.135435	1.220423	15.484185	1.765775	1.412141	-20.536700	-30.925600	25.000000
14.008322	2.135435	1.220423	12.238872	2.272454	0.967958	-20.536700	-29.827900	25.000000
14.008322	2.135435	1.220423	13.593381	2.265317	1.038587	-20.536700	-29.267100	25.000000
14.008322	2.135435	1.220423	14.413188	2.236344	1.043992	-20.536700	-28.169400	25.000000
14.008322	2.135435	1.220423	13.979270	2.197629	1.142707	-20.536700	-27.608600	25.000000
14.008322	2.135435	1.220423	14.097518	2.174233	1.172692	-20.536700	-26.510900	25.000000
14.008322	2.135435	1.220423	13.943457	2.155833	1.191887	-20.536700	-25.950100	25.000000
14.008322	2.135435	1.220423	14.153798	2.154465	1.198151	-20.536700	-24.852400	25.000000
14.008322	2.135435	1.220423	14.014278	2.143973	1.206062	-20.536700	-24.291600	25.000000
14.008322	2.135435	1.220423	14.014278	2.143973	1.206062	-20.536700	-23.193900	25.000000
14.008322	2.135435	1.220423	14.007141	2.127396	1.227772	-19.707500	-54.144400	25.000000
14.008322	2.135435	1.220423	14.063783	2.116552	1.222736	-19.707500	-52.485900	25.000000
14.008322	2.135435	1.220423	14.063783	2.116552	1.222736	-19.707500	-51.388200	25.000000
14.008322	2.135435	1.220423	13.931978	2.105538	1.230578	-19.707500	-50.827400	25.000000
14.008322	2.135435	1.220423	14.092906	2.107022	1.225551	-19.707500	-49.729700	25.000000
14.008322	2.135435	1.220423	13.897482	2.073848	1.236059	-19.707500	-49.168900	25.000000
14.008322	2.135435	1.220423	14.120198	2.041206	1.238996	-19.707500	-48.071200	25.000000
14.007529	2.135471	1.220394	13.296992	1.884244	1.249046	-19.707500	-47.510400	25.000000
14.007529	2.135471	1.220394	14.671401	1.955063	1.272297	-19.707500	-46.412700	25.000000
14.008322	2.135435	1.220423	14.974645	1.827364	1.262145	-19.707500	-45.852000	25.000000
14.008322	2.135435	1.220423	12.971122	1.804193	1.231504	-19.707500	-44.754300	25.000000
14.008322	2.135435	1.220423	17.223821	2.417292	1.146344	-19.707500	-44.193500	25.000000
14.008322	2.135435	1.220423	9.608850	2.703153	0.197396	-19.707500	-43.095800	25.000000
14.008322	2.135435	1.220423	17.019401	2.053501	5.455559	-19.707500	-42.535000	25.000000
14.008322	2.135435	1.220423	9.512623	2.429336	0.194241	-19.707500	-41.437300	25.000000
14.008322	2.135435	1.220423	10.150744	0.908749	0.480406	-19.707500	-40.876500	25.000000
14.008322	2.135435	1.220423	14.186205	1.799773	5.098272	-19.707500	-39.778800	25.000000
14.008322	2.135435	1.220423	14.946709	0.338206	5.309899	-19.707500	-39.218000	25.000000
14.008322	2.135435	1.220423	12.858756	0.838196	4.895424	-19.707500	-38.120300	25.000000
14.008322	2.135435	1.220423	14.879735	0.103570	2.602288	-19.707500	-37.559500	25.000000
14.008322	2.135435	1.220423	13.068975	0.203235	2.950888	-19.707500	-36.461800	25.000000
14.008322	2.135435	1.220423	14.927857	0.527325	1.977261	-19.707500	-35.901000	25.000000
14.008322	2.135435	1.220423	13.066614	0.478343	1.895701	-19.707500	-34.803300	25.000000
14.008322	2.135435	1.220423	13.010442	0.878964	1.416478	-19.707500	-34.242600	25.000000
14.007529	2.135471	1.220394	14.969773	0.705119	1.592442	-19.707500	-33.144800	25.000000
14.008322	2.135435	1.220423	15.443769	1.234249	1.467715	-19.707500	-32.584100	25.000000
14.008322	2.135435	1.220423	12.324772	1.197036	1.457252	-19.707500	-31.486400	25.000000
14.008322	2.135435	1.220423	17.452507	1.843465	1.324375	-19.707500	-30.925600	25.000000
14.008322	2.135435	1.220423	9.372300	1.742352	1.262744	-19.707500	-29.827900	25.000000
14.008322	2.135435	1.220423	14.021769	2.277054	1.040023	-19.707500	-29.267100	25.000000
14.008322	2.135435	1.220423	14.087583	2.273075	1.044730	-19.707500	-28.169400	25.000000
14.008322	2.135435	1.220423	13.780421	2.199121	1.155304	-19.707500	-27.608600	25.000000
14.008322	2.135435	1.220423	14.319567	2.215019	1.118867	-19.707500	-26.510900	25.000000
14.008322	2.135435	1.220423	14.009283	2.169911	1.180659	-19.707500	-25.950100	25.000000
14.008322	2.135435	1.220423	14.021056	2.152172	1.195044	-19.707500	-24.852400	25.000000
14.008322	2.135435	1.220423	14.068760	2.149945	1.206062	-19.707500	-24.291600	25.000000
14.008322	2.135435	1.220423	13.984634	2.145342	1.214020	-19.707500	-23.193900	25.000000
14.007529	2.135471	1.220394	13.984634	2.145342	1.214020	-19.707500	-21.535400	25.000000
14.008032	2.135448	1.220502	14.007141	2.127396	1.227772	-18.878200	-54.144400	25.000000
14.008032	2.135448	1.220502	13.954569	2.121311	1.227772	-18.878200	-52.485900	25.000000
14.008032	2.135448	1.220502	14.034956	2.117799	1.230578	-18.878200	-51.388200	25.000000
14.008032	2.135448	1.220502	14.145317	2.104822	1.236059	-18.878200	-50.827400	25.000000
14.008032	2.135448	1.220502	13.881282	2.099340	1.230578	-18.878200	-49.729700	25.000000
14.008032	2.135448	1.220502	13.945967	2.080131	1.236059	-18.878200	-49.168900	25.000000
14.008032	2.135448	1.220502	13.978913	2.046352	1.251590	-18.878200	-48.071200	25.000000
14.007239	2.135484	1.220473	13.217413	1.918202	1.251590	-18.878200	-47.510400	25.000000
14.007239	2.135484	1.220473	14.713599	1.932015	1.283515	-18.878200	-46.412700	25.000000
14.008032	2.135448	1.220502	14.489997	1.779344	1.284745	-18.878200	-45.852000	25.000000
14.008032	2.135448	1.220502	13.426466	1.742949	1.287305	-18.878200	-44.754300	25.000000
14.008032	2.135448	1.220502	15.805695	2.887953	0.588003	-18.878200	-44.193500	25.000000
14.008032	2.135448	1.220502	11.609048	2.144421	1.125495	-18.878200	-43.095800	25.000000
14.008032	2.135448	1.220502	11.577323	2.648837	4.457667	-18.878200	-42.535000	25.000000
14.008032	2.135448	1.220502	15.979765	2.087912	4.950034	-18.878200	-41.437300	25.000000
14.008032	2.135448	1.220502	15.525866	1.696726	5.015661	-18.878200	-40.876500	25.000000
14.008032	2.135448	1.220502	8.880068	1.185188	0.360193	-18.878200	-39.778800	25.000000
14.008032	2.135448	1.220502	11.768602	0.763731	6.097837	-18.878200	-39.218000	25.000000
14.008032	2.135448	1.220502	15.854652	0.982383	5.254109	-18.878200	-38.120300	25.000000
14.008032	2.135448	1.220502	14.122025	0.245089	5.843032	-18.878200	-37.559500	25.000000
14.008032	2.135448	1.220502	13.849101	0.427979	6.154083	-18.878200	-36.461800	25.000000
14.008032	2.135448	1.220502	12.423220	0.447486	1.103821	-18.878200	-35.901000	25.000000
14.008032	2.135448	1.220502	15.398558	0.553426	1.300643	-18.878200	-34.803300	25.000000
14.008032	2.135448	1.220502	14.294055	1.042913	1.136126	-18.878200	-34.242600	25.000000
14.007239	2.135484	1.220473	13.739723	0.866160	1.239983	-18.878200	-33.144800	25.000000
14.008032	2.135448	1.220502	14.799324	1.085763	1.178943	-18.878200	-32.584100	25.000000
14.008032	2.135448	1.220502	13.153327	1.189063	1.254227	-18.878200	-31.486400	25.000000
14.008032	2.135448	1.220502	16.409522	1.529345	1.324338	-18.878200	-30.925600	25.000000
14.008032	2.135448	1.220502	11.126994	1.715091	1.332425	-18.878200	-29.827900	25.000000
14.008032	2.135448	1.220502	12.946814	2.307675	1.046476	-18.878200	-29.267100	25.000000
14.008032	2.135448	1.220502	15.011995	1.967476	1.381899	-18.878200	-28.169400	25.000000
14.008032	2.135448	1.220502	13.738268	2.275523	1.094329	-18.878200	-27.608600	25.000000
14.008032	2.135448	1.220502	14.239733	2.228077	1.130954	-18.878200	-26.510900	25.000000
14.008032	2.135448	1.220502	14.054892	2.167697	1.191887	-18.878200	-25.950100	25.000000
14.008032	2.135448	1.220502	13.972115	2.189189	1.173978	-18.878200	-24.852400	25.000000
14.008032	2.135448	1.220502	14.021056	2.152172	1.195044	-18.878200	-24.291600	25.000000
14.008032	2.135448	1.220502	14.039231	2.151321	1.214020	-18.878200	-23.193900	25.000000
14.008032	2.135448	1.220502	13.984634	2.145342	1.214020	-18.878200	-22.633200	25.000000
14.007239	2.135484	1.220473	13.984634	2.145342	1.214020	-18.878200	-21.535400	25.000000
14.008322	2.135435	1.220423	13.954569	2.121311	1.227772	-18.049000	-52.485900	25.000000
14.008322	2.135435	1.220423	13.954569	2.121311	1.227772	-18.049000	-51.388200	25.000000
14.008322	2.135435	1.220423	14.094680	2.098715	1.236059	-18.049000	-50.827400	25.000000
14.008322	2.135435	1.220423	13.983204	2.111691	1.230578	-18.049000	-49.729700	25.000000
14.008322	2.135435	1.220423	14.214781	2.077629	1.251590	-18.049000	-49.168900	25.000000
14.008322	2.135435	1.220423	13.810503	2.052642	1.246462	-18.049000	-48.071200	25.000000
14.007529	2.135471	1.220394	13.213251	1.950710	1.264508	-18.049000	-47.510400	25.000000
14.007529	2.135471	1.220394	14.777348	1.930386	1.292497	-18.049000	-46.412700	25.000000
14.008322	2.135435	1.220423	14.295454	1.767937	1.325818	-18.049000	-45.852000	25.000000
14.008322	2.135435	1.220423	13.601471	1.869295	1.322086	-18.049000	-44.754300	25.000000
14.008322	2.135435	1.220423	8.696551	2.525973	0.615620	-18.049000	-44.193500	25.000000
14.008322	2.135435	1.220423	17.761475	2.383707	1.103486	-18.049000	-43.095800	25.000000
14.008322	2.135435	1.220423	13.813037	2.280433	4.943480	-18.049000	-42.535000	25.000000
14.008322	2.135435	1.220423	14.185556	2.111347	5.091369	-18.049000	-41.437300	25.000000
14.008322	2.135435	1.220423	11.389491	2.327596	5.228989	-18.049000	-40.876500	25.000000
14.008322	2.135435	1.220423	12.373488	0.516402	4.261918	-18.049000	-39.778800	25.000000
14.008322	2.135435	1.220423	7.091544	0.613087	5.341185	-18.049000	-39.218000	25.000000
14.008322	2.135435	1.220423	18.261161	0.801729	4.966610	-18.049000	-38.120300	25.000000
14.008322	2.135435	1.220423	13.592384	0.439608	5.791703	-18.049000	-37.559500	25.000000
14.008322	2.135435	1.220423	14.479309	0.388552	5.906064	-18.049000	-36.461800	25.000000
14.008322	2.135435	1.220423	13.377967	0.748739	1.028494	-18.049000	-35.901000	25.000000
14.008322	2.135435	1.220423	14.646160	0.493296	0.744604	-18.049000	-34.803300	25.000000
14.008322	2.135435	1.220423	14.450606	1.088688	1.152572	-18.049000	-34.242600	25.000000
14.007529	2.135471	1.220394	13.448048	1.108325	1.077418	-18.049000	-33.144800	25.000000
14.008322	2.135435	1.220423	13.412681	1.056328	1.080335	-18.049000	-32.584100	25.000000
14.008322	2.135435	1.220423	14.612666	1.079019	1.121037	-18.049000	-31.486400	25.000000
14.008322	2.135435	1.220423	14.447837	1.515396	1.438703	-18.049000	-30.925600	25.000000
14.008322	2.135435	1.220423	13.572767	1.248431	1.271155	-18.049000	-29.827900	25.000000
14.008322	2.135435	1.220423	10.546089	1.608734	1.485291	-18.049000	-29.267100	25.000000
14.008322	2.135435	1.220423	16.667633	2.169978	1.214577	-18.049000	-28.169400	25.000000
14.008322	2.135435	1.220423	14.071603	2.274036	1.107149	-18.049000	-27.608600	25.000000
14.008322	2.135435	1.220423	13.944892	2.320269	1.058940	-18.049000	-26.510900	25.000000
14.008322	2.135435	1.220423	13.807607	2.188777	1.178739	-18.049000	-25.950100	25.000000
14.008322	2.135435	1.220423	14.163686	2.196917	1.177346	-18.049000	-24.852400	25.000000
14.008322	2.135435	1.220423	14.045996	2.159542	1.203008	-18.049000	-24.291600	25.000000
14.008322	2.135435	1.220423	13.912944	2.157287	1.199905	-18.049000	-23.193900	25.000000
14.008322	2.135435	1.220423	13.961017	2.155001	1.211021	-18.049000	-22.633200	25.000000
14.007529	2.135471	1.220394	14.117719	2.147679	1.216971	-18.049000	-21.535400	25.000000
14.008322	2.135435	1.220423	13.984634	2.145342	1.214020	-18.049000	-20.974700	25.000000
14.008322	2.135435	1.220423	13.984634	2.145342	1.214020	-18.049000	-19.877000	25.000000
14.008032	2.135448	1.220502	14.007141	2.127396	1.227772	-17.219700	-53.046700	25.000000
14.008032	2.135448	1.220502	13.954569	2.121311	1.227772	-17.219700	-52.485900	25.000000
14.008032	2.135448	1.220502	14.087228	2.123862	1.230578	-17.219700	-51.388200	25.000000
14.008032	2.135448	1.220502	14.064139	2.108238	1.233340	-17.219700	-50.827400	25.000000
14.008032	2.135448	1.220502	13.931978	2.105538	1.230578	-17.219700	-49.729700	25.000000
14.008032	2.135448	1.220502	14.166510	2.071457	1.251590	-17.219700	-49.168900	25.000000
14.008032	2.135448	1.220502	13.786225	2.078295	1.241172	-17.219700	-48.071200	25.000000
14.007239	2.135484	1.220473	13.901439	2.009114	1.264120	-17.219700	-47.510400	25.000000
14.007239	2.135484	1.220473	14.102837	1.910562	1.296629	-17.219700	-46.412700	25.000000
14.008032	2.135448	1.220502	13.579764	1.823861	1.309214	-17.219700	-45.852000	25.000000
14.008032	2.135448	1.220502	14.504482	1.952281	1.338430	-17.219700	-44.754300	25.000000
14.008032	2.135448	1.220502	14.908387	2.906991	0.764993	-17.219700	-44.193500	25.000000
14.008032	2.135448	1.220502	12.837445	2.166220	1.225241	-17.219700	-43.095800	25.000000
14.008032	2.135448	1.220502	11.786009	2.401140	5.586837	-17.219700	-42.535000	25.000000
14.008032	2.135448	1.220502	15.812021	2.138344	5.088717	-17.219700	-41.437300	25.000000
14.008032	2.135448	1.220502	15.881514	1.131810	5.228947	-17.219700	-40.876500	25.000000
14.008032	2.135448	1.220502	7.131487	2.151094	0.606605	-17.219700	-39.778800	25.000000
14.008032	2.135448	1.220502	17.693784	0.648667	5.188588	-17.219700	-39.218000	25.000000
14.008032	2.135448	1.220502	8.725824	0.780539	5.753939	-17.219700	-38.120300	25.000000
14.008032	2.135448	1.220502	14.364975	0.387483	6.181683	-17.219700	-37.559500	25.000000
14.008032	2.135448	1.220502	13.612748	0.442778	5.999940	-17.219700	-36.461800	25.000000
14.008032	2.135448	1.220502	15.835719	0.629539	0.899405	-17.219700	-35.901000	25.000000
14.008032	2.135448	1.220502	11.989162	0.682972	0.776053	-17.219700	-34.803300	25.000000
14.008032	2.135448	1.220502	13.932695	1.077302	1.238737	-17.219700	-34.242600	25.000000
14.007239	2.135484	1.220473	13.995714	1.030438	1.159340	-17.219700	-33.144800	25.000000
14.008032	2.135448	1.220502	14.065916	0.965810	1.180659	-17.219700	-32.584100	25.000000
14.008032	2.135448	1.220502	14.004642	0.962782	1.196752	-17.219700	-31.486400	25.000000
14.008032	2.135448	1.220502	15.602884	1.169129	1.346085	-17.219700	-30.925600	25.000000
14.008032	2.135448	1.220502	12.152366	1.128628	1.387686	-17.219700	-29.827900	25.000000
14.008032	2.135448	1.220502	17.841805	1.768245	1.386853	-17.219700	-29.267100	25.000000
14.008032	2.135448	1.220502	8.461678	1.833814	1.194835	-17.219700	-28.169400	25.000000
14.008032	2.135448	1.220502	14.144964	2.336197	1.080839	-17.219700	-27.608600	25.000000
14.008032	2.135448	1.220502	13.800000	2.300524	1.107149	-17.219700	-26.510900	25.000000
14.008032	2.135448	1.220502	14.080128	2.227854	1.155304	-17.219700	-25.950100	25.000000
14.008032	2.135448	1.220502	13.865785	2.194656	1.178739	-17.219700	-24.852400	25.000000
14.008032	2.135448	1.220502	14.045996	2.159542	1.203008	-17.219700	-24.291600	25.000000
14.008032	2.135448	1.220502	13.978197	2.171431	1.188680	-17.219700	-23.193900	25.000000
14.008032	2.135448	1.220502	14.068760	2.149945	1.206062	-17.219700	-22.633200	25.000000
14.007239	2.135484	1.220473	14.117719	2.147679	1.216971	-17.219700	-21.535400	25.000000
14.008032	2.135448	1.220502	13.984634	2.145342	1.214020	-17.219700	-20.974700	25.000000
14.008322	2.135435	1.220423	14.007141	2.127396	1.227772	-16.390500	-53.046700	25.000000
14.008322	2.135435	1.220423	14.087228	2.123862	1.230578	-16.390500	-52.485900	25.000000
14.008322	2.135435	1.220423	14.007141	2.127396	1.227772	-16.390500	-51.388200	25.000000
14.008322	2.135435	1.220423	13.874077	2.116423	1.235713	-16.390500	-50.827400	25.000000
14.008322	2.135435	1.220423	14.064139	2.108238	1.233340	-16.390500	-49.729700	25.000000
14.008322	2.135435	1.220423	13.924439	2.072783	1.254227	-16.390500	-49.168900	25.000000
14.008322	2.135435	1.220423	14.066627	2.099878	1.243837	-16.390500	-48.071200	25.000000
14.007529	2.135471	1.220394	14.478605	2.020973	1.283013	-16.390500	-47.510400	25.000000
14.007529	2.135471	1.220394	13.601838	1.963082	1.296868	-16.390500	-46.412700	25.000000
14.008322	2.135435	1.220423	14.730920	1.902702	1.353685	-16.390500	-45.852000	25.000000
14.008322	2.135435	1.220423	13.223464	1.966739	1.313890	-16.390500	-44.754300	25.000000
14.008322	2.135435	1.220423	16.358484	2.308289	1.181088	-16.390500	-44.193500	25.000000
14.008322	2.135435	1.220423	10.911462	2.707621	0.287281	-16.390500	-43.095800	25.000000
14.008322	2.135435	1.220423	13.773525	2.393946	4.830122	-16.390500	-42.535000	25.000000
14.008322	2.135435	1.220423	14.276554	2.091302	5.092895	-16.390500	-41.437300	25.000000
14.008322	2.135435	1.220423	6.245927	0.867387	0.889498	-16.390500	-40.876500	25.000000
14.008322	2.135435	1.220423	15.770355	1.584113	4.897347	-16.390500	-39.778800	25.000000
14.008322	2.135435	1.220423	12.264583	0.476212	5.611222	-16.390500	-39.218000	25.000000
14.008322	2.135435	1.220423	15.571127	0.786347	5.343187	-16.390500	-38.120300	25.000000
14.008322	2.135435	1.220423	13.936226	0.637375	0.216315	-16.390500	-37.559500	25.000000
14.008322	2.135435	1.220423	13.978913	0.552372	0.192048	-16.390500	-36.461800	25.000000
14.008322	2.135435	1.220423	14.286707	0.805221	0.633793	-16.390500	-35.901000	25.000000
14.008322	2.135435	1.220423	13.765900	0.896008	0.798555	-16.390500	-34.803300	25.000000
14.008322	2.135435	1.220423	14.716997	1.036059	1.138940	-16.390500	-34.242600	25.000000
14.007529	2.135471	1.220394	13.212873	0.994499	1.030377	-16.390500	-33.144800	25.000000
14.008322	2.135435	1.220423	13.328916	1.009036	1.150772	-16.390500	-32.584100	25.000000
14.008322	2.135435	1.220423	14.716997	1.036059	1.138940	-16.390500	-31.486400	25.000000
14.008322	2.135435	1.220423	12.631706	1.057756	1.237552	-16.390500	-30.925600	25.000000
14.008322	2.135435	1.220423	15.181897	1.000220	1.177209	-16.390500	-29.827900	25.000000
14.008322	2.135435	1.220423	16.070224	1.484193	1.343997	-16.390500	-29.267100	25.000000
14.008322	2.135435	1.220423	11.442045	2.074225	1.138389	-16.390500	-28.169400	25.000000
14.008322	2.135435	1.220423	13.875158	2.334892	1.116077	-16.390500	-27.608600	25.000000
14.008322	2.135435	1.220423	14.106027	2.329043	1.115882	-16.390500	-26.510900	25.000000
14.008322	2.135435	1.220423	14.177094	2.213746	1.182107	-16.390500	-25.950100	25.000000
14.008322	2.135435	1.220423	13.792027	2.253379	1.157316	-16.390500	-24.852400	25.000000
14.008322	2.135435	1.220423	13.994999	2.170608	1.207973	-16.390500	-24.291600	25.000000
14.008322	2.135435	1.220423	14.138246	2.180853	1.199905	-16.390500	-23.193900	25.000000
14.008322	2.135435	1.220423	13.984634	2.145342	1.214020	-16.390500	-22.633200	25.000000
14.007529	2.135471	1.220394	13.961017	2.155001	1.211021	-16.390500	-21.535400	25.000000
14.008322	2.135435	1.220423	13.984634	2.145342	1.214020	-16.390500	-20.974700	25.000000
14.008322	2.135435	1.220423	13.984634	2.145342	1.214020	-16.390500	-19.877000	25.000000
14.008032	2.135448	1.220502	14.007141	2.127396	1.227772	-15.561200	-53.046700	25.000000
14.008032	2.135448	1.220502	13.983204	2.111691	1.230578	-15.561200	-50.827400	25.000000
14.008032	2.135448	1.220502	13.954569	2.121311	1.227772	-15.561200	-49.729700	25.000000
14.008032	2.135448	1.220502	14.148498	2.096498	1.246462	-15.561200	-49.168900	25.000000
14.008032	2.135448	1.220502	13.774614	2.095459	1.246393	-15.561200	-48.071200	25.000000
14.007239	2.135484	1.220473	13.888484	1.993702	1.299004	-15.561200	-47.510400	25.000000
14.007239	2.135484	1.220473	14.186261	2.054701	1.271712	-15.561200	-46.412700	25.000000
14.008032	2.135448	1.220502	14.339107	1.926977	1.345671	-15.561200	-45.852000	25.000000
14.008032	2.135448	1.220502	13.644779	1.993704	1.335564	-15.561200	-44.754300	25.000000
14.008032	2.135448	1.220502	11.659331	2.204087	1.212026	-15.561200	-44.193500	25.000000
14.008032	2.135448	1.220502	15.879861	2.847920	0.800782	-15.561200	-43.095800	25.000000
14.008032	2.135448	1.220502	7.723989	2.675477	5.558935	-15.561200	-42.535000	25.000000
14.008032	2.135448	1.220502	17.962461	2.161224	5.693324	-15.561200	-41.437300	25.000000
14.008032	2.135448	1.220502	8.787952	2.613327	5.789244	-15.561200	-40.876500	25.000000
14.008032	2.135448	1.220502	14.848960	0.789182	5.295128	-15.561200	-39.778800	25.000000
14.008032	2.135448	1.220502	17.480606	0.612785	4.816016	-15.561200	-39.218000	25.000000
14.008032	2.135448	1.220502	9.082951	0.516078	5.387130	-15.561200	-38.120300	25.000000
14.008032	2.135448	1.220502	13.910374	0.038623	0.505290	-15.561200	-37.559500	25.000000
14.008032	2.135448	1.220502	14.217939	0.050240	0.924494	-15.561200	-36.461800	25.000000
14.008032	2.135448	1.220502	14.825050	0.457566	1.356930	-15.561200	-35.901000	25.000000
14.008032	2.135448	1.220502	13.047379	0.507960	1.115605	-15.561200	-34.803300	25.000000
14.008032	2.135448	1.220502	15.116216	0.856712	1.213050	-15.561200	-34.242600	25.000000
14.007239	2.135484	1.220473	12.917430	0.789114	1.107149	-15.561200	-33.144800	25.000000
14.008032	2.135448	1.220502	13.800000	1.038810	1.227772	-15.561200	-32.584100	25.000000
14.008032	2.135448	1.220502	14.312233	0.943559	1.199905	-15.561200	-31.486400	25.000000
14.008032	2.135448	1.220502	14.447837	0.853250	1.164698	-15.561200	-30.925600	25.000000
14.008032	2.135448	1.220502	13.597059	1.047073	1.206062	-15.561200	-29.827900	25.000000
14.008032	2.135448	1.220502	10.259147	1.972374	1.145045	-15.561200	-29.267100	25.000000
14.008032	2.135448	1.220502	16.931406	1.514658	1.325818	-15.561200	-28.169400	25.000000
14.008032	2.135448	1.220502	14.148145	2.335981	1.146602	-15.561200	-27.608600	25.000000
14.008032	2.135448	1.220502	13.954569	2.339373	1.160669	-15.561200	-26.510900	25.000000
14.008032	2.135448	1.220502	13.858571	2.268164	1.174557	-15.561200	-25.950100	25.000000
14.008032	2.135448	1.220502	14.133648	2.224936	1.186979	-15.561200	-24.852400	25.000000
14.008032	2.135448	1.220502	14.108862	2.182310	1.207973	-15.561200	-24.291600	25.000000
14.008032	2.135448	1.220502	13.841243	2.178225	1.201727	-15.561200	-23.193900	25.000000
14.008032	2.135448	1.220502	14.039231	2.151321	1.214020	-15.561200	-22.633200	25.000000
14.007239	2.135484	1.220473	13.961017	2.155001	1.211021	-15.561200	-21.535400	25.000000
14.008032	2.135448	1.220502	13.984634	2.145342	1.214020	-15.561200	-20.974700	25.000000
14.008032	2.135448	1.220502	13.984634	2.145342	1.214020	-15.561200	-19.877000	25.000000
14.008322	2.135435	1.220423	14.007141	2.127396	1.227772	-14.732000	-55.802900	25.000000
14.008322	2.135435	1.220423	14.007141	2.127396	1.227772	-14.732000	-54.144400	25.000000
14.008322	2.135435	1.220423	14.007141	2.127396	1.227772	-14.732000	-50.827400	25.000000
14.008322	2.135435	1.220423	14.034956	2.117799	1.230578	-14.732000	-49.729700	25.000000
14.008322	2.135435	1.220423	13.903597	2.106748	1.238464	-14.732000	-49.168900	25.000000
14.008322	2.135435	1.220423	14.148498	2.096498	1.246462	-14.732000	-48.071200	25.000000
14.007529	2.135471	1.220394	14.305593	2.050322	1.291414	-14.732000	-47.510400	25.000000
14.007529	2.135471	1.220394	13.640381	2.067496	1.283333	-14.732000	-46.412700	25.000000
14.008322	2.135435	1.220423	14.071603	1.972360	1.337053	-14.732000	-45.852000	25.000000
14.008322	2.135435	1.220423	13.791664	1.973102	1.356401	-14.732000	-44.754300	25.000000
14.008322	2.135435	1.220423	12.618241	2.916526	0.288055	-14.732000	-44.193500	25.000000
14.008322	2.135435	1.220423	15.068842	2.305352	1.345338	-14.732000	-43.095800	25.000000
14.008322	2.135435	1.220423	11.712455	2.875421	4.368055	-14.732000	-42.535000	25.000000
14.008322	2.135435	1.220423	15.723641	2.134390	4.922326	-14.732000	-41.437300	25.000000
14.008322	2.135435	1.220423	16.109280	1.098405	5.329397	-14.732000	-40.876500	25.000000
14.008322	2.135435	1.220423	7.735141	2.650229	6.118037	-14.732000	-39.778800	25.000000
14.008322	2.135435	1.220423	16.454787	0.992076	5.163050	-14.732000	-39.218000	25.000000
14.008322	2.135435	1.220423	10.496666	0.718764	6.225279	-14.732000	-38.120300	25.000000
14.008322	2.135435	1.220423	12.921749	0.335807	5.933210	-14.732000	-37.559500	25.000000
14.008322	2.135435	1.220423	14.994679	0.161316	5.621414	-14.732000	-36.461800	25.000000
14.008322	2.135435	1.220423	14.822689	0.515011	1.555729	-14.732000	-35.901000	25.000000
14.008322	2.135435	1.220423	13.260124	0.340236	1.464382	-14.732000	-34.803300	25.000000
14.008322	2.135435	1.220423	13.188029	0.909433	1.257250	-14.732000	-34.242600	25.000000
14.007529	2.135471	1.220394	14.766994	0.808299	1.449694	-14.732000	-33.144800	25.000000
14.008322	2.135435	1.220423	13.888484	0.921260	1.314853	-14.732000	-32.584100	25.000000
14.008322	2.135435	1.220423	14.147085	0.995264	1.289024	-14.732000	-31.486400	25.000000
14.008322	2.135435	1.220423	14.643770	1.087883	1.224660	-14.732000	-30.925600	25.000000
14.008322	2.135435	1.220423	13.361512	0.881291	1.255181	-14.732000	-29.827900	25.000000
14.008322	2.135435	1.220423	17.217723	1.745929	1.314373	-14.732000	-29.267100	25.000000
14.008322	2.135435	1.220423	9.758402	1.527743	1.102562	-14.732000	-28.169400	25.000000
14.008322	2.135435	1.220423	13.758270	2.313059	1.186627	-14.732000	-27.608600	25.000000
14.008322	2.135435	1.220423	14.261487	2.318768	1.188514	-14.732000	-26.510900	25.000000
14.008322	2.135435	1.220423	14.235519	2.273484	1.193709	-14.732000	-25.950100	25.000000
14.008322	2.135435	1.220423	13.822807	2.233088	1.185179	-14.732000	-24.852400	25.000000
14.008322	2.135435	1.220423	13.985707	2.197296	1.209960	-14.732000	-24.291600	25.000000
14.008322	2.135435	1.220423	14.022839	2.177908	1.216091	-14.732000	-23.193900	25.000000
14.008322	2.135435	1.220423	13.961017	2.155001	1.211021	-14.732000	-22.633200	25.000000
14.007529	2.135471	1.220394	14.016419	2.160952	1.211021	-14.732000	-21.535400	25.000000
14.008322	2.135435	1.220423	14.010353	2.152674	1.222025	-14.732000	-20.974700	25.000000
14.008322	2.135435	1.220423	13.984634	2.145342	1.214020	-14.732000	-18.218500	25.000000
14.008322	2.135435	1.220423	13.926234	2.122561	1.235713	-13.902800	-50.827400	25.000000
14.008322	2.135435	1.220423	14.007141	2.127396	1.227772	-13.902800	-49.729700	25.000000
14.008322	2.135435	1.220423	14.034956	2.117799	1.230578	-13.902800	-49.168900	25.000000
14.008322	2.135435	1.220423	13.927311	2.114104	1.246393	-13.902800	-48.071200	25.000000
14.007529	2.135471	1.220394	14.210208	2.085875	1.266947	-13.902800	-47.510400	25.000000
14.007529	2.135471	1.220394	13.820637	2.076911	1.285679	-13.902800	-46.412700	25.000000
14.008322	2.135435	1.220423	14.468587	2.013644	1.331383	-13.902800	-45.852000	25.000000
14.008322	2.135435	1.220423	13.543264	1.988985	1.359139	-13.902800	-44.754300	25.000000
14.008322	2.135435	1.220423	9.276853	2.362353	1.004067	-13.902800	-44.193500	25.000000
14.008322	2.135435	1.220423	17.412065	2.440036	1.059376	-13.902800	-43.095800	25.000000
14.008322	2.135435	1.220423	14.854885	2.456177	4.686863	-13.902800	-42.535000	25.000000
14.008322	2.135435	1.220423	13.040567	2.119345	5.186486	-13.902800	-41.437300	25.000000
14.008322	2.135435	1.220423	15.302843	1.905720	4.899607	-13.902800	-40.876500	25.000000
14.008322	2.135435	1.220423	7.512869	0.509131	3.032142	-13.902800	-39.778800	25.000000
14.008322	2.135435	1.220423	16.693535	0.440492	4.894630	-13.902800	-39.218000	25.000000
14.008322	2.135435	1.220423	9.852391	1.376734	4.988984	-13.902800	-38.120300	25.000000
14.008322	2.135435	1.220423	13.088163	0.429393	5.536728	-13.902800	-37.559500	25.000000
14.008322	2.135435	1.220423	14.858668	0.320934	5.695183	-13.902800	-36.461800	25.000000
14.008322	2.135435	1.220423	12.163470	0.529142	1.041550	-13.902800	-35.901000	25.000000
14.008322	2.135435	1.220423	15.696496	0.440214	1.020121	-13.902800	-34.803300	25.000000
14.008322	2.135435	1.220423	12.995769	0.974331	1.249046	-13.902800	-34.242600	25.000000
14.007529	2.135471	1.220394	14.912076	1.020352	1.316276	-13.902800	-33.144800	25.000000
14.008322	2.135435	1.220423	13.961017	0.986592	1.211021	-13.902800	-32.584100	25.000000
14.008322	2.135435	1.220423	13.940230	0.959562	1.240736	-13.902800	-31.486400	25.000000
14.008322	2.135435	1.220423	14.303147	1.380887	1.129438	-13.902800	-30.925600	25.000000
14.008322	2.135435	1.220423	13.729166	1.052621	1.219876	-13.902800	-29.827900	25.000000
14.008322	2.135435	1.220423	16.857343	1.859534	1.243175	-13.902800	-29.267100	25.000000
14.008322	2.135435	1.220423	10.215674	1.807946	0.971621	-13.902800	-28.169400	25.000000
14.008322	2.135435	1.220423	14.007855	2.345644	1.192145	-13.902800	-27.608600	25.000000
14.008322	2.135435	1.220423	13.938077	2.340518	1.192145	-13.902800	-26.510900	25.000000
14.008322	2.135435	1.220423	13.681374	2.250538	1.195526	-13.902800	-25.950100	25.000000
14.008322	2.135435	1.220423	14.295804	2.251777	1.212026	-13.902800	-24.852400	25.000000
14.008322	2.135435	1.220423	13.869391	2.185614	1.209960	-13.902800	-24.291600	25.000000
14.008322	2.135435	1.220423	14.080128	2.183741	1.216091	-13.902800	-23.193900	25.000000
14.008322	2.135435	1.220423	13.931978	2.156379	1.219082	-13.902800	-22.633200	25.000000
14.007529	2.135471	1.220394	14.094325	2.157254	1.214020	-13.902800	-21.535400	25.000000
14.008322	2.135435	1.220423	13.984634	2.145342	1.214020	-13.902800	-20.974700	25.000000
14.008322	2.135435	1.220423	13.984634	2.145342	1.214020	-13.902800	-19.877000	25.000000
14.008322	2.135435	1.220423	14.007141	2.127396	1.227772	-13.073500	-50.827400	25.000000
14.008322	2.135435	1.220423	14.007141	2.127396	1.227772	-13.073500	-49.729700	25.000000
14.008322	2.135435	1.220423	14.059161	2.125095	1.238464	-13.073500	-49.168900	25.000000
14.008322	2.135435	1.220423	13.898561	2.123787	1.243698	-13.073500	-48.071200	25.000000
14.007529	2.135471	1.220394	13.927311	2.114104	1.246393	-13.073500	-47.510400	25.000000
14.007529	2.135471	1.220394	14.068760	2.099789	1.269876	-13.073500	-46.412700	25.000000
14.008322	2.135435	1.220423	13.583814	2.061389	1.317721	-13.073500	-45.852000	25.000000
14.008322	2.135435	1.220423	14.493102	2.043605	1.320179	-13.073500	-44.754300	25.000000
14.008322	2.135435	1.220423	15.008331	2.172869	1.172274	-13.073500	-44.193500	25.000000
14.008322	2.135435	1.220423	12.926330	2.036103	1.361517	-13.073500	-43.095800	25.000000
14.008322	2.135435	1.220423	12.296134	2.279185	5.424268	-13.073500	-42.535000	25.000000
14.008322	2.135435	1.220423	15.212902	2.212020	0.362227	-13.073500	-41.437300	25.000000
14.008322	2.135435	1.220423	10.697925	0.676785	0.000000	-13.073500	-40.876500	25.000000
14.008322	2.135435	1.220423	14.041513	2.028913	5.069301	-13.073500	-39.778800	25.000000
14.008322	2.135435	1.220423	8.390471	0.539207	5.902679	-13.073500	-39.218000	25.000000
14.008322	2.135435	1.220423	17.687284	0.809637	4.964943	-13.073500	-38.120300	25.000000
14.008322	2.135435	1.220423	14.764908	0.363527	5.639684	-13.073500	-37.559500	25.000000
14.008322	2.135435	1.220423	13.271206	0.267275	5.862933	-13.073500	-36.461800	25.000000
14.008322	2.135435	1.220423	12.607934	0.572147	1.015303	-13.073500	-35.901000	25.000000
14.008322	2.135435	1.220423	15.298039	0.430845	0.874054	-13.073500	-34.803300	25.000000
14.008322	2.135435	1.220423	14.485596	0.926549	1.313253	-13.073500	-34.242600	25.000000
14.007529	2.135471	1.220394	13.604837	1.030345	1.401984	-13.073500	-33.144800	25.000000
14.008322	2.135435	1.220423	13.630114	0.943528	1.323620	-13.073500	-32.584100	25.000000
14.008322	2.135435	1.220423	14.406943	0.965300	1.366778	-13.073500	-31.486400	25.000000
14.008322	2.135435	1.220423	15.628820	1.238388	1.345520	-13.073500	-30.925600	25.000000
14.008322	2.135435	1.220423	12.121753	1.642630	1.207185	-13.073500	-29.827900	25.000000
14.008322	2.135435	1.220423	16.635504	2.156798	1.285559	-13.073500	-29.267100	25.000000
14.008322	2.135435	1.220423	10.739646	2.065619	1.050338	-13.073500	-28.169400	25.000000
14.008322	2.135435	1.220423	13.682836	2.348449	1.203622	-13.073500	-27.608600	25.000000
14.008322	2.135435	1.220423	14.291956	2.385733	1.249046	-13.073500	-26.510900	25.000000
14.008322	2.135435	1.220423	13.826786	2.242067	1.202296	-13.073500	-25.950100	25.000000
14.008322	2.135435	1.220423	14.264992	2.235588	1.234962	-13.073500	-24.852400	25.000000
14.008322	2.135435	1.220423	13.869391	2.185614	1.209960	-13.073500	-24.291600	25.000000
14.008322	2.135435	1.220423	14.129048	2.181308	1.227191	-13.073500	-23.193900	25.000000
14.008322	2.135435	1.220423	13.961017	2.155001	1.211021	-13.073500	-22.633200	25.000000
14.007529	2.135471	1.220394	13.987494	2.162337	1.219082	-13.073500	-21.535400	25.000000
14.008322	2.135435	1.220423	13.955644	2.146688	1.222025	-13.073500	-20.974700	25.000000
14.008322	2.135435	1.220423	13.984634	2.145342	1.214020	-13.073500	-19.877000	25.000000
14.008322	2.135435	1.220423	13.984634	2.145342	1.214020	-13.073500	-17.657700	25.000000
14.008322	2.135435	1.220423	14.007141	2.127396	1.227772	-12.244300	-50.827400	25.000000
14.008322	2.135435	1.220423	14.007141	2.127396	1.227772	-12.244300	-49.168900	25.000000
14.008322	2.135435	1.220423	14.059161	2.125095	1.238464	-12.244300	-48.071200	25.000000
14.007529	2.135471	1.220394	14.060228	2.116705	1.249046	-12.244300	-47.510400	25.000000
14.007529	2.135471	1.220394	13.927311	2.114104	1.246393	-12.244300	-46.412700	25.000000
14.008322	2.135435	1.220423	13.827870	2.101597	1.272914	-12.244300	-45.852000	25.000000
14.008322	2.135435	1.220423	14.146024	2.080329	1.300283	-12.244300	-44.754300	25.000000
14.008322	2.135435	1.220423	13.565338	2.037198	1.381494	-12.244300	-44.193500	25.000000
14.008322	2.135435	1.220423	14.478636	2.020972	1.380171	-12.244300	-43.095800	25.000000
14.008322	2.135435	1.220423	10.477595	2.382350	0.785398	-12.244300	-42.535000	25.000000
14.008322	2.135435	1.220423	16.734993	2.076034	0.984688	-12.244300	-41.437300	25.000000
14.008322	2.135435	1.220423	8.661847	2.573217	0.163738	-12.244300	-40.876500	25.000000
14.008322	2.135435	1.220423	17.117795	1.483056	0.078076	-12.244300	-39.778800	25.000000
14.008322	2.135435	1.220423	9.781232	1.416834	6.048244	-12.244300	-39.218000	25.000000
14.008322	2.135435	1.220423	17.102444	0.894843	6.137260	-12.244300	-38.120300	25.000000
14.008322	2.135435	1.220423	13.724682	0.754500	0.146260	-12.244300	-37.559500	25.000000
14.008322	2.135435	1.220423	14.454926	0.673344	0.159313	-12.244300	-36.461800	25.000000
14.008322	2.135435	1.220423	12.872063	0.774564	0.714650	-12.244300	-35.901000	25.000000
14.008322	2.135435	1.220423	15.081777	0.763057	0.710707	-12.244300	-34.803300	25.000000
14.008322	2.135435	1.220423	14.715298	0.946624	1.110894	-12.244300	-34.242600	25.000000
14.007529	2.135471	1.220394	13.215521	0.967312	1.272297	-12.244300	-33.144800	25.000000
14.008322	2.135435	1.220423	13.926593	1.019048	1.323773	-12.244300	-32.584100	25.000000
14.008322	2.135435	1.220423	14.101773	1.139128	1.261391	-12.244300	-31.486400	25.000000
14.008322	2.135435	1.220423	10.393037	1.524114	1.206389	-12.244300	-30.925600	25.000000
14.008322	2.135435	1.220423	16.858663	1.583312	1.337328	-12.244300	-29.827900	25.000000
14.008322	2.135435	1.220423	15.782269	2.307216	1.346562	-12.244300	-29.267100	25.000000
14.008322	2.135435	1.220423	11.926860	2.167305	1.261866	-12.244300	-28.169400	25.000000
14.008322	2.135435	1.220423	14.226735	2.311471	1.261093	-12.244300	-27.608600	25.000000
14.008322	2.135435	1.220423	13.685028	2.369011	1.229181	-12.244300	-26.510900	25.000000
14.008322	2.135435	1.220423	13.981059	2.242436	1.225929	-12.244300	-25.950100	25.000000
14.008322	2.135435	1.220423	14.092196	2.200591	1.221275	-12.244300	-24.852400	25.000000
14.008322	2.135435	1.220423	14.052046	2.185148	1.224257	-12.244300	-24.291600	25.000000
14.008322	2.135435	1.220423	14.043504	2.168248	1.219082	-12.244300	-23.193900	25.000000
14.008322	2.135435	1.220423	14.065561	2.158614	1.222025	-12.244300	-22.633200	25.000000
14.007529	2.135471	1.220394	13.931978	2.156379	1.219082	-12.244300	-21.535400	25.000000
14.008322	2.135435	1.220423	13.984634	2.145342	1.214020	-12.244300	-19.877000	25.000000
14.008032	2.135448	1.220502	14.007141	2.127396	1.227772	-11.415000	-51.388200	25.000000
14.007239	2.135484	1.220473	14.007141	2.127396	1.227772	-11.415000	-47.510400	25.000000
14.007239	2.135484	1.220473	14.006784	2.119025	1.238464	-11.415000	-46.412700	25.000000
14.008032	2.135448	1.220502	14.037450	2.109372	1.267416	-11.415000	-45.852000	25.000000
14.008032	2.135448	1.220502	13.979270	2.120227	1.246393	-11.415000	-44.754300	25.000000
14.008032	2.135448	1.220502	13.944533	2.096693	1.293636	-11.415000	-44.193500	25.000000
14.008032	2.135448	1.220502	14.006427	2.069573	1.349482	-11.415000	-43.095800	25.000000
14.008032	2.135448	1.220502	13.936502	2.072308	1.380623	-11.415000	-42.535000	25.000000
14.008032	2.135448	1.220502	14.059193	2.051419	1.407230	-11.415000	-41.437300	25.000000
14.008032	2.135448	1.220502	11.321661	2.215071	0.801022	-11.415000	-40.876500	25.000000
14.008032	2.135448	1.220502	16.251461	1.982274	0.995828	-11.415000	-39.778800	25.000000
14.008032	2.135448	1.220502	15.197121	1.799810	0.636744	-11.415000	-39.218000	25.000000
14.008032	2.135448	1.220502	12.684088	1.585776	0.304296	-11.415000	-38.120300	25.000000
14.008032	2.135448	1.220502	14.807431	1.394294	0.540420	-11.415000	-37.559500	25.000000
14.008032	2.135448	1.220502	13.141157	1.324813	0.463648	-11.415000	-36.461800	25.000000
14.008032	2.135448	1.220502	13.363383	1.211402	0.574700	-11.415000	-35.901000	25.000000
14.008032	2.135448	1.220502	14.637623	1.140946	0.673567	-11.415000	-34.803300	25.000000
14.008032	2.135448	1.220502	15.202631	1.092298	0.879853	-11.415000	-34.242600	25.000000
14.007239	2.135484	1.220473	12.826535	1.101580	0.934288	-11.415000	-33.144800	25.000000
14.008032	2.135448	1.220502	14.270249	1.500663	1.151145	-11.415000	-32.584100	25.000000
14.008032	2.135448	1.220502	13.854602	1.239994	1.103736	-11.415000	-31.486400	25.000000
14.008032	2.135448	1.220502	11.770302	2.000171	1.157316	-11.415000	-30.925600	25.000000
14.008032	2.135448	1.220502	15.917914	1.728505	1.226917	-11.415000	-29.827900	25.000000
14.008032	2.135448	1.220502	14.259383	2.348005	1.301956	-11.415000	-29.267100	25.000000
14.008032	2.135448	1.220502	13.759360	2.264728	1.302886	-11.415000	-28.169400	25.000000
14.008032	2.135448	1.220502	13.767353	2.312454	1.239700	-11.415000	-27.608600	25.000000
14.008032	2.135448	1.220502	14.322360	2.268360	1.274977	-11.415000	-26.510900	25.000000
14.008032	2.135448	1.220502	13.822807	2.196895	1.215160	-11.415000	-25.950100	25.000000
14.008032	2.135448	1.220502	14.131525	2.216164	1.246245	-11.415000	-24.852400	25.000000
14.008032	2.135448	1.220502	13.994642	2.179309	1.224257	-11.415000	-24.291600	25.000000
14.008032	2.135448	1.220502	14.121261	2.164507	1.222025	-11.415000	-23.193900	25.000000
14.008032	2.135448	1.220502	14.010353	2.152674	1.222025	-11.415000	-22.633200	25.000000
14.007239	2.135484	1.220473	14.094325	2.157254	1.214020	-11.415000	-21.535400	25.000000
14.008032	2.135448	1.220502	13.984634	2.145342	1.214020	-11.415000	-20.974700	25.000000
14.008032	2.135448	1.220502	14.117719	2.147679	1.216971	-11.415000	-19.877000	25.000000
14.008032	2.135448	1.220502	13.955644	2.146688	1.222025	-11.415000	-18.218500	25.000000
14.008322	2.135435	1.220423	14.007141	2.127396	1.227772	-10.585800	-65.753800	25.000000
14.007529	2.135471	1.220394	13.978913	2.128653	1.235713	-10.585800	-47.510400	25.000000
14.008322	2.135435	1.220423	14.059161	2.125095	1.238464	-10.585800	-45.852000	25.000000
14.008322	2.135435	1.220423	13.979270	2.120227	1.246393	-10.585800	-44.754300	25.000000
14.008322	2.135435	1.220423	13.963524	2.112538	1.291349	-10.585800	-44.193500	25.000000
14.008322	2.135435	1.220423	14.114886	2.114354	1.259517	-10.585800	-43.095800	25.000000
14.008322	2.135435	1.220423	13.606984	2.102604	1.373401	-10.585800	-42.535000	25.000000
14.008322	2.135435	1.220423	14.410413	2.085985	1.337423	-10.585800	-41.437300	25.000000
14.008322	2.135435	1.220423	13.381812	2.156744	1.319727	-10.585800	-40.876500	25.000000
14.008322	2.135435	1.220423	14.669001	2.083840	1.402560	-10.585800	-39.778800	25.000000
14.008322	2.135435	1.220423	14.974645	1.983052	0.640586	-10.585800	-39.218000	25.000000
14.008322	2.135435	1.220423	13.042239	2.221472	1.012197	-10.585800	-38.120300	25.000000
14.008322	2.135435	1.220423	15.254262	1.574074	0.440192	-10.585800	-37.559500	25.000000
14.008322	2.135435	1.220423	12.672032	1.890281	0.474800	-10.585800	-36.461800	25.000000
14.008322	2.135435	1.220423	15.052242	1.342950	0.536911	-10.585800	-35.901000	25.000000
14.008322	2.135435	1.220423	12.919365	1.407525	0.446106	-10.585800	-34.803300	25.000000
14.008322	2.135435	1.220423	12.542727	1.378263	0.750929	-10.585800	-34.242600	25.000000
14.007529	2.135471	1.220394	15.417847	1.368351	0.907430	-10.585800	-33.144800	25.000000
14.008322	2.135435	1.220423	15.016657	1.637438	1.122073	-10.585800	-32.584100	25.000000
14.008322	2.135435	1.220423	12.870509	1.969783	1.144867	-10.585800	-31.486400	25.000000
14.008322	2.135435	1.220423	15.336558	2.150422	1.310696	-10.585800	-30.925600	25.000000
14.008322	2.135435	1.220423	12.505199	2.275398	1.205883	-10.585800	-29.827900	25.000000
14.008322	2.135435	1.220423	14.023908	2.315039	1.285839	-10.585800	-29.267100	25.000000
14.008322	2.135435	1.220423	14.033531	2.353859	1.347765	-10.585800	-28.169400	25.000000
14.008322	2.135435	1.220423	14.203521	2.230046	1.263129	-10.585800	-27.608600	25.000000
14.008322	2.135435	1.220423	13.820637	2.261045	1.246078	-10.585800	-26.510900	25.000000
14.008322	2.135435	1.220423	13.898921	2.192941	1.218243	-10.585800	-25.950100	25.000000
14.008322	2.135435	1.220423	14.114532	2.199438	1.240736	-10.585800	-24.852400	25.000000
14.008322	2.135435	1.220423	13.987494	2.162337	1.219082	-10.585800	-24.291600	25.000000
14.008322	2.135435	1.220423	14.093261	2.165848	1.230078	-10.585800	-23.193900	25.000000
14.008322	2.135435	1.220423	13.955644	2.146688	1.222025	-10.585800	-22.633200	25.000000
14.007529	2.135471	1.220394	14.010353	2.152674	1.222025	-10.585800	-21.535400	25.000000
14.008264	2.135437	1.220438	14.140014	2.129880	1.230578	-9.756550	-45.852000	25.000000
14.008264	2.135437	1.220438	14.032106	2.134699	1.235713	-9.756550	-44.754300	25.000000
14.008264	2.135437	1.220438	14.085808	2.123924	1.256961	-9.756550	-44.193500	25.000000
14.008264	2.135437	1.220438	13.951344	2.129886	1.243698	-9.756550	-43.095800	25.000000
14.008264	2.135437	1.220438	14.121261	2.114082	1.285679	-9.756550	-42.535000	25.000000
14.008264	2.135437	1.220438	13.828232	2.126929	1.294836	-9.756550	-41.437300	25.000000
14.008264	2.135437	1.220438	13.663239	2.125818	1.379312	-9.756550	-40.876500	25.000000
14.008264	2.135437	1.220438	14.376008	2.103414	1.355981	-9.756550	-39.778800	25.000000
14.008264	2.135437	1.220438	13.620297	2.145167	1.417150	-9.756550	-39.218000	25.000000
14.008264	2.135437	1.220438	14.465853	2.140284	1.319447	-9.756550	-38.120300	25.000000
14.008264	2.135437	1.220438	13.034186	2.031952	0.755104	-9.756550	-37.559500	25.000000
14.008264	2.135437	1.220438	14.961618	2.080496	1.093451	-9.756550	-36.461800	25.000000
14.008264	2.135437	1.220438	13.509256	1.749400	0.796036	-9.756550	-35.901000	25.000000
14.008264	2.135437	1.220438	14.493102	1.850419	0.780322	-9.756550	-34.803300	25.000000
14.008264	2.135437	1.220438	15.567595	1.824014	1.110116	-9.756550	-34.242600	25.000000
14.007471	2.135473	1.220409	12.153600	1.897468	0.970746	-9.756550	-33.144800	25.000000
14.008264	2.135437	1.220438	14.159449	2.087906	1.282452	-9.756550	-32.584100	25.000000
14.008264	2.135437	1.220438	13.940588	2.291540	1.388381	-9.756550	-31.486400	25.000000
14.008264	2.135437	1.220438	13.788822	2.330855	1.373401	-9.756550	-30.925600	25.000000
14.008264	2.135437	1.220438	14.220060	2.311900	1.379944	-9.756550	-29.827900	25.000000
14.008264	2.135437	1.220438	13.857128	2.249566	1.269571	-9.756550	-29.267100	25.000000
14.008264	2.135437	1.220438	14.118782	2.289882	1.323535	-9.756550	-28.169400	25.000000
14.008264	2.135437	1.220438	14.199296	2.203812	1.260095	-9.756550	-27.608600	25.000000
14.008264	2.135437	1.220438	13.894603	2.219999	1.249046	-9.756550	-26.510900	25.000000
14.008264	2.135437	1.220438	14.015349	2.169616	1.227191	-9.756550	-25.950100	25.000000
14.008264	2.135437	1.220438	14.024621	2.186528	1.232473	-9.756550	-24.852400	25.000000
14.008264	2.135437	1.220438	13.931978	2.156379	1.219082	-9.756550	-24.291600	25.000000
14.008264	2.135437	1.220438	14.037450	2.159949	1.230078	-9.756550	-23.193900	25.000000
14.008264	2.135437	1.220438	13.955644	2.146688	1.222025	-9.756550	-22.633200	25.000000
14.007471	2.135473	1.220409	13.955644	2.146688	1.222025	-9.756550	-21.535400	25.000000
14.008264	2.135437	1.220438	13.984634	2.145342	1.214020	-9.756550	-19.877000	25.000000
14.008264	2.135437	1.220438	14.007141	2.127396	1.227772	-8.927310	-48.071200	25.000000
14.007471	2.135473	1.220409	14.007141	2.127396	1.227772	-8.927310	-47.510400	25.000000
14.008264	2.135437	1.220438	14.032106	2.134699	1.235713	-8.927310	-45.852000	25.000000
14.008264	2.135437	1.220438	14.032106	2.134699	1.235713	-8.927310	-44.754300	25.000000
14.008264	2.135437	1.220438	14.004642	2.135939	1.243698	-8.927310	-44.193500	25.000000
14.008264	2.135437	1.220438	14.032106	2.134699	1.235713	-8.927310	-43.095800	25.000000
14.008264	2.135437	1.220438	14.059872	2.125064	1.264917	-8.927310	-42.535000	25.000000
14.008264	2.135437	1.220438	13.924439	2.131096	1.251727	-8.927310	-41.437300	25.000000
14.008264	2.135437	1.220438	13.877320	2.141768	1.284262	-8.927310	-40.876500	25.000000
14.008264	2.135437	1.220438	14.067693	2.124720	1.291349	-8.927310	-39.778800	25.000000
14.008264	2.135437	1.220438	13.869030	2.142152	1.319581	-8.927310	-39.218000	25.000000
14.008264	2.135437	1.220438	14.221463	2.126301	1.353923	-8.927310	-38.120300	25.000000
14.008264	2.135437	1.220438	13.916612	2.174465	1.405074	-8.927310	-37.559500	25.000000
14.008264	2.135437	1.220438	14.080483	2.149401	1.391702	-8.927310	-36.461800	25.000000
14.008264	2.135437	1.220438	14.039320	2.185787	1.399913	-8.927310	-35.901000	25.000000
14.008264	2.135437	1.220438	13.887408	2.193535	1.391656	-8.927310	-34.803300	25.000000
14.008264	2.135437	1.220438	13.821780	2.224004	1.391269	-8.927310	-34.242600	25.000000
14.007471	2.135473	1.220409	14.213828	2.229485	1.412668	-8.927310	-33.144800	25.000000
14.008264	2.135437	1.220438	13.888214	2.266377	1.396396	-8.927310	-32.584100	25.000000
14.008264	2.135437	1.220438	14.141107	2.251540	1.385001	-8.927310	-31.486400	25.000000
14.008264	2.135437	1.220438	14.286007	2.234435	1.319352	-8.927310	-30.925600	25.000000
14.008264	2.135437	1.220438	13.840159	2.269279	1.332683	-8.927310	-29.827900	25.000000
14.008264	2.135437	1.220438	13.958868	2.225510	1.277609	-8.927310	-29.267100	25.000000
14.008264	2.135437	1.220438	14.063428	2.202082	1.257402	-8.927310	-28.169400	25.000000
14.008264	2.135437	1.220438	13.961017	2.172274	1.243551	-8.927310	-27.608600	25.000000
14.008264	2.135437	1.220438	14.049199	2.185291	1.251801	-8.927310	-26.510900	25.000000
14.008264	2.135437	1.220438	14.065916	2.167165	1.238177	-8.927310	-25.950100	25.000000
14.008264	2.135437	1.220438	13.987852	2.170958	1.235348	-8.927310	-24.852400	25.000000
14.008264	2.135437	1.220438	13.982131	2.154002	1.230078	-8.927310	-24.291600	25.000000
14.008264	2.135437	1.220438	14.060939	2.150309	1.232918	-8.927310	-23.193900	25.000000
14.007471	2.135473	1.220409	14.089003	2.149006	1.224922	-8.927310	-21.535400	25.000000
14.008264	2.135437	1.220438	13.955644	2.146688	1.222025	-8.927310	-19.877000	25.000000
14.008264	2.135437	1.220438	13.955644	2.146688	1.222025	-8.927310	-18.218500	25.000000
14.008264	2.135437	1.220438	14.007141	2.127396	1.227772	-8.098070	-48.071200	25.000000
14.007471	2.135473	1.220409	14.007141	2.127396	1.227772	-8.098070	-46.412700	25.000000
14.008264	2.135437	1.220438	14.032106	2.134699	1.235713	-8.098070	-44.193500	25.000000
14.008264	2.135437	1.220438	14.032106	2.134699	1.235713	-8.098070	-43.095800	25.000000
14.008264	2.135437	1.220438	14.004642	2.135939	1.243698	-8.098070	-42.535000	25.000000
14.008264	2.135437	1.220438	13.952419	2.138315	1.232918	-8.098070	-41.437300	25.000000
14.008264	2.135437	1.220438	13.924439	2.131096	1.251727	-8.098070	-40.876500	25.000000
14.008264	2.135437	1.220438	14.004642	2.135939	1.243698	-8.098070	-39.778800	25.000000
14.008264	2.135437	1.220438	14.112760	2.131089	1.264917	-8.098070	-39.218000	25.000000
14.008264	2.135437	1.220438	13.901439	2.140654	1.276066	-8.098070	-38.120300	25.000000
14.008264	2.135437	1.220438	13.860375	2.159809	1.298456	-8.098070	-37.559500	25.000000
14.008264	2.135437	1.220438	14.101773	2.148415	1.305287	-8.098070	-36.461800	25.000000
14.008264	2.135437	1.220438	14.149558	2.163157	1.329950	-8.098070	-35.901000	25.000000
14.008264	2.135437	1.220438	13.908990	2.174843	1.323699	-8.098070	-34.803300	25.000000
14.008264	2.135437	1.220438	13.866867	2.185743	1.330100	-8.098070	-34.242600	25.000000
14.007471	2.135473	1.220409	14.062006	2.193375	1.332187	-8.098070	-33.144800	25.000000
14.008264	2.135437	1.220438	13.966030	2.198316	1.302217	-8.098070	-32.584100	25.000000
14.008264	2.135437	1.220438	14.023195	2.195363	1.313025	-8.098070	-31.486400	25.000000
14.008264	2.135437	1.220438	13.932695	2.200053	1.282741	-8.098070	-30.925600	25.000000
14.008264	2.135437	1.220438	14.053469	2.185076	1.279340	-8.098070	-29.827900	25.000000
14.008264	2.135437	1.220438	13.934848	2.173563	1.251801	-8.098070	-29.267100	25.000000
14.008264	2.135437	1.220438	13.966388	2.180719	1.260095	-8.098070	-28.169400	25.000000
14.008264	2.135437	1.220438	14.062006	2.158782	1.249046	-8.098070	-27.608600	25.000000
14.008264	2.135437	1.220438	13.987852	2.170958	1.235348	-8.098070	-26.510900	25.000000
14.008264	2.135437	1.220438	14.037450	2.159949	1.230078	-8.098070	-25.950100	25.000000
14.008264	2.135437	1.220438	13.931619	2.165034	1.235348	-8.098070	-24.852400	25.000000
14.008264	2.135437	1.220438	14.010353	2.152674	1.222025	-8.098070	-24.291600	25.000000
14.008264	2.135437	1.220438	13.927311	2.148009	1.230078	-8.098070	-23.193900	25.000000
14.008264	2.135437	1.220438	13.952419	2.138315	1.232918	-7.268820	-41.437300	25.000000
14.008264	2.135437	1.220438	14.004642	2.135939	1.243698	-7.268820	-40.876500	25.000000
14.008264	2.135437	1.220438	14.032106	2.134699	1.235713	-7.268820	-39.778800	25.000000
14.008264	2.135437	1.220438	14.004642	2.135939	1.243698	-7.268820	-39.218000	25.000000
14.008264	2.135437	1.220438	14.058449	2.141947	1.243698	-7.268820	-38.120300	25.000000
14.008264	2.135437	1.220438	14.058094	2.133530	1.254365	-7.268820	-37.559500	25.000000
14.008264	2.135437	1.220438	14.005713	2.144368	1.259798	-7.268820	-36.461800	25.000000
14.008264	2.135437	1.220438	13.900360	2.149272	1.265349	-7.268820	-35.901000	25.000000
14.008264	2.135437	1.220438	14.034956	2.151521	1.267911	-7.268820	-34.803300	25.000000
14.008264	2.135437	1.220438	14.010710	2.161225	1.265349	-7.268820	-34.242600	25.000000
14.007471	2.135473	1.220409	14.010353	2.152674	1.276066	-7.268820	-33.144800	25.000000
14.008264	2.135437	1.220438	14.066627	2.167130	1.265349	-7.268820	-32.584100	25.000000
14.008264	2.135437	1.220438	14.066627	2.167130	1.265349	-7.268820	-31.486400	25.000000
14.008264	2.135437	1.220438	13.957077	2.163802	1.254510	-7.268820	-30.925600	25.000000
14.008264	2.135437	1.220438	13.957077	2.163802	1.254510	-7.268820	-29.827900	25.000000
14.008264	2.135437	1.220438	14.088648	2.157522	1.240960	-7.268820	-29.267100	25.000000
14.008264	2.135437	1.220438	13.983204	2.162544	1.246321	-7.268820	-28.169400	25.000000
14.008264	2.135437	1.220438	13.982131	2.154002	1.230078	-7.268820	-27.608600	25.000000
14.008264	2.135437	1.220438	13.954569	2.155306	1.238177	-7.268820	-26.510900	25.000000
14.008264	2.135437	1.220438	14.089003	2.149006	1.224922	-7.268820	-25.950100	25.000000
14.008264	2.135437	1.220438	13.955644	2.146688	1.222025	-7.268820	-24.852400	25.000000
14.008264	2.135437	1.220438	13.927311	2.148009	1.230078	-7.268820	-24.291600	25.000000
14.008264	2.135437	1.220438	13.927311	2.148009	1.230078	-7.268820	-23.193900	25.000000
14.008264	2.135437	1.220438	13.952419	2.138315	1.232918	-6.439580	-40.876500	25.000000
14.008264	2.135437	1.220438	14.032106	2.134699	1.235713	-6.439580	-39.218000	25.000000
14.008264	2.135437	1.220438	14.032106	2.134699	1.235713	-6.439580	-38.120300	25.000000
14.008264	2.135437	1.220438	13.924798	2.139580	1.240960	-6.439580	-37.559500	25.000000
14.008264	2.135437	1.220438	14.032106	2.134699	1.235713	-6.439580	-36.461800	25.000000
14.008264	2.135437	1.220438	14.058449	2.141947	1.243698	-6.439580	-35.901000	25.000000
14.008264	2.135437	1.220438	14.004642	2.135939	1.243698	-6.439580	-34.803300	25.000000
14.008264	2.135437	1.220438	13.952061	2.146854	1.249046	-6.439580	-34.242600	25.000000
14.007471	2.135473	1.220409	14.058449	2.141947	1.243698	-6.439580	-33.144800	25.000000
14.008264	2.135437	1.220438	14.006784	2.152842	1.249046	-6.439580	-32.584100	25.000000
14.008264	2.135437	1.220438	13.978913	2.145607	1.240960	-6.439580	-31.486400	25.000000
14.008264	2.135437	1.220438	13.952061	2.146854	1.249046	-6.439580	-30.925600	25.000000
14.008264	2.135437	1.220438	14.033531	2.151588	1.240960	-6.439580	-29.827900	25.000000
14.008264	2.135437	1.220438	14.033531	2.151588	1.240960	-6.439580	-29.267100	25.000000
14.008264	2.135437	1.220438	14.033531	2.151588	1.240960	-6.439580	-28.169400	25.000000
14.008264	2.135437	1.220438	14.060939	2.150309	1.232918	-6.439580	-27.608600	25.000000
14.008264	2.135437	1.220438	14.006427	2.144335	1.232918	-6.439580	-26.510900	25.000000
14.008264	2.135437	1.220438	14.089003	2.149006	1.224922	-6.439580	-25.950100	25.000000
14.008264	2.135437	1.220438	13.952419	2.138315	1.232918	-5.610340	-39.218000	25.000000
14.008264	2.135437	1.220438	13.952419	2.138315	1.232918	-5.610340	-37.559500	25.000000
14.008264	2.135437	1.220438	14.006427	2.144335	1.232918	-5.610340	-34.803300	25.000000
14.008264	2.135437	1.220438	14.032106	2.134699	1.235713	-5.610340	-34.242600	25.000000
14.007471	2.135473	1.220409	14.085808	2.140699	1.235713	-5.610340	-33.144800	25.000000
14.008264	2.135437	1.220438	14.006427	2.144335	1.232918	-5.610340	-32.584100	25.000000
14.008264	2.135437	1.220438	14.006427	2.144335	1.232918	-5.610340	-31.486400	25.000000
14.008264	2.135437	1.220438	14.006427	2.144335	1.232918	-5.610340	-30.925600	25.000000
14.008264	2.135437	1.220438	14.006427	2.144335	1.232918	-5.610340	-29.827900	25.000000
14.008264	2.135437	1.220438	13.872995	2.141969	1.230078	-5.610340	-28.169400	25.000000
14.008264	2.135437	1.220438	14.006427	2.144335	1.232918	-5.610340	-27.608600	25.000000
14.008264	2.135437	1.220438	14.006427	2.144335	1.232918	-5.610340	-26.510900	25.000000
14.008264	2.135437	1.220438	13.952419	2.138315	1.232918	-4.781090	-34.803300	25.000000
14.008264	2.135437	1.220438	14.006427	2.144335	1.232918	-4.781090	-30.925600	25.000000
14.008264	2.135437	1.220438	13.952419	2.138315	1.232918	-4.781090	-29.827900	25.000000
14.008264	2.135437	1.220438	14.007141	2.127396	1.227772	3.511340	-37.559500	25.000000
