14.008046	2.278171	2.596334	13.996071	2.288063	2.593043	3.083130	-6.265700	25.000000
14.008150	2.278165	2.596331	13.996071	2.288063	2.593043	4.741620	-4.607220	25.000000
14.008150	2.278165	2.596331	13.996071	2.288063	2.593043	4.741620	-1.290250	25.000000
14.008046	2.278171	2.596334	13.996071	2.288063	2.593043	6.400100	-15.655800	25.000000
14.008046	2.278171	2.596334	13.996071	2.288063	2.593043	6.400100	-11.241200	25.000000
14.008046	2.278171	2.596334	14.035669	2.285605	2.584993	6.400100	-10.680400	25.000000
14.008085	2.278169	2.596326	13.996071	2.288063	2.593043	6.400100	-9.582680	25.000000
14.008046	2.278171	2.596334	13.996071	2.288063	2.593043	6.400100	-9.021890	25.000000
14.008085	2.278169	2.596326	13.996071	2.288063	2.593043	6.400100	-7.363410	25.000000
14.008111	2.278167	2.596339	13.996071	2.288063	2.593043	7.229350	-15.655800	25.000000
14.008505	2.278143	2.596259	14.035669	2.285605	2.584993	7.229350	-13.997400	25.000000
14.008111	2.278167	2.596339	13.996071	2.288063	2.593043	7.229350	-12.899600	25.000000
14.008111	2.278167	2.596339	13.996071	2.288063	2.593043	7.229350	-12.338900	25.000000
14.008111	2.278167	2.596339	13.996071	2.288063	2.593043	7.229350	-11.241200	25.000000
14.008111	2.278167	2.596339	13.996071	2.288063	2.593043	7.229350	-10.680400	25.000000
14.008150	2.278165	2.596331	13.996071	2.288063	2.593043	7.229350	-9.582680	25.000000
14.008111	2.278167	2.596339	13.996071	2.288063	2.593043	7.229350	-7.924190	25.000000
14.008046	2.278171	2.596334	14.035669	2.285605	2.584993	8.058590	-16.216600	25.000000
14.008046	2.278171	2.596334	14.035669	2.285605	2.584993	8.058590	-15.655800	25.000000
14.008046	2.278171	2.596334	14.035669	2.285605	2.584993	8.058590	-14.558100	25.000000
14.008440	2.278147	2.596254	14.101418	2.290961	2.584993	8.058590	-13.997400	25.000000
14.008046	2.278171	2.596334	13.996071	2.288063	2.593043	8.058590	-12.899600	25.000000
14.008046	2.278171	2.596334	14.037806	2.294943	2.579969	8.058590	-12.338900	25.000000
14.008046	2.278171	2.596334	14.062006	2.293422	2.593043	8.058590	-11.241200	25.000000
14.008046	2.278171	2.596334	13.996071	2.288063	2.593043	8.058590	-10.680400	25.000000
14.008085	2.278169	2.596326	13.998214	2.297448	2.588059	8.058590	-9.582680	25.000000
14.008046	2.278171	2.596334	14.062006	2.293422	2.593043	8.058590	-9.021890	25.000000
14.008046	2.278171	2.596334	13.957077	2.290503	2.601173	8.058590	-7.924190	25.000000
14.008085	2.278169	2.596326	13.996071	2.288063	2.593043	8.058590	-7.363410	25.000000
14.008046	2.278171	2.596334	13.996071	2.288063	2.593043	8.058590	-6.265700	25.000000
14.008111	2.278167	2.596339	14.035669	2.285605	2.584993	8.887840	-18.972800	25.000000
14.008111	2.278167	2.596339	14.035669	2.285605	2.584993	8.887840	-17.314300	25.000000
14.008111	2.278167	2.596339	14.035669	2.285605	2.584993	8.887840	-16.216600	25.000000
14.008111	2.278167	2.596339	13.971757	2.289582	2.579969	8.887840	-15.655800	25.000000
14.008111	2.278167	2.596339	14.037806	2.294943	2.579969	8.887840	-14.558100	25.000000
14.008505	2.278143	2.596259	14.001786	2.306816	2.582993	8.887840	-13.997400	25.000000
14.008111	2.278167	2.596339	13.998214	2.297448	2.588059	8.887840	-12.899600	25.000000
14.008111	2.278167	2.596339	14.001786	2.306816	2.582993	8.887840	-12.338900	25.000000
14.008111	2.278167	2.596339	13.934848	2.301497	2.582993	8.887840	-11.241200	25.000000
14.008111	2.278167	2.596339	14.026047	2.305250	2.596231	8.887840	-10.680400	25.000000
14.008150	2.278165	2.596331	14.026047	2.305250	2.596231	8.887840	-9.582680	25.000000
14.008111	2.278167	2.596339	13.957077	2.290503	2.601173	8.887840	-9.021890	25.000000
14.008111	2.278167	2.596339	13.998214	2.297448	2.588059	8.887840	-7.924190	25.000000
14.008150	2.278165	2.596331	14.021769	2.286466	2.606035	8.887840	-7.363410	25.000000
14.008111	2.278167	2.596339	14.062006	2.293422	2.593043	8.887840	-6.265700	25.000000
14.008111	2.278167	2.596339	14.035669	2.285605	2.584993	9.717080	-18.972800	25.000000
14.008111	2.278167	2.596339	14.012138	2.287063	2.571961	9.717080	-17.314300	25.000000
14.008111	2.278167	2.596339	13.971757	2.289582	2.579969	9.717080	-16.216600	25.000000
14.008111	2.278167	2.596339	14.041367	2.304265	2.574863	9.717080	-15.655800	25.000000
14.008111	2.278167	2.596339	13.952419	2.300369	2.561590	9.717080	-14.558100	25.000000
14.008505	2.278143	2.596259	13.978913	2.308299	2.569674	9.717080	-13.997400	25.000000
14.008111	2.278167	2.596339	13.984634	2.317628	2.564400	9.717080	-12.899600	25.000000
14.008111	2.278167	2.596339	14.036025	2.323966	2.586099	9.717080	-12.338900	25.000000
14.008111	2.278167	2.596339	14.046352	2.313568	2.569674	9.717080	-11.241200	25.000000
14.008111	2.278167	2.596339	13.962808	2.309347	2.591207	9.717080	-10.680400	25.000000
14.008150	2.278165	2.596331	14.069115	2.312084	2.582993	9.717080	-9.582680	25.000000
14.008111	2.278167	2.596339	13.959226	2.299933	2.596231	9.717080	-9.021890	25.000000
14.008111	2.278167	2.596339	14.062006	2.293422	2.593043	9.717080	-7.924190	25.000000
14.008150	2.278165	2.596331	13.957077	2.290503	2.601173	9.717080	-7.363410	25.000000
14.008150	2.278165	2.596331	13.996071	2.288063	2.593043	9.717080	-5.704920	25.000000
14.007981	2.278175	2.596330	14.010710	2.277727	2.577023	10.546300	-18.972800	25.000000
14.007981	2.278175	2.596330	14.012138	2.287063	2.571961	10.546300	-17.875100	25.000000
14.007981	2.278175	2.596330	13.974620	2.298949	2.574863	10.546300	-17.314300	25.000000
14.007981	2.278175	2.596330	14.060228	2.303057	2.553590	10.546300	-16.216600	25.000000
14.007981	2.278175	2.596330	14.073024	2.321504	2.542809	10.546300	-15.655800	25.000000
14.007981	2.278175	2.596330	13.991783	2.326934	2.559040	10.546300	-14.558100	25.000000
14.008375	2.278151	2.596249	14.010353	2.345470	2.548050	10.546300	-13.997400	25.000000
14.007981	2.278175	2.596330	14.010353	2.345470	2.548050	10.546300	-12.899600	25.000000
14.007981	2.278175	2.596330	13.953136	2.349491	2.578724	10.546300	-12.338900	25.000000
14.007981	2.278175	2.596330	14.160155	2.344997	2.567288	10.546300	-11.241200	25.000000
14.007981	2.278175	2.596330	13.967462	2.338481	2.597760	10.546300	-10.680400	25.000000
14.008020	2.278173	2.596322	14.036025	2.323966	2.586099	10.546300	-9.582680	25.000000
14.007981	2.278175	2.596330	13.987852	2.307718	2.604484	10.546300	-9.021890	25.000000
14.007981	2.278175	2.596330	13.992141	2.317131	2.599504	10.546300	-7.924190	25.000000
14.008020	2.278173	2.596322	13.957077	2.290503	2.601173	10.546300	-7.363410	25.000000
14.007981	2.278175	2.596330	14.023195	2.295865	2.601173	10.546300	-6.265700	25.000000
14.008020	2.278173	2.596322	13.957077	2.290503	2.601173	10.546300	-5.704920	25.000000
14.008566	2.278140	2.596373	14.075866	2.283129	2.577023	11.375600	-20.631300	25.000000
14.008566	2.278140	2.596373	14.053114	2.284528	2.564034	11.375600	-18.972800	25.000000
14.008566	2.278140	2.596373	13.952419	2.300369	2.561590	11.375600	-17.875100	25.000000
14.008566	2.278140	2.596373	14.106027	2.329043	2.515668	11.375600	-17.314300	25.000000
14.008566	2.278140	2.596373	13.957435	2.309698	2.556278	11.375600	-16.216600	25.000000
14.008566	2.278140	2.596373	14.046352	2.373228	2.479651	11.375600	-15.655800	25.000000
14.008566	2.278140	2.596373	13.875518	2.355026	2.522527	11.375600	-14.558100	25.000000
14.008960	2.278116	2.596293	14.085808	2.401390	2.498092	11.375600	-13.997400	25.000000
14.008566	2.278140	2.596373	14.006070	2.407644	2.515147	11.375600	-12.899600	25.000000
14.008566	2.278140	2.596373	13.984634	2.409345	2.577324	11.375600	-12.338900	25.000000
14.008566	2.278140	2.596373	14.132586	2.397773	2.541996	11.375600	-11.241200	25.000000
14.008566	2.278140	2.596373	13.996428	2.376925	2.599403	11.375600	-10.680400	25.000000
14.008605	2.278137	2.596365	14.144257	2.346097	2.589289	11.375600	-9.582680	25.000000
14.008566	2.278140	2.596373	14.030324	2.314618	2.591207	11.375600	-9.021890	25.000000
14.008566	2.278140	2.596373	13.960301	2.329063	2.602865	11.375600	-7.924190	25.000000
14.008605	2.278137	2.596365	13.950269	2.310166	2.612820	11.375600	-7.363410	25.000000
14.008566	2.278140	2.596373	14.023195	2.295865	2.601173	11.375600	-6.265700	25.000000
14.008605	2.278137	2.596365	14.021769	2.286466	2.606035	11.375600	-5.704920	25.000000
14.008605	2.278137	2.596365	13.957077	2.290503	2.601173	11.375600	-4.607220	25.000000
14.007916	2.278179	2.596325	14.012138	2.287063	2.571961	12.204800	-20.631300	25.000000
14.007916	2.278179	2.596325	14.012138	2.287063	2.571961	12.204800	-19.533600	25.000000
14.007916	2.278179	2.596325	13.998571	2.307024	2.548243	12.204800	-18.972800	25.000000
14.007916	2.278179	2.596325	14.120552	2.289772	2.530096	12.204800	-17.875100	25.000000
14.007916	2.278179	2.596325	14.204577	2.332173	2.431912	12.204800	-17.314300	25.000000
14.007916	2.278179	2.596325	13.802898	2.360289	2.502207	12.204800	-16.216600	25.000000
14.007916	2.278179	2.596325	14.043148	2.404722	2.438713	12.204800	-15.655800	25.000000
14.007916	2.278179	2.596325	13.883083	2.406711	2.455107	12.204800	-14.558100	25.000000
14.008310	2.278155	2.596244	14.117011	2.420170	2.470202	12.204800	-13.997400	25.000000
14.007916	2.278179	2.596325	13.931619	2.457852	2.509455	12.204800	-12.899600	25.000000
14.007916	2.278179	2.596325	13.889204	2.496729	2.543624	12.204800	-12.338900	25.000000
14.007916	2.278179	2.596325	14.117011	2.464188	2.541052	12.204800	-11.241200	25.000000
14.007916	2.278179	2.596325	13.881282	2.406855	2.649107	12.204800	-10.680400	25.000000
14.007955	2.278177	2.596317	14.150618	2.417474	2.553590	12.204800	-9.582680	25.000000
14.007916	2.278179	2.596325	13.983562	2.337370	2.633530	12.204800	-9.021890	25.000000
14.007916	2.278179	2.596325	14.080483	2.360583	2.601173	12.204800	-7.924190	25.000000
14.007955	2.278177	2.596317	14.017846	2.315437	2.612820	12.204800	-7.363410	25.000000
14.007916	2.278179	2.596325	13.984992	2.298288	2.609383	12.204800	-6.265700	25.000000
14.007955	2.278177	2.596317	14.023195	2.295865	2.601173	12.204800	-5.704920	25.000000
14.007955	2.278177	2.596317	14.126217	2.289421	2.597947	12.204800	-4.607220	25.000000
14.007916	2.278179	2.596325	13.996071	2.288063	2.593043	12.204800	-4.046430	25.000000
14.008566	2.278140	2.596373	14.035669	2.285605	2.584993	13.034100	-22.289800	25.000000
14.008566	2.278140	2.596373	14.010710	2.277727	2.577023	13.034100	-21.192100	25.000000
14.008566	2.278140	2.596373	13.952419	2.300369	2.561590	13.034100	-20.631300	25.000000
14.008566	2.278140	2.596373	14.051690	2.275239	2.569133	13.034100	-19.533600	25.000000
14.008566	2.278140	2.596373	14.111697	2.309325	2.444400	13.034100	-18.972800	25.000000
14.008566	2.278140	2.596373	13.798913	2.320215	2.517891	13.034100	-17.875100	25.000000
14.008566	2.278140	2.596373	14.167922	2.364390	2.441700	13.034100	-17.314300	25.000000
14.008566	2.278140	2.596373	13.885244	2.374871	2.414950	13.034100	-16.216600	25.000000
14.008566	2.278140	2.596373	13.336416	2.223529	2.834766	13.034100	-15.655800	25.000000
14.008566	2.278140	2.596373	14.670378	1.962455	2.641657	13.034100	-14.558100	25.000000
14.008960	2.278116	2.596293	13.933054	1.907259	2.701750	13.034100	-13.997400	25.000000
14.008566	2.278140	2.596373	14.103546	2.114840	2.532903	13.034100	-12.899600	25.000000
14.008566	2.278140	2.596373	13.718965	2.477103	2.635642	13.034100	-12.338900	25.000000
14.008566	2.278140	2.596373	14.178152	2.324236	2.486487	13.034100	-11.241200	25.000000
14.008566	2.278140	2.596373	13.926234	2.505188	2.650925	13.034100	-10.680400	25.000000
14.008605	2.278137	2.596365	14.038875	2.448529	2.603085	13.034100	-9.582680	25.000000
14.008566	2.278140	2.596373	14.106382	2.389361	2.608290	13.034100	-9.021890	25.000000
14.008566	2.278140	2.596373	13.921925	2.351706	2.646281	13.034100	-7.924190	25.000000
14.008605	2.278137	2.596365	13.986064	2.327320	2.616349	13.034100	-7.363410	25.000000
14.008566	2.278140	2.596373	13.987852	2.307718	2.604484	13.034100	-6.265700	25.000000
14.008605	2.278137	2.596365	13.984992	2.298288	2.609383	13.034100	-5.704920	25.000000
14.008566	2.278140	2.596373	14.021769	2.286466	2.606035	13.034100	-4.046430	25.000000
14.007916	2.278179	2.596325	13.946684	2.281655	2.571961	13.863300	-22.289800	25.000000
14.007916	2.278179	2.596325	14.116657	2.280636	2.569133	13.863300	-21.192100	25.000000
14.007916	2.278179	2.596325	13.954927	2.300208	2.526930	13.863300	-20.631300	25.000000
14.007916	2.278179	2.596325	14.179563	2.276831	2.540737	13.863300	-19.533600	25.000000
14.007916	2.278179	2.596325	14.202465	2.342088	2.342306	13.863300	-18.972800	25.000000
14.007916	2.278179	2.596325	13.836546	2.317687	2.446854	13.863300	-17.875100	25.000000
14.007916	2.278179	2.596325	15.217424	2.012126	2.573749	13.863300	-17.314300	25.000000
14.007916	2.278179	2.596325	12.825755	2.381981	2.866403	13.863300	-16.216600	25.000000
14.007916	2.278179	2.596325	14.753389	1.710199	2.828500	13.863300	-15.655800	25.000000
14.007916	2.278179	2.596325	13.160049	1.542677	3.050245	13.863300	-14.558100	25.000000
14.008310	2.278155	2.596244	14.811806	1.478848	2.608150	13.863300	-13.997400	25.000000
14.007916	2.278179	2.596325	13.153026	1.541141	2.759674	13.863300	-12.899600	25.000000
14.007916	2.278179	2.596325	13.101527	1.817539	2.702588	13.863300	-12.338900	25.000000
14.007916	2.278179	2.596325	14.871449	2.060881	2.485897	13.863300	-11.241200	25.000000
14.007916	2.278179	2.596325	14.227790	2.488520	2.621012	13.863300	-10.680400	25.000000
14.007955	2.278177	2.596317	13.836907	2.298141	2.647651	13.863300	-9.582680	25.000000
14.007916	2.278179	2.596325	13.925875	2.414051	2.706922	13.863300	-9.021890	25.000000
14.007916	2.278179	2.596325	14.086873	2.401307	2.612003	13.863300	-7.924190	25.000000
14.007955	2.278177	2.596317	13.983562	2.337370	2.633530	13.863300	-7.363410	25.000000
14.007916	2.278179	2.596325	14.017846	2.315437	2.612820	13.863300	-6.265700	25.000000
14.007955	2.278177	2.596317	14.051690	2.303603	2.609383	13.863300	-5.704920	25.000000
14.007955	2.278177	2.596317	14.023195	2.295865	2.601173	13.863300	-4.607220	25.000000
14.007916	2.278179	2.596325	14.021769	2.286466	2.606035	13.863300	-2.948730	25.000000
14.007916	2.278179	2.596325	14.010710	2.277727	2.577023	14.692500	-23.948300	25.000000
14.007916	2.278179	2.596325	13.946684	2.281655	2.571961	14.692500	-22.289800	25.000000
14.007916	2.278179	2.596325	14.158037	2.278128	2.561322	14.692500	-21.192100	25.000000
14.007916	2.278179	2.596325	14.172156	2.277276	2.494381	14.692500	-20.631300	25.000000
14.007916	2.278179	2.596325	13.778969	2.311682	2.460707	14.692500	-19.533600	25.000000
14.007916	2.278179	2.596325	13.555073	2.211254	2.694404	14.692500	-18.972800	25.000000
14.007916	2.278179	2.596325	14.412148	2.254169	2.381506	14.692500	-17.875100	25.000000
14.007916	2.278179	2.596325	14.608614	1.850998	2.754473	14.692500	-17.314300	25.000000
14.007916	2.278179	2.596325	13.435286	1.598339	3.074529	14.692500	-16.216600	25.000000
14.007916	2.278179	2.596325	14.654010	1.350652	2.850806	14.692500	-15.655800	25.000000
14.007916	2.278179	2.596325	13.348408	1.104600	2.947487	14.692500	-14.558100	25.000000
14.008310	2.278155	2.596244	13.974262	1.078902	2.576109	14.692500	-13.997400	25.000000
14.007916	2.278179	2.596325	13.973546	1.012700	2.659079	14.692500	-12.899600	25.000000
14.007916	2.278179	2.596325	12.933789	1.318391	2.660090	14.692500	-12.338900	25.000000
14.007916	2.278179	2.596325	14.896392	1.506979	2.403778	14.692500	-11.241200	25.000000
14.007916	2.278179	2.596325	11.055315	1.931328	2.847358	14.692500	-10.680400	25.000000
14.007955	2.278177	2.596317	16.362763	2.251678	2.261506	14.692500	-9.582680	25.000000
14.007916	2.278179	2.596325	13.871193	2.418488	2.726687	14.692500	-9.021890	25.000000
14.007916	2.278179	2.596325	14.193308	2.491702	2.657115	14.692500	-7.924190	25.000000
14.007955	2.278177	2.596317	13.874437	2.325005	2.646981	14.692500	-7.363410	25.000000
14.007916	2.278179	2.596325	14.158037	2.345143	2.624898	14.692500	-6.265700	25.000000
14.007955	2.278177	2.596317	13.984992	2.298288	2.609383	14.692500	-5.704920	25.000000
14.007955	2.278177	2.596317	14.049555	2.294204	2.614202	14.692500	-4.607220	25.000000
14.007916	2.278179	2.596325	14.021769	2.286466	2.606035	14.692500	-4.046430	25.000000
14.007955	2.278177	2.596317	14.021769	2.286466	2.606035	14.692500	-2.387950	25.000000
14.007916	2.278179	2.596325	14.114886	2.271439	2.540737	15.521800	-22.289800	25.000000
14.007916	2.278179	2.596325	13.924439	2.283032	2.558853	15.521800	-21.192100	25.000000
14.007916	2.278179	2.596325	13.749909	2.294044	2.459276	15.521800	-20.631300	25.000000
14.007916	2.278179	2.596325	14.215836	2.274657	2.414950	15.521800	-19.533600	25.000000
14.007916	2.278179	2.596325	14.543414	1.885378	2.565824	15.521800	-18.972800	25.000000
14.007916	2.278179	2.596325	13.230801	1.815079	3.482311	15.521800	-17.875100	25.000000
14.007916	2.278179	2.596325	13.290752	1.249276	3.324212	15.521800	-17.314300	25.000000
14.007916	2.278179	2.596325	14.714673	1.028048	3.144767	15.521800	-16.216600	25.000000
14.007916	2.278179	2.596325	12.987686	0.805204	2.792822	15.521800	-15.655800	25.000000
14.007916	2.278179	2.596325	14.978651	0.892381	2.754717	15.521800	-14.558100	25.000000
14.008310	2.278155	2.596244	14.402778	0.763988	2.469986	15.521800	-13.997400	25.000000
14.007916	2.278179	2.596325	13.642580	0.748076	2.493781	15.521800	-12.899600	25.000000
14.007916	2.278179	2.596325	14.813507	1.212124	2.315401	15.521800	-12.338900	25.000000
14.007916	2.278179	2.596325	13.117164	0.962135	2.561322	15.521800	-11.241200	25.000000
14.007916	2.278179	2.596325	11.846518	2.234724	2.802895	15.521800	-10.680400	25.000000
14.007955	2.278177	2.596317	15.674502	1.743914	2.209116	15.521800	-9.582680	25.000000
14.007916	2.278179	2.596325	14.093261	2.466285	2.683021	15.521800	-9.021890	25.000000
14.007916	2.278179	2.596325	13.964956	2.477840	2.797787	15.521800	-7.924190	25.000000
14.007955	2.278177	2.596317	13.977840	2.327876	2.638318	15.521800	-7.363410	25.000000
14.007916	2.278179	2.596325	14.060228	2.362037	2.668896	15.521800	-6.265700	25.000000
14.007955	2.278177	2.596317	14.014278	2.306008	2.617673	15.521800	-5.704920	25.000000
14.007955	2.278177	2.596317	13.947401	2.300691	2.617673	15.521800	-4.607220	25.000000
14.007916	2.278179	2.596325	14.021769	2.286466	2.606035	15.521800	-4.046430	25.000000
14.007916	2.278179	2.596325	14.021769	2.286466	2.606035	15.521800	-2.948730	25.000000
14.007916	2.278179	2.596325	14.115948	2.271376	2.574153	16.351000	-23.948300	25.000000
14.007916	2.278179	2.596325	14.010710	2.277727	2.577023	16.351000	-22.850600	25.000000
14.007916	2.278179	2.596325	14.008926	2.277836	2.543174	16.351000	-22.289800	25.000000
14.007916	2.278179	2.596325	14.016419	2.277379	2.509348	16.351000	-21.192100	25.000000
14.007916	2.278179	2.596325	13.775703	2.282763	2.540293	16.351000	-20.631300	25.000000
14.007916	2.278179	2.596325	14.229898	2.228611	2.797374	16.351000	-19.533600	25.000000
14.007916	2.278179	2.596325	12.448068	2.108924	3.596872	16.351000	-18.972800	25.000000
14.007916	2.278179	2.596325	14.530327	0.904578	3.499339	16.351000	-17.875100	25.000000
14.007916	2.278179	2.596325	14.658104	0.732334	3.641754	16.351000	-17.314300	25.000000
14.007916	2.278179	2.596325	13.271775	0.815279	3.591352	16.351000	-16.216600	25.000000
14.007916	2.278179	2.596325	14.765839	0.656113	2.742532	16.351000	-15.655800	25.000000
14.007916	2.278179	2.596325	13.187115	0.788043	2.577324	16.351000	-14.558100	25.000000
14.008310	2.278155	2.596244	13.482581	0.778411	2.597550	16.351000	-13.997400	25.000000
14.007916	2.278179	2.596325	14.530657	0.811791	2.477222	16.351000	-12.899600	25.000000
14.007916	2.278179	2.596325	12.713772	0.968768	2.729182	16.351000	-12.338900	25.000000
14.007916	2.278179	2.596325	15.203289	1.054900	2.372236	16.351000	-11.241200	25.000000
14.007916	2.278179	2.596325	15.676929	1.816287	2.379446	16.351000	-10.680400	25.000000
14.007955	2.278177	2.596317	12.040615	1.660613	2.854129	16.351000	-9.582680	25.000000
14.007916	2.278179	2.596325	13.942023	2.301036	2.725323	16.351000	-9.021890	25.000000
14.007916	2.278179	2.596325	14.131525	2.429770	2.740968	16.351000	-7.924190	25.000000
14.007955	2.278177	2.596317	14.109926	2.378780	2.673358	16.351000	-7.363410	25.000000
14.007916	2.278179	2.596325	13.939871	2.330452	2.669096	16.351000	-6.265700	25.000000
14.007955	2.278177	2.596317	13.975335	2.298904	2.630770	16.351000	-5.704920	25.000000
14.007955	2.278177	2.596317	14.051690	2.303603	2.609383	16.351000	-4.607220	25.000000
14.007916	2.278179	2.596325	14.021769	2.286466	2.606035	16.351000	-4.046430	25.000000
14.007916	2.278179	2.596325	13.957077	2.290503	2.601173	16.351000	-2.948730	25.000000
14.008566	2.278140	2.596373	13.987852	2.279124	2.564034	17.180300	-23.948300	25.000000
14.008566	2.278140	2.596373	14.051690	2.275239	2.569133	17.180300	-22.850600	25.000000
14.008566	2.278140	2.596373	14.259383	2.253848	2.490858	17.180300	-22.289800	25.000000
14.008566	2.278140	2.596373	13.749909	2.274803	2.484734	17.180300	-21.192100	25.000000
14.008566	2.278140	2.596373	15.258440	2.003625	3.367309	17.180300	-20.631300	25.000000
14.008566	2.278140	2.596373	12.650692	2.385078	3.397744	17.180300	-19.533600	25.000000
14.008566	2.278140	2.596373	13.825701	1.887057	4.067366	17.180300	-18.972800	25.000000
14.008566	2.278140	2.596373	13.280060	0.694976	3.993559	17.180300	-17.875100	25.000000
14.008566	2.278140	2.596373	14.927491	0.732366	3.799121	17.180300	-17.314300	25.000000
14.008566	2.278140	2.596373	13.134306	0.762232	3.738769	17.180300	-16.216600	25.000000
14.008566	2.278140	2.596373	14.387147	0.571615	2.787333	17.180300	-15.655800	25.000000
14.008566	2.278140	2.596373	13.622775	0.735634	2.614306	17.180300	-14.558100	25.000000
14.008960	2.278116	2.596293	13.656866	0.860990	2.604484	17.180300	-13.997400	25.000000
14.008566	2.278140	2.596373	14.338759	0.837242	2.543174	17.180300	-12.899600	25.000000
14.008566	2.278140	2.596373	13.368620	0.891383	2.746802	17.180300	-12.338900	25.000000
14.008566	2.278140	2.596373	14.555068	0.832127	2.481364	17.180300	-11.241200	25.000000
14.008566	2.278140	2.596373	12.497584	1.519564	2.703029	17.180300	-10.680400	25.000000
14.008605	2.278137	2.596365	15.375269	1.296141	2.408778	17.180300	-9.582680	25.000000
14.008566	2.278140	2.596373	15.104966	2.367416	2.490516	17.180300	-9.021890	25.000000
14.008566	2.278140	2.596373	12.763228	1.931118	2.700413	17.180300	-7.924190	25.000000
14.008605	2.278137	2.596365	13.980343	2.378125	2.714965	17.180300	-7.363410	25.000000
14.008566	2.278140	2.596373	13.982131	2.347447	2.673461	17.180300	-6.265700	25.000000
14.008605	2.278137	2.596365	13.975335	2.298904	2.630770	17.180300	-5.704920	25.000000
14.008605	2.278137	2.596365	13.947401	2.300691	2.617673	17.180300	-4.607220	25.000000
14.008566	2.278140	2.596373	14.021769	2.286466	2.606035	17.180300	-2.948730	25.000000
14.008605	2.278137	2.596365	14.021769	2.286466	2.606035	17.180300	-1.290250	25.000000
14.007916	2.278179	2.596325	14.010710	2.277727	2.577023	18.009500	-24.509100	25.000000
14.007916	2.278179	2.596325	14.135417	2.270215	2.553590	18.009500	-23.948300	25.000000
14.007916	2.278179	2.596325	13.923003	2.273669	2.564034	18.009500	-22.850600	25.000000
14.007916	2.278179	2.596325	13.956002	2.243864	2.421039	18.009500	-22.289800	25.000000
14.007916	2.278179	2.596325	14.134709	2.251906	2.485342	18.009500	-21.192100	25.000000
14.007916	2.278179	2.596325	16.250846	2.172593	3.858316	18.009500	-20.631300	25.000000
14.007916	2.278179	2.596325	11.243220	2.123230	4.258087	18.009500	-19.533600	25.000000
14.007916	2.278179	2.596325	8.875810	1.649744	3.742134	18.009500	-18.972800	25.000000
14.007916	2.278179	2.596325	17.587282	1.255726	4.179149	18.009500	-17.875100	25.000000
14.007916	2.278179	2.596325	13.705838	0.698050	4.023465	18.009500	-17.314300	25.000000
14.007916	2.278179	2.596325	14.242542	0.618996	3.513111	18.009500	-16.216600	25.000000
14.007916	2.278179	2.596325	14.824915	0.472589	2.523583	18.009500	-15.655800	25.000000
14.007916	2.278179	2.596325	13.040706	0.421375	3.028865	18.009500	-14.558100	25.000000
14.008310	2.278155	2.596244	13.594484	0.786724	2.570879	18.009500	-13.997400	25.000000
14.007916	2.278179	2.596325	14.484129	0.779702	2.523626	18.009500	-12.899600	25.000000
14.007916	2.278179	2.596325	14.352700	0.799963	2.634494	18.009500	-12.338900	25.000000
14.007916	2.278179	2.596325	13.611760	0.701236	2.616797	18.009500	-11.241200	25.000000
14.007916	2.278179	2.596325	15.464799	1.071844	2.335364	18.009500	-10.680400	25.000000
14.007955	2.278177	2.596317	12.418132	1.351622	2.484891	18.009500	-9.582680	25.000000
14.007916	2.278179	2.596325	12.291054	2.290306	2.867751	18.009500	-9.021890	25.000000
14.007916	2.278179	2.596325	15.503548	1.872038	2.241318	18.009500	-7.924190	25.000000
14.007955	2.278177	2.596317	13.908630	2.362837	2.742077	18.009500	-7.363410	25.000000
14.007916	2.278179	2.596325	14.091487	2.359795	2.682450	18.009500	-6.265700	25.000000
14.007955	2.278177	2.596317	14.012138	2.296565	2.622447	18.009500	-5.704920	25.000000
14.007955	2.278177	2.596317	14.042080	2.304219	2.630770	18.009500	-4.607220	25.000000
14.007916	2.278179	2.596325	14.021769	2.286466	2.606035	18.009500	-2.948730	25.000000
14.008566	2.278140	2.596373	14.075155	2.273822	2.582006	18.838800	-25.606800	25.000000
14.008566	2.278140	2.596373	13.943457	2.263074	2.548422	18.838800	-23.948300	25.000000
14.008566	2.278140	2.596373	13.900719	2.265626	2.556187	18.838800	-22.850600	25.000000
14.008566	2.278140	2.596373	14.194717	2.230527	2.444571	18.838800	-22.289800	25.000000
14.008566	2.278140	2.596373	13.711674	2.230163	2.414950	18.838800	-21.192100	25.000000
14.008566	2.278140	2.596373	10.934350	2.537635	4.451787	18.838800	-20.631300	25.000000
14.008566	2.278140	2.596373	16.510905	2.132916	4.002986	18.838800	-19.533600	25.000000
14.008566	2.278140	2.596373	11.309063	0.776191	3.217396	18.838800	-18.972800	25.000000
14.008566	2.278140	2.596373	15.193604	1.792436	4.085081	18.838800	-17.875100	25.000000
14.008566	2.278140	2.596373	13.917615	0.516806	3.854951	18.838800	-17.314300	25.000000
14.008566	2.278140	2.596373	14.132586	0.500371	3.790993	18.838800	-16.216600	25.000000
14.008566	2.278140	2.596373	13.752182	0.828128	2.927742	18.838800	-15.655800	25.000000
14.008566	2.278140	2.596373	14.257352	0.543897	2.921601	18.838800	-14.558100	25.000000
14.008960	2.278116	2.596293	13.706203	0.956503	2.618017	18.838800	-13.997400	25.000000
14.008566	2.278140	2.596373	14.385409	0.885909	2.645828	18.838800	-12.899600	25.000000
14.008566	2.278140	2.596373	13.720423	0.902672	2.761086	18.838800	-12.338900	25.000000
14.008566	2.278140	2.596373	14.138246	0.862268	2.657115	18.838800	-11.241200	25.000000
14.008566	2.278140	2.596373	15.493870	1.242207	2.240213	18.838800	-10.680400	25.000000
14.008605	2.278137	2.596365	12.264175	1.114856	2.543515	18.838800	-9.582680	25.000000
14.008566	2.278140	2.596373	15.671949	2.366924	2.518162	18.838800	-9.021890	25.000000
14.008566	2.278140	2.596373	11.995833	1.729854	2.433882	18.838800	-7.924190	25.000000
14.008605	2.278137	2.596365	14.165098	2.364593	2.704965	18.838800	-7.363410	25.000000
14.008566	2.278140	2.596373	13.832570	2.347937	2.746022	18.838800	-6.265700	25.000000
14.008605	2.278137	2.596365	14.011424	2.287108	2.627141	18.838800	-5.704920	25.000000
14.008605	2.278137	2.596365	14.143550	2.297773	2.627141	18.838800	-4.607220	25.000000
14.007916	2.278179	2.596325	14.010710	2.268377	2.582006	19.668000	-24.509100	25.000000
14.007916	2.278179	2.596325	13.943457	2.263074	2.548422	19.668000	-23.948300	25.000000
14.007916	2.278179	2.596325	14.030681	2.257930	2.533133	19.668000	-22.850600	25.000000
14.007916	2.278179	2.596325	13.770258	2.217737	2.427043	19.668000	-22.289800	25.000000
14.007916	2.278179	2.596325	14.221814	2.211392	2.412037	19.668000	-21.192100	25.000000
14.007916	2.278179	2.596325	13.104961	2.327822	3.609935	19.668000	-20.631300	25.000000
14.007916	2.278179	2.596325	14.894966	2.137785	3.722973	19.668000	-19.533600	25.000000
14.007916	2.278179	2.596325	17.108477	1.050854	4.251753	19.668000	-18.972800	25.000000
14.007916	2.278179	2.596325	9.283857	1.624679	3.552150	19.668000	-17.875100	25.000000
14.007916	2.278179	2.596325	15.015991	0.894384	3.278659	19.668000	-17.314300	25.000000
14.007916	2.278179	2.596325	12.917430	0.893023	3.605240	19.668000	-16.216600	25.000000
14.007916	2.278179	2.596325	14.252368	1.041207	2.920278	19.668000	-15.655800	25.000000
14.007916	2.278179	2.596325	13.743726	0.993568	2.786887	19.668000	-14.558100	25.000000
14.008310	2.278155	2.596244	13.998571	0.909236	2.588751	19.668000	-13.997400	25.000000
14.007916	2.278179	2.596325	13.992141	0.890627	2.632708	19.668000	-12.899600	25.000000
14.007916	2.278179	2.596325	13.565029	0.774066	2.659079	19.668000	-12.338900	25.000000
14.007916	2.278179	2.596325	14.405902	0.913649	2.587640	19.668000	-11.241200	25.000000
14.007916	2.278179	2.596325	15.594230	1.024621	2.115077	19.668000	-10.680400	25.000000
14.007955	2.278177	2.596317	12.003333	1.231058	2.381189	19.668000	-9.582680	25.000000
14.007916	2.278179	2.596325	16.173126	2.318751	2.445774	19.668000	-9.021890	25.000000
14.007916	2.278179	2.596325	11.395613	1.756137	2.618017	19.668000	-7.924190	25.000000
14.007955	2.278177	2.596317	14.087583	2.350047	2.709185	19.668000	-7.363410	25.000000
14.007916	2.278179	2.596325	13.828955	2.338098	2.749893	19.668000	-6.265700	25.000000
14.007955	2.278177	2.596317	14.012138	2.296565	2.622447	19.668000	-5.704920	25.000000
14.007955	2.278177	2.596317	13.975335	2.298904	2.630770	19.668000	-4.607220	25.000000
14.007916	2.278179	2.596325	14.010710	2.268377	2.582006	20.497200	-25.606800	25.000000
14.007916	2.278179	2.596325	14.050623	2.265999	2.540737	20.497200	-23.948300	25.000000
14.007916	2.278179	2.596325	14.012138	2.249812	2.525608	20.497200	-22.850600	25.000000
14.007916	2.278179	2.596325	14.214078	2.185716	2.404936	20.497200	-22.289800	25.000000
14.007916	2.278179	2.596325	13.745545	2.183073	2.387631	20.497200	-21.192100	25.000000
14.007916	2.278179	2.596325	13.256319	2.136007	3.990198	20.497200	-20.631300	25.000000
14.007916	2.278179	2.596325	14.761436	2.226474	3.793641	20.497200	-19.533600	25.000000
14.007916	2.278179	2.596325	9.581753	1.539482	3.642606	20.497200	-18.972800	25.000000
14.007916	2.278179	2.596325	17.231947	1.227509	4.040535	20.497200	-17.875100	25.000000
14.007916	2.278179	2.596325	14.574292	0.905203	3.554503	20.497200	-17.314300	25.000000
14.007916	2.278179	2.596325	13.408206	0.959078	3.437412	20.497200	-16.216600	25.000000
14.007916	2.278179	2.596325	12.895348	0.940530	2.768216	20.497200	-15.655800	25.000000
14.007916	2.278179	2.596325	14.935528	0.809817	2.831537	20.497200	-14.558100	25.000000
14.008310	2.278155	2.596244	13.813037	0.953095	2.558516	20.497200	-13.997400	25.000000
14.007916	2.278179	2.596325	14.106382	0.869645	2.690393	20.497200	-12.899600	25.000000
14.007916	2.278179	2.596325	14.584924	0.940171	2.440333	20.497200	-12.338900	25.000000
14.007916	2.278179	2.596325	13.415290	0.815115	2.567794	20.497200	-11.241200	25.000000
14.007916	2.278179	2.596325	13.288341	0.952736	2.071617	20.497200	-10.680400	25.000000
14.007955	2.278177	2.596317	14.705441	1.223869	1.995628	20.497200	-9.582680	25.000000
14.007916	2.278179	2.596325	9.745255	1.905368	2.843892	20.497200	-9.021890	25.000000
14.007916	2.278179	2.596325	17.114321	2.050596	2.230106	20.497200	-7.924190	25.000000
14.007955	2.278177	2.596317	14.109217	2.328829	2.708503	20.497200	-7.363410	25.000000
14.007916	2.278179	2.596325	13.992498	2.336756	2.744513	20.497200	-6.265700	25.000000
14.007955	2.278177	2.596317	14.011424	2.287108	2.627141	20.497200	-5.704920	25.000000
14.007955	2.278177	2.596317	14.011424	2.287108	2.627141	20.497200	-4.607220	25.000000
14.007916	2.278179	2.596325	14.010710	2.268377	2.582006	21.326500	-25.606800	25.000000
14.007916	2.278179	2.596325	14.010710	2.268377	2.582006	21.326500	-24.509100	25.000000
14.007916	2.278179	2.596325	14.120906	2.243611	2.523448	21.326500	-23.948300	25.000000
14.007916	2.278179	2.596325	13.904675	2.246811	2.533133	21.326500	-22.850600	25.000000
14.007916	2.278179	2.596325	13.930183	2.139333	2.368242	21.326500	-22.289800	25.000000
14.007916	2.278179	2.596325	14.155211	2.171427	2.398593	21.326500	-21.192100	25.000000
14.007916	2.278179	2.596325	14.631815	2.233307	3.884072	21.326500	-20.631300	25.000000
14.007916	2.278179	2.596325	13.248774	2.238170	3.879408	21.326500	-19.533600	25.000000
14.007916	2.278179	2.596325	16.861569	1.466823	4.248741	21.326500	-18.972800	25.000000
14.007916	2.278179	2.596325	8.709214	1.336726	3.011381	21.326500	-17.875100	25.000000
14.007916	2.278179	2.596325	14.648549	0.891753	3.727162	21.326500	-17.314300	25.000000
14.007916	2.278179	2.596325	13.258205	0.834859	3.687248	21.326500	-16.216600	25.000000
14.007916	2.278179	2.596325	13.659795	0.781137	2.984991	21.326500	-15.655800	25.000000
14.007916	2.278179	2.596325	14.333527	0.846269	2.677945	21.326500	-14.558100	25.000000
14.008310	2.278155	2.596244	14.141428	1.044805	2.619404	21.326500	-13.997400	25.000000
14.007916	2.278179	2.596325	13.789851	1.004362	2.716388	21.326500	-12.899600	25.000000
14.007916	2.278179	2.596325	14.312931	0.969245	2.506566	21.326500	-12.338900	25.000000
14.007916	2.278179	2.596325	13.743362	1.086394	2.356194	21.326500	-11.241200	25.000000
14.007916	2.278179	2.596325	15.036622	1.294632	1.938466	21.326500	-10.680400	25.000000
14.007955	2.278177	2.596317	12.848735	1.145608	1.919567	21.326500	-9.582680	25.000000
14.007916	2.278179	2.596325	14.905368	1.746127	2.067968	21.326500	-9.021890	25.000000
14.007916	2.278179	2.596325	12.777324	2.267590	2.709898	21.326500	-7.924190	25.000000
14.007955	2.278177	2.596317	14.003571	2.316377	2.699681	21.326500	-7.363410	25.000000
14.007916	2.278179	2.596325	13.912225	2.322457	2.726365	21.326500	-6.265700	25.000000
14.007955	2.278177	2.596317	14.048843	2.284791	2.618942	21.326500	-5.704920	25.000000
14.007955	2.278177	2.596317	14.011424	2.287108	2.627141	21.326500	-4.607220	25.000000
14.007916	2.278179	2.596325	14.021769	2.277054	2.610819	21.326500	-4.046430	25.000000
14.007916	2.278179	2.596325	13.987852	2.260445	2.574153	22.155700	-25.606800	25.000000
14.007916	2.278179	2.596325	13.945967	2.272275	2.577023	22.155700	-24.509100	25.000000
14.007916	2.278179	2.596325	14.120906	2.243611	2.523448	22.155700	-23.948300	25.000000
14.007916	2.278179	2.596325	13.906833	2.237503	2.538363	22.155700	-22.850600	25.000000
14.007916	2.278179	2.596325	14.410066	2.118197	2.367688	22.155700	-22.289800	25.000000
14.007916	2.278179	2.596325	13.559499	2.104666	2.386488	22.155700	-21.192100	25.000000
14.007916	2.278179	2.596325	14.074090	2.246264	3.719495	22.155700	-20.631300	25.000000
14.007916	2.278179	2.596325	13.959943	2.181041	3.778101	22.155700	-19.533600	25.000000
14.007916	2.278179	2.596325	16.214759	1.739342	4.159095	22.155700	-18.972800	25.000000
14.007916	2.278179	2.596325	10.974174	1.102845	3.596108	22.155700	-17.875100	25.000000
14.007916	2.278179	2.596325	14.718016	0.716395	3.637636	22.155700	-17.314300	25.000000
14.007916	2.278179	2.596325	13.335666	0.982550	3.734595	22.155700	-16.216600	25.000000
14.007916	2.278179	2.596325	13.809508	0.487622	2.994231	22.155700	-15.655800	25.000000
14.007916	2.278179	2.596325	14.201000	0.550902	2.693588	22.155700	-14.558100	25.000000
14.008310	2.278155	2.596244	13.665284	0.822274	2.548050	22.155700	-13.997400	25.000000
14.007916	2.278179	2.596325	14.339456	0.789289	2.559040	22.155700	-12.899600	25.000000
14.007916	2.278179	2.596325	13.939871	1.109882	2.185459	22.155700	-12.338900	25.000000
14.007916	2.278179	2.596325	14.102837	0.878678	2.271431	22.155700	-11.241200	25.000000
14.007916	2.278179	2.596325	14.482058	1.290954	2.073010	22.155700	-10.680400	25.000000
14.007955	2.278177	2.596317	13.571529	1.613546	1.801465	22.155700	-9.582680	25.000000
14.007916	2.278179	2.596325	16.329727	2.007045	2.110057	22.155700	-9.021890	25.000000
14.007916	2.278179	2.596325	11.049434	2.233710	2.544036	22.155700	-7.924190	25.000000
14.007955	2.278177	2.596317	14.066983	2.302625	2.686492	22.155700	-7.363410	25.000000
14.007916	2.278179	2.596325	13.904675	2.313160	2.708503	22.155700	-6.265700	25.000000
14.007955	2.278177	2.596317	13.983562	2.279387	2.618942	22.155700	-5.704920	25.000000
14.007955	2.278177	2.596317	14.048843	2.284791	2.618942	22.155700	-4.607220	25.000000
14.007916	2.278179	2.596325	14.021769	2.286466	2.606035	22.155700	-2.948730	25.000000
14.008566	2.278140	2.596373	14.051690	2.265936	2.574153	22.985000	-25.606800	25.000000
14.008566	2.278140	2.596373	13.946684	2.262882	2.582006	22.985000	-24.509100	25.000000
14.008566	2.278140	2.596373	13.845216	2.231827	2.538363	22.985000	-23.948300	25.000000
14.008566	2.278140	2.596373	14.230249	2.237503	2.521343	22.985000	-22.850600	25.000000
14.008566	2.278140	2.596373	13.641481	2.092640	2.410035	22.985000	-22.289800	25.000000
14.008566	2.278140	2.596373	14.402778	2.078323	2.344959	22.985000	-21.192100	25.000000
14.008566	2.278140	2.596373	13.503333	2.438389	4.299979	22.985000	-20.631300	25.000000
14.008566	2.278140	2.596373	14.473078	2.215693	3.717605	22.985000	-19.533600	25.000000
14.008566	2.278140	2.596373	9.816822	1.162248	3.186008	22.985000	-18.972800	25.000000
14.008566	2.278140	2.596373	16.679332	1.690391	4.064057	22.985000	-17.875100	25.000000
14.008566	2.278140	2.596373	13.472194	0.653060	4.270596	22.985000	-17.314300	25.000000
14.008566	2.278140	2.596373	14.492067	0.473139	3.700192	22.985000	-16.216600	25.000000
14.008566	2.278140	2.596373	14.461138	0.091986	2.047911	22.985000	-15.655800	25.000000
14.008566	2.278140	2.596373	13.619240	0.179673	3.001439	22.985000	-14.558100	25.000000
14.008960	2.278116	2.596293	12.949903	0.598359	2.151195	22.985000	-13.997400	25.000000
14.008566	2.278140	2.596373	14.927156	0.499974	2.147172	22.985000	-12.899600	25.000000
14.008566	2.278140	2.596373	12.673200	0.917784	1.936544	22.985000	-12.338900	25.000000
14.008566	2.278140	2.596373	15.175309	0.984199	1.834966	22.985000	-11.241200	25.000000
14.008566	2.278140	2.596373	13.380676	1.286737	1.862999	22.985000	-10.680400	25.000000
14.008605	2.278137	2.596365	14.528400	1.894413	2.037691	22.985000	-9.582680	25.000000
14.008566	2.278140	2.596373	14.344337	2.231259	2.406153	22.985000	-9.021890	25.000000
14.008566	2.278140	2.596373	13.600735	2.313706	2.584052	22.985000	-7.924190	25.000000
14.008605	2.278137	2.596365	14.000357	2.297311	2.686492	22.985000	-7.363410	25.000000
14.008566	2.278140	2.596373	14.067338	2.293088	2.669471	22.985000	-6.265700	25.000000
14.008605	2.278137	2.596365	13.917974	2.283433	2.614202	22.985000	-5.704920	25.000000
14.008605	2.278137	2.596365	13.983562	2.279387	2.618942	22.985000	-4.607220	25.000000
14.008566	2.278140	2.596373	14.021769	2.277054	2.610819	22.985000	-4.046430	25.000000
14.007916	2.278179	2.596325	13.946684	2.262882	2.582006	23.814200	-25.606800	25.000000
14.007916	2.278179	2.596325	14.093261	2.263478	2.566377	23.814200	-24.509100	25.000000
14.007916	2.278179	2.596325	14.093261	2.218210	2.514104	23.814200	-23.948300	25.000000
14.007916	2.278179	2.596325	13.971757	2.233851	2.543515	23.814200	-22.850600	25.000000
14.007916	2.278179	2.596325	14.613008	2.093881	2.372953	23.814200	-22.289800	25.000000
14.007916	2.278179	2.596325	13.481098	2.015546	2.391064	23.814200	-21.192100	25.000000
14.007916	2.278179	2.596325	12.882934	2.344233	3.639208	23.814200	-20.631300	25.000000
14.007916	2.278179	2.596325	14.951923	2.339999	3.646883	23.814200	-19.533600	25.000000
14.007916	2.278179	2.596325	11.082369	2.021754	3.587305	23.814200	-18.972800	25.000000
14.007916	2.278179	2.596325	15.230089	0.883731	4.347654	23.814200	-17.875100	25.000000
14.007916	2.278179	2.596325	14.401042	0.393574	5.446550	23.814200	-17.314300	25.000000
14.007916	2.278179	2.596325	13.670772	0.451646	4.949238	23.814200	-16.216600	25.000000
14.007916	2.278179	2.596325	14.512739	0.124727	0.077622	23.814200	-15.655800	25.000000
14.007916	2.278179	2.596325	13.467891	0.360959	6.025969	23.814200	-14.558100	25.000000
14.008310	2.278155	2.596244	14.167375	0.670534	1.599652	23.814200	-13.997400	25.000000
14.007916	2.278179	2.596325	13.881211	0.415522	1.535989	23.814200	-12.899600	25.000000
14.007916	2.278179	2.596325	13.285801	1.093773	1.591980	23.814200	-12.338900	25.000000
14.007916	2.278179	2.596325	14.685500	1.018872	1.542644	23.814200	-11.241200	25.000000
14.007916	2.278179	2.596325	16.862088	2.119851	2.292242	23.814200	-10.680400	25.000000
14.007955	2.278177	2.596317	9.697938	1.288658	1.831399	23.814200	-9.582680	25.000000
14.007916	2.278179	2.596325	14.101064	2.300457	2.771687	23.814200	-9.021890	25.000000
14.007916	2.278179	2.596325	13.978913	2.308299	2.786216	23.814200	-7.924190	25.000000
14.007955	2.278177	2.596317	14.071247	2.283412	2.652740	23.814200	-7.363410	25.000000
14.007916	2.278179	2.596325	13.934490	2.291924	2.665125	23.814200	-6.265700	25.000000
14.007955	2.278177	2.596317	13.917974	2.283433	2.614202	23.814200	-5.704920	25.000000
14.007955	2.278177	2.596317	14.021769	2.277054	2.610819	23.814200	-4.607220	25.000000
14.007916	2.278179	2.596325	14.021769	2.277054	2.610819	23.814200	-4.046430	25.000000
14.008566	2.278140	2.596373	14.075155	2.273822	2.582006	24.643500	-26.167500	25.000000
14.008566	2.278140	2.596373	14.051690	2.265936	2.574153	24.643500	-25.606800	25.000000
14.008566	2.278140	2.596373	13.987852	2.260445	2.574153	24.643500	-24.509100	25.000000
14.008566	2.278140	2.596373	14.123031	2.234470	2.528658	24.643500	-23.948300	25.000000
14.008566	2.278140	2.596373	13.834377	2.214241	2.536048	24.643500	-22.850600	25.000000
14.008566	2.278140	2.596373	13.934848	1.976531	2.383812	24.643500	-22.289800	25.000000
14.008566	2.278140	2.596373	14.043504	2.100841	2.420433	24.643500	-21.192100	25.000000
14.008566	2.278140	2.596373	14.123031	2.243491	3.601192	24.643500	-20.631300	25.000000
14.008566	2.278140	2.596373	13.931619	2.245260	3.440092	24.643500	-19.533600	25.000000
14.008566	2.278140	2.596373	18.654761	1.392962	4.793631	24.643500	-18.972800	25.000000
14.008566	2.278140	2.596373	5.637340	1.091437	4.740382	24.643500	-17.875100	25.000000
14.008566	2.278140	2.596373	14.100000	0.772294	5.819538	24.643500	-17.314300	25.000000
14.008566	2.278140	2.596373	13.981774	0.794120	5.913852	24.643500	-16.216600	25.000000
14.008566	2.278140	2.596373	13.913479	0.364378	5.650979	24.643500	-15.655800	25.000000
14.008566	2.278140	2.596373	14.022842	0.645670	6.045105	24.643500	-14.558100	25.000000
14.008960	2.278116	2.596293	11.522396	0.741148	1.355753	24.643500	-13.997400	25.000000
14.008566	2.278140	2.596373	16.083843	0.709749	1.300360	24.643500	-12.899600	25.000000
14.008566	2.278140	2.596373	15.141915	1.296602	1.415122	24.643500	-12.338900	25.000000
14.008566	2.278140	2.596373	12.750435	1.325206	1.362301	24.643500	-11.241200	25.000000
14.008566	2.278140	2.596373	15.387657	1.760393	1.831825	24.643500	-10.680400	25.000000
14.008605	2.278137	2.596365	11.907141	2.274008	2.781533	24.643500	-9.582680	25.000000
14.008566	2.278140	2.596373	14.143196	2.269752	2.773093	24.643500	-9.021890	25.000000
14.008566	2.278140	2.596373	13.865064	2.296335	2.807648	24.643500	-7.924190	25.000000
14.008605	2.278137	2.596365	14.071247	2.283412	2.652740	24.643500	-7.363410	25.000000
14.008566	2.278140	2.596373	14.012138	2.277640	2.631759	24.643500	-6.265700	25.000000
14.008605	2.278137	2.596365	14.021769	2.277054	2.610819	24.643500	-4.607220	25.000000
14.008566	2.278140	2.596373	14.021769	2.277054	2.610819	24.643500	-4.046430	25.000000
14.007916	2.278179	2.596325	14.093261	2.263478	2.566377	25.472700	-25.606800	25.000000
14.007916	2.278179	2.596325	13.946684	2.262882	2.582006	25.472700	-24.509100	25.000000
14.007916	2.278179	2.596325	14.098581	2.235827	2.548590	25.472700	-23.948300	25.000000
14.007916	2.278179	2.596325	13.945967	2.208254	2.533791	25.472700	-22.850600	25.000000
14.007916	2.278179	2.596325	14.629422	2.085364	2.389515	25.472700	-22.289800	25.000000
14.007916	2.278179	2.596325	13.364505	2.011419	2.461684	25.472700	-21.192100	25.000000
14.007916	2.278179	2.596325	15.590702	2.309701	4.174946	25.472700	-20.631300	25.000000
14.007916	2.278179	2.596325	12.213517	2.475132	3.341586	25.472700	-19.533600	25.000000
14.007916	2.278179	2.596325	10.096039	1.851817	5.446737	25.472700	-18.972800	25.000000
14.007916	2.278179	2.596325	16.937264	1.543043	5.231535	25.472700	-17.875100	25.000000
14.007916	2.278179	2.596325	13.737904	1.244769	5.812665	25.472700	-17.314300	25.000000
14.007916	2.278179	2.596325	14.264992	1.190130	6.023556	25.472700	-16.216600	25.000000
14.007916	2.278179	2.596325	13.714226	0.815616	5.711848	25.472700	-15.655800	25.000000
14.007916	2.278179	2.596325	14.304545	0.648568	5.866136	25.472700	-14.558100	25.000000
14.008310	2.278155	2.596244	13.267630	0.855646	1.013255	25.472700	-13.997400	25.000000
14.007916	2.278179	2.596325	14.768886	1.167212	1.332960	25.472700	-12.899600	25.000000
14.007916	2.278179	2.596325	11.394073	1.741003	1.327977	25.472700	-12.338900	25.000000
14.007916	2.278179	2.596325	16.196555	1.615265	1.384309	25.472700	-11.241200	25.000000
14.007916	2.278179	2.596325	11.707263	2.323119	2.641312	25.472700	-10.680400	25.000000
14.007955	2.278177	2.596317	15.995624	2.087348	2.114915	25.472700	-9.582680	25.000000
14.007916	2.278179	2.596325	14.045996	2.266274	2.711128	25.472700	-9.021890	25.000000
14.007916	2.278179	2.596325	13.888844	2.285246	2.750467	25.472700	-7.924190	25.000000
14.007955	2.278177	2.596317	14.077287	2.283042	2.631759	25.472700	-7.363410	25.000000
14.007916	2.278179	2.596325	13.983562	2.279387	2.618942	25.472700	-6.265700	25.000000
14.007916	2.278179	2.596325	14.010710	2.268377	2.582006	26.301900	-26.167500	25.000000
14.007916	2.278179	2.596325	13.987852	2.260445	2.574153	26.301900	-25.606800	25.000000
14.007916	2.278179	2.596325	13.987852	2.260445	2.574153	26.301900	-24.509100	25.000000
14.007916	2.278179	2.596325	14.140014	2.242534	2.536048	26.301900	-23.948300	25.000000
14.007916	2.278179	2.596325	13.915459	2.218862	2.548590	26.301900	-22.850600	25.000000
14.007916	2.278179	2.596325	14.591436	2.078975	2.411693	26.301900	-22.289800	25.000000
14.007916	2.278179	2.596325	13.382825	2.052490	2.499778	26.301900	-21.192100	25.000000
14.007916	2.278179	2.596325	13.134036	2.915578	1.953826	26.301900	-20.631300	25.000000
14.007916	2.278179	2.596325	14.487567	2.276845	3.787997	26.301900	-19.533600	25.000000
14.007916	2.278179	2.596325	13.185977	2.103792	5.410509	26.301900	-18.972800	25.000000
14.007916	2.278179	2.596325	14.659468	2.115818	5.916011	26.301900	-17.875100	25.000000
14.007916	2.278179	2.596325	15.000080	1.424947	5.925203	26.301900	-17.314300	25.000000
14.007916	2.278179	2.596325	12.829435	1.878037	5.602059	26.301900	-16.216600	25.000000
14.007916	2.278179	2.596325	14.746186	1.136858	5.940161	26.301900	-15.655800	25.000000
14.007916	2.278179	2.596325	13.153707	1.045164	6.061657	26.301900	-14.558100	25.000000
14.008310	2.278155	2.596244	16.165222	1.532433	1.333325	26.301900	-13.997400	25.000000
14.007916	2.278179	2.596325	11.367568	1.345451	0.932710	26.301900	-12.899600	25.000000
14.007916	2.278179	2.596325	17.231729	1.963854	1.523661	26.301900	-12.338900	25.000000
14.007916	2.278179	2.596325	9.734090	2.344202	1.433975	26.301900	-11.241200	25.000000
14.007916	2.278179	2.596325	13.823531	2.251528	2.719588	26.301900	-10.680400	25.000000
14.007955	2.278177	2.596317	14.226032	2.246714	2.714219	26.301900	-9.582680	25.000000
14.007916	2.278179	2.596325	13.936284	2.282298	2.690656	26.301900	-9.021890	25.000000
14.007916	2.278179	2.596325	14.106027	2.271969	2.669646	26.301900	-7.924190	25.000000
14.007955	2.278177	2.596317	14.049555	2.275368	2.623605	26.301900	-7.363410	25.000000
14.007916	2.278179	2.596325	13.983562	2.279387	2.618942	26.301900	-6.265700	25.000000
14.007955	2.278177	2.596317	14.086873	2.282454	2.610819	26.301900	-4.607220	25.000000
14.007916	2.278179	2.596325	13.987852	2.260445	2.574153	27.131200	-25.606800	25.000000
14.007916	2.278179	2.596325	14.012138	2.259017	2.586911	27.131200	-24.509100	25.000000
14.007916	2.278179	2.596325	13.960301	2.216432	2.541153	27.131200	-23.948300	25.000000
14.007916	2.278179	2.596325	13.969252	2.243108	2.571355	27.131200	-22.850600	25.000000
14.007916	2.278179	2.596325	14.124093	2.147386	2.487957	27.131200	-22.289800	25.000000
14.007916	2.278179	2.596325	13.964956	2.038827	2.475623	27.131200	-21.192100	25.000000
14.007916	2.278179	2.596325	13.115701	2.236459	2.991744	27.131200	-20.631300	25.000000
14.007916	2.278179	2.596325	14.725383	2.930981	2.117344	27.131200	-19.533600	25.000000
14.007916	2.278179	2.596325	14.358722	2.815058	6.233227	27.131200	-18.972800	25.000000
14.007916	2.278179	2.596325	13.716082	2.465632	5.983915	27.131200	-17.875100	25.000000
14.007916	2.278179	2.596325	16.252384	1.838561	5.910973	27.131200	-17.314300	25.000000
14.007916	2.278179	2.596325	11.102252	2.531602	5.352745	27.131200	-16.216600	25.000000
14.007916	2.278179	2.596325	15.241060	1.614771	6.224372	27.131200	-15.655800	25.000000
14.007916	2.278179	2.596325	12.672544	1.598419	0.103439	27.131200	-14.558100	25.000000
14.008310	2.278155	2.596244	9.148224	2.243460	1.107149	27.131200	-13.997400	25.000000
14.007916	2.278179	2.596325	17.543660	1.830199	1.434737	27.131200	-12.899600	25.000000
14.007916	2.278179	2.596325	11.826242	2.475734	2.806856	27.131200	-12.338900	25.000000
14.007916	2.278179	2.596325	15.689806	2.237293	1.717281	27.131200	-11.241200	25.000000
14.007916	2.278179	2.596325	14.087228	2.209661	2.761086	27.131200	-10.680400	25.000000
14.007955	2.278177	2.596317	13.893884	2.256700	2.819842	27.131200	-9.582680	25.000000
14.007916	2.278179	2.596325	13.975335	2.279891	2.639989	27.131200	-9.021890	25.000000
14.007916	2.278179	2.596325	14.008926	2.268484	2.657115	27.131200	-7.924190	25.000000
14.007955	2.278177	2.596317	14.021769	2.277054	2.610819	27.131200	-7.363410	25.000000
14.007916	2.278179	2.596325	14.021769	2.277054	2.610819	27.131200	-6.265700	25.000000
14.007955	2.278177	2.596317	14.021769	2.277054	2.610819	27.131200	-4.607220	25.000000
14.007916	2.278179	2.596325	14.035669	2.266888	2.594804	27.960400	-26.167500	25.000000
14.007916	2.278179	2.596325	14.010710	2.268377	2.582006	27.960400	-25.606800	25.000000
14.007916	2.278179	2.596325	14.012138	2.259017	2.586911	27.960400	-24.509100	25.000000
14.007916	2.278179	2.596325	13.969252	2.243108	2.571355	27.960400	-23.948300	25.000000
14.007916	2.278179	2.596325	14.037094	2.230221	2.548590	27.960400	-22.850600	25.000000
14.007916	2.278179	2.596325	13.855685	2.067282	2.519435	27.960400	-22.289800	25.000000
14.007916	2.278179	2.596325	14.134002	2.163898	2.501505	27.960400	-21.192100	25.000000
14.007916	2.278179	2.596325	13.555811	2.569866	2.690140	27.960400	-20.631300	25.000000
14.007916	2.278179	2.596325	14.413882	2.142594	2.484891	27.960400	-19.533600	25.000000
14.007916	2.278179	2.596325	14.282591	2.942338	0.690209	27.960400	-18.972800	25.000000
14.007916	2.278179	2.596325	13.753799	2.883998	2.530633	27.960400	-17.875100	25.000000
14.007916	2.278179	2.596325	15.117539	2.509867	6.204695	27.960400	-17.314300	25.000000
14.007916	2.278179	2.596325	12.719277	2.585085	4.968198	27.960400	-16.216600	25.000000
14.007916	2.278179	2.596325	14.812832	2.149361	0.561163	27.960400	-15.655800	25.000000
14.007916	2.278179	2.596325	13.171560	2.242798	0.244979	27.960400	-14.558100	25.000000
14.008310	2.278155	2.596244	11.665333	2.452018	1.325818	27.960400	-13.997400	25.000000
14.007916	2.278179	2.596325	16.026852	2.220856	2.160973	27.960400	-12.899600	25.000000
14.007916	2.278179	2.596325	13.711674	2.388103	2.592033	27.960400	-12.338900	25.000000
14.007916	2.278179	2.596325	14.283557	2.190861	2.762684	27.960400	-11.241200	25.000000
14.007916	2.278179	2.596325	14.159096	2.241463	2.694073	27.960400	-10.680400	25.000000
14.007955	2.278177	2.596317	13.959226	2.262138	2.740364	27.960400	-9.582680	25.000000
14.007916	2.278179	2.596325	14.049555	2.275368	2.623605	27.960400	-9.021890	25.000000
14.007916	2.278179	2.596325	14.014278	2.268164	2.636302	27.960400	-7.924190	25.000000
14.007916	2.278179	2.596325	14.021769	2.277054	2.610819	27.960400	-6.265700	25.000000
14.007955	2.278177	2.596317	14.021769	2.277054	2.610819	27.960400	-5.704920	25.000000
14.008566	2.278140	2.596373	14.075866	2.264504	2.586911	28.789700	-25.606800	25.000000
14.008566	2.278140	2.596373	13.993570	2.241726	2.583960	28.789700	-23.948300	25.000000
14.008566	2.278140	2.596373	14.120552	2.234608	2.561071	28.789700	-22.850600	25.000000
14.008566	2.278140	2.596373	13.784411	2.111891	2.548895	28.789700	-22.289800	25.000000
14.008566	2.278140	2.596373	14.226032	2.185123	2.527343	28.789700	-21.192100	25.000000
14.008566	2.278140	2.596373	14.183441	2.153085	2.530175	28.789700	-20.631300	25.000000
14.008566	2.278140	2.596373	13.832570	2.043670	2.546833	28.789700	-19.533600	25.000000
14.008566	2.278140	2.596373	13.215143	2.527409	2.902983	28.789700	-18.972800	25.000000
14.008566	2.278140	2.596373	14.706801	2.490712	2.340323	28.789700	-17.875100	25.000000
14.008566	2.278140	2.596373	14.842467	2.896806	1.283866	28.789700	-17.314300	25.000000
14.008566	2.278140	2.596373	13.234372	2.998971	3.911954	28.789700	-16.216600	25.000000
14.008566	2.278140	2.596373	15.431789	2.514976	1.292041	28.789700	-15.655800	25.000000
14.008566	2.278140	2.596373	12.332494	2.729485	1.883584	28.789700	-14.558100	25.000000
14.008960	2.278116	2.596293	12.997692	2.368153	2.504699	28.789700	-13.997400	25.000000
14.008566	2.278140	2.596373	14.908052	2.121406	2.702588	28.789700	-12.899600	25.000000
14.008566	2.278140	2.596373	13.905754	2.228445	2.808348	28.789700	-12.338900	25.000000
14.008566	2.278140	2.596373	14.076221	2.158109	2.765841	28.789700	-11.241200	25.000000
14.008566	2.278140	2.596373	13.874437	2.267206	2.673743	28.789700	-10.680400	25.000000
14.008605	2.278137	2.596365	14.085808	2.254723	2.645170	28.789700	-9.582680	25.000000
14.008566	2.278140	2.596373	14.021769	2.277054	2.610819	28.789700	-9.021890	25.000000
14.008566	2.278140	2.596373	13.983562	2.279387	2.618942	28.789700	-7.924190	25.000000
14.008605	2.278137	2.596365	13.996071	2.269254	2.602773	28.789700	-7.363410	25.000000
14.007916	2.278179	2.596325	14.075866	2.264504	2.586911	29.618900	-24.509100	25.000000
14.007916	2.278179	2.596325	13.969252	2.243108	2.571355	29.618900	-23.948300	25.000000
14.007916	2.278179	2.596325	13.948835	2.253479	2.586911	29.618900	-22.850600	25.000000
14.007916	2.278179	2.596325	13.964956	2.154814	2.570255	29.618900	-22.289800	25.000000
14.007916	2.278179	2.596325	14.048487	2.211711	2.558516	29.618900	-21.192100	25.000000
14.007916	2.278179	2.596325	13.840159	2.011190	2.595694	29.618900	-20.631300	25.000000
14.007916	2.278179	2.596325	14.044572	2.092564	2.549034	29.618900	-19.533600	25.000000
14.007916	2.278179	2.596325	14.064850	2.027303	2.582154	29.618900	-18.972800	25.000000
14.007916	2.278179	2.596325	13.842688	2.195857	2.669977	29.618900	-17.875100	25.000000
14.007916	2.278179	2.596325	14.259383	2.367876	2.592568	29.618900	-17.314300	25.000000
14.007916	2.278179	2.596325	13.805072	2.517162	2.550154	29.618900	-16.216600	25.000000
14.007916	2.278179	2.596325	12.897287	2.422033	2.704255	29.618900	-15.655800	25.000000
14.007916	2.278179	2.596325	15.012994	2.156582	2.538070	29.618900	-14.558100	25.000000
14.008310	2.278155	2.596244	14.051690	2.092273	2.780901	29.618900	-13.997400	25.000000
14.007916	2.278179	2.596325	14.009996	2.161259	2.808973	29.618900	-12.899600	25.000000
14.007916	2.278179	2.596325	14.000357	2.214278	2.737873	29.618900	-12.338900	25.000000
14.007916	2.278179	2.596325	13.990711	2.241888	2.677945	29.618900	-11.241200	25.000000
14.007916	2.278179	2.596325	13.981059	2.260846	2.648908	29.618900	-10.680400	25.000000
14.007955	2.278177	2.596317	13.984992	2.269920	2.623605	29.618900	-9.582680	25.000000
14.007916	2.278179	2.596325	13.983562	2.279387	2.618942	29.618900	-9.021890	25.000000
14.008566	2.278140	2.596373	14.010710	2.268377	2.582006	30.448200	-25.606800	25.000000
14.008566	2.278140	2.596373	14.035669	2.266888	2.594804	30.448200	-24.509100	25.000000
14.008566	2.278140	2.596373	14.094680	2.254210	2.571355	30.448200	-23.948300	25.000000
14.008566	2.278140	2.596373	13.952419	2.244069	2.591739	30.448200	-22.850600	25.000000
14.008566	2.278140	2.596373	14.175331	2.213839	2.563370	30.448200	-22.289800	25.000000
14.008566	2.278140	2.596373	13.935925	2.199884	2.590519	30.448200	-21.192100	25.000000
14.008566	2.278140	2.596373	13.903237	2.157751	2.596729	30.448200	-20.631300	25.000000
14.008566	2.278140	2.596373	14.217243	2.093695	2.576109	30.448200	-19.533600	25.000000
14.008566	2.278140	2.596373	13.926593	2.056389	2.623454	30.448200	-18.972800	25.000000
14.008566	2.278140	2.596373	14.095744	2.026227	2.656747	30.448200	-17.875100	25.000000
14.008566	2.278140	2.596373	14.030324	2.052492	2.692333	30.448200	-17.314300	25.000000
14.008566	2.278140	2.596373	13.969252	2.071023	2.703487	30.448200	-16.216600	25.000000
14.008566	2.278140	2.596373	14.143903	2.104881	2.718364	30.448200	-15.655800	25.000000
14.008566	2.278140	2.596373	13.871193	2.091434	2.767259	30.448200	-14.558100	25.000000
14.008960	2.278116	2.596293	14.077287	2.175224	2.685667	30.448200	-13.997400	25.000000
14.008566	2.278140	2.596373	13.819190	2.206045	2.754409	30.448200	-12.899600	25.000000
14.008566	2.278140	2.596373	13.983562	2.251462	2.673830	30.448200	-12.338900	25.000000
14.008566	2.278140	2.596373	14.055248	2.256497	2.632708	30.448200	-11.241200	25.000000
14.008566	2.278140	2.596373	13.957077	2.271603	2.610819	30.448200	-10.680400	25.000000
14.008605	2.278137	2.596365	13.984992	2.269920	2.623605	30.448200	-9.582680	25.000000
14.008566	2.278140	2.596373	14.021769	2.277054	2.610819	30.448200	-9.021890	25.000000
14.007916	2.278179	2.596325	14.035669	2.266888	2.594804	31.277400	-27.265200	25.000000
14.007916	2.278179	2.596325	14.012138	2.259017	2.586911	31.277400	-23.948300	25.000000
14.007916	2.278179	2.596325	13.948835	2.253479	2.586911	31.277400	-22.850600	25.000000
14.007916	2.278179	2.596325	14.082613	2.227718	2.573488	31.277400	-22.289800	25.000000
14.007916	2.278179	2.596325	13.957435	2.234653	2.596493	31.277400	-21.192100	25.000000
14.007916	2.278179	2.596325	13.933413	2.191166	2.614788	31.277400	-20.631300	25.000000
14.007916	2.278179	2.596325	14.158037	2.171290	2.582086	31.277400	-19.533600	25.000000
14.007916	2.278179	2.596325	13.938795	2.147473	2.632000	31.277400	-18.972800	25.000000
14.007916	2.278179	2.596325	14.125863	2.113885	2.622447	31.277400	-17.875100	25.000000
14.007916	2.278179	2.596325	13.987494	2.136717	2.685521	31.277400	-17.314300	25.000000
14.007916	2.278179	2.596325	14.009996	2.127269	2.670426	31.277400	-16.216600	25.000000
14.007916	2.278179	2.596325	13.933054	2.164965	2.712815	31.277400	-15.655800	25.000000
14.007916	2.278179	2.596325	14.082613	2.192325	2.670133	31.277400	-14.558100	25.000000
14.008310	2.278155	2.596244	14.022839	2.249196	2.645170	31.277400	-13.997400	25.000000
14.007916	2.278179	2.596325	14.080483	2.218896	2.669977	31.277400	-12.899600	25.000000
14.007916	2.278179	2.596325	14.051690	2.265936	2.628194	31.277400	-12.338900	25.000000
14.007916	2.278179	2.596325	14.055248	2.256497	2.632708	31.277400	-11.241200	25.000000
14.007916	2.278179	2.596325	14.021769	2.277054	2.610819	31.277400	-10.680400	25.000000
14.007955	2.278177	2.596317	14.087583	2.273075	2.615526	31.277400	-9.582680	25.000000
14.008566	2.278140	2.596373	14.035669	2.266888	2.594804	32.106700	-25.606800	25.000000
14.008566	2.278140	2.596373	13.971757	2.261396	2.594804	32.106700	-23.948300	25.000000
14.008566	2.278140	2.596373	14.012138	2.259017	2.586911	32.106700	-22.850600	25.000000
14.008566	2.278140	2.596373	14.055960	2.247298	2.583960	32.106700	-22.289800	25.000000
14.008566	2.278140	2.596373	14.019272	2.240271	2.596493	32.106700	-21.192100	25.000000
14.008566	2.278140	2.596373	13.971757	2.215814	2.605781	32.106700	-20.631300	25.000000
14.008566	2.278140	2.596373	14.065916	2.228634	2.593469	32.106700	-19.533600	25.000000
14.008566	2.278140	2.596373	13.940588	2.208540	2.618017	32.106700	-18.972800	25.000000
14.008566	2.278140	2.596373	14.102837	2.191298	2.611636	32.106700	-17.875100	25.000000
14.008566	2.278140	2.596373	13.963882	2.207304	2.650064	32.106700	-17.314300	25.000000
14.008566	2.278140	2.596373	13.982131	2.197481	2.634494	32.106700	-16.216600	25.000000
14.008566	2.278140	2.596373	14.043148	2.229887	2.633619	32.106700	-15.655800	25.000000
14.008566	2.278140	2.596373	13.967462	2.234092	2.649497	32.106700	-14.558100	25.000000
14.008960	2.278116	2.596293	13.987852	2.260445	2.628194	32.106700	-13.997400	25.000000
14.008566	2.278140	2.596373	13.992141	2.250965	2.632708	32.106700	-12.899600	25.000000
14.008566	2.278140	2.596373	14.062006	2.265324	2.607522	32.106700	-12.338900	25.000000
14.008566	2.278140	2.596373	13.984992	2.269920	2.623605	32.106700	-11.241200	25.000000
14.008566	2.278140	2.596373	14.021769	2.277054	2.610819	32.106700	-10.680400	25.000000
14.008605	2.278137	2.596365	13.957077	2.271603	2.610819	32.106700	-9.582680	25.000000
14.007916	2.278179	2.596325	14.035669	2.266888	2.594804	32.935900	-25.606800	25.000000
14.007916	2.278179	2.596325	14.035669	2.266888	2.594804	32.935900	-23.948300	25.000000
14.007916	2.278179	2.596325	13.971757	2.261396	2.594804	32.935900	-22.850600	25.000000
14.007916	2.278179	2.596325	13.974620	2.251980	2.599593	32.935900	-22.289800	25.000000
14.007916	2.278179	2.596325	14.077997	2.255176	2.591739	32.935900	-21.192100	25.000000
14.007916	2.278179	2.596325	14.041367	2.248133	2.604308	32.935900	-20.631300	25.000000
14.007916	2.278179	2.596325	14.086518	2.236499	2.601173	32.935900	-19.533600	25.000000
14.007916	2.278179	2.596325	13.984634	2.233132	2.608949	32.935900	-18.972800	25.000000
14.007916	2.278179	2.596325	14.013208	2.231543	2.621325	32.935900	-17.875100	25.000000
14.007916	2.278179	2.596325	14.074800	2.237153	2.621325	32.935900	-17.314300	25.000000
14.007916	2.278179	2.596325	13.967820	2.243190	2.624717	32.935900	-16.216600	25.000000
14.007916	2.278179	2.596325	13.924439	2.254905	2.628194	32.935900	-15.655800	25.000000
14.007916	2.278179	2.596325	13.967820	2.243190	2.624717	32.935900	-14.558100	25.000000
14.008310	2.278155	2.596244	13.984992	2.269920	2.623605	32.935900	-13.997400	25.000000
14.007916	2.278179	2.596325	14.023195	2.267631	2.615526	32.935900	-12.899600	25.000000
14.007916	2.278179	2.596325	13.996071	2.269254	2.602773	32.935900	-12.338900	25.000000
14.007916	2.278179	2.596325	14.126217	2.270763	2.607522	32.935900	-11.241200	25.000000
14.007916	2.278179	2.596325	13.996071	2.269254	2.602773	32.935900	-10.680400	25.000000
14.007916	2.278179	2.596325	14.021769	2.277054	2.610819	32.935900	-9.021890	25.000000
14.007916	2.278179	2.596325	13.996071	2.269254	2.602773	32.935900	-7.924190	25.000000
14.007916	2.278179	2.596325	14.035669	2.266888	2.594804	33.765100	-23.948300	25.000000
14.007916	2.278179	2.596325	14.035669	2.266888	2.594804	33.765100	-22.850600	25.000000
14.007916	2.278179	2.596325	14.012138	2.259017	2.586911	33.765100	-22.289800	25.000000
14.007916	2.278179	2.596325	14.037806	2.257514	2.599593	33.765100	-21.192100	25.000000
14.007916	2.278179	2.596325	14.037806	2.257514	2.599593	33.765100	-20.631300	25.000000
14.007916	2.278179	2.596325	14.104255	2.253658	2.604308	33.765100	-19.533600	25.000000
14.007916	2.278179	2.596325	14.001786	2.250408	2.612196	33.765100	-18.972800	25.000000
14.007916	2.278179	2.596325	13.974620	2.251980	2.599593	33.765100	-17.875100	25.000000
14.007916	2.278179	2.596325	14.001786	2.250408	2.612196	33.765100	-17.314300	25.000000
14.007916	2.278179	2.596325	13.959226	2.262138	2.615526	33.765100	-16.216600	25.000000
14.007916	2.278179	2.596325	13.959226	2.262138	2.615526	33.765100	-15.655800	25.000000
14.007916	2.278179	2.596325	13.959226	2.262138	2.615526	33.765100	-14.558100	25.000000
14.008310	2.278155	2.596244	14.023195	2.267631	2.615526	33.765100	-13.997400	25.000000
14.007916	2.278179	2.596325	13.957077	2.271603	2.610819	33.765100	-12.899600	25.000000
14.007916	2.278179	2.596325	13.996071	2.269254	2.602773	33.765100	-12.338900	25.000000
14.007916	2.278179	2.596325	14.021769	2.277054	2.610819	33.765100	-11.241200	25.000000
14.007916	2.278179	2.596325	13.996071	2.269254	2.602773	34.594400	-22.850600	25.000000
14.007916	2.278179	2.596325	14.035669	2.266888	2.594804	34.594400	-22.289800	25.000000
14.007916	2.278179	2.596325	13.996071	2.269254	2.602773	34.594400	-21.192100	25.000000
14.007916	2.278179	2.596325	13.931978	2.263757	2.602773	34.594400	-20.631300	25.000000
14.007916	2.278179	2.596325	13.931978	2.263757	2.602773	34.594400	-19.533600	25.000000
14.007916	2.278179	2.596325	13.998214	2.259835	2.607522	34.594400	-18.972800	25.000000
14.007916	2.278179	2.596325	13.998214	2.259835	2.607522	34.594400	-17.875100	25.000000
14.007916	2.278179	2.596325	14.062006	2.265324	2.607522	34.594400	-17.314300	25.000000
14.007916	2.278179	2.596325	14.062006	2.265324	2.607522	34.594400	-16.216600	25.000000
14.007916	2.278179	2.596325	13.996071	2.269254	2.602773	34.594400	-15.655800	25.000000
14.007916	2.278179	2.596325	14.062006	2.265324	2.607522	34.594400	-14.558100	25.000000
14.008310	2.278155	2.596244	13.996071	2.269254	2.602773	34.594400	-13.997400	25.000000
14.007916	2.278179	2.596325	14.035669	2.266888	2.594804	35.423600	-23.948300	25.000000
14.007916	2.278179	2.596325	14.035669	2.266888	2.594804	35.423600	-22.289800	25.000000
14.007916	2.278179	2.596325	13.996071	2.269254	2.602773	35.423600	-20.631300	25.000000
14.007916	2.278179	2.596325	13.996071	2.269254	2.602773	35.423600	-19.533600	25.000000
14.007916	2.278179	2.596325	14.062006	2.265324	2.607522	35.423600	-18.972800	25.000000
14.007916	2.278179	2.596325	13.996071	2.269254	2.602773	35.423600	-17.875100	25.000000
14.007916	2.278179	2.596325	14.035669	2.266888	2.594804	35.423600	-17.314300	25.000000
14.007916	2.278179	2.596325	13.996071	2.269254	2.602773	35.423600	-16.216600	25.000000
14.007916	2.278179	2.596325	13.996071	2.269254	2.602773	35.423600	-14.558100	25.000000
14.007955	2.278177	2.596317	14.035669	2.266888	2.594804	35.423600	-9.582680	25.000000
14.008566	2.278140	2.596373	14.035669	2.266888	2.594804	36.252900	-23.948300	25.000000
14.008566	2.278140	2.596373	13.996071	2.269254	2.602773	36.252900	-19.533600	25.000000
14.008566	2.278140	2.596373	13.996071	2.269254	2.602773	36.252900	-18.972800	25.000000
14.008566	2.278140	2.596373	13.996071	2.269254	2.602773	36.252900	-16.216600	25.000000
14.008566	2.278140	2.596373	13.996071	2.269254	2.602773	36.252900	-14.558100	25.000000
14.007916	2.278179	2.596325	14.035669	2.266888	2.594804	37.082100	-24.509100	25.000000
14.007916	2.278179	2.596325	14.035669	2.266888	2.594804	37.911300	-21.192100	25.000000
14.007916	2.278179	2.596325	14.035669	2.266888	2.594804	38.740600	-21.192100	25.000000
14.007916	2.278179	2.596325	13.996071	2.269254	2.602773	38.740600	-17.875100	25.000000
14.007916	2.278179	2.596325	13.996071	2.269254	2.602773	40.399100	-23.948300	25.000000
