8.985188	2.278180	5.257655	8.998333	2.271249	5.280233	-31.987500	24.995300	25.000000
8.985188	2.278180	5.257655	9.063112	2.265238	5.272510	-31.987500	27.787800	25.000000
8.985188	2.278180	5.257655	8.998333	2.271249	5.280233	-31.140100	21.605600	25.000000
8.985188	2.278180	5.257655	8.934204	2.262691	5.280233	-31.140100	24.995300	25.000000
8.985188	2.278180	5.257655	8.999444	2.256700	5.272510	-31.140100	26.690100	25.000000
8.985188	2.278180	5.257655	8.998333	2.271249	5.280233	-31.140100	27.787800	25.000000
8.984538	2.278242	5.257731	8.934204	2.262691	5.280233	-31.140100	28.384900	25.000000
8.984538	2.278242	5.257731	9.063112	2.265238	5.272510	-31.140100	29.482600	25.000000
8.985188	2.278180	5.257655	8.934204	2.262691	5.280233	-31.140100	30.079800	25.000000
8.985188	2.278180	5.257655	8.998333	2.271249	5.280233	-31.140100	31.177500	25.000000
8.985188	2.278180	5.257655	8.934204	2.262691	5.280233	-31.140100	31.774600	25.000000
8.985188	2.278180	5.257655	8.999444	2.256700	5.272510	-31.140100	32.872300	25.000000
8.985188	2.278180	5.257655	8.999444	2.256700	5.272510	-31.140100	33.469500	25.000000
8.984794	2.278217	5.257530	8.998333	2.271249	5.280233	-30.292600	21.605600	25.000000
8.984794	2.278217	5.257530	8.998333	2.271249	5.280233	-30.292600	22.703300	25.000000
8.984794	2.278217	5.257530	8.998333	2.271249	5.280233	-30.292600	23.300400	25.000000
8.984794	2.278217	5.257530	8.998333	2.271249	5.280233	-30.292600	24.398100	25.000000
8.984794	2.278217	5.257530	9.104395	2.261468	5.284583	-30.292600	24.995300	25.000000
8.984794	2.278217	5.257530	8.976079	2.258832	5.292392	-30.292600	26.093000	25.000000
8.984794	2.278217	5.257530	8.934204	2.262691	5.280233	-30.292600	26.690100	25.000000
8.984794	2.278217	5.257530	8.934204	2.262691	5.280233	-30.292600	27.787800	25.000000
8.984144	2.278279	5.257606	9.041018	2.252942	5.284583	-30.292600	28.384900	25.000000
8.984144	2.278279	5.257606	8.934204	2.262691	5.280233	-30.292600	29.482600	25.000000
8.984794	2.278217	5.257530	9.041018	2.252942	5.284583	-30.292600	30.079800	25.000000
8.984794	2.278217	5.257530	8.936442	2.248040	5.272510	-30.292600	31.177500	25.000000
8.984794	2.278217	5.257530	8.999444	2.256700	5.272510	-30.292600	31.774600	25.000000
8.984794	2.278217	5.257530	8.934204	2.262691	5.280233	-30.292600	32.872300	25.000000
8.984794	2.278217	5.257530	8.958795	2.260419	5.260253	-30.292600	33.469500	25.000000
8.985188	2.278180	5.257655	8.998333	2.271249	5.280233	-29.445200	18.215900	25.000000
8.984538	2.278242	5.257731	8.998333	2.271249	5.280233	-29.445200	19.910700	25.000000
8.984538	2.278242	5.257731	8.934204	2.277316	5.288147	-29.445200	21.008400	25.000000
8.985188	2.278180	5.257655	9.039912	2.267378	5.292392	-29.445200	21.605600	25.000000
8.985188	2.278180	5.257655	8.869611	2.268740	5.288147	-29.445200	22.703300	25.000000
8.985188	2.278180	5.257655	8.954887	2.260779	5.312439	-29.445200	23.300400	25.000000
8.985188	2.278180	5.257655	9.082401	2.263471	5.304360	-29.445200	24.398100	25.000000
8.985188	2.278180	5.257655	8.956004	2.246285	5.304360	-29.445200	24.995300	25.000000
8.985188	2.278180	5.257655	8.954887	2.260779	5.312439	-29.445200	26.093000	25.000000
8.985188	2.278180	5.257655	9.000000	2.242375	5.316138	-29.445200	26.690100	25.000000
8.985188	2.278180	5.257655	8.938121	2.233616	5.316138	-29.445200	27.787800	25.000000
8.984538	2.278242	5.257731	8.959353	2.231767	5.296470	-29.445200	28.384900	25.000000
8.984538	2.278242	5.257731	9.021086	2.240518	5.296470	-29.445200	29.482600	25.000000
8.985188	2.278180	5.257655	8.978307	2.244296	5.284583	-29.445200	30.079800	25.000000
8.985188	2.278180	5.257655	8.912912	2.250165	5.292392	-29.445200	31.177500	25.000000
8.985188	2.278180	5.257655	9.065319	2.250767	5.264973	-29.445200	31.774600	25.000000
8.985188	2.278180	5.257655	8.978307	2.244296	5.284583	-29.445200	32.872300	25.000000
8.985188	2.278180	5.257655	8.999444	2.256700	5.272510	-29.445200	33.469500	25.000000
8.985188	2.278180	5.257655	8.999444	2.256700	5.272510	-29.445200	34.567200	25.000000
8.985188	2.278180	5.257655	8.934204	2.262691	5.280233	-29.445200	35.164300	25.000000
8.985188	2.278180	5.257655	8.958795	2.260419	5.260253	-29.445200	36.262000	25.000000
8.984538	2.278242	5.257731	8.958795	2.260419	5.260253	-29.445200	37.956800	25.000000
8.985188	2.278180	5.257655	8.893256	2.281252	5.275705	-28.597800	18.215900	25.000000
8.985188	2.278180	5.257655	9.063112	2.279685	5.280233	-28.597800	19.313600	25.000000
8.984538	2.278242	5.257731	8.976079	2.273341	5.300392	-28.597800	19.910700	25.000000
8.984538	2.278242	5.257731	8.998333	2.271249	5.280233	-28.597800	21.008400	25.000000
8.985188	2.278180	5.257655	8.954887	2.260779	5.312439	-28.597800	21.605600	25.000000
8.985188	2.278180	5.257655	9.062560	2.251013	5.316138	-28.597800	22.703300	25.000000
8.985188	2.278180	5.257655	8.964374	2.245537	5.355890	-28.597800	23.300400	25.000000
8.985188	2.278180	5.257655	8.935883	2.262536	5.332638	-28.597800	24.398100	25.000000
8.985188	2.278180	5.257655	9.016097	2.212959	5.350350	-28.597800	24.995300	25.000000
8.985188	2.278180	5.257655	8.952095	2.218317	5.358691	-28.597800	26.093000	25.000000
8.985188	2.278180	5.257655	8.956562	2.204018	5.350350	-28.597800	26.690100	25.000000
8.985188	2.278180	5.257655	9.064215	2.208995	5.361385	-28.597800	27.787800	25.000000
8.984538	2.278242	5.257731	9.040465	2.197222	5.323115	-28.597800	28.384900	25.000000
8.984538	2.278242	5.257731	8.908984	2.207944	5.339132	-28.597800	29.482600	25.000000
8.985188	2.278180	5.257655	8.928046	2.206365	5.319694	-28.597800	30.079800	25.000000
8.985188	2.278180	5.257655	9.069179	2.222384	5.300392	-28.597800	31.177500	25.000000
8.985188	2.278180	5.257655	9.025519	2.226079	5.288764	-28.597800	31.774600	25.000000
8.985188	2.278180	5.257655	8.916277	2.235530	5.284583	-28.597800	32.872300	25.000000
8.985188	2.278180	5.257655	9.002777	2.242129	5.264973	-28.597800	33.469500	25.000000
8.985188	2.278180	5.257655	9.002777	2.242129	5.264973	-28.597800	34.567200	25.000000
8.985188	2.278180	5.257655	8.999444	2.256700	5.272510	-28.597800	35.164300	25.000000
8.985188	2.278180	5.257655	8.958795	2.260419	5.260253	-28.597800	36.262000	25.000000
8.984538	2.278242	5.257731	8.958795	2.260419	5.260253	-28.597800	36.859100	25.000000
8.985188	2.278180	5.257655	9.063112	2.279685	5.280233	-27.750400	17.618800	25.000000
8.985188	2.278180	5.257655	8.976079	2.273341	5.300392	-27.750400	18.215900	25.000000
8.985188	2.278180	5.257655	8.976079	2.273341	5.300392	-27.750400	19.313600	25.000000
8.984538	2.278242	5.257731	8.935883	2.262536	5.332638	-27.750400	19.910700	25.000000
8.984538	2.278242	5.257731	9.018869	2.269331	5.312439	-27.750400	21.008400	25.000000
8.985188	2.278180	5.257655	8.986100	2.229455	5.398118	-27.750400	21.605600	25.000000
8.985188	2.278180	5.257655	8.949860	2.246835	5.375945	-27.750400	22.703300	25.000000
8.985188	2.278180	5.257655	9.070281	2.167932	5.460069	-27.750400	23.300400	25.000000
8.985188	2.278180	5.257655	8.967162	2.217047	5.428591	-27.750400	24.398100	25.000000
8.985188	2.278180	5.257655	8.905055	2.140069	5.460069	-27.750400	24.995300	25.000000
8.985188	2.278180	5.257655	9.029950	2.131243	5.442289	-27.750400	26.093000	25.000000
8.985188	2.278180	5.257655	9.046546	2.104217	5.443296	-27.750400	26.690100	25.000000
8.985188	2.278180	5.257655	8.933085	2.111734	5.423848	-27.750400	27.787800	25.000000
8.984538	2.278242	5.257731	8.943154	2.111057	5.405458	-27.750400	28.384900	25.000000
8.984538	2.278242	5.257731	9.022749	2.131744	5.358508	-27.750400	29.482600	25.000000
8.985188	2.278180	5.257655	9.051519	2.156029	5.318772	-27.750400	30.079800	25.000000
8.985188	2.278180	5.257655	8.857765	2.184337	5.331033	-27.750400	31.177500	25.000000
8.985188	2.278180	5.257655	8.837986	2.213903	5.296470	-27.750400	31.774600	25.000000
8.985188	2.278180	5.257655	9.071384	2.181240	5.296660	-27.750400	32.872300	25.000000
8.985188	2.278180	5.257655	8.978307	2.244296	5.284583	-27.750400	33.469500	25.000000
8.985188	2.278180	5.257655	9.049862	2.224013	5.269513	-27.750400	34.567200	25.000000
8.985188	2.278180	5.257655	9.002777	2.242129	5.264973	-27.750400	35.164300	25.000000
8.985188	2.278180	5.257655	9.024965	2.254388	5.252808	-27.750400	36.262000	25.000000
8.984538	2.278242	5.257731	8.958795	2.260419	5.260253	-27.750400	37.956800	25.000000
8.985188	2.278180	5.257655	8.958795	2.260419	5.260253	-27.750400	39.651700	25.000000
8.985188	2.278180	5.257655	8.999444	2.285768	5.288147	-26.903000	16.521100	25.000000
8.985188	2.278180	5.257655	9.063112	2.279685	5.280233	-26.903000	17.618800	25.000000
8.985188	2.278180	5.257655	8.893818	2.281198	5.329190	-26.903000	18.215900	25.000000
8.985188	2.278180	5.257655	9.000000	2.271093	5.332638	-26.903000	19.313600	25.000000
8.984538	2.278242	5.257731	9.097802	2.233859	5.408913	-26.903000	19.910700	25.000000
8.984538	2.278242	5.257731	8.882004	2.267570	5.414646	-26.903000	21.008400	25.000000
8.985188	2.278180	5.257655	9.007774	2.199851	5.488079	-26.903000	21.605600	25.000000
8.985188	2.278180	5.257655	8.993887	2.133761	5.600231	-26.903000	22.703300	25.000000
8.985188	2.278180	5.257655	9.201087	1.926004	5.679107	-26.903000	23.300400	25.000000
8.985188	2.278180	5.257655	8.806248	2.055085	5.698741	-26.903000	24.398100	25.000000
8.985188	2.278180	5.257655	9.202766	1.849300	5.682644	-26.903000	24.995300	25.000000
8.985188	2.278180	5.257655	8.750291	1.770981	5.730766	-26.903000	26.093000	25.000000
8.985188	2.278180	5.257655	8.991084	1.779173	5.578258	-26.903000	26.690100	25.000000
8.985188	2.278180	5.257655	9.020887	1.746854	5.657700	-26.903000	27.787800	25.000000
8.984538	2.278242	5.257731	9.388291	1.907310	5.425911	-26.903000	28.384900	25.000000
8.984538	2.278242	5.257731	8.544589	1.879985	5.541238	-26.903000	29.482600	25.000000
8.985188	2.278180	5.257655	8.697701	2.087922	5.366472	-26.903000	30.079800	25.000000
8.985188	2.278180	5.257655	9.152595	2.010983	5.360721	-26.903000	31.177500	25.000000
8.985188	2.278180	5.257655	9.038805	2.170301	5.278090	-26.903000	31.774600	25.000000
8.985188	2.278180	5.257655	8.889319	2.127893	5.318772	-26.903000	32.872300	25.000000
8.985188	2.278180	5.257655	9.100000	2.206081	5.273883	-26.903000	33.469500	25.000000
8.985188	2.278180	5.257655	8.905055	2.208271	5.288764	-26.903000	34.567200	25.000000
8.985188	2.278180	5.257655	8.982761	2.229742	5.276958	-26.903000	35.164300	25.000000
8.985188	2.278180	5.257655	9.065319	2.250767	5.264973	-26.903000	36.262000	25.000000
8.984538	2.278242	5.257731	9.024965	2.254388	5.252808	-26.903000	36.859100	25.000000
8.984538	2.278242	5.257731	8.895504	2.251746	5.260253	-26.903000	37.956800	25.000000
8.984794	2.278217	5.257530	8.998333	2.271249	5.280233	-26.055500	14.826200	25.000000
8.984794	2.278217	5.257530	8.958795	2.289714	5.275705	-26.055500	15.923900	25.000000
8.984794	2.278217	5.257530	9.083502	2.277761	5.312439	-26.055500	16.521100	25.000000
8.984794	2.278217	5.257530	8.916277	2.293895	5.316988	-26.055500	17.618800	25.000000
8.984794	2.278217	5.257530	8.974408	2.288193	5.382511	-26.055500	18.215900	25.000000
8.984794	2.278217	5.257530	9.046546	2.266764	5.436639	-26.055500	19.313600	25.000000
8.984144	2.278279	5.257606	9.274697	2.153021	5.598364	-26.055500	19.910700	25.000000
8.984144	2.278279	5.257606	8.701149	2.255057	5.666384	-26.055500	21.008400	25.000000
8.984794	2.278217	5.257530	9.065319	2.077578	5.768734	-26.055500	21.605600	25.000000
8.984794	2.278217	5.257530	8.884819	2.063167	5.790974	-26.055500	22.703300	25.000000
8.984794	2.278217	5.257530	9.700515	2.041579	5.563267	-26.055500	23.300400	25.000000
8.984794	2.278217	5.257530	8.095678	2.220890	5.552677	-26.055500	24.398100	25.000000
8.984794	2.278217	5.257530	8.628441	2.261950	5.476514	-26.055500	24.995300	25.000000
8.984794	2.278217	5.257530	9.244458	2.181344	5.451092	-26.055500	26.093000	25.000000
8.984794	2.278217	5.257530	9.638278	1.788314	5.535363	-26.055500	26.690100	25.000000
8.984794	2.278217	5.257530	8.399667	1.735837	5.765536	-26.055500	27.787800	25.000000
8.984144	2.278279	5.257606	10.200980	1.146450	5.728007	-26.055500	28.384900	25.000000
8.984144	2.278279	5.257606	7.529276	1.274277	5.625796	-26.055500	29.482600	25.000000
8.984794	2.278217	5.257530	7.761984	1.794244	5.469757	-26.055500	30.079800	25.000000
8.984794	2.278217	5.257530	10.058350	1.718474	5.398118	-26.055500	31.177500	25.000000
8.984794	2.278217	5.257530	9.413288	2.057171	5.283726	-26.055500	31.774600	25.000000
8.984794	2.278217	5.257530	8.595929	2.081285	5.355890	-26.055500	32.872300	25.000000
8.984794	2.278217	5.257530	9.041018	2.197178	5.273883	-26.055500	33.469500	25.000000
8.984794	2.278217	5.257530	8.972736	2.148496	5.289322	-26.055500	34.567200	25.000000
8.984794	2.278217	5.257530	8.989438	2.215179	5.269513	-26.055500	35.164300	25.000000
8.984794	2.278217	5.257530	9.002777	2.242129	5.264973	-26.055500	36.262000	25.000000
8.984144	2.278279	5.257606	9.024965	2.254388	5.252808	-26.055500	36.859100	25.000000
8.984144	2.278279	5.257606	8.962143	2.245736	5.252808	-26.055500	37.956800	25.000000
8.984794	2.278217	5.257530	9.049309	2.266509	5.240463	-26.055500	39.651700	25.000000
8.985188	2.278180	5.257655	8.999444	2.285768	5.288147	-25.208100	13.131400	25.000000
8.985188	2.278180	5.257655	9.044335	2.296148	5.308588	-25.208100	14.826200	25.000000
8.985188	2.278180	5.257655	8.999444	2.285768	5.288147	-25.208100	15.923900	25.000000
8.985188	2.278180	5.257655	8.778383	2.307845	5.355890	-25.208100	16.521100	25.000000
8.985188	2.278180	5.257655	9.093954	2.276780	5.364560	-25.208100	17.618800	25.000000
8.985188	2.278180	5.257655	9.250946	2.234646	5.526905	-25.208100	18.215900	25.000000
8.985188	2.278180	5.257655	8.719518	2.313990	5.630339	-25.208100	19.313600	25.000000
8.984538	2.278242	5.257731	10.107918	2.157983	5.506190	-25.208100	19.910700	25.000000
8.984538	2.278242	5.257731	7.771744	2.585322	5.532256	-25.208100	21.008400	25.000000
8.985188	2.278180	5.257655	9.610541	2.371666	5.055413	-25.208100	21.605600	25.000000
8.985188	2.278180	5.257655	8.365698	2.304197	4.781633	-25.208100	22.703300	25.000000
8.985188	2.278180	5.257655	7.879721	2.436341	4.310068	-25.208100	23.300400	25.000000
8.985188	2.278180	5.257655	10.066280	2.382112	3.906585	-25.208100	24.398100	25.000000
8.985188	2.278180	5.257655	8.233687	2.815583	3.530550	-25.208100	24.995300	25.000000
8.985188	2.278180	5.257655	9.712060	2.557141	4.564422	-25.208100	26.093000	25.000000
8.985188	2.278180	5.257655	8.635971	2.322917	5.190220	-25.208100	26.690100	25.000000
8.985188	2.278180	5.257655	9.292470	2.231155	5.059996	-25.208100	27.787800	25.000000
8.984538	2.278242	5.257731	9.292470	1.798755	5.482163	-25.208100	28.384900	25.000000
8.984538	2.278242	5.257731	8.714930	2.034773	5.296833	-25.208100	29.482600	25.000000
8.985188	2.278180	5.257655	8.414868	0.949238	5.622142	-25.208100	30.079800	25.000000
8.985188	2.278180	5.257655	9.526804	1.316132	5.421015	-25.208100	31.177500	25.000000
8.985188	2.278180	5.257655	9.658675	1.800588	5.323986	-25.208100	31.774600	25.000000
8.985188	2.278180	5.257655	8.341463	1.977533	5.340226	-25.208100	32.872300	25.000000
8.985188	2.278180	5.257655	8.857200	2.157024	5.285355	-25.208100	33.469500	25.000000
8.985188	2.278180	5.257655	9.102747	2.100575	5.261542	-25.208100	34.567200	25.000000
8.985188	2.278180	5.257655	9.026073	2.198377	5.243419	-25.208100	35.164300	25.000000
8.985188	2.278180	5.257655	8.940917	2.233372	5.264973	-25.208100	36.262000	25.000000
8.984538	2.278242	5.257731	9.029396	2.239789	5.245545	-25.208100	36.859100	25.000000
8.984538	2.278242	5.257731	9.024965	2.254388	5.252808	-25.208100	37.956800	25.000000
8.985188	2.278180	5.257655	8.958795	2.260419	5.260253	-25.208100	39.651700	25.000000
8.984538	2.278242	5.257731	8.919081	2.293618	5.263065	-24.360700	12.534200	25.000000
8.985188	2.278180	5.257655	8.999444	2.285768	5.288147	-24.360700	13.131400	25.000000
8.985188	2.278180	5.257655	8.936442	2.291905	5.296259	-24.360700	14.229100	25.000000
8.985188	2.278180	5.257655	8.916277	2.293895	5.316988	-24.360700	14.826200	25.000000
8.985188	2.278180	5.257655	9.069179	2.293722	5.341185	-24.360700	15.923900	25.000000
8.985188	2.278180	5.257655	9.167333	2.284315	5.477382	-24.360700	16.521100	25.000000
8.985188	2.278180	5.257655	8.819864	2.334527	5.453372	-24.360700	17.618800	25.000000
8.985188	2.278180	5.257655	9.814275	2.228567	5.314676	-24.360700	18.215900	25.000000
8.985188	2.278180	5.257655	8.117881	2.439893	5.551789	-24.360700	19.313600	25.000000
8.984538	2.278242	5.257731	9.227264	2.143460	4.408581	-24.360700	19.910700	25.000000
8.984538	2.278242	5.257731	8.742019	2.296233	4.600550	-24.360700	21.008400	25.000000
8.985188	2.278180	5.257655	11.053506	1.826900	4.278022	-24.360700	21.605600	25.000000
8.985188	2.278180	5.257655	6.521503	2.014568	4.011129	-24.360700	22.703300	25.000000
8.985188	2.278180	5.257655	8.784851	1.968205	3.149000	-24.360700	23.300400	25.000000
8.985188	2.278180	5.257655	9.197956	1.789987	3.273408	-24.360700	24.398100	25.000000
8.985188	2.278180	5.257655	9.362692	2.146846	3.899970	-24.360700	24.995300	25.000000
8.985188	2.278180	5.257655	8.649277	2.201415	3.554003	-24.360700	26.093000	25.000000
8.985188	2.278180	5.257655	7.843475	2.461821	3.448591	-24.360700	26.690100	25.000000
8.985188	2.278180	5.257655	9.929250	2.524858	3.753745	-24.360700	27.787800	25.000000
8.984538	2.278242	5.257731	7.657212	2.430204	5.736248	-24.360700	28.384900	25.000000
8.984538	2.278242	5.257731	10.085975	2.719315	4.374572	-24.360700	29.482600	25.000000
8.985188	2.278180	5.257655	9.161856	1.531493	5.412722	-24.360700	30.079800	25.000000
8.985188	2.278180	5.257655	8.814925	1.885676	5.336799	-24.360700	31.177500	25.000000
8.985188	2.278180	5.257655	10.186702	1.390170	5.341919	-24.360700	31.774600	25.000000
8.985188	2.278180	5.257655	7.600895	1.562902	5.282145	-24.360700	32.872300	25.000000
8.985188	2.278180	5.257655	8.514693	2.059834	5.289322	-24.360700	33.469500	25.000000
8.985188	2.278180	5.257655	9.309135	2.075326	5.225447	-24.360700	34.567200	25.000000
8.985188	2.278180	5.257655	9.016097	2.212959	5.250433	-24.360700	35.164300	25.000000
8.985188	2.278180	5.257655	9.079648	2.180604	5.248200	-24.360700	36.262000	25.000000
8.984538	2.278242	5.257731	8.900000	2.236964	5.252808	-24.360700	36.859100	25.000000
8.984538	2.278242	5.257731	9.029396	2.239789	5.245545	-24.360700	37.956800	25.000000
8.985188	2.278180	5.257655	9.024965	2.254388	5.252808	-24.360700	38.554000	25.000000
8.985188	2.278180	5.257655	9.049309	2.266509	5.240463	-24.360700	39.651700	25.000000
8.985188	2.278180	5.257655	8.999444	2.285768	5.288147	-23.513300	13.131400	25.000000
8.985188	2.278180	5.257655	9.002777	2.300248	5.296259	-23.513300	14.229100	25.000000
8.985188	2.278180	5.257655	9.049309	2.310521	5.391803	-23.513300	14.826200	25.000000
8.985188	2.278180	5.257655	8.861715	2.314570	5.334421	-23.513300	15.923900	25.000000
8.985188	2.278180	5.257655	9.051519	2.325356	5.572914	-23.513300	16.521100	25.000000
8.985188	2.278180	5.257655	9.016651	2.360008	5.699549	-23.513300	17.618800	25.000000
8.985188	2.278180	5.257655	11.447270	1.890711	4.601732	-23.513300	18.215900	25.000000
8.985188	2.278180	5.257655	5.412402	2.552462	4.782275	-23.513300	19.313600	25.000000
8.984538	2.278242	5.257731	8.911930	1.711522	4.039418	-23.513300	19.910700	25.000000
8.984538	2.278242	5.257731	9.008379	1.685385	4.394172	-23.513300	21.008400	25.000000
8.985188	2.278180	5.257655	7.801282	1.324772	3.917645	-23.513300	21.605600	25.000000
8.985188	2.278180	5.257655	9.974969	1.136189	3.491308	-23.513300	22.703300	25.000000
8.985188	2.278180	5.257655	8.563697	1.258641	3.030935	-23.513300	23.300400	25.000000
8.985188	2.278180	5.257655	9.351331	1.469031	3.717968	-23.513300	24.398100	25.000000
8.985188	2.278180	5.257655	7.681172	1.633328	3.675301	-23.513300	24.995300	25.000000
8.985188	2.278180	5.257655	10.079702	1.622408	3.372114	-23.513300	26.093000	25.000000
8.985188	2.278180	5.257655	7.049823	2.512448	2.873226	-23.513300	26.690100	25.000000
8.985188	2.278180	5.257655	10.551303	1.829567	2.651635	-23.513300	27.787800	25.000000
8.984538	2.278242	5.257731	8.488930	2.519779	1.536613	-23.513300	28.384900	25.000000
8.984538	2.278242	5.257731	9.207961	2.541658	4.609103	-23.513300	29.482600	25.000000
8.985188	2.278180	5.257655	10.386048	2.106330	5.090816	-23.513300	30.079800	25.000000
8.985188	2.278180	5.257655	7.362744	2.435012	5.364258	-23.513300	31.177500	25.000000
8.985188	2.278180	5.257655	7.244998	1.218488	5.202346	-23.513300	31.774600	25.000000
8.985188	2.278180	5.257655	10.541347	1.010731	5.306603	-23.513300	32.872300	25.000000
8.985188	2.278180	5.257655	8.741281	2.071997	5.246097	-23.513300	33.469500	25.000000
8.985188	2.278180	5.257655	9.102747	1.918305	5.238781	-23.513300	34.567200	25.000000
8.985188	2.278180	5.257655	8.956562	2.204018	5.250433	-23.513300	35.164300	25.000000
8.985188	2.278180	5.257655	9.038252	2.157002	5.241419	-23.513300	36.262000	25.000000
8.984538	2.278242	5.257731	8.922444	2.249302	5.240463	-23.513300	36.859100	25.000000
8.984538	2.278242	5.257731	8.967720	2.231042	5.245545	-23.513300	37.956800	25.000000
8.985188	2.278180	5.257655	8.985544	2.257967	5.240463	-23.513300	38.554000	25.000000
8.985188	2.278180	5.257655	9.024965	2.254388	5.252808	-23.513300	39.651700	25.000000
8.984538	2.278242	5.257731	8.958795	2.289714	5.275705	-22.665900	11.436500	25.000000
8.984538	2.278242	5.257731	8.999444	2.285768	5.288147	-22.665900	12.534200	25.000000
8.985188	2.278180	5.257655	9.044335	2.296148	5.308588	-22.665900	13.131400	25.000000
8.985188	2.278180	5.257655	8.940917	2.306450	5.304576	-22.665900	14.229100	25.000000
8.985188	2.278180	5.257655	8.843642	2.331955	5.387130	-22.665900	14.826200	25.000000
8.985188	2.278180	5.257655	9.007774	2.345348	5.464832	-22.665900	15.923900	25.000000
8.985188	2.278180	5.257655	10.050871	2.222966	5.310808	-22.665900	16.521100	25.000000
8.985188	2.278180	5.257655	7.829432	2.314384	5.387130	-22.665900	17.618800	25.000000
8.985188	2.278180	5.257655	10.973805	1.490519	4.318301	-22.665900	18.215900	25.000000
8.985188	2.278180	5.257655	6.320411	1.608778	4.305418	-22.665900	19.313600	25.000000
8.984538	2.278242	5.257731	9.941328	1.211019	4.349845	-22.665900	19.910700	25.000000
8.984538	2.278242	5.257731	7.887332	1.301296	4.095198	-22.665900	21.008400	25.000000
8.985188	2.278180	5.257655	8.211358	0.657395	3.225396	-22.665900	21.605600	25.000000
8.985188	2.278180	5.257655	9.740000	0.707862	3.592529	-22.665900	22.703300	25.000000
8.985188	2.278180	5.257655	8.751000	0.934504	3.535291	-22.665900	23.300400	25.000000
8.985188	2.278180	5.257655	9.185859	1.046309	3.837941	-22.665900	24.398100	25.000000
8.985188	2.278180	5.257655	9.366691	1.007701	3.069566	-22.665900	24.995300	25.000000
8.985188	2.278180	5.257655	8.612346	1.100850	2.871343	-22.665900	26.093000	25.000000
8.985188	2.278180	5.257655	4.560713	2.153583	3.663996	-22.665900	26.690100	25.000000
8.985188	2.278180	5.257655	11.410083	1.544501	2.014839	-22.665900	27.787800	25.000000
8.984538	2.278242	5.257731	7.905827	2.432471	2.217017	-22.665900	28.384900	25.000000
8.984538	2.278242	5.257731	9.814403	2.379549	3.592040	-22.665900	29.482600	25.000000
8.985188	2.278180	5.257655	10.847101	2.471267	4.509173	-22.665900	30.079800	25.000000
8.985188	2.278180	5.257655	6.566346	2.653634	5.736638	-22.665900	31.177500	25.000000
8.985188	2.278180	5.257655	8.046422	1.454958	5.265683	-22.665900	31.774600	25.000000
8.985188	2.278180	5.257655	9.887492	1.299464	5.180731	-22.665900	32.872300	25.000000
8.985188	2.278180	5.257655	9.828021	1.913224	5.171206	-22.665900	33.469500	25.000000
8.985188	2.278180	5.257655	8.055433	1.821700	5.250611	-22.665900	34.567200	25.000000
8.985188	2.278180	5.257655	8.967720	2.189350	5.243419	-22.665900	35.164300	25.000000
8.985188	2.278180	5.257655	9.087904	2.140257	5.216949	-22.665900	36.262000	25.000000
8.984538	2.278242	5.257731	8.962143	2.245736	5.252808	-22.665900	36.859100	25.000000
8.984538	2.278242	5.257731	9.058146	2.237283	5.226309	-22.665900	37.956800	25.000000
8.985188	2.278180	5.257655	9.049309	2.266509	5.240463	-22.665900	38.554000	25.000000
8.985188	2.278180	5.257655	8.958795	2.260419	5.260253	-22.665900	39.651700	25.000000
8.984144	2.278279	5.257606	8.895504	2.295958	5.283726	-21.818400	11.436500	25.000000
8.984144	2.278279	5.257606	9.065319	2.294098	5.288147	-21.818400	12.534200	25.000000
8.984794	2.278217	5.257530	8.929726	2.322811	5.334421	-21.818400	13.131400	25.000000
8.984794	2.278217	5.257530	8.921883	2.308383	5.325596	-21.818400	14.229100	25.000000
8.984794	2.278217	5.257530	9.119759	2.379950	5.509023	-21.818400	14.826200	25.000000
8.984794	2.278217	5.257530	8.920762	2.420458	5.581925	-21.818400	15.923900	25.000000
8.984794	2.278217	5.257530	11.627983	1.931142	5.010888	-21.818400	16.521100	25.000000
8.984794	2.278217	5.257530	4.957822	2.354567	5.934414	-21.818400	17.618800	25.000000
8.984794	2.278217	5.257530	10.039766	1.225311	4.403694	-21.818400	18.215900	25.000000
8.984794	2.278217	5.257530	7.712561	1.171277	4.418236	-21.818400	19.313600	25.000000
8.984144	2.278279	5.257606	7.483983	0.783881	4.197938	-21.818400	19.910700	25.000000
8.984144	2.278279	5.257606	10.222035	0.919104	4.386747	-21.818400	21.008400	25.000000
8.984794	2.278217	5.257530	9.895454	0.474990	3.926991	-21.818400	21.605600	25.000000
8.984794	2.278217	5.257530	7.968689	0.594834	3.735806	-21.818400	22.703300	25.000000
8.984794	2.278217	5.257530	10.352777	0.828276	4.113478	-21.818400	23.300400	25.000000
8.984794	2.278217	5.257530	7.326664	0.742125	3.955554	-21.818400	24.398100	25.000000
8.984794	2.278217	5.257530	8.237718	0.772429	2.442400	-21.818400	24.995300	25.000000
8.984794	2.278217	5.257530	9.606768	0.675012	2.618314	-21.818400	26.093000	25.000000
8.984794	2.278217	5.257530	10.758513	1.205821	2.313966	-21.818400	26.690100	25.000000
8.984794	2.278217	5.257530	6.464712	1.797015	3.141593	-21.818400	27.787800	25.000000
8.984144	2.278279	5.257606	10.784994	1.852679	2.965970	-21.818400	28.384900	25.000000
8.984144	2.278279	5.257606	6.616653	2.382473	2.557853	-21.818400	29.482600	25.000000
8.984794	2.278217	5.257530	6.936542	2.396812	0.591070	-21.818400	30.079800	25.000000
8.984794	2.278217	5.257530	10.315345	2.539258	4.039385	-21.818400	31.177500	25.000000
8.984794	2.278217	5.257530	7.710358	1.414001	5.234792	-21.818400	31.774600	25.000000
8.984794	2.278217	5.257530	10.049347	1.649190	5.189429	-21.818400	32.872300	25.000000
8.984794	2.278217	5.257530	9.818661	1.848313	5.138140	-21.818400	33.469500	25.000000
8.984794	2.278217	5.257530	8.118768	1.647237	5.187086	-21.818400	34.567200	25.000000
8.984794	2.278217	5.257530	9.286549	2.165121	5.199288	-21.818400	35.164300	25.000000
8.984794	2.278217	5.257530	8.700000	2.155226	5.231535	-21.818400	36.262000	25.000000
8.984144	2.278279	5.257606	8.996666	2.228546	5.226309	-21.818400	36.859100	25.000000
8.984144	2.278279	5.257606	9.029396	2.239789	5.245545	-21.818400	37.956800	25.000000
8.984794	2.278217	5.257530	8.985544	2.257967	5.240463	-21.818400	38.554000	25.000000
8.984794	2.278217	5.257530	8.985544	2.257967	5.240463	-21.818400	39.651700	25.000000
8.984794	2.278217	5.257530	8.958795	2.260419	5.260253	-21.818400	41.346500	25.000000
8.985188	2.278180	5.257655	8.958795	2.289714	5.275705	-20.971000	10.839400	25.000000
8.984538	2.278242	5.257731	9.002777	2.300248	5.296259	-20.971000	11.436500	25.000000
8.984538	2.278242	5.257731	8.958795	2.289714	5.275705	-20.971000	12.534200	25.000000
8.985188	2.278180	5.257655	8.769835	2.340004	5.340018	-20.971000	13.131400	25.000000
8.985188	2.278180	5.257655	9.109885	2.334438	5.346772	-20.971000	14.229100	25.000000
8.985188	2.278180	5.257655	8.708616	2.466799	5.654389	-20.971000	14.826200	25.000000
8.985188	2.278180	5.257655	9.244458	2.463619	5.719102	-20.971000	15.923900	25.000000
8.985188	2.278180	5.257655	8.420808	1.415797	4.942791	-20.971000	16.521100	25.000000
8.985188	2.278180	5.257655	9.399468	2.334399	5.518617	-20.971000	17.618800	25.000000
8.985188	2.278180	5.257655	8.095066	0.936074	4.637147	-20.971000	18.215900	25.000000
8.985188	2.278180	5.257655	9.829547	1.048932	4.641918	-20.971000	19.313600	25.000000
8.984538	2.278242	5.257731	7.807202	0.631831	4.642936	-20.971000	19.910700	25.000000
8.984538	2.278242	5.257731	10.047010	0.503535	4.571659	-20.971000	21.008400	25.000000
8.985188	2.278180	5.257655	8.548269	0.742188	4.401038	-20.971000	21.605600	25.000000
8.985188	2.278180	5.257655	9.503584	0.387209	4.308595	-20.971000	22.703300	25.000000
8.985188	2.278180	5.257655	9.025658	0.647282	4.306291	-20.971000	23.300400	25.000000
8.985188	2.278180	5.257655	8.978953	0.361065	3.783833	-20.971000	24.398100	25.000000
8.985188	2.278180	5.257655	9.842972	0.486704	2.370018	-20.971000	24.995300	25.000000
8.985188	2.278180	5.257655	7.943828	0.788444	3.031327	-20.971000	26.093000	25.000000
8.985188	2.278180	5.257655	8.028300	1.147195	2.801694	-20.971000	26.690100	25.000000
8.985188	2.278180	5.257655	9.882859	0.992736	2.838564	-20.971000	27.787800	25.000000
8.984538	2.278242	5.257731	4.837355	2.544366	1.272297	-20.971000	28.384900	25.000000
8.984538	2.278242	5.257731	11.292918	1.320240	2.505404	-20.971000	29.482600	25.000000
8.985188	2.278180	5.257655	8.012247	3.086295	2.014245	-20.971000	30.079800	25.000000
8.985188	2.278180	5.257655	9.838821	2.188712	1.143962	-20.971000	31.177500	25.000000
8.985188	2.278180	5.257655	9.727081	1.654166	5.092895	-20.971000	31.774600	25.000000
8.985188	2.278180	5.257655	8.082333	1.990030	5.206330	-20.971000	32.872300	25.000000
8.985188	2.278180	5.257655	9.995879	1.745759	5.075916	-20.971000	33.469500	25.000000
8.985188	2.278180	5.257655	7.840638	1.550388	5.118956	-20.971000	34.567200	25.000000
8.985188	2.278180	5.257655	8.771545	2.177333	5.219487	-20.971000	35.164300	25.000000
8.985188	2.278180	5.257655	9.143850	2.123444	5.193276	-20.971000	36.262000	25.000000
8.984538	2.278242	5.257731	8.996666	2.228546	5.226309	-20.971000	36.859100	25.000000
8.984538	2.278242	5.257731	8.922444	2.249302	5.240463	-20.971000	37.956800	25.000000
8.985188	2.278180	5.257655	9.088454	2.262918	5.252808	-20.971000	38.554000	25.000000
8.985188	2.278180	5.257655	8.985544	2.257967	5.240463	-20.971000	39.651700	25.000000
8.985188	2.278180	5.257655	8.919081	2.293618	5.263065	-20.123600	10.839400	25.000000
8.984538	2.278242	5.257731	8.962143	2.304309	5.283726	-20.123600	11.436500	25.000000
8.984538	2.278242	5.257731	8.940917	2.306450	5.304576	-20.123600	12.534200	25.000000
8.985188	2.278180	5.257655	8.768694	2.356129	5.372018	-20.123600	13.131400	25.000000
8.985188	2.278180	5.257655	9.207606	2.369997	5.365236	-20.123600	14.229100	25.000000
8.985188	2.278180	5.257655	8.841380	2.522409	5.705993	-20.123600	14.826200	25.000000
8.985188	2.278180	5.257655	9.053176	2.527667	5.716456	-20.123600	15.923900	25.000000
8.985188	2.278180	5.257655	5.080394	1.566860	5.344080	-20.123600	16.521100	25.000000
8.985188	2.278180	5.257655	11.604982	1.846576	5.059630	-20.123600	17.618800	25.000000
8.985188	2.278180	5.257655	8.031214	0.850077	5.046717	-20.123600	18.215900	25.000000
8.985188	2.278180	5.257655	9.866732	0.904296	5.016197	-20.123600	19.313600	25.000000
8.984538	2.278242	5.257731	8.586035	0.694006	5.290291	-20.123600	19.910700	25.000000
8.984538	2.278242	5.257731	9.454100	0.541821	5.157690	-20.123600	21.008400	25.000000
8.985188	2.278180	5.257655	8.882145	0.766206	4.850842	-20.123600	21.605600	25.000000
8.985188	2.278180	5.257655	9.070287	0.597267	4.911707	-20.123600	22.703300	25.000000
8.985188	2.278180	5.257655	8.034077	0.399960	4.847053	-20.123600	23.300400	25.000000
8.985188	2.278180	5.257655	9.945979	0.332879	4.317598	-20.123600	24.398100	25.000000
8.985188	2.278180	5.257655	8.596640	0.460796	3.250372	-20.123600	24.995300	25.000000
8.985188	2.278180	5.257655	9.331051	0.305141	2.869271	-20.123600	26.093000	25.000000
8.985188	2.278180	5.257655	8.869047	0.471829	2.338652	-20.123600	26.690100	25.000000
8.985188	2.278180	5.257655	9.089554	0.708847	2.102520	-20.123600	27.787800	25.000000
8.984538	2.278242	5.257731	9.072624	2.360050	0.826350	-20.123600	28.384900	25.000000
8.984538	2.278242	5.257731	7.329120	0.137446	2.370278	-20.123600	29.482600	25.000000
8.985188	2.278180	5.257655	9.483670	2.269481	1.174946	-20.123600	30.079800	25.000000
8.985188	2.278180	5.257655	8.497647	2.627683	0.734594	-20.123600	31.177500	25.000000
8.985188	2.278180	5.257655	6.524569	2.270147	5.283726	-20.123600	31.774600	25.000000
8.985188	2.278180	5.257655	10.818729	2.082761	4.879629	-20.123600	32.872300	25.000000
8.985188	2.278180	5.257655	10.028066	1.732044	5.030945	-20.123600	33.469500	25.000000
8.985188	2.278180	5.257655	7.750645	1.551442	5.054545	-20.123600	34.567200	25.000000
8.985188	2.278180	5.257655	8.991663	2.187456	5.194327	-20.123600	35.164300	25.000000
8.985188	2.278180	5.257655	8.885944	2.114923	5.176037	-20.123600	36.262000	25.000000
8.984538	2.278242	5.257731	9.052624	2.251901	5.233299	-20.123600	36.859100	25.000000
8.984538	2.278242	5.257731	8.935883	2.219690	5.226309	-20.123600	37.956800	25.000000
8.985188	2.278180	5.257655	8.985544	2.257967	5.240463	-20.123600	38.554000	25.000000
8.985188	2.278180	5.257655	8.985544	2.257967	5.240463	-20.123600	39.651700	25.000000
8.985188	2.278180	5.257655	8.919081	2.264097	5.247809	-20.123600	41.346500	25.000000
8.985058	2.278192	5.257670	8.919081	2.293618	5.263065	-19.276200	8.046860	25.000000
8.985058	2.278192	5.257670	8.919081	2.293618	5.263065	-19.276200	9.144560	25.000000
8.985058	2.278192	5.257670	8.958795	2.289714	5.275705	-19.276200	9.741700	25.000000
8.985188	2.278180	5.257655	8.958795	2.289714	5.275705	-19.276200	10.839400	25.000000
8.984538	2.278242	5.257731	9.076343	2.322788	5.304576	-19.276200	11.436500	25.000000
8.984538	2.278242	5.257731	8.900000	2.310619	5.291953	-19.276200	12.534200	25.000000
8.985188	2.278180	5.257655	8.911229	2.372001	5.372018	-19.276200	13.131400	25.000000
8.985188	2.278180	5.257655	9.089004	2.416076	5.415620	-19.276200	14.229100	25.000000
8.985188	2.278180	5.257655	9.384029	2.396894	5.352745	-19.276200	14.826200	25.000000
8.985188	2.278180	5.257655	8.607555	2.462887	5.392910	-19.276200	15.923900	25.000000
8.985188	2.278180	5.257655	7.395605	1.869445	5.150726	-19.276200	16.521100	25.000000
8.985188	2.278180	5.257655	10.287875	1.346623	5.068826	-19.276200	17.618800	25.000000
8.985188	2.278180	5.257655	9.041018	0.874317	5.538581	-19.276200	18.215900	25.000000
8.985188	2.278180	5.257655	8.915716	0.948085	5.331033	-19.276200	19.313600	25.000000
8.984538	2.278242	5.257731	9.535722	0.994028	5.471245	-19.276200	19.910700	25.000000
8.984538	2.278242	5.257731	8.304818	0.846957	5.497787	-19.276200	21.008400	25.000000
8.985188	2.278180	5.257655	9.065319	0.973289	5.259673	-19.276200	21.605600	25.000000
8.985188	2.278180	5.257655	8.982761	0.911850	5.276958	-19.276200	22.703300	25.000000
8.985188	2.278180	5.257655	10.154684	0.647389	5.086831	-19.276200	23.300400	25.000000
8.985188	2.278180	5.257655	7.519308	0.471167	5.267883	-19.276200	24.398100	25.000000
8.985188	2.278180	5.257655	9.204734	0.032073	5.168461	-19.276200	24.995300	25.000000
8.985188	2.278180	5.257655	8.758386	0.115531	6.145070	-19.276200	26.093000	25.000000
8.985188	2.278180	5.257655	10.557935	0.568020	1.115023	-19.276200	26.690100	25.000000
8.985188	2.278180	5.257655	7.151224	0.756638	0.582353	-19.276200	27.787800	25.000000
8.984538	2.278242	5.257731	2.893596	2.017493	5.573728	-19.276200	28.384900	25.000000
8.984538	2.278242	5.257731	11.702077	1.204611	1.325818	-19.276200	29.482600	25.000000
8.985188	2.278180	5.257655	8.796641	2.175355	3.564447	-19.276200	30.079800	25.000000
8.985188	2.278180	5.257655	8.344639	2.213282	1.073003	-19.276200	31.177500	25.000000
8.985188	2.278180	5.257655	8.416056	2.025990	5.193786	-19.276200	31.774600	25.000000
8.985188	2.278180	5.257655	9.421513	2.807312	5.065859	-19.276200	32.872300	25.000000
8.985188	2.278180	5.257655	9.863083	1.623543	4.979532	-19.276200	33.469500	25.000000
8.985188	2.278180	5.257655	7.976240	1.826837	5.042336	-19.276200	34.567200	25.000000
8.985188	2.278180	5.257655	9.284934	2.165239	5.170223	-19.276200	35.164300	25.000000
8.985188	2.278180	5.257655	8.748143	2.165326	5.200723	-19.276200	36.262000	25.000000
8.984538	2.278242	5.257731	9.120307	2.245901	5.226309	-19.276200	36.859100	25.000000
8.984538	2.278242	5.257731	8.928046	2.234497	5.233299	-19.276200	37.956800	25.000000
8.985188	2.278180	5.257655	8.919081	2.264097	5.247809	-19.276200	38.554000	25.000000
8.985188	2.278180	5.257655	8.919081	2.264097	5.247809	-19.276200	40.248800	25.000000
8.985058	2.278192	5.257670	8.958795	2.289714	5.275705	-18.428800	8.046860	25.000000
8.985058	2.278192	5.257670	8.958795	2.289714	5.275705	-18.428800	9.741700	25.000000
8.985188	2.278180	5.257655	8.958795	2.289714	5.275705	-18.428800	10.839400	25.000000
8.984538	2.278242	5.257731	8.940917	2.306450	5.304576	-18.428800	11.436500	25.000000
8.984538	2.278242	5.257731	9.076343	2.322788	5.304576	-18.428800	12.534200	25.000000
8.985188	2.278180	5.257655	8.778952	2.439030	5.422927	-18.428800	13.131400	25.000000
8.985188	2.278180	5.257655	9.183681	2.420876	5.369091	-18.428800	14.229100	25.000000
8.985188	2.278180	5.257655	7.297260	2.150948	5.323115	-18.428800	14.826200	25.000000
8.985188	2.278180	5.257655	10.389418	2.349895	5.236569	-18.428800	15.923900	25.000000
8.985188	2.278180	5.257655	6.576329	1.326600	5.274311	-18.428800	16.521100	25.000000
8.985188	2.278180	5.257655	10.868597	1.393209	5.075536	-18.428800	17.618800	25.000000
8.985188	2.278180	5.257655	8.902247	0.831204	5.487035	-18.428800	18.215900	25.000000
8.985188	2.278180	5.257655	9.053176	0.785642	5.608444	-18.428800	19.313600	25.000000
8.984538	2.278242	5.257731	9.250946	0.960739	5.432460	-18.428800	19.910700	25.000000
8.984538	2.278242	5.257731	8.732125	1.002446	5.459345	-18.428800	21.008400	25.000000
8.985188	2.278180	5.257655	8.426743	1.257137	5.418309	-18.428800	21.605600	25.000000
8.985188	2.278180	5.257655	9.516827	1.090165	5.422301	-18.428800	22.703300	25.000000
8.985188	2.278180	5.257655	10.381233	0.830788	5.246097	-18.428800	23.300400	25.000000
8.985188	2.278180	5.257655	7.284230	0.989472	5.451309	-18.428800	24.398100	25.000000
8.985188	2.278180	5.257655	9.264583	0.435454	6.219170	-18.428800	24.995300	25.000000
8.985188	2.278180	5.257655	8.782063	0.524848	6.267732	-18.428800	26.093000	25.000000
8.985188	2.278180	5.257655	6.630656	0.865180	1.197648	-18.428800	26.690100	25.000000
8.985188	2.278180	5.257655	10.682809	0.230612	1.228323	-18.428800	27.787800	25.000000
8.984538	2.278242	5.257731	10.296116	0.912359	2.710900	-18.428800	28.384900	25.000000
8.984538	2.278242	5.257731	7.063993	1.613278	1.698666	-18.428800	29.482600	25.000000
8.985188	2.278180	5.257655	11.083483	2.018700	1.375364	-18.428800	30.079800	25.000000
8.985188	2.278180	5.257655	5.111008	2.059605	3.527860	-18.428800	31.177500	25.000000
8.985188	2.278180	5.257655	6.072891	2.125783	5.332638	-18.428800	31.774600	25.000000
8.985188	2.278180	5.257655	11.078357	2.550708	5.417500	-18.428800	32.872300	25.000000
8.985188	2.278180	5.257655	7.783322	1.864062	5.020558	-18.428800	33.469500	25.000000
8.985188	2.278180	5.257655	10.098341	1.769157	4.959327	-18.428800	34.567200	25.000000
8.985188	2.278180	5.257655	9.174421	2.173405	5.164203	-18.428800	35.164300	25.000000
8.985188	2.278180	5.257655	8.823831	2.187048	5.188458	-18.428800	36.262000	25.000000
8.984538	2.278242	5.257731	8.985544	2.257967	5.240463	-18.428800	36.859100	25.000000
8.984538	2.278242	5.257731	8.951536	2.246685	5.220878	-18.428800	37.956800	25.000000
8.985188	2.278180	5.257655	9.049309	2.266509	5.240463	-18.428800	38.554000	25.000000
8.985188	2.278180	5.257655	8.985544	2.257967	5.240463	-18.428800	39.651700	25.000000
8.984664	2.278230	5.257545	9.024965	2.298052	5.275705	-17.581300	9.741700	25.000000
8.984794	2.278217	5.257530	9.024965	2.298052	5.275705	-17.581300	10.839400	25.000000
8.984144	2.278279	5.257606	8.975522	2.333346	5.300392	-17.581300	11.436500	25.000000
8.984144	2.278279	5.257606	8.967720	2.318856	5.291953	-17.581300	12.534200	25.000000
8.984794	2.278217	5.257530	9.271462	2.460010	5.376435	-17.581300	13.131400	25.000000
8.984794	2.278217	5.257530	8.660831	2.437272	5.409410	-17.581300	14.229100	25.000000
8.984794	2.278217	5.257530	9.497895	2.516153	5.370278	-17.581300	14.826200	25.000000
8.984794	2.278217	5.257530	8.319856	2.031657	5.412282	-17.581300	15.923900	25.000000
8.984794	2.278217	5.257530	7.214049	1.563865	5.478182	-17.581300	16.521100	25.000000
8.984794	2.278217	5.257530	10.386920	1.236296	5.235328	-17.581300	17.618800	25.000000
8.984794	2.278217	5.257530	9.563472	0.794583	5.320714	-17.581300	18.215900	25.000000
8.984794	2.278217	5.257530	8.374963	0.643495	5.540016	-17.581300	19.313600	25.000000
8.984144	2.278279	5.257606	8.729261	0.747830	5.281702	-17.581300	19.910700	25.000000
8.984144	2.278279	5.257606	9.211949	0.847067	5.384867	-17.581300	21.008400	25.000000
8.984794	2.278217	5.257530	8.624384	1.165565	5.226840	-17.581300	21.605600	25.000000
8.984794	2.278217	5.257530	9.341306	0.887177	5.331033	-17.581300	22.703300	25.000000
8.984794	2.278217	5.257530	10.259142	0.993388	5.222877	-17.581300	23.300400	25.000000
8.984794	2.278217	5.257530	7.431016	0.850778	5.485130	-17.581300	24.398100	25.000000
8.984794	2.278217	5.257530	8.846180	0.102224	4.634767	-17.581300	24.995300	25.000000
8.984794	2.278217	5.257530	9.144753	0.377756	6.143385	-17.581300	26.093000	25.000000
8.984794	2.278217	5.257530	8.231336	0.453308	2.192658	-17.581300	26.690100	25.000000
8.984794	2.278217	5.257530	9.676260	0.346856	2.800614	-17.581300	27.787800	25.000000
8.984144	2.278279	5.257606	12.297154	0.975076	1.758558	-17.581300	28.384900	25.000000
8.984144	2.278279	5.257606	2.002399	0.453494	0.753151	-17.581300	29.482600	25.000000
8.984794	2.278217	5.257530	11.526491	1.870223	1.208838	-17.581300	30.079800	25.000000
8.984794	2.278217	5.257530	5.067544	2.019875	0.502843	-17.581300	31.177500	25.000000
8.984794	2.278217	5.257530	10.973149	2.216134	5.278243	-17.581300	31.774600	25.000000
8.984794	2.278217	5.257530	6.410148	2.093481	5.119645	-17.581300	32.872300	25.000000
8.984794	2.278217	5.257530	8.183544	1.855686	4.967250	-17.581300	33.469500	25.000000
8.984794	2.278217	5.257530	9.645937	2.009813	5.027982	-17.581300	34.567200	25.000000
8.984794	2.278217	5.257530	8.991107	2.187500	5.163842	-17.581300	35.164300	25.000000
8.984794	2.278217	5.257530	8.920762	2.235136	5.201509	-17.581300	36.262000	25.000000
8.984144	2.278279	5.257606	8.951536	2.246685	5.220878	-17.581300	36.859100	25.000000
8.984144	2.278279	5.257606	8.985544	2.257967	5.240463	-17.581300	37.956800	25.000000
8.984794	2.278217	5.257530	9.049309	2.266509	5.240463	-17.581300	39.651700	25.000000
8.985058	2.278192	5.257670	8.985544	2.301964	5.263065	-16.733900	9.741700	25.000000
8.985188	2.278180	5.257655	8.985544	2.301964	5.263065	-16.733900	10.839400	25.000000
8.984538	2.278242	5.257731	8.866792	2.329471	5.287461	-16.733900	11.436500	25.000000
8.984538	2.278242	5.257731	9.065870	2.339097	5.279118	-16.733900	12.534200	25.000000
8.985188	2.278180	5.257655	9.224966	2.483779	5.359436	-16.733900	13.131400	25.000000
8.985188	2.278180	5.257655	8.721238	2.429159	5.373432	-16.733900	14.229100	25.000000
8.985188	2.278180	5.257655	8.667179	2.510943	5.749477	-16.733900	14.826200	25.000000
8.985188	2.278180	5.257655	9.311283	2.421548	5.359147	-16.733900	15.923900	25.000000
8.985188	2.278180	5.257655	9.540927	1.329707	5.282429	-16.733900	16.521100	25.000000
8.985188	2.278180	5.257655	8.259239	1.909596	5.552279	-16.733900	17.618800	25.000000
8.985188	2.278180	5.257655	9.358419	0.942576	5.300392	-16.733900	18.215900	25.000000
8.985188	2.278180	5.257655	8.481745	0.697654	5.458846	-16.733900	19.313600	25.000000
8.984538	2.278242	5.257731	9.397872	0.821662	5.332638	-16.733900	19.910700	25.000000
8.984538	2.278242	5.257731	8.587200	0.780787	5.392298	-16.733900	21.008400	25.000000
8.985188	2.278180	5.257655	8.453402	0.908237	5.196168	-16.733900	21.605600	25.000000
8.985188	2.278180	5.257655	9.500000	1.016534	5.092895	-16.733900	22.703300	25.000000
8.985188	2.278180	5.257655	7.596710	0.903724	5.258556	-16.733900	23.300400	25.000000
8.985188	2.278180	5.257655	10.225947	0.856354	5.083280	-16.733900	24.398100	25.000000
8.985188	2.278180	5.257655	8.579610	0.256002	5.035595	-16.733900	24.995300	25.000000
8.985188	2.278180	5.257655	9.441006	0.269590	4.652699	-16.733900	26.093000	25.000000
8.985188	2.278180	5.257655	7.696187	0.428617	0.707948	-16.733900	26.690100	25.000000
8.985188	2.278180	5.257655	10.153546	0.223946	1.236424	-16.733900	27.787800	25.000000
8.984538	2.278242	5.257731	10.498043	0.654288	0.301951	-16.733900	28.384900	25.000000
8.984538	2.278242	5.257731	6.496892	2.165506	0.732815	-16.733900	29.482600	25.000000
8.985188	2.278180	5.257655	9.481753	1.960243	5.695483	-16.733900	30.079800	25.000000
8.985188	2.278180	5.257655	8.213792	2.150599	0.776888	-16.733900	31.177500	25.000000
8.985188	2.278180	5.257655	10.965970	2.287067	5.013110	-16.733900	31.774600	25.000000
8.985188	2.278180	5.257655	6.241602	2.205323	5.174257	-16.733900	32.872300	25.000000
8.985188	2.278180	5.257655	9.192910	2.120156	5.085790	-16.733900	33.469500	25.000000
8.985188	2.278180	5.257655	8.772622	1.993653	4.987083	-16.733900	34.567200	25.000000
8.985188	2.278180	5.257655	8.920762	2.235136	5.201509	-16.733900	35.164300	25.000000
8.985188	2.278180	5.257655	9.060905	2.223081	5.188458	-16.733900	36.262000	25.000000
8.984538	2.278242	5.257731	9.115920	2.260423	5.233299	-16.733900	36.859100	25.000000
8.984538	2.278242	5.257731	8.919081	2.264097	5.247809	-16.733900	37.956800	25.000000
8.984993	2.278198	5.257678	8.919081	2.293618	5.263065	-15.886500	7.449710	25.000000
8.985058	2.278192	5.257670	8.962143	2.304309	5.283726	-15.886500	9.741700	25.000000
8.985188	2.278180	5.257655	9.024965	2.298052	5.275705	-15.886500	10.839400	25.000000
8.984538	2.278242	5.257731	8.935883	2.337593	5.287461	-15.886500	11.436500	25.000000
8.984538	2.278242	5.257731	9.126883	2.332656	5.270988	-15.886500	12.534200	25.000000
8.985188	2.278180	5.257655	8.891007	2.477234	5.381432	-15.886500	13.131400	25.000000
8.985188	2.278180	5.257655	9.007774	2.426303	5.305086	-15.886500	14.229100	25.000000
8.985188	2.278180	5.257655	9.036039	2.658029	5.379695	-15.886500	14.826200	25.000000
8.985188	2.278180	5.257655	9.004999	2.618314	5.355890	-15.886500	15.923900	25.000000
8.985188	2.278180	5.257655	11.198219	1.751267	4.988195	-15.886500	16.521100	25.000000
8.985188	2.278180	5.257655	5.987228	1.465377	5.221119	-15.886500	17.618800	25.000000
8.985188	2.278180	5.257655	10.233279	0.704062	5.216555	-15.886500	18.215900	25.000000
8.985188	2.278180	5.257655	7.606576	0.835951	5.231535	-15.886500	19.313600	25.000000
8.984538	2.278242	5.257731	10.033942	0.711430	5.258044	-15.886500	19.910700	25.000000
8.984538	2.278242	5.257731	7.874008	0.815093	5.222877	-15.886500	21.008400	25.000000
8.985188	2.278180	5.257655	9.017760	0.900783	5.150726	-15.886500	21.605600	25.000000
8.985188	2.278180	5.257655	8.983318	0.993864	5.241419	-15.886500	22.703300	25.000000
8.985188	2.278180	5.257655	8.295179	1.108458	5.188084	-15.886500	23.300400	25.000000
8.985188	2.278180	5.257655	9.573923	0.971536	5.034140	-15.886500	24.398100	25.000000
8.985188	2.278180	5.257655	8.658522	0.449081	5.783839	-15.886500	24.995300	25.000000
8.985188	2.278180	5.257655	9.338629	0.476117	5.365236	-15.886500	26.093000	25.000000
8.985188	2.278180	5.257655	7.438689	0.987028	0.364051	-15.886500	26.690100	25.000000
8.985188	2.278180	5.257655	10.293051	0.599177	0.375708	-15.886500	27.787800	25.000000
8.984538	2.278242	5.257731	8.542394	1.861686	1.003130	-15.886500	28.384900	25.000000
8.984538	2.278242	5.257731	9.293546	1.089773	0.097253	-15.886500	29.482600	25.000000
8.985188	2.278180	5.257655	7.190271	2.486084	0.606988	-15.886500	30.079800	25.000000
8.985188	2.278180	5.257655	10.466614	2.169651	1.050215	-15.886500	31.177500	25.000000
8.985188	2.278180	5.257655	9.819369	2.321735	5.038545	-15.886500	31.774600	25.000000
8.985188	2.278180	5.257655	8.152454	2.000996	4.950821	-15.886500	32.872300	25.000000
8.985188	2.278180	5.257655	9.195651	2.119974	5.050267	-15.886500	33.469500	25.000000
8.985188	2.278180	5.257655	8.830629	2.186503	5.126388	-15.886500	34.567200	25.000000
8.985188	2.278180	5.257655	9.014433	2.255340	5.220878	-15.886500	35.164300	25.000000
8.985188	2.278180	5.257655	8.920762	2.235136	5.201509	-15.886500	36.262000	25.000000
8.984538	2.278242	5.257731	9.049309	2.266509	5.240463	-15.886500	36.859100	25.000000
8.984538	2.278242	5.257731	8.985544	2.257967	5.240463	-15.886500	37.956800	25.000000
8.985058	2.278192	5.257670	8.919081	2.293618	5.263065	-15.039100	9.144560	25.000000
8.985058	2.278192	5.257670	8.985544	2.301964	5.263065	-15.039100	9.741700	25.000000
8.985188	2.278180	5.257655	8.958795	2.289714	5.275705	-15.039100	10.839400	25.000000
8.984538	2.278242	5.257731	9.126883	2.332656	5.270988	-15.039100	11.436500	25.000000
8.984538	2.278242	5.257731	8.935883	2.337593	5.287461	-15.039100	12.534200	25.000000
8.985188	2.278180	5.257655	8.950978	2.399935	5.309566	-15.039100	13.131400	25.000000
8.985188	2.278180	5.257655	9.044888	2.473450	5.320191	-15.039100	14.229100	25.000000
8.985188	2.278180	5.257655	9.009023	2.640168	5.258749	-15.039100	14.826200	25.000000
8.985188	2.278180	5.257655	8.967614	2.698081	5.389159	-15.039100	15.923900	25.000000
8.985188	2.278180	5.257655	5.994839	1.839237	5.237973	-15.039100	16.521100	25.000000
8.985188	2.278180	5.257655	11.212939	1.597554	4.983336	-15.039100	17.618800	25.000000
8.985188	2.278180	5.257655	10.287857	0.768010	5.025290	-15.039100	18.215900	25.000000
8.985188	2.278180	5.257655	7.414850	0.812330	5.326159	-15.039100	19.313600	25.000000
8.984538	2.278242	5.257731	9.309356	0.719809	4.924165	-15.039100	19.910700	25.000000
8.984538	2.278242	5.257731	8.669539	0.590802	5.021697	-15.039100	21.008400	25.000000
8.985188	2.278180	5.257655	8.800659	0.739833	5.049064	-15.039100	21.605600	25.000000
8.985188	2.278180	5.257655	9.145950	0.825900	4.971075	-15.039100	22.703300	25.000000
8.985188	2.278180	5.257655	8.191557	1.018163	4.935103	-15.039100	23.300400	25.000000
8.985188	2.278180	5.257655	9.743721	0.945926	5.032939	-15.039100	24.398100	25.000000
8.985188	2.278180	5.257655	8.369134	0.534930	6.002954	-15.039100	24.995300	25.000000
8.985188	2.278180	5.257655	9.631204	0.511186	5.726386	-15.039100	26.093000	25.000000
8.985188	2.278180	5.257655	8.267406	0.995235	0.826192	-15.039100	26.690100	25.000000
8.985188	2.278180	5.257655	9.702062	0.636884	0.448145	-15.039100	27.787800	25.000000
8.984538	2.278242	5.257731	5.028131	1.896735	5.393687	-15.039100	28.384900	25.000000
8.984538	2.278242	5.257731	10.771332	1.332743	1.239983	-15.039100	29.482600	25.000000
8.985188	2.278180	5.257655	10.177426	2.213505	0.846193	-15.039100	30.079800	25.000000
8.985188	2.278180	5.257655	7.536577	2.491648	0.266252	-15.039100	31.177500	25.000000
8.985188	2.278180	5.257655	9.054634	2.016085	4.844941	-15.039100	31.774600	25.000000
8.985188	2.278180	5.257655	8.778291	2.069688	4.945411	-15.039100	32.872300	25.000000
8.985188	2.278180	5.257655	9.096153	2.220124	5.169864	-15.039100	33.469500	25.000000
8.985188	2.278180	5.257655	8.931405	2.192247	5.108239	-15.039100	34.567200	25.000000
8.985188	2.278180	5.257655	8.914034	2.250063	5.208283	-15.039100	35.164300	25.000000
8.985188	2.278180	5.257655	8.947067	2.261501	5.227938	-15.039100	36.262000	25.000000
8.984538	2.278242	5.257731	8.944831	2.276302	5.235178	-15.039100	36.859100	25.000000
8.985058	2.278192	5.257670	8.919081	2.293618	5.263065	-14.191700	9.144560	25.000000
8.985058	2.278192	5.257670	8.919081	2.293618	5.263065	-14.191700	9.741700	25.000000
8.985188	2.278180	5.257655	8.919081	2.293618	5.263065	-14.191700	10.839400	25.000000
8.984538	2.278242	5.257731	9.019978	2.328649	5.258044	-14.191700	11.436500	25.000000
8.984538	2.278242	5.257731	8.996666	2.331104	5.279118	-14.191700	12.534200	25.000000
8.985188	2.278180	5.257655	9.064767	2.402567	5.264044	-14.191700	13.131400	25.000000
8.985188	2.278180	5.257655	8.878063	2.425946	5.314676	-14.191700	14.229100	25.000000
8.985188	2.278180	5.257655	9.163165	2.678975	5.206662	-14.191700	14.826200	25.000000
8.985188	2.278180	5.257655	8.834031	2.703562	5.439253	-14.191700	15.923900	25.000000
8.985188	2.278180	5.257655	6.472248	1.741582	5.564355	-14.191700	16.521100	25.000000
8.985188	2.278180	5.257655	10.837435	2.157521	5.086723	-14.191700	17.618800	25.000000
8.985188	2.278180	5.257655	7.511325	0.944952	5.451309	-14.191700	18.215900	25.000000
8.985188	2.278180	5.257655	10.261092	1.253649	5.180624	-14.191700	19.313600	25.000000
8.984538	2.278242	5.257731	9.172786	0.751857	5.211736	-14.191700	19.910700	25.000000
8.984538	2.278242	5.257731	8.877500	0.813264	5.231535	-14.191700	21.008400	25.000000
8.985188	2.278180	5.257655	8.495581	0.803101	5.033622	-14.191700	21.605600	25.000000
8.985188	2.278180	5.257655	9.445634	0.896142	4.986964	-14.191700	22.703300	25.000000
8.985188	2.278180	5.257655	9.087354	0.906836	4.981092	-14.191700	23.300400	25.000000
8.985188	2.278180	5.257655	8.922444	0.833267	5.270988	-14.191700	24.398100	25.000000
8.985188	2.278180	5.257655	8.514670	0.626020	6.007088	-14.191700	24.995300	25.000000
8.985188	2.278180	5.257655	9.473780	0.621906	5.941380	-14.191700	26.093000	25.000000
8.985188	2.278180	5.257655	10.530907	0.750745	0.676915	-14.191700	26.690100	25.000000
8.985188	2.278180	5.257655	7.197916	0.930547	0.244979	-14.191700	27.787800	25.000000
8.984538	2.278242	5.257731	10.404984	1.206213	0.751932	-14.191700	28.384900	25.000000
8.984538	2.278242	5.257731	6.422616	2.291838	5.524174	-14.191700	29.482600	25.000000
8.985188	2.278180	5.257655	10.284454	2.205735	5.360721	-14.191700	30.079800	25.000000
8.985188	2.278180	5.257655	7.467931	2.460133	6.240658	-14.191700	31.177500	25.000000
8.985188	2.278180	5.257655	9.108617	2.087524	4.886257	-14.191700	31.774600	25.000000
8.985188	2.278180	5.257655	8.833963	2.172439	5.038047	-14.191700	32.872300	25.000000
8.985188	2.278180	5.257655	8.814760	2.244588	5.195515	-14.191700	33.469500	25.000000
8.985188	2.278180	5.257655	9.051519	2.237859	5.163459	-14.191700	34.567200	25.000000
8.985188	2.278180	5.257655	9.011104	2.270055	5.227938	-14.191700	35.164300	25.000000
8.985188	2.278180	5.257655	8.947067	2.261501	5.227938	-14.191700	36.262000	25.000000
8.984664	2.278230	5.257545	8.919081	2.293618	5.263065	-13.344200	9.144560	25.000000
8.984664	2.278230	5.257545	8.958795	2.289714	5.275705	-13.344200	9.741700	25.000000
8.984794	2.278217	5.257530	8.985544	2.301964	5.263065	-13.344200	10.839400	25.000000
8.984144	2.278279	5.257606	8.996666	2.331104	5.279118	-13.344200	11.436500	25.000000
8.984144	2.278279	5.257606	9.082401	2.322164	5.250225	-13.344200	12.534200	25.000000
8.984794	2.278217	5.257530	9.138928	2.409938	5.264044	-13.344200	13.131400	25.000000
8.984794	2.278217	5.257530	8.940917	2.368580	5.269291	-13.344200	14.229100	25.000000
8.984794	2.278217	5.257530	8.829071	2.544216	5.275257	-13.344200	14.826200	25.000000
8.984794	2.278217	5.257530	9.126883	2.662662	5.207941	-13.344200	15.923900	25.000000
8.984794	2.278217	5.257530	9.855963	2.674454	4.962832	-13.344200	16.521100	25.000000
8.984794	2.278217	5.257530	7.862570	2.211512	5.553908	-13.344200	17.618800	25.000000
8.984794	2.278217	5.257530	9.785359	1.347073	5.288764	-13.344200	18.215900	25.000000
8.984794	2.278217	5.257530	8.169298	1.898830	5.415405	-13.344200	19.313600	25.000000
8.984144	2.278279	5.257606	8.798295	1.161674	5.445204	-13.344200	19.910700	25.000000
8.984144	2.278279	5.257606	9.146584	1.130300	5.506334	-13.344200	21.008400	25.000000
8.984794	2.278217	5.257530	8.286736	1.187379	5.275126	-13.344200	21.605600	25.000000
8.984794	2.278217	5.257530	9.604686	1.106607	5.196867	-13.344200	22.703300	25.000000
8.984794	2.278217	5.257530	8.336666	1.028862	5.507688	-13.344200	23.300400	25.000000
8.984794	2.278217	5.257530	9.693297	1.099634	5.448646	-13.344200	24.398100	25.000000
8.984794	2.278217	5.257530	9.080749	1.102345	5.863708	-13.344200	24.995300	25.000000
8.984794	2.278217	5.257530	8.843642	1.075926	5.802298	-13.344200	26.093000	25.000000
8.984794	2.278217	5.257530	9.195591	1.428949	6.024352	-13.344200	26.690100	25.000000
8.984794	2.278217	5.257530	8.755478	1.109136	0.099669	-13.344200	27.787800	25.000000
8.984144	2.278279	5.257606	6.497692	2.335819	0.193211	-13.344200	28.384900	25.000000
8.984144	2.278279	5.257606	10.872442	1.793371	5.611390	-13.344200	29.482600	25.000000
8.984794	2.278217	5.257530	9.204135	2.132193	4.865721	-13.344200	30.079800	25.000000
8.984794	2.278217	5.257530	8.801301	2.161248	4.886982	-13.344200	31.177500	25.000000
8.984794	2.278217	5.257530	9.302688	2.203376	5.080520	-13.344200	31.774600	25.000000
8.984794	2.278217	5.257530	8.604069	2.234435	5.090156	-13.344200	32.872300	25.000000
8.984794	2.278217	5.257530	9.145491	2.257760	5.213993	-13.344200	33.469500	25.000000
8.984794	2.278217	5.257530	8.872993	2.268421	5.202346	-13.344200	34.567200	25.000000
8.984794	2.278217	5.257530	9.011104	2.270055	5.227938	-13.344200	36.262000	25.000000
8.985058	2.278192	5.257670	8.958795	2.289714	5.275705	-12.496800	8.046860	25.000000
8.985058	2.278192	5.257670	8.919081	2.293618	5.263065	-12.496800	9.144560	25.000000
8.985058	2.278192	5.257670	8.985544	2.301964	5.263065	-12.496800	9.741700	25.000000
8.984538	2.278242	5.257731	9.052624	2.310187	5.263065	-12.496800	11.436500	25.000000
8.984538	2.278242	5.257731	8.928046	2.322987	5.279118	-12.496800	12.534200	25.000000
8.985188	2.278180	5.257655	8.990551	2.347225	5.252808	-12.496800	13.131400	25.000000
8.985188	2.278180	5.257655	8.976636	2.380528	5.255579	-12.496800	14.229100	25.000000
8.985188	2.278180	5.257655	9.249324	2.480378	5.168163	-12.496800	14.826200	25.000000
8.985188	2.278180	5.257655	8.761849	2.535262	5.283726	-12.496800	15.923900	25.000000
8.985188	2.278180	5.257655	8.919081	2.709677	5.068025	-12.496800	16.521100	25.000000
8.985188	2.278180	5.257655	8.978062	2.780790	4.922160	-12.496800	17.618800	25.000000
8.985188	2.278180	5.257655	11.176314	2.105989	5.040718	-12.496800	18.215900	25.000000
8.985188	2.278180	5.257655	5.987487	2.001530	5.654389	-12.496800	19.313600	25.000000
8.984538	2.278242	5.257731	8.858465	1.534665	5.553729	-12.496800	19.910700	25.000000
8.984538	2.278242	5.257731	9.082957	1.514618	5.560206	-12.496800	21.008400	25.000000
8.985188	2.278180	5.257655	8.542769	1.414473	5.422301	-12.496800	21.605600	25.000000
8.985188	2.278180	5.257655	9.361645	1.622092	5.276657	-12.496800	22.703300	25.000000
8.985188	2.278180	5.257655	8.356082	1.425481	5.722022	-12.496800	23.300400	25.000000
8.985188	2.278180	5.257655	9.569227	1.412337	5.595222	-12.496800	24.398100	25.000000
8.985188	2.278180	5.257655	8.491767	1.690017	5.691893	-12.496800	24.995300	25.000000
8.985188	2.278180	5.257655	9.481561	1.687073	5.550370	-12.496800	26.093000	25.000000
8.985188	2.278180	5.257655	7.871467	2.045807	5.639684	-12.496800	26.690100	25.000000
8.985188	2.278180	5.257655	9.969955	1.918803	5.407127	-12.496800	27.787800	25.000000
8.984538	2.278242	5.257731	9.382564	2.120278	4.731137	-12.496800	28.384900	25.000000
8.984538	2.278242	5.257731	8.563300	2.223382	5.012293	-12.496800	29.482600	25.000000
8.985188	2.278180	5.257655	9.432121	2.180362	4.898372	-12.496800	30.079800	25.000000
8.985188	2.278180	5.257655	8.530821	2.241167	5.005279	-12.496800	31.177500	25.000000
8.985188	2.278180	5.257655	8.984987	2.243703	5.137839	-12.496800	31.774600	25.000000
8.985188	2.278180	5.257655	8.974408	2.258985	5.176037	-12.496800	32.872300	25.000000
8.985188	2.278180	5.257655	8.880315	2.267730	5.235178	-12.496800	33.469500	25.000000
8.985188	2.278180	5.257655	9.041018	2.267275	5.208283	-12.496800	34.567200	25.000000
8.985058	2.278192	5.257670	8.919081	2.293618	5.263065	-11.649400	9.741700	25.000000
8.985188	2.278180	5.257655	9.049309	2.295661	5.255340	-11.649400	10.839400	25.000000
8.984538	2.278242	5.257731	8.951536	2.320535	5.258044	-11.649400	11.436500	25.000000
8.984538	2.278242	5.257731	9.014433	2.314058	5.250225	-11.649400	12.534200	25.000000
8.985188	2.278180	5.257655	9.114275	2.333977	5.237185	-11.649400	13.131400	25.000000
8.985188	2.278180	5.257655	8.929726	2.353937	5.260938	-11.649400	14.229100	25.000000
8.985188	2.278180	5.257655	8.883130	2.460290	5.216015	-11.649400	14.826200	25.000000
8.985188	2.278180	5.257655	8.947625	2.400344	5.213057	-11.649400	15.923900	25.000000
8.985188	2.278180	5.257655	9.067199	2.544827	5.054621	-11.649400	16.521100	25.000000
8.985188	2.278180	5.257655	8.790586	2.687567	5.078445	-11.649400	17.618800	25.000000
8.985188	2.278180	5.257655	7.579578	2.576192	5.375592	-11.649400	18.215900	25.000000
8.985188	2.278180	5.257655	10.228705	2.500873	4.781133	-11.649400	19.313600	25.000000
8.984538	2.278242	5.257731	9.695875	2.007396	5.433360	-11.649400	19.910700	25.000000
8.984538	2.278242	5.257731	8.193290	2.094868	5.577617	-11.649400	21.008400	25.000000
8.985188	2.278180	5.257655	8.601163	1.817443	5.370278	-11.649400	21.605600	25.000000
8.985188	2.278180	5.257655	9.348262	2.048767	5.256941	-11.649400	22.703300	25.000000
8.985188	2.278180	5.257655	9.716666	1.771804	5.654389	-11.649400	23.300400	25.000000
8.985188	2.278180	5.257655	8.280725	1.755402	5.637227	-11.649400	24.398100	25.000000
8.985188	2.278180	5.257655	8.379141	2.028147	5.783839	-11.649400	24.995300	25.000000
8.985188	2.278180	5.257655	9.608850	2.218818	5.340226	-11.649400	26.093000	25.000000
8.985188	2.278180	5.257655	8.330470	2.357803	4.878600	-11.649400	26.690100	25.000000
8.985188	2.278180	5.257655	9.676050	2.200720	4.642758	-11.649400	27.787800	25.000000
8.984538	2.278242	5.257731	9.193781	2.225731	4.942066	-11.649400	28.384900	25.000000
8.984538	2.278242	5.257731	8.745908	2.250890	4.707977	-11.649400	29.482600	25.000000
8.985188	2.278180	5.257655	9.191844	2.253630	5.100708	-11.649400	30.079800	25.000000
8.985188	2.278180	5.257655	8.774395	2.277877	5.129091	-11.649400	31.177500	25.000000
8.985188	2.278180	5.257655	9.004999	2.270625	5.195515	-11.649400	31.774600	25.000000
8.985188	2.278180	5.257655	8.973851	2.273551	5.215232	-11.649400	32.872300	25.000000
8.985188	2.278180	5.257655	9.049309	2.266509	5.240463	-11.649400	33.469500	25.000000
8.985058	2.278192	5.257670	8.919081	2.293618	5.263065	-10.802000	8.046860	25.000000
8.985058	2.278192	5.257670	8.985544	2.301964	5.263065	-10.802000	9.741700	25.000000
8.985188	2.278180	5.257655	8.919081	2.293618	5.263065	-10.802000	10.839400	25.000000
8.984538	2.278242	5.257731	9.077995	2.307641	5.242605	-10.802000	11.436500	25.000000
8.984538	2.278242	5.257731	8.883693	2.312296	5.258044	-10.802000	12.534200	25.000000
8.985188	2.278180	5.257655	8.982761	2.332577	5.244893	-10.802000	13.131400	25.000000
8.985188	2.278180	5.257655	8.951536	2.320535	5.258044	-10.802000	14.229100	25.000000
8.985188	2.278180	5.257655	9.122500	2.363885	5.217970	-10.802000	14.826200	25.000000
8.985188	2.278180	5.257655	8.882567	2.391712	5.249976	-10.802000	15.923900	25.000000
8.985188	2.278180	5.257655	9.072050	2.487576	5.104671	-10.802000	16.521100	25.000000
8.985188	2.278180	5.257655	8.973076	2.430766	5.189787	-10.802000	17.618800	25.000000
8.985188	2.278180	5.257655	8.658198	2.618405	5.037064	-10.802000	18.215900	25.000000
8.985188	2.278180	5.257655	9.137007	2.573125	4.799920	-10.802000	19.313600	25.000000
8.984538	2.278242	5.257731	9.103384	2.621572	4.610521	-10.802000	19.910700	25.000000
8.984538	2.278242	5.257731	8.872435	2.644824	4.596247	-10.802000	21.008400	25.000000
8.985188	2.278180	5.257655	8.597819	2.502319	4.604961	-10.802000	21.605600	25.000000
8.985188	2.278180	5.257655	9.409362	2.548045	4.557862	-10.802000	22.703300	25.000000
8.985188	2.278180	5.257655	9.062918	2.402791	4.743690	-10.802000	23.300400	25.000000
8.985188	2.278180	5.257655	8.922137	2.403470	4.747541	-10.802000	24.398100	25.000000
8.985188	2.278180	5.257655	9.215340	2.353707	4.612720	-10.802000	24.995300	25.000000
8.985188	2.278180	5.257655	8.721216	2.345415	4.609527	-10.802000	26.093000	25.000000
8.985188	2.278180	5.257655	8.428547	2.346197	4.792219	-10.802000	26.690100	25.000000
8.985188	2.278180	5.257655	9.589791	2.260221	4.876649	-10.802000	27.787800	25.000000
8.984538	2.278242	5.257731	9.064353	2.265124	5.118223	-10.802000	28.384900	25.000000
8.984538	2.278242	5.257731	8.904836	2.295030	5.046941	-10.802000	29.482600	25.000000
8.985188	2.278180	5.257655	8.902247	2.280384	5.189281	-10.802000	30.079800	25.000000
8.985188	2.278180	5.257655	9.004443	2.270677	5.163050	-10.802000	31.177500	25.000000
8.985188	2.278180	5.257655	8.973851	2.273551	5.215232	-10.802000	31.774600	25.000000
8.985188	2.278180	5.257655	9.011104	2.270055	5.227938	-10.802000	32.872300	25.000000
8.985188	2.278180	5.257655	8.944831	2.276302	5.235178	-10.802000	33.469500	25.000000
8.985188	2.278180	5.257655	9.049309	2.266509	5.240463	-10.802000	34.567200	25.000000
8.984459	2.278249	5.257706	9.011104	2.299422	5.242605	-9.954560	11.436500	25.000000
8.984459	2.278249	5.257706	8.985544	2.301964	5.263065	-9.954560	12.534200	25.000000
8.985109	2.278187	5.257630	8.977193	2.317877	5.237185	-9.954560	13.131400	25.000000
8.985109	2.278187	5.257630	8.922444	2.308326	5.270988	-9.954560	14.229100	25.000000
8.985109	2.278187	5.257630	9.078546	2.337748	5.223945	-9.954560	14.826200	25.000000
8.985109	2.278187	5.257630	8.920762	2.339227	5.252808	-9.954560	15.923900	25.000000
8.985109	2.278187	5.257630	9.118662	2.364313	5.183029	-9.954560	16.521100	25.000000
8.985109	2.278187	5.257630	8.841945	2.396658	5.198421	-9.954560	17.618800	25.000000
8.985109	2.278187	5.257630	8.936532	2.452954	5.079816	-9.954560	18.215900	25.000000
8.985109	2.278187	5.257630	8.961027	2.415361	5.145970	-9.954560	19.313600	25.000000
8.984459	2.278249	5.257706	9.094004	2.449227	4.979094	-9.954560	19.910700	25.000000
8.984459	2.278249	5.257706	8.770086	2.495044	4.976649	-9.954560	21.008400	25.000000
8.985109	2.278187	5.257630	9.027076	2.475954	4.876358	-9.954560	21.605600	25.000000
8.985109	2.278187	5.257630	8.994048	2.462738	4.842015	-9.954560	22.703300	25.000000
8.985109	2.278187	5.257630	9.169193	2.406269	4.841180	-9.954560	23.300400	25.000000
8.985109	2.278187	5.257630	8.782460	2.421126	4.892860	-9.954560	24.398100	25.000000
8.985109	2.278187	5.257630	8.782050	2.370820	4.980361	-9.954560	24.995300	25.000000
8.985109	2.278187	5.257630	9.221583	2.322905	4.976818	-9.954560	26.093000	25.000000
8.985109	2.278187	5.257630	8.791473	2.321946	5.078445	-9.954560	26.690100	25.000000
8.985109	2.278187	5.257630	9.178780	2.283236	5.111610	-9.954560	27.787800	25.000000
8.984459	2.278249	5.257706	9.073037	2.264328	5.188856	-9.954560	28.384900	25.000000
8.984459	2.278249	5.257706	8.834591	2.286979	5.162615	-9.954560	29.482600	25.000000
8.985109	2.278187	5.257630	8.972736	2.288355	5.222361	-9.954560	30.079800	25.000000
8.985109	2.278187	5.257630	9.002777	2.285447	5.202346	-9.954560	31.177500	25.000000
8.985109	2.278187	5.257630	8.944831	2.276302	5.235178	-9.954560	31.774600	25.000000
8.985109	2.278187	5.257630	8.944831	2.276302	5.235178	-9.954560	32.872300	25.000000
8.985109	2.278187	5.257630	8.919081	2.293618	5.263065	-9.107140	10.839400	25.000000
8.984459	2.278249	5.257706	9.049309	2.295661	5.255340	-9.107140	11.436500	25.000000
8.984459	2.278249	5.257706	9.049309	2.295661	5.255340	-9.107140	12.534200	25.000000
8.985109	2.278187	5.257630	8.947067	2.305828	5.250225	-9.107140	13.131400	25.000000
8.985109	2.278187	5.257630	8.947067	2.305828	5.250225	-9.107140	14.229100	25.000000
8.985109	2.278187	5.257630	8.977193	2.317877	5.237185	-9.107140	14.826200	25.000000
8.985109	2.278187	5.257630	8.914034	2.324459	5.244893	-9.107140	15.923900	25.000000
8.985109	2.278187	5.257630	9.043782	2.341460	5.210506	-9.107140	16.521100	25.000000
8.985109	2.278187	5.257630	9.016097	2.344445	5.231535	-9.107140	17.618800	25.000000
8.985109	2.278187	5.257630	8.985544	2.363502	5.154763	-9.107140	18.215900	25.000000
8.985109	2.278187	5.257630	8.947067	2.352010	5.204198	-9.107140	19.313600	25.000000
8.984459	2.278249	5.257706	8.991663	2.362812	5.119360	-9.107140	19.910700	25.000000
8.984459	2.278249	5.257706	9.027735	2.374604	5.140337	-9.107140	21.008400	25.000000
8.985109	2.278187	5.257630	9.108507	2.365447	5.103081	-9.107140	21.605600	25.000000
8.985109	2.278187	5.257630	8.967056	2.365596	5.106200	-9.107140	22.703300	25.000000
8.985109	2.278187	5.257630	9.035685	2.342330	5.098629	-9.107140	23.300400	25.000000
8.985109	2.278187	5.257630	8.933286	2.337873	5.121772	-9.107140	24.398100	25.000000
8.985109	2.278187	5.257630	8.935323	2.307017	5.149016	-9.107140	24.995300	25.000000
8.985109	2.278187	5.257630	9.107140	2.319629	5.129091	-9.107140	26.093000	25.000000
8.985109	2.278187	5.257630	8.866792	2.298831	5.182793	-9.107140	26.690100	25.000000
8.985109	2.278187	5.257630	9.034932	2.282363	5.182572	-9.107140	27.787800	25.000000
8.984459	2.278249	5.257706	8.972736	2.288355	5.222361	-9.107140	28.384900	25.000000
8.984459	2.278249	5.257706	9.105493	2.275700	5.208283	-9.107140	29.482600	25.000000
8.985109	2.278187	5.257630	8.944831	2.276302	5.235178	-9.107140	30.079800	25.000000
8.985109	2.278187	5.257630	9.011104	2.270055	5.227938	-9.107140	31.177500	25.000000
8.985109	2.278187	5.257630	8.944831	2.276302	5.235178	-9.107140	31.774600	25.000000
8.985109	2.278187	5.257630	8.944831	2.276302	5.235178	-9.107140	32.872300	25.000000
8.984459	2.278249	5.257706	8.919081	2.293618	5.263065	-8.259720	12.534200	25.000000
8.985109	2.278187	5.257630	9.049309	2.295661	5.255340	-8.259720	13.131400	25.000000
8.985109	2.278187	5.257630	8.947067	2.305828	5.250225	-8.259720	14.229100	25.000000
8.985109	2.278187	5.257630	8.947067	2.305828	5.250225	-8.259720	14.826200	25.000000
8.985109	2.278187	5.257630	8.973851	2.303133	5.229676	-8.259720	15.923900	25.000000
8.985109	2.278187	5.257630	9.041018	2.311358	5.229676	-8.259720	16.521100	25.000000
8.985109	2.278187	5.257630	8.977193	2.317877	5.237185	-8.259720	17.618800	25.000000
8.985109	2.278187	5.257630	9.009439	2.329756	5.223945	-8.259720	18.215900	25.000000
8.985109	2.278187	5.257630	8.974408	2.333465	5.210506	-8.259720	19.313600	25.000000
8.984459	2.278249	5.257706	9.004443	2.330283	5.189734	-8.259720	19.910700	25.000000
8.984459	2.278249	5.257706	9.069179	2.323527	5.182793	-8.259720	21.008400	25.000000
8.985109	2.278187	5.257630	8.935883	2.322167	5.189734	-8.259720	21.605600	25.000000
8.985109	2.278187	5.257630	8.935883	2.322167	5.189734	-8.259720	22.703300	25.000000
8.985109	2.278187	5.257630	9.001111	2.315419	5.182793	-8.259720	23.300400	25.000000
8.985109	2.278187	5.257630	9.033825	2.297180	5.189281	-8.259720	24.398100	25.000000
8.985109	2.278187	5.257630	9.033825	2.297180	5.189281	-8.259720	24.995300	25.000000
8.985109	2.278187	5.257630	8.936442	2.291905	5.209358	-8.259720	26.093000	25.000000
8.985109	2.278187	5.257630	9.038805	2.281993	5.215232	-8.259720	26.690100	25.000000
8.985109	2.278187	5.257630	8.972736	2.288355	5.222361	-8.259720	27.787800	25.000000
8.984459	2.278249	5.257706	8.944831	2.276302	5.235178	-8.259720	28.384900	25.000000
8.985109	2.278187	5.257630	9.009994	2.284752	5.235178	-8.259720	30.079800	25.000000
8.985109	2.278187	5.257630	8.944831	2.276302	5.235178	-8.259720	31.177500	25.000000
8.984459	2.278249	5.257706	8.944831	2.291081	5.242605	-7.412300	12.534200	25.000000
8.985109	2.278187	5.257630	9.011104	2.299422	5.242605	-7.412300	13.131400	25.000000
8.985109	2.278187	5.257630	8.985544	2.301964	5.263065	-7.412300	14.229100	25.000000
8.985109	2.278187	5.257630	9.011104	2.299422	5.242605	-7.412300	14.826200	25.000000
8.985109	2.278187	5.257630	8.944831	2.291081	5.242605	-7.412300	15.923900	25.000000
8.985109	2.278187	5.257630	9.041018	2.311358	5.229676	-7.412300	16.521100	25.000000
8.985109	2.278187	5.257630	9.011104	2.299422	5.242605	-7.412300	17.618800	25.000000
8.985109	2.278187	5.257630	8.973851	2.303133	5.229676	-7.412300	18.215900	25.000000
8.985109	2.278187	5.257630	8.973851	2.303133	5.229676	-7.412300	19.313600	25.000000
8.984459	2.278249	5.257706	9.041018	2.311358	5.229676	-7.412300	19.910700	25.000000
8.984459	2.278249	5.257706	9.002777	2.300248	5.209358	-7.412300	21.008400	25.000000
8.985109	2.278187	5.257630	8.870738	2.298435	5.216555	-7.412300	21.605600	25.000000
8.985109	2.278187	5.257630	9.038805	2.296691	5.222361	-7.412300	22.703300	25.000000
8.985109	2.278187	5.257630	8.972736	2.288355	5.222361	-7.412300	23.300400	25.000000
8.985109	2.278187	5.257630	8.972736	2.288355	5.222361	-7.412300	24.398100	25.000000
8.985109	2.278187	5.257630	9.038805	2.296691	5.222361	-7.412300	24.995300	25.000000
8.985109	2.278187	5.257630	8.972736	2.288355	5.222361	-7.412300	26.093000	25.000000
8.985109	2.278187	5.257630	9.009994	2.284752	5.235178	-7.412300	26.690100	25.000000
8.985109	2.278187	5.257630	9.009994	2.284752	5.235178	-7.412300	27.787800	25.000000
8.984459	2.278249	5.257706	9.009994	2.284752	5.235178	-7.412300	28.384900	25.000000
8.984459	2.278249	5.257706	8.944831	2.276302	5.235178	-7.412300	29.482600	25.000000
8.985109	2.278187	5.257630	8.944831	2.276302	5.235178	-7.412300	30.079800	25.000000
8.985109	2.278187	5.257630	8.944831	2.291081	5.242605	-6.564880	13.131400	25.000000
8.985109	2.278187	5.257630	8.944831	2.291081	5.242605	-6.564880	14.229100	25.000000
8.985109	2.278187	5.257630	9.011104	2.299422	5.242605	-6.564880	14.826200	25.000000
8.985109	2.278187	5.257630	9.049309	2.295661	5.255340	-6.564880	15.923900	25.000000
8.985109	2.278187	5.257630	8.944831	2.291081	5.242605	-6.564880	16.521100	25.000000
8.985109	2.278187	5.257630	9.011104	2.299422	5.242605	-6.564880	17.618800	25.000000
8.985109	2.278187	5.257630	9.011104	2.299422	5.242605	-6.564880	18.215900	25.000000
8.985109	2.278187	5.257630	8.907300	2.294785	5.229676	-6.564880	19.313600	25.000000
8.984459	2.278249	5.257706	8.907300	2.294785	5.229676	-6.564880	19.910700	25.000000
8.984459	2.278249	5.257706	8.944831	2.291081	5.242605	-6.564880	21.008400	25.000000
8.985109	2.278187	5.257630	9.011104	2.299422	5.242605	-6.564880	21.605600	25.000000
8.985109	2.278187	5.257630	9.009994	2.284752	5.235178	-6.564880	22.703300	25.000000
8.985109	2.278187	5.257630	9.009994	2.284752	5.235178	-6.564880	23.300400	25.000000
8.985109	2.278187	5.257630	9.009994	2.284752	5.235178	-6.564880	24.398100	25.000000
8.985109	2.278187	5.257630	8.879189	2.282616	5.242605	-6.564880	24.995300	25.000000
8.985109	2.278187	5.257630	8.879189	2.282616	5.242605	-6.564880	26.690100	25.000000
8.984459	2.278249	5.257706	9.009994	2.284752	5.235178	-6.564880	28.384900	25.000000
8.985109	2.278187	5.257630	8.944831	2.291081	5.242605	-5.717460	16.521100	25.000000
8.985109	2.278187	5.257630	8.944831	2.291081	5.242605	-5.717460	17.618800	25.000000
8.985109	2.278187	5.257630	8.944831	2.291081	5.242605	-5.717460	18.215900	25.000000
8.984459	2.278249	5.257706	8.944831	2.291081	5.242605	-5.717460	19.910700	25.000000
8.985109	2.278187	5.257630	9.009994	2.284752	5.235178	-5.717460	21.605600	25.000000
8.985109	2.278187	5.257630	8.944831	2.291081	5.242605	-5.717460	22.703300	25.000000
8.985109	2.278187	5.257630	9.009994	2.284752	5.235178	-5.717460	23.300400	25.000000
8.985149	2.278184	5.257643	8.944831	2.276302	5.235178	-4.870040	19.313600	25.000000
8.984499	2.278245	5.257719	8.944831	2.291081	5.242605	-4.870040	21.008400	25.000000
