18.936055	2.606065	2.356158	18.854442	2.614986	2.341270	-2.947080	-11.086200	25.000000
18.935874	2.606081	2.356194	18.940961	2.617640	2.341270	-2.947080	-9.391330	25.000000
18.935874	2.606081	2.356194	18.854442	2.614986	2.341270	-2.947080	-8.794190	25.000000
18.935874	2.606081	2.356194	18.940961	2.617640	2.341270	-2.947080	-7.696490	25.000000
18.935694	2.606097	2.356231	18.927493	2.608385	2.326791	-2.099660	-14.475800	25.000000
18.935694	2.606097	2.356231	18.945184	2.617254	2.311448	-2.099660	-13.878700	25.000000
18.935694	2.606097	2.356231	18.942545	2.617495	2.326353	-2.099660	-12.781000	25.000000
18.936055	2.606065	2.356158	18.908464	2.620622	2.318618	-2.099660	-12.183900	25.000000
18.936055	2.606065	2.356158	18.995263	2.623242	2.318618	-2.099660	-11.086200	25.000000
18.935766	2.606091	2.356216	18.995263	2.623242	2.318618	-2.099660	-10.489000	25.000000
18.935874	2.606081	2.356194	18.959167	2.626590	2.325901	-2.099660	-9.391330	25.000000
18.935874	2.606081	2.356194	18.870612	2.624128	2.341044	-2.099660	-8.794190	25.000000
18.935874	2.606081	2.356194	18.993157	2.623437	2.333642	-2.099660	-7.696490	25.000000
18.935874	2.606081	2.356194	18.818608	2.618271	2.348676	-2.099660	-7.099350	25.000000
18.935874	2.606081	2.356194	18.940961	2.617640	2.341270	-2.099660	-6.001650	25.000000
18.935874	2.606081	2.356194	18.940433	2.617688	2.356194	-2.099660	-4.306810	25.000000
18.936055	2.606065	2.356158	19.013679	2.611058	2.326791	-1.252240	-17.268400	25.000000
18.936055	2.606065	2.356158	18.942545	2.617495	2.326353	-1.252240	-15.573600	25.000000
18.935694	2.606097	2.356231	18.982360	2.613878	2.304389	-1.252240	-14.475800	25.000000
18.935694	2.606097	2.356231	18.901058	2.632049	2.279423	-1.252240	-13.878700	25.000000
18.935694	2.606097	2.356231	18.878559	2.623389	2.295662	-1.252240	-12.781000	25.000000
18.936055	2.606065	2.356158	18.920359	2.641132	2.278228	-1.252240	-12.183900	25.000000
18.936055	2.606065	2.356158	18.889415	2.644136	2.269796	-1.252240	-11.086200	25.000000
18.935766	2.606091	2.356216	18.972085	2.647165	2.285447	-1.252240	-10.489000	25.000000
18.935874	2.606081	2.356194	18.932776	2.651031	2.308611	-1.252240	-9.391330	25.000000
18.935874	2.606081	2.356194	18.999737	2.644472	2.309354	-1.252240	-8.794190	25.000000
18.935874	2.606081	2.356194	18.854708	2.636466	2.332943	-1.252240	-7.696490	25.000000
18.935874	2.606081	2.356194	18.993157	2.623437	2.333642	-1.252240	-7.099350	25.000000
18.935874	2.606081	2.356194	18.888356	2.633253	2.340811	-1.252240	-6.001650	25.000000
18.935874	2.606081	2.356194	18.940961	2.617640	2.341270	-1.252240	-5.404510	25.000000
18.935874	2.606081	2.356194	18.870082	2.624177	2.356194	-1.252240	-4.306810	25.000000
18.935705	2.606096	2.356233	18.962595	2.605257	2.334300	-0.404817	-18.963200	25.000000
18.936066	2.606064	2.356160	18.896031	2.611213	2.304389	-0.404817	-17.268400	25.000000
18.936066	2.606064	2.356160	18.964704	2.605070	2.319714	-0.404817	-16.170700	25.000000
18.936066	2.606064	2.356160	18.813825	2.629456	2.279423	-0.404817	-15.573600	25.000000
18.935705	2.606096	2.356233	19.052821	2.617970	2.252095	-0.404817	-14.475800	25.000000
18.935705	2.606096	2.356233	18.949406	2.660676	2.177784	-0.404817	-13.878700	25.000000
18.935705	2.606096	2.356233	18.959958	2.637327	2.201198	-0.404817	-12.781000	25.000000
18.936066	2.606064	2.356160	18.963386	2.670760	2.191046	-0.404817	-12.183900	25.000000
18.936066	2.606064	2.356160	18.989997	2.679694	2.188299	-0.404817	-11.086200	25.000000
18.935777	2.606090	2.356219	18.901323	2.689209	2.236086	-0.404817	-10.489000	25.000000
18.935885	2.606080	2.356197	19.034180	2.686872	2.211905	-0.404817	-9.391330	25.000000
18.935885	2.606080	2.356197	19.022618	2.664679	2.267001	-0.404817	-8.794190	25.000000
18.935885	2.606080	2.356197	18.852321	2.682469	2.305391	-0.404817	-7.696490	25.000000
18.935885	2.606080	2.356197	18.896031	2.654684	2.332199	-0.404817	-7.099350	25.000000
18.935885	2.606080	2.356197	18.942281	2.639020	2.332943	-0.404817	-6.001650	25.000000
18.935885	2.606080	2.356197	18.922473	2.630027	2.363828	-0.404817	-5.404510	25.000000
18.935885	2.606080	2.356197	18.905290	2.620915	2.348676	-0.404817	-4.306810	25.000000
18.935885	2.606080	2.356197	18.940433	2.617688	2.356194	-0.404817	-3.709670	25.000000
18.935687	2.606098	2.356230	18.890738	2.611691	2.333976	0.442603	-18.963200	25.000000
18.935687	2.606098	2.356230	18.962595	2.605257	2.334300	0.442603	-17.865500	25.000000
18.936048	2.606066	2.356156	18.900265	2.610831	2.289626	0.442603	-17.268400	25.000000
18.936048	2.606066	2.356156	18.951253	2.606265	2.253615	0.442603	-16.170700	25.000000
18.936048	2.606066	2.356156	18.949934	2.627452	2.149871	0.442603	-15.573600	25.000000
18.935687	2.606098	2.356230	18.853647	2.625711	2.203545	0.442603	-14.475800	25.000000
18.935687	2.606098	2.356230	19.637973	2.523091	2.337563	0.442603	-13.878700	25.000000
18.935687	2.606098	2.356230	18.192581	2.693942	2.437099	0.442603	-12.781000	25.000000
18.936048	2.606066	2.356156	18.961804	2.348170	2.588483	0.442603	-12.183900	25.000000
18.936048	2.606066	2.356156	18.930927	2.379921	2.647133	0.442603	-11.086200	25.000000
18.935759	2.606092	2.356215	18.854442	2.670420	2.331406	0.442603	-10.489000	25.000000
18.935867	2.606082	2.356193	18.933832	2.468135	2.350207	0.442603	-9.391330	25.000000
18.935867	2.606082	2.356193	18.917981	2.699602	2.268699	0.442603	-8.794190	25.000000
18.935867	2.606082	2.356193	18.936209	2.697572	2.330113	0.442603	-7.696490	25.000000
18.935867	2.606082	2.356193	18.875381	2.692046	2.356194	0.442603	-7.099350	25.000000
18.935867	2.606082	2.356193	19.042321	2.674205	2.281951	0.442603	-6.001650	25.000000
18.935867	2.606082	2.356193	19.029976	2.641552	2.332943	0.442603	-5.404510	25.000000
18.935867	2.606082	2.356193	18.785633	2.643156	2.364068	0.442603	-4.306810	25.000000
18.935867	2.606082	2.356193	18.905290	2.620915	2.348676	0.442603	-3.709670	25.000000
18.935867	2.606082	2.356193	18.905290	2.620915	2.363713	0.442603	-2.611970	25.000000
18.935867	2.606082	2.356193	18.940433	2.617688	2.356194	0.442603	-2.014830	25.000000
18.935672	2.606099	2.356227	18.844097	2.605450	2.312105	1.290020	-18.963200	25.000000
18.935672	2.606099	2.356227	18.916659	2.599029	2.312744	1.290020	-17.865500	25.000000
18.936033	2.606067	2.356154	18.770456	2.612090	2.229064	1.290020	-17.268400	25.000000
18.936033	2.606067	2.356154	19.071969	2.595687	2.234497	1.290020	-16.170700	25.000000
18.936033	2.606067	2.356154	17.779201	2.468364	2.914118	1.290020	-15.573600	25.000000
18.935672	2.606099	2.356227	19.960711	2.383905	2.356194	1.290020	-14.475800	25.000000
18.935672	2.606099	2.356227	18.619882	1.985365	3.012143	1.290020	-13.878700	25.000000
18.935672	2.606099	2.356227	19.269146	2.110375	2.737495	1.290020	-12.781000	25.000000
18.936033	2.606067	2.356154	17.780408	1.583732	2.885700	1.290020	-12.183900	25.000000
18.936033	2.606067	2.356154	20.123856	1.652382	2.848226	1.290020	-11.086200	25.000000
18.935744	2.606093	2.356212	19.919086	1.882036	2.483325	1.290020	-10.489000	25.000000
18.935853	2.606083	2.356190	17.839563	1.843218	2.784866	1.290020	-9.391330	25.000000
18.935853	2.606083	2.356190	19.149413	2.368031	2.403778	1.290020	-8.794190	25.000000
18.935853	2.606083	2.356190	18.692779	2.018972	2.739039	1.290020	-7.696490	25.000000
18.935853	2.606083	2.356190	18.936209	2.697572	2.330113	1.290020	-7.099350	25.000000
18.935853	2.606083	2.356190	18.979199	2.669126	2.307054	1.290020	-6.001650	25.000000
18.935853	2.606083	2.356190	18.832419	2.661103	2.396823	1.290020	-5.404510	25.000000
18.935853	2.606083	2.356190	18.984467	2.657149	2.332199	1.290020	-4.306810	25.000000
18.935853	2.606083	2.356190	18.922473	2.630027	2.363828	1.290020	-3.709670	25.000000
18.935853	2.606083	2.356190	18.940433	2.617688	2.356194	1.290020	-2.611970	25.000000
18.936019	2.606068	2.356151	18.876705	2.602550	2.334300	2.137440	-20.658100	25.000000
18.935658	2.606101	2.356224	18.964440	2.594865	2.277222	2.137440	-18.963200	25.000000
18.935658	2.606101	2.356224	18.954947	2.595688	2.305877	2.137440	-17.865500	25.000000
18.936019	2.606068	2.356151	17.721738	2.710450	2.538610	2.137440	-17.268400	25.000000
18.936019	2.606068	2.356151	20.006749	2.489362	2.615297	2.137440	-16.170700	25.000000
18.936019	2.606068	2.356151	20.205259	1.575746	3.119319	2.137440	-15.573600	25.000000
18.935658	2.606101	2.356224	17.475872	2.001729	3.576508	2.137440	-14.475800	25.000000
18.935658	2.606101	2.356224	18.582960	1.342813	3.035328	2.137440	-13.878700	25.000000
18.935658	2.606101	2.356224	19.212551	1.329021	3.013115	2.137440	-12.781000	25.000000
18.936019	2.606068	2.356151	19.864290	1.205287	2.772097	2.137440	-12.183900	25.000000
18.936019	2.606068	2.356151	17.894413	1.119769	2.786456	2.137440	-11.086200	25.000000
18.935730	2.606094	2.356209	19.763350	1.403035	2.735353	2.137440	-10.489000	25.000000
18.935838	2.606085	2.356187	18.044944	1.278482	2.545565	2.137440	-9.391330	25.000000
18.935838	2.606085	2.356187	18.186564	1.728043	2.482503	2.137440	-8.794190	25.000000
18.935838	2.606085	2.356187	19.648323	1.420138	2.636494	2.137440	-7.696490	25.000000
18.935838	2.606085	2.356187	19.520758	2.659952	2.238629	2.137440	-7.099350	25.000000
18.935838	2.606085	2.356187	18.283873	2.251023	2.371119	2.137440	-6.001650	25.000000
18.935838	2.606085	2.356187	18.761130	2.692401	2.416989	2.137440	-5.404510	25.000000
18.935838	2.606085	2.356187	18.997368	2.690852	2.330559	2.137440	-4.306810	25.000000
18.935838	2.606085	2.356187	18.835339	2.627428	2.363828	2.137440	-3.709670	25.000000
18.935838	2.606085	2.356187	19.028925	2.641653	2.363946	2.137440	-2.611970	25.000000
18.936019	2.606068	2.356151	18.999737	2.601978	2.327217	2.984860	-20.658100	25.000000
18.935658	2.606101	2.356224	18.879089	2.592111	2.277222	2.984860	-18.963200	25.000000
18.935658	2.606101	2.356224	18.890474	2.581090	2.236206	2.984860	-17.865500	25.000000
18.936019	2.606068	2.356151	18.310926	2.161619	3.306741	2.984860	-17.268400	25.000000
18.936019	2.606068	2.356151	19.282635	2.639207	3.995585	2.984860	-16.170700	25.000000
18.936019	2.606068	2.356151	16.132266	1.320232	3.656771	2.984860	-15.573600	25.000000
18.935658	2.606101	2.356224	21.341275	1.266221	4.112125	2.984860	-14.475800	25.000000
18.935658	2.606101	2.356224	18.004122	0.772021	3.238885	2.984860	-13.878700	25.000000
18.935658	2.606101	2.356224	19.765680	0.761972	3.223030	2.984860	-12.781000	25.000000
18.936019	2.606068	2.356151	19.503077	0.732549	2.519561	2.984860	-12.183900	25.000000
18.936019	2.606068	2.356151	18.404619	0.636559	2.505404	2.984860	-11.086200	25.000000
18.935730	2.606094	2.356209	18.813027	0.836926	2.432190	2.984860	-10.489000	25.000000
18.935838	2.606085	2.356187	19.186975	0.915002	2.692650	2.984860	-9.391330	25.000000
18.935838	2.606085	2.356187	20.417639	1.189389	2.356194	2.984860	-8.794190	25.000000
18.935838	2.606085	2.356187	17.289881	1.102764	2.663453	2.984860	-7.696490	25.000000
18.935838	2.606085	2.356187	16.279128	2.263805	2.660090	2.984860	-7.099350	25.000000
18.935838	2.606085	2.356187	21.066324	1.874499	2.229222	2.984860	-6.001650	25.000000
18.935838	2.606085	2.356187	18.983414	2.657254	2.364194	2.984860	-5.404510	25.000000
18.935838	2.606085	2.356187	18.898677	2.665846	2.437979	2.984860	-4.306810	25.000000
18.935838	2.606085	2.356187	18.856829	2.636262	2.394935	2.984860	-3.709670	25.000000
18.935838	2.606085	2.356187	19.049672	2.650684	2.364068	2.984860	-2.611970	25.000000
18.935838	2.606085	2.356187	18.905290	2.620915	2.363713	2.984860	-2.014830	25.000000
18.935831	2.606085	2.356189	18.854442	2.614986	2.371119	2.984860	-0.917129	25.000000
18.936019	2.606068	2.356151	19.025509	2.589614	2.320748	3.832280	-20.658100	25.000000
18.936019	2.606068	2.356151	18.914016	2.599261	2.327217	3.832280	-19.560400	25.000000
18.935658	2.606101	2.356224	18.698663	2.577324	2.214297	3.832280	-18.963200	25.000000
18.935658	2.606101	2.356224	19.201562	2.565272	2.241060	3.832280	-17.865500	25.000000
18.936019	2.606068	2.356151	19.067774	1.975051	4.251292	3.832280	-17.268400	25.000000
18.936019	2.606068	2.356151	18.422812	2.645280	3.894744	3.832280	-16.170700	25.000000
18.936019	2.606068	2.356151	20.583003	1.419611	4.248741	3.832280	-15.573600	25.000000
18.935658	2.606101	2.356224	17.009703	1.040726	3.999328	3.832280	-14.475800	25.000000
18.935658	2.606101	2.356224	18.824529	0.523867	3.440170	3.832280	-13.878700	25.000000
18.935658	2.606101	2.356224	19.060171	0.433141	3.140343	3.832280	-12.781000	25.000000
18.936019	2.606068	2.356151	18.997368	0.518545	2.105751	3.832280	-12.183900	25.000000
18.936019	2.606068	2.356151	18.917981	0.416590	2.151553	3.832280	-11.086200	25.000000
18.935730	2.606094	2.356209	18.773918	0.486006	2.372322	3.832280	-10.489000	25.000000
18.935838	2.606085	2.356187	19.050722	0.491012	2.332577	3.832280	-9.391330	25.000000
18.935838	2.606085	2.356187	17.863370	0.563660	2.527433	3.832280	-8.794190	25.000000
18.935838	2.606085	2.356187	19.968976	0.835184	2.241318	3.832280	-7.696490	25.000000
18.935838	2.606085	2.356187	18.600097	1.267232	2.344243	3.832280	-7.099350	25.000000
18.935838	2.606085	2.356187	19.240104	1.672844	2.215342	3.832280	-6.001650	25.000000
18.935838	2.606085	2.356187	21.004999	2.530206	2.101259	3.832280	-5.404510	25.000000
18.935838	2.606085	2.356187	16.468455	2.286037	2.453033	3.832280	-4.306810	25.000000
18.935838	2.606085	2.356187	18.962595	2.648095	2.379812	3.832280	-3.709670	25.000000
18.935838	2.606085	2.356187	18.835605	2.660779	2.413044	3.832280	-2.611970	25.000000
18.935838	2.606085	2.356187	18.854442	2.614986	2.371119	3.832280	-2.014830	25.000000
18.935831	2.606085	2.356189	19.027086	2.620317	2.356194	3.832280	-0.917129	25.000000
18.935694	2.606097	2.356231	18.912430	2.599400	2.341703	4.679710	-22.352900	25.000000
18.936055	2.606065	2.356158	18.989997	2.592658	2.313364	4.679710	-20.658100	25.000000
18.936055	2.606065	2.356158	18.951781	2.595963	2.320239	4.679710	-19.560400	25.000000
18.935694	2.606097	2.356231	18.682612	2.558931	2.218188	4.679710	-18.963200	25.000000
18.935694	2.606097	2.356231	19.165333	2.549228	2.223643	4.679710	-17.865500	25.000000
18.936055	2.606065	2.356158	16.930446	2.634510	2.819842	4.679710	-17.268400	25.000000
18.936055	2.606065	2.356158	19.526648	1.926491	3.806948	4.679710	-16.170700	25.000000
18.936055	2.606065	2.356158	20.595873	1.134689	4.140730	4.679710	-15.573600	25.000000
18.935694	2.606097	2.356231	17.019107	1.197919	3.557255	4.679710	-14.475800	25.000000
18.935694	2.606097	2.356231	20.168364	0.396971	2.983191	4.679710	-13.878700	25.000000
18.935694	2.606097	2.356231	17.570669	0.397605	3.173934	4.679710	-12.781000	25.000000
18.936055	2.606065	2.356158	19.124853	0.616871	2.279423	4.679710	-12.183900	25.000000
18.936055	2.606065	2.356158	18.852586	0.536900	2.429592	4.679710	-11.086200	25.000000
18.935766	2.606091	2.356216	19.518197	0.534084	2.270689	4.679710	-10.489000	25.000000
18.935874	2.606081	2.356194	18.303278	0.434831	2.162396	4.679710	-9.391330	25.000000
18.935874	2.606081	2.356194	19.871085	0.449173	2.133081	4.679710	-8.794190	25.000000
18.935874	2.606081	2.356194	17.875682	0.474598	2.451557	4.679710	-7.696490	25.000000
18.935874	2.606081	2.356194	15.465445	1.248405	2.037493	4.679710	-7.099350	25.000000
18.935874	2.606081	2.356194	21.874414	1.156772	1.922554	4.679710	-6.001650	25.000000
18.935874	2.606081	2.356194	23.666432	2.354123	1.962376	4.679710	-5.404510	25.000000
18.935874	2.606081	2.356194	12.028716	2.112309	2.253113	4.679710	-4.306810	25.000000
18.935874	2.606081	2.356194	18.919038	2.675387	2.422763	4.679710	-3.709670	25.000000
18.935874	2.606081	2.356194	18.932776	2.651031	2.403778	4.679710	-2.611970	25.000000
18.935874	2.606081	2.356194	18.940961	2.617640	2.371119	4.679710	-2.014830	25.000000
18.935867	2.606082	2.356196	18.819671	2.618173	2.378747	4.679710	-0.917129	25.000000
18.936019	2.606068	2.356151	18.989997	2.592658	2.313364	5.527120	-20.658100	25.000000
18.936019	2.606068	2.356151	18.781108	2.590437	2.320239	5.527120	-19.560400	25.000000
18.935658	2.606101	2.356224	18.894179	2.551598	2.261881	5.527120	-18.963200	25.000000
18.935658	2.606101	2.356224	18.942281	2.557319	2.254506	5.527120	-17.865500	25.000000
18.936019	2.606068	2.356151	21.219095	2.355917	4.189111	5.527120	-17.268400	25.000000
18.936019	2.606068	2.356151	11.447707	1.323699	3.471890	5.527120	-16.170700	25.000000
18.936019	2.606068	2.356151	20.702898	0.687494	4.567263	5.527120	-15.573600	25.000000
18.935658	2.606101	2.356224	16.972036	0.865677	4.255662	5.527120	-14.475800	25.000000
18.935658	2.606101	2.356224	18.612566	0.151277	4.533173	5.527120	-13.878700	25.000000
18.935658	2.606101	2.356224	19.309337	0.147383	2.758467	5.527120	-12.781000	25.000000
18.936019	2.606068	2.356151	18.876705	0.539042	2.378089	5.527120	-12.183900	25.000000
18.936019	2.606068	2.356151	18.985257	0.548527	2.356194	5.527120	-11.086200	25.000000
18.935730	2.606094	2.356209	19.338045	0.577689	2.221873	5.527120	-10.489000	25.000000
18.935838	2.606085	2.356187	18.403804	0.608542	2.511399	5.527120	-9.391330	25.000000
18.935838	2.606085	2.356187	18.201923	0.551846	2.475035	5.527120	-8.794190	25.000000
18.935838	2.606085	2.356187	19.703807	0.605573	2.444571	5.527120	-7.696490	25.000000
18.935838	2.606085	2.356187	16.864460	1.410004	2.185459	5.527120	-7.099350	25.000000
18.935838	2.606085	2.356187	20.821864	1.064356	2.007423	5.527120	-6.001650	25.000000
18.935838	2.606085	2.356187	20.566234	2.597837	2.216177	5.527120	-5.404510	25.000000
18.935838	2.606085	2.356187	16.762160	1.892505	2.267145	5.527120	-4.306810	25.000000
18.935838	2.606085	2.356187	18.845159	2.659808	2.445388	5.527120	-3.709670	25.000000
18.935838	2.606085	2.356187	19.074066	2.682613	2.448370	5.527120	-2.611970	25.000000
18.935838	2.606085	2.356187	18.940961	2.617640	2.371119	5.527120	-2.014830	25.000000
18.935831	2.606085	2.356189	18.872202	2.623980	2.386488	5.527120	-0.917129	25.000000
18.935694	2.606097	2.356231	18.912430	2.599400	2.341703	6.374550	-21.255200	25.000000
18.936055	2.606065	2.356158	19.025509	2.589614	2.320748	6.374550	-20.658100	25.000000
18.936055	2.606065	2.356158	18.894444	2.580755	2.313966	6.374550	-19.560400	25.000000
18.935694	2.606097	2.356231	19.178373	2.576803	2.307956	6.374550	-18.963200	25.000000
18.935694	2.606097	2.356231	18.656098	2.591103	2.341703	6.374550	-17.865500	25.000000
18.936055	2.606065	2.356158	20.417211	1.688617	4.798807	6.374550	-17.268400	25.000000
18.936055	2.606065	2.356158	9.731393	2.879871	3.261022	6.374550	-16.170700	25.000000
18.936055	2.606065	2.356158	20.643885	0.818919	5.092895	6.374550	-15.573600	25.000000
18.935694	2.606097	2.356231	17.140887	0.926167	5.300392	6.374550	-14.475800	25.000000
18.935694	2.606097	2.356231	20.359541	0.125271	4.526558	6.374550	-13.878700	25.000000
18.935694	2.606097	2.356231	17.412711	0.473113	4.147110	6.374550	-12.781000	25.000000
18.936055	2.606065	2.356158	19.428072	0.505314	2.348676	6.374550	-12.183900	25.000000
18.936055	2.606065	2.356158	18.310926	0.507843	2.140110	6.374550	-11.086200	25.000000
18.935766	2.606091	2.356216	18.898677	0.400928	2.279423	6.374550	-10.489000	25.000000
18.935874	2.606081	2.356194	18.967868	0.536803	2.407245	6.374550	-9.391330	25.000000
18.935874	2.606081	2.356194	18.841974	0.492800	2.324459	6.374550	-8.794190	25.000000
18.935874	2.606081	2.356194	19.115962	0.518862	2.326353	6.374550	-7.696490	25.000000
18.935874	2.606081	2.356194	17.417807	0.901983	2.470280	6.374550	-7.099350	25.000000
18.935874	2.606081	2.356194	20.309850	1.176618	2.178027	6.374550	-6.001650	25.000000
18.935874	2.606081	2.356194	12.433021	2.047054	2.771170	6.374550	-5.404510	25.000000
18.935874	2.606081	2.356194	23.205172	2.025902	2.017278	6.374550	-4.306810	25.000000
18.935874	2.606081	2.356194	18.936473	2.673560	2.472336	6.374550	-3.709670	25.000000
18.935874	2.606081	2.356194	18.880943	2.656196	2.452668	6.374550	-2.611970	25.000000
18.935874	2.606081	2.356194	18.942545	2.617495	2.386036	6.374550	-2.014830	25.000000
18.935867	2.606082	2.356196	18.872202	2.623980	2.386488	6.374550	-0.917129	25.000000
18.935658	2.606101	2.356224	18.912430	2.599400	2.341703	7.221960	-21.255200	25.000000
18.936019	2.606068	2.356151	18.817014	2.587341	2.327631	7.221960	-20.658100	25.000000
18.936019	2.606068	2.356151	19.054396	2.577267	2.314552	7.221960	-19.560400	25.000000
18.935658	2.606101	2.356224	19.118054	2.591732	2.292451	7.221960	-18.963200	25.000000
18.935658	2.606101	2.356224	18.839851	2.555919	2.295046	7.221960	-17.865500	25.000000
18.936019	2.606068	2.356151	18.927285	2.568185	4.134381	7.221960	-17.268400	25.000000
18.936019	2.606068	2.356151	14.948913	1.976513	5.790230	7.221960	-16.170700	25.000000
18.936019	2.606068	2.356151	14.874475	1.503516	4.786577	7.221960	-15.573600	25.000000
18.935658	2.606101	2.356224	21.824473	0.800336	4.568866	7.221960	-14.475800	25.000000
18.935658	2.606101	2.356224	18.706683	0.467430	3.868235	7.221960	-13.878700	25.000000
18.935658	2.606101	2.356224	19.173158	0.534393	3.752319	7.221960	-12.781000	25.000000
18.936019	2.606068	2.356151	19.368531	0.693069	2.361909	7.221960	-12.183900	25.000000
18.936019	2.606068	2.356151	18.543193	0.496975	2.484518	7.221960	-11.086200	25.000000
18.935730	2.606094	2.356209	19.446336	0.639813	2.404936	7.221960	-10.489000	25.000000
18.935838	2.606085	2.356187	18.368723	0.576489	2.548050	7.221960	-9.391330	25.000000
18.935838	2.606085	2.356187	19.331322	0.474004	2.468622	7.221960	-8.794190	25.000000
18.935838	2.606085	2.356187	18.597312	0.534861	2.326353	7.221960	-7.696490	25.000000
18.935838	2.606085	2.356187	16.369178	0.808863	2.151773	7.221960	-7.099350	25.000000
18.935838	2.606085	2.356187	21.205895	0.862208	2.020556	7.221960	-6.001650	25.000000
18.935838	2.606085	2.356187	12.692517	2.315242	2.341044	7.221960	-5.404510	25.000000
18.935838	2.606085	2.356187	22.782669	1.702859	1.835107	7.221960	-4.306810	25.000000
18.935838	2.606085	2.356187	19.028925	2.664038	2.461495	7.221960	-3.709670	25.000000
18.935838	2.606085	2.356187	18.828967	2.650081	2.459822	7.221960	-2.611970	25.000000
18.935838	2.606085	2.356187	18.872202	2.623980	2.386488	7.221960	-2.014830	25.000000
18.935831	2.606085	2.356189	18.977091	2.614354	2.378413	7.221960	-0.917129	25.000000
18.935694	2.606097	2.356231	18.912430	2.599400	2.341703	8.069390	-22.352900	25.000000
18.935694	2.606097	2.356231	18.912430	2.599400	2.341703	8.069390	-21.255200	25.000000
18.936055	2.606065	2.356158	18.940433	2.586845	2.320748	8.069390	-20.658100	25.000000
18.936055	2.606065	2.356158	18.930663	2.577716	2.321244	8.069390	-19.560400	25.000000
18.935694	2.606097	2.356231	19.132433	2.533250	2.265535	8.069390	-18.963200	25.000000
18.935694	2.606097	2.356231	18.805584	2.521093	2.265535	8.069390	-17.865500	25.000000
18.936055	2.606065	2.356158	17.727380	2.197729	4.523190	8.069390	-17.268400	25.000000
18.936055	2.606065	2.356158	19.901759	2.594799	3.995377	8.069390	-16.170700	25.000000
18.936055	2.606065	2.356158	20.776429	0.863508	4.488912	8.069390	-15.573600	25.000000
18.935694	2.606097	2.356231	16.730810	1.463002	4.394441	8.069390	-14.475800	25.000000
18.935694	2.606097	2.356231	18.998158	0.308718	4.957368	8.069390	-13.878700	25.000000
18.935694	2.606097	2.356231	18.833929	0.332887	4.936874	8.069390	-12.781000	25.000000
18.936055	2.606065	2.356158	17.970531	0.173736	2.562518	8.069390	-12.183900	25.000000
18.936055	2.606065	2.356158	19.760061	0.449172	2.207305	8.069390	-11.086200	25.000000
18.935766	2.606091	2.356216	18.838524	0.514464	2.318045	8.069390	-10.489000	25.000000
18.935874	2.606081	2.356194	19.018412	0.561330	2.307282	8.069390	-9.391330	25.000000
18.935874	2.606081	2.356194	18.480530	0.642095	2.568627	8.069390	-8.794190	25.000000
18.935874	2.606081	2.356194	19.285487	0.573495	2.471329	8.069390	-7.696490	25.000000
18.935874	2.606081	2.356194	18.186808	1.090690	1.872942	8.069390	-7.099350	25.000000
18.935874	2.606081	2.356194	19.660621	0.792720	2.005698	8.069390	-6.001650	25.000000
18.935874	2.606081	2.356194	24.518972	2.054370	1.807954	8.069390	-5.404510	25.000000
18.935874	2.606081	2.356194	8.982761	2.188159	2.132290	8.069390	-4.306810	25.000000
18.935874	2.606081	2.356194	18.956002	2.660010	2.493536	8.069390	-3.709670	25.000000
18.935874	2.606081	2.356194	18.865842	2.646442	2.466852	8.069390	-2.611970	25.000000
18.935874	2.606081	2.356194	18.890738	2.611691	2.378413	8.069390	-2.014830	25.000000
18.935867	2.606082	2.356196	18.908464	2.620622	2.393771	8.069390	-0.917129	25.000000
18.935694	2.606097	2.356231	18.948615	2.596239	2.349000	8.916810	-21.255200	25.000000
18.936055	2.606065	2.356158	18.891797	2.580978	2.328033	8.916810	-20.658100	25.000000
18.936055	2.606065	2.356158	18.987364	2.592884	2.327631	8.916810	-19.560400	25.000000
18.935694	2.606097	2.356231	19.223163	2.508698	2.256526	8.916810	-18.963200	25.000000
18.935694	2.606097	2.356231	18.663601	2.522524	2.310475	8.916810	-17.865500	25.000000
18.936055	2.606065	2.356158	14.484129	2.585275	4.909785	8.916810	-17.268400	25.000000
18.936055	2.606065	2.356158	22.335846	2.442747	4.105084	8.916810	-16.170700	25.000000
18.936055	2.606065	2.356158	20.710142	1.391176	5.068288	8.916810	-15.573600	25.000000
18.935694	2.606097	2.356231	16.896449	1.207771	5.439557	8.916810	-14.475800	25.000000
18.935694	2.606097	2.356231	17.739504	0.872866	5.680898	8.916810	-13.878700	25.000000
18.935694	2.606097	2.356231	20.018491	0.565689	5.596800	8.916810	-12.781000	25.000000
18.936055	2.606065	2.356158	19.918396	0.249834	0.720740	8.916810	-12.183900	25.000000
18.936055	2.606065	2.356158	17.973650	0.174722	0.125149	8.916810	-11.086200	25.000000
18.935766	2.606091	2.356216	20.148439	0.381488	1.589461	8.916810	-10.489000	25.000000
18.935874	2.606081	2.356194	17.747496	0.167200	1.246904	8.916810	-9.391330	25.000000
18.935874	2.606081	2.356194	18.467758	0.341711	1.970808	8.916810	-8.794190	25.000000
18.935874	2.606081	2.356194	19.275798	0.456732	1.879155	8.916810	-7.696490	25.000000
18.935874	2.606081	2.356194	17.136339	0.803168	1.716478	8.916810	-7.099350	25.000000
18.935874	2.606081	2.356194	20.596420	1.145388	1.701763	8.916810	-6.001650	25.000000
18.935874	2.606081	2.356194	22.733456	2.456230	2.102873	8.916810	-5.404510	25.000000
18.935874	2.606081	2.356194	13.390668	1.804420	1.989800	8.916810	-4.306810	25.000000
18.935874	2.606081	2.356194	18.970767	2.647294	2.498092	8.916810	-3.709670	25.000000
18.935874	2.606081	2.356194	18.777913	2.643912	2.466852	8.916810	-2.611970	25.000000
18.935874	2.606081	2.356194	18.942545	2.617495	2.386036	8.916810	-2.014830	25.000000
18.935867	2.606082	2.356196	18.890738	2.611691	2.378413	8.916810	-0.917129	25.000000
18.935694	2.606097	2.356231	18.948615	2.596239	2.349000	9.764230	-21.255200	25.000000
18.936055	2.606065	2.356158	18.890209	2.581112	2.342111	9.764230	-20.658100	25.000000
18.936055	2.606065	2.356158	18.902116	2.590125	2.327631	9.764230	-19.560400	25.000000
18.935694	2.606097	2.356231	18.660386	2.522766	2.323526	9.764230	-18.963200	25.000000
18.935694	2.606097	2.356231	19.202083	2.537165	2.291350	9.764230	-17.865500	25.000000
18.936055	2.606065	2.356158	19.275746	2.856926	6.172120	9.764230	-17.268400	25.000000
18.936055	2.606065	2.356158	18.159477	2.648943	3.462607	9.764230	-16.170700	25.000000
18.936055	2.606065	2.356158	18.222239	1.965079	5.409410	9.764230	-15.573600	25.000000
18.935694	2.606097	2.356231	19.433476	1.836340	5.963121	9.764230	-14.475800	25.000000
18.935694	2.606097	2.356231	18.278403	1.189608	5.131212	9.764230	-13.878700	25.000000
18.935694	2.606097	2.356231	19.043634	1.042450	5.942206	9.764230	-12.781000	25.000000
18.936055	2.606065	2.356158	18.668018	0.498067	0.063958	9.764230	-12.183900	25.000000
18.936055	2.606065	2.356158	19.272042	0.572414	0.449938	9.764230	-11.086200	25.000000
18.935766	2.606091	2.356216	20.358509	0.430611	0.581802	9.764230	-10.489000	25.000000
18.935874	2.606081	2.356194	17.398106	0.458654	0.027266	9.764230	-9.391330	25.000000
18.935874	2.606081	2.356194	18.390487	0.537210	0.822974	9.764230	-8.794190	25.000000
18.935874	2.606081	2.356194	19.417775	0.688046	1.034549	9.764230	-7.696490	25.000000
18.935874	2.606081	2.356194	18.603226	1.196596	1.455037	9.764230	-7.099350	25.000000
18.935874	2.606081	2.356194	19.250455	0.924062	1.162486	9.764230	-6.001650	25.000000
18.935874	2.606081	2.356194	13.459569	1.841560	1.868161	9.764230	-5.404510	25.000000
18.935874	2.606081	2.356194	22.714093	2.450338	2.139644	9.764230	-4.306810	25.000000
18.935874	2.606081	2.356194	18.751000	2.635448	2.449671	9.764230	-3.709670	25.000000
18.935874	2.606081	2.356194	19.039170	2.629838	2.470202	9.764230	-2.611970	25.000000
18.935874	2.606081	2.356194	18.890738	2.611691	2.378413	9.764230	-2.014830	25.000000
18.935867	2.606082	2.356196	19.013679	2.611058	2.385598	9.764230	-0.917129	25.000000
18.935874	2.606081	2.356121	18.938321	2.587025	2.334921	10.611600	-20.658100	25.000000
18.935874	2.606081	2.356121	18.937265	2.587115	2.349102	10.611600	-19.560400	25.000000
18.935514	2.606113	2.356194	18.741932	2.544587	2.349483	10.611600	-18.963200	25.000000
18.935514	2.606113	2.356194	19.038382	2.549729	2.302912	10.611600	-17.865500	25.000000
18.935874	2.606081	2.356121	20.110196	2.646976	1.968811	10.611600	-17.268400	25.000000
18.935874	2.606081	2.356121	17.632073	2.750391	2.744513	10.611600	-16.170700	25.000000
18.935874	2.606081	2.356121	17.337532	2.582754	0.141897	10.611600	-15.573600	25.000000
18.935514	2.606113	2.356194	19.786106	2.415839	4.998011	10.611600	-14.475800	25.000000
18.935514	2.606113	2.356194	21.020704	1.335528	5.195728	10.611600	-13.878700	25.000000
18.935514	2.606113	2.356194	16.489997	1.449211	5.671458	10.611600	-12.781000	25.000000
18.935874	2.606081	2.356121	17.720045	0.957435	0.352309	10.611600	-12.183900	25.000000
18.935874	2.606081	2.356121	20.072369	0.859735	0.232220	10.611600	-11.086200	25.000000
18.935586	2.606107	2.356180	19.756520	0.700834	6.203825	10.611600	-10.489000	25.000000
18.935694	2.606097	2.356158	18.112562	0.585066	6.139733	10.611600	-9.391330	25.000000
18.935694	2.606097	2.356158	19.671807	1.129616	0.896933	10.611600	-8.794190	25.000000
18.935694	2.606097	2.356158	18.049654	0.949944	0.552101	10.611600	-7.696490	25.000000
18.935694	2.606097	2.356158	17.610508	1.259141	0.806492	10.611600	-7.099350	25.000000
18.935694	2.606097	2.356158	20.090047	1.451048	1.113875	10.611600	-6.001650	25.000000
18.935694	2.606097	2.356158	13.257828	2.472593	1.803976	10.611600	-5.404510	25.000000
18.935694	2.606097	2.356158	23.156425	2.339594	2.004883	10.611600	-4.306810	25.000000
18.935694	2.606097	2.356158	18.927493	2.618873	2.453629	10.611600	-3.709670	25.000000
18.935694	2.606097	2.356158	18.883326	2.622946	2.431808	10.611600	-2.611970	25.000000
18.936235	2.606049	2.356194	18.985784	2.593021	2.341910	11.459100	-20.658100	25.000000
18.936235	2.606049	2.356194	18.900000	2.590307	2.356194	11.459100	-19.560400	25.000000
18.935874	2.606081	2.356268	18.829233	2.556770	2.349392	11.459100	-18.963200	25.000000
18.935874	2.606081	2.356268	19.046259	2.568190	2.315122	11.459100	-17.865500	25.000000
18.936235	2.606049	2.356194	19.030765	2.504723	2.331200	11.459100	-17.268400	25.000000
18.936235	2.606049	2.356194	18.864782	2.507710	2.343537	11.459100	-16.170700	25.000000
18.936235	2.606049	2.356194	17.759575	2.747761	2.543008	11.459100	-15.573600	25.000000
18.935874	2.606081	2.356268	19.730801	2.801394	5.161771	11.459100	-14.475800	25.000000
18.935874	2.606081	2.356268	20.032474	1.859321	5.992726	11.459100	-13.878700	25.000000
18.935874	2.606081	2.356268	17.686718	2.021229	5.537766	11.459100	-12.781000	25.000000
18.936235	2.606049	2.356194	18.707015	1.553690	0.021387	11.459100	-12.183900	25.000000
18.936235	2.606049	2.356194	19.258455	1.422789	0.070933	11.459100	-11.086200	25.000000
18.935947	2.606075	2.356253	20.666274	1.104021	6.205624	11.459100	-10.489000	25.000000
18.936055	2.606065	2.356231	17.112171	1.104062	6.179610	11.459100	-9.391330	25.000000
18.936055	2.606065	2.356231	17.934143	1.577276	0.456166	11.459100	-8.794190	25.000000
18.936055	2.606065	2.356231	19.860408	1.564462	0.928302	11.459100	-7.696490	25.000000
18.936055	2.606065	2.356231	20.378911	1.793448	0.760492	11.459100	-7.099350	25.000000
18.936055	2.606065	2.356231	17.143512	2.229986	1.120349	11.459100	-6.001650	25.000000
18.936055	2.606065	2.356231	19.123023	2.601391	2.392150	11.459100	-5.404510	25.000000
18.936055	2.606065	2.356231	18.934888	2.577363	2.180713	11.459100	-4.306810	25.000000
18.936055	2.606065	2.356231	19.024721	2.610070	2.429592	11.459100	-3.709670	25.000000
18.936055	2.606065	2.356231	18.911637	2.620330	2.408778	11.459100	-2.611970	25.000000
18.936048	2.606066	2.356233	18.977091	2.614354	2.378413	11.459100	-0.917129	25.000000
18.936235	2.606049	2.356194	18.948615	2.596239	2.349000	12.306500	-20.658100	25.000000
18.936235	2.606049	2.356194	18.900000	2.590307	2.356194	12.306500	-19.560400	25.000000
18.935874	2.606081	2.356268	19.013153	2.580703	2.335219	12.306500	-18.963200	25.000000
18.935874	2.606081	2.356268	18.880943	2.571997	2.356194	12.306500	-17.865500	25.000000
18.936235	2.606049	2.356194	18.910843	2.495569	2.362406	12.306500	-17.268400	25.000000
18.936235	2.606049	2.356194	18.904232	2.541374	2.349572	12.306500	-16.170700	25.000000
18.936235	2.606049	2.356194	18.374983	2.814373	2.647651	12.306500	-15.573600	25.000000
18.935874	2.606081	2.356268	19.443765	2.546379	2.232644	12.306500	-14.475800	25.000000
18.935874	2.606081	2.356268	17.564524	2.716322	6.081730	12.306500	-13.878700	25.000000
18.935874	2.606081	2.356268	20.175639	2.651421	0.607276	12.306500	-12.781000	25.000000
18.936235	2.606049	2.356194	19.294982	2.202880	6.065568	12.306500	-12.183900	25.000000
18.936235	2.606049	2.356194	18.484740	2.373896	0.290338	12.306500	-11.086200	25.000000
18.935947	2.606075	2.356253	19.881147	1.872098	0.094952	12.306500	-10.489000	25.000000
18.936055	2.606065	2.356231	17.922611	1.894451	0.286384	12.306500	-9.391330	25.000000
18.936055	2.606065	2.356231	19.237723	2.129643	1.044046	12.306500	-8.794190	25.000000
18.936055	2.606065	2.356231	18.491079	2.463473	0.761013	12.306500	-7.696490	25.000000
18.936055	2.606065	2.356231	20.758670	2.450833	1.432749	12.306500	-7.099350	25.000000
18.936055	2.606065	2.356231	16.725851	2.867170	2.357755	12.306500	-6.001650	25.000000
18.936055	2.606065	2.356231	18.923266	2.598451	2.494002	12.306500	-5.404510	25.000000
18.936055	2.606065	2.356231	18.879883	2.612673	2.460294	12.306500	-4.306810	25.000000
18.936055	2.606065	2.356231	18.892856	2.611500	2.393215	12.306500	-3.709670	25.000000
18.936055	2.606065	2.356231	18.964704	2.605070	2.392675	12.306500	-2.611970	25.000000
18.935874	2.606081	2.356121	18.948615	2.596239	2.349000	13.153900	-19.560400	25.000000
18.935514	2.606113	2.356194	19.012101	2.580791	2.349202	13.153900	-18.963200	25.000000
18.935514	2.606113	2.356194	18.900000	2.590307	2.356194	13.153900	-17.865500	25.000000
18.935874	2.606081	2.356121	18.783770	2.541318	2.382855	13.153900	-17.268400	25.000000
18.935874	2.606081	2.356121	19.035493	2.559441	2.342682	13.153900	-16.170700	25.000000
18.935874	2.606081	2.356121	18.914016	2.513116	2.413457	13.153900	-15.573600	25.000000
18.935514	2.606113	2.356194	19.071969	2.501808	2.374826	13.153900	-14.475800	25.000000
18.935514	2.606113	2.356194	18.610481	2.616154	2.371345	13.153900	-13.878700	25.000000
18.935514	2.606113	2.356194	19.300259	2.548121	2.264348	13.153900	-12.781000	25.000000
18.935874	2.606081	2.356121	19.920181	2.710779	1.503429	13.153900	-12.183900	25.000000
18.935874	2.606081	2.356121	17.905834	2.956504	2.864960	13.153900	-11.086200	25.000000
18.935586	2.606107	2.356180	19.578815	2.622532	1.278353	13.153900	-10.489000	25.000000
18.935694	2.606097	2.356158	18.299727	2.793148	0.876058	13.153900	-9.391330	25.000000
18.935694	2.606097	2.356158	18.709890	2.662105	2.039625	13.153900	-7.696490	25.000000
18.935694	2.606097	2.356158	18.910843	2.589375	2.492043	13.153900	-7.099350	25.000000
18.935694	2.606097	2.356158	18.964704	2.594842	2.500120	13.153900	-6.001650	25.000000
18.935694	2.606097	2.356158	18.933832	2.607818	2.414950	13.153900	-5.404510	25.000000
18.935694	2.606097	2.356158	18.897883	2.600680	2.450802	13.153900	-4.306810	25.000000
18.935694	2.606097	2.356158	18.927493	2.608385	2.385598	13.153900	-3.709670	25.000000
18.935694	2.606097	2.356158	18.962595	2.605257	2.378089	13.153900	-2.611970	25.000000
18.935514	2.606113	2.356194	18.985784	2.593021	2.341910	14.001300	-18.963200	25.000000
18.935514	2.606113	2.356194	18.937265	2.587115	2.363287	14.001300	-17.865500	25.000000
18.935874	2.606081	2.356121	18.881472	2.571953	2.370082	14.001300	-17.268400	25.000000
18.935874	2.606081	2.356121	19.012101	2.580791	2.363187	14.001300	-16.170700	25.000000
18.935874	2.606081	2.356121	19.026560	2.541286	2.356194	14.001300	-15.573600	25.000000
18.935514	2.606113	2.356194	18.872732	2.543817	2.409477	14.001300	-14.475800	25.000000
18.935514	2.606113	2.356194	18.956793	2.501137	2.406153	14.001300	-13.878700	25.000000
18.935514	2.606113	2.356194	18.864252	2.498852	2.462708	14.001300	-12.781000	25.000000
18.935874	2.606081	2.356121	18.832950	2.528228	2.487022	14.001300	-12.183900	25.000000
18.935874	2.606081	2.356121	19.020252	2.496673	2.449094	14.001300	-11.086200	25.000000
18.935586	2.606107	2.356180	18.960485	2.527835	2.492597	14.001300	-10.489000	25.000000
18.935694	2.606097	2.356158	18.894179	2.551598	2.450508	14.001300	-9.391330	25.000000
18.935694	2.606097	2.356158	18.841709	2.565440	2.529271	14.001300	-8.794190	25.000000
18.935694	2.606097	2.356158	19.007893	2.533452	2.499933	14.001300	-7.696490	25.000000
18.935694	2.606097	2.356158	18.828170	2.596543	2.479651	14.001300	-7.099350	25.000000
18.935694	2.606097	2.356158	19.027874	2.579473	2.432966	14.001300	-6.001650	25.000000
18.935694	2.606097	2.356158	18.964704	2.605070	2.392675	14.001300	-5.404510	25.000000
18.935694	2.606097	2.356158	18.882002	2.602081	2.407245	14.001300	-4.306810	25.000000
18.935694	2.606097	2.356158	18.962595	2.605257	2.378089	14.001300	-3.709670	25.000000
18.935874	2.606081	2.356268	18.985257	2.593066	2.356194	14.848800	-18.963200	25.000000
18.935874	2.606081	2.356268	18.863192	2.593489	2.363389	14.848800	-17.865500	25.000000
18.936235	2.606049	2.356194	18.900529	2.590262	2.370479	14.848800	-17.268400	25.000000
18.936235	2.606049	2.356194	18.900000	2.590307	2.356194	14.848800	-16.170700	25.000000
18.936235	2.606049	2.356194	18.927493	2.577981	2.363187	14.848800	-15.573600	25.000000
18.935874	2.606081	2.356268	18.922473	2.568579	2.390664	14.848800	-14.475800	25.000000
18.935874	2.606081	2.356268	18.955474	2.546786	2.409477	14.848800	-13.878700	25.000000
18.935874	2.606081	2.356268	18.999474	2.562328	2.390195	14.848800	-12.781000	25.000000
18.936235	2.606049	2.356194	18.840648	2.546322	2.429886	14.848800	-12.183900	25.000000
18.936235	2.606049	2.356194	18.966022	2.545964	2.436024	14.848800	-11.086200	25.000000
18.935947	2.606075	2.356253	18.865047	2.563539	2.459276	14.848800	-10.489000	25.000000
18.936055	2.606065	2.356231	19.012890	2.551727	2.443222	14.848800	-9.391330	25.000000
18.936055	2.606065	2.356231	18.935152	2.567542	2.431912	14.848800	-8.794190	25.000000
18.936055	2.606065	2.356231	18.919038	2.588673	2.441700	14.848800	-7.696490	25.000000
18.936055	2.606065	2.356231	18.916659	2.599029	2.399645	14.848800	-7.099350	25.000000
18.936055	2.606065	2.356231	18.993683	2.592340	2.413275	14.848800	-6.001650	25.000000
18.936055	2.606065	2.356231	18.876705	2.602550	2.378089	14.848800	-5.404510	25.000000
18.936055	2.606065	2.356231	18.914016	2.599261	2.385172	14.848800	-4.306810	25.000000
18.935874	2.606081	2.356268	18.948615	2.596239	2.349000	15.696200	-17.865500	25.000000
18.936235	2.606049	2.356194	18.900000	2.590307	2.356194	15.696200	-17.268400	25.000000
18.936235	2.606049	2.356194	18.985784	2.593021	2.370479	15.696200	-15.573600	25.000000
18.935874	2.606081	2.356268	18.900529	2.590262	2.370479	15.696200	-14.475800	25.000000
18.935874	2.606081	2.356268	18.976564	2.583780	2.384356	15.696200	-13.878700	25.000000
18.935874	2.606081	2.356268	18.891797	2.580978	2.384356	15.696200	-12.781000	25.000000
18.936235	2.606049	2.356194	18.930663	2.577716	2.391145	15.696200	-12.183900	25.000000
18.936235	2.606049	2.356194	19.054396	2.577267	2.397837	15.696200	-11.086200	25.000000
18.935947	2.606075	2.356253	19.018412	2.580263	2.405106	15.696200	-10.489000	25.000000
18.936055	2.606065	2.356231	18.904761	2.589898	2.399025	15.696200	-9.391330	25.000000
18.936055	2.606065	2.356231	19.025509	2.589614	2.391641	15.696200	-8.794190	25.000000
18.936055	2.606065	2.356231	18.951781	2.595963	2.392150	15.696200	-7.696490	25.000000
18.936055	2.606065	2.356231	18.841444	2.605687	2.385598	15.696200	-7.099350	25.000000
18.936055	2.606065	2.356231	18.914016	2.599261	2.385172	15.696200	-6.001650	25.000000
18.936235	2.606049	2.356194	18.948615	2.596239	2.363389	16.543600	-15.573600	25.000000
18.935874	2.606081	2.356268	18.900529	2.590262	2.370479	16.543600	-13.878700	25.000000
18.935874	2.606081	2.356268	18.985784	2.593021	2.370479	16.543600	-12.781000	25.000000
18.936235	2.606049	2.356194	18.985784	2.593021	2.370479	16.543600	-12.183900	25.000000
18.936235	2.606049	2.356194	18.864252	2.593397	2.377774	16.543600	-11.086200	25.000000
18.935947	2.606075	2.356253	18.914016	2.599261	2.385172	16.543600	-10.489000	25.000000
18.936055	2.606065	2.356231	18.949670	2.596147	2.377774	16.543600	-9.391330	25.000000
18.935514	2.606113	2.356194	18.912430	2.599400	2.370686	17.391000	-13.878700	25.000000
18.935514	2.606113	2.356194	18.948615	2.596239	2.363389	17.391000	-12.781000	25.000000
18.935874	2.606081	2.356121	18.912430	2.599400	2.370686	17.391000	-12.183900	25.000000
18.935586	2.606107	2.356180	18.948615	2.596239	2.363389	17.391000	-10.489000	25.000000
18.935694	2.606097	2.356158	18.948615	2.596239	2.363389	17.391000	-9.391330	25.000000
18.935874	2.606081	2.356121	18.948615	2.596239	2.363389	18.238400	-12.183900	25.000000
