18.936193	2.135438	5.932807	19.007630	2.124810	5.936000	-56.430400	18.030500	25.000000
18.936193	2.135438	5.932807	18.926437	2.121255	5.941829	-55.583000	13.543100	25.000000
18.935903	2.135447	5.932865	18.875116	2.122924	5.933883	-55.583000	15.237900	25.000000
18.935903	2.135447	5.932865	18.955210	2.120323	5.936000	-55.583000	16.335600	25.000000
18.936193	2.135438	5.932807	18.955210	2.120323	5.936000	-55.583000	16.932800	25.000000
18.935903	2.135447	5.932865	19.007630	2.124810	5.936000	-55.583000	18.627600	25.000000
18.935903	2.135447	5.932865	18.978936	2.125745	5.941829	-54.735600	11.848200	25.000000
18.935903	2.135447	5.932865	18.926437	2.121255	5.941829	-54.735600	12.945900	25.000000
18.936193	2.135438	5.932807	18.874321	2.116739	5.941829	-54.735600	13.543100	25.000000
18.936193	2.135438	5.932807	18.983677	2.113243	5.938093	-54.735600	14.640800	25.000000
18.935903	2.135447	5.932865	18.903174	2.115812	5.936000	-54.735600	15.237900	25.000000
18.935903	2.135447	5.932865	19.035493	2.117742	5.938093	-54.735600	16.335600	25.000000
18.936193	2.135438	5.932807	18.955210	2.120323	5.936000	-54.735600	16.932800	25.000000
18.936193	2.135438	5.932807	18.984467	2.119380	5.930195	-54.735600	18.030500	25.000000
18.935903	2.135447	5.932865	19.036806	2.123862	5.930195	-54.735600	18.627600	25.000000
18.935903	2.135447	5.932865	19.007630	2.124810	5.936000	-54.735600	19.725300	25.000000
18.935225	2.135470	5.932821	18.978936	2.125745	5.941829	-53.888100	10.153400	25.000000
18.935109	2.135474	5.932844	19.006841	2.118660	5.943893	-53.888100	11.848200	25.000000
18.935109	2.135474	5.932844	18.954947	2.114157	5.943893	-53.888100	12.945900	25.000000
18.935399	2.135464	5.932785	18.932248	2.108719	5.938093	-53.888100	13.543100	25.000000
18.935399	2.135464	5.932785	18.903439	2.109629	5.943893	-53.888100	14.640800	25.000000
18.935109	2.135474	5.932844	18.932248	2.108719	5.938093	-53.888100	15.237900	25.000000
18.935109	2.135474	5.932844	19.013153	2.106182	5.940161	-53.888100	16.335600	25.000000
18.935399	2.135464	5.932785	18.962331	2.113922	5.924415	-53.888100	16.932800	25.000000
18.935399	2.135464	5.932785	18.961540	2.107798	5.932317	-53.888100	18.030500	25.000000
18.935109	2.135474	5.932844	18.903174	2.115812	5.936000	-53.888100	18.627600	25.000000
18.935109	2.135474	5.932844	18.962331	2.113922	5.924415	-53.888100	19.725300	25.000000
18.935109	2.135474	5.932844	19.007630	2.124810	5.936000	-53.888100	20.322400	25.000000
18.935225	2.135470	5.932821	18.950989	2.120460	5.955564	-53.040700	10.153400	25.000000
18.935109	2.135474	5.932844	18.954947	2.114157	5.943893	-53.040700	11.251100	25.000000
18.935109	2.135474	5.932844	18.928550	2.108836	5.957544	-53.040700	11.848200	25.000000
18.935109	2.135474	5.932844	18.933568	2.102539	5.945932	-53.040700	12.945900	25.000000
18.935399	2.135464	5.932785	18.964704	2.095470	5.947948	-53.040700	13.543100	25.000000
18.935399	2.135464	5.932785	18.936473	2.096333	5.953713	-53.040700	14.640800	25.000000
18.935109	2.135474	5.932844	18.943601	2.090024	5.942206	-53.040700	15.237900	25.000000
18.935109	2.135474	5.932844	19.022618	2.093709	5.936488	-53.040700	16.335600	25.000000
18.935399	2.135464	5.932785	18.910579	2.103254	5.932317	-53.040700	16.932800	25.000000
18.935399	2.135464	5.932785	18.971031	2.095277	5.928691	-53.040700	18.030500	25.000000
18.935109	2.135474	5.932844	18.962331	2.113922	5.924415	-53.040700	18.627600	25.000000
18.935109	2.135474	5.932844	18.961540	2.107798	5.932317	-53.040700	19.725300	25.000000
18.935109	2.135474	5.932844	18.986838	2.125487	5.922239	-53.040700	20.322400	25.000000
18.935109	2.135474	5.932844	18.852321	2.117448	5.928048	-53.040700	21.420100	25.000000
18.936048	2.135442	5.932836	18.978936	2.125745	5.941829	-52.193300	6.763720	25.000000
18.936048	2.135442	5.932836	18.898148	2.122174	5.947683	-52.193300	8.458560	25.000000
18.936019	2.135443	5.932842	18.901323	2.109696	5.963384	-52.193300	10.153400	25.000000
18.935903	2.135447	5.932865	18.984467	2.107079	5.945932	-52.193300	11.251100	25.000000
18.935903	2.135447	5.932865	18.925380	2.078440	5.963347	-52.193300	11.848200	25.000000
18.935903	2.135447	5.932865	19.018412	2.093836	5.955677	-52.193300	12.945900	25.000000
18.936193	2.135438	5.932807	18.997105	2.064348	5.948203	-52.193300	13.543100	25.000000
18.936193	2.135438	5.932807	18.856829	2.068354	5.957618	-52.193300	14.640800	25.000000
18.935903	2.135447	5.932865	18.860541	2.068247	5.938538	-52.193300	15.237900	25.000000
18.935903	2.135447	5.932865	18.943337	2.065875	5.940565	-52.193300	16.335600	25.000000
18.936193	2.135438	5.932807	18.841709	2.087004	5.934414	-52.193300	16.932800	25.000000
18.936193	2.135438	5.932807	18.983677	2.082765	5.925122	-52.193300	18.030500	25.000000
18.935903	2.135447	5.932865	18.860011	2.098686	5.932317	-52.193300	18.627600	25.000000
18.935903	2.135447	5.932865	18.970767	2.101386	5.920838	-52.193300	19.725300	25.000000
18.935903	2.135447	5.932865	18.904497	2.121967	5.928048	-52.193300	20.322400	25.000000
18.935903	2.135447	5.932865	18.962331	2.113922	5.924415	-52.193300	21.420100	25.000000
18.936048	2.135442	5.932836	19.006841	2.118660	5.943893	-51.345900	8.458560	25.000000
18.936048	2.135442	5.932836	18.871672	2.116824	5.961435	-51.345900	9.556260	25.000000
18.936019	2.135443	5.932842	18.954683	2.077581	5.976701	-51.345900	10.153400	25.000000
18.935903	2.135447	5.932865	18.959167	2.101745	5.959501	-51.345900	11.251100	25.000000
18.935903	2.135447	5.932865	19.032866	2.057384	5.968953	-51.345900	11.848200	25.000000
18.935903	2.135447	5.932865	18.925380	2.042513	5.982070	-51.345900	12.945900	25.000000
18.936193	2.135438	5.932807	19.002368	2.028679	5.967001	-51.345900	13.543100	25.000000
18.936193	2.135438	5.932807	18.943073	2.018477	5.961435	-51.345900	14.640800	25.000000
18.935903	2.135447	5.932865	18.959430	2.023921	5.948448	-51.345900	15.237900	25.000000
18.935903	2.135447	5.932865	18.993157	2.034797	5.940953	-51.345900	16.335600	25.000000
18.936193	2.135438	5.932807	19.018412	2.057786	5.918147	-51.345900	16.932800	25.000000
18.936193	2.135438	5.932807	18.879089	2.055701	5.934926	-51.345900	18.030500	25.000000
18.935903	2.135447	5.932865	18.853116	2.080574	5.922992	-51.345900	18.627600	25.000000
18.935903	2.135447	5.932865	18.920359	2.096827	5.920838	-51.345900	19.725300	25.000000
18.935903	2.135447	5.932865	18.941225	2.108436	5.918659	-51.345900	20.322400	25.000000
18.935903	2.135447	5.932865	18.882267	2.116483	5.922239	-51.345900	21.420100	25.000000
18.936193	2.135438	5.932807	18.904497	2.121967	5.928048	-51.345900	22.017300	25.000000
18.936193	2.135438	5.932807	18.907406	2.128092	5.920038	-51.345900	23.115000	25.000000
18.935254	2.135469	5.932815	18.950726	2.126668	5.947683	-50.498400	6.763720	25.000000
18.935254	2.135469	5.932815	18.898148	2.122174	5.947683	-50.498400	7.861420	25.000000
18.935254	2.135469	5.932815	19.037594	2.105421	5.953713	-50.498400	8.458560	25.000000
18.935254	2.135469	5.932815	18.874321	2.116739	5.981040	-50.498400	9.556260	25.000000
18.935225	2.135470	5.932821	18.845159	2.056650	6.022196	-50.498400	10.153400	25.000000
18.935109	2.135474	5.932844	19.052821	2.062775	5.974617	-50.498400	11.251100	25.000000
18.935109	2.135474	5.932844	18.877500	1.985147	6.001706	-50.498400	11.848200	25.000000
18.935109	2.135474	5.932844	18.962331	2.012149	5.987259	-50.498400	12.945900	25.000000
18.935399	2.135464	5.932785	18.961804	1.954586	5.965032	-50.498400	13.543100	25.000000
18.935399	2.135464	5.932785	18.931719	1.972382	5.974138	-50.498400	14.640800	25.000000
18.935109	2.135474	5.932844	18.976038	1.959972	5.934414	-50.498400	15.237900	25.000000
18.935109	2.135474	5.932844	18.912959	1.978556	5.948685	-50.498400	16.335600	25.000000
18.935399	2.135464	5.932785	19.041271	2.010191	5.902679	-50.498400	16.932800	25.000000
18.935399	2.135464	5.932785	18.776049	2.022753	5.938967	-50.498400	18.030500	25.000000
18.935109	2.135474	5.932844	19.000263	2.058292	5.904891	-50.498400	18.627600	25.000000
18.935109	2.135474	5.932844	18.822593	2.081481	5.928691	-50.498400	19.725300	25.000000
18.935109	2.135474	5.932844	18.910843	2.109395	5.924415	-50.498400	20.322400	25.000000
18.935109	2.135474	5.932844	18.921152	2.102925	5.912929	-50.498400	21.420100	25.000000
18.935399	2.135464	5.932785	18.934360	2.120998	5.922239	-50.498400	22.017300	25.000000
18.935254	2.135469	5.932815	19.031027	2.124049	5.949717	-49.651000	6.763720	25.000000
18.935254	2.135469	5.932815	18.895767	2.128476	5.959462	-49.651000	7.861420	25.000000
18.935254	2.135469	5.932815	18.870612	2.098358	6.009940	-49.651000	8.458560	25.000000
18.935254	2.135469	5.932815	18.969713	2.089237	5.974870	-49.651000	9.556260	25.000000
18.935225	2.135470	5.932821	19.039170	2.051276	6.019531	-49.651000	10.153400	25.000000
18.935109	2.135474	5.932844	18.923530	2.024845	6.015386	-49.651000	11.251100	25.000000
18.935109	2.135474	5.932844	19.006578	2.028570	5.985549	-49.651000	11.848200	25.000000
18.935109	2.135474	5.932844	18.880148	2.073718	5.982464	-49.651000	12.945900	25.000000
18.935399	2.135464	5.932785	18.636792	2.014468	6.031002	-49.651000	13.543100	25.000000
18.935399	2.135464	5.932785	19.143929	2.007672	5.917667	-49.651000	14.640800	25.000000
18.935109	2.135474	5.932844	19.021041	1.925150	5.940161	-49.651000	15.237900	25.000000
18.935109	2.135474	5.932844	18.864252	1.945258	5.934414	-49.651000	16.335600	25.000000
18.935399	2.135464	5.932785	19.050722	1.952702	5.900578	-49.651000	16.932800	25.000000
18.935399	2.135464	5.932785	18.807711	1.992600	5.913501	-49.651000	18.030500	25.000000
18.935109	2.135474	5.932844	19.045997	2.068934	5.897130	-49.651000	18.627600	25.000000
18.935109	2.135474	5.932844	18.893650	2.025617	5.909243	-49.651000	19.725300	25.000000
18.935109	2.135474	5.932844	18.964704	2.089388	5.903806	-49.651000	20.322400	25.000000
18.935109	2.135474	5.932844	18.941225	2.108436	5.918659	-49.651000	21.420100	25.000000
18.935399	2.135464	5.932785	18.934360	2.120998	5.922239	-49.651000	22.017300	25.000000
18.935399	2.135464	5.932785	18.964704	2.120017	5.916455	-49.651000	23.115000	25.000000
18.935225	2.135470	5.932821	18.923795	2.133789	5.945626	-48.803600	6.166570	25.000000
18.935254	2.135469	5.932815	19.034180	2.111644	5.965311	-48.803600	6.763720	25.000000
18.935254	2.135469	5.932815	18.949670	2.126703	5.967329	-48.803600	7.861420	25.000000
18.935254	2.135469	5.932815	19.070658	2.062274	6.012238	-48.803600	8.458560	25.000000
18.935254	2.135469	5.932815	18.880943	2.091922	6.017469	-48.803600	9.556260	25.000000
18.935225	2.135470	5.932821	18.780309	2.126037	6.042766	-48.803600	10.153400	25.000000
18.935109	2.135474	5.932844	19.204427	2.206338	5.877444	-48.803600	11.251100	25.000000
18.935109	2.135474	5.932844	18.938585	2.459402	5.823283	-48.803600	11.848200	25.000000
18.935109	2.135474	5.932844	18.967868	2.290297	5.825807	-48.803600	12.945900	25.000000
18.935399	2.135464	5.932785	18.633572	2.298914	6.109763	-48.803600	13.543100	25.000000
18.935399	2.135464	5.932785	19.255649	2.347725	5.806509	-48.803600	14.640800	25.000000
18.935109	2.135474	5.932844	19.105235	2.109412	5.882297	-48.803600	15.237900	25.000000
18.935109	2.135474	5.932844	18.832684	2.149479	5.913279	-48.803600	16.335600	25.000000
18.935399	2.135464	5.932785	19.017886	2.016589	5.913501	-48.803600	16.932800	25.000000
18.935399	2.135464	5.932785	18.866372	1.962357	5.888835	-48.803600	18.030500	25.000000
18.935109	2.135474	5.932844	18.777380	2.028647	5.912601	-48.803600	18.627600	25.000000
18.935109	2.135474	5.932844	19.080094	2.003454	5.860858	-48.803600	19.725300	25.000000
18.935109	2.135474	5.932844	19.067512	2.104492	5.895892	-48.803600	20.322400	25.000000
18.935109	2.135474	5.932844	18.834277	2.081133	5.909458	-48.803600	21.420100	25.000000
18.935399	2.135464	5.932785	18.854708	2.123591	5.920038	-48.803600	22.017300	25.000000
18.935399	2.135464	5.932785	18.964704	2.120017	5.916455	-48.803600	23.115000	25.000000
18.935109	2.135474	5.932844	18.960485	2.132568	5.920038	-48.803600	24.809800	25.000000
18.936048	2.135442	5.932836	18.950726	2.126668	5.947683	-47.956200	5.068880	25.000000
18.936019	2.135443	5.932842	19.003684	2.131138	5.947683	-47.956200	6.166570	25.000000
18.936048	2.135442	5.932836	18.876705	2.122872	5.992920	-47.956200	6.763720	25.000000
18.936048	2.135442	5.932836	18.967868	2.095373	5.986478	-47.956200	7.861420	25.000000
18.936048	2.135442	5.932836	19.255649	2.204377	5.822420	-47.956200	8.458560	25.000000
18.936048	2.135442	5.932836	18.573637	2.139331	6.070753	-47.956200	9.556260	25.000000
18.936019	2.135443	5.932842	19.504615	2.440165	5.497787	-47.956200	10.153400	25.000000
18.935903	2.135447	5.932865	18.258697	2.544552	5.670863	-47.956200	11.251100	25.000000
18.935903	2.135447	5.932865	18.720566	2.661009	5.211182	-47.956200	11.848200	25.000000
18.935903	2.135447	5.932865	19.257074	2.879612	4.899954	-47.956200	12.945900	25.000000
18.936193	2.135438	5.932807	18.276403	2.765648	0.055168	-47.956200	13.543100	25.000000
18.936193	2.135438	5.932807	19.576877	2.750676	5.411418	-47.956200	14.640800	25.000000
18.935903	2.135447	5.932865	19.388141	2.497188	5.877166	-47.956200	15.237900	25.000000
18.935903	2.135447	5.932865	18.559095	2.631885	5.750341	-47.956200	16.335600	25.000000
18.936193	2.135438	5.932807	18.564752	2.022291	5.991729	-47.956200	16.932800	25.000000
18.936193	2.135438	5.932807	19.270184	2.256351	5.876533	-47.956200	18.030500	25.000000
18.935903	2.135447	5.932865	19.197396	2.006372	5.850376	-47.956200	18.627600	25.000000
18.935903	2.135447	5.932865	18.743265	1.982470	5.895112	-47.956200	19.725300	25.000000
18.935903	2.135447	5.932865	18.852056	2.092802	5.907224	-47.956200	20.322400	25.000000
18.935903	2.135447	5.932865	19.066463	2.068351	5.878294	-47.956200	21.420100	25.000000
18.936193	2.135438	5.932807	18.934360	2.120998	5.922239	-47.956200	22.017300	25.000000
18.936193	2.135438	5.932807	18.912694	2.115507	5.916455	-47.956200	23.115000	25.000000
18.936048	2.135442	5.932836	18.948879	2.132954	5.959462	-47.108800	5.068880	25.000000
18.936019	2.135443	5.932842	18.976038	2.132053	5.953561	-47.108800	6.166570	25.000000
18.936048	2.135442	5.932836	19.001316	2.094355	5.999877	-47.108800	6.763720	25.000000
18.936048	2.135442	5.932836	18.873526	2.116765	6.026177	-47.108800	7.861420	25.000000
18.936048	2.135442	5.932836	15.781001	2.720125	6.000630	-47.108800	8.458560	25.000000
18.936048	2.135442	5.932836	21.342212	2.185018	5.424747	-47.108800	9.556260	25.000000
18.936019	2.135443	5.932842	19.834062	2.535392	4.721238	-47.108800	10.153400	25.000000
18.935903	2.135447	5.932865	18.033882	2.605074	4.552234	-47.108800	11.251100	25.000000
18.935903	2.135447	5.932865	20.266968	2.575005	3.469157	-47.108800	11.848200	25.000000
18.935903	2.135447	5.932865	17.401724	2.633094	3.673915	-47.108800	12.945900	25.000000
18.936193	2.135438	5.932807	18.211617	2.956336	3.605507	-47.108800	13.543100	25.000000
18.936193	2.135438	5.932807	19.707165	2.836995	2.873993	-47.108800	14.640800	25.000000
18.935903	2.135447	5.932865	19.587122	3.003256	4.446397	-47.108800	15.237900	25.000000
18.935903	2.135447	5.932865	18.220408	2.953779	0.779370	-47.108800	16.335600	25.000000
18.936193	2.135438	5.932807	19.397423	2.578247	6.059281	-47.108800	16.932800	25.000000
18.936193	2.135438	5.932807	18.582422	2.190992	6.111731	-47.108800	18.030500	25.000000
18.935903	2.135447	5.932865	18.881472	2.002479	5.869105	-47.108800	18.627600	25.000000
18.935903	2.135447	5.932865	19.094764	2.032136	5.861398	-47.108800	19.725300	25.000000
18.935903	2.135447	5.932865	19.072755	2.080143	5.862522	-47.108800	20.322400	25.000000
18.935903	2.135447	5.932865	18.674582	2.061480	5.903806	-47.108800	21.420100	25.000000
18.936193	2.135438	5.932807	18.885179	2.122596	5.914226	-47.108800	22.017300	25.000000
18.936193	2.135438	5.932807	18.941225	2.108436	5.918659	-47.108800	23.115000	25.000000
18.935225	2.135470	5.932821	18.923795	2.133789	5.945626	-46.261300	4.471730	25.000000
18.935254	2.135469	5.932815	18.841974	2.136532	5.963423	-46.261300	5.068880	25.000000
18.935225	2.135470	5.932821	18.949670	2.126703	5.967329	-46.261300	6.166570	25.000000
18.935254	2.135469	5.932815	18.764594	2.139153	5.981432	-46.261300	6.763720	25.000000
18.935254	2.135469	5.932815	19.140272	2.114412	5.953713	-46.261300	7.861420	25.000000
18.935254	2.135469	5.932815	17.590136	2.520006	4.053658	-46.261300	8.458560	25.000000
18.935254	2.135469	5.932815	19.986668	2.292201	4.973206	-46.261300	9.556260	25.000000
18.935225	2.135470	5.932821	19.109683	2.270058	4.236510	-46.261300	10.153400	25.000000
18.935109	2.135474	5.932844	18.810635	2.182354	3.798080	-46.261300	11.251100	25.000000
18.935109	2.135474	5.932844	18.771332	2.076910	3.188509	-46.261300	11.848200	25.000000
18.935109	2.135474	5.932844	19.067973	2.110580	3.002981	-46.261300	12.945900	25.000000
18.935399	2.135464	5.932785	19.271536	2.361563	2.947814	-46.261300	13.543100	25.000000
18.935399	2.135464	5.932785	18.560520	2.393133	2.879715	-46.261300	14.640800	25.000000
18.935109	2.135474	5.932844	18.443698	2.876619	2.043703	-46.261300	15.237900	25.000000
18.935109	2.135474	5.932844	19.348643	2.449763	2.436481	-46.261300	16.335600	25.000000
18.935399	2.135464	5.932785	18.958122	2.518910	0.571446	-46.261300	16.932800	25.000000
18.935399	2.135464	5.932785	18.768167	2.622948	5.987610	-46.261300	18.030500	25.000000
18.935109	2.135474	5.932844	18.264173	2.067286	6.018572	-46.261300	18.627600	25.000000
18.935109	2.135474	5.932844	19.655279	2.164755	5.783839	-46.261300	19.725300	25.000000
18.935109	2.135474	5.932844	18.770722	2.083029	5.887924	-46.261300	20.322400	25.000000
18.935109	2.135474	5.932844	19.059381	2.044818	5.851189	-46.261300	21.420100	25.000000
18.935399	2.135464	5.932785	18.885179	2.122596	5.914226	-46.261300	22.017300	25.000000
18.935399	2.135464	5.932785	18.974984	2.113519	5.904965	-46.261300	23.115000	25.000000
18.935254	2.135469	5.932815	18.923795	2.133789	5.945626	-45.413900	3.374040	25.000000
18.935225	2.135470	5.932821	18.923795	2.133789	5.945626	-45.413900	4.471730	25.000000
18.935254	2.135469	5.932815	18.925908	2.133719	5.985146	-45.413900	5.068880	25.000000
18.935225	2.135470	5.932821	19.060168	2.123105	5.982874	-45.413900	6.166570	25.000000
18.935254	2.135469	5.932815	17.159837	2.274255	5.470767	-45.413900	6.763720	25.000000
18.935254	2.135469	5.932815	20.602427	2.072051	5.812112	-45.413900	7.861420	25.000000
18.935254	2.135469	5.932815	16.694011	2.161669	4.248741	-45.413900	8.458560	25.000000
18.935254	2.135469	5.932815	20.908850	1.927444	3.901725	-45.413900	9.556260	25.000000
18.935225	2.135470	5.932821	19.529721	1.766621	4.169284	-45.413900	10.153400	25.000000
18.935109	2.135474	5.932844	18.314202	1.768653	3.692518	-45.413900	11.251100	25.000000
18.935109	2.135474	5.932844	17.868285	1.579751	2.828691	-45.413900	11.848200	25.000000
18.935109	2.135474	5.932844	19.987496	1.620849	2.883249	-45.413900	12.945900	25.000000
18.935399	2.135464	5.932785	18.995328	1.875566	3.094666	-45.413900	13.543100	25.000000
18.935399	2.135464	5.932785	18.817811	1.845249	3.102938	-45.413900	14.640800	25.000000
18.935109	2.135474	5.932844	20.442358	2.087564	2.459822	-45.413900	15.237900	25.000000
18.935109	2.135474	5.932844	17.179639	2.280929	1.795294	-45.413900	16.335600	25.000000
18.935399	2.135464	5.932785	17.901397	2.574581	0.463648	-45.413900	16.932800	25.000000
18.935399	2.135464	5.932785	19.764868	2.754168	1.705118	-45.413900	18.030500	25.000000
18.935109	2.135474	5.932844	17.966636	2.108378	6.218341	-45.413900	18.627600	25.000000
18.935109	2.135474	5.932844	19.752468	2.387690	5.773213	-45.413900	19.725300	25.000000
18.935109	2.135474	5.932844	18.741932	2.071687	5.876696	-45.413900	20.322400	25.000000
18.935109	2.135474	5.932844	19.092931	2.043917	5.832695	-45.413900	21.420100	25.000000
18.935399	2.135464	5.932785	18.927493	2.115033	5.896945	-45.413900	22.017300	25.000000
18.935399	2.135464	5.932785	18.832950	2.118074	5.914226	-45.413900	23.115000	25.000000
18.935254	2.135469	5.932815	18.897883	2.140928	5.943544	-44.566500	3.374040	25.000000
18.935225	2.135470	5.932821	18.896031	2.134717	5.951534	-44.566500	4.471730	25.000000
18.935254	2.135469	5.932815	19.068561	2.122834	6.002348	-44.566500	5.068880	25.000000
18.935225	2.135470	5.932821	18.772586	2.138881	6.001413	-44.566500	6.166570	25.000000
18.935254	2.135469	5.932815	24.001250	1.959671	5.256669	-44.566500	6.763720	25.000000
18.935254	2.135469	5.932815	10.693924	2.335027	5.644865	-44.566500	7.861420	25.000000
18.935254	2.135469	5.932815	17.157354	1.637932	4.022138	-44.566500	8.458560	25.000000
18.935254	2.135469	5.932815	20.526364	1.520108	3.785094	-44.566500	9.556260	25.000000
18.935225	2.135470	5.932821	21.343852	1.285844	4.086464	-44.566500	10.153400	25.000000
18.935109	2.135474	5.932844	16.201543	1.378269	3.837941	-44.566500	11.251100	25.000000
18.935109	2.135474	5.932844	18.494864	1.141389	2.685924	-44.566500	11.848200	25.000000
18.935109	2.135474	5.932844	19.230445	1.147457	2.780152	-44.566500	12.945900	25.000000
18.935399	2.135464	5.932785	17.946980	1.374520	3.158068	-44.566500	13.543100	25.000000
18.935399	2.135464	5.932785	19.822525	1.377901	3.267860	-44.566500	14.640800	25.000000
18.935109	2.135474	5.932844	20.764393	1.794183	1.639993	-44.566500	15.237900	25.000000
18.935109	2.135474	5.932844	16.082910	1.790174	2.450933	-44.566500	16.335600	25.000000
18.935399	2.135464	5.932785	17.109939	2.873779	2.324955	-44.566500	16.932800	25.000000
18.935399	2.135464	5.932785	20.360010	2.289159	1.807864	-44.566500	18.030500	25.000000
18.935109	2.135474	5.932844	18.916924	2.373062	5.809334	-44.566500	18.627600	25.000000
18.935109	2.135474	5.932844	18.694408	2.267774	0.321530	-44.566500	19.725300	25.000000
18.935109	2.135474	5.932844	18.681809	2.061273	5.871122	-44.566500	20.322400	25.000000
18.935109	2.135474	5.932844	19.144451	2.054303	5.811622	-44.566500	21.420100	25.000000
18.935399	2.135464	5.932785	19.058594	2.117004	5.899258	-44.566500	22.017300	25.000000
18.935399	2.135464	5.932785	18.832950	2.118074	5.914226	-44.566500	23.115000	25.000000
18.935109	2.135474	5.932844	18.960485	2.132568	5.920038	-44.566500	24.809800	25.000000
18.936048	2.135442	5.932836	18.896031	2.134717	5.951534	-43.719100	3.374040	25.000000
18.936019	2.135443	5.932842	18.896031	2.134717	5.951534	-43.719100	4.471730	25.000000
18.936048	2.135442	5.932836	19.016309	2.130722	6.006591	-43.719100	5.068880	25.000000
18.936019	2.135443	5.932842	18.824983	2.137105	6.035153	-43.719100	6.166570	25.000000
18.936048	2.135442	5.932836	20.304926	2.063253	5.676580	-43.719100	6.763720	25.000000
18.936048	2.135442	5.932836	15.103311	1.550932	4.705767	-43.719100	7.861420	25.000000
18.936048	2.135442	5.932836	16.817550	1.161032	3.963672	-43.719100	8.458560	25.000000
18.936048	2.135442	5.932836	20.858092	1.182351	3.930654	-43.719100	9.556260	25.000000
18.936019	2.135443	5.932842	16.385664	0.974640	4.015762	-43.719100	10.153400	25.000000
18.935903	2.135447	5.932865	21.291548	0.853250	4.055173	-43.719100	11.251100	25.000000
18.935903	2.135447	5.932865	17.842873	0.794615	3.070061	-43.719100	11.848200	25.000000
18.935903	2.135447	5.932865	19.873852	0.643424	2.745511	-43.719100	12.945900	25.000000
18.936193	2.135438	5.932807	20.180657	0.909108	3.193747	-43.719100	13.543100	25.000000
18.936193	2.135438	5.932807	17.607907	0.910488	3.017594	-43.719100	14.640800	25.000000
18.935903	2.135447	5.932865	7.447120	1.823230	2.158799	-43.719100	15.237900	25.000000
18.935903	2.135447	5.932865	24.308231	1.385018	1.811714	-43.719100	16.335600	25.000000
18.936193	2.135438	5.932807	18.556131	2.185393	2.506007	-43.719100	16.932800	25.000000
18.936193	2.135438	5.932807	19.069872	2.086244	1.758736	-43.719100	18.030500	25.000000
18.935903	2.135447	5.932865	18.894362	2.073305	0.235897	-43.719100	18.627600	25.000000
18.935903	2.135447	5.932865	18.854708	2.594226	0.050976	-43.719100	19.725300	25.000000
18.935903	2.135447	5.932865	18.901058	2.079156	5.852047	-43.719100	20.322400	25.000000
18.935903	2.135447	5.932865	18.932776	2.048252	5.814219	-43.719100	21.420100	25.000000
18.936193	2.135438	5.932807	18.895502	2.116058	5.902679	-43.719100	22.017300	25.000000
18.936193	2.135438	5.932807	19.000000	2.125058	5.902679	-43.719100	23.115000	25.000000
18.936048	2.135442	5.932836	18.922473	2.140095	5.957467	-42.871700	3.374040	25.000000
18.936019	2.135443	5.932842	18.922473	2.140095	5.957467	-42.871700	4.471730	25.000000
18.936048	2.135442	5.932836	19.063053	2.135383	6.032183	-42.871700	5.068880	25.000000
18.936019	2.135443	5.932842	18.878824	2.141576	6.035153	-42.871700	6.166570	25.000000
18.936048	2.135442	5.932836	19.476717	1.350817	4.860238	-42.871700	6.763720	25.000000
18.936048	2.135442	5.932836	16.417457	1.995846	5.726712	-42.871700	7.861420	25.000000
18.936048	2.135442	5.932836	18.372534	0.866227	4.245546	-42.871700	8.458560	25.000000
18.936048	2.135442	5.932836	19.464326	0.873431	4.064866	-42.871700	9.556260	25.000000
18.936019	2.135443	5.932842	20.797596	0.505152	4.226523	-42.871700	10.153400	25.000000
18.935903	2.135447	5.932865	16.986465	0.612352	4.138590	-42.871700	11.251100	25.000000
18.935903	2.135447	5.932865	20.411734	0.424510	3.660591	-42.871700	11.848200	25.000000
18.935903	2.135447	5.932865	17.251159	0.350890	2.806510	-42.871700	12.945900	25.000000
18.936193	2.135438	5.932807	19.297927	0.481922	2.961739	-42.871700	13.543100	25.000000
18.936193	2.135438	5.932807	18.610011	0.503555	2.623137	-42.871700	14.640800	25.000000
18.935903	2.135447	5.932865	21.239821	1.214930	1.600938	-42.871700	15.237900	25.000000
18.935903	2.135447	5.932865	15.394804	1.240012	2.492597	-42.871700	16.335600	25.000000
18.936193	2.135438	5.932807	19.840867	1.646470	2.281067	-42.871700	16.932800	25.000000
18.936193	2.135438	5.932807	17.583515	1.888928	1.582772	-42.871700	18.030500	25.000000
18.935903	2.135447	5.932865	18.615316	2.087730	0.217999	-42.871700	18.627600	25.000000
18.935903	2.135447	5.932865	19.264735	2.430825	0.273928	-42.871700	19.725300	25.000000
18.935903	2.135447	5.932865	19.059381	2.080534	5.822226	-42.871700	20.322400	25.000000
18.935903	2.135447	5.932865	18.821796	2.081504	5.849501	-42.871700	21.420100	25.000000
18.936193	2.135438	5.932807	18.947559	2.120571	5.902679	-42.871700	22.017300	25.000000
18.936193	2.135438	5.932807	18.968658	2.126081	5.908439	-42.871700	23.115000	25.000000
18.935225	2.135470	5.932821	18.923795	2.133789	5.945626	-42.024200	2.776890	25.000000
18.935254	2.135469	5.932815	18.895767	2.141000	5.963423	-42.024200	3.374040	25.000000
18.935225	2.135470	5.932821	18.895767	2.141000	5.963423	-42.024200	4.471730	25.000000
18.935254	2.135469	5.932815	18.916131	2.146600	6.015275	-42.024200	5.068880	25.000000
18.935225	2.135470	5.932821	18.916131	2.146600	6.015275	-42.024200	6.166570	25.000000
18.935254	2.135469	5.932815	22.212915	1.823791	5.379142	-42.024200	6.763720	25.000000
18.935254	2.135469	5.932815	13.390478	0.969967	5.265230	-42.024200	7.861420	25.000000
18.935254	2.135469	5.932815	19.648728	0.725542	4.452528	-42.024200	8.458560	25.000000
18.935254	2.135469	5.932815	18.174091	0.619195	4.544747	-42.024200	9.556260	25.000000
18.935225	2.135470	5.932821	18.603013	0.390861	4.555127	-42.024200	10.153400	25.000000
18.935109	2.135474	5.932844	19.248377	0.216265	4.591037	-42.024200	11.251100	25.000000
18.935109	2.135474	5.932844	20.216431	0.040321	4.464434	-42.024200	11.848200	25.000000
18.935109	2.135474	5.932844	17.480380	0.234981	3.672320	-42.024200	12.945900	25.000000
18.935399	2.135464	5.932785	19.911115	0.268064	1.949542	-42.024200	13.543100	25.000000
18.935399	2.135464	5.932785	17.938227	0.267553	2.006150	-42.024200	14.640800	25.000000
18.935109	2.135474	5.932844	19.329770	0.775709	2.166995	-42.024200	15.237900	25.000000
18.935109	2.135474	5.932844	18.361372	1.144049	1.794008	-42.024200	16.335600	25.000000
18.935399	2.135464	5.932785	16.422138	1.126406	2.058274	-42.024200	16.932800	25.000000
18.935399	2.135464	5.932785	19.799736	1.742858	1.232235	-42.024200	18.030500	25.000000
18.935109	2.135474	5.932844	19.353553	2.508250	1.138389	-42.024200	18.627600	25.000000
18.935109	2.135474	5.932844	18.064606	2.157440	0.214343	-42.024200	19.725300	25.000000
18.935109	2.135474	5.932844	18.904232	2.085128	5.830407	-42.024200	20.322400	25.000000
18.935109	2.135474	5.932844	18.970240	2.095301	5.849501	-42.024200	21.420100	25.000000
18.935399	2.135464	5.932785	19.052821	2.129521	5.902679	-42.024200	22.017300	25.000000
18.935399	2.135464	5.932785	18.868492	2.123140	5.900367	-42.024200	23.115000	25.000000
18.935109	2.135474	5.932844	18.907406	2.128092	5.920038	-42.024200	24.809800	25.000000
18.935225	2.135470	5.932821	18.977355	2.138245	5.945626	-41.176800	1.679190	25.000000
18.935254	2.135469	5.932815	18.815951	2.143722	5.961435	-41.176800	3.374040	25.000000
18.935225	2.135470	5.932821	19.029714	2.142730	5.965387	-41.176800	4.471730	25.000000
18.935225	2.135470	5.932821	19.164812	2.144399	5.947683	-41.176800	6.166570	25.000000
18.935254	2.135469	5.932815	20.238518	1.178362	5.202346	-41.176800	6.763720	25.000000
18.935254	2.135469	5.932815	16.968076	1.818488	5.674949	-41.176800	7.861420	25.000000
18.935254	2.135469	5.932815	19.661638	0.620191	4.861712	-41.176800	8.458560	25.000000
18.935254	2.135469	5.932815	18.110563	0.623772	5.044603	-41.176800	9.556260	25.000000
18.935225	2.135470	5.932821	18.541305	0.302397	5.330533	-41.176800	10.153400	25.000000
18.935109	2.135474	5.932844	19.317350	0.231957	5.657700	-41.176800	11.251100	25.000000
18.935109	2.135474	5.932844	18.743772	0.191817	5.034140	-41.176800	11.848200	25.000000
18.935109	2.135474	5.932844	19.112323	0.108469	5.693842	-41.176800	12.945900	25.000000
18.935399	2.135464	5.932785	18.915697	0.234041	1.207223	-41.176800	13.543100	25.000000
18.935399	2.135464	5.932785	18.996694	0.308476	1.417620	-41.176800	14.640800	25.000000
18.935109	2.135474	5.932844	17.818249	0.719648	1.846757	-41.176800	15.237900	25.000000
18.935109	2.135474	5.932844	19.989497	0.651100	1.916041	-41.176800	16.335600	25.000000
18.935399	2.135464	5.932785	16.651835	0.803464	1.394674	-41.176800	16.932800	25.000000
18.935399	2.135464	5.932785	17.486612	1.893165	0.670033	-41.176800	18.030500	25.000000
18.935109	2.135474	5.932844	17.181676	2.296280	1.806341	-41.176800	18.627600	25.000000
18.935109	2.135474	5.932844	18.314202	2.161499	0.327987	-41.176800	19.725300	25.000000
18.935109	2.135474	5.932844	19.053609	2.098837	5.830407	-41.176800	20.322400	25.000000
18.935109	2.135474	5.932844	18.726719	2.096656	5.849915	-41.176800	21.420100	25.000000
18.935399	2.135464	5.932785	18.836932	2.124173	5.906155	-41.176800	22.017300	25.000000
18.935399	2.135464	5.932785	18.942809	2.133156	5.906155	-41.176800	23.115000	25.000000
18.935225	2.135470	5.932821	18.897883	2.140928	5.943544	-40.329400	2.776890	25.000000
18.935254	2.135469	5.932815	18.978409	2.150757	5.969403	-40.329400	3.374040	25.000000
18.935225	2.135470	5.932821	18.843832	2.142768	5.975406	-40.329400	4.471730	25.000000
18.935254	2.135469	5.932815	19.518709	2.138794	5.890264	-40.329400	5.068880	25.000000
18.935225	2.135470	5.932821	18.339847	2.065052	5.827848	-40.329400	6.166570	25.000000
18.935254	2.135469	5.932815	22.502498	1.496068	5.313988	-40.329400	6.763720	25.000000
18.935254	2.135469	5.932815	14.367773	1.344050	5.639684	-40.329400	7.861420	25.000000
18.935254	2.135469	5.932815	18.074568	0.702075	5.467493	-40.329400	8.458560	25.000000
18.935254	2.135469	5.932815	19.679939	0.696209	5.368568	-40.329400	9.556260	25.000000
18.935225	2.135470	5.932821	18.816814	0.478896	6.032612	-40.329400	10.153400	25.000000
18.935109	2.135474	5.932844	19.079266	0.526018	5.827007	-40.329400	11.251100	25.000000
18.935109	2.135474	5.932844	18.911637	0.374628	5.631014	-40.329400	11.848200	25.000000
18.935109	2.135474	5.932844	18.985521	0.355259	5.724586	-40.329400	12.945900	25.000000
18.935399	2.135464	5.932785	18.526468	0.365908	0.592187	-40.329400	13.543100	25.000000
18.935399	2.135464	5.932785	19.267330	0.195580	0.975386	-40.329400	14.640800	25.000000
18.935109	2.135474	5.932844	19.735828	0.469534	1.488957	-40.329400	15.237900	25.000000
18.935109	2.135474	5.932844	18.072532	0.639620	1.097199	-40.329400	16.335600	25.000000
18.935399	2.135464	5.932785	22.992608	1.066988	1.140470	-40.329400	16.932800	25.000000
18.935399	2.135464	5.932785	11.427161	1.737843	0.551074	-40.329400	18.030500	25.000000
18.935109	2.135474	5.932844	17.248768	1.913735	1.644735	-40.329400	18.627600	25.000000
18.935109	2.135474	5.932844	18.103591	2.149397	0.357226	-40.329400	19.725300	25.000000
18.935109	2.135474	5.932844	18.772586	2.101403	5.836111	-40.329400	20.322400	25.000000
18.935109	2.135474	5.932844	19.077998	2.110266	5.827734	-40.329400	21.420100	25.000000
18.935399	2.135464	5.932785	18.942809	2.133156	5.906155	-40.329400	22.017300	25.000000
18.935399	2.135464	5.932785	18.990787	2.131564	5.914226	-40.329400	23.115000	25.000000
18.936019	2.135443	5.932842	18.977355	2.138245	5.945626	-39.482000	1.679190	25.000000
18.936019	2.135443	5.932842	18.977355	2.138245	5.945626	-39.482000	2.776890	25.000000
18.936048	2.135442	5.932836	18.923795	2.146337	5.969403	-39.482000	3.374040	25.000000
18.936019	2.135443	5.932842	18.927757	2.152511	5.981432	-39.482000	4.471730	25.000000
18.936048	2.135442	5.932836	17.899721	1.984760	5.868678	-39.482000	5.068880	25.000000
18.936019	2.135443	5.932842	19.894472	2.138667	5.832870	-39.482000	6.166570	25.000000
18.936048	2.135442	5.932836	19.144527	1.239341	5.489975	-39.482000	6.763720	25.000000
18.936048	2.135442	5.932836	18.669572	1.585259	5.497787	-39.482000	7.861420	25.000000
18.936048	2.135442	5.932836	19.463556	0.912969	5.729404	-39.482000	8.458560	25.000000
18.936048	2.135442	5.932836	18.317751	0.877957	5.787802	-39.482000	9.556260	25.000000
18.936019	2.135443	5.932842	18.944920	0.731366	5.986430	-39.482000	10.153400	25.000000
18.935903	2.135447	5.932865	19.003684	0.914221	5.965636	-39.482000	11.251100	25.000000
18.935903	2.135447	5.932865	18.961540	0.666806	5.861498	-39.482000	11.848200	25.000000
18.935903	2.135447	5.932865	18.878559	0.669780	5.842434	-39.482000	12.945900	25.000000
18.936193	2.135438	5.932807	18.066214	0.482945	0.377186	-39.482000	13.543100	25.000000
18.936193	2.135438	5.932807	19.799253	0.441587	6.162348	-39.482000	14.640800	25.000000
18.935903	2.135447	5.932865	19.774226	0.565103	0.685065	-39.482000	15.237900	25.000000
18.935903	2.135447	5.932865	18.090329	0.965063	0.520814	-39.482000	16.335600	25.000000
18.936193	2.135438	5.932807	20.576443	1.079904	1.045499	-39.482000	16.932800	25.000000
18.936193	2.135438	5.932807	17.069856	1.358303	1.131273	-39.482000	18.030500	25.000000
18.935903	2.135447	5.932865	24.263965	2.013760	0.772496	-39.482000	18.627600	25.000000
18.935903	2.135447	5.932865	10.001000	1.640847	0.820844	-39.482000	19.725300	25.000000
18.935903	2.135447	5.932865	19.169246	2.113499	5.835885	-39.482000	20.322400	25.000000
18.935903	2.135447	5.932865	18.672172	2.110794	5.844672	-39.482000	21.420100	25.000000
18.936193	2.135438	5.932807	18.858685	2.129703	5.911970	-39.482000	22.017300	25.000000
18.936193	2.135438	5.932807	18.990787	2.131564	5.914226	-39.482000	23.115000	25.000000
18.936019	2.135443	5.932842	18.977355	2.138245	5.945626	-38.634600	1.679190	25.000000
18.936048	2.135442	5.932836	18.898148	2.147218	5.975406	-38.634600	3.374040	25.000000
18.936019	2.135443	5.932842	18.928550	2.158820	5.973482	-38.634600	4.471730	25.000000
18.936048	2.135442	5.932836	18.106905	2.022276	5.990553	-38.634600	5.068880	25.000000
18.936019	2.135443	5.932842	19.682225	2.121533	5.832870	-38.634600	6.166570	25.000000
18.936048	2.135442	5.932836	20.595313	1.332074	5.501321	-38.634600	6.763720	25.000000
18.936048	2.135442	5.932836	17.052346	1.503306	5.732686	-38.634600	7.861420	25.000000
18.936048	2.135442	5.932836	18.596774	1.040877	5.886477	-38.634600	8.458560	25.000000
18.936048	2.135442	5.932836	19.211195	1.053533	5.972798	-38.634600	9.556260	25.000000
18.936019	2.135443	5.932842	19.263696	1.037089	5.887003	-38.634600	10.153400	25.000000
18.935903	2.135447	5.932865	18.556131	1.064416	6.053153	-38.634600	11.251100	25.000000
18.935903	2.135447	5.932865	18.956002	0.990061	5.935492	-38.634600	11.848200	25.000000
18.935903	2.135447	5.932865	18.875911	0.999918	5.929573	-38.634600	12.945900	25.000000
18.936193	2.135438	5.932807	18.484288	0.820767	6.147458	-38.634600	13.543100	25.000000
18.936193	2.135438	5.932807	19.402051	0.662306	6.211042	-38.634600	14.640800	25.000000
18.935903	2.135447	5.932865	17.894692	0.887346	0.554016	-38.634600	15.237900	25.000000
18.935903	2.135447	5.932865	19.975986	0.736402	0.463648	-38.634600	16.335600	25.000000
18.936193	2.135438	5.932807	21.336588	0.823601	1.390943	-38.634600	16.932800	25.000000
18.936193	2.135438	5.932807	16.180853	1.170872	1.020020	-38.634600	18.030500	25.000000
18.935903	2.135447	5.932865	17.911449	2.129853	0.105566	-38.634600	18.627600	25.000000
18.935903	2.135447	5.932865	19.673840	1.718739	0.486632	-38.634600	19.725300	25.000000
18.935903	2.135447	5.932865	18.756865	2.126813	5.856038	-38.634600	20.322400	25.000000
18.935903	2.135447	5.932865	19.107328	2.121585	5.838766	-38.634600	21.420100	25.000000
18.936193	2.135438	5.932807	18.881472	2.135205	5.917812	-38.634600	22.017300	25.000000
18.936193	2.135438	5.932807	18.990787	2.131564	5.914226	-38.634600	23.115000	25.000000
18.935225	2.135470	5.932821	18.977355	2.138245	5.945626	-37.787100	1.679190	25.000000
18.935225	2.135470	5.932821	19.031290	2.142676	5.945626	-37.787100	2.776890	25.000000
18.935254	2.135469	5.932815	18.898942	2.153514	5.967447	-37.787100	3.374040	25.000000
18.935225	2.135470	5.932821	18.959167	2.164092	5.979541	-37.787100	4.471730	25.000000
18.935254	2.135469	5.932815	18.957848	2.164139	6.025862	-37.787100	5.068880	25.000000
18.935225	2.135470	5.932821	19.014994	2.100022	5.947948	-37.787100	6.166570	25.000000
18.935254	2.135469	5.932815	20.514046	1.457951	5.591588	-37.787100	6.763720	25.000000
18.935254	2.135469	5.932815	17.171488	1.576620	5.963276	-37.787100	7.861420	25.000000
18.935254	2.135469	5.932815	19.441708	1.000269	5.920838	-37.787100	8.458560	25.000000
18.935254	2.135469	5.932815	18.497027	1.081114	6.029292	-37.787100	9.556260	25.000000
18.935225	2.135470	5.932821	18.928022	0.982754	5.953403	-37.787100	10.153400	25.000000
18.935109	2.135474	5.932844	18.974193	1.058547	5.963347	-37.787100	11.251100	25.000000
18.935109	2.135474	5.932844	18.514319	1.105932	5.925122	-37.787100	11.848200	25.000000
18.935109	2.135474	5.932844	19.365433	1.087449	5.931923	-37.787100	12.945900	25.000000
18.935399	2.135464	5.932785	19.607807	0.899245	6.040419	-37.787100	13.543100	25.000000
18.935399	2.135464	5.932785	18.157591	0.974299	6.155693	-37.787100	14.640800	25.000000
18.935109	2.135474	5.932844	19.010523	0.846257	0.419651	-37.787100	15.237900	25.000000
18.935109	2.135474	5.932844	18.787496	0.452094	0.819867	-37.787100	16.335600	25.000000
18.935399	2.135464	5.932785	16.949926	1.482184	0.663641	-37.787100	16.932800	25.000000
18.935399	2.135464	5.932785	20.159613	0.670123	0.813639	-37.787100	18.030500	25.000000
18.935109	2.135474	5.932844	19.036535	2.016121	6.072490	-37.787100	18.627600	25.000000
18.935109	2.135474	5.932844	18.809780	2.057644	0.226420	-37.787100	19.725300	25.000000
18.935109	2.135474	5.932844	18.837728	2.136675	5.875816	-37.787100	20.322400	25.000000
18.935109	2.135474	5.932844	18.999474	2.125075	5.855533	-37.787100	21.420100	25.000000
18.935399	2.135464	5.932785	18.960485	2.132568	5.920038	-37.787100	22.017300	25.000000
18.935399	2.135464	5.932785	18.881472	2.135205	5.917812	-37.787100	23.115000	25.000000
18.935225	2.135470	5.932821	18.897883	2.140928	5.943544	-36.939700	1.679190	25.000000
18.935225	2.135470	5.932821	18.897883	2.140928	5.943544	-36.939700	2.776890	25.000000
18.935254	2.135469	5.932815	18.903439	2.159706	5.979541	-36.939700	3.374040	25.000000
18.935225	2.135470	5.932821	19.009734	2.162299	5.967447	-36.939700	4.471730	25.000000
18.935254	2.135469	5.932815	18.964704	2.196044	6.033475	-36.939700	5.068880	25.000000
18.935225	2.135470	5.932821	18.889680	2.185890	6.020913	-36.939700	6.166570	25.000000
18.935254	2.135469	5.932815	20.292760	1.610723	5.680136	-36.939700	6.763720	25.000000
18.935254	2.135469	5.932815	17.481979	1.780545	6.041044	-36.939700	7.861420	25.000000
18.935254	2.135469	5.932815	19.797727	1.093197	5.791555	-36.939700	8.458560	25.000000
18.935254	2.135469	5.932815	18.047992	1.074119	6.099386	-36.939700	9.556260	25.000000
18.935225	2.135470	5.932821	18.925380	0.950557	5.959381	-36.939700	10.153400	25.000000
18.935109	2.135474	5.932844	18.961540	1.033795	5.990553	-36.939700	11.251100	25.000000
18.935109	2.135474	5.932844	18.940169	1.008349	5.858624	-36.939700	11.848200	25.000000
18.935109	2.135474	5.932844	18.961540	0.983932	5.927380	-36.939700	12.945900	25.000000
18.935399	2.135464	5.932785	17.766542	0.903148	6.197068	-36.939700	13.543100	25.000000
18.935399	2.135464	5.932785	19.886428	0.864943	5.911268	-36.939700	14.640800	25.000000
18.935109	2.135474	5.932844	19.144973	0.609283	0.373727	-36.939700	15.237900	25.000000
18.935109	2.135474	5.932844	18.869022	0.634188	0.463648	-36.939700	16.335600	25.000000
18.935399	2.135464	5.932785	19.495897	0.971307	0.315857	-36.939700	16.932800	25.000000
18.935399	2.135464	5.932785	17.500286	1.848639	0.295441	-36.939700	18.030500	25.000000
18.935109	2.135474	5.932844	17.494323	2.200323	0.075953	-36.939700	18.627600	25.000000
18.935109	2.135474	5.932844	20.224290	2.043055	6.248865	-36.939700	19.725300	25.000000
18.935109	2.135474	5.932844	18.927757	2.133657	5.892238	-36.939700	20.322400	25.000000
18.935109	2.135474	5.932844	18.837728	2.136675	5.875816	-36.939700	21.420100	25.000000
18.935399	2.135464	5.932785	18.935152	2.139667	5.917812	-36.939700	22.017300	25.000000
18.935399	2.135464	5.932785	18.960485	2.132568	5.920038	-36.939700	23.115000	25.000000
18.935225	2.135470	5.932821	18.977355	2.138245	5.945626	-36.092300	1.679190	25.000000
18.935254	2.135469	5.932815	19.013153	2.168527	5.959423	-36.092300	3.374040	25.000000
18.935225	2.135470	5.932821	18.873262	2.154411	5.973482	-36.092300	4.471730	25.000000
18.935254	2.135469	5.932815	18.934096	2.230207	6.033344	-36.092300	5.068880	25.000000
18.935225	2.135470	5.932821	18.886238	2.199046	6.031858	-36.092300	6.166570	25.000000
18.935254	2.135469	5.932815	20.727086	1.808965	5.575098	-36.092300	6.763720	25.000000
18.935254	2.135469	5.932815	16.852074	1.649205	5.993439	-36.092300	7.861420	25.000000
18.935254	2.135469	5.932815	17.973870	1.188811	5.921608	-36.092300	8.458560	25.000000
18.935254	2.135469	5.932815	19.858751	1.031389	5.814288	-36.092300	9.556260	25.000000
18.935225	2.135470	5.932821	18.660118	1.030411	5.965387	-36.092300	10.153400	25.000000
18.935109	2.135474	5.932844	19.219261	1.005198	5.982874	-36.092300	11.251100	25.000000
18.935109	2.135474	5.932844	18.802393	1.053401	5.907224	-36.092300	11.848200	25.000000
18.935109	2.135474	5.932844	19.123284	0.976981	5.867523	-36.092300	12.945900	25.000000
18.935399	2.135464	5.932785	19.366208	1.028197	5.887003	-36.092300	13.543100	25.000000
18.935399	2.135464	5.932785	18.509727	0.776831	6.041945	-36.092300	14.640800	25.000000
18.935109	2.135474	5.932844	18.431248	0.825491	0.375708	-36.092300	15.237900	25.000000
18.935109	2.135474	5.932844	19.455806	0.932008	0.049958	-36.092300	16.335600	25.000000
18.935399	2.135464	5.932785	17.933826	1.676380	0.061719	-36.092300	16.932800	25.000000
18.935399	2.135464	5.932785	19.814967	1.508682	0.495311	-36.092300	18.030500	25.000000
18.935109	2.135474	5.932844	19.106543	2.127764	6.084581	-36.092300	18.627600	25.000000
18.935109	2.135474	5.932844	18.709089	2.141049	5.953403	-36.092300	19.725300	25.000000
18.935109	2.135474	5.932844	19.059381	2.135505	5.894605	-36.092300	20.322400	25.000000
18.935109	2.135474	5.932844	18.917981	2.140247	5.903844	-36.092300	21.420100	25.000000
18.935399	2.135464	5.932785	18.960485	2.132568	5.920038	-36.092300	22.017300	25.000000
18.936019	2.135443	5.932842	18.952045	2.145370	5.943544	-35.244900	1.679190	25.000000
18.936019	2.135443	5.932842	18.897883	2.140928	5.943544	-35.244900	2.776890	25.000000
18.936048	2.135442	5.932836	18.873262	2.154411	5.973482	-35.244900	3.374040	25.000000
18.936019	2.135443	5.932842	19.039695	2.167579	5.953403	-35.244900	4.471730	25.000000
18.936048	2.135442	5.932836	19.028925	2.246394	6.010436	-35.244900	5.068880	25.000000
18.936019	2.135443	5.932842	18.866372	2.199811	6.038207	-35.244900	6.166570	25.000000
18.936048	2.135442	5.932836	16.109624	1.595629	6.032183	-35.244900	6.763720	25.000000
18.936048	2.135442	5.932836	21.240056	1.941769	5.580038	-35.244900	7.861420	25.000000
18.936048	2.135442	5.932836	18.175533	1.084153	5.973245	-35.244900	8.458560	25.000000
18.936048	2.135442	5.932836	19.659858	1.112383	5.740820	-35.244900	9.556260	25.000000
18.936019	2.135443	5.932842	19.371629	0.909297	5.922118	-35.244900	10.153400	25.000000
18.935903	2.135447	5.932865	18.474306	0.926252	5.959293	-35.244900	11.251100	25.000000
18.935903	2.135447	5.932865	18.937793	1.014500	5.914226	-35.244900	11.848200	25.000000
18.935903	2.135447	5.932865	18.968658	0.958642	5.900287	-35.244900	12.945900	25.000000
18.936193	2.135438	5.932807	19.648410	0.945560	5.856038	-35.244900	13.543100	25.000000
18.936193	2.135438	5.932807	18.283052	0.998594	5.944975	-35.244900	14.640800	25.000000
18.935903	2.135447	5.932865	19.040643	0.992975	0.177106	-35.244900	15.237900	25.000000
18.935903	2.135447	5.932865	18.833547	1.178516	0.152868	-35.244900	16.335600	25.000000
18.936193	2.135438	5.932807	19.183029	1.266372	0.209719	-35.244900	16.932800	25.000000
18.936193	2.135438	5.932807	17.894373	2.117970	0.154391	-35.244900	18.030500	25.000000
18.935903	2.135447	5.932865	18.935945	2.158560	5.864961	-35.244900	18.627600	25.000000
18.935903	2.135447	5.932865	18.936473	2.145903	5.861766	-35.244900	19.725300	25.000000
18.935903	2.135447	5.932865	18.965495	2.138644	5.911970	-35.244900	20.322400	25.000000
18.935903	2.135447	5.932865	18.949406	2.139186	5.898028	-35.244900	21.420100	25.000000
18.936019	2.135443	5.932842	18.897883	2.140928	5.943544	-34.397500	2.776890	25.000000
18.936048	2.135442	5.932836	18.925116	2.152603	5.961435	-34.397500	3.374040	25.000000
18.936019	2.135443	5.932842	18.987101	2.169462	5.965467	-34.397500	4.471730	25.000000
18.936048	2.135442	5.932836	18.829233	2.214461	6.034986	-34.397500	5.068880	25.000000
18.936019	2.135443	5.932842	19.091883	2.230428	5.980300	-34.397500	6.166570	25.000000
18.936048	2.135442	5.932836	18.880678	1.741104	5.838766	-34.397500	6.763720	25.000000
18.936048	2.135442	5.932836	18.909521	2.217891	5.980300	-34.397500	7.861420	25.000000
18.936048	2.135442	5.932836	17.727662	1.406472	6.022951	-34.397500	8.458560	25.000000
18.936048	2.135442	5.932836	20.078596	1.187982	5.735399	-34.397500	9.556260	25.000000
18.936019	2.135443	5.932842	18.953100	0.932026	5.934414	-34.397500	10.153400	25.000000
18.935903	2.135447	5.932865	18.900529	0.969003	5.908638	-34.397500	11.251100	25.000000
18.935903	2.135447	5.932865	18.861071	0.967565	5.934964	-34.397500	11.848200	25.000000
18.935903	2.135447	5.932865	19.059119	0.889732	5.843702	-34.397500	12.945900	25.000000
18.936193	2.135438	5.932807	19.649427	1.007038	5.932871	-34.397500	13.543100	25.000000
18.936193	2.135438	5.932807	18.120155	0.932259	5.939699	-34.397500	14.640800	25.000000
18.935903	2.135447	5.932865	19.243066	1.226235	0.036448	-34.397500	15.237900	25.000000
18.935903	2.135447	5.932865	18.632394	1.179857	0.223013	-34.397500	16.335600	25.000000
18.936193	2.135438	5.932807	19.379425	1.514005	0.123842	-34.397500	16.932800	25.000000
18.936193	2.135438	5.932807	18.130427	2.161655	6.036274	-34.397500	18.030500	25.000000
18.935903	2.135447	5.932865	18.835605	2.149378	5.879126	-34.397500	18.627600	25.000000
18.935903	2.135447	5.932865	18.999474	2.156333	5.839309	-34.397500	19.725300	25.000000
18.935903	2.135447	5.932865	18.965495	2.138644	5.911970	-34.397500	20.322400	25.000000
18.935903	2.135447	5.932865	18.887033	2.141296	5.909688	-34.397500	21.420100	25.000000
18.935225	2.135470	5.932821	18.952045	2.145370	5.943544	-33.550000	1.679190	25.000000
18.935225	2.135470	5.932821	18.897883	2.140928	5.943544	-33.550000	2.776890	25.000000
18.935254	2.135469	5.932815	18.957057	2.164167	5.959423	-33.550000	3.374040	25.000000
18.935225	2.135470	5.932821	18.978936	2.150739	5.949483	-33.550000	4.471730	25.000000
18.935254	2.135469	5.932815	19.079046	2.224331	5.967698	-33.550000	5.068880	25.000000
18.935225	2.135470	5.932821	18.908464	2.204741	6.017509	-33.550000	6.166570	25.000000
18.935254	2.135469	5.932815	18.604032	2.183577	6.078058	-33.550000	6.763720	25.000000
18.935254	2.135469	5.932815	19.265773	2.165882	5.884055	-33.550000	7.861420	25.000000
18.935254	2.135469	5.932815	20.295950	1.529397	5.715700	-33.550000	8.458560	25.000000
18.935254	2.135469	5.932815	17.473878	1.747985	6.096052	-33.550000	9.556260	25.000000
18.935225	2.135470	5.932821	18.845424	1.263523	5.971998	-33.550000	10.153400	25.000000
18.935109	2.135474	5.932844	18.937265	1.253967	5.949133	-33.550000	11.251100	25.000000
18.935109	2.135474	5.932844	19.477680	1.169958	5.827019	-33.550000	11.848200	25.000000
18.935109	2.135474	5.932844	18.445054	1.085750	5.965311	-33.550000	12.945900	25.000000
18.935399	2.135464	5.932785	18.275120	1.135876	6.070406	-33.550000	13.543100	25.000000
18.935399	2.135464	5.932785	19.631862	1.254847	5.978382	-33.550000	14.640800	25.000000
18.935109	2.135474	5.932844	18.162249	1.622024	0.065101	-33.550000	15.237900	25.000000
18.935109	2.135474	5.932844	19.604451	1.471677	6.078250	-33.550000	16.335600	25.000000
18.935399	2.135464	5.932785	19.716744	2.005302	5.887104	-33.550000	16.932800	25.000000
18.935399	2.135464	5.932785	18.170305	2.166819	6.041432	-33.550000	18.030500	25.000000
18.935109	2.135474	5.932844	19.033654	2.148857	5.870056	-33.550000	18.627600	25.000000
18.935109	2.135474	5.932844	18.871407	2.154476	5.899141	-33.550000	19.725300	25.000000
18.935109	2.135474	5.932844	18.935152	2.139667	5.917812	-33.550000	20.322400	25.000000
18.935109	2.135474	5.932844	18.881472	2.135205	5.917812	-33.550000	21.420100	25.000000
18.935225	2.135470	5.932821	18.897883	2.140928	5.943544	-32.702600	1.679190	25.000000
18.935225	2.135470	5.932821	18.897883	2.140928	5.943544	-32.702600	2.776890	25.000000
18.935254	2.135469	5.932815	18.876705	2.160652	5.945307	-32.702600	3.374040	25.000000
18.935225	2.135470	5.932821	18.845159	2.149047	5.947408	-32.702600	4.471730	25.000000
18.935254	2.135469	5.932815	18.787762	2.183208	5.986121	-32.702600	5.068880	25.000000
18.935225	2.135470	5.932821	19.059119	2.211973	5.963505	-32.702600	6.166570	25.000000
18.935254	2.135469	5.932815	18.922209	2.271486	6.002986	-32.702600	6.763720	25.000000
18.935254	2.135469	5.932815	18.956793	2.256242	5.978674	-32.702600	7.861420	25.000000
18.935254	2.135469	5.932815	19.904773	1.876994	5.777110	-32.702600	8.458560	25.000000
18.935254	2.135469	5.932815	17.877640	2.079037	6.115931	-32.702600	9.556260	25.000000
18.935225	2.135470	5.932821	18.907131	1.684224	5.974902	-32.702600	10.153400	25.000000
18.935109	2.135474	5.932844	19.000855	1.684192	5.959760	-32.702600	11.251100	25.000000
18.935109	2.135474	5.932844	19.397745	1.521802	5.851859	-32.702600	11.848200	25.000000
18.935109	2.135474	5.932844	18.523177	1.494602	5.975133	-32.702600	12.945900	25.000000
18.935399	2.135464	5.932785	19.420669	1.664649	5.923809	-32.702600	13.543100	25.000000
18.935399	2.135464	5.932785	18.344209	1.608965	6.124315	-32.702600	14.640800	25.000000
18.935109	2.135474	5.932844	19.700000	1.944947	5.831732	-32.702600	15.237900	25.000000
18.935109	2.135474	5.932844	18.150758	2.033381	6.109940	-32.702600	16.335600	25.000000
18.935399	2.135464	5.932785	18.949934	2.164420	5.856558	-32.702600	16.932800	25.000000
18.935399	2.135464	5.932785	18.914809	2.191435	5.839884	-32.702600	18.030500	25.000000
18.935109	2.135474	5.932844	18.957584	2.145181	5.889844	-32.702600	18.627600	25.000000
18.935109	2.135474	5.932844	18.910843	2.146781	5.915559	-32.702600	19.725300	25.000000
18.935225	2.135470	5.932821	18.897883	2.140928	5.943544	-31.855200	2.776890	25.000000
18.935254	2.135469	5.932815	18.956002	2.151532	5.935492	-31.855200	3.374040	25.000000
18.935225	2.135470	5.932821	18.872732	2.154430	5.953403	-31.855200	4.471730	25.000000
18.935254	2.135469	5.932815	18.857890	2.174143	5.975690	-31.855200	5.068880	25.000000
18.935225	2.135470	5.932821	18.978145	2.189051	5.947121	-31.855200	6.166570	25.000000
18.935254	2.135469	5.932815	18.957057	2.276849	5.987744	-31.855200	6.763720	25.000000
18.935254	2.135469	5.932815	18.928550	2.230434	5.963549	-31.855200	7.861420	25.000000
18.935254	2.135469	5.932815	18.763262	2.271659	6.007759	-31.855200	8.458560	25.000000
18.935254	2.135469	5.932815	19.148107	2.182752	5.910973	-31.855200	9.556260	25.000000
18.935225	2.135470	5.932821	19.007630	2.112484	5.951726	-31.855200	10.153400	25.000000
18.935109	2.135474	5.932844	18.920359	2.096827	5.920838	-31.855200	11.251100	25.000000
18.935109	2.135474	5.932844	19.297927	1.919847	5.868880	-31.855200	11.848200	25.000000
18.935109	2.135474	5.932844	18.556939	1.945976	5.965098	-31.855200	12.945900	25.000000
18.935399	2.135464	5.932785	19.407730	2.001334	5.862658	-31.855200	13.543100	25.000000
18.935399	2.135464	5.932785	18.305464	2.129275	6.022583	-31.855200	14.640800	25.000000
18.935109	2.135474	5.932844	18.886238	2.205606	5.834243	-31.855200	15.237900	25.000000
18.935109	2.135474	5.932844	18.997368	2.201305	5.845771	-31.855200	16.335600	25.000000
18.935399	2.135464	5.932785	18.945712	2.158216	5.879126	-31.855200	16.932800	25.000000
18.935399	2.135464	5.932785	18.869552	2.186643	5.868916	-31.855200	18.030500	25.000000
18.935109	2.135474	5.932844	18.917981	2.152851	5.907379	-31.855200	18.627600	25.000000
18.935109	2.135474	5.932844	18.965495	2.138644	5.911970	-31.855200	19.725300	25.000000
18.936019	2.135443	5.932842	18.897883	2.140928	5.943544	-31.007800	2.776890	25.000000
18.936048	2.135442	5.932836	18.924323	2.146319	5.949483	-31.007800	3.374040	25.000000
18.936019	2.135443	5.932842	18.927757	2.152511	5.941437	-31.007800	4.471730	25.000000
18.936048	2.135442	5.932836	18.971031	2.182863	5.955325	-31.007800	5.068880	25.000000
18.936019	2.135443	5.932842	18.983677	2.163221	5.953403	-31.007800	6.166570	25.000000
18.936048	2.135442	5.932836	18.940169	2.203511	5.963505	-31.007800	6.763720	25.000000
18.936048	2.135442	5.932836	18.903174	2.244947	5.959293	-31.007800	7.861420	25.000000
18.936048	2.135442	5.932836	18.968922	2.290248	5.932618	-31.007800	8.458560	25.000000
18.936048	2.135442	5.932836	18.961276	2.269749	5.967971	-31.007800	9.556260	25.000000
18.936019	2.135443	5.932842	19.014205	2.302209	5.914489	-31.007800	10.153400	25.000000
18.935903	2.135447	5.932865	18.878030	2.301565	5.911926	-31.007800	11.251100	25.000000
18.935903	2.135447	5.932865	18.896296	2.238480	5.888913	-31.007800	11.848200	25.000000
18.935903	2.135447	5.932865	19.001579	2.254317	5.871164	-31.007800	12.945900	25.000000
18.936193	2.135438	5.932807	18.892856	2.252179	5.846970	-31.007800	13.543100	25.000000
18.936193	2.135438	5.932807	19.034180	2.246173	5.852658	-31.007800	14.640800	25.000000
18.935903	2.135447	5.932865	18.786697	2.216161	5.879168	-31.007800	15.237900	25.000000
18.935903	2.135447	5.932865	19.120146	2.190187	5.845394	-31.007800	16.335600	25.000000
18.936193	2.135438	5.932807	18.913223	2.159360	5.884971	-31.007800	16.932800	25.000000
18.936193	2.135438	5.932807	18.809838	2.156640	5.910973	-31.007800	18.030500	25.000000
18.935903	2.135447	5.932865	18.959430	2.145118	5.923679	-31.007800	18.627600	25.000000
18.935903	2.135447	5.932865	19.013942	2.137019	5.920038	-31.007800	19.725300	25.000000
18.936048	2.135442	5.932836	18.927757	2.152511	5.941437	-30.160400	3.374040	25.000000
18.936019	2.135443	5.932842	18.952045	2.145370	5.943544	-30.160400	4.471730	25.000000
18.936048	2.135442	5.932836	18.883591	2.173206	5.949240	-30.160400	5.068880	25.000000
18.936019	2.135443	5.932842	18.982887	2.156913	5.941437	-30.160400	6.166570	25.000000
18.936048	2.135442	5.932836	18.899206	2.211686	5.946822	-30.160400	6.763720	25.000000
18.936048	2.135442	5.932836	18.893650	2.185741	5.953238	-30.160400	7.861420	25.000000
18.936048	2.135442	5.932836	18.999474	2.234206	5.921287	-30.160400	8.458560	25.000000
18.936048	2.135442	5.932836	18.928286	2.243887	5.952888	-30.160400	9.556260	25.000000
18.936019	2.135443	5.932842	18.880943	2.273331	5.906545	-30.160400	10.153400	25.000000
18.935903	2.135447	5.932865	19.031290	2.259834	5.914056	-30.160400	11.251100	25.000000
18.935903	2.135447	5.932865	18.847281	2.254142	5.889973	-30.160400	11.848200	25.000000
18.935903	2.135447	5.932865	19.027349	2.266834	5.874696	-30.160400	12.945900	25.000000
18.936193	2.135438	5.932807	18.829233	2.214461	5.887883	-30.160400	13.543100	25.000000
18.936193	2.135438	5.932807	18.948879	2.236294	5.861555	-30.160400	14.640800	25.000000
18.935903	2.135447	5.932865	18.981307	2.169670	5.876618	-30.160400	15.237900	25.000000
18.935903	2.135447	5.932865	18.804787	2.182572	5.903885	-30.160400	16.335600	25.000000
18.936193	2.135438	5.932807	18.989207	2.144103	5.917812	-30.160400	16.932800	25.000000
18.936193	2.135438	5.932807	18.948879	2.151778	5.901507	-30.160400	18.030500	25.000000
18.935903	2.135447	5.932865	19.013942	2.137019	5.920038	-30.160400	19.725300	25.000000
18.935254	2.135469	5.932815	18.904497	2.159668	5.939306	-29.312900	5.068880	25.000000
18.935225	2.135470	5.932821	18.955210	2.157882	5.947408	-29.312900	6.166570	25.000000
18.935254	2.135469	5.932815	18.920359	2.184744	5.947121	-29.312900	6.763720	25.000000
18.935254	2.135469	5.932815	18.938585	2.171210	5.937148	-29.312900	7.861420	25.000000
18.935254	2.135469	5.932815	18.933832	2.210322	5.919792	-29.312900	8.458560	25.000000
18.935254	2.135469	5.932815	18.883326	2.199158	5.942803	-29.312900	9.556260	25.000000
18.935225	2.135470	5.932821	18.890738	2.218642	5.923638	-29.312900	10.153400	25.000000
18.935109	2.135474	5.932844	18.919038	2.217511	5.917438	-29.312900	11.251100	25.000000
18.935109	2.135474	5.932844	18.977355	2.208618	5.892935	-29.312900	11.848200	25.000000
18.935109	2.135474	5.932844	18.873526	2.219333	5.908852	-29.312900	12.945900	25.000000
18.935399	2.135464	5.932785	18.942281	2.177489	5.894326	-29.312900	13.543100	25.000000
18.935399	2.135464	5.932785	18.992630	2.201487	5.895415	-29.312900	14.640800	25.000000
18.935109	2.135474	5.932844	18.917981	2.152851	5.907379	-29.312900	15.237900	25.000000
18.935109	2.135474	5.932844	18.874586	2.167117	5.902679	-29.312900	16.335600	25.000000
18.935399	2.135464	5.932785	18.880943	2.147810	5.921456	-29.312900	16.932800	25.000000
18.935399	2.135464	5.932785	18.910843	2.146781	5.915559	-29.312900	18.030500	25.000000
18.935254	2.135469	5.932815	18.872997	2.148084	5.941437	-28.465500	3.374040	25.000000
18.935254	2.135469	5.932815	18.956002	2.151532	5.935492	-28.465500	5.068880	25.000000
18.935225	2.135470	5.932821	18.904497	2.159668	5.939306	-28.465500	6.166570	25.000000
18.935254	2.135469	5.932815	18.938585	2.171210	5.937148	-28.465500	6.763720	25.000000
18.935254	2.135469	5.932815	18.988418	2.163053	5.933330	-28.465500	7.861420	25.000000
18.935254	2.135469	5.932815	18.926701	2.184508	5.926684	-28.465500	8.458560	25.000000
18.935254	2.135469	5.932815	18.917981	2.178380	5.934964	-28.465500	9.556260	25.000000
18.935225	2.135470	5.932821	19.013153	2.187742	5.920641	-28.465500	10.153400	25.000000
18.935109	2.135474	5.932844	18.850199	2.187370	5.924415	-28.465500	11.251100	25.000000
18.935109	2.135474	5.932844	18.908464	2.185188	5.912294	-28.465500	11.848200	25.000000
18.935109	2.135474	5.932844	18.957320	2.176938	5.908638	-28.465500	12.945900	25.000000
18.935399	2.135464	5.932785	18.891268	2.166517	5.916930	-28.465500	13.543100	25.000000
18.935399	2.135464	5.932785	18.982360	2.163268	5.899141	-28.465500	14.640800	25.000000
18.935109	2.135474	5.932844	19.050722	2.154550	5.909688	-28.465500	15.237900	25.000000
18.935109	2.135474	5.932844	18.880943	2.147810	5.921456	-28.465500	16.335600	25.000000
18.935399	2.135464	5.932785	18.959430	2.145118	5.923679	-28.465500	16.932800	25.000000
18.935254	2.135469	5.932815	18.872997	2.148084	5.941437	-27.618100	5.068880	25.000000
18.935225	2.135470	5.932821	18.956002	2.151532	5.935492	-27.618100	6.166570	25.000000
18.935254	2.135469	5.932815	18.904497	2.159668	5.939306	-27.618100	6.763720	25.000000
18.935254	2.135469	5.932815	18.988418	2.163053	5.933330	-27.618100	7.861420	25.000000
18.935254	2.135469	5.932815	18.988418	2.163053	5.933330	-27.618100	8.458560	25.000000
18.935254	2.135469	5.932815	18.995526	2.169159	5.925160	-27.618100	9.556260	25.000000
18.935225	2.135470	5.932821	18.889415	2.172994	5.928926	-27.618100	10.153400	25.000000
18.935109	2.135474	5.932844	18.918245	2.171947	5.922914	-27.618100	11.251100	25.000000
18.935109	2.135474	5.932844	18.918245	2.171947	5.922914	-27.618100	11.848200	25.000000
18.935109	2.135474	5.932844	18.891268	2.166517	5.916930	-27.618100	12.945900	25.000000
18.935399	2.135464	5.932785	18.912959	2.159370	5.919206	-27.618100	13.543100	25.000000
18.935399	2.135464	5.932785	18.965495	2.151203	5.915559	-27.618100	14.640800	25.000000
18.935109	2.135474	5.932844	18.910843	2.146781	5.915559	-27.618100	15.237900	25.000000
18.935109	2.135474	5.932844	18.959430	2.145118	5.923679	-27.618100	16.335600	25.000000
18.936048	2.135442	5.932836	18.930135	2.146120	5.929573	-26.770700	5.068880	25.000000
18.936019	2.135443	5.932842	18.901323	2.147108	5.935492	-26.770700	6.166570	25.000000
18.936048	2.135442	5.932836	18.849138	2.155257	5.939306	-26.770700	6.763720	25.000000
18.936048	2.135442	5.932836	18.877500	2.154263	5.933330	-26.770700	7.861420	25.000000
18.936048	2.135442	5.932836	18.932776	2.158671	5.933330	-26.770700	8.458560	25.000000
18.936048	2.135442	5.932836	18.961540	2.157660	5.927380	-26.770700	9.556260	25.000000
18.936019	2.135443	5.932842	18.961540	2.157660	5.927380	-26.770700	10.153400	25.000000
18.935903	2.135447	5.932865	18.961540	2.157660	5.927380	-26.770700	11.251100	25.000000
18.935903	2.135447	5.932865	18.935681	2.152236	5.921456	-26.770700	11.848200	25.000000
18.935903	2.135447	5.932865	18.906348	2.153256	5.927380	-26.770700	12.945900	25.000000
18.936193	2.135438	5.932807	18.880943	2.147810	5.921456	-26.770700	13.543100	25.000000
18.936193	2.135438	5.932807	18.959430	2.145118	5.923679	-26.770700	14.640800	25.000000
18.935903	2.135447	5.932865	18.959430	2.145118	5.923679	-26.770700	15.237900	25.000000
18.936048	2.135442	5.932836	18.930135	2.146120	5.929573	-25.923300	6.763720	25.000000
18.936048	2.135442	5.932836	18.930135	2.146120	5.929573	-25.923300	7.861420	25.000000
18.936048	2.135442	5.932836	18.906348	2.153256	5.927380	-25.923300	8.458560	25.000000
18.936048	2.135442	5.932836	18.901323	2.147108	5.935492	-25.923300	9.556260	25.000000
18.936019	2.135443	5.932842	18.906348	2.153256	5.927380	-25.923300	10.153400	25.000000
18.935903	2.135447	5.932865	18.984731	2.150539	5.929573	-25.923300	11.251100	25.000000
18.935903	2.135447	5.932865	18.906348	2.153256	5.927380	-25.923300	11.848200	25.000000
18.935903	2.135447	5.932865	18.984731	2.150539	5.929573	-25.923300	12.945900	25.000000
18.936193	2.135438	5.932807	18.930135	2.146120	5.929573	-25.923300	13.543100	25.000000
18.936193	2.135438	5.932807	18.959430	2.145118	5.923679	-25.923300	14.640800	25.000000
18.935254	2.135469	5.932815	18.901323	2.147108	5.935492	-25.075800	6.763720	25.000000
18.935254	2.135469	5.932815	18.930135	2.146120	5.929573	-25.075800	8.458560	25.000000
18.935254	2.135469	5.932815	18.930135	2.146120	5.929573	-25.075800	9.556260	25.000000
18.935225	2.135470	5.932821	18.930135	2.146120	5.929573	-25.075800	10.153400	25.000000
18.935109	2.135474	5.932844	18.930135	2.146120	5.929573	-25.075800	11.251100	25.000000
18.935109	2.135474	5.932844	18.930135	2.146120	5.929573	-25.075800	11.848200	25.000000
18.935399	2.135464	5.932785	18.959430	2.145118	5.923679	-25.075800	14.640800	25.000000
18.935254	2.135469	5.932815	18.901323	2.147108	5.935492	-24.228400	7.861420	25.000000
18.935254	2.135469	5.932815	18.930135	2.146120	5.929573	-24.228400	8.458560	25.000000
18.935254	2.135469	5.932815	18.930135	2.146120	5.929573	-23.381000	9.556260	25.000000
