18.935584	2.336485	4.991363	18.953100	2.333917	5.008741	-20.594400	23.300400	25.000000
18.935584	2.336485	4.991363	18.953100	2.333917	5.008741	-20.594400	24.398100	25.000000
18.935584	2.336485	4.991363	18.884120	2.330090	5.008741	-20.594400	24.995300	25.000000
18.935584	2.336485	4.991363	19.022355	2.330440	5.006624	-20.594400	26.690100	25.000000
18.935584	2.336485	4.991363	18.953100	2.333917	5.008741	-20.594400	27.787800	25.000000
18.935584	2.336485	4.991363	18.932776	2.327653	4.999670	-20.594400	29.482600	25.000000
18.935584	2.336485	4.991363	18.932776	2.327653	4.999670	-20.594400	31.177500	25.000000
18.935584	2.336485	4.991363	18.953100	2.333917	5.008741	-19.747000	21.008400	25.000000
18.935584	2.336485	4.991363	18.905555	2.336325	5.017900	-19.747000	21.605600	25.000000
18.935584	2.336485	4.991363	18.974457	2.332841	5.015708	-19.747000	22.703300	25.000000
18.935584	2.336485	4.991363	18.905555	2.329014	5.015708	-19.747000	23.300400	25.000000
18.935584	2.336485	4.991363	18.974457	2.332841	5.015708	-19.747000	24.398100	25.000000
18.935584	2.336485	4.991363	18.927493	2.327917	5.022646	-19.747000	24.995300	25.000000
18.935584	2.336485	4.991363	18.996842	2.324473	5.020442	-19.747000	26.093000	25.000000
18.935584	2.336485	4.991363	18.905555	2.329014	5.015708	-19.747000	26.690100	25.000000
18.935584	2.336485	4.991363	18.974984	2.325555	5.013547	-19.747000	27.787800	25.000000
18.935584	2.336485	4.991363	18.953628	2.326615	5.006624	-19.747000	28.384900	25.000000
18.935584	2.336485	4.991363	18.885179	2.322761	5.006624	-19.747000	29.482600	25.000000
18.935584	2.336485	4.991363	18.953628	2.326615	5.006624	-19.747000	31.177500	25.000000
18.935584	2.336485	4.991363	18.932776	2.327653	4.999670	-19.747000	32.872300	25.000000
18.935584	2.336485	4.991363	18.932776	2.342286	5.003846	-18.899600	17.618800	25.000000
18.935584	2.336485	4.991363	18.884120	2.337416	5.010888	-18.899600	18.215900	25.000000
18.935584	2.336485	4.991363	18.953100	2.333917	5.008741	-18.899600	19.313600	25.000000
18.935584	2.336485	4.991363	18.927493	2.335211	5.024881	-18.899600	19.910700	25.000000
18.935584	2.336485	4.991363	18.906613	2.343632	5.020122	-18.899600	21.008400	25.000000
18.935584	2.336485	4.991363	18.949934	2.334076	5.031830	-18.899600	21.605600	25.000000
18.935584	2.336485	4.991363	18.858950	2.331357	5.048028	-18.899600	22.703300	25.000000
18.935584	2.336485	4.991363	18.883061	2.322866	5.052486	-18.899600	23.300400	25.000000
18.935584	2.336485	4.991363	18.951517	2.326720	5.052486	-18.899600	24.398100	25.000000
18.935584	2.336485	4.991363	18.884120	2.315587	5.050084	-18.899600	24.995300	25.000000
18.935584	2.336485	4.991363	18.976564	2.318267	5.056863	-18.899600	26.093000	25.000000
18.935584	2.336485	4.991363	18.836401	2.317925	5.036428	-18.899600	26.690100	25.000000
18.935584	2.336485	4.991363	18.999474	2.310004	5.038644	-18.899600	27.787800	25.000000
18.935584	2.336485	4.991363	18.998421	2.317201	5.018268	-18.899600	28.384900	25.000000
18.935584	2.336485	4.991363	18.790689	2.320181	5.022646	-18.899600	29.482600	25.000000
18.935584	2.336485	4.991363	18.906613	2.321702	5.013547	-18.899600	30.079800	25.000000
18.935584	2.336485	4.991363	18.955210	2.319312	5.004535	-18.899600	31.177500	25.000000
18.935584	2.336485	4.991363	18.932776	2.327653	4.999670	-18.899600	31.774600	25.000000
18.935584	2.336485	4.991363	19.023407	2.323163	5.004535	-18.899600	32.872300	25.000000
18.935584	2.336485	4.991363	18.932776	2.342286	5.003846	-18.052200	14.826200	25.000000
18.935584	2.336485	4.991363	18.932776	2.342286	5.003846	-18.052200	15.923900	25.000000
18.935584	2.336485	4.991363	18.953628	2.341216	5.010888	-18.052200	16.521100	25.000000
18.935584	2.336485	4.991363	18.932776	2.342286	5.003846	-18.052200	17.618800	25.000000
18.935584	2.336485	4.991363	19.019201	2.337876	5.031830	-18.052200	18.215900	25.000000
18.935584	2.336485	4.991363	18.838524	2.347163	5.022375	-18.052200	19.313600	25.000000
18.935584	2.336485	4.991363	18.862131	2.345935	5.052917	-18.052200	19.910700	25.000000
18.935584	2.336485	4.991363	19.070658	2.335278	5.068609	-18.052200	21.008400	25.000000
18.935584	2.336485	4.991363	18.823655	2.325823	5.117281	-18.052200	21.605600	25.000000
18.935584	2.336485	4.991363	18.985521	2.332285	5.084787	-18.052200	22.703300	25.000000
18.935584	2.336485	4.991363	19.054921	2.307355	5.112630	-18.052200	23.300400	25.000000
18.935584	2.336485	4.991363	18.843832	2.303193	5.131338	-18.052200	24.398100	25.000000
18.935584	2.336485	4.991363	18.818076	2.290206	5.119136	-18.052200	24.995300	25.000000
18.935584	2.336485	4.991363	19.026560	2.280647	5.110911	-18.052200	26.093000	25.000000
18.935584	2.336485	4.991363	18.903439	2.279270	5.098070	-18.052200	26.690100	25.000000
18.935584	2.336485	4.991363	18.956002	2.283850	5.076058	-18.052200	27.787800	25.000000
18.935584	2.336485	4.991363	19.060430	2.286050	5.045128	-18.052200	28.384900	25.000000
18.935584	2.336485	4.991363	18.777114	2.299233	5.054453	-18.052200	29.482600	25.000000
18.935584	2.336485	4.991363	18.885709	2.308332	5.025090	-18.052200	30.079800	25.000000
18.935584	2.336485	4.991363	19.071707	2.306557	5.014008	-18.052200	31.177500	25.000000
18.935584	2.336485	4.991363	18.955210	2.319312	5.004535	-18.052200	31.774600	25.000000
18.935584	2.336485	4.991363	18.976564	2.318267	5.011416	-18.052200	32.872300	25.000000
18.935584	2.336485	4.991363	18.932776	2.327653	4.999670	-18.052200	33.469500	25.000000
18.935584	2.336485	4.991363	18.982360	2.325189	4.990689	-18.052200	34.567200	25.000000
18.935385	2.336495	4.991292	18.932776	2.342286	5.003846	-17.204700	15.923900	25.000000
18.935385	2.336495	4.991292	18.998421	2.346275	5.027147	-17.204700	16.521100	25.000000
18.935385	2.336495	4.991292	18.885179	2.344740	5.013065	-17.204700	17.618800	25.000000
18.935385	2.336495	4.991292	18.968922	2.355222	5.085980	-17.204700	18.215900	25.000000
18.935385	2.336495	4.991292	18.908728	2.350936	5.045904	-17.204700	19.313600	25.000000
18.935385	2.336495	4.991292	18.802925	2.356520	5.139016	-17.204700	19.910700	25.000000
18.935385	2.336495	4.991292	19.100000	2.341075	5.117281	-17.204700	21.008400	25.000000
18.935385	2.336495	4.991292	19.508972	2.300113	5.034140	-17.204700	21.605600	25.000000
18.935385	2.336495	4.991292	18.390759	2.363586	5.110160	-17.204700	22.703300	25.000000
18.935385	2.336495	4.991292	19.421699	2.339354	4.807069	-17.204700	23.300400	25.000000
18.935385	2.336495	4.991292	18.392142	2.427606	4.798012	-17.204700	24.398100	25.000000
18.935385	2.336495	4.991292	20.060160	2.315781	4.959012	-17.204700	24.995300	25.000000
18.935385	2.336495	4.991292	17.754436	2.452209	5.008935	-17.204700	26.093000	25.000000
18.935385	2.336495	4.991292	18.885444	2.238933	5.121709	-17.204700	26.690100	25.000000
18.935385	2.336495	4.991292	19.001579	2.254317	5.124411	-17.204700	27.787800	25.000000
18.935385	2.336495	4.991292	18.896296	2.238480	5.106662	-17.204700	28.384900	25.000000
18.935385	2.336495	4.991292	18.985521	2.255006	5.066386	-17.204700	29.482600	25.000000
18.935385	2.336495	4.991292	19.074066	2.271629	5.040647	-17.204700	30.079800	25.000000
18.935385	2.336495	4.991292	18.732325	2.294223	5.038644	-17.204700	31.177500	25.000000
18.935385	2.336495	4.991292	18.961540	2.304705	5.000444	-17.204700	31.774600	25.000000
18.935385	2.336495	4.991292	18.863192	2.309417	5.018268	-17.204700	32.872300	25.000000
18.935385	2.336495	4.991292	19.002631	2.324187	4.997626	-17.204700	33.469500	25.000000
18.935385	2.336495	4.991292	18.934360	2.320335	4.997626	-17.204700	34.567200	25.000000
18.935584	2.336485	4.991363	18.955210	2.348513	5.013065	-16.357300	14.826200	25.000000
18.935584	2.336485	4.991363	18.864252	2.345825	5.005978	-16.357300	15.923900	25.000000
18.935584	2.336485	4.991363	18.800266	2.364216	5.036538	-16.357300	16.521100	25.000000
18.935584	2.336485	4.991363	19.140010	2.353683	5.050455	-16.357300	17.618800	25.000000
18.935584	2.336485	4.991363	18.883326	2.367301	5.084457	-16.357300	18.215900	25.000000
18.935584	2.336485	4.991363	19.045472	2.366106	5.088717	-16.357300	19.313600	25.000000
18.935584	2.336485	4.991363	20.564875	2.261408	4.793854	-16.357300	19.910700	25.000000
18.935584	2.336485	4.991363	17.135635	2.405571	4.738470	-16.357300	21.008400	25.000000
18.935584	2.336485	4.991363	21.667026	1.904651	4.139290	-16.357300	21.605600	25.000000
18.935584	2.336485	4.991363	15.741029	2.250972	4.388054	-16.357300	22.703300	25.000000
18.935584	2.336485	4.991363	16.962311	2.088879	3.459051	-16.357300	23.300400	25.000000
18.935584	2.336485	4.991363	20.721486	2.068905	3.590499	-16.357300	24.398100	25.000000
18.935584	2.336485	4.991363	19.319679	2.366416	3.774739	-16.357300	24.995300	25.000000
18.935584	2.336485	4.991363	18.518639	2.372002	4.279981	-16.357300	26.093000	25.000000
18.935584	2.336485	4.991363	20.142244	2.418357	4.644823	-16.357300	26.690100	25.000000
18.935584	2.336485	4.991363	17.709672	2.491744	4.344880	-16.357300	27.787800	25.000000
18.935584	2.336485	4.991363	19.123023	2.369445	4.939188	-16.357300	28.384900	25.000000
18.935584	2.336485	4.991363	18.713364	2.232592	5.094153	-16.357300	29.482600	25.000000
18.935584	2.336485	4.991363	19.138704	2.241805	5.038359	-16.357300	30.079800	25.000000
18.935584	2.336485	4.991363	18.655562	2.235007	5.081518	-16.357300	31.177500	25.000000
18.935584	2.336485	4.991363	19.067249	2.278815	5.021040	-16.357300	31.774600	25.000000
18.935584	2.336485	4.991363	18.866902	2.302094	5.016123	-16.357300	32.872300	25.000000
18.935584	2.336485	4.991363	19.004736	2.316894	4.995610	-16.357300	33.469500	25.000000
18.935584	2.336485	4.991363	18.887297	2.315432	5.004535	-16.357300	34.567200	25.000000
18.935584	2.336485	4.991363	18.864252	2.323800	4.999670	-16.357300	36.262000	25.000000
18.935584	2.336485	4.991363	18.911901	2.358236	5.024661	-15.509900	14.826200	25.000000
18.935584	2.336485	4.991363	19.046785	2.351150	5.020122	-15.509900	15.923900	25.000000
18.935584	2.336485	4.991363	18.834277	2.385318	5.092895	-15.509900	16.521100	25.000000
18.935584	2.336485	4.991363	19.012101	2.367898	5.057945	-15.509900	17.618800	25.000000
18.935584	2.336485	4.991363	22.980141	2.110040	4.756523	-15.509900	18.215900	25.000000
18.935584	2.336485	4.991363	13.603239	2.375199	4.489006	-15.509900	19.313600	25.000000
18.935584	2.336485	4.991363	18.013606	1.721250	4.283903	-15.509900	19.910700	25.000000
18.935584	2.336485	4.991363	19.809594	1.899774	4.217725	-15.509900	21.008400	25.000000
18.935584	2.336485	4.991363	22.525985	1.221936	3.755802	-15.509900	21.605600	25.000000
18.935584	2.336485	4.991363	14.465476	1.361890	3.700192	-15.509900	22.703300	25.000000
18.935584	2.336485	4.991363	15.958070	1.740808	3.667836	-15.509900	23.300400	25.000000
18.935584	2.336485	4.991363	21.418086	1.243775	3.360262	-15.509900	24.398100	25.000000
18.935584	2.336485	4.991363	17.298844	1.715823	3.667985	-15.509900	24.995300	25.000000
18.935584	2.336485	4.991363	20.417150	1.762993	3.414409	-15.509900	26.093000	25.000000
18.935584	2.336485	4.991363	19.737014	2.366554	3.613718	-15.509900	26.690100	25.000000
18.935584	2.336485	4.991363	17.672649	2.131634	2.711110	-15.509900	27.787800	25.000000
18.935584	2.336485	4.991363	19.034400	2.862905	3.775163	-15.509900	28.384900	25.000000
18.935584	2.336485	4.991363	18.602658	2.430970	4.947774	-15.509900	29.482600	25.000000
18.935584	2.336485	4.991363	18.957320	2.229258	5.059451	-15.509900	30.079800	25.000000
18.935584	2.336485	4.991363	18.850464	2.213616	5.057196	-15.509900	31.177500	25.000000
18.935584	2.336485	4.991363	18.834543	2.282408	5.018620	-15.509900	31.774600	25.000000
18.935584	2.336485	4.991363	19.113869	2.242837	5.032025	-15.509900	32.872300	25.000000
18.935584	2.336485	4.991363	19.032866	2.301329	4.998440	-15.509900	33.469500	25.000000
18.935584	2.336485	4.991363	18.819671	2.311525	5.004535	-15.509900	34.567200	25.000000
18.935584	2.336485	4.991363	18.934360	2.320335	4.997626	-15.509900	35.164300	25.000000
18.935584	2.336485	4.991363	18.982360	2.325189	4.990689	-15.509900	36.262000	25.000000
18.935584	2.336485	4.991363	18.955210	2.348513	5.013065	-14.662500	13.131400	25.000000
18.935584	2.336485	4.991363	19.071707	2.357253	5.029445	-14.662500	14.826200	25.000000
18.935584	2.336485	4.991363	18.877500	2.375225	5.038970	-14.662500	15.923900	25.000000
18.935584	2.336485	4.991363	18.866372	2.316455	4.997626	-14.662500	16.521100	25.000000
18.935584	2.336485	4.991363	19.155678	2.375194	5.057945	-14.662500	17.618800	25.000000
18.935584	2.336485	4.991363	23.147708	1.632180	4.431711	-14.662500	18.215900	25.000000
18.935584	2.336485	4.991363	13.215461	1.856141	4.383157	-14.662500	19.313600	25.000000
18.935584	2.336485	4.991363	17.038779	1.248312	4.076313	-14.662500	19.910700	25.000000
18.935584	2.336485	4.991363	20.607038	1.345675	4.275461	-14.662500	21.008400	25.000000
18.935584	2.336485	4.991363	17.941293	0.760364	3.471016	-14.662500	21.605600	25.000000
18.935584	2.336485	4.991363	19.842631	0.794682	3.776619	-14.662500	22.703300	25.000000
18.935584	2.336485	4.991363	18.727787	1.044970	3.738157	-14.662500	23.300400	25.000000
18.935584	2.336485	4.991363	19.213277	1.053595	3.791082	-14.662500	24.398100	25.000000
18.935584	2.336485	4.991363	19.410059	1.157256	2.886789	-14.662500	24.995300	25.000000
18.935584	2.336485	4.991363	18.397598	0.989647	3.041277	-14.662500	26.093000	25.000000
18.935584	2.336485	4.991363	17.929027	1.626601	3.130420	-14.662500	26.690100	25.000000
18.935584	2.336485	4.991363	16.484235	2.084468	1.896952	-14.662500	27.787800	25.000000
18.935584	2.336485	4.991363	15.043633	3.065411	2.022726	-14.662500	28.384900	25.000000
18.935584	2.336485	4.991363	21.804853	2.464892	3.683268	-14.662500	29.482600	25.000000
18.935584	2.336485	4.991363	20.610570	2.364887	4.792771	-14.662500	30.079800	25.000000
18.935584	2.336485	4.991363	17.196000	2.327057	5.095864	-14.662500	31.177500	25.000000
18.935584	2.336485	4.991363	18.813293	2.208465	5.042508	-14.662500	31.774600	25.000000
18.935584	2.336485	4.991363	19.019464	2.246793	5.006428	-14.662500	32.872300	25.000000
18.935584	2.336485	4.991363	18.778179	2.299183	5.009314	-14.662500	33.469500	25.000000
18.935584	2.336485	4.991363	19.110207	2.290728	4.994513	-14.662500	34.567200	25.000000
18.935584	2.336485	4.991363	18.914016	2.321336	4.990689	-14.662500	35.164300	25.000000
18.935584	2.336485	4.991363	19.004736	2.316894	4.995610	-14.662500	36.262000	25.000000
18.935584	2.336485	4.991363	18.957848	2.355805	5.015274	-13.815100	13.131400	25.000000
18.935584	2.336485	4.991363	18.866372	2.353160	5.008141	-13.815100	14.229100	25.000000
18.935584	2.336485	4.991363	19.254610	2.384883	5.043709	-13.815100	14.826200	25.000000
18.935584	2.336485	4.991363	18.732592	2.391089	5.039090	-13.815100	15.923900	25.000000
18.935584	2.336485	4.991363	21.529979	2.303437	5.010429	-13.815100	16.521100	25.000000
18.935584	2.336485	4.991363	15.883010	2.076925	4.878721	-13.815100	17.618800	25.000000
18.935584	2.336485	4.991363	22.420749	1.382357	4.515884	-13.815100	18.215900	25.000000
18.935584	2.336485	4.991363	14.554037	1.356153	4.499822	-13.815100	19.313600	25.000000
18.935584	2.336485	4.991363	18.549933	1.033132	4.333048	-13.815100	19.910700	25.000000
18.935584	2.336485	4.991363	19.333649	0.783271	4.265133	-13.815100	21.008400	25.000000
18.935584	2.336485	4.991363	20.324862	0.769394	4.067473	-13.815100	21.605600	25.000000
18.935584	2.336485	4.991363	17.482277	0.612921	3.870712	-13.815100	22.703300	25.000000
18.935584	2.336485	4.991363	15.616978	0.850592	3.939038	-13.815100	23.300400	25.000000
18.935584	2.336485	4.991363	21.807109	0.740263	3.936606	-13.815100	24.398100	25.000000
18.935584	2.336485	4.991363	18.929871	0.681624	2.565217	-13.815100	24.995300	25.000000
18.935584	2.336485	4.991363	19.030502	0.915306	2.886968	-13.815100	26.093000	25.000000
18.935584	2.336485	4.991363	20.127404	1.303301	2.694073	-13.815100	26.690100	25.000000
18.935584	2.336485	4.991363	17.371540	1.804326	3.141593	-13.815100	27.787800	25.000000
18.935584	2.336485	4.991363	21.289493	1.991773	3.025536	-13.815100	28.384900	25.000000
18.935584	2.336485	4.991363	15.684821	2.633052	3.331284	-13.815100	29.482600	25.000000
18.935584	2.336485	4.991363	20.470721	2.414950	4.713860	-13.815100	30.079800	25.000000
18.935584	2.336485	4.991363	16.987175	2.993007	3.639035	-13.815100	31.177500	25.000000
18.935584	2.336485	4.991363	18.984467	2.228152	5.002571	-13.815100	31.774600	25.000000
18.935584	2.336485	4.991363	18.890474	2.205441	5.019588	-13.815100	32.872300	25.000000
18.935584	2.336485	4.991363	18.717639	2.287807	5.007240	-13.815100	33.469500	25.000000
18.935584	2.336485	4.991363	19.124853	2.276239	4.990689	-13.815100	34.567200	25.000000
18.935584	2.336485	4.991363	19.007893	2.309601	4.993621	-13.815100	35.164300	25.000000
18.935584	2.336485	4.991363	18.934360	2.320335	4.997626	-13.815100	36.262000	25.000000
18.935385	2.336495	4.991292	19.004736	2.353343	5.005978	-12.967600	13.131400	25.000000
18.935385	2.336495	4.991292	18.890474	2.359375	5.017514	-12.967600	14.229100	25.000000
18.935385	2.336495	4.991292	19.176548	2.396866	5.041439	-12.967600	14.826200	25.000000
18.935385	2.336495	4.991292	18.625520	2.413264	5.049444	-12.967600	15.923900	25.000000
18.935385	2.336495	4.991292	21.776363	2.324341	5.006258	-12.967600	16.521100	25.000000
18.935385	2.336495	4.991292	15.472556	1.886228	4.917784	-12.967600	17.618800	25.000000
18.935385	2.336495	4.991292	18.336458	0.967723	4.696761	-12.967600	18.215900	25.000000
18.935385	2.336495	4.991292	19.456764	1.384698	4.759057	-12.967600	19.313600	25.000000
18.935385	2.336495	4.991292	17.719992	0.678075	4.765492	-12.967600	19.910700	25.000000
18.935385	2.336495	4.991292	20.189653	0.733322	4.757543	-12.967600	21.008400	25.000000
18.935385	2.336495	4.991292	20.173619	0.630071	4.591791	-12.967600	21.605600	25.000000
18.935385	2.336495	4.991292	17.582267	0.763647	4.436688	-12.967600	22.703300	25.000000
18.935385	2.336495	4.991292	21.253000	0.505008	4.002708	-12.967600	23.300400	25.000000
18.935385	2.336495	4.991292	16.362763	0.555779	4.269464	-12.967600	24.398100	25.000000
18.935385	2.336495	4.991292	20.578251	0.725206	3.333025	-12.967600	24.995300	25.000000
18.935385	2.336495	4.991292	17.137991	0.614783	2.900932	-12.967600	26.093000	25.000000
18.935385	2.336495	4.991292	19.641538	1.042533	2.860864	-12.967600	26.690100	25.000000
18.935385	2.336495	4.991292	18.111875	0.999074	2.736701	-12.967600	27.787800	25.000000
18.935385	2.336495	4.991292	18.993946	1.903310	1.841445	-12.967600	28.384900	25.000000
18.935385	2.336495	4.991292	13.531445	1.585577	3.208161	-12.967600	29.482600	25.000000
18.935385	2.336495	4.991292	17.841564	2.815266	4.580877	-12.967600	30.079800	25.000000
18.935385	2.336495	4.991292	19.395747	2.650115	1.598112	-12.967600	31.177500	25.000000
18.935385	2.336495	4.991292	18.726185	2.218596	5.004487	-12.967600	31.774600	25.000000
18.935385	2.336495	4.991292	19.146018	2.215107	5.017612	-12.967600	32.872300	25.000000
18.935385	2.336495	4.991292	18.646447	2.269929	4.996463	-12.967600	33.469500	25.000000
18.935385	2.336495	4.991292	19.198177	2.272991	4.988814	-12.967600	34.567200	25.000000
18.935385	2.336495	4.991292	18.778179	2.313547	4.990689	-12.967600	35.164300	25.000000
18.935385	2.336495	4.991292	18.987628	2.310573	4.986771	-12.967600	36.262000	25.000000
18.935584	2.336485	4.991363	18.982360	2.347105	4.996774	-12.120200	11.436500	25.000000
18.935584	2.336485	4.991363	18.982360	2.347105	4.996774	-12.120200	12.534200	25.000000
18.935584	2.336485	4.991363	18.937001	2.356906	5.008141	-12.120200	13.131400	25.000000
18.935584	2.336485	4.991363	18.966286	2.370374	5.019786	-12.120200	14.229100	25.000000
18.935584	2.336485	4.991363	19.153590	2.437593	5.049444	-12.120200	14.826200	25.000000
18.935584	2.336485	4.991363	18.804521	2.410585	5.036658	-12.120200	15.923900	25.000000
18.935584	2.336485	4.991363	13.095801	2.277148	5.050011	-12.120200	16.521100	25.000000
18.935584	2.336485	4.991363	23.229722	1.954676	4.861508	-12.120200	17.618800	25.000000
18.935584	2.336485	4.991363	14.843180	1.094914	4.957368	-12.120200	18.215900	25.000000
18.935584	2.336485	4.991363	22.333159	1.040285	4.932184	-12.120200	19.313600	25.000000
18.935584	2.336485	4.991363	19.327442	0.840024	5.104508	-12.120200	19.910700	25.000000
18.935584	2.336485	4.991363	18.569868	0.780120	5.155492	-12.120200	21.008400	25.000000
18.935584	2.336485	4.991363	19.113869	0.801222	4.962668	-12.120200	21.605600	25.000000
18.935584	2.336485	4.991363	18.734460	0.811280	4.980578	-12.120200	22.703300	25.000000
18.935584	2.336485	4.991363	20.491025	0.674804	4.838488	-12.120200	23.300400	25.000000
18.935584	2.336485	4.991363	17.290289	0.432253	4.603104	-12.120200	24.398100	25.000000
18.935584	2.336485	4.991363	18.973139	0.267172	3.596312	-12.120200	24.995300	25.000000
18.935584	2.336485	4.991363	18.876451	0.247769	3.254158	-12.120200	26.093000	25.000000
18.935584	2.336485	4.991363	18.621858	0.643276	1.791019	-12.120200	26.690100	25.000000
18.935584	2.336485	4.991363	19.238857	0.476019	1.792664	-12.120200	27.787800	25.000000
18.935584	2.336485	4.991363	12.752713	2.492600	1.053742	-12.120200	28.384900	25.000000
18.935584	2.336485	4.991363	16.166895	0.831729	1.480288	-12.120200	29.482600	25.000000
18.935584	2.336485	4.991363	16.855563	2.540386	1.149377	-12.120200	30.079800	25.000000
18.935584	2.336485	4.991363	20.673897	2.927067	6.260462	-12.120200	31.177500	25.000000
18.935584	2.336485	4.991363	19.540215	2.225596	4.966757	-12.120200	31.774600	25.000000
18.935584	2.336485	4.991363	18.330848	2.221236	4.997280	-12.120200	32.872300	25.000000
18.935584	2.336485	4.991363	18.828967	2.241303	4.986964	-12.120200	33.469500	25.000000
18.935584	2.336485	4.991363	19.031027	2.280445	4.985931	-12.120200	34.567200	25.000000
18.935584	2.336485	4.991363	18.849138	2.310096	4.988716	-12.120200	35.164300	25.000000
18.935584	2.336485	4.991363	18.987628	2.310573	4.986771	-12.120200	36.262000	25.000000
18.935584	2.336485	4.991363	18.982360	2.325189	4.990689	-12.120200	37.956800	25.000000
18.935584	2.336485	4.991363	18.894179	2.351699	4.991712	-11.272800	11.436500	25.000000
18.935584	2.336485	4.991363	18.982360	2.347105	4.996774	-11.272800	12.534200	25.000000
18.935584	2.336485	4.991363	18.997105	2.376275	5.005301	-11.272800	13.131400	25.000000
18.935584	2.336485	4.991363	18.849138	2.361585	5.003123	-11.272800	14.229100	25.000000
18.935584	2.336485	4.991363	19.221342	2.425490	5.026621	-11.272800	14.826200	25.000000
18.935584	2.336485	4.991363	18.684218	2.434109	5.039348	-11.272800	15.923900	25.000000
18.935584	2.336485	4.991363	21.777741	2.193415	4.923088	-11.272800	16.521100	25.000000
18.935584	2.336485	4.991363	15.163773	1.577391	4.931773	-11.272800	17.618800	25.000000
18.935584	2.336485	4.991363	18.594892	0.750448	5.041621	-11.272800	18.215900	25.000000
18.935584	2.336485	4.991363	19.295077	1.114611	4.933563	-11.272800	19.313600	25.000000
18.935584	2.336485	4.991363	17.342145	0.765859	5.060449	-11.272800	19.910700	25.000000
18.935584	2.336485	4.991363	20.397549	0.773067	4.989724	-11.272800	21.008400	25.000000
18.935584	2.336485	4.991363	19.057282	0.882881	5.139579	-11.272800	21.605600	25.000000
18.935584	2.336485	4.991363	18.848077	0.816988	5.084787	-11.272800	22.703300	25.000000
18.935584	2.336485	4.991363	21.189856	0.797571	4.986160	-11.272800	23.300400	25.000000
18.935584	2.336485	4.991363	16.343194	0.728028	5.139016	-11.272800	24.398100	25.000000
18.935584	2.336485	4.991363	17.938049	0.194447	5.972383	-11.272800	24.995300	25.000000
18.935584	2.336485	4.991363	19.912951	0.248760	0.032641	-11.272800	26.093000	25.000000
18.935584	2.336485	4.991363	20.665188	0.729940	1.136361	-11.272800	26.690100	25.000000
18.935584	2.336485	4.991363	17.034083	0.441598	1.292497	-11.272800	27.787800	25.000000
18.935584	2.336485	4.991363	18.205999	1.919464	1.535723	-11.272800	28.384900	25.000000
18.935584	2.336485	4.991363	14.162362	0.740885	2.408000	-11.272800	29.482600	25.000000
18.935584	2.336485	4.991363	19.787221	2.431137	2.289845	-11.272800	30.079800	25.000000
18.935584	2.336485	4.991363	15.823214	2.617576	4.483034	-11.272800	31.177500	25.000000
18.935584	2.336485	4.991363	20.953580	2.368663	4.846070	-11.272800	31.774600	25.000000
18.935584	2.336485	4.991363	16.764931	2.343237	5.031769	-11.272800	32.872300	25.000000
18.935584	2.336485	4.991363	18.649665	2.242084	4.975638	-11.272800	33.469500	25.000000
18.935584	2.336485	4.991363	19.305181	2.268311	4.972121	-11.272800	34.567200	25.000000
18.935584	2.336485	4.991363	19.039170	2.308105	4.978019	-11.272800	35.164300	25.000000
18.935584	2.336485	4.991363	18.829233	2.311061	4.981796	-11.272800	36.262000	25.000000
18.935584	2.336485	4.991363	18.982360	2.325189	4.990689	-11.272800	36.859100	25.000000
18.935584	2.336485	4.991363	18.962595	2.326169	4.983724	-11.272800	37.956800	25.000000
18.935584	2.336485	4.991363	18.962595	2.348129	4.989672	-10.425400	11.436500	25.000000
18.935584	2.336485	4.991363	18.843832	2.346886	4.998860	-10.425400	12.534200	25.000000
18.935584	2.336485	4.991363	18.766726	2.373674	5.000172	-10.425400	13.131400	25.000000
18.935584	2.336485	4.991363	19.130342	2.369052	5.000976	-10.425400	14.229100	25.000000
18.935584	2.336485	4.991363	18.658510	2.444024	5.026224	-10.425400	14.826200	25.000000
18.935584	2.336485	4.991363	19.181762	2.427864	5.011473	-10.425400	15.923900	25.000000
18.935584	2.336485	4.991363	13.127833	2.188203	5.230376	-10.425400	16.521100	25.000000
18.935584	2.336485	4.991363	23.132877	1.837646	4.966063	-10.425400	17.618800	25.000000
18.935584	2.336485	4.991363	20.056171	0.891513	4.991569	-10.425400	18.215900	25.000000
18.935584	2.336485	4.991363	17.844047	1.263354	5.136583	-10.425400	19.313600	25.000000
18.935584	2.336485	4.991363	19.109683	0.733137	4.925121	-10.425400	19.910700	25.000000
18.935584	2.336485	4.991363	18.845954	0.787355	5.000976	-10.425400	21.008400	25.000000
18.935584	2.336485	4.991363	19.806416	0.771394	4.984421	-10.425400	21.605600	25.000000
18.935584	2.336485	4.991363	18.054864	0.774903	4.904351	-10.425400	22.703300	25.000000
18.935584	2.336485	4.991363	16.341665	0.763991	4.980968	-10.425400	23.300400	25.000000
18.935584	2.336485	4.991363	21.136698	0.740616	4.967571	-10.425400	24.398100	25.000000
18.935584	2.336485	4.991363	21.014328	0.173177	4.688360	-10.425400	24.995300	25.000000
18.935584	2.336485	4.991363	16.506130	0.027254	1.146929	-10.425400	26.093000	25.000000
18.935584	2.336485	4.991363	19.399485	0.670476	2.898626	-10.425400	26.690100	25.000000
18.935584	2.336485	4.991363	18.401359	0.505494	2.340323	-10.425400	27.787800	25.000000
18.935584	2.336485	4.991363	15.906288	1.545646	1.978165	-10.425400	28.384900	25.000000
18.935584	2.336485	4.991363	20.999286	1.041670	2.596443	-10.425400	29.482600	25.000000
18.935584	2.336485	4.991363	20.797356	2.270921	1.374634	-10.425400	30.079800	25.000000
18.935584	2.336485	4.991363	14.329689	2.188564	2.773804	-10.425400	31.177500	25.000000
18.935584	2.336485	4.991363	15.770225	2.387981	5.072244	-10.425400	31.774600	25.000000
18.935584	2.336485	4.991363	21.664256	2.535061	4.982902	-10.425400	32.872300	25.000000
18.935584	2.336485	4.991363	19.202604	2.265995	4.959012	-10.425400	33.469500	25.000000
18.935584	2.336485	4.991363	18.597043	2.251233	4.964079	-10.425400	34.567200	25.000000
18.935584	2.336485	4.991363	19.055183	2.314450	4.986771	-10.425400	35.164300	25.000000
18.935584	2.336485	4.991363	18.833481	2.303688	4.979894	-10.425400	36.262000	25.000000
18.935584	2.336485	4.991363	18.962595	2.326169	4.983724	-10.425400	37.956800	25.000000
18.935524	2.336488	4.991342	18.964704	2.355444	4.991712	-9.577960	11.436500	25.000000
18.935524	2.336488	4.991342	18.982360	2.347105	4.996774	-9.577960	12.534200	25.000000
18.935524	2.336488	4.991342	18.967868	2.362754	4.993781	-9.577960	13.131400	25.000000
18.935524	2.336488	4.991342	18.838790	2.377362	5.000172	-9.577960	14.229100	25.000000
18.935524	2.336488	4.991342	19.220042	2.433531	4.996183	-9.577960	14.826200	25.000000
18.935524	2.336488	4.991342	18.638938	2.445278	5.018268	-9.577960	15.923900	25.000000
18.935524	2.336488	4.991342	15.623060	2.407580	5.167490	-9.577960	16.521100	25.000000
18.935524	2.336488	4.991342	21.591433	1.965367	5.002404	-9.577960	17.618800	25.000000
18.935524	2.336488	4.991342	14.404513	1.186526	5.112364	-9.577960	18.215900	25.000000
18.935524	2.336488	4.991342	22.481326	1.305246	4.926058	-9.577960	19.313600	25.000000
18.935524	2.336488	4.991342	18.539148	0.786096	5.128291	-9.577960	19.910700	25.000000
18.935524	2.336488	4.991342	19.348127	0.784022	5.048028	-9.577960	21.008400	25.000000
18.935524	2.336488	4.991342	18.806648	0.822201	4.976731	-9.577960	21.605600	25.000000
18.935524	2.336488	4.991342	19.186454	0.881667	4.999965	-9.577960	22.703300	25.000000
18.935524	2.336488	4.991342	18.212358	0.710973	4.967571	-9.577960	23.300400	25.000000
18.935524	2.336488	4.991342	19.643065	0.847564	4.980428	-9.577960	24.398100	25.000000
18.935524	2.336488	4.991342	20.885871	0.323875	4.267582	-9.577960	24.995300	25.000000
18.935524	2.336488	4.991342	16.752958	0.280113	4.595533	-9.577960	26.093000	25.000000
18.935524	2.336488	4.991342	19.720132	0.230184	1.781269	-9.577960	26.690100	25.000000
18.935524	2.336488	4.991342	18.121559	0.337373	1.828714	-9.577960	27.787800	25.000000
18.935524	2.336488	4.991342	12.030794	0.474800	0.643501	-9.577960	28.384900	25.000000
18.935524	2.336488	4.991342	21.989770	1.364700	1.426271	-9.577960	29.482600	25.000000
18.935524	2.336488	4.991342	22.730376	2.111489	1.219833	-9.577960	30.079800	25.000000
18.935524	2.336488	4.991342	13.516656	2.250874	0.463648	-9.577960	31.177500	25.000000
18.935524	2.336488	4.991342	19.901256	2.282632	4.987954	-9.577960	31.774600	25.000000
18.935524	2.336488	4.991342	17.857211	2.508830	5.142151	-9.577960	32.872300	25.000000
18.935524	2.336488	4.991342	18.619613	2.271142	4.960775	-9.577960	33.469500	25.000000
18.935524	2.336488	4.991342	19.352002	2.259573	4.955744	-9.577960	34.567200	25.000000
18.935524	2.336488	4.991342	18.964704	2.318847	4.981796	-9.577960	35.164300	25.000000
18.935524	2.336488	4.991342	18.829233	2.311061	4.981796	-9.577960	36.262000	25.000000
18.935524	2.336488	4.991342	18.914016	2.321336	4.990689	-9.577960	36.859100	25.000000
18.935524	2.336488	4.991342	18.894179	2.351699	4.991712	-8.730540	11.436500	25.000000
18.935524	2.336488	4.991342	19.091621	2.371135	4.986556	-8.730540	13.131400	25.000000
18.935524	2.336488	4.991342	18.761930	2.366294	4.998011	-8.730540	14.229100	25.000000
18.935524	2.336488	4.991342	18.937001	2.451171	4.989550	-8.730540	14.826200	25.000000
18.935524	2.336488	4.991342	18.906877	2.412472	4.993960	-8.730540	15.923900	25.000000
18.935524	2.336488	4.991342	16.415569	2.436378	5.001145	-8.730540	16.521100	25.000000
18.935524	2.336488	4.991342	21.096455	2.027322	4.870418	-8.730540	17.618800	25.000000
18.935524	2.336488	4.991342	14.402778	1.125780	4.961099	-8.730540	18.215900	25.000000
18.935524	2.336488	4.991342	22.504666	1.351306	4.867807	-8.730540	19.313600	25.000000
18.935524	2.336488	4.991342	18.412887	0.698562	4.914753	-8.730540	19.910700	25.000000
18.935524	2.336488	4.991342	19.430502	0.758799	4.871635	-8.730540	21.008400	25.000000
18.935524	2.336488	4.991342	20.139824	0.822700	4.934364	-8.730540	21.605600	25.000000
18.935524	2.336488	4.991342	17.690608	0.761868	4.938697	-8.730540	22.703300	25.000000
18.935524	2.336488	4.991342	19.206509	0.827316	5.014008	-8.730540	23.300400	25.000000
18.935524	2.336488	4.991342	18.749933	0.876295	4.950634	-8.730540	24.398100	25.000000
18.935524	2.336488	4.991342	18.861601	0.494734	5.126078	-8.730540	24.995300	25.000000
18.935524	2.336488	4.991342	19.022618	0.312725	5.704661	-8.730540	26.093000	25.000000
18.935524	2.336488	4.991342	19.015257	0.703557	0.314039	-8.730540	26.690100	25.000000
18.935524	2.336488	4.991342	18.761930	0.607967	0.871279	-8.730540	27.787800	25.000000
18.935524	2.336488	4.991342	20.221464	1.582665	1.036314	-8.730540	28.384900	25.000000
18.935524	2.336488	4.991342	15.598477	1.294845	0.033321	-8.730540	29.482600	25.000000
18.935524	2.336488	4.991342	20.794470	2.271037	0.656079	-8.730540	30.079800	25.000000
18.935524	2.336488	4.991342	15.539099	2.527494	5.557841	-8.730540	31.177500	25.000000
18.935524	2.336488	4.991342	20.406372	2.320142	4.955744	-8.730540	31.774600	25.000000
18.935524	2.336488	4.991342	17.410916	2.323315	4.966909	-8.730540	32.872300	25.000000
18.935524	2.336488	4.991342	18.591934	2.279460	4.955649	-8.730540	33.469500	25.000000
18.935524	2.336488	4.991342	19.248377	2.270787	4.952425	-8.730540	34.567200	25.000000
18.935524	2.336488	4.991342	18.896825	2.314968	4.981796	-8.730540	35.164300	25.000000
18.935524	2.336488	4.991342	19.032866	2.322698	4.981796	-8.730540	36.262000	25.000000
18.935524	2.336488	4.991342	18.962595	2.348129	4.989672	-7.883120	12.534200	25.000000
18.935524	2.336488	4.991342	18.896825	2.359037	4.993781	-7.883120	13.131400	25.000000
18.935524	2.336488	4.991342	18.952836	2.371104	4.988607	-7.883120	14.229100	25.000000
18.935524	2.336488	4.991342	18.730723	2.399059	4.984181	-7.883120	14.826200	25.000000
18.935524	2.336488	4.991342	19.091621	2.433334	4.972991	-7.883120	15.923900	25.000000
18.935524	2.336488	4.991342	20.926060	2.370012	4.912473	-7.883120	16.521100	25.000000
18.935524	2.336488	4.991342	16.715562	2.097314	5.036328	-7.883120	17.618800	25.000000
18.935524	2.336488	4.991342	17.077775	1.210550	5.131249	-7.883120	18.215900	25.000000
18.935524	2.336488	4.991342	20.584035	1.621829	5.018756	-7.883120	19.313600	25.000000
18.935524	2.336488	4.991342	17.665220	0.816245	5.036597	-7.883120	19.910700	25.000000
18.935524	2.336488	4.991342	20.056420	0.885098	4.946431	-7.883120	21.008400	25.000000
18.935524	2.336488	4.991342	19.507591	0.799362	4.914693	-7.883120	21.605600	25.000000
18.935524	2.336488	4.991342	18.312608	0.725574	4.916240	-7.883120	22.703300	25.000000
18.935524	2.336488	4.991342	18.878456	0.803888	4.920605	-7.883120	23.300400	25.000000
18.935524	2.336488	4.991342	18.902381	0.797742	4.778957	-7.883120	24.398100	25.000000
18.935524	2.336488	4.991342	16.191356	0.386006	5.567442	-7.883120	24.995300	25.000000
18.935524	2.336488	4.991342	21.338697	0.369306	5.767260	-7.883120	26.093000	25.000000
18.935524	2.336488	4.991342	16.608733	0.709578	0.805003	-7.883120	26.690100	25.000000
18.935524	2.336488	4.991342	21.083880	0.737872	1.021913	-7.883120	27.787800	25.000000
18.935524	2.336488	4.991342	15.384372	2.293028	1.262744	-7.883120	28.384900	25.000000
18.935524	2.336488	4.991342	16.031843	0.806025	0.963611	-7.883120	29.482600	25.000000
18.935524	2.336488	4.991342	20.769930	2.819221	0.936414	-7.883120	30.079800	25.000000
18.935524	2.336488	4.991342	16.850223	2.451997	1.257895	-7.883120	31.177500	25.000000
18.935524	2.336488	4.991342	18.233036	2.303814	4.940184	-7.883120	31.774600	25.000000
18.935524	2.336488	4.991342	19.644378	2.287200	4.919051	-7.883120	32.872300	25.000000
18.935524	2.336488	4.991342	19.217180	2.299725	4.959060	-7.883120	33.469500	25.000000
18.935524	2.336488	4.991342	18.704812	2.288405	4.948762	-7.883120	34.567200	25.000000
18.935524	2.336488	4.991342	18.823921	2.325809	4.985679	-7.883120	35.164300	25.000000
18.935524	2.336488	4.991342	18.964704	2.318847	4.981796	-7.883120	36.262000	25.000000
18.935524	2.336488	4.991342	18.962595	2.348129	4.989672	-7.035700	11.436500	25.000000
18.935524	2.336488	4.991342	18.962595	2.348129	4.989672	-7.035700	12.534200	25.000000
18.935524	2.336488	4.991342	18.896825	2.359037	4.993781	-7.035700	13.131400	25.000000
18.935524	2.336488	4.991342	18.948615	2.363784	4.986556	-7.035700	14.229100	25.000000
18.935524	2.336488	4.991342	18.993683	2.384095	4.975953	-7.035700	14.826200	25.000000
18.935524	2.336488	4.991342	18.796276	2.411074	4.978641	-7.035700	15.923900	25.000000
18.935524	2.336488	4.991342	18.352929	2.413545	5.003061	-7.035700	16.521100	25.000000
18.935524	2.336488	4.991342	19.572941	2.389997	4.946479	-7.035700	17.618800	25.000000
18.935524	2.336488	4.991342	20.365903	2.067223	5.065931	-7.035700	18.215900	25.000000
18.935524	2.336488	4.991342	17.368074	1.611111	5.191499	-7.035700	19.313600	25.000000
18.935524	2.336488	4.991342	16.329727	1.120991	5.328686	-7.035700	19.910700	25.000000
18.935524	2.336488	4.991342	21.270167	1.149413	5.182949	-7.035700	21.008400	25.000000
18.935524	2.336488	4.991342	20.069131	1.049185	5.196599	-7.035700	21.605600	25.000000
18.935524	2.336488	4.991342	17.752183	0.909667	5.131338	-7.035700	22.703300	25.000000
18.935524	2.336488	4.991342	18.676456	0.815705	5.261635	-7.035700	23.300400	25.000000
18.935524	2.336488	4.991342	19.146540	0.859443	5.086493	-7.035700	24.398100	25.000000
18.935524	2.336488	4.991342	17.751901	0.643644	5.718616	-7.035700	24.995300	25.000000
18.935524	2.336488	4.991342	20.085318	0.552208	5.994456	-7.035700	26.093000	25.000000
18.935524	2.336488	4.991342	17.840684	0.686431	0.678885	-7.035700	26.690100	25.000000
18.935524	2.336488	4.991342	20.026732	0.716678	0.806900	-7.035700	27.787800	25.000000
18.935524	2.336488	4.991342	19.086383	1.868581	1.247313	-7.035700	28.384900	25.000000
18.935524	2.336488	4.991342	10.823789	0.969852	6.204695	-7.035700	29.482600	25.000000
18.935524	2.336488	4.991342	12.872311	2.900495	0.674741	-7.035700	30.079800	25.000000
18.935524	2.336488	4.991342	23.220484	2.492629	0.069175	-7.035700	31.177500	25.000000
18.935524	2.336488	4.991342	19.100788	2.270450	4.919850	-7.035700	31.774600	25.000000
18.935524	2.336488	4.991342	18.781270	2.277833	4.910471	-7.035700	32.872300	25.000000
18.935524	2.336488	4.991342	18.921152	2.299525	4.955649	-7.035700	33.469500	25.000000
18.935524	2.336488	4.991342	18.929871	2.313362	4.966063	-7.035700	34.567200	25.000000
18.935524	2.336488	4.991342	18.943337	2.327127	4.976731	-7.035700	35.164300	25.000000
18.935524	2.336488	4.991342	18.874851	2.323273	4.976731	-7.035700	36.262000	25.000000
18.935524	2.336488	4.991342	18.962595	2.348129	4.989672	-6.188280	13.131400	25.000000
18.935524	2.336488	4.991342	18.945448	2.356459	4.984535	-6.188280	14.229100	25.000000
18.935524	2.336488	4.991342	18.867167	2.375794	4.983336	-6.188280	14.826200	25.000000
18.935524	2.336488	4.991342	18.982887	2.392399	4.970500	-6.188280	15.923900	25.000000
18.935524	2.336488	4.991342	19.072273	2.450818	4.916240	-6.188280	16.521100	25.000000
18.935524	2.336488	4.991342	18.768324	2.428885	4.959344	-6.188280	17.618800	25.000000
18.935524	2.336488	4.991342	21.776593	2.182192	4.932883	-6.188280	18.215900	25.000000
18.935524	2.336488	4.991342	15.502580	2.306159	5.152695	-6.188280	19.313600	25.000000
18.935524	2.336488	4.991342	16.999341	1.379027	5.497787	-6.188280	19.910700	25.000000
18.935524	2.336488	4.991342	20.636618	1.595027	5.212896	-6.188280	21.008400	25.000000
18.935524	2.336488	4.991342	17.942687	1.270938	5.285830	-6.188280	21.605600	25.000000
18.935524	2.336488	4.991342	19.944172	1.368867	5.399919	-6.188280	22.703300	25.000000
18.935524	2.336488	4.991342	17.648229	1.106675	5.457450	-6.188280	23.300400	25.000000
18.935524	2.336488	4.991342	20.150682	1.135342	5.551998	-6.188280	24.398100	25.000000
18.935524	2.336488	4.991342	18.300000	1.166423	5.739708	-6.188280	24.995300	25.000000
18.935524	2.336488	4.991342	19.547123	1.092321	5.816960	-6.188280	26.093000	25.000000
18.935524	2.336488	4.991342	18.981981	1.064810	0.020479	-6.188280	26.690100	25.000000
18.935524	2.336488	4.991342	18.930885	1.276015	0.039758	-6.188280	27.787800	25.000000
18.935524	2.336488	4.991342	19.851763	1.686916	0.420542	-6.188280	28.384900	25.000000
18.935524	2.336488	4.991342	15.994902	2.198994	5.699683	-6.188280	29.482600	25.000000
18.935524	2.336488	4.991342	19.594387	2.316877	5.045128	-6.188280	30.079800	25.000000
18.935524	2.336488	4.991342	18.171681	2.532132	5.620456	-6.188280	31.177500	25.000000
18.935524	2.336488	4.991342	19.035188	2.294190	4.940028	-6.188280	31.774600	25.000000
18.935524	2.336488	4.991342	18.830295	2.282603	4.902907	-6.188280	32.872300	25.000000
18.935524	2.336488	4.991342	18.787762	2.320326	4.969713	-6.188280	33.469500	25.000000
18.935524	2.336488	4.991342	19.016309	2.316331	4.972991	-6.188280	34.567200	25.000000
18.935524	2.336488	4.991342	18.873262	2.330636	4.978641	-6.188280	36.262000	25.000000
18.935524	2.336488	4.991342	18.943337	2.349130	4.982542	-5.340860	14.229100	25.000000
18.935524	2.336488	4.991342	19.050722	2.365825	4.970094	-5.340860	14.826200	25.000000
18.935524	2.336488	4.991342	18.795212	2.372106	4.983336	-5.340860	15.923900	25.000000
18.935524	2.336488	4.991342	19.138704	2.391319	4.944357	-5.340860	16.521100	25.000000
18.935524	2.336488	4.991342	18.733192	2.422911	4.945569	-5.340860	17.618800	25.000000
18.935524	2.336488	4.991342	18.685687	2.434017	4.913821	-5.340860	18.215900	25.000000
18.935524	2.336488	4.991342	19.062815	2.395599	4.904479	-5.340860	19.313600	25.000000
18.935524	2.336488	4.991342	22.294842	1.885452	5.161270	-5.340860	19.910700	25.000000
18.935524	2.336488	4.991342	14.726167	2.105165	5.447550	-5.340860	21.008400	25.000000
18.935524	2.336488	4.991342	19.342753	1.706143	5.479339	-5.340860	21.605600	25.000000
18.935524	2.336488	4.991342	18.556088	1.690721	5.273290	-5.340860	22.703300	25.000000
18.935524	2.336488	4.991342	20.087051	1.402734	5.706387	-5.340860	23.300400	25.000000
18.935524	2.336488	4.991342	17.708249	1.463863	5.501803	-5.340860	24.398100	25.000000
18.935524	2.336488	4.991342	17.297020	1.782231	5.790445	-5.340860	24.995300	25.000000
18.935524	2.336488	4.991342	20.420776	1.550717	5.714202	-5.340860	26.093000	25.000000
18.935524	2.336488	4.991342	17.503714	1.902490	5.743802	-5.340860	26.690100	25.000000
18.935524	2.336488	4.991342	20.278314	1.954961	5.645003	-5.340860	27.787800	25.000000
18.935524	2.336488	4.991342	20.341583	2.251388	5.122264	-5.340860	28.384900	25.000000
18.935524	2.336488	4.991342	17.432728	2.291188	5.654950	-5.340860	29.482600	25.000000
18.935524	2.336488	4.991342	18.883562	2.294216	4.902164	-5.340860	30.079800	25.000000
18.935524	2.336488	4.991342	19.016424	2.295061	4.897392	-5.340860	31.177500	25.000000
18.935524	2.336488	4.991342	18.720577	2.316376	4.939733	-5.340860	31.774600	25.000000
18.935524	2.336488	4.991342	19.037332	2.308193	4.948762	-5.340860	32.872300	25.000000
18.935524	2.336488	4.991342	18.804521	2.326781	4.978641	-5.340860	33.469500	25.000000
18.935524	2.336488	4.991342	19.082191	2.327466	4.974848	-5.340860	34.567200	25.000000
18.935524	2.336488	4.991342	18.962595	2.348129	4.989672	-4.493440	13.131400	25.000000
18.935524	2.336488	4.991342	18.945448	2.356459	4.984535	-4.493440	14.826200	25.000000
18.935524	2.336488	4.991342	18.926701	2.357451	4.977329	-4.493440	15.923900	25.000000
18.935524	2.336488	4.991342	18.848873	2.376804	4.975953	-4.493440	16.521100	25.000000
18.935524	2.336488	4.991342	19.075901	2.379548	4.950001	-4.493440	17.618800	25.000000
18.935524	2.336488	4.991342	19.045472	2.412207	4.886605	-4.493440	18.215900	25.000000
18.935524	2.336488	4.991342	18.766569	2.412843	4.930971	-4.493440	19.313600	25.000000
18.935524	2.336488	4.991342	19.422381	2.368378	4.910507	-4.493440	19.910700	25.000000
18.935524	2.336488	4.991342	18.359455	2.429664	4.934313	-4.493440	21.008400	25.000000
18.935524	2.336488	4.991342	18.659314	2.319412	5.071160	-4.493440	21.605600	25.000000
18.935524	2.336488	4.991342	19.202344	2.232559	5.048752	-4.493440	22.703300	25.000000
18.935524	2.336488	4.991342	20.191582	1.930110	5.449136	-4.493440	23.300400	25.000000
18.935524	2.336488	4.991342	17.608521	2.113900	5.256221	-4.493440	24.398100	25.000000
18.935524	2.336488	4.991342	20.666882	2.086955	5.458437	-4.493440	24.995300	25.000000
18.935524	2.336488	4.991342	17.044354	2.219690	5.644102	-4.493440	26.093000	25.000000
18.935524	2.336488	4.991342	19.770180	2.295100	5.151872	-4.493440	26.690100	25.000000
18.935524	2.336488	4.991342	17.944637	2.372983	4.922362	-4.493440	27.787800	25.000000
18.935524	2.336488	4.991342	18.857648	2.309685	4.854185	-4.493440	28.384900	25.000000
18.935524	2.336488	4.991342	19.020631	2.301906	4.862676	-4.493440	29.482600	25.000000
18.935524	2.336488	4.991342	18.747416	2.322331	4.921239	-4.493440	30.079800	25.000000
18.935524	2.336488	4.991342	19.118528	2.304342	4.918761	-4.493440	31.177500	25.000000
18.935524	2.336488	4.991342	18.979463	2.318125	4.959110	-4.493440	31.774600	25.000000
18.935524	2.336488	4.991342	18.767259	2.328654	4.964485	-4.493440	32.872300	25.000000
18.935524	2.336488	4.991342	19.012101	2.330953	4.976731	-4.493440	33.469500	25.000000
18.935524	2.336488	4.991342	18.873262	2.330636	4.978641	-4.493440	34.567200	25.000000
18.935524	2.336488	4.991342	19.012101	2.345570	4.980578	-3.646020	13.131400	25.000000
18.935524	2.336488	4.991342	18.943337	2.349130	4.982542	-3.646020	14.826200	25.000000
18.935524	2.336488	4.991342	18.924587	2.350107	4.975384	-3.646020	15.923900	25.000000
18.935524	2.336488	4.991342	19.029976	2.359453	4.960984	-3.646020	16.521100	25.000000
18.935524	2.336488	4.991342	18.926701	2.357451	4.977329	-3.646020	17.618800	25.000000
18.935524	2.336488	4.991342	18.894150	2.381965	4.931641	-3.646020	18.215900	25.000000
18.935524	2.336488	4.991342	18.941637	2.371714	4.954424	-3.646020	19.313600	25.000000
18.935524	2.336488	4.991342	18.862791	2.391461	4.913597	-3.646020	19.910700	25.000000
18.935524	2.336488	4.991342	19.012101	2.390749	4.875003	-3.646020	21.008400	25.000000
18.935524	2.336488	4.991342	18.918058	2.403917	4.851952	-3.646020	21.605600	25.000000
18.935524	2.336488	4.991342	18.954422	2.394015	4.828274	-3.646020	22.703300	25.000000
18.935524	2.336488	4.991342	18.761900	2.373941	4.853309	-3.646020	23.300400	25.000000
18.935524	2.336488	4.991342	19.085083	2.371488	4.827036	-3.646020	24.398100	25.000000
18.935524	2.336488	4.991342	18.830550	2.355053	4.852376	-3.646020	24.995300	25.000000
18.935524	2.336488	4.991342	18.956265	2.348458	4.838581	-3.646020	26.093000	25.000000
18.935524	2.336488	4.991342	18.891734	2.344401	4.842985	-3.646020	26.690100	25.000000
18.935524	2.336488	4.991342	19.010494	2.323799	4.869478	-3.646020	27.787800	25.000000
18.935524	2.336488	4.991342	19.067103	2.321020	4.901348	-3.646020	28.384900	25.000000
18.935524	2.336488	4.991342	18.752389	2.329405	4.926356	-3.646020	29.482600	25.000000
18.935524	2.336488	4.991342	18.801064	2.334291	4.950225	-3.646020	30.079800	25.000000
18.935524	2.336488	4.991342	19.047572	2.321976	4.959110	-3.646020	31.177500	25.000000
18.935524	2.336488	4.991342	18.943337	2.327127	4.976731	-3.646020	31.774600	25.000000
18.935524	2.336488	4.991342	18.943337	2.349130	4.982542	-2.798600	15.923900	25.000000
18.935524	2.336488	4.991342	18.943337	2.349130	4.982542	-2.798600	16.521100	25.000000
18.935524	2.336488	4.991342	18.924587	2.350107	4.975384	-2.798600	17.618800	25.000000
18.935524	2.336488	4.991342	18.906348	2.351061	4.968198	-2.798600	18.215900	25.000000
18.935524	2.336488	4.991342	18.873526	2.360279	4.955543	-2.798600	19.313600	25.000000
18.935524	2.336488	4.991342	18.936275	2.364446	4.951888	-2.798600	19.910700	25.000000
18.935524	2.336488	4.991342	18.970862	2.362594	4.934801	-2.798600	21.008400	25.000000
18.935524	2.336488	4.991342	19.085149	2.363988	4.920770	-2.798600	21.605600	25.000000
18.935524	2.336488	4.991342	18.865209	2.368283	4.917970	-2.798600	22.703300	25.000000
18.935524	2.336488	4.991342	18.980295	2.354624	4.902490	-2.798600	23.300400	25.000000
18.935524	2.336488	4.991342	18.843102	2.361908	4.906084	-2.798600	24.398100	25.000000
18.935524	2.336488	4.991342	18.913881	2.350667	4.904680	-2.798600	24.995300	25.000000
18.935524	2.336488	4.991342	19.004694	2.345952	4.914119	-2.798600	26.093000	25.000000
18.935524	2.336488	4.991342	18.920529	2.335564	4.939956	-2.798600	26.690100	25.000000
18.935524	2.336488	4.991342	18.955013	2.333820	4.921953	-2.798600	27.787800	25.000000
18.935524	2.336488	4.991342	18.975247	2.332801	4.962668	-2.798600	28.384900	25.000000
18.935524	2.336488	4.991342	18.887562	2.337241	4.957368	-2.798600	29.482600	25.000000
18.935524	2.336488	4.991342	18.923530	2.335412	4.971576	-2.798600	30.079800	25.000000
18.935524	2.336488	4.991342	19.012101	2.330953	4.976731	-2.798600	31.177500	25.000000
18.935524	2.336488	4.991342	18.873262	2.330636	4.978641	-2.798600	32.872300	25.000000
18.935524	2.336488	4.991342	18.873262	2.345357	4.982542	-1.951180	16.521100	25.000000
18.935524	2.336488	4.991342	18.873262	2.345357	4.982542	-1.951180	17.618800	25.000000
18.935524	2.336488	4.991342	18.924587	2.350107	4.975384	-1.951180	18.215900	25.000000
18.935524	2.336488	4.991342	18.873262	2.345357	4.982542	-1.951180	19.313600	25.000000
18.935524	2.336488	4.991342	18.906348	2.351061	4.968198	-1.951180	19.910700	25.000000
18.935524	2.336488	4.991342	18.906348	2.351061	4.968198	-1.951180	21.008400	25.000000
18.935524	2.336488	4.991342	18.957584	2.348389	4.959163	-1.951180	21.605600	25.000000
18.935524	2.336488	4.991342	18.871407	2.352895	4.953744	-1.951180	22.703300	25.000000
18.935524	2.336488	4.991342	18.939905	2.341920	4.950225	-1.951180	23.300400	25.000000
18.935524	2.336488	4.991342	18.887562	2.344616	4.959163	-1.951180	24.398100	25.000000
18.935524	2.336488	4.991342	19.026823	2.337490	4.955598	-1.951180	24.995300	25.000000
18.935524	2.336488	4.991342	18.957057	2.341041	4.957368	-1.951180	26.093000	25.000000
18.935524	2.336488	4.991342	18.905290	2.336338	4.964485	-1.951180	26.690100	25.000000
18.935524	2.336488	4.991342	18.975247	2.332801	4.962668	-1.951180	27.787800	25.000000
18.935524	2.336488	4.991342	18.923530	2.335412	4.971576	-1.951180	28.384900	25.000000
18.935524	2.336488	4.991342	18.923530	2.335412	4.971576	-1.951180	29.482600	25.000000
18.935532	2.336488	4.991345	18.923530	2.342761	4.973466	-1.103760	19.910700	25.000000
18.935532	2.336488	4.991345	18.873262	2.345357	4.982542	-1.103760	21.008400	25.000000
18.935532	2.336488	4.991345	18.923530	2.342761	4.973466	-1.103760	22.703300	25.000000
18.935532	2.336488	4.991345	18.923530	2.342761	4.973466	-1.103760	23.300400	25.000000
18.935532	2.336488	4.991345	18.923530	2.342761	4.973466	-1.103760	24.398100	25.000000
18.935532	2.336488	4.991345	18.923530	2.342761	4.973466	-1.103760	24.995300	25.000000
18.935532	2.336488	4.991345	18.992893	2.339212	4.971576	-1.103760	26.690100	25.000000
