11.473660	1.958427	1.770158	11.466477	1.964626	1.759857	1.555240	-58.661900	25.000000
11.473660	1.958427	1.770158	11.517830	1.953397	1.757179	1.555240	-58.190500	25.000000
11.473660	1.958427	1.770158	11.463023	1.964751	1.758001	1.555240	-57.092800	25.000000
11.474567	1.958395	1.770140	11.423292	1.956730	1.757073	1.555240	-56.621500	25.000000
11.474567	1.958395	1.770140	11.461309	1.964813	1.757073	1.555240	-55.523800	25.000000
11.473660	1.958427	1.770158	11.459603	1.964875	1.756144	1.555240	-55.052400	25.000000
11.473660	1.958427	1.770158	11.461309	1.964813	1.757073	1.555240	-53.954700	25.000000
11.473660	1.958427	1.770158	11.461309	1.964813	1.757073	1.555240	-53.483300	25.000000
11.473660	1.958427	1.770158	11.461309	1.964813	1.757073	1.555240	-52.385600	25.000000
11.474567	1.958395	1.770140	11.463023	1.964751	1.758001	1.555240	-51.914300	25.000000
11.474567	1.958395	1.770140	11.459603	1.964875	1.756144	1.555240	-50.816600	25.000000
11.474567	1.958395	1.770140	11.524773	1.953154	1.760855	2.339770	-64.938200	25.000000
11.473660	1.958427	1.770158	11.468217	1.964562	1.760785	2.339770	-64.466800	25.000000
11.473660	1.958427	1.770158	11.421580	1.956790	1.756144	2.339770	-62.897700	25.000000
11.473660	1.958427	1.770158	11.425012	1.956668	1.758001	2.339770	-61.800000	25.000000
11.474567	1.958395	1.770140	11.416497	1.956971	1.753356	2.339770	-61.328700	25.000000
11.474567	1.958395	1.770140	11.512710	1.953576	1.754419	2.339770	-60.231000	25.000000
11.473660	1.958427	1.770158	11.411490	1.957150	1.750565	2.339770	-59.759600	25.000000
11.473660	1.958427	1.770158	11.543747	1.961846	1.750734	2.339770	-58.661900	25.000000
11.473660	1.958427	1.770158	11.535580	1.962138	1.746120	2.339770	-58.190500	25.000000
11.473660	1.958427	1.770158	11.447899	1.965300	1.749634	2.339770	-57.092800	25.000000
11.474567	1.958395	1.770140	11.441399	1.965537	1.745907	2.339770	-56.621500	25.000000
11.474567	1.958395	1.770140	11.441399	1.965537	1.745907	2.339770	-55.523800	25.000000
11.473660	1.958427	1.770158	11.441399	1.965537	1.745907	2.339770	-55.052400	25.000000
11.473660	1.958427	1.770158	11.441399	1.965537	1.745907	2.339770	-53.954700	25.000000
11.473660	1.958427	1.770158	11.441399	1.965537	1.745907	2.339770	-53.483300	25.000000
11.473660	1.958427	1.770158	11.572489	1.970183	1.745197	2.339770	-52.385600	25.000000
11.474567	1.958395	1.770140	11.483449	1.973458	1.747771	2.339770	-51.914300	25.000000
11.474567	1.958395	1.770140	11.485073	1.973398	1.748703	2.339770	-50.816600	25.000000
11.474567	1.958395	1.770140	11.423292	1.956730	1.757073	3.124300	-66.035900	25.000000
11.474567	1.958395	1.770140	11.514408	1.953516	1.755339	3.124300	-64.938200	25.000000
11.473660	1.958427	1.770158	11.506003	1.953811	1.750734	3.124300	-64.466800	25.000000
11.473660	1.958427	1.770158	11.507667	1.953752	1.751655	3.124300	-63.369100	25.000000
11.473660	1.958427	1.770158	11.446261	1.965360	1.748703	3.124300	-62.897700	25.000000
11.473660	1.958427	1.770158	11.532372	1.962252	1.744273	3.124300	-61.800000	25.000000
11.474567	1.958395	1.770140	11.521411	1.962645	1.737798	3.124300	-61.328700	25.000000
11.474567	1.958395	1.770140	11.431903	1.965883	1.740308	3.124300	-60.231000	25.000000
11.473660	1.958427	1.770158	11.416760	1.966436	1.730951	3.124300	-59.759600	25.000000
11.473660	1.958427	1.770158	11.422714	1.966218	1.734697	3.124300	-58.661900	25.000000
11.473660	1.958427	1.770158	11.542205	1.971291	1.726665	3.124300	-58.190500	25.000000
11.473660	1.958427	1.770158	11.447026	1.974813	1.725324	3.124300	-57.092800	25.000000
11.474567	1.958395	1.770140	11.482513	1.982978	1.722506	3.124300	-56.621500	25.000000
11.474567	1.958395	1.770140	11.536555	1.971498	1.722945	3.124300	-55.523800	25.000000
11.473660	1.958427	1.770158	11.482513	1.982978	1.722506	3.124300	-55.052400	25.000000
11.473660	1.958427	1.770158	11.444213	1.974919	1.723446	3.124300	-53.954700	25.000000
11.473660	1.958427	1.770158	11.489543	1.982710	1.727201	3.124300	-53.483300	25.000000
11.473660	1.958427	1.770158	11.488120	1.982765	1.726262	3.124300	-52.385600	25.000000
11.474567	1.958395	1.770140	11.495321	1.982491	1.730951	3.124300	-51.914300	25.000000
11.474567	1.958395	1.770140	11.501235	1.982266	1.734697	3.124300	-50.816600	25.000000
11.474567	1.958395	1.770140	11.524773	1.953154	1.760855	3.908830	-70.743100	25.000000
11.474567	1.958395	1.770140	11.524773	1.953154	1.760855	3.908830	-69.645400	25.000000
11.473660	1.958427	1.770158	11.519553	1.953337	1.758099	3.908830	-69.174000	25.000000
11.473660	1.958427	1.770158	11.516115	1.953457	1.756259	3.908830	-68.076300	25.000000
11.473660	1.958427	1.770158	11.414819	1.957031	1.752426	3.908830	-67.604900	25.000000
11.473660	1.958427	1.770158	11.419877	1.956851	1.755215	3.908830	-66.507200	25.000000
11.474567	1.958395	1.770140	11.404933	1.957384	1.746840	3.908830	-66.035900	25.000000
11.474567	1.958395	1.770140	11.494590	1.954211	1.744273	3.908830	-64.938200	25.000000
11.473660	1.958427	1.770158	11.480527	1.954705	1.735945	3.908830	-64.466800	25.000000
11.473660	1.958427	1.770158	11.384569	1.958112	1.734697	3.908830	-63.369100	25.000000
11.473660	1.958427	1.770158	11.403863	1.966908	1.722506	3.908830	-62.897700	25.000000
11.473660	1.958427	1.770158	11.457229	1.955526	1.721083	3.908830	-61.800000	25.000000
11.474567	1.958395	1.770140	11.479151	1.964167	1.709892	3.908830	-61.328700	25.000000
11.474567	1.958395	1.770140	11.464401	1.964701	1.698666	3.908830	-60.231000	25.000000
11.473660	1.958427	1.770158	11.580086	1.969906	1.685386	3.908830	-59.759600	25.000000
11.473660	1.958427	1.770158	11.400548	1.976557	1.690415	3.908830	-58.661900	25.000000
11.473660	1.958427	1.770158	11.517035	1.981668	1.676119	3.908830	-58.190500	25.000000
11.473660	1.958427	1.770158	11.422123	1.985291	1.673320	3.908830	-57.092800	25.000000
11.474567	1.958395	1.770140	11.458202	1.993455	1.668561	3.908830	-56.621500	25.000000
11.474567	1.958395	1.770140	11.500474	2.001350	1.669513	3.908830	-55.523800	25.000000
11.473660	1.958427	1.770158	11.410123	2.004990	1.670465	3.908830	-55.052400	25.000000
11.473660	1.958427	1.770158	11.459058	2.012643	1.677189	3.908830	-53.954700	25.000000
11.473660	1.958427	1.770158	11.380426	2.015914	1.688872	3.908830	-53.483300	25.000000
11.473660	1.958427	1.770158	11.467014	2.012315	1.684862	3.908830	-52.385600	25.000000
11.474567	1.958395	1.770140	11.488120	2.011446	1.703030	3.908830	-51.914300	25.000000
11.474567	1.958395	1.770140	11.579050	2.007746	1.702718	3.908830	-50.816600	25.000000
11.474567	1.958395	1.770140	11.511021	1.953635	1.753498	4.693370	-70.743100	25.000000
11.474567	1.958395	1.770140	11.426741	1.956607	1.758929	4.693370	-69.645400	25.000000
11.473660	1.958427	1.770158	11.502700	1.953926	1.748889	4.693370	-69.174000	25.000000
11.473660	1.958427	1.770158	11.502700	1.953926	1.748889	4.693370	-68.076300	25.000000
11.473660	1.958427	1.770158	11.395354	1.957726	1.741242	4.693370	-67.604900	25.000000
11.473660	1.958427	1.770158	11.482056	1.954651	1.736872	4.693370	-66.507200	25.000000
11.474567	1.958395	1.770140	11.430031	1.947065	1.727594	4.693370	-66.035900	25.000000
11.474567	1.958395	1.770140	11.539515	1.952641	1.713222	4.693370	-64.938200	25.000000
11.473660	1.958427	1.770158	11.601418	1.950499	1.688935	4.693370	-64.466800	25.000000
11.473660	1.958427	1.770158	11.297013	1.951722	1.699882	4.693370	-63.369100	25.000000
11.473660	1.958427	1.770158	11.503408	1.963292	1.644249	4.693370	-62.897700	25.000000
11.473660	1.958427	1.770158	11.452790	1.946280	1.672333	4.693370	-61.800000	25.000000
11.474567	1.958395	1.770140	11.611133	1.968779	1.596959	4.693370	-61.328700	25.000000
11.474567	1.958395	1.770140	11.363292	1.958876	1.629775	4.693370	-60.231000	25.000000
11.473660	1.958427	1.770158	11.372657	1.987205	1.583449	4.693370	-59.759600	25.000000
11.473660	1.958427	1.770158	11.546648	1.999514	1.552960	4.693370	-58.661900	25.000000
11.473660	1.958427	1.770158	11.589741	2.026444	1.533314	4.693370	-58.190500	25.000000
11.473660	1.958427	1.770158	11.409575	2.014695	1.543619	4.693370	-57.092800	25.000000
11.474567	1.958395	1.770140	11.457700	2.061559	1.538135	4.693370	-56.621500	25.000000
11.474567	1.958395	1.770140	11.590513	2.045720	1.531981	4.693370	-55.523800	25.000000
11.473660	1.958427	1.770158	11.374418	2.085564	1.562110	4.693370	-55.052400	25.000000
11.473660	1.958427	1.770158	11.589754	2.065257	1.553151	4.693370	-53.954700	25.000000
11.473660	1.958427	1.770158	11.549442	2.077013	1.584657	4.693370	-53.483300	25.000000
11.473660	1.958427	1.770158	11.382601	2.085158	1.615212	4.693370	-52.385600	25.000000
11.474567	1.958395	1.770140	11.346193	2.076867	1.640381	4.693370	-51.914300	25.000000
11.474567	1.958395	1.770140	11.620968	2.063810	1.655885	4.693370	-50.816600	25.000000
11.474567	1.958395	1.770140	11.499430	1.954041	1.747044	5.477900	-70.743100	25.000000
11.474567	1.958395	1.770140	11.589202	1.950920	1.744500	5.477900	-69.645400	25.000000
11.473660	1.958427	1.770158	11.536793	1.943412	1.735333	5.477900	-69.174000	25.000000
11.473660	1.958427	1.770158	11.428583	1.947115	1.726665	5.477900	-68.076300	25.000000
11.473660	1.958427	1.770158	11.507980	1.944391	1.716917	5.477900	-67.604900	25.000000
11.473660	1.958427	1.770158	11.442854	1.937245	1.695616	5.477900	-66.507200	25.000000
11.474567	1.958395	1.770140	11.520247	1.934668	1.681556	5.477900	-66.035900	25.000000
11.474567	1.958395	1.770140	11.484463	1.935855	1.642635	5.477900	-64.938200	25.000000
11.473660	1.958427	1.770158	11.242526	1.934558	1.606971	5.477900	-64.466800	25.000000
11.473660	1.958427	1.770158	11.704940	1.919560	1.577614	5.477900	-63.369100	25.000000
11.473660	1.958427	1.770158	11.849764	1.924099	1.514100	5.477900	-62.897700	25.000000
11.473660	1.958427	1.770158	11.205485	1.945388	1.496893	5.477900	-61.800000	25.000000
11.474567	1.958395	1.770140	11.655149	1.967191	1.472979	5.477900	-61.328700	25.000000
11.474567	1.958395	1.770140	11.301841	1.961100	1.471128	5.477900	-60.231000	25.000000
11.473660	1.958427	1.770158	11.701628	1.984118	1.515712	5.477900	-59.759600	25.000000
11.473660	1.958427	1.770158	11.230979	2.002573	1.563934	5.477900	-58.661900	25.000000
11.473660	1.958427	1.770158	11.201451	2.013646	1.635064	5.477900	-58.190500	25.000000
11.473660	1.958427	1.770158	11.871580	1.987039	1.674131	5.477900	-57.092800	25.000000
11.474567	1.958395	1.770140	11.404929	1.985954	1.732479	5.477900	-56.621500	25.000000
11.474567	1.958395	1.770140	11.483902	1.982925	1.723446	5.477900	-55.523800	25.000000
11.473660	1.958427	1.770158	11.926965	2.021931	1.650069	5.477900	-55.052400	25.000000
11.473660	1.958427	1.770158	10.990728	2.022759	1.703682	5.477900	-53.954700	25.000000
11.473660	1.958427	1.770158	11.122350	2.151300	1.562012	5.477900	-53.483300	25.000000
11.473660	1.958427	1.770158	11.783789	2.095190	1.579394	5.477900	-52.385600	25.000000
11.474567	1.958395	1.770140	11.430412	2.175670	1.548406	5.477900	-51.914300	25.000000
11.474567	1.958395	1.770140	11.539898	2.158676	1.593907	5.477900	-50.816600	25.000000
11.474567	1.958395	1.770140	11.591484	1.932329	1.732912	6.262430	-70.743100	25.000000
11.474567	1.958395	1.770140	11.387906	1.939098	1.723875	6.262430	-69.645400	25.000000
11.473660	1.958427	1.770158	11.688991	1.920056	1.694022	6.262430	-69.174000	25.000000
11.473660	1.958427	1.770158	11.314544	1.932136	1.696792	6.262430	-68.076300	25.000000
11.473660	1.958427	1.770158	11.711144	1.910297	1.658751	6.262430	-67.604900	25.000000
11.473660	1.958427	1.770158	11.329448	1.903482	1.610029	6.262430	-66.507200	25.000000
11.474567	1.958395	1.770140	11.353083	1.884187	1.575426	6.262430	-66.035900	25.000000
11.474567	1.958395	1.770140	11.539861	1.869866	1.500006	6.262430	-64.938200	25.000000
11.473660	1.958427	1.770158	10.925519	1.906574	1.516190	6.262430	-64.466800	25.000000
11.473660	1.958427	1.770158	11.922698	1.895175	1.583539	6.262430	-63.369100	25.000000
11.473660	1.958427	1.770158	12.594046	1.877303	1.831935	6.262430	-62.897700	25.000000
11.473660	1.958427	1.770158	10.306309	1.979930	1.882514	6.262430	-61.800000	25.000000
11.474567	1.958395	1.770140	11.860017	1.731692	2.180123	6.262430	-61.328700	25.000000
11.474567	1.958395	1.770140	11.108105	1.872430	2.072400	6.262430	-60.231000	25.000000
11.473660	1.958427	1.770158	10.961866	1.648416	2.174026	6.262430	-59.759600	25.000000
11.473660	1.958427	1.770158	11.951858	1.665484	2.158799	6.262430	-58.661900	25.000000
11.473660	1.958427	1.770158	11.779563	1.620904	2.057254	6.262430	-58.190500	25.000000
11.473660	1.958427	1.770158	11.230387	1.656383	1.994465	6.262430	-57.092800	25.000000
11.474567	1.958395	1.770140	11.363666	1.682790	1.971037	6.262430	-56.621500	25.000000
11.474567	1.958395	1.770140	11.545891	1.680144	1.964247	6.262430	-55.523800	25.000000
11.473660	1.958427	1.770158	11.560260	1.669571	1.991668	6.262430	-55.052400	25.000000
11.473660	1.958427	1.770158	11.439598	1.668859	1.967614	6.262430	-53.954700	25.000000
11.473660	1.958427	1.770158	11.163696	1.881212	1.779262	6.262430	-53.483300	25.000000
11.473660	1.958427	1.770158	11.769469	1.700306	1.911515	6.262430	-52.385600	25.000000
11.474567	1.958395	1.770140	10.127191	2.156717	1.665748	6.262430	-51.914300	25.000000
11.474567	1.958395	1.770140	12.721403	2.044207	1.633546	6.262430	-50.816600	25.000000
11.474567	1.958395	1.770140	11.239591	1.915684	1.692103	7.046970	-70.743100	25.000000
11.474567	1.958395	1.770140	11.627983	1.903710	1.698537	7.046970	-69.645400	25.000000
11.473660	1.958427	1.770158	11.486444	1.862198	1.590794	7.046970	-69.174000	25.000000
11.473660	1.958427	1.770158	11.423769	1.891393	1.658533	7.046970	-68.076300	25.000000
11.473660	1.958427	1.770158	11.403337	1.837011	1.553525	7.046970	-67.604900	25.000000
11.473660	1.958427	1.770158	11.513905	1.834393	1.516795	7.046970	-66.507200	25.000000
11.474567	1.958395	1.770140	9.728823	1.994511	1.695151	7.046970	-66.035900	25.000000
11.474567	1.958395	1.770140	12.990597	1.949265	1.851144	7.046970	-64.938200	25.000000
11.473660	1.958427	1.770158	8.249848	2.176946	2.220197	7.046970	-64.466800	25.000000
11.473660	1.958427	1.770158	13.961733	1.906541	2.479884	7.046970	-63.369100	25.000000
11.473660	1.958427	1.770158	7.138774	2.021556	2.775536	7.046970	-62.897700	25.000000
11.473660	1.958427	1.770158	14.549928	1.569422	2.798106	7.046970	-61.800000	25.000000
11.474567	1.958395	1.770140	8.292068	1.425570	3.107460	7.046970	-61.328700	25.000000
11.474567	1.958395	1.770140	13.910083	1.271602	2.794621	7.046970	-60.231000	25.000000
11.473660	1.958427	1.770158	12.567816	1.045718	2.714965	7.046970	-59.759600	25.000000
11.473660	1.958427	1.770158	10.361950	1.067250	2.816358	7.046970	-58.661900	25.000000
11.473660	1.958427	1.770158	11.050792	1.039384	2.460294	7.046970	-58.190500	25.000000
11.473660	1.958427	1.770158	11.881498	1.041430	2.376881	7.046970	-57.092800	25.000000
11.474567	1.958395	1.770140	10.568822	1.253247	2.150512	7.046970	-56.621500	25.000000
11.474567	1.958395	1.770140	12.274364	1.204167	2.132171	7.046970	-55.523800	25.000000
11.473660	1.958427	1.770158	11.657963	1.362569	2.014839	7.046970	-55.052400	25.000000
11.473660	1.958427	1.770158	11.275908	1.420352	1.986288	7.046970	-53.954700	25.000000
11.473660	1.958427	1.770158	11.059571	1.461169	1.952992	7.046970	-53.483300	25.000000
11.473660	1.958427	1.770158	11.929476	1.543969	1.868679	7.046970	-52.385600	25.000000
11.474567	1.958395	1.770140	13.348948	1.882983	1.698666	7.046970	-51.914300	25.000000
11.474567	1.958395	1.770140	9.304434	1.776447	1.831752	7.046970	-50.816600	25.000000
11.474567	1.958395	1.770140	11.728171	1.838296	1.615015	7.831500	-70.743100	25.000000
11.474567	1.958395	1.770140	11.169888	1.880094	1.657372	7.831500	-69.645400	25.000000
11.473660	1.958427	1.770158	11.306345	1.802832	1.546165	7.831500	-69.174000	25.000000
11.473660	1.958427	1.770158	11.695216	1.794983	1.549659	7.831500	-68.076300	25.000000
11.473660	1.958427	1.770158	12.695669	2.126733	2.001261	7.831500	-67.604900	25.000000
11.473660	1.958427	1.770158	9.985990	1.961169	1.657535	7.831500	-66.507200	25.000000
11.474567	1.958395	1.770140	10.325212	2.264270	3.242514	7.831500	-66.035900	25.000000
11.474567	1.958395	1.770140	12.314625	2.079706	2.096863	7.831500	-64.938200	25.000000
11.473660	1.958427	1.770158	7.869887	2.074706	2.172321	7.831500	-64.466800	25.000000
11.473660	1.958427	1.770158	13.565569	1.741166	3.614807	7.831500	-63.369100	25.000000
11.473660	1.958427	1.770158	4.806267	2.414246	2.420408	7.831500	-62.897700	25.000000
11.473660	1.958427	1.770158	14.613104	1.138670	3.545891	7.831500	-61.800000	25.000000
11.474567	1.958395	1.770140	9.829166	1.217589	4.046115	7.831500	-61.328700	25.000000
11.474567	1.958395	1.770140	12.610170	0.883553	2.837361	7.831500	-60.231000	25.000000
11.473660	1.958427	1.770158	13.223241	0.640798	3.178285	7.831500	-59.759600	25.000000
11.473660	1.958427	1.770158	9.418068	0.779310	3.217206	7.831500	-58.661900	25.000000
11.473660	1.958427	1.770158	11.628413	0.658084	2.659079	7.831500	-58.190500	25.000000
11.473660	1.958427	1.770158	11.350330	0.697427	2.671810	7.831500	-57.092800	25.000000
11.474567	1.958395	1.770140	10.791663	0.900970	2.145685	7.831500	-56.621500	25.000000
11.474567	1.958395	1.770140	12.159770	0.819511	2.252567	7.831500	-55.523800	25.000000
11.473660	1.958427	1.770158	10.861400	1.183719	1.873681	7.831500	-55.052400	25.000000
11.473660	1.958427	1.770158	12.071040	1.060113	1.970701	7.831500	-53.954700	25.000000
11.473660	1.958427	1.770158	10.909170	1.273087	1.822752	7.831500	-53.483300	25.000000
11.473660	1.958427	1.770158	11.984156	1.291828	1.807354	7.831500	-52.385600	25.000000
11.474567	1.958395	1.770140	12.344247	1.737146	1.739996	7.831500	-51.914300	25.000000
11.474567	1.958395	1.770140	10.582381	1.421696	1.796306	7.831500	-50.816600	25.000000
11.474586	1.958394	1.770149	11.646490	1.725102	1.533249	8.616040	-70.743100	25.000000
11.474586	1.958394	1.770149	11.272407	1.788981	1.601423	8.616040	-69.645400	25.000000
11.473678	1.958427	1.770167	9.787364	1.882329	1.629867	8.616040	-69.174000	25.000000
11.473678	1.958427	1.770167	12.960945	2.060818	1.774194	8.616040	-68.076300	25.000000
11.473678	1.958427	1.770167	14.801689	2.493450	2.587738	8.616040	-67.604900	25.000000
11.473678	1.958427	1.770167	6.457554	2.238812	1.830128	8.616040	-66.507200	25.000000
11.474586	1.958394	1.770149	5.199317	2.335604	4.605559	8.616040	-66.035900	25.000000
11.474586	1.958394	1.770149	14.921893	2.243682	3.032544	8.616040	-64.938200	25.000000
11.473678	1.958427	1.770167	10.001620	1.689053	2.704965	8.616040	-64.466800	25.000000
11.473678	1.958427	1.770167	11.663087	1.809707	4.304021	8.616040	-63.369100	25.000000
11.473678	1.958427	1.770167	10.285431	1.521191	4.170300	8.616040	-62.897700	25.000000
11.473678	1.958427	1.770167	12.020549	1.236852	2.928654	8.616040	-61.800000	25.000000
11.474586	1.958394	1.770149	13.432353	0.914147	3.227232	8.616040	-61.328700	25.000000
11.474586	1.958394	1.770149	8.986790	1.097048	3.619781	8.616040	-60.231000	25.000000
11.473678	1.958427	1.770167	12.790031	0.721850	3.031327	8.616040	-59.759600	25.000000
11.473678	1.958427	1.770167	10.050851	0.827716	3.122676	8.616040	-58.661900	25.000000
11.473678	1.958427	1.770167	10.756858	0.689443	2.671409	8.616040	-58.190500	25.000000
11.473678	1.958427	1.770167	12.075181	0.651757	2.580099	8.616040	-57.092800	25.000000
11.474586	1.958394	1.770149	10.303883	0.783467	2.120650	8.616040	-56.621500	25.000000
11.474586	1.958394	1.770149	12.549502	0.793685	2.059439	8.616040	-55.523800	25.000000
11.473678	1.958427	1.770167	12.149749	1.016012	1.823290	8.616040	-55.052400	25.000000
11.473678	1.958427	1.770167	10.797685	1.140923	1.724220	8.616040	-53.954700	25.000000
11.473678	1.958427	1.770167	11.518355	1.188214	1.697473	8.616040	-53.483300	25.000000
11.473678	1.958427	1.770167	11.421738	1.184808	1.694917	8.616040	-52.385600	25.000000
11.474586	1.958394	1.770149	12.777750	1.464946	1.751213	8.616040	-51.914300	25.000000
11.474586	1.958394	1.770149	10.005698	1.278830	1.766145	8.616040	-50.816600	25.000000
11.474567	1.958395	1.770140	11.701987	1.702781	1.564762	9.400570	-70.743100	25.000000
11.474567	1.958395	1.770140	11.251942	1.876832	1.644494	9.400570	-69.645400	25.000000
11.473660	1.958427	1.770158	14.234465	2.320531	1.944173	9.400570	-69.174000	25.000000
11.473660	1.958427	1.770158	7.729166	2.257462	1.876675	9.400570	-68.076300	25.000000
11.473660	1.958427	1.770158	12.605554	2.258340	2.121779	9.400570	-67.604900	25.000000
11.473660	1.958427	1.770158	10.112369	2.551099	3.485811	9.400570	-66.507200	25.000000
11.474567	1.958395	1.770140	8.687209	2.156201	3.684381	9.400570	-66.035900	25.000000
11.474567	1.958395	1.770140	13.560328	2.087582	2.708296	9.400570	-64.938200	25.000000
11.473660	1.958427	1.770158	7.448194	2.008945	2.871439	9.400570	-64.466800	25.000000
11.473660	1.958427	1.770158	14.338148	1.549174	3.358143	9.400570	-63.369100	25.000000
11.473660	1.958427	1.770158	14.541816	1.137924	3.150683	9.400570	-62.897700	25.000000
11.473660	1.958427	1.770158	7.028115	1.585025	3.229934	9.400570	-61.800000	25.000000
11.474567	1.958395	1.770140	11.396004	1.046995	2.867608	9.400570	-61.328700	25.000000
11.474567	1.958395	1.770140	11.548944	0.829308	3.367775	9.400570	-60.231000	25.000000
11.473660	1.958427	1.770158	10.557883	0.767223	2.840987	9.400570	-59.759600	25.000000
11.473660	1.958427	1.770158	12.397181	0.590192	2.845971	9.400570	-58.661900	25.000000
11.473660	1.958427	1.770158	11.164676	0.633241	2.452668	9.400570	-58.190500	25.000000
11.473660	1.958427	1.770158	11.812705	0.577041	2.301305	9.400570	-57.092800	25.000000
11.474567	1.958395	1.770140	11.048077	0.747840	2.040396	9.400570	-56.621500	25.000000
11.474567	1.958395	1.770140	11.931052	0.912400	1.838907	9.400570	-55.523800	25.000000
11.473660	1.958427	1.770158	10.488966	1.148392	1.757942	9.400570	-55.052400	25.000000
11.473660	1.958427	1.770158	12.278844	1.178001	1.730148	9.400570	-53.954700	25.000000
11.473660	1.958427	1.770158	11.196647	1.195895	1.722059	9.400570	-53.483300	25.000000
11.473660	1.958427	1.770158	11.701816	1.110319	1.757902	9.400570	-52.385600	25.000000
11.474567	1.958395	1.770140	12.448795	1.343934	1.765767	9.400570	-51.914300	25.000000
11.474567	1.958395	1.770140	10.347758	1.152849	1.804491	9.400570	-50.816600	25.000000
11.474567	1.958395	1.770140	11.553653	1.806670	1.648319	10.185100	-70.743100	25.000000
11.474567	1.958395	1.770140	11.391615	2.115220	1.795365	10.185100	-69.645400	25.000000
11.473660	1.958427	1.770158	11.281844	2.152628	1.872415	10.185100	-69.174000	25.000000
11.473660	1.958427	1.770158	11.599138	2.406002	2.392542	10.185100	-68.076300	25.000000
11.473660	1.958427	1.770158	6.204031	2.481294	3.089010	10.185100	-67.604900	25.000000
11.473660	1.958427	1.770158	14.882540	2.138317	2.429509	10.185100	-66.507200	25.000000
11.474567	1.958395	1.770140	14.989968	1.758692	3.201182	10.185100	-66.035900	25.000000
11.474567	1.958395	1.770140	4.400264	2.927710	2.599337	10.185100	-64.938200	25.000000
11.473660	1.958427	1.770158	6.376182	2.449721	4.308143	10.185100	-64.466800	25.000000
11.473660	1.958427	1.770158	13.819920	1.038819	3.182746	10.185100	-63.369100	25.000000
11.473660	1.958427	1.770158	13.999286	0.568146	3.048529	10.185100	-62.897700	25.000000
11.473660	1.958427	1.770158	7.071775	1.584938	4.210785	10.185100	-61.800000	25.000000
11.474567	1.958395	1.770140	10.629563	0.443765	2.974283	10.185100	-61.328700	25.000000
11.474567	1.958395	1.770140	12.285801	0.496902	4.174605	10.185100	-60.231000	25.000000
11.473660	1.958427	1.770158	10.872263	0.262438	2.555557	10.185100	-59.759600	25.000000
11.473660	1.958427	1.770158	11.997971	0.127881	2.759873	10.185100	-58.661900	25.000000
11.473660	1.958427	1.770158	11.609117	0.398383	1.785612	10.185100	-58.190500	25.000000
11.473660	1.958427	1.770158	11.312895	0.381400	1.800799	10.185100	-57.092800	25.000000
11.474567	1.958395	1.770140	10.744343	0.658168	1.718934	10.185100	-56.621500	25.000000
11.474567	1.958395	1.770140	12.124999	0.861175	1.716998	10.185100	-55.523800	25.000000
11.473660	1.958427	1.770158	11.686492	1.071070	1.746203	10.185100	-55.052400	25.000000
11.473660	1.958427	1.770158	11.366358	1.239233	1.825705	10.185100	-53.954700	25.000000
11.473660	1.958427	1.770158	11.786009	1.179044	1.840269	10.185100	-53.483300	25.000000
11.473660	1.958427	1.770158	11.138222	1.184155	1.855754	10.185100	-52.385600	25.000000
11.474567	1.958395	1.770140	12.179146	1.439043	1.740575	10.185100	-51.914300	25.000000
11.474567	1.958395	1.770140	10.627813	1.205151	1.827505	10.185100	-50.816600	25.000000
11.474439	1.958400	1.770075	10.683239	2.167148	1.921887	10.969600	-70.743100	25.000000
11.474439	1.958400	1.770075	12.254795	1.929310	1.745973	10.969600	-69.645400	25.000000
11.473531	1.958432	1.770094	14.495172	2.464775	2.434161	10.969600	-69.174000	25.000000
11.473531	1.958432	1.770094	7.190271	2.144087	1.908252	10.969600	-68.076300	25.000000
11.473531	1.958432	1.770094	15.309504	2.503818	3.199769	10.969600	-67.604900	25.000000
11.473531	1.958432	1.770094	4.579574	2.314365	4.348410	10.969600	-66.507200	25.000000
11.474439	1.958400	1.770075	13.449907	1.904072	4.530424	10.969600	-66.035900	25.000000
11.474439	1.958400	1.770075	8.960469	1.682631	4.143076	10.969600	-64.938200	25.000000
11.473531	1.958432	1.770094	2.763621	1.902506	2.065256	10.969600	-64.466800	25.000000
11.473531	1.958432	1.770094	14.414229	1.141473	4.742914	10.969600	-63.369100	25.000000
11.473531	1.958432	1.770094	6.938163	1.484210	4.653038	10.969600	-62.897700	25.000000
11.473531	1.958432	1.770094	13.970286	0.311024	5.822676	10.969600	-61.800000	25.000000
11.474439	1.958400	1.770075	9.665925	0.474057	5.370848	10.969600	-61.328700	25.000000
11.474439	1.958400	1.770075	13.049536	0.340577	5.936766	10.969600	-60.231000	25.000000
11.473531	1.958432	1.770094	10.544235	0.322691	0.294321	10.969600	-59.759600	25.000000
11.473531	1.958432	1.770094	12.365500	0.303595	0.229232	10.969600	-58.661900	25.000000
11.473531	1.958432	1.770094	10.814916	0.338837	1.039919	10.969600	-58.190500	25.000000
11.473531	1.958432	1.770094	12.107555	0.389650	1.054617	10.969600	-57.092800	25.000000
11.474439	1.958400	1.770075	12.342893	0.717472	1.632078	10.969600	-56.621500	25.000000
11.474439	1.958400	1.770075	10.486834	0.575082	1.534146	10.969600	-55.523800	25.000000
11.473531	1.958432	1.770094	11.026826	0.929119	1.744878	10.969600	-55.052400	25.000000
11.473531	1.958432	1.770094	11.821151	1.124719	1.793940	10.969600	-53.954700	25.000000
11.473531	1.958432	1.770094	11.787010	1.197369	1.795000	10.969600	-53.483300	25.000000
11.473531	1.958432	1.770094	11.106129	1.202355	1.795642	10.969600	-52.385600	25.000000
11.474439	1.958400	1.770075	12.858320	1.617476	1.720841	10.969600	-51.914300	25.000000
11.474439	1.958400	1.770075	9.945481	1.352898	1.779300	10.969600	-50.816600	25.000000
11.474622	1.958393	1.770167	11.582746	1.979197	1.779262	11.754200	-70.743100	25.000000
11.474622	1.958393	1.770167	11.355175	2.377684	1.948939	11.754200	-69.645400	25.000000
11.473715	1.958425	1.770186	6.774482	2.765102	3.738504	11.754200	-69.174000	25.000000
11.473715	1.958425	1.770186	14.526269	2.495684	1.807453	11.754200	-68.076300	25.000000
11.473715	1.958425	1.770186	11.695679	2.160074	4.643426	11.754200	-67.604900	25.000000
11.473715	1.958425	1.770186	10.638609	2.822028	0.891383	11.754200	-66.507200	25.000000
11.474622	1.958393	1.770167	12.400403	1.732789	5.958851	11.754200	-66.035900	25.000000
11.474622	1.958393	1.770167	9.066973	2.090136	4.237378	11.754200	-64.938200	25.000000
11.473715	1.958425	1.770186	11.323979	1.628228	4.980968	11.754200	-64.466800	25.000000
11.473715	1.958425	1.770186	9.768951	1.292895	0.487453	11.754200	-63.369100	25.000000
11.473715	1.958425	1.770186	6.554388	1.162898	6.014018	11.754200	-62.897700	25.000000
11.473715	1.958425	1.770186	14.821943	0.968268	5.797563	11.754200	-61.800000	25.000000
11.474622	1.958393	1.770167	9.286313	0.810431	5.847456	11.754200	-61.328700	25.000000
11.474622	1.958393	1.770167	13.331320	0.733834	6.203579	11.754200	-60.231000	25.000000
11.473715	1.958425	1.770186	13.458265	0.399214	6.174006	11.754200	-59.759600	25.000000
11.473715	1.958425	1.770186	9.160044	0.530723	6.157760	11.754200	-58.661900	25.000000
11.473715	1.958425	1.770186	12.028849	0.324778	0.730104	11.754200	-58.190500	25.000000
11.473715	1.958425	1.770186	11.019079	0.241238	0.702034	11.754200	-57.092800	25.000000
11.474622	1.958393	1.770167	11.848021	0.516924	1.339901	11.754200	-56.621500	25.000000
11.474622	1.958393	1.770167	11.078127	0.710170	1.491794	11.754200	-55.523800	25.000000
11.473715	1.958425	1.770186	12.398537	0.980608	1.555846	11.754200	-55.052400	25.000000
11.473715	1.958425	1.770186	10.447419	1.038745	1.597679	11.754200	-53.954700	25.000000
11.473715	1.958425	1.770186	11.222460	1.346144	1.656822	11.754200	-53.483300	25.000000
11.473715	1.958425	1.770186	11.734483	1.149383	1.609095	11.754200	-52.385600	25.000000
11.474622	1.958393	1.770167	8.371171	1.711021	1.784754	11.754200	-51.914300	25.000000
11.474622	1.958393	1.770167	13.809290	1.719066	1.722945	11.754200	-50.816600	25.000000
11.474622	1.958393	1.770167	10.488208	2.024823	1.790041	12.538700	-70.743100	25.000000
11.474622	1.958393	1.770167	12.326248	2.450756	1.688203	12.538700	-69.645400	25.000000
11.473715	1.958425	1.770186	10.836974	2.249111	1.665748	12.538700	-69.174000	25.000000
11.473715	1.958425	1.770186	11.866760	2.929157	0.039979	12.538700	-68.076300	25.000000
11.473715	1.958425	1.770186	14.644538	2.410290	6.155026	12.538700	-67.604900	25.000000
11.473715	1.958425	1.770186	5.848837	2.475887	1.968782	12.538700	-66.507200	25.000000
11.474622	1.958393	1.770167	5.531691	2.520932	4.931732	12.538700	-66.035900	25.000000
11.474622	1.958393	1.770167	14.737574	1.938662	0.086644	12.538700	-64.938200	25.000000
11.473715	1.958425	1.770186	5.838527	2.055415	5.538860	12.538700	-64.466800	25.000000
11.473715	1.958425	1.770186	14.940067	1.526605	6.073964	12.538700	-63.369100	25.000000
11.473715	1.958425	1.770186	15.332645	1.037101	5.632109	12.538700	-62.897700	25.000000
11.473715	1.958425	1.770186	4.017462	1.745930	6.001413	12.538700	-61.800000	25.000000
11.474622	1.958393	1.770167	15.462535	0.661610	5.355890	12.538700	-61.328700	25.000000
11.474622	1.958393	1.770167	4.201190	0.841322	5.991729	12.538700	-60.231000	25.000000
11.473715	1.958425	1.770186	10.384127	0.438881	5.370848	12.538700	-59.759600	25.000000
11.473715	1.958425	1.770186	12.448630	0.324233	6.100625	12.538700	-58.661900	25.000000
11.473715	1.958425	1.770186	11.463856	0.454511	0.855705	12.538700	-58.190500	25.000000
11.473715	1.958425	1.770186	11.442465	0.336692	0.654083	12.538700	-57.092800	25.000000
11.474622	1.958393	1.770167	12.969580	0.845857	1.245788	12.538700	-56.621500	25.000000
11.474622	1.958393	1.770167	9.802551	0.845853	1.266285	12.538700	-55.523800	25.000000
11.473715	1.958425	1.770186	11.789779	1.169982	1.401407	12.538700	-55.052400	25.000000
11.473715	1.958425	1.770186	11.127156	1.114792	1.375364	12.538700	-53.954700	25.000000
11.473715	1.958425	1.770186	11.528248	1.547373	1.636787	12.538700	-53.483300	25.000000
11.473715	1.958425	1.770186	11.387309	1.241722	1.451736	12.538700	-52.385600	25.000000
11.474622	1.958393	1.770167	13.132403	2.106200	1.923349	12.538700	-51.914300	25.000000
11.474622	1.958393	1.770167	9.572356	1.728146	1.751596	12.538700	-50.816600	25.000000
11.474439	1.958400	1.770075	9.311735	2.257006	1.740966	13.323200	-70.743100	25.000000
11.474439	1.958400	1.770075	13.215071	2.156037	1.624381	13.323200	-69.645400	25.000000
11.473531	1.958432	1.770094	13.729461	2.577172	0.980150	13.323200	-69.174000	25.000000
11.473531	1.958432	1.770094	8.504611	2.497369	1.625643	13.323200	-68.076300	25.000000
11.473531	1.958432	1.770094	14.495382	2.464757	0.558366	13.323200	-67.604900	25.000000
11.473531	1.958432	1.770094	7.013159	2.894411	5.572031	13.323200	-66.507200	25.000000
11.474439	1.958400	1.770075	14.274453	2.182732	6.163077	13.323200	-66.035900	25.000000
11.474439	1.958400	1.770075	6.170899	2.364598	4.124386	13.323200	-64.938200	25.000000
11.473531	1.958432	1.770094	3.183646	2.559875	1.030377	13.323200	-64.466800	25.000000
11.473531	1.958432	1.770094	14.880511	1.594991	5.076667	13.323200	-63.369100	25.000000
11.473531	1.958432	1.770094	5.919459	1.078085	1.004067	13.323200	-62.897700	25.000000
11.473531	1.958432	1.770094	13.472936	1.376599	4.894949	13.323200	-61.800000	25.000000
11.474439	1.958400	1.770075	8.169455	0.587428	0.110657	13.323200	-61.328700	25.000000
11.474439	1.958400	1.770075	13.891724	0.894034	5.213210	13.323200	-60.231000	25.000000
11.473531	1.958432	1.770094	11.388478	0.534509	0.022755	13.323200	-59.759600	25.000000
11.473531	1.958432	1.770094	11.524800	0.537450	0.005424	13.323200	-58.661900	25.000000
11.473531	1.958432	1.770094	11.284060	0.924016	1.047518	13.323200	-58.190500	25.000000
11.473531	1.958432	1.770094	11.669190	0.689975	0.756835	13.323200	-57.092800	25.000000
11.474439	1.958400	1.770075	11.428473	1.127684	1.193887	13.323200	-56.621500	25.000000
11.474439	1.958400	1.770075	11.548593	1.271960	1.257642	13.323200	-55.523800	25.000000
11.473531	1.958432	1.770094	10.894953	1.301370	1.330437	13.323200	-55.052400	25.000000
11.473531	1.958432	1.770094	11.971215	1.274094	1.260095	13.323200	-53.954700	25.000000
11.473531	1.958432	1.770094	8.443607	1.486610	1.513716	13.323200	-53.483300	25.000000
11.473531	1.958432	1.770094	13.754508	1.755050	1.705058	13.323200	-52.385600	25.000000
11.474439	1.958400	1.770075	11.923926	2.127452	1.976985	13.323200	-51.914300	25.000000
11.474439	1.958400	1.770075	11.049887	2.060759	1.937970	13.323200	-50.816600	25.000000
11.474622	1.958393	1.770167	9.684137	2.225903	1.787347	14.107800	-70.743100	25.000000
11.474622	1.958393	1.770167	12.999523	2.033278	1.722661	14.107800	-69.645400	25.000000
11.473715	1.958425	1.770186	7.847377	2.732555	1.850284	14.107800	-69.174000	25.000000
11.473715	1.958425	1.770186	14.134058	2.509110	1.455645	14.107800	-68.076300	25.000000
11.473715	1.958425	1.770186	11.601491	2.431840	1.519187	14.107800	-67.604900	25.000000
11.473715	1.958425	1.770186	10.990141	2.671902	4.927133	14.107800	-66.507200	25.000000
11.474622	1.958393	1.770167	14.648171	2.379858	5.742935	14.107800	-66.035900	25.000000
11.474622	1.958393	1.770167	5.087485	2.302726	3.409003	14.107800	-64.938200	25.000000
11.473715	1.958425	1.770186	11.191068	1.660273	0.162199	14.107800	-64.466800	25.000000
11.473715	1.958425	1.770186	9.928746	1.996479	4.534514	14.107800	-63.369100	25.000000
11.473715	1.958425	1.770186	15.339166	1.224941	5.884663	14.107800	-62.897700	25.000000
11.473715	1.958425	1.770186	3.390044	2.137514	5.646677	14.107800	-61.800000	25.000000
11.474622	1.958393	1.770167	10.320155	1.108807	6.192133	14.107800	-61.328700	25.000000
11.474622	1.958393	1.770167	12.488831	1.013996	6.144089	14.107800	-60.231000	25.000000
11.473715	1.958425	1.770186	9.906059	1.076449	0.638914	14.107800	-59.759600	25.000000
11.473715	1.958425	1.770186	12.850681	1.022337	0.504441	14.107800	-58.661900	25.000000
11.473715	1.958425	1.770186	12.118168	1.234405	1.028878	14.107800	-58.190500	25.000000
11.473715	1.958425	1.770186	10.847119	1.441369	1.219642	14.107800	-57.092800	25.000000
11.474622	1.958393	1.770167	10.890551	1.405684	1.148791	14.107800	-56.621500	25.000000
11.474622	1.958393	1.770167	12.018885	1.366361	1.141356	14.107800	-55.523800	25.000000
11.473715	1.958425	1.770186	13.262315	1.585123	1.474879	14.107800	-55.052400	25.000000
11.473715	1.958425	1.770186	9.256247	1.425519	1.219693	14.107800	-53.954700	25.000000
11.473715	1.958425	1.770186	13.293607	2.022279	1.929567	14.107800	-53.483300	25.000000
11.473715	1.958425	1.770186	9.358419	1.897124	1.763767	14.107800	-52.385600	25.000000
11.474622	1.958393	1.770167	11.357376	2.076321	1.930745	14.107800	-51.914300	25.000000
11.474622	1.958393	1.770167	11.594395	2.104664	1.994107	14.107800	-50.816600	25.000000
11.474622	1.958393	1.770167	12.770278	1.889386	1.803776	14.892300	-70.743100	25.000000
11.474622	1.958393	1.770167	10.022974	2.036407	1.853697	14.892300	-69.645400	25.000000
11.473715	1.958425	1.770186	13.111278	2.266167	1.686280	14.892300	-69.174000	25.000000
11.473715	1.958425	1.770186	9.590099	2.660156	1.706324	14.892300	-68.076300	25.000000
11.473715	1.958425	1.770186	14.936854	2.640432	0.917819	14.892300	-67.604900	25.000000
11.473715	1.958425	1.770186	6.185338	2.836665	2.287600	14.892300	-66.507200	25.000000
11.474622	1.958393	1.770167	9.708677	2.391029	1.248091	14.892300	-66.035900	25.000000
11.474622	1.958393	1.770167	12.571014	2.324184	5.772697	14.892300	-64.938200	25.000000
11.473715	1.958425	1.770186	9.435513	2.020311	5.701384	14.892300	-64.466800	25.000000
11.473715	1.958425	1.770186	13.116817	2.037342	0.351178	14.892300	-63.369100	25.000000
11.473715	1.958425	1.770186	10.246414	1.661685	0.028424	14.892300	-62.897700	25.000000
11.473715	1.958425	1.770186	12.484927	1.711428	0.206121	14.892300	-61.800000	25.000000
11.474622	1.958393	1.770167	12.737461	1.510308	0.509390	14.892300	-61.328700	25.000000
11.474622	1.958393	1.770167	10.093072	1.520245	0.637549	14.892300	-60.231000	25.000000
11.473715	1.958425	1.770186	10.543363	1.661023	1.230975	14.892300	-59.759600	25.000000
11.473715	1.958425	1.770186	12.294230	1.537441	0.994080	14.892300	-58.661900	25.000000
11.473715	1.958425	1.770186	10.771834	1.587507	1.024007	14.892300	-58.190500	25.000000
11.473715	1.958425	1.770186	12.184010	1.611024	1.147568	14.892300	-57.092800	25.000000
11.474622	1.958393	1.770167	13.397720	1.620826	1.275045	14.892300	-56.621500	25.000000
11.474622	1.958393	1.770167	9.144397	1.669377	1.176005	14.892300	-55.523800	25.000000
11.473715	1.958425	1.770186	10.873564	1.831236	1.606971	14.892300	-55.052400	25.000000
11.473715	1.958425	1.770186	11.949326	2.039700	1.998355	14.892300	-53.954700	25.000000
11.473715	1.958425	1.770186	11.549026	2.067159	2.008018	14.892300	-53.483300	25.000000
11.473715	1.958425	1.770186	11.407892	2.053969	1.945788	14.892300	-52.385600	25.000000
11.474622	1.958393	1.770167	11.232097	2.032141	1.873681	14.892300	-51.914300	25.000000
11.474622	1.958393	1.770167	11.700427	2.021814	1.889544	14.892300	-50.816600	25.000000
11.474439	1.958400	1.770075	10.649700	1.694117	1.928460	15.676800	-70.743100	25.000000
11.474439	1.958400	1.770075	12.354254	1.754765	1.871717	15.676800	-69.645400	25.000000
11.473531	1.958432	1.770094	11.249107	1.972669	1.832643	15.676800	-69.174000	25.000000
11.473531	1.958432	1.770094	11.751187	2.177491	1.676649	15.676800	-68.076300	25.000000
11.473531	1.958432	1.770094	9.900485	2.356095	1.590794	15.676800	-67.604900	25.000000
11.473531	1.958432	1.770094	12.803363	2.350319	1.270925	15.676800	-66.507200	25.000000
11.474439	1.958400	1.770075	10.042908	2.399178	0.806228	15.676800	-66.035900	25.000000
11.474439	1.958400	1.770075	12.711412	2.303242	1.050338	15.676800	-64.938200	25.000000
11.473531	1.958432	1.770094	11.463420	2.061292	0.778405	15.676800	-64.466800	25.000000
11.473531	1.958432	1.770094	11.449891	2.195872	0.853993	15.676800	-63.369100	25.000000
11.473531	1.958432	1.770094	10.984990	1.992867	0.941266	15.676800	-62.897700	25.000000
11.473531	1.958432	1.770094	11.864653	1.887937	1.130954	15.676800	-61.800000	25.000000
11.474439	1.958400	1.770075	11.349890	1.884279	1.298858	15.676800	-61.328700	25.000000
11.474439	1.958400	1.770075	11.625403	1.876605	1.306127	15.676800	-60.231000	25.000000
11.473531	1.958432	1.770094	11.445086	1.863282	1.127554	15.676800	-59.759600	25.000000
11.473531	1.958432	1.770094	11.498261	1.889242	1.205595	15.676800	-58.661900	25.000000
11.473531	1.958432	1.770094	13.315044	1.852384	1.451678	15.676800	-58.190500	25.000000
11.473531	1.958432	1.770094	9.321502	1.955707	1.334801	15.676800	-57.092800	25.000000
11.474439	1.958400	1.770075	10.500952	1.992688	1.813243	15.676800	-56.621500	25.000000
11.474439	1.958400	1.770075	12.434227	1.984623	1.967614	15.676800	-55.523800	25.000000
11.473531	1.958432	1.770094	11.819052	2.016959	1.975688	15.676800	-55.052400	25.000000
11.473531	1.958432	1.770094	11.173630	2.034744	1.971746	15.676800	-53.954700	25.000000
11.473531	1.958432	1.770094	11.257886	2.011270	1.880125	15.676800	-53.483300	25.000000
11.473531	1.958432	1.770094	11.631423	1.996185	1.877623	15.676800	-52.385600	25.000000
11.474439	1.958400	1.770075	11.465165	1.983640	1.811156	15.676800	-51.914300	25.000000
11.474439	1.958400	1.770075	11.486514	1.992347	1.841232	15.676800	-50.816600	25.000000
11.474622	1.958393	1.770167	11.520247	1.674277	1.936717	16.461400	-70.743100	25.000000
11.474622	1.958393	1.770167	11.502717	1.653480	1.983706	16.461400	-69.645400	25.000000
11.473715	1.958425	1.770186	11.689145	1.769725	1.936717	16.461400	-69.174000	25.000000
11.473715	1.958425	1.770186	11.233628	1.693953	1.986288	16.461400	-68.076300	25.000000
11.473715	1.958425	1.770186	11.264546	1.914888	1.847801	16.461400	-67.604900	25.000000
11.473715	1.958425	1.770186	11.712387	1.829822	1.903720	16.461400	-66.507200	25.000000
11.474622	1.958393	1.770167	11.606481	1.922646	1.804199	16.461400	-66.035900	25.000000
11.473715	1.958425	1.770186	11.764591	1.972518	1.724710	16.461400	-64.466800	25.000000
11.473715	1.958425	1.770186	11.256660	1.972383	1.747369	16.461400	-63.369100	25.000000
11.473715	1.958425	1.770186	11.232382	2.032129	1.678379	16.461400	-62.897700	25.000000
11.473715	1.958425	1.770186	11.767939	2.037983	1.606971	16.461400	-61.800000	25.000000
11.474622	1.958393	1.770167	10.865657	2.048978	1.669434	16.461400	-61.328700	25.000000
11.474622	1.958393	1.770167	12.101359	2.014961	1.641321	16.461400	-60.231000	25.000000
11.473715	1.958425	1.770186	10.759647	2.012548	1.830736	16.461400	-59.759600	25.000000
11.473715	1.958425	1.770186	12.223747	1.947800	1.939865	16.461400	-58.661900	25.000000
11.473715	1.958425	1.770186	11.391664	1.976892	2.025897	16.461400	-58.190500	25.000000
11.473715	1.958425	1.770186	11.564601	1.979876	1.988064	16.461400	-57.092800	25.000000
11.474622	1.958393	1.770167	11.738399	1.982745	1.921950	16.461400	-56.621500	25.000000
11.474622	1.958393	1.770167	11.259663	2.001400	1.951303	16.461400	-55.523800	25.000000
11.473715	1.958425	1.770186	11.584472	1.979133	1.856848	16.461400	-55.052400	25.000000
11.473715	1.958425	1.770186	11.348128	1.988162	1.874256	16.461400	-53.954700	25.000000
11.473715	1.958425	1.770186	11.534297	1.981016	1.838707	16.461400	-53.483300	25.000000
11.473715	1.958425	1.770186	11.425410	1.975622	1.811156	16.461400	-52.385600	25.000000
11.474622	1.958393	1.770167	11.412432	1.976110	1.805600	16.461400	-51.914300	25.000000
11.474622	1.958393	1.770167	11.493476	1.973086	1.799721	16.461400	-50.816600	25.000000
11.474622	1.958393	1.770167	11.724628	1.774337	1.917335	17.245900	-70.743100	25.000000
11.474622	1.958393	1.770167	11.214192	1.803858	1.907039	17.245900	-69.645400	25.000000
11.473715	1.958425	1.770186	11.250071	1.768525	1.961403	17.245900	-69.174000	25.000000
11.473715	1.958425	1.770186	11.700209	1.748652	1.972267	17.245900	-68.076300	25.000000
11.473715	1.958425	1.770186	11.603314	1.755411	2.014839	17.245900	-67.604900	25.000000
11.473715	1.958425	1.770186	11.343527	1.762383	2.026412	17.245900	-66.507200	25.000000
11.474622	1.958393	1.770167	11.456705	1.807806	2.046492	17.245900	-66.035900	25.000000
11.474622	1.958393	1.770167	11.513579	1.776348	2.050316	17.245900	-64.938200	25.000000
11.473715	1.958425	1.770186	11.303982	1.848595	2.059130	17.245900	-64.466800	25.000000
11.473715	1.958425	1.770186	11.663619	1.830930	2.050316	17.245900	-63.369100	25.000000
11.473715	1.958425	1.770186	11.352973	1.902766	2.034444	17.245900	-62.897700	25.000000
11.473715	1.958425	1.770186	11.558979	1.869356	2.050637	17.245900	-61.800000	25.000000
11.474622	1.958393	1.770167	11.632283	1.912692	2.014039	17.245900	-61.328700	25.000000
11.474622	1.958393	1.770167	11.328283	1.941129	2.000559	17.245900	-60.231000	25.000000
11.473715	1.958425	1.770186	11.448144	1.965291	1.928460	17.245900	-59.759600	25.000000
11.473715	1.958425	1.770186	11.545995	1.952415	1.963434	17.245900	-58.661900	25.000000
11.473715	1.958425	1.770186	11.626693	1.968216	1.883698	17.245900	-58.190500	25.000000
11.473715	1.958425	1.770186	11.364418	1.977923	1.892547	17.245900	-57.092800	25.000000
11.474622	1.958393	1.770167	11.456876	1.974446	1.859526	17.245900	-56.621500	25.000000
11.474622	1.958393	1.770167	11.431973	1.965880	1.829567	17.245900	-55.523800	25.000000
11.473715	1.958425	1.770186	11.425410	1.975622	1.811156	17.245900	-55.052400	25.000000
11.473715	1.958425	1.770186	11.536897	1.971485	1.818058	17.245900	-53.954700	25.000000
11.473715	1.958425	1.770186	11.574956	1.970093	1.793940	17.245900	-53.483300	25.000000
11.473715	1.958425	1.770186	11.461017	1.964824	1.802482	17.245900	-52.385600	25.000000
11.474622	1.958393	1.770167	11.428163	1.966019	1.787717	17.245900	-51.914300	25.000000
11.474622	1.958393	1.770167	11.436175	1.965727	1.791418	17.245900	-50.816600	25.000000
11.474439	1.958400	1.770075	11.402631	1.882780	1.860488	18.030400	-70.743100	25.000000
11.474439	1.958400	1.770075	11.558979	1.878420	1.846602	18.030400	-69.645400	25.000000
11.473531	1.958432	1.770094	11.548593	1.869632	1.883951	18.030400	-69.174000	25.000000
11.473531	1.958432	1.770094	11.400000	1.873650	1.869295	18.030400	-68.076300	25.000000
11.473531	1.958432	1.770094	11.518680	1.870433	1.904041	18.030400	-67.604900	25.000000
11.473531	1.958432	1.770094	11.487820	1.880389	1.886767	18.030400	-66.507200	25.000000
11.474439	1.958400	1.770075	11.490431	1.880316	1.915664	18.030400	-66.035900	25.000000
11.474439	1.958400	1.770075	11.400000	1.892085	1.910089	18.030400	-64.938200	25.000000
11.473531	1.958432	1.770094	11.498261	1.916843	1.910089	18.030400	-64.466800	25.000000
11.473531	1.958432	1.770094	11.375852	1.911384	1.913193	18.030400	-63.369100	25.000000
11.473531	1.958432	1.770094	11.566763	1.933137	1.880852	18.030400	-62.897700	25.000000
11.473531	1.958432	1.770094	11.413150	1.928872	1.904381	18.030400	-61.800000	25.000000
11.474439	1.958400	1.770075	11.396929	1.948213	1.877623	18.030400	-61.328700	25.000000
11.474439	1.958400	1.770075	11.468653	1.955123	1.856848	18.030400	-60.231000	25.000000
11.473531	1.958432	1.770094	11.328725	1.960124	1.841232	18.030400	-59.759600	25.000000
11.473531	1.958432	1.770094	11.532129	1.952898	1.845245	18.030400	-58.661900	25.000000
11.473531	1.958432	1.770094	11.431973	1.965880	1.829567	18.030400	-58.190500	25.000000
11.473531	1.958432	1.770094	11.408769	1.966728	1.820383	18.030400	-57.092800	25.000000
11.474439	1.958400	1.770075	11.371231	1.968109	1.804672	18.030400	-56.621500	25.000000
11.474439	1.958400	1.770075	11.473888	1.964357	1.807993	18.030400	-55.523800	25.000000
11.473531	1.958432	1.770094	11.448445	1.965280	1.796957	18.030400	-55.052400	25.000000
11.473531	1.958432	1.770094	11.438199	1.965653	1.792342	18.030400	-53.954700	25.000000
11.473531	1.958432	1.770094	11.424207	1.966164	1.785864	18.030400	-53.483300	25.000000
11.473531	1.958432	1.770094	11.432152	1.965873	1.789568	18.030400	-52.385600	25.000000
11.474439	1.958400	1.770075	11.508623	1.963104	1.781102	18.030400	-50.816600	25.000000
11.474622	1.958393	1.770167	11.407454	1.919715	1.815775	18.815000	-70.743100	25.000000
11.474622	1.958393	1.770167	11.498696	1.916830	1.813533	18.815000	-69.645400	25.000000
11.473715	1.958425	1.770186	11.465165	1.927175	1.824804	18.815000	-69.174000	25.000000
11.473715	1.958425	1.770186	11.521719	1.916109	1.822486	18.815000	-68.076300	25.000000
11.473715	1.958425	1.770186	11.465165	1.927175	1.824804	18.815000	-67.604900	25.000000
11.473715	1.958425	1.770186	11.489125	1.926399	1.833791	18.815000	-66.507200	25.000000
11.474622	1.958393	1.770167	11.434159	1.937537	1.836227	18.815000	-66.035900	25.000000
11.474622	1.958393	1.770167	11.513905	1.925600	1.842735	18.815000	-64.938200	25.000000
11.473715	1.958425	1.770186	11.470397	1.945675	1.836227	18.815000	-64.466800	25.000000
11.473715	1.958425	1.770186	11.524322	1.934533	1.833791	18.815000	-63.369100	25.000000
11.473715	1.958425	1.770186	11.446397	1.946501	1.827164	18.815000	-62.897700	25.000000
11.473715	1.958425	1.770186	11.483466	1.954601	1.827164	18.815000	-61.800000	25.000000
11.474622	1.958393	1.770167	11.423222	1.947301	1.818058	18.815000	-61.328700	25.000000
11.474622	1.958393	1.770167	11.550325	1.952265	1.815775	18.815000	-60.231000	25.000000
11.473715	1.958425	1.770186	11.517487	1.953409	1.802155	18.815000	-59.759600	25.000000
11.473715	1.958425	1.770186	11.431575	1.956435	1.806158	18.815000	-58.661900	25.000000
11.473715	1.958425	1.770186	11.444322	1.965430	1.795112	18.815000	-58.190500	25.000000
11.473715	1.958425	1.770186	11.504873	1.953850	1.796682	18.815000	-57.092800	25.000000
11.474622	1.958393	1.770167	11.390035	1.957916	1.787717	18.815000	-56.621500	25.000000
11.474622	1.958393	1.770167	11.490535	1.954353	1.790280	18.815000	-55.523800	25.000000
11.473715	1.958425	1.770186	11.476607	1.954843	1.783859	18.815000	-55.052400	25.000000
11.473715	1.958425	1.770186	11.472702	1.954980	1.782021	18.815000	-53.954700	25.000000
11.473715	1.958425	1.770186	11.414465	1.966520	1.781227	18.815000	-52.385600	25.000000
11.474622	1.958393	1.770167	11.433722	1.937552	1.797595	19.599500	-70.743100	25.000000
11.474622	1.958393	1.770167	11.472057	1.945618	1.798508	19.599500	-69.645400	25.000000
11.473715	1.958425	1.770186	11.482665	1.945255	1.803066	19.599500	-69.174000	25.000000
11.473715	1.958425	1.770186	11.442185	1.937268	1.801244	19.599500	-68.076300	25.000000
11.473715	1.958425	1.770186	11.484812	1.945182	1.803976	19.599500	-67.604900	25.000000
11.473715	1.958425	1.770186	11.482665	1.945255	1.803066	19.599500	-66.507200	25.000000
11.474622	1.958393	1.770167	11.482665	1.945255	1.803066	19.599500	-66.035900	25.000000
11.474622	1.958393	1.770167	11.573314	1.942179	1.800931	19.599500	-64.938200	25.000000
11.473715	1.958425	1.770186	11.478397	1.945401	1.801244	19.599500	-64.466800	25.000000
11.473715	1.958425	1.770186	11.511142	1.953631	1.799420	19.599500	-63.369100	25.000000
11.473715	1.958425	1.770186	11.412467	1.957115	1.797879	19.599500	-62.897700	25.000000
11.473715	1.958425	1.770186	11.414556	1.957041	1.798800	19.599500	-61.800000	25.000000
11.474622	1.958393	1.770167	11.404192	1.957410	1.794189	19.599500	-61.328700	25.000000
11.474622	1.958393	1.770167	11.402145	1.957483	1.793266	19.599500	-60.231000	25.000000
11.473715	1.958425	1.770186	11.398074	1.957629	1.791418	19.599500	-59.759600	25.000000
11.473715	1.958425	1.770186	11.390035	1.957916	1.787717	19.599500	-58.661900	25.000000
11.473715	1.958425	1.770186	11.382131	1.958199	1.784010	19.599500	-58.190500	25.000000
11.473715	1.958425	1.770186	11.478571	1.954774	1.784777	19.599500	-57.092800	25.000000
11.474439	1.958400	1.770075	11.447449	1.946464	1.787530	20.384000	-70.743100	25.000000
11.474439	1.958400	1.770075	11.538375	1.943358	1.785529	20.384000	-69.645400	25.000000
11.473531	1.958432	1.770094	11.484516	1.954564	1.787530	20.384000	-69.174000	25.000000
11.473531	1.958432	1.770094	11.447449	1.946464	1.787530	20.384000	-68.076300	25.000000
11.473531	1.958432	1.770094	11.486514	1.954494	1.788447	20.384000	-67.604900	25.000000
11.473531	1.958432	1.770094	11.486514	1.954494	1.788447	20.384000	-66.507200	25.000000
11.474439	1.958400	1.770075	11.486514	1.954494	1.788447	20.384000	-66.035900	25.000000
11.474439	1.958400	1.770075	11.484516	1.954564	1.787530	20.384000	-64.938200	25.000000
11.473531	1.958432	1.770094	11.482526	1.954634	1.786613	20.384000	-64.466800	25.000000
11.473531	1.958432	1.770094	11.480544	1.954704	1.785695	20.384000	-63.369100	25.000000
11.473531	1.958432	1.770094	11.478571	1.954774	1.784777	20.384000	-62.897700	25.000000
11.473531	1.958432	1.770094	11.476607	1.954843	1.783859	20.384000	-61.800000	25.000000
11.474439	1.958400	1.770075	11.474650	1.954912	1.782940	20.384000	-61.328700	25.000000
11.474439	1.958400	1.770075	11.470763	1.955049	1.781102	20.384000	-60.231000	25.000000
11.473531	1.958432	1.770094	11.470763	1.955049	1.781102	20.384000	-59.759600	25.000000
11.474622	1.958393	1.770167	11.470763	1.955049	1.781102	21.168600	-69.645400	25.000000
11.473715	1.958425	1.770186	11.470763	1.955049	1.781102	21.168600	-69.174000	25.000000
11.473715	1.958425	1.770186	11.470763	1.955049	1.781102	21.168600	-66.507200	25.000000
11.474622	1.958393	1.770167	11.470763	1.955049	1.781102	21.168600	-64.938200	25.000000
