7.640015	1.755217	2.746894	7.648547	1.760930	2.734196	87.859900	-53.598400	25.000000
7.640015	1.755217	2.746894	7.634966	1.765596	2.733354	87.859900	-52.500700	25.000000
7.640015	1.755217	2.746894	7.657319	1.768495	2.722370	87.859900	-51.980800	25.000000
7.640015	1.755217	2.746894	7.627394	1.779415	2.721433	87.859900	-50.883100	25.000000
7.640015	1.755217	2.746894	7.677449	1.787455	2.698226	87.859900	-50.363300	25.000000
7.640015	1.755217	2.746894	7.606505	1.812423	2.700933	87.859900	-49.265600	25.000000
7.640015	1.755217	2.746894	7.747352	1.838780	2.646285	87.859900	-48.745700	25.000000
7.640015	1.755217	2.746894	7.537555	1.886542	2.673126	87.859900	-47.648000	25.000000
7.640015	1.755217	2.746894	7.981563	2.004532	2.530078	87.859900	-47.128200	25.000000
7.640015	1.755217	2.746894	7.292529	2.020998	2.645381	87.859900	-46.030500	25.000000
7.640015	1.755217	2.746894	7.539366	2.572232	2.300651	87.859900	-45.510600	25.000000
7.640015	1.755217	2.746894	7.759450	2.238856	2.390394	87.859900	-44.412900	25.000000
7.640015	1.755217	2.746894	7.564032	2.347579	2.597326	87.859900	-43.893100	25.000000
7.640015	1.755217	2.746894	7.728099	2.653588	2.208082	87.859900	-42.795400	25.000000
7.640015	1.755217	2.746894	7.979370	2.198781	2.524739	87.859900	-42.275500	25.000000
7.640015	1.755217	2.746894	7.290375	2.240145	2.619982	87.859900	-41.177800	25.000000
7.640015	1.755217	2.746894	6.355787	2.388951	3.028777	87.859900	-40.658000	25.000000
7.640015	1.755217	2.746894	8.738846	2.626603	2.381333	87.859900	-39.560300	25.000000
7.640015	1.755217	2.746894	7.292607	2.568082	3.043936	87.859900	-39.040400	25.000000
7.640015	1.755217	2.746894	7.981006	2.773674	3.191429	87.859900	-37.942700	25.000000
7.640015	1.755217	2.746894	7.553215	2.136955	2.832720	87.859900	-37.422900	25.000000
7.640015	1.755217	2.746894	7.728749	2.266036	2.966339	87.859900	-36.325200	25.000000
7.640015	1.755217	2.746894	7.702288	1.969238	2.792599	87.859900	-35.805300	25.000000
7.640015	1.755217	2.746894	7.579927	1.957172	2.881504	87.859900	-34.707600	25.000000
7.640015	1.755217	2.746894	7.686761	1.869692	2.788201	87.859900	-34.187800	25.000000
7.640015	1.755217	2.746894	7.594446	1.840745	2.819064	87.859900	-33.090100	25.000000
7.640015	1.755217	2.746894	7.665525	1.812594	2.777255	87.859900	-32.570200	25.000000
7.640015	1.755217	2.746894	7.615390	1.793622	2.785816	87.859900	-31.472500	25.000000
7.640015	1.755217	2.746894	7.652833	1.782973	2.766473	87.859900	-30.952700	25.000000
7.640015	1.755217	2.746894	7.627130	1.773061	2.768269	87.859900	-29.855000	25.000000
7.640015	1.755217	2.746894	7.647577	1.768510	2.758486	87.859900	-29.335100	25.000000
7.640015	1.755217	2.746894	7.634051	1.763697	2.758732	87.859900	-28.237400	25.000000
7.640923	1.755194	2.746945	7.637681	1.760724	2.738431	88.668700	-54.118200	25.000000
7.640923	1.755194	2.746945	7.651376	1.762150	2.731541	88.668700	-53.598400	25.000000
7.640923	1.755194	2.746945	7.632713	1.768059	2.730466	88.668700	-52.500700	25.000000
7.640923	1.755194	2.746945	7.662680	1.771843	2.716468	88.668700	-51.980800	25.000000
7.640923	1.755194	2.746945	7.622427	1.785954	2.715549	88.668700	-50.883100	25.000000
7.640923	1.755194	2.746945	7.694533	1.797277	2.684112	88.668700	-50.363300	25.000000
7.640923	1.755194	2.746945	7.592182	1.829937	2.689999	88.668700	-49.265600	25.000000
7.640923	1.755194	2.746945	7.818254	1.874514	2.607127	88.668700	-48.745700	25.000000
7.640923	1.755194	2.746945	7.468000	1.930161	2.656373	88.668700	-47.648000	25.000000
7.640923	1.755194	2.746945	8.159515	2.195627	2.411486	88.668700	-47.128200	25.000000
7.640923	1.755194	2.746945	7.104316	2.087216	2.577576	88.668700	-46.030500	25.000000
7.640923	1.755194	2.746945	8.149987	2.552110	2.139491	88.668700	-45.510600	25.000000
7.640923	1.755194	2.746945	7.129090	2.522169	2.326345	88.668700	-44.412900	25.000000
7.640923	1.755194	2.746945	6.766004	1.908622	2.830419	88.668700	-43.893100	25.000000
7.640923	1.755194	2.746945	8.429138	2.095057	2.515272	88.668700	-42.795400	25.000000
7.640923	1.755194	2.746945	7.929939	1.897864	2.495732	88.668700	-42.275500	25.000000
7.640923	1.755194	2.746945	7.342507	1.768836	2.653690	88.668700	-41.177800	25.000000
7.640923	1.755194	2.746945	7.199485	2.192358	3.040360	88.668700	-40.658000	25.000000
7.640923	1.755194	2.746945	8.060213	2.081463	2.571817	88.668700	-39.560300	25.000000
7.640923	1.755194	2.746945	7.395655	2.527396	2.992738	88.668700	-39.040400	25.000000
7.640923	1.755194	2.746945	7.885626	2.531717	3.277443	88.668700	-37.942700	25.000000
7.640923	1.755194	2.746945	7.467621	2.169477	2.889584	88.668700	-37.422900	25.000000
7.640923	1.755194	2.746945	7.812644	2.331221	3.005160	88.668700	-36.325200	25.000000
7.640923	1.755194	2.746945	7.698459	1.970707	2.799447	88.668700	-35.805300	25.000000
7.640923	1.755194	2.746945	7.582551	1.959767	2.893316	88.668700	-34.707600	25.000000
7.640923	1.755194	2.746945	7.688467	1.866307	2.790692	88.668700	-34.187800	25.000000
7.640923	1.755194	2.746945	7.593013	1.836754	2.820662	88.668700	-33.090100	25.000000
7.640923	1.755194	2.746945	7.665469	1.809171	2.777715	88.668700	-32.570200	25.000000
7.640923	1.755194	2.746945	7.615156	1.790762	2.785326	88.668700	-31.472500	25.000000
7.640923	1.755194	2.746945	7.652016	1.780751	2.765900	88.668700	-30.952700	25.000000
7.640923	1.755194	2.746945	7.628185	1.771454	2.767446	88.668700	-29.855000	25.000000
7.640923	1.755194	2.746945	7.646275	1.767277	2.757941	88.668700	-29.335100	25.000000
7.640923	1.755194	2.746945	7.633770	1.762864	2.758063	88.668700	-28.237400	25.000000
7.640923	1.755194	2.746945	7.636313	1.761919	2.736675	89.477500	-54.118200	25.000000
7.640923	1.755194	2.746945	7.654879	1.763712	2.728194	89.477500	-53.598400	25.000000
7.640923	1.755194	2.746945	7.631484	1.771178	2.726939	89.477500	-52.500700	25.000000
7.640923	1.755194	2.746945	7.670045	1.776253	2.708671	89.477500	-51.980800	25.000000
7.640923	1.755194	2.746945	7.617737	1.794616	2.708199	89.477500	-50.883100	25.000000
7.640923	1.755194	2.746945	7.723111	1.811422	2.663909	89.477500	-50.363300	25.000000
7.640923	1.755194	2.746945	7.567035	1.854306	2.675803	89.477500	-49.265600	25.000000
7.640923	1.755194	2.746945	7.957175	1.939120	2.542576	89.477500	-48.745700	25.000000
7.640923	1.755194	2.746945	7.328447	1.989877	2.632087	89.477500	-47.648000	25.000000
7.640923	1.755194	2.746945	7.817192	2.566704	2.070846	89.477500	-47.128200	25.000000
7.640923	1.755194	2.746945	7.525151	2.225593	2.278010	89.477500	-46.030500	25.000000
7.640923	1.755194	2.746945	5.959634	2.351413	2.780406	89.477500	-45.510600	25.000000
7.640923	1.755194	2.746945	9.026326	2.145080	2.325371	89.477500	-44.412900	25.000000
7.640923	1.755194	2.746945	7.018501	1.404049	2.766519	89.477500	-43.893100	25.000000
7.640923	1.755194	2.746945	8.218672	1.675995	2.577502	89.477500	-42.795400	25.000000
7.640923	1.755194	2.746945	7.571685	1.675522	2.664404	89.477500	-42.275500	25.000000
7.640923	1.755194	2.746945	7.711547	1.378788	2.554667	89.477500	-41.177800	25.000000
7.640923	1.755194	2.746945	7.943506	1.942520	2.835511	89.477500	-40.658000	25.000000
7.640923	1.755194	2.746945	7.328195	1.696397	2.880468	89.477500	-39.560300	25.000000
7.640923	1.755194	2.746945	7.353586	2.011085	3.088804	89.477500	-39.040400	25.000000
7.640923	1.755194	2.746945	7.914135	2.652694	3.085226	89.477500	-37.942700	25.000000
7.640923	1.755194	2.746945	7.390645	2.208477	2.954865	89.477500	-37.422900	25.000000
7.640923	1.755194	2.746945	7.887614	2.385516	3.058933	89.477500	-36.325200	25.000000
7.640923	1.755194	2.746945	7.696588	1.970405	2.806569	89.477500	-35.805300	25.000000
7.640923	1.755194	2.746945	7.585117	1.958647	2.903115	89.477500	-34.707600	25.000000
7.640923	1.755194	2.746945	7.688301	1.862047	2.792774	89.477500	-34.187800	25.000000
7.640923	1.755194	2.746945	7.592140	1.832011	2.821049	89.477500	-33.090100	25.000000
7.640923	1.755194	2.746945	7.664329	1.805557	2.777703	89.477500	-32.570200	25.000000
7.640923	1.755194	2.746945	7.616287	1.787824	2.784333	89.477500	-31.472500	25.000000
7.640923	1.755194	2.746945	7.652169	1.778516	2.765377	89.477500	-30.952700	25.000000
7.640923	1.755194	2.746945	7.629304	1.769872	2.766623	89.477500	-29.855000	25.000000
7.640923	1.755194	2.746945	7.646902	1.766061	2.757497	89.477500	-29.335100	25.000000
7.640923	1.755194	2.746945	7.634485	1.762058	2.757444	89.477500	-28.237400	25.000000
7.640015	1.755217	2.746894	7.649833	1.759513	2.735530	90.286200	-55.215900	25.000000
7.640015	1.755217	2.746894	7.636216	1.763375	2.734660	90.286200	-54.118200	25.000000
7.640015	1.755217	2.746894	7.658976	1.765696	2.723909	90.286200	-53.598400	25.000000
7.640015	1.755217	2.746894	7.629535	1.775244	2.722462	90.286200	-52.500700	25.000000
7.640015	1.755217	2.746894	7.682990	1.782155	2.698319	90.286200	-51.980800	25.000000
7.640015	1.755217	2.746894	7.609584	1.806413	2.698569	90.286200	-50.883100	25.000000
7.640015	1.755217	2.746894	7.773675	1.833065	2.633661	90.286200	-50.363300	25.000000
7.640015	1.755217	2.746894	7.523844	1.888844	2.657093	90.286200	-49.265600	25.000000
7.640015	1.755217	2.746894	8.217114	2.075264	2.425156	90.286200	-48.745700	25.000000
7.640015	1.755217	2.746894	7.061164	2.066087	2.576257	90.286200	-47.648000	25.000000
7.640015	1.755217	2.746894	8.423389	2.414268	2.108422	90.286200	-47.128200	25.000000
7.640015	1.755217	2.746894	6.856529	2.336848	2.267310	90.286200	-46.030500	25.000000
7.640015	1.755217	2.746894	7.822637	2.051714	2.559193	90.286200	-45.510600	25.000000
7.640015	1.755217	2.746894	7.453221	1.368938	2.676414	90.286200	-44.412900	25.000000
7.640015	1.755217	2.746894	7.812331	0.989134	2.585777	90.286200	-43.893100	25.000000
7.640015	1.755217	2.746894	7.468929	1.271906	2.625467	90.286200	-42.795400	25.000000
7.640015	1.755217	2.746894	7.391247	1.340802	2.834071	90.286200	-42.275500	25.000000
7.640015	1.755217	2.746894	7.883210	1.115270	2.531943	90.286200	-41.177800	25.000000
7.640015	1.755217	2.746894	7.693929	1.648299	2.855018	90.286200	-40.658000	25.000000
7.640015	1.755217	2.746894	7.589596	1.393081	2.910218	90.286200	-39.560300	25.000000
7.640015	1.755217	2.746894	8.067463	2.325926	2.523587	90.286200	-39.040400	25.000000
7.640015	1.755217	2.746894	7.161641	1.914722	3.412690	90.286200	-37.942700	25.000000
7.640015	1.755217	2.746894	7.316297	2.248437	3.021882	90.286200	-37.422900	25.000000
7.640015	1.755217	2.746894	7.961922	2.423706	3.130747	90.286200	-36.325200	25.000000
7.640015	1.755217	2.746894	7.695608	1.968316	2.813478	90.286200	-35.805300	25.000000
7.640015	1.755217	2.746894	7.588388	1.953581	2.910452	90.286200	-34.707600	25.000000
7.640015	1.755217	2.746894	7.687531	1.856975	2.794468	90.286200	-34.187800	25.000000
7.640015	1.755217	2.746894	7.593757	1.826628	2.820445	90.286200	-33.090100	25.000000
7.640015	1.755217	2.746894	7.663684	1.801755	2.777441	90.286200	-32.570200	25.000000
7.640015	1.755217	2.746894	7.617261	1.784893	2.783042	90.286200	-31.472500	25.000000
7.640015	1.755217	2.746894	7.651874	1.776334	2.764681	90.286200	-30.952700	25.000000
7.640015	1.755217	2.746894	7.629120	1.768420	2.765579	90.286200	-29.855000	25.000000
7.640015	1.755217	2.746894	7.647097	1.764923	2.756879	90.286200	-29.335100	25.000000
7.640015	1.755217	2.746894	7.635301	1.761317	2.756826	90.286200	-28.237400	25.000000
7.640015	1.755217	2.746894	7.651999	1.760417	2.733259	91.095000	-55.215900	25.000000
7.640015	1.755217	2.746894	7.636134	1.765219	2.732158	91.095000	-54.118200	25.000000
7.640015	1.755217	2.746894	7.665727	1.768222	2.718496	91.095000	-53.598400	25.000000
7.640015	1.755217	2.746894	7.627218	1.780573	2.716801	91.095000	-52.500700	25.000000
7.640015	1.755217	2.746894	7.702288	1.790348	2.684001	91.095000	-51.980800	25.000000
7.640015	1.755217	2.746894	7.597525	1.822745	2.685944	91.095000	-50.883100	25.000000
7.640015	1.755217	2.746894	7.870174	1.869254	2.585293	91.095000	-50.363300	25.000000
7.640015	1.755217	2.746894	7.438583	1.938994	2.630745	91.095000	-49.265600	25.000000
7.640015	1.755217	2.746894	8.511523	2.370991	2.145533	91.095000	-48.745700	25.000000
7.640015	1.755217	2.746894	6.818265	2.167799	2.331840	91.095000	-47.648000	25.000000
7.640015	1.755217	2.746894	6.322048	2.467556	2.501181	91.095000	-47.128200	25.000000
7.640015	1.755217	2.746894	8.785338	1.724239	2.462697	91.095000	-46.030500	25.000000
7.640015	1.755217	2.746894	7.539257	1.571433	2.592761	91.095000	-45.510600	25.000000
7.640015	1.755217	2.746894	7.737236	0.895627	2.612546	91.095000	-44.412900	25.000000
7.640015	1.755217	2.746894	8.257131	0.810548	2.483765	91.095000	-43.893100	25.000000
7.640015	1.755217	2.746894	6.973869	0.867547	2.644696	91.095000	-42.795400	25.000000
7.640015	1.755217	2.746894	7.989737	1.029470	2.700153	91.095000	-42.275500	25.000000
7.640015	1.755217	2.746894	7.276482	0.901041	2.861335	91.095000	-41.177800	25.000000
7.640015	1.755217	2.746894	7.339117	1.372611	2.962991	91.095000	-40.658000	25.000000
7.640015	1.755217	2.746894	7.932900	1.096947	2.768413	91.095000	-39.560300	25.000000
7.640015	1.755217	2.746894	8.273218	2.452692	2.840756	91.095000	-39.040400	25.000000
7.640015	1.755217	2.746894	6.905151	1.524524	2.994230	91.095000	-37.942700	25.000000
7.640015	1.755217	2.746894	7.234964	2.283480	3.087365	91.095000	-37.422900	25.000000
7.640015	1.755217	2.746894	8.041396	2.442404	3.210879	91.095000	-36.325200	25.000000
7.640015	1.755217	2.746894	7.696031	1.964294	2.819798	91.095000	-35.805300	25.000000
7.640015	1.755217	2.746894	7.587997	1.944998	2.914774	91.095000	-34.707600	25.000000
7.640015	1.755217	2.746894	7.688469	1.851101	2.795777	91.095000	-34.187800	25.000000
7.640015	1.755217	2.746894	7.594012	1.820934	2.818940	91.095000	-33.090100	25.000000
7.640015	1.755217	2.746894	7.662823	1.797895	2.776881	91.095000	-32.570200	25.000000
7.640015	1.755217	2.746894	7.618212	1.782046	2.781455	91.095000	-31.472500	25.000000
7.640015	1.755217	2.746894	7.650830	1.774254	2.763936	91.095000	-30.952700	25.000000
7.640015	1.755217	2.746894	7.629078	1.767044	2.764536	91.095000	-29.855000	25.000000
7.640015	1.755217	2.746894	7.646492	1.763873	2.756212	91.095000	-29.335100	25.000000
7.640015	1.755217	2.746894	7.635271	1.760638	2.756158	91.095000	-28.237400	25.000000
7.640923	1.755194	2.746945	7.656886	1.761479	2.730256	91.903800	-55.215900	25.000000
7.640923	1.755194	2.746945	7.636523	1.767532	2.729083	91.903800	-54.118200	25.000000
7.640923	1.755194	2.746945	7.674397	1.771532	2.711372	91.903800	-53.598400	25.000000
7.640923	1.755194	2.746945	7.624858	1.787670	2.709541	91.903800	-52.500700	25.000000
7.640923	1.755194	2.746945	7.733873	1.802091	2.663544	91.903800	-51.980800	25.000000
7.640923	1.755194	2.746945	7.577541	1.845898	2.668918	91.903800	-50.883100	25.000000
7.640923	1.755194	2.746945	8.073710	1.938170	2.501420	91.903800	-50.363300	25.000000
7.640923	1.755194	2.746945	7.257111	2.013107	2.586517	91.903800	-49.265600	25.000000
7.640923	1.755194	2.746945	7.918407	2.278889	2.146572	91.903800	-48.745700	25.000000
7.640923	1.755194	2.746945	7.540063	2.209757	2.350652	91.903800	-47.648000	25.000000
7.640923	1.755194	2.746945	9.526356	1.553780	2.318991	91.903800	-47.128200	25.000000
7.640923	1.755194	2.746945	5.048203	1.761584	3.234994	91.903800	-46.030500	25.000000
7.640923	1.755194	2.746945	6.408107	0.905991	2.759650	91.903800	-45.510600	25.000000
7.640923	1.755194	2.746945	8.706654	0.972472	2.255879	91.903800	-44.412900	25.000000
7.640923	1.755194	2.746945	8.511895	0.738215	2.576591	91.903800	-43.893100	25.000000
7.640923	1.755194	2.746945	6.660952	0.726294	2.645359	91.903800	-42.795400	25.000000
7.640923	1.755194	2.746945	7.517293	0.808375	2.801013	91.903800	-42.275500	25.000000
7.640923	1.755194	2.746945	7.765400	0.782839	2.839573	91.903800	-41.177800	25.000000
7.640923	1.755194	2.746945	7.199424	1.046526	3.119914	91.903800	-40.658000	25.000000
7.640923	1.755194	2.746945	8.059424	0.997510	2.639125	91.903800	-39.560300	25.000000
7.640923	1.755194	2.746945	8.060926	2.379724	3.065138	91.903800	-39.040400	25.000000
7.640923	1.755194	2.746945	7.139947	1.408824	2.780470	91.903800	-37.942700	25.000000
7.640923	1.755194	2.746945	7.154440	2.309179	3.148472	91.903800	-37.422900	25.000000
7.640923	1.755194	2.746945	8.122517	2.440610	3.283649	91.903800	-36.325200	25.000000
7.640923	1.755194	2.746945	7.697157	1.958266	2.825282	91.903800	-35.805300	25.000000
7.640923	1.755194	2.746945	7.587735	1.933253	2.916012	91.903800	-34.707600	25.000000
7.640923	1.755194	2.746945	7.686105	1.844764	2.796416	91.903800	-34.187800	25.000000
7.640923	1.755194	2.746945	7.595128	1.815030	2.816624	91.903800	-33.090100	25.000000
7.640923	1.755194	2.746945	7.661493	1.794039	2.776149	91.903800	-32.570200	25.000000
7.640923	1.755194	2.746945	7.619166	1.779295	2.779572	91.903800	-31.472500	25.000000
7.640923	1.755194	2.746945	7.651256	1.772241	2.763117	91.903800	-30.952700	25.000000
7.640923	1.755194	2.746945	7.630467	1.765726	2.763418	91.903800	-29.855000	25.000000
7.640923	1.755194	2.746945	7.645643	1.762908	2.755668	91.903800	-29.335100	25.000000
7.640015	1.755217	2.746894	7.640477	1.761160	2.736753	92.712500	-55.735800	25.000000
7.640015	1.755217	2.746894	7.661656	1.762834	2.726784	92.712500	-55.215900	25.000000
7.640015	1.755217	2.746894	7.636248	1.770531	2.725227	92.712500	-54.118200	25.000000
7.640015	1.755217	2.746894	7.688768	1.775892	2.702020	92.712500	-53.598400	25.000000
7.640015	1.755217	2.746894	7.621865	1.797279	2.700081	92.712500	-52.500700	25.000000
7.640015	1.755217	2.746894	7.789849	1.819890	2.633027	92.712500	-51.980800	25.000000
7.640015	1.755217	2.746894	7.544075	1.879629	2.645284	92.712500	-50.883100	25.000000
7.640015	1.755217	2.746894	8.523836	2.090370	2.335225	92.712500	-50.363300	25.000000
7.640015	1.755217	2.746894	6.865018	2.123233	2.466504	92.712500	-49.265600	25.000000
7.640015	1.755217	2.746894	5.508137	1.597778	2.955435	92.712500	-48.745700	25.000000
7.640015	1.755217	2.746894	9.361009	2.008294	2.365276	92.712500	-47.648000	25.000000
7.640015	1.755217	2.746894	8.149131	1.605028	2.458702	92.712500	-47.128200	25.000000
7.640015	1.755217	2.746894	7.093821	0.866913	2.913664	92.712500	-46.030500	25.000000
7.640015	1.755217	2.746894	8.237756	0.799475	2.311345	92.712500	-45.510600	25.000000
7.640015	1.755217	2.746894	7.006785	1.026404	2.434016	92.712500	-44.412900	25.000000
7.640015	1.755217	2.746894	8.077378	0.810246	2.591355	92.712500	-43.893100	25.000000
7.640015	1.755217	2.746894	7.184334	0.825565	2.797227	92.712500	-42.795400	25.000000
7.640015	1.755217	2.746894	7.672152	0.761711	2.721675	92.712500	-42.275500	25.000000
7.640015	1.755217	2.746894	7.613562	0.711980	2.924088	92.712500	-41.177800	25.000000
7.640015	1.755217	2.746894	7.319960	0.988788	3.185173	92.712500	-40.658000	25.000000
7.640015	1.755217	2.746894	7.951975	0.859530	2.686201	92.712500	-39.560300	25.000000
7.640015	1.755217	2.746894	7.975045	2.311115	3.176606	92.712500	-39.040400	25.000000
7.640015	1.755217	2.746894	7.228927	1.343982	2.719302	92.712500	-37.942700	25.000000
7.640015	1.755217	2.746894	7.091287	2.323228	3.200059	92.712500	-37.422900	25.000000
7.640015	1.755217	2.746894	8.190142	2.420816	3.336394	92.712500	-36.325200	25.000000
7.640015	1.755217	2.746894	7.701264	1.950081	2.829797	92.712500	-35.805300	25.000000
7.640015	1.755217	2.746894	7.584671	1.919272	2.914027	92.712500	-34.707600	25.000000
7.640015	1.755217	2.746894	7.685463	1.837914	2.796552	92.712500	-34.187800	25.000000
7.640015	1.755217	2.746894	7.597166	1.809094	2.813631	92.712500	-33.090100	25.000000
7.640015	1.755217	2.746894	7.661396	1.790189	2.775043	92.712500	-32.570200	25.000000
7.640015	1.755217	2.746894	7.620079	1.776695	2.777817	92.712500	-31.472500	25.000000
7.640015	1.755217	2.746894	7.650054	1.770379	2.762201	92.712500	-30.952700	25.000000
7.640015	1.755217	2.746894	7.630758	1.764543	2.762376	92.712500	-29.855000	25.000000
7.640015	1.755217	2.746894	7.645306	1.762024	2.755000	92.712500	-29.335100	25.000000
7.640015	1.755217	2.746894	7.653816	1.758762	2.735671	93.521300	-56.833500	25.000000
7.640015	1.755217	2.746894	7.640967	1.762387	2.734793	93.521300	-55.735800	25.000000
7.640015	1.755217	2.746894	7.668983	1.764508	2.722410	93.521300	-55.215900	25.000000
7.640015	1.755217	2.746894	7.638174	1.774328	2.720488	93.521300	-54.118200	25.000000
7.640015	1.755217	2.746894	7.709775	1.781807	2.689383	93.521300	-53.598400	25.000000
7.640015	1.755217	2.746894	7.617604	1.810550	2.687555	93.521300	-52.500700	25.000000
7.640015	1.755217	2.746894	7.897906	1.848988	2.584755	93.521300	-51.980800	25.000000
7.640015	1.755217	2.746894	7.481016	1.930572	2.610064	93.521300	-50.883100	25.000000
7.640015	1.755217	2.746894	9.047806	2.270996	2.088150	93.521300	-50.363300	25.000000
7.640015	1.755217	2.746894	6.770134	2.258014	2.133750	93.521300	-49.265600	25.000000
7.640015	1.755217	2.746894	6.090483	2.301092	2.639377	93.521300	-48.745700	25.000000
7.640015	1.755217	2.746894	8.977824	1.333886	2.634066	93.521300	-47.648000	25.000000
7.640015	1.755217	2.746894	6.356918	0.993510	2.756676	93.521300	-47.128200	25.000000
7.640015	1.755217	2.746894	8.764102	1.203651	2.346705	93.521300	-46.030500	25.000000
7.640015	1.755217	2.746894	8.525065	1.012691	2.396844	93.521300	-45.510600	25.000000
7.640015	1.755217	2.746894	6.659431	1.061086	2.481266	93.521300	-44.412900	25.000000
7.640015	1.755217	2.746894	7.877229	0.953266	2.607515	93.521300	-43.893100	25.000000
7.640015	1.755217	2.746894	7.406612	0.961061	2.810421	93.521300	-42.795400	25.000000
7.640015	1.755217	2.746894	7.633148	0.844362	2.762495	93.521300	-42.275500	25.000000
7.640015	1.755217	2.746894	7.655464	0.791702	2.960327	93.521300	-41.177800	25.000000
7.640015	1.755217	2.746894	7.559295	1.017557	2.926175	93.521300	-40.658000	25.000000
7.640015	1.755217	2.746894	7.728310	0.810082	3.104016	93.521300	-39.560300	25.000000
7.640015	1.755217	2.746894	7.783522	2.193691	3.409623	93.521300	-39.040400	25.000000
7.640015	1.755217	2.746894	7.415666	1.368122	2.560849	93.521300	-37.942700	25.000000
7.640015	1.755217	2.746894	7.062642	2.324388	3.234750	93.521300	-37.422900	25.000000
7.640015	1.755217	2.746894	8.231133	2.386823	3.362725	93.521300	-36.325200	25.000000
7.640015	1.755217	2.746894	7.706287	1.939929	2.833143	93.521300	-35.805300	25.000000
7.640015	1.755217	2.746894	7.582195	1.903787	2.909158	93.521300	-34.707600	25.000000
7.640015	1.755217	2.746894	7.684099	1.830819	2.796103	93.521300	-34.187800	25.000000
7.640015	1.755217	2.746894	7.598898	1.803327	2.810177	93.521300	-33.090100	25.000000
7.640015	1.755217	2.746894	7.659833	1.786531	2.773843	93.521300	-32.570200	25.000000
7.640015	1.755217	2.746894	7.621660	1.774239	2.775939	93.521300	-31.472500	25.000000
7.640015	1.755217	2.746894	7.649447	1.768635	2.761161	93.521300	-30.952700	25.000000
7.640015	1.755217	2.746894	7.631566	1.763440	2.761210	93.521300	-29.855000	25.000000
7.640923	1.755194	2.746945	7.658360	1.759380	2.733559	94.330100	-56.833500	25.000000
7.640923	1.755194	2.746945	7.643069	1.763853	2.732465	94.330100	-55.735800	25.000000
7.640923	1.755194	2.746945	7.679077	1.766626	2.716844	94.330100	-55.215900	25.000000
7.640923	1.755194	2.746945	7.640004	1.779333	2.714475	94.330100	-54.118200	25.000000
7.640923	1.755194	2.746945	7.742594	1.789994	2.671921	94.330100	-53.598400	25.000000
7.640923	1.755194	2.746945	7.613701	1.829175	2.670752	94.330100	-52.500700	25.000000
7.640923	1.755194	2.746945	8.127740	1.902418	2.502240	94.330100	-51.980800	25.000000
7.640923	1.755194	2.746945	7.357767	2.010742	2.549524	94.330100	-50.883100	25.000000
7.640923	1.755194	2.746945	9.469352	2.077498	2.551637	94.330100	-50.363300	25.000000
7.640923	1.755194	2.746945	5.724729	1.706697	2.660834	94.330100	-49.265600	25.000000
7.640923	1.755194	2.746945	6.795955	1.217163	2.799033	94.330100	-48.745700	25.000000
7.640923	1.755194	2.746945	8.491452	1.641999	2.514617	94.330100	-47.648000	25.000000
7.640923	1.755194	2.746945	7.486886	0.898007	2.443330	94.330100	-47.128200	25.000000
7.640923	1.755194	2.746945	7.833558	1.298525	2.328987	94.330100	-46.030500	25.000000
7.640923	1.755194	2.746945	8.497258	1.059618	2.468137	94.330100	-45.510600	25.000000
7.640923	1.755194	2.746945	6.702496	1.157243	2.570043	94.330100	-44.412900	25.000000
7.640923	1.755194	2.746945	7.631703	1.022086	2.648930	94.330100	-43.893100	25.000000
7.640923	1.755194	2.746945	7.663579	0.956127	2.744209	94.330100	-42.795400	25.000000
7.640923	1.755194	2.746945	7.513956	0.999416	2.858031	94.330100	-42.275500	25.000000
7.640923	1.755194	2.746945	7.776897	0.952210	3.005213	94.330100	-41.177800	25.000000
7.640923	1.755194	2.746945	7.839225	0.944114	2.973404	94.330100	-40.658000	25.000000
7.640923	1.755194	2.746945	7.447211	0.946035	3.022963	94.330100	-39.560300	25.000000
7.640923	1.755194	2.746945	7.318421	1.979725	3.614831	94.330100	-39.040400	25.000000
7.640923	1.755194	2.746945	7.841034	1.501298	2.392841	94.330100	-37.942700	25.000000
7.640923	1.755194	2.746945	7.077294	2.312322	3.245360	94.330100	-37.422900	25.000000
7.640923	1.755194	2.746945	8.238230	2.342519	3.362457	94.330100	-36.325200	25.000000
7.640923	1.755194	2.746945	7.711376	1.928065	2.835207	94.330100	-35.805300	25.000000
7.640923	1.755194	2.746945	7.579441	1.887679	2.901800	94.330100	-34.707600	25.000000
7.640923	1.755194	2.746945	7.682359	1.823626	2.795071	94.330100	-34.187800	25.000000
7.640923	1.755194	2.746945	7.601437	1.797804	2.806307	94.330100	-33.090100	25.000000
7.640923	1.755194	2.746945	7.658988	1.783014	2.772520	94.330100	-32.570200	25.000000
7.640923	1.755194	2.746945	7.623029	1.771979	2.773890	94.330100	-31.472500	25.000000
7.640923	1.755194	2.746945	7.648700	1.767028	2.760245	94.330100	-30.952700	25.000000
7.640923	1.755194	2.746945	7.632526	1.762428	2.760045	94.330100	-29.855000	25.000000
7.640923	1.755194	2.746945	7.664323	1.760109	2.731084	95.138900	-56.833500	25.000000
7.640923	1.755194	2.746945	7.646536	1.765644	2.729892	95.138900	-55.735800	25.000000
7.640923	1.755194	2.746945	7.694813	1.769229	2.709666	95.138900	-55.215900	25.000000
7.640923	1.755194	2.746945	7.643586	1.785845	2.706887	95.138900	-54.118200	25.000000
7.640923	1.755194	2.746945	7.797647	1.801654	2.647245	95.138900	-53.598400	25.000000
7.640923	1.755194	2.746945	7.610356	1.855946	2.647616	95.138900	-52.500700	25.000000
7.640923	1.755194	2.746945	8.674974	2.010960	2.350545	95.138900	-51.980800	25.000000
7.640923	1.755194	2.746945	7.153259	2.139744	2.407939	95.138900	-50.883100	25.000000
7.640923	1.755194	2.746945	8.966123	1.568331	2.630882	95.138900	-50.363300	25.000000
7.640923	1.755194	2.746945	6.595942	2.204448	2.424678	95.138900	-49.265600	25.000000
7.640923	1.755194	2.746945	6.868592	1.133692	2.511264	95.138900	-48.745700	25.000000
7.640923	1.755194	2.746945	8.472500	1.584299	2.425343	95.138900	-47.648000	25.000000
7.640923	1.755194	2.746945	8.227024	0.923585	2.429695	95.138900	-47.128200	25.000000
7.640923	1.755194	2.746945	7.064299	1.264944	2.324286	95.138900	-46.030500	25.000000
7.640923	1.755194	2.746945	8.191218	0.963799	2.462186	95.138900	-45.510600	25.000000
7.640923	1.755194	2.746945	7.079946	1.175463	2.633670	95.138900	-44.412900	25.000000
7.640923	1.755194	2.746945	7.820507	0.966388	2.651320	95.138900	-43.893100	25.000000
7.640923	1.755194	2.746945	7.475668	0.969204	2.830304	95.138900	-42.795400	25.000000
7.640923	1.755194	2.746945	7.487254	1.101646	2.926228	95.138900	-42.275500	25.000000
7.640923	1.755194	2.746945	7.808891	1.038294	3.032946	95.138900	-41.177800	25.000000
7.640923	1.755194	2.746945	7.814551	0.998558	2.879343	95.138900	-40.658000	25.000000
7.640923	1.755194	2.746945	7.476596	0.922414	2.978265	95.138900	-39.560300	25.000000
7.640923	1.755194	2.746945	6.949341	1.924136	3.674174	95.138900	-39.040400	25.000000
7.640923	1.755194	2.746945	8.136726	1.489149	2.321668	95.138900	-37.942700	25.000000
7.640923	1.755194	2.746945	7.134019	2.287619	3.228532	95.138900	-37.422900	25.000000
7.640923	1.755194	2.746945	8.210139	2.290450	3.339322	95.138900	-36.325200	25.000000
7.640923	1.755194	2.746945	7.714934	1.914878	2.835892	95.138900	-35.805300	25.000000
7.640923	1.755194	2.746945	7.577838	1.871694	2.892499	95.138900	-34.707600	25.000000
7.640923	1.755194	2.746945	7.680478	1.816515	2.793509	95.138900	-34.187800	25.000000
7.640923	1.755194	2.746945	7.604572	1.792597	2.802150	95.138900	-33.090100	25.000000
7.640923	1.755194	2.746945	7.658380	1.779706	2.770902	95.138900	-32.570200	25.000000
7.640923	1.755194	2.746945	7.625079	1.769877	2.771720	95.138900	-31.472500	25.000000
7.640923	1.755194	2.746945	7.648558	1.765552	2.759206	95.138900	-30.952700	25.000000
7.640923	1.755194	2.746945	7.632904	1.761525	2.759129	95.138900	-29.855000	25.000000
7.640015	1.755217	2.746894	7.671764	1.760971	2.728247	95.947600	-56.833500	25.000000
7.640015	1.755217	2.746894	7.650466	1.767835	2.726725	95.947600	-55.735800	25.000000
7.640015	1.755217	2.746894	7.715485	1.772565	2.700666	95.947600	-55.215900	25.000000
7.640015	1.755217	2.746894	7.652395	1.794376	2.697460	95.947600	-54.118200	25.000000
7.640015	1.755217	2.746894	7.893608	1.818952	2.611326	95.947600	-53.598400	25.000000
7.640015	1.755217	2.746894	7.612170	1.895237	2.614841	95.947600	-52.500700	25.000000
7.640015	1.755217	2.746894	8.941309	2.065732	2.237860	95.947600	-51.980800	25.000000
7.640015	1.755217	2.746894	7.838223	2.205391	2.419035	95.947600	-50.883100	25.000000
7.640015	1.755217	2.746894	8.644144	1.621581	2.545889	95.947600	-50.363300	25.000000
7.640015	1.755217	2.746894	7.037322	1.654306	2.619919	95.947600	-49.265600	25.000000
7.640015	1.755217	2.746894	7.206735	1.068184	2.270418	95.947600	-48.745700	25.000000
7.640015	1.755217	2.746894	8.234325	1.525738	2.330085	95.947600	-47.648000	25.000000
7.640015	1.755217	2.746894	8.602067	1.008572	2.450881	95.947600	-47.128200	25.000000
7.640015	1.755217	2.746894	6.619161	1.223930	2.427939	95.947600	-46.030500	25.000000
7.640015	1.755217	2.746894	8.162730	0.968378	2.437932	95.947600	-45.510600	25.000000
7.640015	1.755217	2.746894	7.122689	1.149543	2.663974	95.947600	-44.412900	25.000000
7.640015	1.755217	2.746894	7.787571	0.983745	2.731906	95.947600	-43.893100	25.000000
7.640015	1.755217	2.746894	7.517981	1.011133	2.908703	95.947600	-42.795400	25.000000
7.640015	1.755217	2.746894	7.541098	1.074132	2.922174	95.947600	-42.275500	25.000000
7.640015	1.755217	2.746894	7.763042	0.996535	3.044336	95.947600	-41.177800	25.000000
7.640015	1.755217	2.746894	7.879954	1.012940	2.808575	95.947600	-40.658000	25.000000
7.640015	1.755217	2.746894	7.415209	0.954668	2.941524	95.947600	-39.560300	25.000000
7.640015	1.755217	2.746894	7.422112	2.226808	3.380114	95.947600	-39.040400	25.000000
7.640015	1.755217	2.746894	7.699875	1.117560	2.400091	95.947600	-37.942700	25.000000
7.640015	1.755217	2.746894	7.228609	2.250957	3.187961	95.947600	-37.422900	25.000000
7.640015	1.755217	2.746894	8.148761	2.232386	3.299019	95.947600	-36.325200	25.000000
7.640015	1.755217	2.746894	7.719086	1.900698	2.835328	95.947600	-35.805300	25.000000
7.640015	1.755217	2.746894	7.577762	1.856368	2.881863	95.947600	-34.707600	25.000000
7.640015	1.755217	2.746894	7.678618	1.809586	2.791431	95.947600	-34.187800	25.000000
7.640015	1.755217	2.746894	7.607196	1.787832	2.797790	95.947600	-33.090100	25.000000
7.640015	1.755217	2.746894	7.657015	1.776688	2.769361	95.947600	-32.570200	25.000000
7.640015	1.755217	2.746894	7.625865	1.768011	2.769753	95.947600	-31.472500	25.000000
7.640015	1.755217	2.746894	7.648265	1.764214	2.758291	95.947600	-30.952700	25.000000
7.640015	1.755217	2.746894	7.633794	1.760702	2.758089	95.947600	-29.855000	25.000000
7.640015	1.755217	2.746894	7.649927	1.760403	2.736911	96.756400	-57.353300	25.000000
7.640015	1.755217	2.746894	7.680585	1.761957	2.724755	96.756400	-56.833500	25.000000
7.640015	1.755217	2.746894	7.658147	1.770431	2.723003	96.756400	-55.735800	25.000000
7.640015	1.755217	2.746894	7.745401	1.776784	2.689359	96.756400	-55.215900	25.000000
7.640015	1.755217	2.746894	7.667312	1.805598	2.685628	96.756400	-54.118200	25.000000
7.640015	1.755217	2.746894	8.069911	1.845711	2.557868	96.756400	-53.598400	25.000000
7.640015	1.755217	2.746894	7.635399	1.953728	2.566803	96.756400	-52.500700	25.000000
7.640015	1.755217	2.746894	8.307164	2.099409	2.284202	96.756400	-51.980800	25.000000
7.640015	1.755217	2.746894	8.201379	1.368104	2.388310	96.756400	-50.363300	25.000000
7.640015	1.755217	2.746894	7.722373	1.840031	2.508113	96.756400	-49.265600	25.000000
7.640015	1.755217	2.746894	8.383123	1.222174	2.133281	96.756400	-48.745700	25.000000
7.640015	1.755217	2.746894	7.093308	1.393792	2.365277	96.756400	-47.648000	25.000000
7.640015	1.755217	2.746894	8.297058	1.178821	2.400817	96.756400	-47.128200	25.000000
7.640015	1.755217	2.746894	7.040658	1.298329	2.586981	96.756400	-46.030500	25.000000
7.640015	1.755217	2.746894	8.328764	1.163403	2.501392	96.756400	-45.510600	25.000000
7.640015	1.755217	2.746894	6.954408	1.194716	2.712658	96.756400	-44.412900	25.000000
7.640015	1.755217	2.746894	7.664013	1.130220	2.837455	96.756400	-43.893100	25.000000
7.640015	1.755217	2.746894	7.658057	1.064710	2.884521	96.756400	-42.795400	25.000000
7.640015	1.755217	2.746894	7.464298	1.013519	2.936060	96.756400	-42.275500	25.000000
7.640015	1.755217	2.746894	7.843350	0.945407	3.011930	96.756400	-41.177800	25.000000
7.640015	1.755217	2.746894	7.701312	1.112561	2.785703	96.756400	-40.658000	25.000000
7.640015	1.755217	2.746894	7.609686	0.995407	2.981759	96.756400	-39.560300	25.000000
7.640015	1.755217	2.746894	8.774691	2.034462	2.425318	96.756400	-39.040400	25.000000
7.640015	1.755217	2.746894	6.165212	0.965173	3.318055	96.756400	-37.942700	25.000000
7.640015	1.755217	2.746894	7.346355	2.204707	3.133703	96.756400	-37.422900	25.000000
7.640015	1.755217	2.746894	8.061036	2.170670	3.248006	96.756400	-36.325200	25.000000
7.640015	1.755217	2.746894	7.720342	1.886084	2.833418	96.756400	-35.805300	25.000000
7.640015	1.755217	2.746894	7.579964	1.842095	2.870493	96.756400	-34.707600	25.000000
7.640015	1.755217	2.746894	7.676286	1.803002	2.789117	96.756400	-34.187800	25.000000
7.640015	1.755217	2.746894	7.611680	1.783426	2.793488	96.756400	-33.090100	25.000000
7.640015	1.755217	2.746894	7.656438	1.773876	2.767698	96.756400	-32.570200	25.000000
7.640015	1.755217	2.746894	7.627910	1.766313	2.767837	96.756400	-31.472500	25.000000
7.640015	1.755217	2.746894	7.647274	1.763027	2.757326	96.756400	-30.952700	25.000000
7.640015	1.755217	2.746894	7.634810	1.759956	2.757050	96.756400	-29.855000	25.000000
7.640923	1.755194	2.746945	7.662397	1.757845	2.736226	97.565200	-58.451000	25.000000
7.640923	1.755194	2.746945	7.654034	1.761165	2.735630	97.565200	-57.353300	25.000000
7.640923	1.755194	2.746945	7.693077	1.763033	2.720889	97.565200	-56.833500	25.000000
7.640923	1.755194	2.746945	7.668050	1.773537	2.718921	97.565200	-55.735800	25.000000
7.640923	1.755194	2.746945	7.789421	1.781993	2.675174	97.565200	-55.215900	25.000000
7.640923	1.755194	2.746945	7.694019	1.820189	2.671083	97.565200	-54.118200	25.000000
7.640923	1.755194	2.746945	8.400604	1.887682	2.480166	97.565200	-53.598400	25.000000
7.640923	1.755194	2.746945	7.734987	2.037570	2.494834	97.565200	-52.500700	25.000000
7.640923	1.755194	2.746945	9.565417	1.897979	2.402996	97.565200	-51.980800	25.000000
7.640923	1.755194	2.746945	7.295393	1.754324	2.610158	97.565200	-50.883100	25.000000
7.640923	1.755194	2.746945	8.576026	1.342370	2.253792	97.565200	-50.363300	25.000000
7.640923	1.755194	2.746945	7.338687	1.591592	2.522248	97.565200	-49.265600	25.000000
7.640923	1.755194	2.746945	8.685397	1.437396	2.207499	97.565200	-48.745700	25.000000
7.640923	1.755194	2.746945	6.926304	1.455574	2.368467	97.565200	-47.648000	25.000000
7.640923	1.755194	2.746945	8.126871	1.360573	2.383446	97.565200	-47.128200	25.000000
7.640923	1.755194	2.746945	7.324193	1.428430	2.619827	97.565200	-46.030500	25.000000
7.640923	1.755194	2.746945	8.326244	1.394585	2.584790	97.565200	-45.510600	25.000000
7.640923	1.755194	2.746945	7.022569	1.365631	2.773197	97.565200	-44.412900	25.000000
7.640923	1.755194	2.746945	7.785565	1.230426	2.750937	97.565200	-43.893100	25.000000
7.640923	1.755194	2.746945	7.559745	1.178582	2.947035	97.565200	-42.795400	25.000000
7.640923	1.755194	2.746945	7.402461	1.027670	2.971150	97.565200	-42.275500	25.000000
7.640923	1.755194	2.746945	7.915652	1.003516	3.030049	97.565200	-41.177800	25.000000
7.640923	1.755194	2.746945	7.629871	1.270231	2.842095	97.565200	-40.658000	25.000000
7.640923	1.755194	2.746945	7.702084	1.060094	3.017812	97.565200	-39.560300	25.000000
7.640923	1.755194	2.746945	8.239291	1.072832	2.387898	97.565200	-39.040400	25.000000
7.640923	1.755194	2.746945	6.943758	2.084681	3.052072	97.565200	-37.942700	25.000000
7.640923	1.755194	2.746945	7.470255	2.153286	3.077076	97.565200	-37.422900	25.000000
7.640923	1.755194	2.746945	7.960602	2.108361	3.192406	97.565200	-36.325200	25.000000
7.640923	1.755194	2.746945	7.721013	1.871391	2.830361	97.565200	-35.805300	25.000000
7.640923	1.755194	2.746945	7.583153	1.829162	2.858823	97.565200	-34.707600	25.000000
7.640923	1.755194	2.746945	7.675419	1.796808	2.786400	97.565200	-34.187800	25.000000
7.640923	1.755194	2.746945	7.614139	1.779515	2.789335	97.565200	-33.090100	25.000000
7.640923	1.755194	2.746945	7.654814	1.771373	2.766097	97.565200	-32.570200	25.000000
7.640923	1.755194	2.746945	7.628852	1.764792	2.765993	97.565200	-31.472500	25.000000
7.640923	1.755194	2.746945	7.647218	1.761949	2.756402	97.565200	-30.952700	25.000000
7.640923	1.755194	2.746945	7.667196	1.758125	2.735028	98.374000	-58.451000	25.000000
7.640923	1.755194	2.746945	7.659524	1.761944	2.734281	98.374000	-57.353300	25.000000
7.640923	1.755194	2.746945	7.708431	1.764192	2.716606	98.374000	-56.833500	25.000000
7.640923	1.755194	2.746945	7.682076	1.777070	2.714596	98.374000	-55.735800	25.000000
7.640923	1.755194	2.746945	7.852272	1.788370	2.657844	98.374000	-55.215900	25.000000
7.640923	1.755194	2.746945	7.740281	1.838682	2.653785	98.374000	-54.118200	25.000000
7.640923	1.755194	2.746945	8.867160	1.940651	2.396506	98.374000	-53.598400	25.000000
7.640923	1.755194	2.746945	8.102591	2.113629	2.415384	98.374000	-52.500700	25.000000
7.640923	1.755194	2.746945	10.306592	1.537909	2.401639	98.374000	-51.980800	25.000000
7.640923	1.755194	2.746945	6.432142	1.837869	2.775014	98.374000	-50.883100	25.000000
7.640923	1.755194	2.746945	8.653871	1.438539	2.252120	98.374000	-50.363300	25.000000
7.640923	1.755194	2.746945	7.428749	1.369019	2.378649	98.374000	-49.265600	25.000000
7.640923	1.755194	2.746945	8.764164	1.573957	2.252424	98.374000	-48.745700	25.000000
7.640923	1.755194	2.746945	7.177264	1.636789	2.432018	98.374000	-47.648000	25.000000
7.640923	1.755194	2.746945	8.319513	1.452339	2.418894	98.374000	-47.128200	25.000000
7.640923	1.755194	2.746945	7.216240	1.433032	2.629657	98.374000	-46.030500	25.000000
7.640923	1.755194	2.746945	8.207833	1.458840	2.601317	98.374000	-45.510600	25.000000
7.640923	1.755194	2.746945	7.245730	1.498553	2.852239	98.374000	-44.412900	25.000000
7.640923	1.755194	2.746945	7.760359	1.293600	2.831755	98.374000	-43.893100	25.000000
7.640923	1.755194	2.746945	7.618398	1.223608	2.849890	98.374000	-42.795400	25.000000
7.640923	1.755194	2.746945	7.456582	1.179028	3.040859	98.374000	-42.275500	25.000000
7.640923	1.755194	2.746945	7.897942	1.124945	3.078077	98.374000	-41.177800	25.000000
7.640923	1.755194	2.746945	7.694209	1.418273	2.900591	98.374000	-40.658000	25.000000
7.640923	1.755194	2.746945	7.672120	1.125266	3.025896	98.374000	-39.560300	25.000000
7.640923	1.755194	2.746945	6.418144	1.551849	3.124917	98.374000	-39.040400	25.000000
7.640923	1.755194	2.746945	8.723786	1.417244	2.239701	98.374000	-37.942700	25.000000
7.640923	1.755194	2.746945	7.585878	2.101676	3.025846	98.374000	-37.422900	25.000000
7.640923	1.755194	2.746945	7.862157	2.048480	3.136709	98.374000	-36.325200	25.000000
7.640923	1.755194	2.746945	7.720536	1.857040	2.826255	98.374000	-35.805300	25.000000
7.640923	1.755194	2.746945	7.588019	1.817641	2.847312	98.374000	-34.707600	25.000000
7.640923	1.755194	2.746945	7.673402	1.791122	2.783489	98.374000	-34.187800	25.000000
7.640923	1.755194	2.746945	7.617332	1.776019	2.785327	98.374000	-33.090100	25.000000
7.640923	1.755194	2.746945	7.654449	1.769090	2.764397	98.374000	-32.570200	25.000000
7.640923	1.755194	2.746945	7.630287	1.763446	2.764161	98.374000	-31.472500	25.000000
7.640923	1.755194	2.746945	7.646964	1.760983	2.755458	98.374000	-30.952700	25.000000
7.640015	1.755217	2.746894	7.673028	1.758379	2.733745	99.182700	-58.451000	25.000000
7.640015	1.755217	2.746894	7.666299	1.762756	2.733002	99.182700	-57.353300	25.000000
7.640015	1.755217	2.746894	7.727453	1.765385	2.711963	99.182700	-56.833500	25.000000
7.640015	1.755217	2.746894	7.702023	1.780974	2.709999	99.182700	-55.735800	25.000000
7.640015	1.755217	2.746894	7.938379	1.795835	2.637745	99.182700	-55.215900	25.000000
7.640015	1.755217	2.746894	7.817164	1.860965	2.634532	99.182700	-54.118200	25.000000
7.640015	1.755217	2.746894	8.393814	1.938621	2.454188	99.182700	-53.598400	25.000000
7.640015	1.755217	2.746894	9.044447	1.912133	2.513679	99.182700	-52.500700	25.000000
7.640015	1.755217	2.746894	9.986465	1.339149	2.439845	99.182700	-51.980800	25.000000
7.640015	1.755217	2.746894	6.753517	1.600119	2.807925	99.182700	-50.883100	25.000000
7.640015	1.755217	2.746894	8.381615	1.491720	2.244864	99.182700	-50.363300	25.000000
7.640015	1.755217	2.746894	8.071357	1.394197	2.346868	99.182700	-49.265600	25.000000
7.640015	1.755217	2.746894	8.491639	1.550599	2.246533	99.182700	-48.745700	25.000000
7.640015	1.755217	2.746894	7.720475	1.701745	2.510010	99.182700	-47.648000	25.000000
7.640015	1.755217	2.746894	8.180129	1.465825	2.485881	99.182700	-47.128200	25.000000
7.640015	1.755217	2.746894	7.467650	1.388963	2.663079	99.182700	-46.030500	25.000000
7.640015	1.755217	2.746894	8.017498	1.350484	2.588251	99.182700	-45.510600	25.000000
7.640015	1.755217	2.746894	7.491283	1.453633	2.883183	99.182700	-44.412900	25.000000
7.640015	1.755217	2.746894	8.076976	1.307955	2.788424	99.182700	-43.893100	25.000000
7.640015	1.755217	2.746894	7.346246	1.340290	2.997572	99.182700	-42.795400	25.000000
7.640015	1.755217	2.746894	7.570418	1.378891	3.038253	99.182700	-42.275500	25.000000
7.640015	1.755217	2.746894	7.867164	1.262310	3.182559	99.182700	-41.177800	25.000000
7.640015	1.755217	2.746894	7.781580	1.525186	2.945956	99.182700	-40.658000	25.000000
7.640015	1.755217	2.746894	7.634600	1.154364	2.973910	99.182700	-39.560300	25.000000
7.640015	1.755217	2.746894	7.757500	1.574470	2.302371	99.182700	-39.040400	25.000000
7.640015	1.755217	2.746894	7.616419	1.304056	2.801846	99.182700	-37.942700	25.000000
7.640015	1.755217	2.746894	7.683525	2.053367	2.983101	99.182700	-37.422900	25.000000
7.640015	1.755217	2.746894	7.776153	1.993473	3.083394	99.182700	-36.325200	25.000000
7.640015	1.755217	2.746894	7.719291	1.843341	2.821310	99.182700	-35.805300	25.000000
7.640015	1.755217	2.746894	7.593894	1.807532	2.836194	99.182700	-34.707600	25.000000
7.640015	1.755217	2.746894	7.671816	1.785961	2.780547	99.182700	-34.187800	25.000000
7.640015	1.755217	2.746894	7.620586	1.772902	2.781435	99.182700	-33.090100	25.000000
7.640015	1.755217	2.746894	7.653677	1.767058	2.762798	99.182700	-32.570200	25.000000
7.640015	1.755217	2.746894	7.631969	1.762242	2.762330	99.182700	-31.472500	25.000000
7.640015	1.755217	2.746894	7.679376	1.758593	2.732496	99.991500	-58.451000	25.000000
7.640015	1.755217	2.746894	7.674473	1.763492	2.731809	99.991500	-57.353300	25.000000
7.640015	1.755217	2.746894	7.749126	1.766557	2.707491	99.991500	-56.833500	25.000000
7.640015	1.755217	2.746894	7.728259	1.784975	2.705622	99.991500	-55.735800	25.000000
7.640015	1.755217	2.746894	8.048439	1.803916	2.616587	99.991500	-55.215900	25.000000
7.640015	1.755217	2.746894	7.934914	1.885324	2.615501	99.991500	-54.118200	25.000000
7.640015	1.755217	2.746894	7.583802	1.932462	2.593315	99.991500	-53.598400	25.000000
7.640015	1.755217	2.746894	9.878868	1.447780	2.731887	99.991500	-52.500700	25.000000
7.640015	1.755217	2.746894	9.805330	1.218670	2.437677	99.991500	-51.980800	25.000000
7.640015	1.755217	2.746894	6.951694	1.327187	2.792798	99.991500	-50.883100	25.000000
7.640015	1.755217	2.746894	8.448487	1.500833	2.261378	99.991500	-50.363300	25.000000
7.640015	1.755217	2.746894	8.303979	1.433187	2.412118	99.991500	-49.265600	25.000000
7.640015	1.755217	2.746894	8.796553	1.534604	2.265427	99.991500	-48.745700	25.000000
7.640015	1.755217	2.746894	7.559994	1.640204	2.545287	99.991500	-47.648000	25.000000
7.640015	1.755217	2.746894	8.044236	1.525369	2.544631	99.991500	-47.128200	25.000000
7.640015	1.755217	2.746894	7.792226	1.421063	2.697000	99.991500	-46.030500	25.000000
7.640015	1.755217	2.746894	8.144664	1.317084	2.597850	99.991500	-45.510600	25.000000
7.640015	1.755217	2.746894	7.399031	1.326170	2.890370	99.991500	-44.412900	25.000000
7.640015	1.755217	2.746894	8.404548	1.436297	2.833627	99.991500	-43.893100	25.000000
7.640015	1.755217	2.746894	7.109041	1.389656	3.113649	99.991500	-42.795400	25.000000
7.640015	1.755217	2.746894	7.580838	1.477240	3.027833	99.991500	-42.275500	25.000000
7.640015	1.755217	2.746894	7.969865	1.349210	3.223556	99.991500	-41.177800	25.000000
7.640015	1.755217	2.746894	7.850201	1.588478	2.966964	99.991500	-40.658000	25.000000
7.640015	1.755217	2.746894	7.632772	1.174611	2.899208	99.991500	-39.560300	25.000000
7.640015	1.755217	2.746894	8.299185	1.402358	2.468289	99.991500	-39.040400	25.000000
7.640015	1.755217	2.746894	7.073834	1.581498	2.556515	99.991500	-37.942700	25.000000
7.640015	1.755217	2.746894	7.758406	2.009598	2.948754	99.991500	-37.422900	25.000000
7.640015	1.755217	2.746894	7.708954	1.944991	3.033586	99.991500	-36.325200	25.000000
7.640015	1.755217	2.746894	7.717452	1.830554	2.815713	99.991500	-35.805300	25.000000
7.640015	1.755217	2.746894	7.600392	1.798767	2.825698	99.991500	-34.707600	25.000000
7.640015	1.755217	2.746894	7.670320	1.781322	2.777515	99.991500	-34.187800	25.000000
7.640015	1.755217	2.746894	7.623625	1.770183	2.777786	99.991500	-33.090100	25.000000
7.640015	1.755217	2.746894	7.653323	1.765269	2.761200	99.991500	-32.570200	25.000000
7.640015	1.755217	2.746894	7.632892	1.761205	2.760878	99.991500	-31.472500	25.000000
7.637293	1.755283	2.746740	7.685778	1.758753	2.731545	100.800000	-58.451000	25.000000
7.637293	1.755283	2.746740	7.683100	1.764148	2.731085	100.800000	-57.353300	25.000000
7.637293	1.755283	2.746740	7.772525	1.767560	2.703440	100.800000	-56.833500	25.000000
7.637293	1.755283	2.746740	7.760312	1.788693	2.701923	100.800000	-55.735800	25.000000
7.637293	1.755283	2.746740	8.173920	1.811670	2.597384	100.800000	-55.215900	25.000000
7.637293	1.755283	2.746740	8.093873	1.908058	2.600221	100.800000	-54.118200	25.000000
7.637293	1.755283	2.746740	8.201854	1.928465	2.550388	100.800000	-53.598400	25.000000
7.637293	1.755283	2.746740	9.680052	1.218218	2.895551	100.800000	-52.500700	25.000000
7.637293	1.755283	2.746740	9.810748	1.102265	2.383380	100.800000	-51.980800	25.000000
7.637293	1.755283	2.746740	6.992147	1.149531	2.782615	100.800000	-50.883100	25.000000
7.637293	1.755283	2.746740	8.471890	1.517985	2.342896	100.800000	-50.363300	25.000000
7.637293	1.755283	2.746740	8.625183	1.474592	2.418352	100.800000	-49.265600	25.000000
7.637293	1.755283	2.746740	9.393480	1.671761	2.348977	100.800000	-48.745700	25.000000
7.637293	1.755283	2.746740	7.468757	1.624673	2.555123	100.800000	-47.648000	25.000000
7.637293	1.755283	2.746740	8.389513	1.671065	2.566295	100.800000	-47.128200	25.000000
7.637293	1.755283	2.746740	7.846478	1.538445	2.712742	100.800000	-46.030500	25.000000
7.637293	1.755283	2.746740	8.157601	1.425253	2.666053	100.800000	-45.510600	25.000000
7.637293	1.755283	2.746740	7.553965	1.319414	2.892874	100.800000	-44.412900	25.000000
7.637293	1.755283	2.746740	7.799025	1.417381	2.980715	100.800000	-43.893100	25.000000
7.637293	1.755283	2.746740	7.907156	1.498140	3.036157	100.800000	-42.795400	25.000000
7.637293	1.755283	2.746740	7.934687	1.441522	3.104279	100.800000	-42.275500	25.000000
7.637293	1.755283	2.746740	7.703301	1.351819	3.128479	100.800000	-41.177800	25.000000
7.637293	1.755283	2.746740	7.928083	1.643324	2.949964	100.800000	-40.658000	25.000000
7.637293	1.755283	2.746740	7.661279	1.202579	2.868780	100.800000	-39.560300	25.000000
7.637293	1.755283	2.746740	7.492839	1.371300	2.427387	100.800000	-39.040400	25.000000
7.637293	1.755283	2.746740	8.095802	1.906941	2.679133	100.800000	-37.942700	25.000000
7.637293	1.755283	2.746740	7.808937	1.970248	2.921163	100.800000	-37.422900	25.000000
7.637293	1.755283	2.746740	7.662609	1.903941	2.988034	100.800000	-36.325200	25.000000
7.637293	1.755283	2.746740	7.715126	1.818850	2.809686	100.800000	-35.805300	25.000000
7.637293	1.755283	2.746740	7.607089	1.791242	2.815914	100.800000	-34.707600	25.000000
7.637293	1.755283	2.746740	7.669075	1.777199	2.774505	100.800000	-34.187800	25.000000
7.637293	1.755283	2.746740	7.626771	1.767800	2.774260	100.800000	-33.090100	25.000000
7.637293	1.755283	2.746740	7.652314	1.763710	2.759835	100.800000	-32.570200	25.000000
7.637293	1.755283	2.746740	7.634392	1.760286	2.759303	100.800000	-31.472500	25.000000
7.637293	1.755283	2.746740	7.691741	1.758843	2.730864	101.609000	-58.451000	25.000000
7.637293	1.755283	2.746740	7.692923	1.764600	2.730446	101.609000	-57.353300	25.000000
7.637293	1.755283	2.746740	7.795657	1.768263	2.700284	101.609000	-56.833500	25.000000
7.637293	1.755283	2.746740	7.796262	1.791654	2.699423	101.609000	-55.735800	25.000000
7.637293	1.755283	2.746740	8.293416	1.817671	2.584362	101.609000	-55.215900	25.000000
7.637293	1.755283	2.746740	8.275158	1.923984	2.592550	101.609000	-54.118200	25.000000
7.637293	1.755283	2.746740	9.052390	1.830740	2.479755	101.609000	-53.598400	25.000000
7.637293	1.755283	2.746740	9.106063	1.097901	2.996226	101.609000	-52.500700	25.000000
7.637293	1.755283	2.746740	9.148876	1.071171	2.449869	101.609000	-51.980800	25.000000
7.637293	1.755283	2.746740	7.997928	0.932732	2.717001	101.609000	-50.883100	25.000000
7.637293	1.755283	2.746740	8.891577	1.541911	2.414616	101.609000	-50.363300	25.000000
7.637293	1.755283	2.746740	8.860682	1.607111	2.397795	101.609000	-49.265600	25.000000
7.637293	1.755283	2.746740	9.583607	1.844918	2.413786	101.609000	-48.745700	25.000000
7.637293	1.755283	2.746740	8.460660	1.753511	2.592386	101.609000	-47.648000	25.000000
7.637293	1.755283	2.746740	8.831210	1.810132	2.598135	101.609000	-47.128200	25.000000
7.637293	1.755283	2.746740	8.107608	1.673399	2.686382	101.609000	-46.030500	25.000000
7.637293	1.755283	2.746740	8.241182	1.627882	2.740543	101.609000	-45.510600	25.000000
7.637293	1.755283	2.746740	7.936976	1.485914	2.925222	101.609000	-44.412900	25.000000
7.637293	1.755283	2.746740	7.939544	1.545276	2.962279	101.609000	-43.893100	25.000000
7.637293	1.755283	2.746740	7.963409	1.388228	3.086081	101.609000	-42.795400	25.000000
7.637293	1.755283	2.746740	8.000380	1.344211	3.056084	101.609000	-42.275500	25.000000
7.637293	1.755283	2.746740	7.779240	1.438677	3.178118	101.609000	-41.177800	25.000000
7.637293	1.755283	2.746740	8.030632	1.695932	2.889905	101.609000	-40.658000	25.000000
7.637293	1.755283	2.746740	7.750700	1.246404	2.910995	101.609000	-39.560300	25.000000
7.637293	1.755283	2.746740	6.872715	1.399488	2.591142	101.609000	-39.040400	25.000000
7.637293	1.755283	2.746740	9.056807	2.201374	2.769281	101.609000	-37.942700	25.000000
7.637293	1.755283	2.746740	7.836980	1.934894	2.898379	101.609000	-37.422900	25.000000
7.637293	1.755283	2.746740	7.635663	1.870455	2.947278	101.609000	-36.325200	25.000000
7.637293	1.755283	2.746740	7.712349	1.808348	2.803452	101.609000	-35.805300	25.000000
7.637293	1.755283	2.746740	7.613843	1.784816	2.806904	101.609000	-34.707600	25.000000
7.637293	1.755283	2.746740	7.668152	1.773575	2.771465	101.609000	-34.187800	25.000000
7.637293	1.755283	2.746740	7.629695	1.765732	2.770985	101.609000	-33.090100	25.000000
7.637293	1.755283	2.746740	7.651713	1.762341	2.758476	101.609000	-32.570200	25.000000
7.637293	1.755283	2.746740	7.635609	1.759482	2.757848	101.609000	-31.472500	25.000000
7.637293	1.755283	2.746740	7.697331	1.758851	2.730458	102.418000	-58.451000	25.000000
7.637293	1.755283	2.746740	7.702053	1.764804	2.730368	102.418000	-57.353300	25.000000
7.637293	1.755283	2.746740	7.815362	1.768607	2.698700	102.418000	-56.833500	25.000000
7.637293	1.755283	2.746740	7.831627	1.793376	2.698626	102.418000	-55.735800	25.000000
7.637293	1.755283	2.746740	8.382976	1.820614	2.579963	102.418000	-55.215900	25.000000
7.637293	1.755283	2.746740	8.438943	1.929439	2.593592	102.418000	-54.118200	25.000000
7.637293	1.755283	2.746740	9.153886	1.686503	2.431856	102.418000	-53.598400	25.000000
7.637293	1.755283	2.746740	8.951259	0.869884	3.144984	102.418000	-52.500700	25.000000
7.637293	1.755283	2.746740	8.503698	0.943705	2.545651	102.418000	-51.980800	25.000000
7.637293	1.755283	2.746740	9.051086	1.049230	2.668474	102.418000	-50.883100	25.000000
7.637293	1.755283	2.746740	9.326072	1.551859	2.415767	102.418000	-50.363300	25.000000
7.637293	1.755283	2.746740	9.280671	1.730035	2.438997	102.418000	-49.265600	25.000000
7.637293	1.755283	2.746740	9.798551	1.874380	2.473817	102.418000	-48.745700	25.000000
7.637293	1.755283	2.746740	9.098836	1.784276	2.618298	102.418000	-47.648000	25.000000
7.637293	1.755283	2.746740	8.772140	1.820601	2.655505	102.418000	-47.128200	25.000000
7.637293	1.755283	2.746740	8.999893	1.844966	2.680560	102.418000	-46.030500	25.000000
7.637293	1.755283	2.746740	8.875278	1.847172	2.774568	102.418000	-45.510600	25.000000
7.637293	1.755283	2.746740	8.315630	1.684296	2.991228	102.418000	-44.412900	25.000000
7.637293	1.755283	2.746740	8.000645	1.558560	2.907853	102.418000	-43.893100	25.000000
7.637293	1.755283	2.746740	8.153752	1.392325	3.157685	102.418000	-42.795400	25.000000
7.637293	1.755283	2.746740	8.124903	1.412996	3.008414	102.418000	-42.275500	25.000000
7.637293	1.755283	2.746740	7.975675	1.485924	3.267660	102.418000	-41.177800	25.000000
7.637293	1.755283	2.746740	8.105389	1.710155	2.801214	102.418000	-40.658000	25.000000
7.637293	1.755283	2.746740	8.027564	1.321459	2.985054	102.418000	-39.560300	25.000000
7.637293	1.755283	2.746740	8.220861	1.735549	2.494885	102.418000	-39.040400	25.000000
7.637293	1.755283	2.746740	8.567837	2.195434	3.197132	102.418000	-37.942700	25.000000
7.637293	1.755283	2.746740	7.846428	1.903252	2.878719	102.418000	-37.422900	25.000000
7.637293	1.755283	2.746740	7.624094	1.843930	2.911745	102.418000	-36.325200	25.000000
7.637293	1.755283	2.746740	7.709274	1.799059	2.797176	102.418000	-35.805300	25.000000
7.637293	1.755283	2.746740	7.620241	1.779386	2.798670	102.418000	-34.707600	25.000000
7.637293	1.755283	2.746740	7.666563	1.770436	2.768777	102.418000	-34.187800	25.000000
7.637293	1.755283	2.746740	7.632396	1.763940	2.767963	102.418000	-33.090100	25.000000
7.637293	1.755283	2.746740	7.651314	1.761153	2.757112	102.418000	-32.570200	25.000000
7.637293	1.755283	2.746740	7.636808	1.758786	2.756527	102.418000	-31.472500	25.000000
7.646368	1.755062	2.747252	7.701344	1.758765	2.730548	103.227000	-58.451000	25.000000
7.646368	1.755062	2.747252	7.710123	1.764744	2.730685	103.227000	-57.353300	25.000000
7.646368	1.755062	2.747252	7.829967	1.768507	2.698585	103.227000	-56.833500	25.000000
7.646368	1.755062	2.747252	7.861965	1.793598	2.699422	103.227000	-55.735800	25.000000
7.646368	1.755062	2.747252	8.433863	1.820274	2.582857	103.227000	-55.215900	25.000000
7.646368	1.755062	2.747252	8.551697	1.927470	2.599936	103.227000	-54.118200	25.000000
7.646368	1.755062	2.747252	8.608899	1.659239	2.441246	103.227000	-53.598400	25.000000
7.646368	1.755062	2.747252	9.372611	0.636101	3.210002	103.227000	-52.500700	25.000000
7.646368	1.755062	2.747252	8.845107	0.993717	2.632833	103.227000	-51.980800	25.000000
7.646368	1.755062	2.747252	9.358291	1.115644	2.647688	103.227000	-50.883100	25.000000
7.646368	1.755062	2.747252	9.743652	1.530277	2.414623	103.227000	-50.363300	25.000000
7.646368	1.755062	2.747252	9.501366	1.768453	2.517027	103.227000	-49.265600	25.000000
7.646368	1.755062	2.747252	10.199499	1.832898	2.494559	103.227000	-48.745700	25.000000
7.646368	1.755062	2.747252	8.951466	1.726924	2.653252	103.227000	-47.648000	25.000000
7.646368	1.755062	2.747252	9.348402	1.788671	2.641194	103.227000	-47.128200	25.000000
7.646368	1.755062	2.747252	9.351086	1.951210	2.795413	103.227000	-46.030500	25.000000
7.646368	1.755062	2.747252	9.390746	1.918625	2.801831	103.227000	-45.510600	25.000000
7.646368	1.755062	2.747252	8.721113	1.755852	3.011256	103.227000	-44.412900	25.000000
7.646368	1.755062	2.747252	8.290618	1.635916	2.951615	103.227000	-43.893100	25.000000
7.646368	1.755062	2.747252	8.318591	1.427360	3.162874	103.227000	-42.795400	25.000000
7.646368	1.755062	2.747252	8.270698	1.486835	3.038257	103.227000	-42.275500	25.000000
7.646368	1.755062	2.747252	8.372534	1.584317	3.276501	103.227000	-41.177800	25.000000
7.646368	1.755062	2.747252	8.158487	1.658634	2.715775	103.227000	-40.658000	25.000000
7.646368	1.755062	2.747252	8.521886	1.412281	3.002608	103.227000	-39.560300	25.000000
7.646368	1.755062	2.747252	8.819152	2.134116	2.823494	103.227000	-39.040400	25.000000
7.646368	1.755062	2.747252	8.054162	2.008247	3.272094	103.227000	-37.942700	25.000000
7.646368	1.755062	2.747252	7.842843	1.875308	2.861092	103.227000	-37.422900	25.000000
7.646368	1.755062	2.747252	7.622871	1.823284	2.881489	103.227000	-36.325200	25.000000
7.646368	1.755062	2.747252	7.705946	1.790974	2.791049	103.227000	-35.805300	25.000000
7.646368	1.755062	2.747252	7.626189	1.774813	2.791218	103.227000	-34.707600	25.000000
7.646368	1.755062	2.747252	7.665474	1.767723	2.766076	103.227000	-34.187800	25.000000
7.646368	1.755062	2.747252	7.634468	1.762419	2.765318	103.227000	-33.090100	25.000000
7.637293	1.755283	2.746740	7.704031	1.758606	2.731002	104.035000	-58.451000	25.000000
7.637293	1.755283	2.746740	7.716467	1.764410	2.731360	104.035000	-57.353300	25.000000
7.637293	1.755283	2.746740	7.837617	1.767986	2.700105	104.035000	-56.833500	25.000000
7.637293	1.755283	2.746740	7.883129	1.792430	2.701679	104.035000	-55.735800	25.000000
7.637293	1.755283	2.746740	8.452033	1.817261	2.589770	104.035000	-55.215900	25.000000
7.637293	1.755283	2.746740	8.621289	1.922659	2.609088	104.035000	-54.118200	25.000000
7.637293	1.755283	2.746740	8.302984	1.811585	2.563957	104.035000	-53.598400	25.000000
7.637293	1.755283	2.746740	9.525761	0.713997	2.978544	104.035000	-52.500700	25.000000
7.637293	1.755283	2.746740	9.558911	1.110710	2.667507	104.035000	-51.980800	25.000000
7.637293	1.755283	2.746740	9.107745	1.077900	2.647084	104.035000	-50.883100	25.000000
7.637293	1.755283	2.746740	9.832004	1.501528	2.462978	104.035000	-50.363300	25.000000
7.637293	1.755283	2.746740	9.775602	1.730938	2.551963	104.035000	-49.265600	25.000000
7.637293	1.755283	2.746740	10.008237	1.779487	2.536146	104.035000	-48.745700	25.000000
7.637293	1.755283	2.746740	9.146519	1.640179	2.647219	104.035000	-47.648000	25.000000
7.637293	1.755283	2.746740	9.423365	1.811282	2.719545	104.035000	-47.128200	25.000000
7.637293	1.755283	2.746740	9.900045	1.908276	2.797589	104.035000	-46.030500	25.000000
7.637293	1.755283	2.746740	9.497031	1.877961	2.882125	104.035000	-45.510600	25.000000
7.637293	1.755283	2.746740	8.938430	1.733295	2.943398	104.035000	-44.412900	25.000000
7.637293	1.755283	2.746740	8.783775	1.743297	3.030324	104.035000	-43.893100	25.000000
7.637293	1.755283	2.746740	8.652326	1.525082	3.158849	104.035000	-42.795400	25.000000
7.637293	1.755283	2.746740	8.480580	1.534187	3.081894	104.035000	-42.275500	25.000000
7.637293	1.755283	2.746740	8.765833	1.636748	3.220297	104.035000	-41.177800	25.000000
7.637293	1.755283	2.746740	8.309932	1.595468	2.656889	104.035000	-40.658000	25.000000
7.637293	1.755283	2.746740	8.911640	1.484262	2.944321	104.035000	-39.560300	25.000000
7.637293	1.755283	2.746740	8.509264	2.139042	3.141551	104.035000	-39.040400	25.000000
7.637293	1.755283	2.746740	8.470025	2.040881	3.244152	104.035000	-37.942700	25.000000
7.637293	1.755283	2.746740	7.831622	1.851060	2.844887	104.035000	-37.422900	25.000000
7.637293	1.755283	2.746740	7.627661	1.807340	2.856094	104.035000	-36.325200	25.000000
7.637293	1.755283	2.746740	7.702367	1.784045	2.785179	104.035000	-35.805300	25.000000
7.637293	1.755283	2.746740	7.631566	1.770989	2.784521	104.035000	-34.707600	25.000000
7.637293	1.755283	2.746740	7.664149	1.765403	2.763615	104.035000	-34.187800	25.000000
7.637293	1.755283	2.746740	7.636931	1.761116	2.762676	104.035000	-33.090100	25.000000
7.637293	1.755283	2.746740	7.704626	1.758380	2.731918	104.844000	-58.451000	25.000000
7.637293	1.755283	2.746740	7.720092	1.763843	2.732476	104.844000	-57.353300	25.000000
7.637293	1.755283	2.746740	7.838585	1.767116	2.702833	104.844000	-56.833500	25.000000
7.637293	1.755283	2.746740	7.893912	1.790149	2.705142	104.844000	-55.735800	25.000000
7.637293	1.755283	2.746740	8.431799	1.812267	2.601068	104.844000	-55.215900	25.000000
7.637293	1.755283	2.746740	8.643780	1.912283	2.621568	104.844000	-54.118200	25.000000
7.637293	1.755283	2.746740	8.719663	1.905207	2.612140	104.844000	-53.598400	25.000000
7.637293	1.755283	2.746740	9.670277	1.024762	2.865524	104.844000	-52.500700	25.000000
7.637293	1.755283	2.746740	9.581987	1.028683	2.705812	104.844000	-51.980800	25.000000
7.637293	1.755283	2.746740	9.406690	1.087187	2.652198	104.844000	-50.883100	25.000000
7.637293	1.755283	2.746740	9.956242	1.487375	2.528672	104.844000	-50.363300	25.000000
7.637293	1.755283	2.746740	9.956064	1.655378	2.543645	104.844000	-49.265600	25.000000
7.637293	1.755283	2.746740	9.530979	1.682127	2.586405	104.844000	-48.745700	25.000000
7.637293	1.755283	2.746740	9.891703	1.655849	2.661818	104.844000	-47.648000	25.000000
7.637293	1.755283	2.746740	9.843435	1.823785	2.774161	104.844000	-47.128200	25.000000
7.637293	1.755283	2.746740	9.697760	1.763064	2.789165	104.844000	-46.030500	25.000000
7.637293	1.755283	2.746740	9.136241	1.712167	2.915059	104.844000	-45.510600	25.000000
7.637293	1.755283	2.746740	9.481612	1.773638	2.947815	104.844000	-44.412900	25.000000
7.637293	1.755283	2.746740	9.373659	1.796078	3.073785	104.844000	-43.893100	25.000000
7.637293	1.755283	2.746740	9.032758	1.595354	3.173632	104.844000	-42.795400	25.000000
7.637293	1.755283	2.746740	8.693752	1.528063	3.059551	104.844000	-42.275500	25.000000
7.637293	1.755283	2.746740	8.949311	1.609960	3.154531	104.844000	-41.177800	25.000000
7.637293	1.755283	2.746740	8.350993	1.684031	2.614951	104.844000	-40.658000	25.000000
7.637293	1.755283	2.746740	9.272701	1.645569	3.117917	104.844000	-39.560300	25.000000
7.637293	1.755283	2.746740	8.399204	2.056822	3.025437	104.844000	-39.040400	25.000000
7.637293	1.755283	2.746740	8.057442	1.954291	3.115868	104.844000	-37.942700	25.000000
7.637293	1.755283	2.746740	7.816597	1.830426	2.829939	104.844000	-37.422900	25.000000
7.637293	1.755283	2.746740	7.634762	1.794995	2.834971	104.844000	-36.325200	25.000000
7.637293	1.755283	2.746740	7.698301	1.778169	2.779693	104.844000	-35.805300	25.000000
7.637293	1.755283	2.746740	7.636092	1.767796	2.778547	104.844000	-34.707600	25.000000
7.637293	1.755283	2.746740	7.662951	1.763426	2.761274	104.844000	-34.187800	25.000000
7.637293	1.755283	2.746740	7.638606	1.760007	2.760408	104.844000	-33.090100	25.000000
7.637293	1.755283	2.746740	7.703918	1.758067	2.733056	105.653000	-58.451000	25.000000
7.637293	1.755283	2.746740	7.721775	1.763075	2.733785	105.653000	-57.353300	25.000000
7.637293	1.755283	2.746740	7.833324	1.765974	2.706645	105.653000	-56.833500	25.000000
7.637293	1.755283	2.746740	7.895889	1.787006	2.709299	105.653000	-55.735800	25.000000
7.637293	1.755283	2.746740	8.379519	1.806028	2.616346	105.653000	-55.215900	25.000000
7.637293	1.755283	2.746740	8.614378	1.897114	2.635874	105.653000	-54.118200	25.000000
7.637293	1.755283	2.746740	8.574643	1.908962	2.656420	105.653000	-53.598400	25.000000
7.637293	1.755283	2.746740	9.325060	1.031290	2.791083	105.653000	-52.500700	25.000000
7.637293	1.755283	2.746740	9.805335	0.898879	2.724963	105.653000	-51.980800	25.000000
7.637293	1.755283	2.746740	9.722661	1.166088	2.695775	105.653000	-50.883100	25.000000
7.637293	1.755283	2.746740	10.177085	1.458238	2.553686	105.653000	-50.363300	25.000000
7.637293	1.755283	2.746740	10.078089	1.578586	2.549787	105.653000	-49.265600	25.000000
7.637293	1.755283	2.746740	9.734861	1.597744	2.628955	105.653000	-48.745700	25.000000
7.637293	1.755283	2.746740	10.328319	1.685792	2.702269	105.653000	-47.648000	25.000000
7.637293	1.755283	2.746740	10.059628	1.761115	2.770608	105.653000	-47.128200	25.000000
7.637293	1.755283	2.746740	9.518915	1.636281	2.817460	105.653000	-46.030500	25.000000
7.637293	1.755283	2.746740	9.326984	1.627995	2.912670	105.653000	-45.510600	25.000000
7.637293	1.755283	2.746740	9.781429	1.762086	3.011206	105.653000	-44.412900	25.000000
7.637293	1.755283	2.746740	9.663329	1.751730	3.067066	105.653000	-43.893100	25.000000
7.637293	1.755283	2.746740	9.184165	1.555781	3.180163	105.653000	-42.795400	25.000000
7.637293	1.755283	2.746740	8.779338	1.461722	2.968997	105.653000	-42.275500	25.000000
7.637293	1.755283	2.746740	9.051387	1.542731	3.092002	105.653000	-41.177800	25.000000
7.637293	1.755283	2.746740	8.919404	1.495575	2.619641	105.653000	-40.658000	25.000000
7.637293	1.755283	2.746740	9.279962	1.944755	3.244511	105.653000	-39.560300	25.000000
7.637293	1.755283	2.746740	8.294026	1.983101	2.953178	105.653000	-39.040400	25.000000
7.637293	1.755283	2.746740	7.834794	1.887818	3.011328	105.653000	-37.942700	25.000000
7.637293	1.755283	2.746740	7.800040	1.813201	2.816259	105.653000	-37.422900	25.000000
7.637293	1.755283	2.746740	7.642269	1.785427	2.817420	105.653000	-36.325200	25.000000
7.637293	1.755283	2.746740	7.694044	1.773254	2.774630	105.653000	-35.805300	25.000000
7.637293	1.755283	2.746740	7.640073	1.765157	2.773245	105.653000	-34.707600	25.000000
7.637293	1.755283	2.746740	7.661455	1.761775	2.759176	105.653000	-34.187800	25.000000
7.637293	1.755283	2.746740	7.640018	1.759079	2.758399	105.653000	-33.090100	25.000000
7.646368	1.755062	2.747252	7.701265	1.757736	2.734518	106.462000	-58.451000	25.000000
7.646368	1.755062	2.747252	7.721070	1.762169	2.735258	106.462000	-57.353300	25.000000
7.646368	1.755062	2.747252	7.822794	1.764663	2.711163	106.462000	-56.833500	25.000000
7.646368	1.755062	2.747252	7.890092	1.783237	2.714046	106.462000	-55.735800	25.000000
7.646368	1.755062	2.747252	8.312440	1.799024	2.633109	106.462000	-55.215900	25.000000
7.646368	1.755062	2.747252	8.558424	1.880058	2.651235	106.462000	-54.118200	25.000000
7.646368	1.755062	2.747252	8.513509	1.926596	2.680814	106.462000	-53.598400	25.000000
7.646368	1.755062	2.747252	8.309586	1.287564	2.662639	106.462000	-52.500700	25.000000
7.646368	1.755062	2.747252	9.758340	0.986982	2.754115	106.462000	-51.980800	25.000000
7.646368	1.755062	2.747252	9.900125	1.208287	2.715767	106.462000	-50.883100	25.000000
7.646368	1.755062	2.747252	10.261494	1.398934	2.558550	106.462000	-50.363300	25.000000
7.646368	1.755062	2.747252	10.350750	1.513029	2.586770	106.462000	-49.265600	25.000000
7.646368	1.755062	2.747252	10.098360	1.551515	2.686981	106.462000	-48.745700	25.000000
7.646368	1.755062	2.747252	10.492314	1.641125	2.708924	106.462000	-47.648000	25.000000
7.646368	1.755062	2.747252	9.962671	1.675619	2.793336	106.462000	-47.128200	25.000000
7.646368	1.755062	2.747252	9.854967	1.569538	2.827130	106.462000	-46.030500	25.000000
7.646368	1.755062	2.747252	9.622092	1.605702	2.970178	106.462000	-45.510600	25.000000
7.646368	1.755062	2.747252	9.937664	1.686879	3.000286	106.462000	-44.412900	25.000000
7.646368	1.755062	2.747252	9.597726	1.637236	3.035101	106.462000	-43.893100	25.000000
7.646368	1.755062	2.747252	9.070151	1.426127	3.141909	106.462000	-42.795400	25.000000
7.646368	1.755062	2.747252	8.872760	1.381921	2.840962	106.462000	-42.275500	25.000000
7.646368	1.755062	2.747252	9.140799	1.462531	3.029255	106.462000	-41.177800	25.000000
7.646368	1.755062	2.747252	9.577268	1.484265	2.847291	106.462000	-40.658000	25.000000
7.646368	1.755062	2.747252	8.040589	2.023812	2.885223	106.462000	-39.560300	25.000000
7.646368	1.755062	2.747252	8.189739	1.922546	2.906534	106.462000	-39.040400	25.000000
7.646368	1.755062	2.747252	7.746806	1.844171	2.935762	106.462000	-37.942700	25.000000
7.646368	1.755062	2.747252	7.782976	1.799089	2.803897	106.462000	-37.422900	25.000000
7.646368	1.755062	2.747252	7.649078	1.777973	2.802870	106.462000	-36.325200	25.000000
7.646368	1.755062	2.747252	7.689550	1.769207	2.770056	106.462000	-35.805300	25.000000
7.646368	1.755062	2.747252	7.643147	1.762998	2.768615	106.462000	-34.707600	25.000000
7.646368	1.755062	2.747252	7.660094	1.760401	2.757204	106.462000	-34.187800	25.000000
7.637293	1.755283	2.746740	7.697417	1.757368	2.736059	107.270000	-58.451000	25.000000
7.637293	1.755283	2.746740	7.717953	1.761178	2.736890	107.270000	-57.353300	25.000000
7.637293	1.755283	2.746740	7.808105	1.763232	2.716165	107.270000	-56.833500	25.000000
7.637293	1.755283	2.746740	7.876982	1.779040	2.719251	107.270000	-55.735800	25.000000
7.637293	1.755283	2.746740	8.232263	1.791640	2.651483	107.270000	-55.215900	25.000000
7.637293	1.755283	2.746740	8.484728	1.860596	2.668001	107.270000	-54.118200	25.000000
7.637293	1.755283	2.746740	8.830860	1.913238	2.643649	107.270000	-53.598400	25.000000
7.637293	1.755283	2.746740	9.009013	1.680853	2.660787	107.270000	-52.500700	25.000000
7.637293	1.755283	2.746740	9.794976	1.222728	2.730294	107.270000	-51.980800	25.000000
7.637293	1.755283	2.746740	9.702878	1.176505	2.740666	107.270000	-50.883100	25.000000
7.637293	1.755283	2.746740	10.296040	1.324301	2.576063	107.270000	-50.363300	25.000000
7.637293	1.755283	2.746740	10.542650	1.460878	2.636716	107.270000	-49.265600	25.000000
7.637293	1.755283	2.746740	10.338581	1.499828	2.715728	107.270000	-48.745700	25.000000
7.637293	1.755283	2.746740	10.429462	1.556682	2.715272	107.270000	-47.648000	25.000000
7.637293	1.755283	2.746740	9.965666	1.578122	2.820851	107.270000	-47.128200	25.000000
7.637293	1.755283	2.746740	10.339683	1.537878	2.848941	107.270000	-46.030500	25.000000
7.637293	1.755283	2.746740	10.036477	1.575659	2.982115	107.270000	-45.510600	25.000000
7.637293	1.755283	2.746740	9.698318	1.534566	2.984461	107.270000	-44.412900	25.000000
7.637293	1.755283	2.746740	9.402019	1.446407	3.004482	107.270000	-43.893100	25.000000
7.637293	1.755283	2.746740	8.923781	1.263640	3.037669	107.270000	-42.795400	25.000000
7.637293	1.755283	2.746740	9.105372	1.318325	2.696872	107.270000	-42.275500	25.000000
7.637293	1.755283	2.746740	9.237672	1.414976	2.985920	107.270000	-41.177800	25.000000
7.637293	1.755283	2.746740	9.443729	1.930040	3.001099	107.270000	-40.658000	25.000000
7.637293	1.755283	2.746740	8.319241	1.969248	3.036004	107.270000	-39.560300	25.000000
7.637293	1.755283	2.746740	8.092787	1.874565	2.871051	107.270000	-39.040400	25.000000
7.637293	1.755283	2.746740	7.716628	1.815500	2.881924	107.270000	-37.942700	25.000000
7.637293	1.755283	2.746740	7.765767	1.787773	2.792944	107.270000	-37.422900	25.000000
7.637293	1.755283	2.746740	7.654441	1.772169	2.790805	107.270000	-36.325200	25.000000
7.637293	1.755283	2.746740	7.684789	1.765908	2.765983	107.270000	-35.805300	25.000000
7.637293	1.755283	2.746740	7.645518	1.761246	2.764575	107.270000	-34.707600	25.000000
7.637293	1.755283	2.746740	7.789945	1.761777	2.721404	108.079000	-56.833500	25.000000
7.637293	1.755283	2.746740	7.857546	1.774596	2.724535	108.079000	-55.735800	25.000000
7.637293	1.755283	2.746740	8.143889	1.784178	2.670551	108.079000	-55.215900	25.000000
7.637293	1.755283	2.746740	8.390442	1.839289	2.685281	108.079000	-54.118200	25.000000
7.637293	1.755283	2.746740	8.847058	1.880206	2.643754	108.079000	-53.598400	25.000000
7.637293	1.755283	2.746740	9.170282	1.770868	2.672323	108.079000	-52.500700	25.000000
7.637293	1.755283	2.746740	9.416315	1.319287	2.690510	108.079000	-51.980800	25.000000
7.637293	1.755283	2.746740	9.604856	1.102758	2.762308	108.079000	-50.883100	25.000000
7.637293	1.755283	2.746740	10.240286	1.244540	2.624950	108.079000	-50.363300	25.000000
7.637293	1.755283	2.746740	10.520673	1.364142	2.665176	108.079000	-49.265600	25.000000
7.637293	1.755283	2.746740	10.287242	1.374381	2.720830	108.079000	-48.745700	25.000000
7.637293	1.755283	2.746740	10.435389	1.458818	2.739737	108.079000	-47.648000	25.000000
7.637293	1.755283	2.746740	10.199882	1.486864	2.848636	108.079000	-47.128200	25.000000
7.637293	1.755283	2.746740	10.559868	1.486472	2.866169	108.079000	-46.030500	25.000000
7.637293	1.755283	2.746740	10.165123	1.489202	2.931343	108.079000	-45.510600	25.000000
7.637293	1.755283	2.746740	9.481477	1.323642	2.977663	108.079000	-44.412900	25.000000
7.637293	1.755283	2.746740	9.326344	1.208244	2.936896	108.079000	-43.893100	25.000000
7.637293	1.755283	2.746740	9.014062	1.124244	2.916528	108.079000	-42.795400	25.000000
7.637293	1.755283	2.746740	9.522353	1.263748	2.554743	108.079000	-42.275500	25.000000
7.637293	1.755283	2.746740	8.753429	1.524444	3.025412	108.079000	-41.177800	25.000000
7.637293	1.755283	2.746740	9.152550	2.005522	2.979193	108.079000	-40.658000	25.000000
7.637293	1.755283	2.746740	8.231015	1.918431	3.037316	108.079000	-39.560300	25.000000
7.637293	1.755283	2.746740	8.006316	1.837760	2.841988	108.079000	-39.040400	25.000000
7.637293	1.755283	2.746740	7.707241	1.796138	2.843161	108.079000	-37.942700	25.000000
7.637293	1.755283	2.746740	7.748833	1.778867	2.783387	108.079000	-37.422900	25.000000
7.637293	1.755283	2.746740	7.658137	1.767688	2.780901	108.079000	-36.325200	25.000000
7.637293	1.755283	2.746740	7.679889	1.763261	2.762397	108.079000	-35.805300	25.000000
7.637293	1.755283	2.746740	7.647068	1.759822	2.761110	108.079000	-34.707600	25.000000
7.637293	1.755283	2.746740	7.769232	1.760392	2.726642	108.888000	-56.833500	25.000000
7.637293	1.755283	2.746740	7.832437	1.770228	2.729632	108.888000	-55.735800	25.000000
7.637293	1.755283	2.746740	8.052593	1.777059	2.688964	108.888000	-55.215900	25.000000
7.637293	1.755283	2.746740	8.278815	1.818253	2.701532	108.888000	-54.118200	25.000000
7.637293	1.755283	2.746740	8.764435	1.848826	2.648129	108.888000	-53.598400	25.000000
7.637293	1.755283	2.746740	9.045724	1.848987	2.670017	108.888000	-52.500700	25.000000
7.637293	1.755283	2.746740	8.675101	1.550299	2.658567	108.888000	-51.980800	25.000000
7.637293	1.755283	2.746740	9.302362	1.094990	2.774747	108.888000	-50.883100	25.000000
7.637293	1.755283	2.746740	10.127709	1.147147	2.662827	108.888000	-50.363300	25.000000
7.637293	1.755283	2.746740	10.360154	1.176484	2.682936	108.888000	-49.265600	25.000000
7.637293	1.755283	2.746740	10.302187	1.193094	2.723482	108.888000	-48.745700	25.000000
7.637293	1.755283	2.746740	10.445671	1.362216	2.782574	108.888000	-47.648000	25.000000
7.637293	1.755283	2.746740	10.382445	1.407235	2.861842	108.888000	-47.128200	25.000000
7.637293	1.755283	2.746740	10.438573	1.386141	2.864959	108.888000	-46.030500	25.000000
7.637293	1.755283	2.746740	10.103914	1.348816	2.875843	108.888000	-45.510600	25.000000
7.637293	1.755283	2.746740	9.531017	1.083867	2.918062	108.888000	-44.412900	25.000000
7.637293	1.755283	2.746740	9.554255	0.996699	2.794671	108.888000	-43.893100	25.000000
7.637293	1.755283	2.746740	9.182757	1.020197	2.813854	108.888000	-42.795400	25.000000
7.637293	1.755283	2.746740	9.165614	1.157463	2.620616	108.888000	-42.275500	25.000000
7.637293	1.755283	2.746740	8.847478	1.917973	2.967400	108.888000	-41.177800	25.000000
7.637293	1.755283	2.746740	8.779563	1.948673	2.925407	108.888000	-40.658000	25.000000
7.637293	1.755283	2.746740	7.999250	1.858566	2.952921	108.888000	-39.560300	25.000000
7.637293	1.755283	2.746740	7.930064	1.810589	2.818056	108.888000	-39.040400	25.000000
7.637293	1.755283	2.746740	7.703087	1.782830	2.815034	108.888000	-37.942700	25.000000
7.637293	1.755283	2.746740	7.732144	1.772032	2.775291	108.888000	-37.422900	25.000000
7.637293	1.755283	2.746740	7.660128	1.764283	2.772852	108.888000	-36.325200	25.000000
7.637293	1.755283	2.746740	7.674931	1.761184	2.759327	108.888000	-35.805300	25.000000
7.637293	1.755283	2.746740	7.648006	1.758694	2.758190	108.888000	-34.707600	25.000000
7.646368	1.755062	2.747252	7.747511	1.759129	2.731539	109.697000	-56.833500	25.000000
7.646368	1.755062	2.747252	7.803186	1.766241	2.734184	109.697000	-55.735800	25.000000
7.646368	1.755062	2.747252	7.964402	1.770811	2.705232	109.697000	-55.215900	25.000000
7.646368	1.755062	2.747252	8.156037	1.799349	2.715453	109.697000	-54.118200	25.000000
7.646368	1.755062	2.747252	8.599808	1.820601	2.660679	109.697000	-53.598400	25.000000
7.646368	1.755062	2.747252	9.017485	1.877298	2.688541	109.697000	-52.500700	25.000000
7.646368	1.755062	2.747252	8.892156	1.815860	2.688039	109.697000	-51.980800	25.000000
7.646368	1.755062	2.747252	8.508032	1.317729	2.722263	109.697000	-50.883100	25.000000
7.646368	1.755062	2.747252	9.238344	1.146825	2.664933	109.697000	-50.363300	25.000000
7.646368	1.755062	2.747252	10.043817	1.014686	2.706112	109.697000	-49.265600	25.000000
7.646368	1.755062	2.747252	10.246474	1.047337	2.761969	109.697000	-48.745700	25.000000
7.646368	1.755062	2.747252	10.406431	1.251982	2.811400	109.697000	-47.648000	25.000000
7.646368	1.755062	2.747252	10.368883	1.287774	2.843748	109.697000	-47.128200	25.000000
7.646368	1.755062	2.747252	10.211246	1.225985	2.837299	109.697000	-46.030500	25.000000
7.646368	1.755062	2.747252	10.036711	1.178419	2.826720	109.697000	-45.510600	25.000000
7.646368	1.755062	2.747252	9.715701	0.880583	2.771230	109.697000	-44.412900	25.000000
7.646368	1.755062	2.747252	9.816023	0.888718	2.594339	109.697000	-43.893100	25.000000
7.646368	1.755062	2.747252	8.137646	1.213707	2.847743	109.697000	-42.795400	25.000000
7.646368	1.755062	2.747252	8.407852	1.744471	2.902811	109.697000	-42.275500	25.000000
7.646368	1.755062	2.747252	8.791428	1.921370	2.879253	109.697000	-41.177800	25.000000
7.646368	1.755062	2.747252	8.431324	1.877591	2.874340	109.697000	-40.658000	25.000000
7.646368	1.755062	2.747252	7.876416	1.816951	2.877627	109.697000	-39.560300	25.000000
7.646368	1.755062	2.747252	7.864303	1.791341	2.798857	109.697000	-39.040400	25.000000
7.646368	1.755062	2.747252	7.698666	1.773648	2.794687	109.697000	-37.942700	25.000000
7.646368	1.755062	2.747252	7.716456	1.766934	2.768599	109.697000	-37.422900	25.000000
7.646368	1.755062	2.747252	7.660466	1.761707	2.766441	109.697000	-36.325200	25.000000
7.646368	1.755062	2.747252	7.670115	1.759566	2.756709	109.697000	-35.805300	25.000000
7.646368	1.755062	2.747252	7.727018	1.758067	2.735641	110.506000	-56.833500	25.000000
7.646368	1.755062	2.747252	7.773186	1.762928	2.737794	110.506000	-55.735800	25.000000
7.646368	1.755062	2.747252	7.885115	1.765813	2.718517	110.506000	-55.215900	25.000000
7.646368	1.755062	2.747252	8.034588	1.784108	2.726265	110.506000	-54.118200	25.000000
7.646368	1.755062	2.747252	8.350175	1.797175	2.685821	110.506000	-53.598400	25.000000
7.646368	1.755062	2.747252	8.750172	1.848400	2.709544	110.506000	-52.500700	25.000000
7.646368	1.755062	2.747252	9.026391	1.864137	2.700104	110.506000	-51.980800	25.000000
7.646368	1.755062	2.747252	8.722374	1.735939	2.690717	110.506000	-50.883100	25.000000
7.646368	1.755062	2.747252	8.201923	1.576941	2.705397	110.506000	-50.363300	25.000000
7.646368	1.755062	2.747252	8.680640	1.224139	2.728191	110.506000	-49.265600	25.000000
7.646368	1.755062	2.747252	9.312929	1.125002	2.797109	110.506000	-48.745700	25.000000
7.646368	1.755062	2.747252	9.887214	1.132847	2.827923	110.506000	-47.648000	25.000000
7.646368	1.755062	2.747252	10.059357	1.138701	2.787091	110.506000	-47.128200	25.000000
7.646368	1.755062	2.747252	9.793005	1.113551	2.771923	110.506000	-46.030500	25.000000
7.646368	1.755062	2.747252	9.594228	1.122411	2.743012	110.506000	-45.510600	25.000000
7.646368	1.755062	2.747252	8.159088	1.090215	2.689903	110.506000	-44.412900	25.000000
7.646368	1.755062	2.747252	7.641834	1.225983	2.761375	110.506000	-43.893100	25.000000
7.646368	1.755062	2.747252	8.822976	1.856086	2.898536	110.506000	-42.795400	25.000000
7.646368	1.755062	2.747252	9.105189	1.927205	2.910067	110.506000	-42.275500	25.000000
7.646368	1.755062	2.747252	8.354304	1.867294	2.917898	110.506000	-41.177800	25.000000
7.646368	1.755062	2.747252	8.171249	1.827534	2.833759	110.506000	-40.658000	25.000000
7.646368	1.755062	2.747252	7.813119	1.791891	2.828608	110.506000	-39.560300	25.000000
7.646368	1.755062	2.747252	7.809687	1.778217	2.783980	110.506000	-39.040400	25.000000
7.646368	1.755062	2.747252	7.692521	1.767380	2.780074	110.506000	-37.942700	25.000000
7.646368	1.755062	2.747252	7.702064	1.763242	2.763204	110.506000	-37.422900	25.000000
7.646368	1.755062	2.747252	7.659628	1.759788	2.761424	110.506000	-36.325200	25.000000
7.637293	1.755283	2.746740	7.819267	1.762146	2.728458	111.314000	-55.215900	25.000000
7.637293	1.755283	2.746740	7.927735	1.773127	2.733965	111.314000	-54.118200	25.000000
7.637293	1.755283	2.746740	8.125443	1.780466	2.708944	111.314000	-53.598400	25.000000
7.637293	1.755283	2.746740	8.420838	1.813150	2.725065	111.314000	-52.500700	25.000000
7.637293	1.755283	2.746740	8.768805	1.831647	2.699821	111.314000	-51.980800	25.000000
7.637293	1.755283	2.746740	9.144275	1.866962	2.721447	111.314000	-50.883100	25.000000
7.637293	1.755283	2.746740	9.150968	1.872364	2.745272	111.314000	-50.363300	25.000000
7.637293	1.755283	2.746740	8.518056	1.583581	2.784883	111.314000	-48.745700	25.000000
7.637293	1.755283	2.746740	8.407507	1.335249	2.788467	111.314000	-47.648000	25.000000
7.637293	1.755283	2.746740	8.588875	1.306557	2.739244	111.314000	-47.128200	25.000000
7.637293	1.755283	2.746740	8.493906	1.386865	2.747526	111.314000	-46.030500	25.000000
7.637293	1.755283	2.746740	8.513030	1.530236	2.773972	111.314000	-45.510600	25.000000
7.637293	1.755283	2.746740	9.087980	1.859266	2.826229	111.314000	-44.412900	25.000000
7.637293	1.755283	2.746740	9.138102	1.905735	2.901135	111.314000	-43.893100	25.000000
7.637293	1.755283	2.746740	8.884804	1.895595	2.899345	111.314000	-42.795400	25.000000
7.637293	1.755283	2.746740	8.626592	1.865785	2.860664	111.314000	-42.275500	25.000000
7.637293	1.755283	2.746740	8.072128	1.817413	2.855897	111.314000	-41.177800	25.000000
7.637293	1.755283	2.746740	7.992712	1.796538	2.804225	111.314000	-40.658000	25.000000
7.637293	1.755283	2.746740	7.770602	1.776948	2.798080	111.314000	-39.560300	25.000000
7.637293	1.755283	2.746740	7.765952	1.769593	2.772900	111.314000	-39.040400	25.000000
7.637293	1.755283	2.746740	7.685246	1.763152	2.769722	111.314000	-37.942700	25.000000
7.637293	1.755283	2.746740	7.689350	1.760611	2.758969	111.314000	-37.422900	25.000000
7.637293	1.755283	2.746740	7.657834	1.758397	2.757569	111.314000	-36.325200	25.000000
7.637293	1.755283	2.746740	7.768494	1.759597	2.735243	112.123000	-55.215900	25.000000
7.637293	1.755283	2.746740	7.842649	1.765856	2.739073	112.123000	-54.118200	25.000000
7.637293	1.755283	2.746740	7.959152	1.769740	2.725073	112.123000	-53.598400	25.000000
7.637293	1.755283	2.746740	8.150772	1.787599	2.735058	112.123000	-52.500700	25.000000
7.637293	1.755283	2.746740	8.373452	1.798582	2.718444	112.123000	-51.980800	25.000000
7.637293	1.755283	2.746740	8.730124	1.832866	2.737313	112.123000	-50.883100	25.000000
7.637293	1.755283	2.746740	8.961969	1.850646	2.738387	112.123000	-50.363300	25.000000
7.637293	1.755283	2.746740	9.262630	1.868436	2.753705	112.123000	-49.265600	25.000000
7.637293	1.755283	2.746740	9.130737	1.852503	2.777220	112.123000	-48.745700	25.000000
7.637293	1.755283	2.746740	8.931973	1.807691	2.771992	112.123000	-47.648000	25.000000
7.637293	1.755283	2.746740	8.844357	1.806558	2.798987	112.123000	-47.128200	25.000000
7.637293	1.755283	2.746740	9.069414	1.838189	2.806118	112.123000	-46.030500	25.000000
7.637293	1.755283	2.746740	9.156150	1.872749	2.851442	112.123000	-45.510600	25.000000
7.637293	1.755283	2.746740	9.147072	1.891595	2.849080	112.123000	-44.412900	25.000000
7.637293	1.755283	2.746740	8.896964	1.876197	2.857773	112.123000	-43.893100	25.000000
7.637293	1.755283	2.746740	8.375411	1.833954	2.851079	112.123000	-42.795400	25.000000
7.637293	1.755283	2.746740	8.228675	1.814041	2.818302	112.123000	-42.275500	25.000000
7.637293	1.755283	2.746740	7.915224	1.788436	2.810480	112.123000	-41.177800	25.000000
7.637293	1.755283	2.746740	7.872660	1.778377	2.783949	112.123000	-40.658000	25.000000
7.637293	1.755283	2.746740	7.737829	1.768032	2.779055	112.123000	-39.560300	25.000000
7.637293	1.755283	2.746740	7.731866	1.764073	2.764870	112.123000	-39.040400	25.000000
7.637293	1.755283	2.746740	7.677497	1.760337	2.762512	112.123000	-37.942700	25.000000
7.637293	1.755283	2.746740	7.846061	1.763341	2.734892	112.932000	-53.598400	25.000000
7.637293	1.755283	2.746740	7.961451	1.772309	2.740771	112.932000	-52.500700	25.000000
7.637293	1.755283	2.746740	8.082515	1.777701	2.732468	112.932000	-51.980800	25.000000
7.637293	1.755283	2.746740	8.298326	1.795783	2.743428	112.932000	-50.883100	25.000000
7.637293	1.755283	2.746740	8.450585	1.805923	2.742143	112.932000	-50.363300	25.000000
7.637293	1.755283	2.746740	8.724294	1.828680	2.755306	112.932000	-49.265600	25.000000
7.637293	1.755283	2.746740	8.796352	1.837829	2.770740	112.932000	-48.745700	25.000000
7.637293	1.755283	2.746740	8.959911	1.849482	2.777554	112.932000	-47.648000	25.000000
7.637293	1.755283	2.746740	8.915916	1.854455	2.805496	112.932000	-47.128200	25.000000
7.637293	1.755283	2.746740	8.885573	1.851174	2.804624	112.932000	-46.030500	25.000000
7.637293	1.755283	2.746740	8.759441	1.848288	2.824932	112.932000	-45.510600	25.000000
7.637293	1.755283	2.746740	8.499224	1.828400	2.818301	112.932000	-44.412900	25.000000
7.637293	1.755283	2.746740	8.351101	1.816733	2.814244	112.932000	-43.893100	25.000000
7.637293	1.755283	2.746740	8.064836	1.794497	2.806270	112.932000	-42.795400	25.000000
7.637293	1.755283	2.746740	7.988520	1.785203	2.790000	112.932000	-42.275500	25.000000
7.637293	1.755283	2.746740	7.819041	1.772910	2.783988	112.932000	-41.177800	25.000000
7.637293	1.755283	2.746740	7.793025	1.768095	2.770583	112.932000	-40.658000	25.000000
7.637293	1.755283	2.746740	7.712087	1.762765	2.767194	112.932000	-39.560300	25.000000
7.637293	1.755283	2.746740	7.706346	1.760636	2.759199	112.932000	-39.040400	25.000000
7.637293	1.755283	2.746740	7.670144	1.758490	2.757538	112.932000	-37.942700	25.000000
7.646368	1.755062	2.747252	7.902982	1.766540	2.740065	113.741000	-51.980800	25.000000
7.646368	1.755062	2.747252	8.021573	1.774927	2.746010	113.741000	-50.883100	25.000000
7.646368	1.755062	2.747252	8.100213	1.779702	2.746259	113.741000	-50.363300	25.000000
7.646368	1.755062	2.747252	8.256176	1.791300	2.753779	113.741000	-49.265600	25.000000
7.646368	1.755062	2.747252	8.304116	1.796908	2.763516	113.741000	-48.745700	25.000000
7.646368	1.755062	2.747252	8.409249	1.804178	2.768152	113.741000	-47.648000	25.000000
7.646368	1.755062	2.747252	8.381480	1.806549	2.784031	113.741000	-47.128200	25.000000
7.646368	1.755062	2.747252	8.345215	1.803428	2.782686	113.741000	-46.030500	25.000000
7.646368	1.755062	2.747252	8.261925	1.800730	2.792730	113.741000	-45.510600	25.000000
7.646368	1.755062	2.747252	8.113501	1.789886	2.787451	113.741000	-44.412900	25.000000
7.646368	1.755062	2.747252	8.035401	1.784544	2.785567	113.741000	-43.893100	25.000000
7.646368	1.755062	2.747252	7.890659	1.774569	2.780108	113.741000	-42.795400	25.000000
7.646368	1.755062	2.747252	7.848955	1.770452	2.772627	113.741000	-42.275500	25.000000
7.646368	1.755062	2.747252	7.757408	1.764716	2.768776	113.741000	-41.177800	25.000000
7.646368	1.755062	2.747252	7.740830	1.762398	2.761988	113.741000	-40.658000	25.000000
7.646368	1.755062	2.747252	7.692510	1.759645	2.759794	113.741000	-39.560300	25.000000
7.637293	1.755283	2.746740	7.899213	1.766764	2.747837	114.549000	-50.363300	25.000000
7.637293	1.755283	2.746740	7.978160	1.771690	2.751704	114.549000	-49.265600	25.000000
7.637293	1.755283	2.746740	8.000337	1.774136	2.757226	114.549000	-48.745700	25.000000
7.637293	1.755283	2.746740	8.050935	1.777179	2.759595	114.549000	-47.648000	25.000000
7.637293	1.755283	2.746740	8.035644	1.778226	2.767760	114.549000	-47.128200	25.000000
7.637293	1.755283	2.746740	8.017201	1.776874	2.766969	114.549000	-46.030500	25.000000
7.637293	1.755283	2.746740	7.974820	1.775782	2.772167	114.549000	-45.510600	25.000000
7.637293	1.755283	2.746740	7.903811	1.771281	2.769158	114.549000	-44.412900	25.000000
7.637293	1.755283	2.746740	7.863581	1.769129	2.768801	114.549000	-43.893100	25.000000
7.637293	1.755283	2.746740	7.791071	1.764848	2.765636	114.549000	-42.795400	25.000000
7.637293	1.755283	2.746740	7.767513	1.763043	2.762292	114.549000	-42.275500	25.000000
7.637293	1.755283	2.746740	7.717497	1.760359	2.760001	114.549000	-41.177800	25.000000
7.637293	1.755283	2.746740	7.706751	1.759239	2.756536	114.549000	-40.658000	25.000000
7.637293	1.755283	2.746740	7.837127	1.763758	2.753066	115.358000	-48.745700	25.000000
7.637293	1.755283	2.746740	7.861165	1.764963	2.754249	115.358000	-47.648000	25.000000
7.637293	1.755283	2.746740	7.853040	1.765439	2.758411	115.358000	-47.128200	25.000000
7.637293	1.755283	2.746740	7.844789	1.764931	2.758027	115.358000	-46.030500	25.000000
7.637293	1.755283	2.746740	7.823751	1.764548	2.760789	115.358000	-45.510600	25.000000
7.637293	1.755283	2.746740	7.790425	1.762772	2.759243	115.358000	-44.412900	25.000000
7.637293	1.755283	2.746740	7.769427	1.761933	2.759409	115.358000	-43.893100	25.000000
7.637293	1.755283	2.746740	7.732697	1.760100	2.757673	115.358000	-42.795400	25.000000
7.637293	1.755283	2.746740	7.719162	1.759302	2.756215	115.358000	-42.275500	25.000000
