16.101935	2.487245	4.215830	16.063935	2.492803	4.230310	-5.714580	8.335840	25.000000
16.101561	2.487275	4.215796	16.063935	2.492803	4.230310	-5.714580	12.668600	25.000000
16.101964	2.487242	4.215821	16.143729	2.496546	4.230310	-4.905800	8.335840	25.000000
16.101964	2.487242	4.215821	16.143729	2.496546	4.230310	-4.905800	9.953390	25.000000
16.102125	2.487229	4.215835	16.063935	2.492803	4.230310	-4.905800	11.051100	25.000000
16.101590	2.487273	4.215787	16.063935	2.492803	4.230310	-4.905800	11.570900	25.000000
16.101590	2.487273	4.215787	16.116141	2.498825	4.239482	-4.905800	12.668600	25.000000
16.102125	2.487229	4.215835	16.143729	2.496546	4.230310	-4.905800	13.188500	25.000000
16.102125	2.487229	4.215835	16.117692	2.488418	4.235044	-4.905800	14.286200	25.000000
16.101590	2.487273	4.215787	16.117692	2.488418	4.235044	-4.905800	14.806000	25.000000
16.101590	2.487273	4.215787	16.117692	2.488418	4.235044	-4.905800	15.903700	25.000000
16.101935	2.487245	4.215830	16.090681	2.500941	4.225490	-4.097030	6.718290	25.000000
16.101935	2.487245	4.215830	16.090681	2.500941	4.225490	-4.097030	7.815990	25.000000
16.101935	2.487245	4.215830	16.143729	2.496546	4.230310	-4.097030	8.335840	25.000000
16.101935	2.487245	4.215830	16.116141	2.498825	4.239482	-4.097030	9.433540	25.000000
16.101935	2.487245	4.215830	16.089127	2.501070	4.248741	-4.097030	9.953390	25.000000
16.102096	2.487232	4.215844	16.116141	2.498825	4.239482	-4.097030	11.051100	25.000000
16.101561	2.487275	4.215796	16.089127	2.501070	4.248741	-4.097030	11.570900	25.000000
16.101561	2.487275	4.215796	16.116141	2.498825	4.239482	-4.097030	12.668600	25.000000
16.102096	2.487232	4.215844	16.009060	2.497337	4.248741	-4.097030	13.188500	25.000000
16.102096	2.487232	4.215844	16.036209	2.495087	4.239482	-4.097030	14.286200	25.000000
16.101561	2.487275	4.215796	16.142800	2.496623	4.253350	-4.097030	14.806000	25.000000
16.101561	2.487275	4.215796	16.036209	2.495087	4.239482	-4.097030	15.903700	25.000000
16.102096	2.487232	4.215844	16.117692	2.488418	4.235044	-4.097030	16.423600	25.000000
16.102096	2.487232	4.215844	16.063935	2.492803	4.230310	-4.097030	17.521300	25.000000
16.101561	2.487275	4.215796	16.038391	2.484629	4.235044	-4.097030	18.041100	25.000000
16.101964	2.487242	4.215821	16.118933	2.498594	4.216345	-3.288250	4.580890	25.000000
16.101964	2.487242	4.215821	16.118933	2.498594	4.216345	-3.288250	6.198440	25.000000
16.101964	2.487242	4.215821	16.116141	2.498825	4.239482	-3.288250	6.718290	25.000000
16.101964	2.487242	4.215821	16.090681	2.500941	4.225490	-3.288250	7.815990	25.000000
16.101964	2.487242	4.215821	16.116451	2.509223	4.244047	-3.288250	8.335840	25.000000
16.101964	2.487242	4.215821	16.090059	2.511465	4.253458	-3.288250	9.433540	25.000000
16.101964	2.487242	4.215821	16.090059	2.511465	4.253458	-3.288250	9.953390	25.000000
16.102125	2.487229	4.215835	16.145278	2.517310	4.262958	-3.288250	11.051100	25.000000
16.101590	2.487273	4.215787	16.092234	2.511280	4.277036	-3.288250	11.570900	25.000000
16.101590	2.487273	4.215787	16.039015	2.515842	4.272546	-3.288250	12.668600	25.000000
16.102125	2.487229	4.215835	16.036833	2.505458	4.267519	-3.288250	13.188500	25.000000
16.102125	2.487229	4.215835	16.065491	2.503047	4.281440	-3.288250	14.286200	25.000000
16.101590	2.487273	4.215787	16.196913	2.492195	4.257874	-3.288250	14.806000	25.000000
16.101590	2.487273	4.215787	16.090681	2.500941	4.271993	-3.288250	15.903700	25.000000
16.102125	2.487229	4.215835	16.144349	2.486263	4.248741	-3.288250	16.423600	25.000000
16.102125	2.487229	4.215835	16.090059	2.490665	4.244154	-3.288250	17.521300	25.000000
16.101590	2.487273	4.215787	16.117692	2.488418	4.235044	-3.288250	18.041100	25.000000
16.101590	2.487273	4.215787	16.117692	2.488418	4.235044	-3.288250	19.138800	25.000000
16.102125	2.487229	4.215835	16.063935	2.492803	4.230310	-3.288250	19.658700	25.000000
16.101935	2.487245	4.215830	16.090681	2.500941	4.225490	-2.479480	5.100740	25.000000
16.101935	2.487245	4.215830	16.063001	2.503256	4.234724	-2.479480	6.198440	25.000000
16.101935	2.487245	4.215830	16.170962	2.515109	4.253458	-2.479480	6.718290	25.000000
16.101935	2.487245	4.215830	16.090991	2.511386	4.229876	-2.479480	7.815990	25.000000
16.101935	2.487245	4.215830	16.021548	2.539038	4.268443	-2.479480	8.335840	25.000000
16.101935	2.487245	4.215830	16.226522	2.520912	4.262958	-2.479480	9.433540	25.000000
16.101935	2.487245	4.215830	16.131336	2.540083	4.283042	-2.479480	9.953390	25.000000
16.102096	2.487232	4.215844	16.115210	2.541542	4.317598	-2.479480	11.051100	25.000000
16.101561	2.487275	4.215796	16.117072	2.530475	4.335899	-2.479480	11.570900	25.000000
16.101561	2.487275	4.215796	16.022796	2.538925	4.352330	-2.479480	12.668600	25.000000
16.102096	2.487232	4.215844	16.089127	2.522171	4.339835	-2.479480	13.188500	25.000000
16.102096	2.487232	4.215844	16.204012	2.522858	4.353618	-2.479480	14.286200	25.000000
16.101561	2.487275	4.215796	16.083843	2.511995	4.333843	-2.479480	14.806000	25.000000
16.101561	2.487275	4.215796	16.126376	2.497978	4.308854	-2.479480	15.903700	25.000000
16.102096	2.487232	4.215844	15.985306	2.499318	4.281440	-2.479480	16.423600	25.000000
16.102096	2.487232	4.215844	16.175599	2.483754	4.284925	-2.479480	17.521300	25.000000
16.101561	2.487275	4.215796	16.117382	2.488443	4.257874	-2.479480	18.041100	25.000000
16.101561	2.487275	4.215796	16.063001	2.492880	4.253350	-2.479480	19.138800	25.000000
16.102096	2.487232	4.215844	16.010621	2.486881	4.244154	-2.479480	19.658700	25.000000
16.102096	2.487232	4.215844	16.092856	2.480253	4.239692	-2.479480	20.756400	25.000000
16.101561	2.487275	4.215796	16.038391	2.484629	4.235044	-2.479480	21.276200	25.000000
16.102018	2.487238	4.215826	16.118933	2.498594	4.216345	-1.670700	2.963350	25.000000
16.101964	2.487242	4.215821	16.118933	2.498594	4.216345	-1.670700	3.483190	25.000000
16.101964	2.487242	4.215821	16.090681	2.500941	4.225490	-1.670700	4.580890	25.000000
16.101964	2.487242	4.215821	16.039015	2.515842	4.224936	-1.670700	5.100740	25.000000
16.101964	2.487242	4.215821	16.224056	2.510601	4.234724	-1.670700	6.198440	25.000000
16.101964	2.487242	4.215821	16.128546	2.540335	4.258545	-1.670700	6.718290	25.000000
16.101964	2.487242	4.215821	16.066736	2.524128	4.243934	-1.670700	7.815990	25.000000
16.101964	2.487242	4.215821	15.979362	2.577062	4.290602	-1.670700	8.335840	25.000000
16.101964	2.487242	4.215821	16.280663	2.548479	4.317598	-1.670700	9.433540	25.000000
16.101964	2.487242	4.215821	16.103776	2.576469	4.362033	-1.670700	9.953390	25.000000
16.102125	2.487229	4.215835	16.003203	2.598431	4.411668	-1.670700	11.051100	25.000000
16.101590	2.487273	4.215787	16.003762	2.586402	4.475461	-1.670700	11.570900	25.000000
16.101590	2.487273	4.215787	16.226907	2.576010	4.450675	-1.670700	12.668600	25.000000
16.102125	2.487229	4.215835	16.093899	2.554606	4.492990	-1.670700	13.188500	25.000000
16.102125	2.487229	4.215835	16.194385	2.534434	4.484211	-1.670700	14.286200	25.000000
16.101590	2.487273	4.215787	16.065043	2.524277	4.458021	-1.670700	14.806000	25.000000
16.101590	2.487273	4.215787	16.202237	2.502032	4.434800	-1.670700	15.903700	25.000000
16.102125	2.487229	4.215835	16.240690	2.478584	4.365327	-1.670700	16.423600	25.000000
16.102125	2.487229	4.215835	16.015930	2.507227	4.357317	-1.670700	17.521300	25.000000
16.101590	2.487273	4.215787	16.070470	2.492267	4.299389	-1.670700	18.041100	25.000000
16.101590	2.487273	4.215787	16.152709	2.475506	4.289078	-1.670700	19.138800	25.000000
16.102125	2.487229	4.215835	16.065180	2.482470	4.248741	-1.670700	19.658700	25.000000
16.102125	2.487229	4.215835	16.063001	2.492880	4.253350	-1.670700	20.756400	25.000000
16.101590	2.487273	4.215787	16.117692	2.488418	4.235044	-1.670700	21.276200	25.000000
16.101590	2.487273	4.215787	16.038391	2.484629	4.235044	-1.670700	22.373900	25.000000
16.102024	2.487238	4.215824	16.118933	2.498594	4.216345	-0.861928	1.865650	25.000000
16.101970	2.487242	4.215819	16.090681	2.500941	4.225490	-0.861928	3.483190	25.000000
16.101970	2.487242	4.215819	16.118623	2.509039	4.220580	-0.861928	4.580890	25.000000
16.101970	2.487242	4.215819	16.039015	2.515842	4.224936	-0.861928	5.100740	25.000000
16.101970	2.487242	4.215819	16.123585	2.529899	4.229420	-0.861928	6.198440	25.000000
16.101970	2.487242	4.215819	16.037768	2.582993	4.275051	-0.861928	6.718290	25.000000
16.101970	2.487242	4.215819	16.237611	2.541431	4.273127	-0.861928	7.815990	25.000000
16.101970	2.487242	4.215819	15.982503	2.638214	4.384896	-0.861928	8.335840	25.000000
16.101970	2.487242	4.215819	16.254381	2.596644	4.357230	-0.861928	9.433540	25.000000
16.101970	2.487242	4.215819	15.780051	2.350994	4.015368	-0.861928	9.953390	25.000000
16.102131	2.487229	4.215834	16.379560	2.572729	4.401391	-0.861928	11.051100	25.000000
16.101596	2.487272	4.215785	15.882065	2.335891	3.914646	-0.861928	11.570900	25.000000
16.101596	2.487272	4.215785	16.341665	2.300980	3.973469	-0.861928	12.668600	25.000000
16.102131	2.487229	4.215834	15.356432	2.305987	3.895945	-0.861928	13.188500	25.000000
16.102131	2.487229	4.215834	16.743656	2.233383	4.012801	-0.861928	14.286200	25.000000
16.101596	2.487272	4.215785	14.713939	2.524481	3.843850	-0.861928	14.806000	25.000000
16.101596	2.487272	4.215785	17.267600	2.299613	4.081310	-0.861928	15.903700	25.000000
16.102131	2.487229	4.215834	16.263115	2.497017	4.435636	-0.861928	16.423600	25.000000
16.102131	2.487229	4.215834	16.001591	2.487616	4.449471	-0.861928	17.521300	25.000000
16.101596	2.487272	4.215785	16.344418	2.460720	4.344517	-0.861928	18.041100	25.000000
16.101596	2.487272	4.215785	15.928277	2.493645	4.384060	-0.861928	19.138800	25.000000
16.102131	2.487229	4.215834	16.093166	2.480228	4.262315	-0.861928	19.658700	25.000000
16.102131	2.487229	4.215834	16.152709	2.475506	4.289078	-0.861928	20.756400	25.000000
16.101596	2.487272	4.215785	16.144349	2.486263	4.248741	-0.861928	21.276200	25.000000
16.101596	2.487272	4.215785	16.038391	2.484629	4.235044	-0.861928	22.373900	25.000000
16.102131	2.487229	4.215834	16.038391	2.484629	4.235044	-0.861928	23.991500	25.000000
16.102009	2.487239	4.215828	16.118933	2.498594	4.216345	-0.053153	1.865650	25.000000
16.101955	2.487243	4.215824	16.199383	2.512689	4.220580	-0.053153	3.483190	25.000000
16.101955	2.487243	4.215824	16.095030	2.511042	4.206314	-0.053153	4.580890	25.000000
16.101955	2.487243	4.215824	16.204629	2.533524	4.253572	-0.053153	5.100740	25.000000
16.101955	2.487243	4.215824	15.980300	2.553995	4.218448	-0.053153	6.198440	25.000000
16.101955	2.487243	4.215824	16.345642	2.587503	4.305970	-0.053153	6.718290	25.000000
16.101955	2.487243	4.215824	15.976232	2.638928	4.283611	-0.053153	7.815990	25.000000
16.101955	2.487243	4.215824	16.753209	2.593592	4.397885	-0.053153	9.433540	25.000000
16.101955	2.487243	4.215824	15.255491	2.130525	4.102930	-0.053153	9.953390	25.000000
16.102116	2.487230	4.215838	16.856156	1.677786	3.914333	-0.053153	11.051100	25.000000
16.101581	2.487273	4.215790	15.873676	1.693318	3.741919	-0.053153	11.570900	25.000000
16.101581	2.487273	4.215790	16.406170	1.642783	3.731290	-0.053153	12.668600	25.000000
16.102116	2.487230	4.215838	17.147291	1.386638	3.480227	-0.053153	13.188500	25.000000
16.102116	2.487230	4.215838	14.893905	1.585568	3.608243	-0.053153	14.286200	25.000000
16.101581	2.487273	4.215790	14.673653	1.686911	2.885631	-0.053153	14.806000	25.000000
16.101581	2.487273	4.215790	17.377008	1.838707	3.443338	-0.053153	15.903700	25.000000
16.102116	2.487230	4.215838	14.246754	2.703281	4.115212	-0.053153	16.423600	25.000000
16.102116	2.487230	4.215838	17.744295	2.246637	3.705552	-0.053153	17.521300	25.000000
16.101581	2.487273	4.215790	16.243509	2.439329	4.475732	-0.053153	18.041100	25.000000
16.101581	2.487273	4.215790	15.926343	2.463203	4.430516	-0.053153	19.138800	25.000000
16.102116	2.487230	4.215838	15.818028	2.481993	4.331883	-0.053153	19.658700	25.000000
16.102116	2.487230	4.215838	16.313491	2.453355	4.326506	-0.053153	20.756400	25.000000
16.101581	2.487273	4.215790	16.038080	2.484654	4.257874	-0.053153	21.276200	25.000000
16.101581	2.487273	4.215790	16.175599	2.473708	4.257670	-0.053153	22.373900	25.000000
16.102116	2.487230	4.215838	16.121104	2.478005	4.230725	-0.053153	22.893800	25.000000
16.102116	2.487230	4.215838	16.092856	2.480253	4.239692	-0.053153	23.991500	25.000000
16.102012	2.487239	4.215827	16.038080	2.505353	4.220580	0.755622	1.865650	25.000000
16.102012	2.487239	4.215827	16.118933	2.498594	4.216345	0.755622	2.963350	25.000000
16.101959	2.487243	4.215823	16.066736	2.513458	4.215578	0.755622	3.483190	25.000000
16.101959	2.487243	4.215823	16.068914	2.523938	4.219903	0.755622	4.580890	25.000000
16.101959	2.487243	4.215823	16.290488	2.569891	4.279189	0.755622	5.100740	25.000000
16.101959	2.487243	4.215823	15.920113	2.571225	4.201901	0.755622	6.198440	25.000000
16.101959	2.487243	4.215823	16.354204	2.610321	4.302743	0.755622	6.718290	25.000000
16.101959	2.487243	4.215823	15.850867	2.510743	4.148121	0.755622	7.815990	25.000000
16.101959	2.487243	4.215823	15.849606	2.261708	4.019747	0.755622	8.335840	25.000000
16.101959	2.487243	4.215823	16.297546	1.895541	4.041693	0.755622	9.433540	25.000000
16.101959	2.487243	4.215823	15.269132	1.300304	3.955829	0.755622	9.953390	25.000000
16.102119	2.487230	4.215837	16.790262	1.616672	4.174014	0.755622	11.051100	25.000000
16.101584	2.487273	4.215789	15.888990	1.121576	3.743160	0.755622	11.570900	25.000000
16.101584	2.487273	4.215789	16.322377	1.147817	3.807939	0.755622	12.668600	25.000000
16.102119	2.487230	4.215837	17.122079	0.947098	3.310763	0.755622	13.188500	25.000000
16.102119	2.487230	4.215837	15.012745	0.992972	3.386571	0.755622	14.286200	25.000000
16.101584	2.487273	4.215789	14.315320	1.388159	2.942804	0.755622	14.806000	25.000000
16.101584	2.487273	4.215789	17.641701	1.336248	3.584909	0.755622	15.903700	25.000000
16.102119	2.487230	4.215837	17.445057	1.958789	3.583083	0.755622	16.423600	25.000000
16.102119	2.487230	4.215837	14.758726	1.824199	3.403548	0.755622	17.521300	25.000000
16.101584	2.487273	4.215789	17.628386	2.288995	4.174553	0.755622	18.041100	25.000000
16.101584	2.487273	4.215789	14.237275	2.511103	3.519887	0.755622	19.138800	25.000000
16.102119	2.487230	4.215837	16.258229	2.428802	4.426338	0.755622	19.658700	25.000000
16.102119	2.487230	4.215837	15.930788	2.452919	4.359399	0.755622	20.756400	25.000000
16.101584	2.487273	4.215789	16.053037	2.463338	4.293157	0.755622	21.276200	25.000000
16.101584	2.487273	4.215789	16.148684	2.475823	4.266677	0.755622	22.373900	25.000000
16.102119	2.487230	4.215837	16.121104	2.478005	4.230725	0.755622	22.893800	25.000000
16.102119	2.487230	4.215837	16.092856	2.480253	4.239692	0.755622	23.991500	25.000000
16.101991	2.487240	4.215823	16.118933	2.498594	4.216345	1.564400	0.248096	25.000000
16.102013	2.487239	4.215825	16.118933	2.498594	4.216345	1.564400	1.345800	25.000000
16.102018	2.487238	4.215826	16.146826	2.506660	4.211376	1.564400	1.865650	25.000000
16.102018	2.487238	4.215826	16.066425	2.502969	4.211376	1.564400	2.963350	25.000000
16.101964	2.487242	4.215821	16.015305	2.517893	4.210483	1.564400	3.483190	25.000000
16.101964	2.487242	4.215821	16.105279	2.542444	4.219193	1.564400	4.580890	25.000000
16.101964	2.487242	4.215821	16.276978	2.582663	4.243560	1.564400	5.100740	25.000000
16.101964	2.487242	4.215821	15.997812	2.636479	4.214073	1.564400	6.198440	25.000000
16.101964	2.487242	4.215821	17.520845	2.545589	4.380992	1.564400	6.718290	25.000000
16.101964	2.487242	4.215821	14.380890	1.948239	4.032975	1.564400	7.815990	25.000000
16.101964	2.487242	4.215821	14.852841	1.512188	3.845830	1.564400	8.335840	25.000000
16.101964	2.487242	4.215821	17.183204	1.562067	4.017651	1.564400	9.433540	25.000000
16.101964	2.487242	4.215821	16.406401	0.899874	4.200000	1.564400	9.953390	25.000000
16.102125	2.487229	4.215835	15.669716	1.306064	4.091371	1.564400	11.051100	25.000000
16.101590	2.487273	4.215787	16.292636	0.705820	4.108640	1.564400	11.570900	25.000000
16.101590	2.487273	4.215787	15.814550	0.679695	4.076936	1.564400	12.668600	25.000000
16.102125	2.487229	4.215835	14.773287	0.611050	3.478267	1.564400	13.188500	25.000000
16.102125	2.487229	4.215835	17.339262	0.853344	3.636052	1.564400	14.286200	25.000000
16.101590	2.487273	4.215787	16.383223	1.142789	3.563223	1.564400	14.806000	25.000000
16.101590	2.487273	4.215787	15.836666	1.126987	3.498727	1.564400	15.903700	25.000000
16.102125	2.487229	4.215835	16.159644	1.320666	2.999967	1.564400	16.423600	25.000000
16.102125	2.487229	4.215835	16.021860	1.146217	3.024884	1.564400	17.521300	25.000000
16.101590	2.487273	4.215787	16.987125	1.635597	3.219541	1.564400	18.041100	25.000000
16.101590	2.487273	4.215787	13.663093	2.658575	2.559272	1.564400	19.138800	25.000000
16.102125	2.487229	4.215835	15.071165	2.491822	4.342066	1.564400	19.658700	25.000000
16.102125	2.487229	4.215835	17.012055	2.477825	4.193243	1.564400	20.756400	25.000000
16.101590	2.487273	4.215787	16.344724	2.441485	4.312485	1.564400	21.276200	25.000000
16.101590	2.487273	4.215787	15.900943	2.465187	4.320689	1.564400	22.373900	25.000000
16.102125	2.487229	4.215835	16.014056	2.476418	4.239692	1.564400	22.893800	25.000000
16.102125	2.487229	4.215835	16.175599	2.473708	4.257670	1.564400	23.991500	25.000000
16.101590	2.487273	4.215787	16.121104	2.478005	4.230725	1.564400	24.511300	25.000000
16.101590	2.487273	4.215787	16.200000	2.481807	4.230725	1.564400	25.609000	25.000000
16.101991	2.487240	4.215823	16.118933	2.498594	4.216345	2.373170	0.248096	25.000000
16.102018	2.487238	4.215826	16.095030	2.511042	4.206314	2.373170	1.865650	25.000000
16.102018	2.487238	4.215826	16.199074	2.502295	4.216345	2.373170	2.963350	25.000000
16.101964	2.487242	4.215821	15.945846	2.534887	4.194607	2.373170	3.483190	25.000000
16.101964	2.487242	4.215821	16.270833	2.549376	4.219193	2.373170	4.580890	25.000000
16.101964	2.487242	4.215821	16.214500	2.625172	4.231983	2.373170	5.100740	25.000000
16.101964	2.487242	4.215821	15.920427	2.645341	4.171969	2.373170	6.198440	25.000000
16.101964	2.487242	4.215821	12.708265	1.657463	4.078366	2.373170	6.718290	25.000000
16.101964	2.487242	4.215821	18.602150	2.375099	4.380835	2.373170	7.815990	25.000000
16.101964	2.487242	4.215821	14.360014	1.259381	3.983924	2.373170	8.335840	25.000000
16.101964	2.487242	4.215821	17.654744	1.048987	4.042750	2.373170	9.433540	25.000000
16.101964	2.487242	4.215821	16.561099	0.596619	4.349845	2.373170	9.953390	25.000000
16.102125	2.487229	4.215835	15.731815	0.873678	4.009158	2.373170	11.051100	25.000000
16.101590	2.487273	4.215787	16.870021	0.602455	4.529354	2.373170	11.570900	25.000000
16.101590	2.487273	4.215787	15.320708	0.557605	4.436292	2.373170	12.668600	25.000000
16.102125	2.487229	4.215835	15.814234	0.765740	3.933442	2.373170	13.188500	25.000000
16.102125	2.487229	4.215835	16.361846	0.662561	4.270960	2.373170	14.286200	25.000000
16.101590	2.487273	4.215787	16.256076	0.776202	3.491114	2.373170	14.806000	25.000000
16.101590	2.487273	4.215787	15.926079	0.790839	3.763896	2.373170	15.903700	25.000000
16.102125	2.487229	4.215835	15.793986	1.061541	2.801496	2.373170	16.423600	25.000000
16.102125	2.487229	4.215835	16.529670	0.898068	2.702162	2.373170	17.521300	25.000000
16.101590	2.487273	4.215787	11.860017	2.345956	3.271804	2.373170	18.041100	25.000000
16.101590	2.487273	4.215787	17.993888	1.465008	2.375955	2.373170	19.138800	25.000000
16.102125	2.487229	4.215835	18.706416	2.501205	3.729595	2.373170	19.658700	25.000000
16.102125	2.487229	4.215835	12.958781	2.846861	3.438138	2.373170	20.756400	25.000000
16.101590	2.487273	4.215787	15.822452	2.441428	4.340990	2.373170	21.276200	25.000000
16.101590	2.487273	4.215787	16.356344	2.403531	4.379145	2.373170	22.373900	25.000000
16.102125	2.487229	4.215835	16.120174	2.478078	4.253246	2.373170	22.893800	25.000000
16.102125	2.487229	4.215835	16.126376	2.467588	4.270960	2.373170	23.991500	25.000000
16.101590	2.487273	4.215787	16.121104	2.478005	4.230725	2.373170	24.511300	25.000000
16.101991	2.487240	4.215823	16.118933	2.498594	4.216345	3.181950	0.248096	25.000000
16.102018	2.487238	4.215826	16.014369	2.507360	4.206314	3.181950	1.865650	25.000000
16.102018	2.487238	4.215826	16.227446	2.510315	4.211376	3.181950	2.963350	25.000000
16.101964	2.487242	4.215821	16.209257	2.566288	4.203088	3.181950	3.483190	25.000000
16.101964	2.487242	4.215821	16.028100	2.538444	4.194607	3.181950	4.580890	25.000000
16.101964	2.487242	4.215821	15.843611	2.590740	4.124386	3.181950	5.100740	25.000000
16.101964	2.487242	4.215821	16.330646	2.577431	4.197504	3.181950	6.198440	25.000000
16.101964	2.487242	4.215821	20.065393	1.776577	4.369708	3.181950	6.718290	25.000000
16.101964	2.487242	4.215821	10.566456	1.858673	3.864137	3.181950	7.815990	25.000000
16.101964	2.487242	4.215821	16.139703	0.971784	4.228610	3.181950	8.335840	25.000000
16.101964	2.487242	4.215821	15.958070	0.629421	4.224936	3.181950	9.433540	25.000000
16.101964	2.487242	4.215821	16.366735	0.556169	4.295340	3.181950	9.953390	25.000000
16.102125	2.487229	4.215835	15.734675	0.501123	4.230992	3.181950	11.051100	25.000000
16.101590	2.487273	4.215787	16.279128	0.704846	4.333643	3.181950	11.570900	25.000000
16.101590	2.487273	4.215787	15.866001	0.553146	4.184315	3.181950	12.668600	25.000000
16.102125	2.487229	4.215835	16.144671	0.694998	4.420006	3.181950	13.188500	25.000000
16.102125	2.487229	4.215835	16.110583	0.662752	4.460559	3.181950	14.286200	25.000000
16.101590	2.487273	4.215787	14.239733	0.513963	3.916890	3.181950	14.806000	25.000000
16.101590	2.487273	4.215787	17.836479	0.640616	4.080144	3.181950	15.903700	25.000000
16.102125	2.487229	4.215835	16.229368	1.012309	3.045539	3.181950	16.423600	25.000000
16.102125	2.487229	4.215835	16.040340	0.696929	2.901325	3.181950	17.521300	25.000000
16.101590	2.487273	4.215787	14.131926	1.919079	2.975206	3.181950	18.041100	25.000000
16.101590	2.487273	4.215787	17.756959	1.306421	2.827222	3.181950	19.138800	25.000000
16.102125	2.487229	4.215835	15.335254	2.501555	4.160734	3.181950	19.658700	25.000000
16.102125	2.487229	4.215835	16.512420	2.183797	3.111972	3.181950	20.756400	25.000000
16.101590	2.487273	4.215787	16.064246	2.405020	4.352534	3.181950	21.276200	25.000000
16.101590	2.487273	4.215787	16.050857	2.369529	4.413233	3.181950	22.373900	25.000000
16.102125	2.487229	4.215835	16.117072	2.448652	4.292192	3.181950	22.893800	25.000000
16.102125	2.487229	4.215835	16.153328	2.465502	4.262015	3.181950	23.991500	25.000000
16.101590	2.487273	4.215787	16.121104	2.478005	4.230725	3.181950	24.511300	25.000000
16.101991	2.487240	4.215823	16.147755	2.496215	4.207290	3.990720	0.248096	25.000000
16.102013	2.487239	4.215825	16.147755	2.496215	4.207290	3.990720	1.345800	25.000000
16.102018	2.487238	4.215826	16.227446	2.510315	4.211376	3.990720	1.865650	25.000000
16.102018	2.487238	4.215826	16.043690	2.515439	4.201158	3.990720	2.963350	25.000000
16.101964	2.487242	4.215821	16.226522	2.576048	4.181831	3.990720	3.483190	25.000000
16.101964	2.487242	4.215821	16.013432	2.550896	4.183507	3.990720	4.580890	25.000000
16.101964	2.487242	4.215821	13.972473	2.358218	4.070916	3.990720	5.100740	25.000000
16.101964	2.487242	4.215821	18.036629	2.424959	4.331883	3.990720	6.198440	25.000000
16.101964	2.487242	4.215821	19.397423	1.483043	4.402095	3.990720	6.718290	25.000000
16.101964	2.487242	4.215821	11.873820	1.381009	4.079179	3.990720	7.815990	25.000000
16.101964	2.487242	4.215821	17.591759	0.621715	4.384466	3.990720	8.335840	25.000000
16.101964	2.487242	4.215821	14.394791	0.559485	4.066270	3.990720	9.433540	25.000000
16.101964	2.487242	4.215821	15.764834	0.517573	4.317598	3.990720	9.953390	25.000000
16.102125	2.487229	4.215835	16.503939	0.633656	4.400347	3.990720	11.051100	25.000000
16.101590	2.487273	4.215787	16.045872	0.615631	4.205290	3.990720	11.570900	25.000000
16.101590	2.487273	4.215787	16.120174	0.663514	4.253246	3.990720	12.668600	25.000000
16.102125	2.487229	4.215835	16.505151	0.602387	4.282222	3.990720	13.188500	25.000000
16.102125	2.487229	4.215835	15.616017	0.653343	4.423959	3.990720	14.286200	25.000000
16.101590	2.487273	4.215787	16.319926	0.574499	4.193243	3.990720	14.806000	25.000000
16.101590	2.487273	4.215787	15.839508	0.749035	4.411163	3.990720	15.903700	25.000000
16.102125	2.487229	4.215835	15.260816	0.392554	2.855058	3.990720	16.423600	25.000000
16.102125	2.487229	4.215835	16.885642	0.464042	3.018222	3.990720	17.521300	25.000000
16.101590	2.487273	4.215787	18.238969	0.845423	2.361376	3.990720	18.041100	25.000000
16.101590	2.487273	4.215787	13.451022	1.221772	2.610671	3.990720	19.138800	25.000000
16.102125	2.487229	4.215835	14.402083	1.619420	3.302170	3.990720	19.658700	25.000000
16.102125	2.487229	4.215835	15.880491	2.399052	2.130383	3.990720	20.756400	25.000000
16.101590	2.487273	4.215787	15.752460	2.407951	4.333643	3.990720	21.276200	25.000000
16.101590	2.487273	4.215787	16.404268	2.456229	4.209968	3.990720	22.373900	25.000000
16.102125	2.487229	4.215835	16.274520	2.446621	4.265907	3.990720	22.893800	25.000000
16.102125	2.487229	4.215835	15.946787	2.432224	4.296120	3.990720	23.991500	25.000000
16.101590	2.487273	4.215787	16.042444	2.474165	4.230725	3.990720	24.511300	25.000000
16.101590	2.487273	4.215787	16.203086	2.471560	4.248741	3.990720	25.609000	25.000000
16.102018	2.487238	4.215826	16.175599	2.504250	4.202263	4.799500	1.865650	25.000000
16.102018	2.487238	4.215826	16.124826	2.519073	4.201158	4.799500	2.963350	25.000000
16.101964	2.487242	4.215821	15.946787	2.557157	4.162223	4.799500	3.483190	25.000000
16.101964	2.487242	4.215821	16.272984	2.571565	4.187593	4.799500	4.580890	25.000000
16.101964	2.487242	4.215821	19.358461	2.371767	4.371861	4.799500	5.100740	25.000000
16.101964	2.487242	4.215821	11.800847	2.174573	4.354823	4.799500	6.198440	25.000000
16.101964	2.487242	4.215821	17.954178	1.481562	4.569306	4.799500	6.718290	25.000000
16.101964	2.487242	4.215821	13.938953	1.093764	4.540337	4.799500	7.815990	25.000000
16.101964	2.487242	4.215821	17.461672	0.650090	4.142757	4.799500	8.335840	25.000000
16.101964	2.487242	4.215821	14.591093	0.605145	4.329645	4.799500	9.433540	25.000000
16.101964	2.487242	4.215821	16.546903	0.686359	4.103226	4.799500	9.953390	25.000000
16.102125	2.487229	4.215835	15.662056	0.531682	4.169810	4.799500	11.051100	25.000000
16.101590	2.487273	4.215787	15.694270	0.535161	4.393404	4.799500	11.570900	25.000000
16.101590	2.487273	4.215787	16.584707	0.640255	4.462514	4.799500	12.668600	25.000000
16.102125	2.487229	4.215835	15.391556	0.676692	4.179087	4.799500	13.188500	25.000000
16.102125	2.487229	4.215835	16.763353	0.781466	4.256317	4.799500	14.286200	25.000000
16.101590	2.487273	4.215787	14.492067	0.488065	4.136631	4.799500	14.806000	25.000000
16.101590	2.487273	4.215787	17.549074	0.701968	4.304021	4.799500	15.903700	25.000000
16.102125	2.487229	4.215835	16.246923	0.134587	2.209710	4.799500	16.423600	25.000000
16.102125	2.487229	4.215835	15.937930	0.206292	1.447961	4.799500	17.521300	25.000000
16.101590	2.487273	4.215787	15.542535	0.945312	1.572384	4.799500	18.041100	25.000000
16.101590	2.487273	4.215787	16.644819	0.603985	1.464812	4.799500	19.138800	25.000000
16.102125	2.487229	4.215835	11.386395	0.908704	1.704820	4.799500	19.658700	25.000000
16.102125	2.487229	4.215835	16.118933	2.498594	2.066840	4.799500	20.756400	25.000000
16.101590	2.487273	4.215787	16.426807	2.524803	4.182799	4.799500	21.276200	25.000000
16.101590	2.487273	4.215787	15.729272	2.727522	3.690142	4.799500	22.373900	25.000000
16.102125	2.487229	4.215835	16.211416	2.432149	4.282627	4.799500	22.893800	25.000000
16.102125	2.487229	4.215835	15.877342	2.408633	4.316150	4.799500	23.991500	25.000000
16.101590	2.487273	4.215787	16.175908	2.473683	4.235349	4.799500	24.511300	25.000000
16.101590	2.487273	4.215787	15.990935	2.468172	4.244257	4.799500	25.609000	25.000000
16.101991	2.487240	4.215823	16.118933	2.498594	4.216345	5.608270	0.248096	25.000000
16.102013	2.487239	4.215825	16.147755	2.496215	4.207290	5.608270	1.345800	25.000000
16.102018	2.487238	4.215826	16.095030	2.511042	4.206314	5.608270	1.865650	25.000000
16.102018	2.487238	4.215826	16.153637	2.516592	4.191931	5.608270	2.963350	25.000000
16.101964	2.487242	4.215821	15.994061	2.552704	4.168108	5.608270	3.483190	25.000000
16.101964	2.487242	4.215821	16.275442	2.582814	4.150104	5.608270	4.580890	25.000000
16.101964	2.487242	4.215821	18.022486	2.478195	4.285016	5.608270	5.100740	25.000000
16.101964	2.487242	4.215821	13.871914	2.248706	4.573110	5.608270	6.198440	25.000000
16.101964	2.487242	4.215821	11.644080	1.475324	4.586964	5.608270	6.718290	25.000000
16.101964	2.487242	4.215821	19.538436	1.453321	4.535209	5.608270	7.815990	25.000000
16.101964	2.487242	4.215821	16.637608	0.799290	4.361469	5.608270	8.335840	25.000000
16.101964	2.487242	4.215821	15.488383	0.598066	4.248741	5.608270	9.433540	25.000000
16.101964	2.487242	4.215821	15.836982	0.512792	4.156518	5.608270	9.953390	25.000000
16.102125	2.487229	4.215835	16.357261	0.566728	4.187593	5.608270	11.051100	25.000000
16.101590	2.487273	4.215787	15.543809	0.580213	4.085318	5.608270	11.570900	25.000000
16.101590	2.487273	4.215787	16.636406	0.729732	4.244709	5.608270	12.668600	25.000000
16.102125	2.487229	4.215835	16.064246	0.745792	4.326772	5.608270	13.188500	25.000000
16.102125	2.487229	4.215835	16.164467	0.686765	4.415325	5.608270	14.286200	25.000000
16.101590	2.487273	4.215787	17.508284	0.624861	4.235642	5.608270	14.806000	25.000000
16.101590	2.487273	4.215787	14.500345	0.544952	4.135456	5.608270	15.903700	25.000000
16.102125	2.487229	4.215835	15.841051	0.444751	2.713387	5.608270	16.423600	25.000000
16.102125	2.487229	4.215835	16.294554	0.416734	2.793469	5.608270	17.521300	25.000000
16.101590	2.487273	4.215787	15.134741	0.666047	1.675785	5.608270	18.041100	25.000000
16.101590	2.487273	4.215787	17.066001	1.029036	1.863563	5.608270	19.138800	25.000000
16.102125	2.487229	4.215835	18.930510	1.724594	1.543317	5.608270	19.658700	25.000000
16.102125	2.487229	4.215835	5.197938	2.864738	4.541223	5.608270	20.756400	25.000000
16.101590	2.487273	4.215787	16.232683	2.938787	3.550500	5.608270	21.276200	25.000000
16.101590	2.487273	4.215787	15.917286	2.571502	4.279981	5.608270	22.373900	25.000000
16.102125	2.487229	4.215835	15.818028	2.394019	4.311160	5.608270	22.893800	25.000000
16.102125	2.487229	4.215835	16.451444	2.415320	4.297882	5.608270	23.991500	25.000000
16.101590	2.487273	4.215787	15.990935	2.468172	4.244257	5.608270	24.511300	25.000000
16.101590	2.487273	4.215787	16.153018	2.465526	4.239892	5.608270	25.609000	25.000000
16.102125	2.487229	4.215835	16.121104	2.478005	4.230725	5.608270	26.128900	25.000000
16.101962	2.487243	4.215832	16.147755	2.496215	4.207290	6.417040	0.248096	25.000000
16.101984	2.487241	4.215834	16.147755	2.496215	4.207290	6.417040	1.345800	25.000000
16.101989	2.487240	4.215835	16.175599	2.504250	4.202263	6.417040	1.865650	25.000000
16.101989	2.487240	4.215835	15.992811	2.519851	4.195906	6.417040	2.963350	25.000000
16.101935	2.487245	4.215830	16.090059	2.577815	4.134063	6.417040	3.483190	25.000000
16.101935	2.487245	4.215830	16.236687	2.552509	4.164365	6.417040	4.580890	25.000000
16.101935	2.487245	4.215830	16.218816	2.554160	4.149073	6.417040	5.100740	25.000000
16.101935	2.487245	4.215830	15.902516	2.317384	4.241079	6.417040	6.198440	25.000000
16.101935	2.487245	4.215830	11.718963	1.424356	4.117209	6.417040	6.718290	25.000000
16.101935	2.487245	4.215830	19.489282	1.539492	4.393885	6.417040	7.815990	25.000000
16.101935	2.487245	4.215830	14.152738	0.634281	4.028337	6.417040	8.335840	25.000000
16.101935	2.487245	4.215830	17.914798	0.618121	4.347981	6.417040	9.433540	25.000000
16.101935	2.487245	4.215830	15.597756	0.619413	4.179545	6.417040	9.953390	25.000000
16.102096	2.487232	4.215844	16.516961	0.547809	4.405343	6.417040	11.051100	25.000000
16.101561	2.487275	4.215796	15.670035	0.688540	4.127172	6.417040	11.570900	25.000000
16.101561	2.487275	4.215796	16.555966	0.677447	4.153790	6.417040	12.668600	25.000000
16.102096	2.487232	4.215844	16.665533	0.676046	4.287349	6.417040	13.188500	25.000000
16.102096	2.487232	4.215844	15.533512	0.613588	4.248741	6.417040	14.286200	25.000000
16.101561	2.487275	4.215796	14.504482	0.709963	4.310275	6.417040	14.806000	25.000000
16.101561	2.487275	4.215796	17.480847	0.697340	4.260693	6.417040	15.903700	25.000000
16.102096	2.487232	4.215844	16.572148	0.409797	3.170373	6.417040	16.423600	25.000000
16.102096	2.487232	4.215844	15.717662	0.471875	2.940080	6.417040	17.521300	25.000000
16.101561	2.487275	4.215796	17.743168	0.789083	2.542577	6.417040	18.041100	25.000000
16.101561	2.487275	4.215796	14.272001	1.136906	2.394427	6.417040	19.138800	25.000000
16.102096	2.487232	4.215844	18.286060	1.899324	2.044779	6.417040	19.658700	25.000000
16.102096	2.487232	4.215844	10.589145	1.897670	3.434960	6.417040	20.756400	25.000000
16.101561	2.487275	4.215796	13.312025	2.660342	3.984399	6.417040	21.276200	25.000000
16.101561	2.487275	4.215796	18.498378	2.605155	4.310275	6.417040	22.373900	25.000000
16.102096	2.487232	4.215844	15.822136	2.403079	4.286538	6.417040	22.893800	25.000000
16.102096	2.487232	4.215844	16.396646	2.374108	4.315571	6.417040	23.991500	25.000000
16.101561	2.487275	4.215796	16.075136	2.461633	4.239892	6.417040	24.511300	25.000000
16.101561	2.487275	4.215796	16.053971	2.453399	4.244355	6.417040	25.609000	25.000000
16.102096	2.487232	4.215844	16.121104	2.478005	4.230725	6.417040	26.128900	25.000000
16.102096	2.487232	4.215844	16.149923	2.475726	4.221842	6.417040	27.226600	25.000000
16.101991	2.487240	4.215823	16.147755	2.496215	4.207290	7.225820	0.248096	25.000000
16.102018	2.487238	4.215826	16.153637	2.516592	4.191931	7.225820	1.865650	25.000000
16.102018	2.487238	4.215826	16.043379	2.504906	4.197144	7.225820	2.963350	25.000000
16.101964	2.487242	4.215821	16.090059	2.577815	4.134063	7.225820	3.483190	25.000000
16.101964	2.487242	4.215821	16.183016	2.546379	4.154958	7.225820	4.580890	25.000000
16.101964	2.487242	4.215821	15.267613	2.529986	4.146535	7.225820	5.100740	25.000000
16.101964	2.487242	4.215821	16.862088	2.205633	4.351032	7.225820	6.198440	25.000000
16.101964	2.487242	4.215821	13.479614	1.166702	4.459583	7.225820	6.718290	25.000000
16.101964	2.487242	4.215821	18.341483	1.548986	4.520341	7.225820	7.815990	25.000000
16.101964	2.487242	4.215821	15.160805	0.577763	4.064057	7.225820	8.335840	25.000000
16.101964	2.487242	4.215821	16.967322	0.733846	4.276293	7.225820	9.433540	25.000000
16.101964	2.487242	4.215821	16.648423	0.703110	4.098619	7.225820	9.953390	25.000000
16.102125	2.487229	4.215835	15.575943	0.583353	4.001234	7.225820	11.051100	25.000000
16.101590	2.487273	4.215787	15.964335	0.661195	4.390638	7.225820	11.570900	25.000000
16.101590	2.487273	4.215787	16.288953	0.560104	4.321153	7.225820	12.668600	25.000000
16.102125	2.487229	4.215835	15.674502	0.678788	4.226018	7.225820	13.188500	25.000000
16.102125	2.487229	4.215835	16.490603	0.815865	4.110530	7.225820	14.286200	25.000000
16.101590	2.487273	4.215787	17.812917	0.702095	4.291517	7.225820	14.806000	25.000000
16.101590	2.487273	4.215787	14.115594	0.654342	4.017651	7.225820	15.903700	25.000000
16.102125	2.487229	4.215835	16.965356	0.087804	1.971275	7.225820	16.423600	25.000000
16.102125	2.487229	4.215835	15.190655	0.195934	2.322714	7.225820	17.521300	25.000000
16.101590	2.487273	4.215787	15.508153	0.564760	1.564411	7.225820	18.041100	25.000000
16.101590	2.487273	4.215787	16.675228	0.866277	1.599529	7.225820	19.138800	25.000000
16.102125	2.487229	4.215835	7.718705	0.498322	2.143762	7.225820	19.658700	25.000000
16.102125	2.487229	4.215835	17.698421	2.256722	1.913329	7.225820	20.756400	25.000000
16.101590	2.487273	4.215787	16.083221	2.723823	3.405157	7.225820	21.276200	25.000000
16.101590	2.487273	4.215787	16.126376	2.518939	4.100792	7.225820	22.373900	25.000000
16.102125	2.487229	4.215835	15.703821	2.355809	4.305133	7.225820	22.893800	25.000000
16.102125	2.487229	4.215835	16.515145	2.393020	4.300488	7.225820	23.991500	25.000000
16.101590	2.487273	4.215787	16.131336	2.457336	4.244355	7.225820	24.511300	25.000000
16.101590	2.487273	4.215787	15.948354	2.451582	4.253147	7.225820	25.609000	25.000000
16.102125	2.487229	4.215835	16.121104	2.478005	4.230725	7.225820	27.226600	25.000000
16.101962	2.487243	4.215832	16.015305	2.496818	4.202263	8.034590	0.248096	25.000000
16.101984	2.487241	4.215834	16.147755	2.496215	4.207290	8.034590	1.345800	25.000000
16.101989	2.487240	4.215835	16.043379	2.504906	4.197144	8.034590	1.865650	25.000000
16.101989	2.487240	4.215835	16.072648	2.512952	4.191931	8.034590	2.963350	25.000000
16.101935	2.487245	4.215830	15.829403	2.556917	4.130735	8.034590	3.483190	25.000000
16.101935	2.487245	4.215830	16.302147	2.557560	4.149073	8.034590	4.580890	25.000000
16.101935	2.487245	4.215830	14.046708	2.459068	4.354939	8.034590	5.100740	25.000000
16.101935	2.487245	4.215830	17.872045	2.435595	4.295040	8.034590	6.198440	25.000000
16.101935	2.487245	4.215830	19.633899	1.560610	4.527980	8.034590	6.718290	25.000000
16.101935	2.487245	4.215830	11.451851	1.489497	4.518430	8.034590	7.815990	25.000000
16.101935	2.487245	4.215830	15.838561	0.879308	4.325794	8.034590	8.335840	25.000000
16.101935	2.487245	4.215830	16.309506	0.648350	4.203318	8.034590	9.433540	25.000000
16.101935	2.487245	4.215830	16.186723	0.584448	4.118175	8.034590	9.953390	25.000000
16.102096	2.487232	4.215844	15.933298	0.559949	4.094887	8.034590	11.051100	25.000000
16.101561	2.487275	4.215796	16.367651	0.756790	4.200969	8.034590	11.570900	25.000000
16.101561	2.487275	4.215796	15.829719	0.596054	4.030618	8.034590	12.668600	25.000000
16.102096	2.487232	4.215844	16.642716	0.765500	4.330272	8.034590	13.188500	25.000000
16.102096	2.487232	4.215844	15.474172	0.723284	4.257475	8.034590	14.286200	25.000000
16.101561	2.487275	4.215796	14.993665	0.585048	4.064057	8.034590	14.806000	25.000000
16.101561	2.487275	4.215796	17.199419	0.677574	4.219704	8.034590	15.903700	25.000000
16.102096	2.487232	4.215844	15.569573	0.452882	2.837482	8.034590	16.423600	25.000000
16.102096	2.487232	4.215844	16.654996	0.421102	2.893764	8.034590	17.521300	25.000000
16.101561	2.487275	4.215796	13.563554	0.763349	1.699120	8.034590	18.041100	25.000000
16.101561	2.487275	4.215796	18.319662	0.863771	1.937970	8.034590	19.138800	25.000000
16.102096	2.487232	4.215844	4.959879	0.632637	0.536911	8.034590	19.658700	25.000000
16.102096	2.487232	4.215844	18.601680	2.144756	1.773842	8.034590	20.756400	25.000000
16.101561	2.487275	4.215796	18.755266	2.821057	4.294165	8.034590	21.276200	25.000000
16.101561	2.487275	4.215796	12.819516	2.760536	3.310190	8.034590	22.373900	25.000000
16.102096	2.487232	4.215844	16.595481	2.379059	4.299479	8.034590	22.893800	25.000000
16.102096	2.487232	4.215844	15.661737	2.349488	4.296897	8.034590	23.991500	25.000000
16.101561	2.487275	4.215796	16.131336	2.457336	4.244355	8.034590	24.511300	25.000000
16.101561	2.487275	4.215796	16.110866	2.449116	4.248741	8.034590	25.609000	25.000000
16.102096	2.487232	4.215844	16.121104	2.478005	4.230725	8.034590	26.128900	25.000000
16.102096	2.487232	4.215844	16.071403	2.471882	4.221842	8.034590	27.226600	25.000000
16.102013	2.487239	4.215825	16.147755	2.496215	4.207290	8.843370	1.345800	25.000000
16.102018	2.487238	4.215826	16.072648	2.512952	4.191931	8.843370	1.865650	25.000000
16.102018	2.487238	4.215826	16.123895	2.508593	4.197144	8.843370	2.963350	25.000000
16.101964	2.487242	4.215821	16.156113	2.560015	4.127511	8.843370	3.483190	25.000000
16.101964	2.487242	4.215821	16.017803	2.539378	4.154958	8.843370	4.580890	25.000000
16.101964	2.487242	4.215821	16.384749	2.561010	4.108956	8.843370	5.100740	25.000000
16.101964	2.487242	4.215821	15.758490	2.446259	4.124386	8.843370	6.198440	25.000000
16.101964	2.487242	4.215821	18.622030	1.430719	4.328861	8.843370	6.718290	25.000000
16.101964	2.487242	4.215821	13.053735	1.882232	4.133315	8.843370	7.815990	25.000000
16.101964	2.487242	4.215821	13.964956	0.782834	3.991649	8.843370	8.335840	25.000000
16.101964	2.487242	4.215821	18.020544	0.654194	4.289535	8.843370	9.433540	25.000000
16.101964	2.487242	4.215821	15.938319	0.669272	4.217078	8.843370	9.953390	25.000000
16.102125	2.487229	4.215835	16.192900	0.501365	4.231502	8.843370	11.051100	25.000000
16.101590	2.487273	4.215787	15.644488	0.725953	4.036144	8.843370	11.570900	25.000000
16.101590	2.487273	4.215787	16.564118	0.733898	4.119386	8.843370	12.668600	25.000000
16.102125	2.487229	4.215835	16.640613	0.683746	4.270015	8.843370	13.188500	25.000000
16.102125	2.487229	4.215835	15.669716	0.668175	4.110102	8.843370	14.286200	25.000000
16.101590	2.487273	4.215787	14.965627	0.694416	4.211376	8.843370	14.806000	25.000000
16.101590	2.487273	4.215787	17.154008	0.762859	4.267607	8.843370	15.903700	25.000000
16.102125	2.487229	4.215835	16.756736	0.462001	3.277772	8.843370	16.423600	25.000000
16.102125	2.487229	4.215835	15.457972	0.495345	3.027569	8.843370	17.521300	25.000000
16.101590	2.487273	4.215787	16.644519	0.926297	2.313667	8.843370	18.041100	25.000000
16.101590	2.487273	4.215787	15.502903	0.974979	2.758192	8.843370	19.138800	25.000000
16.102125	2.487229	4.215835	17.098246	1.364640	2.432318	8.843370	19.658700	25.000000
16.102125	2.487229	4.215835	12.901938	2.637965	2.620455	8.843370	20.756400	25.000000
16.101590	2.487273	4.215787	17.359147	2.538831	4.226018	8.843370	21.276200	25.000000
16.101590	2.487273	4.215787	14.700680	2.810029	3.595895	8.843370	22.373900	25.000000
16.102125	2.487229	4.215835	16.551435	2.373117	4.291517	8.843370	22.893800	25.000000
16.102125	2.487229	4.215835	15.585570	2.345305	4.276846	8.843370	23.991500	25.000000
16.101590	2.487273	4.215787	16.005936	2.447235	4.235642	8.843370	24.511300	25.000000
16.101590	2.487273	4.215787	16.160136	2.455154	4.235642	8.843370	25.609000	25.000000
16.102125	2.487229	4.215835	16.126376	2.467588	4.226523	8.843370	26.128900	25.000000
16.102125	2.487229	4.215835	16.149923	2.475726	4.221842	8.843370	27.226600	25.000000
16.101989	2.487240	4.215835	16.153328	2.506114	4.188068	9.652140	1.865650	25.000000
16.101989	2.487240	4.215835	16.072959	2.502421	4.188068	9.652140	2.963350	25.000000
16.101935	2.487245	4.215830	15.953056	2.545308	4.133674	9.652140	3.483190	25.000000
16.101935	2.487245	4.215830	16.144968	2.528013	4.157210	9.652140	4.580890	25.000000
16.101935	2.487245	4.215830	17.089763	2.472033	4.210785	9.652140	5.100740	25.000000
16.101935	2.487245	4.215830	14.972642	2.426008	4.093323	9.652140	6.198440	25.000000
16.101935	2.487245	4.215830	14.298308	1.216539	4.409504	9.652140	6.718290	25.000000
16.101935	2.487245	4.215830	17.706239	1.742769	4.439601	9.652140	7.815990	25.000000
16.101935	2.487245	4.215830	17.836479	0.729267	4.173412	9.652140	8.335840	25.000000
16.101935	2.487245	4.215830	14.045996	0.682463	4.218448	9.652140	9.433540	25.000000
16.101935	2.487245	4.215830	15.685981	0.648667	3.941915	9.652140	9.953390	25.000000
16.102096	2.487232	4.215844	16.448708	0.716881	4.031868	9.652140	11.051100	25.000000
16.101561	2.487275	4.215796	16.786602	0.656229	4.235642	9.652140	11.570900	25.000000
16.101561	2.487275	4.215796	15.394480	0.645186	4.253572	9.652140	12.668600	25.000000
16.102096	2.487232	4.215844	15.329384	0.702483	4.099182	9.652140	13.188500	25.000000
16.102096	2.487232	4.215844	16.822604	0.826221	4.110934	9.652140	14.286200	25.000000
16.101561	2.487275	4.215796	15.345683	0.547823	4.159095	9.652140	14.806000	25.000000
16.101561	2.487275	4.215796	16.880166	0.837362	4.148718	9.652140	15.903700	25.000000
16.102096	2.487232	4.215844	16.548284	0.076409	3.212900	9.652140	16.423600	25.000000
16.102096	2.487232	4.215844	15.693355	0.157138	1.640073	9.652140	17.521300	25.000000
16.101561	2.487275	4.215796	14.198390	0.626728	1.651823	9.652140	18.041100	25.000000
16.101561	2.487275	4.215796	17.783220	0.725909	1.542329	9.652140	19.138800	25.000000
16.102096	2.487232	4.215844	14.174008	0.966794	1.822012	9.652140	19.658700	25.000000
16.102096	2.487232	4.215844	12.985103	2.615622	2.421320	9.652140	20.756400	25.000000
16.101561	2.487275	4.215796	14.814182	2.717200	3.141593	9.652140	21.276200	25.000000
16.101561	2.487275	4.215796	17.275995	2.545861	3.890511	9.652140	22.373900	25.000000
16.102096	2.487232	4.215844	15.685981	2.347964	4.268739	9.652140	22.893800	25.000000
16.102096	2.487232	4.215844	16.479684	2.368899	4.291517	9.652140	23.991500	25.000000
16.101561	2.487275	4.215796	16.026540	2.455483	4.231122	9.652140	24.511300	25.000000
16.101561	2.487275	4.215796	16.139703	2.446964	4.240084	9.652140	25.609000	25.000000
16.102096	2.487232	4.215844	16.071403	2.471882	4.221842	9.652140	26.128900	25.000000
16.102096	2.487232	4.215844	16.149923	2.475726	4.221842	9.652140	27.226600	25.000000
16.101960	2.487243	4.215844	16.095341	2.500553	4.202263	10.460900	1.865650	25.000000
16.101960	2.487243	4.215844	16.043379	2.504906	4.197144	10.460900	2.963350	25.000000
16.101906	2.487247	4.215839	16.224673	2.521072	4.153790	10.460900	3.483190	25.000000
16.101906	2.487247	4.215839	15.965901	2.533079	4.145660	10.460900	4.580890	25.000000
16.101906	2.487247	4.215839	16.028412	2.527504	4.127389	10.460900	5.100740	25.000000
16.101906	2.487247	4.215839	16.131026	2.467227	4.204326	10.460900	6.198440	25.000000
16.101906	2.487247	4.215839	11.230316	1.503071	4.683825	10.460900	6.718290	25.000000
16.101906	2.487247	4.215839	19.721980	1.758490	4.624019	10.460900	7.815990	25.000000
16.101906	2.487247	4.215839	13.578737	0.806182	4.570059	10.460900	8.335840	25.000000
16.101906	2.487247	4.215839	18.311715	0.877683	4.448814	10.460900	9.433540	25.000000
16.101906	2.487247	4.215839	16.047741	0.604923	4.106151	10.460900	9.953390	25.000000
16.102067	2.487234	4.215853	16.231451	0.662280	4.054861	10.460900	11.051100	25.000000
16.101532	2.487277	4.215805	14.947910	0.743818	4.053079	10.460900	11.570900	25.000000
16.101532	2.487277	4.215805	17.181676	0.657470	4.068888	10.460900	12.668600	25.000000
16.102067	2.487234	4.215853	16.372538	0.825806	4.219010	10.460900	13.188500	25.000000
16.102067	2.487234	4.215853	15.854652	0.662573	4.221225	10.460900	14.286200	25.000000
16.101532	2.487277	4.215805	16.080053	0.332374	4.404501	10.460900	14.806000	25.000000
16.101532	2.487277	4.215805	16.220262	0.564936	4.343644	10.460900	15.903700	25.000000
16.102067	2.487234	4.215853	16.033343	0.258653	1.592744	10.460900	16.423600	25.000000
16.102067	2.487234	4.215853	16.103962	0.405188	0.722979	10.460900	17.521300	25.000000
16.101532	2.487277	4.215805	17.551068	0.848741	0.731686	10.460900	18.041100	25.000000
16.101532	2.487277	4.215805	14.350610	1.192517	1.070253	10.460900	19.138800	25.000000
16.102067	2.487234	4.215853	8.600581	3.129965	1.570796	10.460900	19.658700	25.000000
16.102067	2.487234	4.215853	18.008054	1.537472	1.059920	10.460900	20.756400	25.000000
16.101532	2.487277	4.215805	18.747162	3.016212	3.494372	10.460900	21.276200	25.000000
16.101532	2.487277	4.215805	12.818834	2.701985	3.448851	10.460900	22.373900	25.000000
16.102067	2.487234	4.215853	15.926079	2.386729	4.256938	10.460900	22.893800	25.000000
16.102067	2.487234	4.215853	16.315330	2.335884	4.282949	10.460900	23.991500	25.000000
16.101532	2.487277	4.215805	16.035585	2.445017	4.227006	10.460900	24.511300	25.000000
16.101532	2.487277	4.215805	16.237611	2.459058	4.235642	10.460900	25.609000	25.000000
16.102067	2.487234	4.215853	16.071403	2.471882	4.221842	10.460900	26.128900	25.000000
16.102067	2.487234	4.215853	16.149923	2.475726	4.221842	10.460900	27.226600	25.000000
16.102018	2.487238	4.215826	16.015305	2.496818	4.202263	11.269700	1.865650	25.000000
16.102018	2.487238	4.215826	16.147755	2.496215	4.207290	11.269700	2.963350	25.000000
16.101964	2.487242	4.215821	16.162611	2.515823	4.168346	11.269700	3.483190	25.000000
16.101964	2.487242	4.215821	16.063312	2.524429	4.157210	11.269700	4.580890	25.000000
16.101964	2.487242	4.215821	16.147755	2.560803	4.071145	11.269700	5.100740	25.000000
16.101964	2.487242	4.215821	16.094098	2.565903	4.048343	11.269700	6.198440	25.000000
16.101964	2.487242	4.215821	19.280394	1.811704	4.662164	11.269700	6.718290	25.000000
16.101964	2.487242	4.215821	11.834378	2.372075	4.473301	11.269700	7.815990	25.000000
16.101964	2.487242	4.215821	12.851054	1.111248	4.767984	11.269700	8.335840	25.000000
16.101964	2.487242	4.215821	18.778562	0.958041	4.802342	11.269700	9.433540	25.000000
16.101964	2.487242	4.215821	16.001825	0.611728	4.852132	11.269700	9.953390	25.000000
16.102125	2.487229	4.215835	16.199000	0.727319	4.357748	11.269700	11.051100	25.000000
16.101590	2.487273	4.215787	15.815815	0.756678	4.011755	11.269700	11.570900	25.000000
16.101590	2.487273	4.215787	16.379560	0.730515	4.142151	11.269700	12.668600	25.000000
16.102125	2.487229	4.215835	16.072336	0.649478	4.073003	11.269700	13.188500	25.000000
16.102125	2.487229	4.215835	16.155185	0.363426	4.590194	11.269700	14.286200	25.000000
16.101590	2.487273	4.215787	15.750556	0.384592	5.130613	11.269700	14.806000	25.000000
16.101590	2.487273	4.215787	16.466937	0.425297	5.456145	11.269700	15.903700	25.000000
16.102125	2.487229	4.215835	16.529065	0.418887	1.040581	11.269700	16.423600	25.000000
16.102125	2.487229	4.215835	15.692992	0.424524	0.961338	11.269700	17.521300	25.000000
16.101590	2.487273	4.215787	18.665744	0.893335	1.020943	11.269700	18.041100	25.000000
16.101590	2.487273	4.215787	11.541664	1.888003	1.350149	11.269700	19.138800	25.000000
16.102125	2.487229	4.215835	14.042080	2.203194	6.042489	11.269700	19.658700	25.000000
16.102125	2.487229	4.215835	16.296625	2.254970	1.427779	11.269700	20.756400	25.000000
16.101590	2.487273	4.215787	17.886389	2.863661	4.767435	11.269700	21.276200	25.000000
16.101590	2.487273	4.215787	13.991840	2.523112	3.974076	11.269700	22.373900	25.000000
16.102125	2.487229	4.215835	16.280356	2.399542	4.260936	11.269700	22.893800	25.000000
16.102125	2.487229	4.215835	15.920427	2.351105	4.244789	11.269700	23.991500	25.000000
16.101590	2.487273	4.215787	16.181780	2.463313	4.231122	11.269700	24.511300	25.000000
16.101590	2.487273	4.215787	16.112418	2.448999	4.227006	11.269700	25.609000	25.000000
16.102125	2.487229	4.215835	16.042444	2.474165	4.230725	11.269700	26.128900	25.000000
16.102018	2.487238	4.215826	16.177144	2.493806	4.198325	12.078500	1.865650	25.000000
16.101964	2.487242	4.215821	16.183325	2.503605	4.179087	12.078500	3.483190	25.000000
16.101964	2.487242	4.215821	16.000937	2.508502	4.168346	12.078500	4.580890	25.000000
16.101964	2.487242	4.215821	15.820240	2.557793	4.073475	12.078500	5.100740	25.000000
16.101964	2.487242	4.215821	16.371622	2.540287	4.049452	12.078500	6.198440	25.000000
16.101964	2.487242	4.215821	20.071124	2.199268	4.431551	12.078500	6.718290	25.000000
16.101964	2.487242	4.215821	10.432162	2.401049	4.318691	12.078500	7.815990	25.000000
16.101964	2.487242	4.215821	13.139635	1.379365	4.836744	12.078500	8.335840	25.000000
16.101964	2.487242	4.215821	18.469976	1.080333	5.063258	12.078500	9.433540	25.000000
16.101964	2.487242	4.215821	14.827002	0.672356	5.020442	12.078500	9.953390	25.000000
16.102125	2.487229	4.215835	17.284097	1.069902	4.898142	12.078500	11.051100	25.000000
16.101590	2.487273	4.215787	15.258322	0.644228	4.594260	12.078500	11.570900	25.000000
16.101590	2.487273	4.215787	16.886196	0.644385	4.619587	12.078500	12.668600	25.000000
16.102125	2.487229	4.215835	14.517231	0.173212	4.672410	12.078500	13.188500	25.000000
16.102125	2.487229	4.215835	17.649521	0.272136	4.959413	12.078500	14.286200	25.000000
16.101590	2.487273	4.215787	14.793651	0.701552	5.975677	12.078500	14.806000	25.000000
16.101590	2.487273	4.215787	17.310774	0.266430	5.884344	12.078500	15.903700	25.000000
16.102125	2.487229	4.215835	17.684128	0.536451	0.312654	12.078500	16.423600	25.000000
16.102125	2.487229	4.215835	14.390514	0.633287	0.313953	12.078500	17.521300	25.000000
16.101590	2.487273	4.215787	6.370243	1.026246	0.746457	12.078500	18.041100	25.000000
16.101590	2.487273	4.215787	20.768726	1.450130	1.463888	12.078500	19.138800	25.000000
16.102125	2.487229	4.215835	11.982180	2.755468	0.434606	12.078500	19.658700	25.000000
16.102125	2.487229	4.215835	18.889645	2.329812	1.868963	12.078500	20.756400	25.000000
16.101590	2.487273	4.215787	14.589380	2.489967	4.111848	12.078500	21.276200	25.000000
16.101590	2.487273	4.215787	17.506856	2.433652	4.390638	12.078500	22.373900	25.000000
16.102125	2.487229	4.215835	16.070470	2.413900	4.236190	12.078500	22.893800	25.000000
16.102125	2.487229	4.215835	16.093788	2.357951	4.236931	12.078500	23.991500	25.000000
16.101590	2.487273	4.215787	16.077935	2.461418	4.217778	12.078500	24.511300	25.000000
16.101590	2.487273	4.215787	16.112418	2.448999	4.227006	12.078500	25.609000	25.000000
16.102125	2.487229	4.215835	16.149923	2.475726	4.221842	12.078500	26.128900	25.000000
16.102125	2.487229	4.215835	16.016866	2.476194	4.217078	12.078500	27.226600	25.000000
16.101964	2.487242	4.215821	16.072959	2.502421	4.188068	12.887200	3.483190	25.000000
16.101964	2.487242	4.215821	16.103105	2.499907	4.179087	12.887200	4.580890	25.000000
16.101964	2.487242	4.215821	16.263456	2.528347	4.071025	12.887200	5.100740	25.000000
16.101964	2.487242	4.215821	15.915087	2.526699	4.136470	12.887200	6.198440	25.000000
16.101964	2.487242	4.215821	16.012807	2.507493	4.106844	12.887200	6.718290	25.000000
16.101964	2.487242	4.215821	16.220358	2.358855	4.327013	12.887200	7.815990	25.000000
16.101964	2.487242	4.215821	13.660293	1.269025	5.334421	12.887200	8.335840	25.000000
16.101964	2.487242	4.215821	18.129978	1.643115	4.918461	12.887200	9.433540	25.000000
16.101964	2.487242	4.215821	15.519021	1.044182	4.892242	12.887200	9.953390	25.000000
16.102125	2.487229	4.215835	16.565023	1.200160	5.350709	12.887200	11.051100	25.000000
16.101590	2.487273	4.215787	16.066425	0.727410	5.331550	12.887200	11.570900	25.000000
16.101590	2.487273	4.215787	16.116141	0.836405	5.116183	12.887200	12.668600	25.000000
16.102125	2.487229	4.215835	14.910399	0.453996	5.874277	12.887200	13.188500	25.000000
16.102125	2.487229	4.215835	17.229626	0.548742	5.537137	12.887200	14.286200	25.000000
16.101590	2.487273	4.215787	18.584230	0.402371	0.146172	12.887200	14.806000	25.000000
16.101590	2.487273	4.215787	13.049352	0.788351	0.406594	12.887200	15.903700	25.000000
16.102125	2.487229	4.215835	16.554761	1.059526	6.144912	12.887200	16.423600	25.000000
16.102125	2.487229	4.215835	15.585750	1.105007	0.060358	12.887200	17.521300	25.000000
16.101590	2.487273	4.215787	18.755237	1.553200	1.002022	12.887200	18.041100	25.000000
16.101590	2.487273	4.215787	12.476682	1.833492	0.329624	12.887200	19.138800	25.000000
16.102125	2.487229	4.215835	17.884148	2.545523	1.028583	12.887200	19.658700	25.000000
16.102125	2.487229	4.215835	13.450770	2.763349	3.323787	12.887200	20.756400	25.000000
16.101590	2.487273	4.215787	16.220049	2.341540	4.210299	12.887200	21.276200	25.000000
16.101590	2.487273	4.215787	16.012495	2.328099	4.210299	12.887200	22.373900	25.000000
16.102125	2.487229	4.215835	16.298159	2.389329	4.236694	12.887200	22.893800	25.000000
16.102125	2.487229	4.215835	15.882695	2.417715	4.206214	12.887200	23.991500	25.000000
16.101590	2.487273	4.215787	16.133506	2.457171	4.222432	12.887200	24.511300	25.000000
16.101590	2.487273	4.215787	16.077935	2.461418	4.217778	12.887200	25.609000	25.000000
16.102125	2.487229	4.215835	16.071403	2.471882	4.221842	12.887200	27.226600	25.000000
16.102018	2.487238	4.215826	16.177144	2.493806	4.198325	13.696000	2.963350	25.000000
16.101964	2.487242	4.215821	16.124826	2.498106	4.193243	13.696000	3.483190	25.000000
16.101964	2.487242	4.215821	16.124826	2.498106	4.193243	13.696000	4.580890	25.000000
16.101964	2.487242	4.215821	16.027476	2.516839	4.124386	13.696000	5.100740	25.000000
16.101964	2.487242	4.215821	16.113969	2.499005	4.155985	13.696000	6.198440	25.000000
16.101964	2.487242	4.215821	16.124826	2.519073	4.047614	13.696000	6.718290	25.000000
16.101964	2.487242	4.215821	16.095030	2.521657	3.987523	13.696000	7.815990	25.000000
16.101964	2.487242	4.215821	19.586475	1.834216	5.040828	13.696000	8.335840	25.000000
16.101964	2.487242	4.215821	11.064357	2.505435	4.942609	13.696000	9.433540	25.000000
16.101964	2.487242	4.215821	17.293424	1.695444	5.082073	13.696000	9.953390	25.000000
16.102125	2.487229	4.215835	14.717962	1.208237	5.368971	13.696000	11.051100	25.000000
16.101590	2.487273	4.215787	14.403125	0.973537	5.426480	13.696000	11.570900	25.000000
16.101590	2.487273	4.215787	17.659275	1.055654	5.608444	13.696000	12.668600	25.000000
16.102125	2.487229	4.215835	16.008123	0.871834	5.808589	13.696000	13.188500	25.000000
16.102125	2.487229	4.215835	16.189503	1.075131	5.652324	13.696000	14.286200	25.000000
16.101590	2.487273	4.215787	16.835082	0.826904	0.460038	13.696000	14.806000	25.000000
16.101590	2.487273	4.215787	15.295751	0.823133	0.543478	13.696000	15.903700	25.000000
16.102125	2.487229	4.215835	17.496060	1.166031	0.368960	13.696000	16.423600	25.000000
16.102125	2.487229	4.215835	14.131228	1.973644	0.248710	13.696000	17.521300	25.000000
16.101590	2.487273	4.215787	17.663590	2.264949	6.121912	13.696000	18.041100	25.000000
16.101590	2.487273	4.215787	14.332746	2.171399	0.459109	13.696000	19.138800	25.000000
16.102125	2.487229	4.215835	13.878851	2.629723	3.615108	13.696000	19.658700	25.000000
16.102125	2.487229	4.215835	17.815131	2.770116	5.555772	13.696000	20.756400	25.000000
16.101590	2.487273	4.215787	16.278821	2.296202	4.197316	13.696000	21.276200	25.000000
16.101590	2.487273	4.215787	15.768957	2.351690	4.188813	13.696000	22.373900	25.000000
16.102125	2.487229	4.215835	16.051791	2.434171	4.201566	13.696000	22.893800	25.000000
16.102125	2.487229	4.215835	16.265915	2.409664	4.224055	13.696000	23.991500	25.000000
16.101590	2.487273	4.215787	16.022796	2.465683	4.213042	13.696000	24.511300	25.000000
16.101590	2.487273	4.215787	16.211107	2.461071	4.222432	13.696000	25.609000	25.000000
16.102125	2.487229	4.215835	16.071403	2.471882	4.221842	13.696000	26.128900	25.000000
16.102125	2.487229	4.215835	16.149923	2.475726	4.221842	13.696000	27.226600	25.000000
16.101964	2.487242	4.215821	16.097515	2.490057	4.198325	14.504800	3.483190	25.000000
16.101964	2.487242	4.215821	16.097515	2.490057	4.198325	14.504800	4.580890	25.000000
16.101964	2.487242	4.215821	16.051791	2.504197	4.173765	14.504800	5.100740	25.000000
16.101964	2.487242	4.215821	16.244999	2.498502	4.161406	14.504800	6.198440	25.000000
16.101964	2.487242	4.215821	16.200617	2.502167	4.029571	14.504800	6.718290	25.000000
16.101964	2.487242	4.215821	15.997500	2.519442	4.094633	14.504800	7.815990	25.000000
16.101964	2.487242	4.215821	14.475735	2.641067	4.032028	14.504800	8.335840	25.000000
16.101964	2.487242	4.215821	17.499660	2.350222	4.624711	14.504800	9.433540	25.000000
16.101964	2.487242	4.215821	16.083221	2.332507	5.017837	14.504800	9.953390	25.000000
16.102125	2.487229	4.215835	15.946159	1.772844	5.038188	14.504800	11.051100	25.000000
16.101590	2.487273	4.215787	13.558204	1.465129	5.581799	14.504800	11.570900	25.000000
16.101590	2.487273	4.215787	18.310350	1.368996	5.744678	14.504800	12.668600	25.000000
16.102125	2.487229	4.215835	15.543668	1.463796	5.877444	14.504800	13.188500	25.000000
16.102125	2.487229	4.215835	16.539033	1.488474	5.727158	14.504800	14.286200	25.000000
16.101590	2.487273	4.215787	15.167195	1.447189	0.141991	14.504800	14.806000	25.000000
16.101590	2.487273	4.215787	16.994367	1.365766	6.215218	14.504800	15.903700	25.000000
16.102125	2.487229	4.215835	17.644546	1.816977	0.777134	14.504800	16.423600	25.000000
16.102125	2.487229	4.215835	12.864680	2.499162	5.883404	14.504800	17.521300	25.000000
16.101590	2.487273	4.215787	17.344163	2.550353	5.395207	14.504800	18.041100	25.000000
16.101590	2.487273	4.215787	14.644453	2.924273	4.903573	14.504800	19.138800	25.000000
16.102125	2.487229	4.215835	15.422711	2.561531	4.259323	14.504800	19.658700	25.000000
16.102125	2.487229	4.215835	16.737085	2.320091	4.237793	14.504800	20.756400	25.000000
16.101590	2.487273	4.215787	15.742300	2.371450	4.154757	14.504800	21.276200	25.000000
16.101590	2.487273	4.215787	16.467544	2.360988	4.217863	14.504800	22.373900	25.000000
16.102125	2.487229	4.215835	16.210490	2.432216	4.219089	14.504800	22.893800	25.000000
16.102125	2.487229	4.215835	15.984367	2.448857	4.200533	14.504800	23.991500	25.000000
16.101590	2.487273	4.215787	16.179308	2.473417	4.213042	14.504800	24.511300	25.000000
16.101590	2.487273	4.215787	16.077935	2.461418	4.217778	14.504800	25.609000	25.000000
16.102125	2.487229	4.215835	16.149923	2.475726	4.221842	14.504800	26.128900	25.000000
16.102125	2.487229	4.215835	16.016866	2.476194	4.217078	14.504800	27.226600	25.000000
16.102018	2.487238	4.215826	16.097515	2.490057	4.198325	15.313600	2.963350	25.000000
16.101964	2.487242	4.215821	16.177144	2.493806	4.198325	15.313600	3.483190	25.000000
16.101964	2.487242	4.215821	16.075136	2.491885	4.184315	15.313600	5.100740	25.000000
16.101964	2.487242	4.215821	16.127616	2.487614	4.189450	15.313600	6.198440	25.000000
16.101964	2.487242	4.215821	16.095652	2.500527	4.104216	15.313600	6.718290	25.000000
16.101964	2.487242	4.215821	16.145897	2.496368	4.147240	15.313600	7.815990	25.000000
16.101964	2.487242	4.215821	15.971850	2.510988	3.979574	15.313600	8.335840	25.000000
16.101964	2.487242	4.215821	16.250846	2.477784	4.018929	15.313600	9.433540	25.000000
16.101964	2.487242	4.215821	15.672269	2.515543	4.042750	15.313600	9.953390	25.000000
16.102125	2.487229	4.215835	16.547507	2.373362	4.448425	15.313600	11.051100	25.000000
16.101590	2.487273	4.215787	15.007332	2.239153	5.122855	15.313600	11.570900	25.000000
16.101590	2.487273	4.215787	17.041420	1.968489	5.601486	15.313600	12.668600	25.000000
16.102125	2.487229	4.215835	14.830711	2.148574	5.895205	15.313600	13.188500	25.000000
16.102125	2.487229	4.215835	17.239490	2.066502	5.563115	15.313600	14.286200	25.000000
16.101590	2.487273	4.215787	16.636406	2.100082	5.641077	15.313600	14.806000	25.000000
16.101590	2.487273	4.215787	15.595192	2.193844	5.911476	15.313600	15.903700	25.000000
16.102125	2.487229	4.215835	15.886475	2.436658	0.194538	15.313600	16.423600	25.000000
16.102125	2.487229	4.215835	16.169913	2.793478	5.223890	15.313600	17.521300	25.000000
16.101590	2.487273	4.215787	17.473695	2.614267	4.412218	15.313600	18.041100	25.000000
16.101590	2.487273	4.215787	14.640355	2.431311	3.934398	15.313600	19.138800	25.000000
16.102125	2.487229	4.215835	16.498788	2.300590	4.164996	15.313600	19.658700	25.000000
16.102125	2.487229	4.215835	15.683112	2.330407	4.114631	15.313600	20.756400	25.000000
16.101590	2.487273	4.215787	16.113038	2.383458	4.171969	15.313600	21.276200	25.000000
16.101590	2.487273	4.215787	16.140632	2.427757	4.197938	15.313600	22.373900	25.000000
16.102125	2.487229	4.215835	16.219433	2.450705	4.218448	15.313600	22.893800	25.000000
16.102125	2.487229	4.215835	16.083843	2.460964	4.195694	15.313600	23.991500	25.000000
16.101590	2.487273	4.215787	16.100932	2.469569	4.213042	15.313600	24.511300	25.000000
16.101590	2.487273	4.215787	16.179308	2.473417	4.213042	15.313600	25.609000	25.000000
16.101964	2.487242	4.215821	16.127616	2.487614	4.189450	16.122300	5.100740	25.000000
16.101964	2.487242	4.215821	16.097515	2.490057	4.198325	16.122300	6.198440	25.000000
16.101964	2.487242	4.215821	16.137224	2.486838	4.166734	16.122300	6.718290	25.000000
16.101964	2.487242	4.215821	16.002500	2.497883	4.164827	16.122300	7.815990	25.000000
16.101964	2.487242	4.215821	16.165704	2.484546	4.121577	16.122300	8.335840	25.000000
16.101964	2.487242	4.215821	15.944278	2.492320	4.066813	16.122300	9.433540	25.000000
16.101964	2.487242	4.215821	15.858436	2.478714	3.941483	16.122300	9.953390	25.000000
16.102125	2.487229	4.215835	16.317782	2.443447	3.994456	16.122300	11.051100	25.000000
16.101590	2.487273	4.215787	14.873466	2.556570	3.978669	16.122300	11.570900	25.000000
16.101590	2.487273	4.215787	17.298266	2.429967	4.525410	16.122300	12.668600	25.000000
16.102125	2.487229	4.215835	15.660859	2.635803	4.864537	16.122300	13.188500	25.000000
16.102125	2.487229	4.215835	16.490106	2.620321	4.765996	16.122300	14.286200	25.000000
16.101590	2.487273	4.215787	16.083349	2.578475	4.570986	16.122300	14.806000	25.000000
16.101590	2.487273	4.215787	16.151050	2.560492	4.590272	16.122300	15.903700	25.000000
16.102125	2.487229	4.215835	15.687256	2.514223	4.112339	16.122300	16.423600	25.000000
16.102125	2.487229	4.215835	16.481201	2.530663	4.531589	16.122300	17.521300	25.000000
16.101590	2.487273	4.215787	16.153637	2.345540	4.093147	16.122300	18.041100	25.000000
16.101590	2.487273	4.215787	16.063935	2.325076	4.103063	16.122300	19.138800	25.000000
16.102125	2.487229	4.215835	16.341971	2.386468	4.188813	16.122300	19.658700	25.000000
16.102125	2.487229	4.215835	15.810756	2.376081	4.121855	16.122300	20.756400	25.000000
16.101590	2.487273	4.215787	16.004374	2.437643	4.175281	16.122300	21.276200	25.000000
16.101590	2.487273	4.215787	16.184561	2.434084	4.206214	16.122300	22.373900	25.000000
16.102125	2.487229	4.215835	16.046495	2.473845	4.208223	16.122300	22.893800	25.000000
16.102125	2.487229	4.215835	16.108073	2.459109	4.209115	16.122300	23.991500	25.000000
16.101590	2.487273	4.215787	16.149923	2.475726	4.221842	16.122300	24.511300	25.000000
16.101590	2.487273	4.215787	16.125136	2.477685	4.208223	16.122300	25.609000	25.000000
16.101964	2.487242	4.215821	16.018115	2.486272	4.198325	16.931100	5.100740	25.000000
16.101964	2.487242	4.215821	16.097515	2.490057	4.198325	16.931100	6.198440	25.000000
16.101964	2.487242	4.215821	15.992811	2.498691	4.188068	16.931100	6.718290	25.000000
16.101964	2.487242	4.215821	16.127616	2.487614	4.189450	16.931100	7.815990	25.000000
16.101964	2.487242	4.215821	16.098758	2.489956	4.138590	16.931100	8.335840	25.000000
16.101964	2.487242	4.215821	16.169106	2.484274	4.158081	16.931100	9.433540	25.000000
16.101964	2.487242	4.215821	16.036521	2.474634	4.062840	16.931100	9.953390	25.000000
16.102125	2.487229	4.215835	16.172198	2.473974	4.118846	16.931100	11.051100	25.000000
16.101590	2.487273	4.215787	16.188267	2.424367	4.006821	16.931100	11.570900	25.000000
16.101590	2.487273	4.215787	15.978110	2.459193	4.011298	16.931100	12.668600	25.000000
16.102125	2.487229	4.215835	16.016554	2.399029	3.972711	16.931100	13.188500	25.000000
16.102125	2.487229	4.215835	16.300613	2.407298	4.004756	16.931100	14.286200	25.000000
16.101590	2.487273	4.215787	16.216658	2.359084	4.019890	16.931100	14.806000	25.000000
16.101590	2.487273	4.215787	16.101553	2.366301	3.996063	16.931100	15.903700	25.000000
16.102125	2.487229	4.215835	16.266837	2.347332	4.043032	16.931100	16.423600	25.000000
16.102125	2.487229	4.215835	15.995312	2.364149	4.072453	16.931100	17.521300	25.000000
16.101590	2.487273	4.215787	16.296625	2.371635	4.134166	16.931100	18.041100	25.000000
16.101590	2.487273	4.215787	15.895911	2.407336	4.113970	16.931100	19.138800	25.000000
16.102125	2.487229	4.215835	16.159827	2.435876	4.193243	16.931100	19.658700	25.000000
16.102125	2.487229	4.215835	16.086330	2.422178	4.155790	16.931100	20.756400	25.000000
16.101590	2.487273	4.215787	16.029348	2.465174	4.190771	16.931100	21.276200	25.000000
16.101590	2.487273	4.215787	16.225289	2.450268	4.196840	16.931100	22.373900	25.000000
16.102125	2.487229	4.215835	16.046495	2.473845	4.208223	16.931100	22.893800	25.000000
16.102125	2.487229	4.215835	16.131026	2.467227	4.204326	16.931100	23.991500	25.000000
16.101590	2.487273	4.215787	16.125136	2.477685	4.208223	16.931100	25.609000	25.000000
16.101964	2.487242	4.215821	16.097515	2.490057	4.198325	17.739900	6.718290	25.000000
16.101964	2.487242	4.215821	16.048364	2.483823	4.189450	17.739900	8.335840	25.000000
16.101964	2.487242	4.215821	16.026540	2.485588	4.175478	17.739900	9.433540	25.000000
16.101964	2.487242	4.215821	16.155804	2.475262	4.141052	17.739900	9.953390	25.000000
16.102125	2.487229	4.215835	16.117382	2.488443	4.152707	17.739900	11.051100	25.000000
16.101590	2.487273	4.215787	16.197839	2.462084	4.129836	17.739900	11.570900	25.000000
16.101590	2.487273	4.215787	16.026852	2.475400	4.099182	17.739900	12.668600	25.000000
16.102125	2.487229	4.215835	16.005312	2.437574	4.070818	17.739900	13.188500	25.000000
16.102125	2.487229	4.215835	16.186723	2.443485	4.097726	17.739900	14.286200	25.000000
16.101590	2.487273	4.215787	16.141252	2.418302	4.093228	17.739900	14.806000	25.000000
16.101590	2.487273	4.215787	16.071714	2.432722	4.089917	17.739900	15.903700	25.000000
16.102125	2.487229	4.215835	16.157351	2.417174	4.106254	17.739900	16.423600	25.000000
16.102125	2.487229	4.215835	16.046495	2.425016	4.129649	17.739900	17.521300	25.000000
16.101590	2.487273	4.215787	16.004374	2.447352	4.156895	17.739900	18.041100	25.000000
16.101590	2.487273	4.215787	16.169416	2.435180	4.171969	17.739900	19.138800	25.000000
16.102125	2.487229	4.215835	16.015305	2.456340	4.173662	17.739900	19.658700	25.000000
16.102125	2.487229	4.215835	16.170034	2.454408	4.192034	17.739900	20.756400	25.000000
16.101590	2.487273	4.215787	16.100932	2.469569	4.213042	17.739900	21.276200	25.000000
16.101590	2.487273	4.215787	16.161683	2.464858	4.195694	17.739900	22.373900	25.000000
16.102125	2.487229	4.215835	16.046495	2.473845	4.208223	17.739900	22.893800	25.000000
16.102125	2.487229	4.215835	16.046495	2.473845	4.208223	17.739900	23.991500	25.000000
16.101964	2.487242	4.215821	16.097515	2.490057	4.198325	18.548700	6.198440	25.000000
16.101964	2.487242	4.215821	16.048364	2.483823	4.189450	18.548700	8.335840	25.000000
16.101964	2.487242	4.215821	16.158280	2.485142	4.180665	18.548700	9.953390	25.000000
16.102125	2.487229	4.215835	16.026540	2.485588	4.175478	18.548700	11.051100	25.000000
16.101590	2.487273	4.215787	16.090059	2.480476	4.158081	18.548700	11.570900	25.000000
16.101590	2.487273	4.215787	16.110556	2.478842	4.171969	18.548700	12.668600	25.000000
16.102125	2.487229	4.215835	16.096583	2.469909	4.154848	18.548700	13.188500	25.000000
16.102125	2.487229	4.215835	16.129786	2.467324	4.146421	18.548700	14.286200	25.000000
16.101590	2.487273	4.215787	16.071714	2.461897	4.160085	18.548700	14.806000	25.000000
16.101590	2.487273	4.215787	16.104968	2.459346	4.151702	18.548700	15.903700	25.000000
16.102125	2.487229	4.215835	16.092856	2.460273	4.173662	18.548700	16.423600	25.000000
16.102125	2.487229	4.215835	16.125446	2.457784	4.165236	18.548700	17.521300	25.000000
16.101590	2.487273	4.215787	16.092856	2.460273	4.173662	18.548700	18.041100	25.000000
16.101590	2.487273	4.215787	16.060822	2.462736	4.182173	18.548700	19.138800	25.000000
16.102125	2.487229	4.215835	16.131026	2.467227	4.204326	18.548700	19.658700	25.000000
16.102125	2.487229	4.215835	16.107452	2.469060	4.190771	18.548700	20.756400	25.000000
16.101590	2.487273	4.215787	16.100932	2.469569	4.213042	18.548700	21.276200	25.000000
16.101590	2.487273	4.215787	16.155185	2.475311	4.199454	18.548700	22.373900	25.000000
16.102125	2.487229	4.215835	16.097515	2.490057	4.198325	19.357400	11.051100	25.000000
16.101590	2.487273	4.215787	16.127616	2.487614	4.189450	19.357400	11.570900	25.000000
16.101590	2.487273	4.215787	16.180544	2.483358	4.194496	19.357400	12.668600	25.000000
16.102125	2.487229	4.215835	16.132266	2.477120	4.185762	19.357400	13.188500	25.000000
16.102125	2.487229	4.215835	16.132266	2.477120	4.185762	19.357400	14.286200	25.000000
16.101590	2.487273	4.215787	16.132266	2.477120	4.185762	19.357400	14.806000	25.000000
16.101590	2.487273	4.215787	16.107452	2.469060	4.190771	19.357400	15.903700	25.000000
16.102125	2.487229	4.215835	16.053660	2.473279	4.185762	19.357400	16.423600	25.000000
16.102125	2.487229	4.215835	16.107452	2.469060	4.190771	19.357400	17.521300	25.000000
16.101590	2.487273	4.215787	16.053660	2.473279	4.185762	19.357400	18.041100	25.000000
16.101590	2.487273	4.215787	16.155185	2.475311	4.199454	19.357400	19.138800	25.000000
16.102125	2.487229	4.215835	16.155185	2.475311	4.199454	19.357400	19.658700	25.000000
16.102125	2.487229	4.215835	16.125136	2.477685	4.208223	19.357400	20.756400	25.000000
16.101964	2.487242	4.215821	16.018115	2.486272	4.198325	20.166200	9.953390	25.000000
16.101590	2.487273	4.215787	16.018115	2.486272	4.198325	20.166200	12.668600	25.000000
16.102125	2.487229	4.215835	16.101553	2.479559	4.194496	20.166200	13.188500	25.000000
16.101590	2.487273	4.215787	16.101553	2.479559	4.194496	20.166200	14.806000	25.000000
16.102125	2.487229	4.215835	16.101553	2.479559	4.194496	20.166200	16.423600	25.000000
16.102125	2.487229	4.215835	16.101553	2.479559	4.194496	20.166200	17.521300	25.000000
16.101590	2.487273	4.215787	16.101553	2.479559	4.194496	20.166200	19.138800	25.000000
16.102125	2.487229	4.215835	16.125136	2.477685	4.208223	20.166200	23.991500	25.000000
16.102125	2.487229	4.215835	16.125136	2.477685	4.208223	20.975000	19.658700	25.000000
16.101590	2.487273	4.215787	16.125136	2.477685	4.208223	21.783800	18.041100	25.000000
