10.589465	2.546483	2.967975	10.534249	2.559603	2.964519	-1.100100	-1.755950	25.000000
10.589455	2.546485	2.967992	10.537196	2.559178	2.959424	-0.270858	-3.975220	25.000000
10.589465	2.546483	2.967975	10.618894	2.564640	2.962820	-0.270858	-3.414440	25.000000
10.589465	2.546483	2.967975	10.535222	2.559462	2.962820	-0.270858	-2.316740	25.000000
10.589463	2.546484	2.967979	10.617928	2.564780	2.964519	-0.270858	-0.658252	25.000000
10.589465	2.546483	2.967975	10.670052	2.557314	2.970857	-0.270858	1.000230	25.000000
10.589461	2.546484	2.967975	10.538197	2.559034	2.957728	0.558385	-6.731410	25.000000
10.589461	2.546484	2.967975	10.623860	2.563922	2.954339	0.558385	-5.633710	25.000000
10.589452	2.546485	2.967992	10.619868	2.564499	2.961122	0.558385	-5.072920	25.000000
10.589452	2.546485	2.967992	10.539208	2.558888	2.956033	0.558385	-3.975220	25.000000
10.589461	2.546484	2.967975	10.618894	2.564640	2.962820	0.558385	-3.414440	25.000000
10.589461	2.546484	2.967975	10.536204	2.559321	2.961122	0.558385	-2.316740	25.000000
10.589461	2.546484	2.967975	10.616972	2.564918	2.966220	0.558385	-1.755950	25.000000
10.589459	2.546484	2.967978	10.615088	2.565191	2.969624	0.558385	-0.658252	25.000000
10.589461	2.546484	2.967975	10.616026	2.565055	2.967921	0.558385	1.000230	25.000000
10.589461	2.546484	2.967975	10.667282	2.557707	2.975885	0.558385	1.561020	25.000000
10.589461	2.546484	2.967975	10.532331	2.559879	2.967921	0.558385	2.658720	25.000000
10.589470	2.546483	2.967976	10.538197	2.559034	2.957728	1.387630	-7.292200	25.000000
10.589470	2.546483	2.967976	10.628001	2.563325	2.947573	1.387630	-6.731410	25.000000
10.589470	2.546483	2.967976	10.622848	2.564068	2.956033	1.387630	-5.633710	25.000000
10.589460	2.546484	2.967992	10.573651	2.571248	2.945915	1.387630	-5.072920	25.000000
10.589460	2.546484	2.967992	10.568519	2.572005	2.954520	1.387630	-3.975220	25.000000
10.589470	2.546483	2.967976	10.566532	2.572299	2.957970	1.387630	-3.414440	25.000000
10.589470	2.546483	2.967976	10.567521	2.572153	2.956245	1.387630	-2.316740	25.000000
10.589470	2.546483	2.967976	10.561728	2.573010	2.966615	1.387630	-1.755950	25.000000
10.589468	2.546483	2.967979	10.559872	2.573285	2.970080	1.387630	-0.658252	25.000000
10.589468	2.546483	2.967980	10.530451	2.560151	2.971327	1.387630	-0.097465	25.000000
10.589470	2.546483	2.967976	10.611433	2.565721	2.976444	1.387630	1.000230	25.000000
10.589470	2.546483	2.967976	10.526804	2.560678	2.978151	1.387630	1.561020	25.000000
10.589470	2.546483	2.967976	10.668196	2.557577	2.974208	1.387630	2.658720	25.000000
10.589465	2.546483	2.967975	10.540228	2.558741	2.954339	2.216870	-8.389900	25.000000
10.589465	2.546483	2.967975	10.685153	2.555180	2.945855	2.216870	-7.292200	25.000000
10.589465	2.546483	2.967975	10.581229	2.570133	2.933916	2.216870	-6.731410	25.000000
10.589465	2.546483	2.967975	10.573651	2.571248	2.945915	2.216870	-5.633710	25.000000
10.589455	2.546485	2.967992	10.604716	2.584279	2.944197	2.216870	-5.072920	25.000000
10.589455	2.546485	2.967992	10.559621	2.591170	2.929994	2.216870	-3.975220	25.000000
10.589465	2.546483	2.967975	10.633555	2.597856	2.949545	2.216870	-3.414440	25.000000
10.589465	2.546483	2.967975	10.547113	2.593105	2.951330	2.216870	-2.316740	25.000000
10.589465	2.546483	2.967975	10.536835	2.594704	2.971043	2.216870	-1.755950	25.000000
10.589463	2.546484	2.967979	10.624147	2.599323	2.967449	2.216870	-0.658252	25.000000
10.589462	2.546484	2.967979	10.551156	2.574580	2.987468	2.216870	-0.097465	25.000000
10.589465	2.546483	2.967975	10.590208	2.586481	2.970553	2.216870	1.000230	25.000000
10.589465	2.546483	2.967975	10.661144	2.558579	2.987648	2.216870	1.561020	25.000000
10.589465	2.546483	2.967975	10.611433	2.565721	2.976444	2.216870	2.658720	25.000000
10.589465	2.546483	2.967975	10.528609	2.560417	2.974737	2.216870	4.317210	25.000000
10.589400	2.546492	2.967989	10.545468	2.557988	2.945885	3.046110	-8.950680	25.000000
10.589409	2.546491	2.967972	10.579017	2.570458	2.937338	3.046110	-8.389900	25.000000
10.589409	2.546491	2.967972	10.689532	2.554564	2.939229	3.046110	-7.292200	25.000000
10.589409	2.546491	2.967972	10.524239	2.578610	2.937214	3.046110	-6.731410	25.000000
10.589409	2.546491	2.967972	10.582178	2.587706	2.896614	3.046110	-5.633710	25.000000
10.589400	2.546492	2.967989	10.556401	2.610070	2.903867	3.046110	-5.072920	25.000000
10.589400	2.546492	2.967989	10.582457	2.644165	2.897575	3.046110	-3.975220	25.000000
10.589409	2.546491	2.967972	10.653338	2.651635	2.928549	3.046110	-3.414440	25.000000
10.589409	2.546491	2.967972	10.564208	2.647356	2.930499	3.046110	-2.316740	25.000000
10.589409	2.546491	2.967972	10.584087	2.643881	2.996617	3.046110	-1.755950	25.000000
10.589407	2.546491	2.967976	10.514828	2.636139	2.951901	3.046110	-0.658252	25.000000
10.589407	2.546491	2.967976	10.660811	2.593641	3.002497	3.046110	-0.097465	25.000000
10.589409	2.546491	2.967972	10.649831	2.613686	2.986251	3.046110	1.000230	25.000000
10.589409	2.546491	2.967972	10.584158	2.587404	2.982937	3.046110	1.561020	25.000000
10.589409	2.546491	2.967972	10.548725	2.574942	2.992703	3.046110	2.658720	25.000000
10.589409	2.546491	2.967972	10.661993	2.558458	2.985965	3.046110	3.219510	25.000000
10.589409	2.546491	2.967972	10.663719	2.558213	2.982601	3.046110	4.317210	25.000000
10.589474	2.546482	2.967959	10.635605	2.562230	2.935777	3.875360	-10.048400	25.000000
10.589455	2.546485	2.967992	10.543344	2.558293	2.949263	3.875360	-8.950680	25.000000
10.589465	2.546483	2.967975	10.615555	2.582643	2.926777	3.875360	-8.389900	25.000000
10.589465	2.546483	2.967975	10.601533	2.567161	2.905035	3.875360	-7.292200	25.000000
10.589465	2.546483	2.967975	10.624105	2.636993	2.837082	3.875360	-6.731410	25.000000
10.589465	2.546483	2.967975	10.535388	2.594929	2.886871	3.875360	-5.633710	25.000000
10.589455	2.546485	2.967992	10.557088	2.669013	2.848143	3.875360	-5.072920	25.000000
10.589455	2.546485	2.967992	10.613670	2.723625	2.761086	3.875360	-3.975220	25.000000
10.589465	2.546483	2.967975	10.562272	2.759350	2.874450	3.875360	-3.414440	25.000000
10.589465	2.546483	2.967975	10.623860	2.770315	2.857591	3.875360	-2.316740	25.000000
10.589465	2.546483	2.967975	10.516278	2.721057	2.932777	3.875360	-1.755950	25.000000
10.589463	2.546484	2.967979	10.627046	2.744464	3.070979	3.875360	-0.658252	25.000000
10.589462	2.546484	2.967979	10.545734	2.630868	2.995580	3.875360	-0.097465	25.000000
10.589465	2.546483	2.967975	10.562197	2.668068	3.058451	3.875360	1.000230	25.000000
10.589465	2.546483	2.967975	10.630903	2.580339	2.997946	3.875360	1.561020	25.000000
10.589465	2.546483	2.967975	10.602151	2.602776	3.019974	3.875360	2.658720	25.000000
10.589465	2.546483	2.967975	10.552824	2.574332	2.983982	3.875360	3.219510	25.000000
10.589465	2.546483	2.967975	10.519962	2.561670	2.991845	3.875360	4.317210	25.000000
10.589465	2.546483	2.967975	10.664596	2.558088	2.980921	3.875360	5.975690	25.000000
10.589513	2.546477	2.967892	10.598792	2.550412	2.950837	4.704600	-11.706900	25.000000
10.589474	2.546482	2.967959	10.584616	2.569635	2.928793	4.704600	-10.048400	25.000000
10.589455	2.546485	2.967992	10.554340	2.556716	2.932417	4.704600	-8.950680	25.000000
10.589465	2.546483	2.967975	10.623069	2.581513	2.846741	4.704600	-8.389900	25.000000
10.589465	2.546483	2.967975	10.574691	2.588852	2.907099	4.704600	-7.292200	25.000000
10.589465	2.546483	2.967975	10.681877	2.627285	2.677945	4.704600	-6.731410	25.000000
10.589465	2.546483	2.967975	10.425143	2.717126	2.769737	4.704600	-5.633710	25.000000
10.589455	2.546485	2.967992	10.785291	2.733594	2.615200	4.704600	-5.072920	25.000000
10.589455	2.546485	2.967992	10.487135	2.777587	2.785957	4.704600	-3.975220	25.000000
10.589465	2.546483	2.967975	10.563849	2.667763	2.917748	4.704600	-3.414440	25.000000
10.589465	2.546483	2.967975	10.593040	2.622954	2.901233	4.704600	-2.316740	25.000000
10.589465	2.546483	2.967975	10.641546	2.852515	2.992703	4.704600	-1.755950	25.000000
10.589463	2.546484	2.967979	10.597759	2.804124	3.070285	4.704600	-0.658252	25.000000
10.589462	2.546484	2.967979	10.674273	2.734044	3.262430	4.704600	-0.097465	25.000000
10.589465	2.546483	2.967975	10.547310	2.738025	2.999149	4.704600	1.000230	25.000000
10.589465	2.546483	2.967975	10.602778	2.602677	3.018149	4.704600	1.561020	25.000000
10.589465	2.546483	2.967975	10.612375	2.638997	3.073073	4.704600	2.658720	25.000000
10.589465	2.546483	2.967975	10.549526	2.574823	2.990957	4.704600	3.219510	25.000000
10.589465	2.546483	2.967975	10.623752	2.581411	3.015480	4.704600	4.317210	25.000000
10.589465	2.546483	2.967975	10.522457	2.561308	2.986703	4.704600	5.975690	25.000000
10.589513	2.546477	2.967892	10.603094	2.549808	2.944197	5.533850	-10.609200	25.000000
10.589474	2.546482	2.967959	10.502995	2.564141	2.925383	5.533850	-10.048400	25.000000
10.589455	2.546485	2.967992	10.608016	2.566217	2.896614	5.533850	-8.950680	25.000000
10.589465	2.546483	2.967975	10.688330	2.571850	2.783634	5.533850	-8.389900	25.000000
10.589465	2.546483	2.967975	10.512012	2.636623	2.804918	5.533850	-7.292200	25.000000
10.589465	2.546483	2.967975	10.366292	2.754680	2.574863	5.533850	-6.731410	25.000000
10.589465	2.546483	2.967975	10.797222	2.686862	2.400941	5.533850	-5.633710	25.000000
10.589455	2.546485	2.967992	10.651990	2.275445	3.647135	5.533850	-5.072920	25.000000
10.589455	2.546485	2.967992	10.493527	2.251010	2.737184	5.533850	-3.975220	25.000000
10.589465	2.546483	2.967975	10.618343	1.802659	3.060219	5.533850	-3.414440	25.000000
10.589465	2.546483	2.967975	10.645004	1.813665	2.981217	5.533850	-2.316740	25.000000
10.589465	2.546483	2.967975	10.555761	2.096816	2.662268	5.533850	-1.755950	25.000000
10.589463	2.546484	2.967979	10.510452	2.677768	3.171371	5.533850	-0.658252	25.000000
10.589462	2.546484	2.967979	10.596811	2.834171	3.400186	5.533850	-0.097465	25.000000
10.589465	2.546483	2.967975	10.551877	2.788251	3.309443	5.533850	1.000230	25.000000
10.589465	2.546483	2.967975	10.605607	2.660141	3.208838	5.533850	1.561020	25.000000
10.589465	2.546483	2.967975	10.474052	2.684764	3.048170	5.533850	2.658720	25.000000
10.589465	2.546483	2.967975	10.627930	2.580784	3.004949	5.533850	3.219510	25.000000
10.589465	2.546483	2.967975	10.612747	2.583066	3.049001	5.533850	4.317210	25.000000
10.589465	2.546483	2.967975	10.573670	2.553961	2.996077	5.533850	4.877990	25.000000
10.589465	2.546483	2.967975	10.606229	2.566477	2.986703	5.533850	5.975690	25.000000
10.589513	2.546477	2.967892	10.635605	2.562230	2.935777	6.363090	-11.706900	25.000000
10.589513	2.546477	2.967892	10.603094	2.549808	2.944197	6.363090	-10.609200	25.000000
10.589474	2.546482	2.967959	10.582443	2.569954	2.860174	6.363090	-10.048400	25.000000
10.589455	2.546485	2.967992	10.519011	2.561808	2.903348	6.363090	-8.950680	25.000000
10.589465	2.546483	2.967975	10.346980	2.645573	2.723368	6.363090	-8.389900	25.000000
10.589465	2.546483	2.967975	10.844814	2.619492	2.553590	6.363090	-7.292200	25.000000
10.589465	2.546483	2.967975	10.644365	2.263780	2.926235	6.363090	-6.731410	25.000000
10.589465	2.546483	2.967975	10.528229	2.718526	2.644831	6.363090	-5.633710	25.000000
10.589455	2.546485	2.967992	10.611433	1.923944	3.034928	6.363090	-5.072920	25.000000
10.589455	2.546485	2.967992	10.534159	1.623982	3.538870	6.363090	-3.975220	25.000000
10.589465	2.546483	2.967975	10.628659	1.313951	3.016755	6.363090	-3.414440	25.000000
10.589465	2.546483	2.967975	10.605324	1.303610	3.066245	6.363090	-2.316740	25.000000
10.589465	2.546483	2.967975	10.743947	1.984591	2.842346	6.363090	-1.755950	25.000000
10.589463	2.546484	2.967979	10.485328	1.512587	2.810779	6.363090	-0.658252	25.000000
10.589462	2.546484	2.967979	10.157539	2.190568	3.343732	6.363090	-0.097465	25.000000
10.589465	2.546483	2.967975	10.847562	2.566052	2.580839	6.363090	1.000230	25.000000
10.589465	2.546483	2.967975	10.528385	2.674374	3.274841	6.363090	1.561020	25.000000
10.589465	2.546483	2.967975	10.566877	2.784422	3.368189	6.363090	2.658720	25.000000
10.589465	2.546483	2.967975	10.476760	2.585832	3.041924	6.363090	3.219510	25.000000
10.589465	2.546483	2.967975	10.535768	2.613410	3.081289	6.363090	4.317210	25.000000
10.589465	2.546483	2.967975	10.599816	2.567411	3.000433	6.363090	4.877990	25.000000
10.589465	2.546483	2.967975	10.570530	2.554407	3.002835	6.363090	5.975690	25.000000
10.589465	2.546483	2.967975	10.580402	2.553006	2.982601	6.363090	6.536480	25.000000
10.589513	2.546477	2.967892	10.559001	2.556050	2.925712	7.192330	-11.706900	25.000000
10.589513	2.546477	2.967892	10.691777	2.554249	2.935922	7.192330	-10.609200	25.000000
10.589474	2.546482	2.967959	10.526329	2.578295	2.860360	7.192330	-10.048400	25.000000
10.589455	2.546485	2.967992	10.680211	2.555877	2.819306	7.192330	-8.950680	25.000000
10.589465	2.546483	2.967975	10.456099	2.607521	2.694750	7.192330	-8.389900	25.000000
10.589465	2.546483	2.967975	10.768849	2.560283	2.721823	7.192330	-7.292200	25.000000
10.589465	2.546483	2.967975	10.409039	2.150291	3.094501	7.192330	-6.731410	25.000000
10.589465	2.546483	2.967975	10.704280	1.589482	3.478708	7.192330	-5.633710	25.000000
10.589455	2.546485	2.967992	10.479504	1.407855	3.306741	7.192330	-5.072920	25.000000
10.589455	2.546485	2.967992	10.650545	1.039077	3.273784	7.192330	-3.975220	25.000000
10.589465	2.546483	2.967975	10.808497	0.829297	3.008212	7.192330	-3.414440	25.000000
10.589465	2.546483	2.967975	10.517723	0.790381	3.000642	7.192330	-2.316740	25.000000
10.589465	2.546483	2.967975	10.951712	1.076046	2.608290	7.192330	-1.755950	25.000000
10.589463	2.546484	2.967979	10.234256	1.211346	2.899146	7.192330	-0.658252	25.000000
10.589462	2.546484	2.967979	10.699794	2.040189	2.475035	7.192330	-0.097465	25.000000
10.589465	2.546483	2.967975	10.417490	1.454383	2.734163	7.192330	1.000230	25.000000
10.589465	2.546483	2.967975	10.653632	2.651583	3.066932	7.192330	1.561020	25.000000
10.589465	2.546483	2.967975	10.556145	2.690451	3.173973	7.192330	2.658720	25.000000
10.589465	2.546483	2.967975	10.694466	2.644472	3.149436	7.192330	3.219510	25.000000
10.589465	2.546483	2.967975	10.498255	2.600770	3.098841	7.192330	4.317210	25.000000
10.589465	2.546483	2.967975	10.644830	2.560907	3.024884	7.192330	4.877990	25.000000
10.589465	2.546483	2.967975	10.598306	2.567631	3.003874	7.192330	5.975690	25.000000
10.589465	2.546483	2.967975	10.580402	2.553006	2.982601	7.192330	6.536480	25.000000
10.589465	2.546483	2.967975	10.577807	2.553374	2.987648	7.192330	7.634180	25.000000
10.589513	2.546477	2.967892	10.598792	2.550412	2.950837	8.021580	-13.365400	25.000000
10.589513	2.546477	2.967892	10.561387	2.555709	2.922367	8.021580	-11.706900	25.000000
10.589513	2.546477	2.967892	10.566272	2.555013	2.915691	8.021580	-10.609200	25.000000
10.589474	2.546482	2.967959	10.462485	2.588033	2.757710	8.021580	-10.048400	25.000000
10.589455	2.546485	2.967992	10.715111	2.550985	2.789099	8.021580	-8.950680	25.000000
10.589465	2.546483	2.967975	11.000073	2.104921	3.573115	8.021580	-8.389900	25.000000
10.589465	2.546483	2.967975	10.199000	2.556055	3.027801	8.021580	-7.292200	25.000000
10.589465	2.546483	2.967975	11.662333	1.337162	4.001851	8.021580	-6.731410	25.000000
10.589465	2.546483	2.967975	9.445105	1.302917	3.477231	8.021580	-5.633710	25.000000
10.589455	2.546485	2.967992	10.335376	0.670170	3.458417	8.021580	-5.072920	25.000000
10.589455	2.546485	2.967992	10.846774	0.768279	3.241261	8.021580	-3.975220	25.000000
10.589465	2.546483	2.967975	10.449287	0.473423	2.878286	8.021580	-3.414440	25.000000
10.589465	2.546483	2.967975	10.632290	0.398303	2.810640	8.021580	-2.316740	25.000000
10.589465	2.546483	2.967975	10.742905	0.744585	2.492597	8.021580	-1.755950	25.000000
10.589463	2.546484	2.967979	10.421612	0.633404	2.794207	8.021580	-0.658252	25.000000
10.589462	2.546484	2.967979	8.781053	1.585601	2.493536	8.021580	-0.097465	25.000000
10.589465	2.546483	2.967975	12.087448	1.283940	2.165976	8.021580	1.000230	25.000000
10.589465	2.546483	2.967975	11.314150	2.283720	2.331406	8.021580	1.561020	25.000000
10.589465	2.546483	2.967975	9.892421	2.495747	3.006821	8.021580	2.658720	25.000000
10.589465	2.546483	2.967975	10.620998	2.657375	3.275481	8.021580	3.219510	25.000000
10.589465	2.546483	2.967975	10.532806	2.613892	3.179311	8.021580	4.317210	25.000000
10.589465	2.546483	2.967975	10.644830	2.560907	3.024884	8.021580	4.877990	25.000000
10.589465	2.546483	2.967975	10.585278	2.569538	3.038451	8.021580	5.975690	25.000000
10.589465	2.546483	2.967975	10.577807	2.553374	2.987648	8.021580	6.536480	25.000000
10.589465	2.546483	2.967975	10.576961	2.553494	2.989332	8.021580	7.634180	25.000000
10.589513	2.546477	2.967892	10.655965	2.542466	2.950724	8.850820	-13.365400	25.000000
10.589513	2.546477	2.967892	10.620551	2.547367	2.919458	8.850820	-11.706900	25.000000
10.589513	2.546477	2.967892	10.576488	2.553561	2.902401	8.850820	-10.609200	25.000000
10.589474	2.546482	2.967959	10.702154	2.552794	2.671926	8.850820	-10.048400	25.000000
10.589455	2.546485	2.967992	10.466255	2.569551	2.733225	8.850820	-8.950680	25.000000
10.589465	2.546483	2.967975	6.242596	2.109015	3.386571	8.850820	-8.389900	25.000000
10.589465	2.546483	2.967975	13.489996	2.073548	4.199539	8.850820	-7.292200	25.000000
10.589465	2.546483	2.967975	12.116518	1.286368	4.267970	8.850820	-6.731410	25.000000
10.589465	2.546483	2.967975	8.720092	0.931882	4.068888	8.850820	-5.633710	25.000000
10.589455	2.546485	2.967992	10.851617	0.485030	3.393283	8.850820	-5.072920	25.000000
10.589455	2.546485	2.967992	10.370149	0.500133	3.406081	8.850820	-3.975220	25.000000
10.589465	2.546483	2.967975	10.312206	0.489752	2.818538	8.850820	-3.414440	25.000000
10.589465	2.546483	2.967975	10.810315	0.457202	2.872216	8.850820	-2.316740	25.000000
10.589465	2.546483	2.967975	10.402327	0.678250	2.944197	8.850820	-1.755950	25.000000
10.589463	2.546484	2.967979	10.714495	0.538167	2.673059	8.850820	-0.658252	25.000000
10.589462	2.546484	2.967979	11.158176	1.351260	2.369181	8.850820	-0.097465	25.000000
10.589465	2.546483	2.967975	9.885322	1.352586	2.964519	8.850820	1.000230	25.000000
10.589465	2.546483	2.967975	10.183560	2.039476	3.469956	8.850820	1.561020	25.000000
10.589465	2.546483	2.967975	10.869149	2.411674	2.432368	8.850820	2.658720	25.000000
10.589465	2.546483	2.967975	10.426888	2.694055	3.365069	8.850820	3.219510	25.000000
10.589465	2.546483	2.967975	10.731654	2.619135	3.382948	8.850820	4.317210	25.000000
10.589465	2.546483	2.967975	10.662251	2.575680	3.064552	8.850820	4.877990	25.000000
10.589465	2.546483	2.967975	10.585278	2.569538	3.038451	8.850820	5.975690	25.000000
10.589465	2.546483	2.967975	10.574479	2.553846	2.994389	8.850820	6.536480	25.000000
10.589465	2.546483	2.967975	10.576124	2.553613	2.991017	8.850820	7.634180	25.000000
10.589513	2.546477	2.967892	10.519149	2.544659	2.945855	9.680060	-13.365400	25.000000
10.589513	2.546477	2.967892	10.600924	2.550113	2.947515	9.680060	-12.267700	25.000000
10.589513	2.546477	2.967892	10.580473	2.552996	2.897440	9.680060	-11.706900	25.000000
10.589513	2.546477	2.967892	10.634679	2.545404	2.901488	9.680060	-10.609200	25.000000
10.589474	2.546482	2.967959	10.406248	2.543528	2.662679	9.680060	-10.048400	25.000000
10.589455	2.546485	2.967992	10.802315	2.522905	2.642246	9.680060	-8.950680	25.000000
10.589465	2.546483	2.967975	10.764293	1.767145	4.608008	9.680060	-8.389900	25.000000
10.589465	2.546483	2.967975	10.193135	2.522273	3.673317	9.680060	-7.292200	25.000000
10.589465	2.546483	2.967975	12.146604	0.976619	4.270960	9.680060	-6.731410	25.000000
10.589465	2.546483	2.967975	8.746428	1.513599	4.197504	9.680060	-5.633710	25.000000
10.589455	2.546485	2.967992	10.472063	0.477651	3.504740	9.680060	-5.072920	25.000000
10.589455	2.546485	2.967992	10.695181	0.434809	3.511794	9.680060	-3.975220	25.000000
10.589465	2.546483	2.967975	10.664821	0.600341	2.937687	9.680060	-3.414440	25.000000
10.589465	2.546483	2.967975	10.491025	0.575698	2.868584	9.680060	-2.316740	25.000000
10.589465	2.546483	2.967975	10.702635	0.498526	3.059425	9.680060	-1.755950	25.000000
10.589463	2.546484	2.967979	10.509182	0.660337	3.021856	9.680060	-0.658252	25.000000
10.589462	2.546484	2.967979	10.547037	1.202217	2.677945	9.680060	-0.097465	25.000000
10.589465	2.546483	2.967975	10.649413	0.949375	2.896614	9.680060	1.000230	25.000000
10.589465	2.546483	2.967975	9.231468	1.867613	3.220971	9.680060	1.561020	25.000000
10.589465	2.546483	2.967975	11.630133	1.796259	2.293776	9.680060	2.658720	25.000000
10.589465	2.546483	2.967975	10.661524	2.611808	3.406380	9.680060	3.219510	25.000000
10.589465	2.546483	2.967975	10.558883	2.648293	3.425387	9.680060	4.317210	25.000000
10.589465	2.546483	2.967975	10.576015	2.570900	3.073278	9.680060	4.877990	25.000000
10.589465	2.546483	2.967975	10.606456	2.584016	3.075617	9.680060	5.975690	25.000000
10.589465	2.546483	2.967975	10.572871	2.554074	2.997765	9.680060	6.536480	25.000000
10.589465	2.546483	2.967975	10.573670	2.553961	2.996077	9.680060	7.634180	25.000000
10.589513	2.546477	2.967892	10.603094	2.549808	2.944197	10.509300	-13.365400	25.000000
10.589513	2.546477	2.967892	10.521354	2.544351	2.942540	10.509300	-12.267700	25.000000
10.589513	2.546477	2.967892	10.644252	2.544080	2.890134	10.509300	-11.706900	25.000000
10.589513	2.546477	2.967892	10.505732	2.546541	2.887553	10.509300	-10.609200	25.000000
10.589474	2.546482	2.967959	10.507616	2.513138	2.634494	10.509300	-10.048400	25.000000
10.589455	2.546485	2.967992	10.741043	2.499204	2.566520	10.509300	-8.950680	25.000000
10.589465	2.546483	2.967975	7.247758	2.122689	3.612487	10.509300	-8.389900	25.000000
10.589465	2.546483	2.967975	13.069813	2.229507	4.218448	10.509300	-7.292200	25.000000
10.589465	2.546483	2.967975	12.514392	1.270650	4.406510	10.509300	-6.731410	25.000000
10.589465	2.546483	2.967975	8.200610	0.883953	3.804019	10.509300	-5.633710	25.000000
10.589455	2.546485	2.967992	10.376242	0.334833	4.282849	10.509300	-5.072920	25.000000
10.589455	2.546485	2.967992	10.772075	0.297146	3.913539	10.509300	-3.975220	25.000000
10.589465	2.546483	2.967975	10.750353	0.487104	2.836811	10.509300	-3.414440	25.000000
10.589465	2.546483	2.967975	10.477118	0.457424	3.033322	10.509300	-2.316740	25.000000
10.589465	2.546483	2.967975	10.576825	0.476217	2.999841	10.509300	-1.755950	25.000000
10.589463	2.546484	2.967979	10.515468	0.443090	3.202406	10.509300	-0.658252	25.000000
10.589462	2.546484	2.967979	10.977249	0.685143	2.613518	10.509300	-0.097465	25.000000
10.589465	2.546483	2.967975	10.169562	0.825084	2.653998	10.509300	1.000230	25.000000
10.589465	2.546483	2.967975	7.953229	1.898778	2.612562	10.509300	1.561020	25.000000
10.589465	2.546483	2.967975	12.577316	1.404414	2.084942	10.509300	2.658720	25.000000
10.589465	2.546483	2.967975	10.601276	2.584800	3.112226	10.509300	3.219510	25.000000
10.589465	2.546483	2.967975	10.549246	2.592774	3.176360	10.509300	4.317210	25.000000
10.589465	2.546483	2.967975	10.654225	2.576867	3.115283	10.509300	4.877990	25.000000
10.589465	2.546483	2.967975	10.573973	2.571201	3.083762	10.509300	5.975690	25.000000
10.589465	2.546483	2.967975	10.572871	2.554074	2.997765	10.509300	6.536480	25.000000
10.589465	2.546483	2.967975	10.569768	2.554515	3.004526	10.509300	7.634180	25.000000
10.589403	2.546492	2.967887	10.659217	2.542020	2.945827	11.338500	-13.365400	25.000000
10.589403	2.546492	2.967887	10.577920	2.536533	2.944197	11.338500	-12.267700	25.000000
10.589403	2.546492	2.967887	10.512892	2.545535	2.879353	11.338500	-11.706900	25.000000
10.589403	2.546492	2.967887	10.651366	2.543099	2.882064	11.338500	-10.609200	25.000000
10.589364	2.546497	2.967953	10.568822	2.489459	2.601173	11.338500	-10.048400	25.000000
10.589344	2.546500	2.967986	10.601887	2.455058	2.504044	11.338500	-8.950680	25.000000
10.589354	2.546499	2.967969	10.830974	1.765921	4.100892	11.338500	-8.389900	25.000000
10.589354	2.546499	2.967969	10.247927	2.498361	3.525120	11.338500	-7.292200	25.000000
10.589354	2.546499	2.967969	8.373769	0.989229	4.171969	11.338500	-6.731410	25.000000
10.589354	2.546499	2.967969	12.411285	0.971571	4.415325	11.338500	-5.633710	25.000000
10.589344	2.546500	2.967986	10.555567	0.492715	3.712930	11.338500	-5.072920	25.000000
10.589344	2.546500	2.967986	10.615084	0.717207	3.618060	11.338500	-3.975220	25.000000
10.589354	2.546499	2.967969	10.497528	0.658906	3.049665	11.338500	-3.414440	25.000000
10.589354	2.546499	2.967969	10.737416	0.657333	3.005516	11.338500	-2.316740	25.000000
10.589354	2.546499	2.967969	10.576258	0.698409	3.154092	11.338500	-1.755950	25.000000
10.589352	2.546499	2.967973	10.663749	0.632638	3.100980	11.338500	-0.658252	25.000000
10.589352	2.546499	2.967974	10.538026	0.679106	2.671188	11.338500	-0.097465	25.000000
10.589354	2.546499	2.967969	10.660675	0.750041	2.542140	11.338500	1.000230	25.000000
10.589354	2.546499	2.967969	10.427507	1.992696	2.161714	11.338500	1.561020	25.000000
10.589354	2.546499	2.967969	10.659568	1.228290	2.150512	11.338500	2.658720	25.000000
10.589354	2.546499	2.967969	10.728448	2.601251	2.933537	11.338500	3.219510	25.000000
10.589354	2.546499	2.967969	10.536930	2.576704	2.848438	11.338500	4.317210	25.000000
10.589354	2.546499	2.967969	10.624497	2.563830	3.111774	11.338500	4.877990	25.000000
10.589354	2.546499	2.967969	10.653447	2.576982	3.128085	11.338500	5.975690	25.000000
10.589354	2.546499	2.967969	10.568273	2.554728	3.007912	11.338500	6.536480	25.000000
10.589354	2.546499	2.967969	10.571301	2.554297	3.001144	11.338500	7.634180	25.000000
10.589403	2.546492	2.967887	10.659217	2.542020	2.945827	12.167800	-13.365400	25.000000
10.589403	2.546492	2.967887	10.523597	2.544037	2.939229	12.167800	-12.267700	25.000000
10.589403	2.546492	2.967887	10.573311	2.537163	2.877238	12.167800	-11.706900	25.000000
10.589403	2.546492	2.967887	10.573311	2.537163	2.877238	12.167800	-10.609200	25.000000
10.589364	2.546497	2.967953	10.630146	2.422763	2.498092	12.167800	-10.048400	25.000000
10.589344	2.546500	2.967986	10.528533	2.463604	2.582993	12.167800	-8.950680	25.000000
10.589354	2.546499	2.967969	12.256019	2.444902	3.864011	12.167800	-8.389900	25.000000
10.589354	2.546499	2.967969	8.324062	1.667052	4.302743	12.167800	-7.292200	25.000000
10.589354	2.546499	2.967969	11.786009	1.287010	3.939490	12.167800	-6.731410	25.000000
10.589354	2.546499	2.967969	9.131813	1.153624	3.893105	12.167800	-5.633710	25.000000
10.589344	2.546500	2.967986	10.602495	1.047333	3.275943	12.167800	-5.072920	25.000000
10.589344	2.546500	2.967986	10.525783	0.917218	3.335468	12.167800	-3.975220	25.000000
10.589354	2.546499	2.967969	10.588465	0.728619	3.022164	12.167800	-3.414440	25.000000
10.589354	2.546499	2.967969	10.619798	0.610739	2.891039	12.167800	-2.316740	25.000000
10.589354	2.546499	2.967969	10.470669	0.607037	2.985252	12.167800	-1.755950	25.000000
10.589352	2.546499	2.967973	10.667825	0.679256	3.163977	12.167800	-0.658252	25.000000
10.589352	2.546499	2.967974	10.086625	0.604350	2.393215	12.167800	-0.097465	25.000000
10.589354	2.546499	2.967969	11.110356	0.595164	2.310771	12.167800	1.000230	25.000000
10.589354	2.546499	2.967969	12.714307	1.377689	2.045196	12.167800	1.561020	25.000000
10.589354	2.546499	2.967969	7.690312	1.975778	2.703256	12.167800	2.658720	25.000000
10.589354	2.546499	2.967969	10.767957	2.613309	2.924323	12.167800	3.219510	25.000000
10.589354	2.546499	2.967969	10.470740	2.586758	3.065377	12.167800	4.317210	25.000000
10.589354	2.546499	2.967969	10.623096	2.564032	3.139351	12.167800	4.877990	25.000000
10.589354	2.546499	2.967969	10.623513	2.563972	3.125215	12.167800	5.975690	25.000000
10.589354	2.546499	2.967969	10.569768	2.554515	3.004526	12.167800	6.536480	25.000000
10.589354	2.546499	2.967969	10.568273	2.554728	3.007912	12.167800	7.634180	25.000000
10.589403	2.546492	2.967887	10.522471	2.544195	2.940884	12.997000	-13.365400	25.000000
10.589403	2.546492	2.967887	10.661430	2.541716	2.942568	12.997000	-12.267700	25.000000
10.589403	2.546492	2.967887	10.627022	2.529884	2.883101	12.997000	-11.706900	25.000000
10.589403	2.546492	2.967887	10.549791	2.523840	2.878355	12.997000	-10.609200	25.000000
10.589364	2.546497	2.967953	10.770794	2.465281	2.578276	12.997000	-10.048400	25.000000
10.589344	2.546500	2.967986	10.420653	2.402258	2.518032	12.997000	-8.950680	25.000000
10.589354	2.546499	2.967969	12.188929	2.464497	3.926991	12.997000	-8.389900	25.000000
10.589354	2.546499	2.967969	8.563878	1.782561	3.653331	12.997000	-7.292200	25.000000
10.589354	2.546499	2.967969	9.771898	1.080670	3.803653	12.997000	-6.731410	25.000000
10.589354	2.546499	2.967969	11.328283	1.464668	4.097299	12.997000	-5.633710	25.000000
10.589344	2.546500	2.967986	10.691043	0.766664	3.383955	12.997000	-5.072920	25.000000
10.589344	2.546500	2.967986	10.420773	0.739347	3.393480	12.997000	-3.975220	25.000000
10.589354	2.546499	2.967969	10.556515	0.681273	2.867425	12.997000	-3.414440	25.000000
10.589354	2.546499	2.967969	10.674287	0.617993	2.975912	12.997000	-2.316740	25.000000
10.589354	2.546499	2.967969	10.384623	0.559714	2.862296	12.997000	-1.755950	25.000000
10.589352	2.546499	2.967973	10.749144	0.643395	3.018776	12.997000	-0.658252	25.000000
10.589352	2.546499	2.967974	10.219927	0.671668	1.708024	12.997000	-0.097465	25.000000
10.589354	2.546499	2.967969	11.000455	0.510109	1.992801	12.997000	1.000230	25.000000
10.589354	2.546499	2.967969	13.258944	1.275395	1.817687	12.997000	1.561020	25.000000
10.589354	2.546499	2.967969	6.919892	1.632976	2.541542	12.997000	2.658720	25.000000
10.589354	2.546499	2.967969	10.780720	2.494302	3.123441	12.997000	3.219510	25.000000
10.589354	2.546499	2.967969	10.456667	2.553509	3.122802	12.997000	4.317210	25.000000
10.589354	2.546499	2.967969	10.539529	2.558842	3.134524	12.997000	4.877990	25.000000
10.589354	2.546499	2.967969	10.539550	2.558839	3.133662	12.997000	5.975690	25.000000
10.589354	2.546499	2.967969	10.541542	2.541541	3.008486	12.997000	6.536480	25.000000
10.589354	2.546499	2.967969	10.569768	2.554515	3.004526	12.997000	7.634180	25.000000
10.589354	2.546499	2.967969	10.554738	2.539716	2.981946	12.997000	8.194970	25.000000
10.589354	2.546499	2.967969	10.554738	2.539716	2.981946	12.997000	9.292670	25.000000
10.589403	2.546492	2.967887	10.577920	2.536533	2.944197	13.826300	-13.365400	25.000000
10.589403	2.546492	2.967887	10.523597	2.544037	2.939229	13.826300	-12.267700	25.000000
10.589403	2.546492	2.967887	10.571830	2.537366	2.878845	13.826300	-11.706900	25.000000
10.589403	2.546492	2.967887	10.577807	2.536548	2.872425	13.826300	-10.609200	25.000000
10.589364	2.546497	2.967953	10.945775	2.445603	2.569399	13.826300	-10.048400	25.000000
10.589344	2.546500	2.967986	10.308734	2.385523	2.557512	13.826300	-8.950680	25.000000
10.589354	2.546499	2.967969	11.022704	2.451419	3.713786	13.826300	-8.389900	25.000000
10.589354	2.546499	2.967969	10.018982	1.885372	4.267519	13.826300	-7.292200	25.000000
10.589354	2.546499	2.967969	10.549900	1.079190	4.079640	13.826300	-6.731410	25.000000
10.589354	2.546499	2.967969	10.602495	1.592491	4.155790	13.826300	-5.633710	25.000000
10.589344	2.546500	2.967986	10.556912	0.710866	3.478953	13.826300	-5.072920	25.000000
10.589344	2.546500	2.967986	10.609849	0.702171	3.463805	13.826300	-3.975220	25.000000
10.589354	2.546499	2.967969	10.374025	0.790232	3.002765	13.826300	-3.414440	25.000000
10.589354	2.546499	2.967969	10.773862	0.875727	2.935901	13.826300	-2.316740	25.000000
10.589354	2.546499	2.967969	10.827391	0.739409	2.909246	13.826300	-1.755950	25.000000
10.589352	2.546499	2.967973	10.394114	0.722092	2.731349	13.826300	-0.658252	25.000000
10.589352	2.546499	2.967974	9.677402	0.684079	1.304401	13.826300	-0.097465	25.000000
10.589354	2.546499	2.967969	11.418586	0.975819	2.092172	13.826300	1.000230	25.000000
10.589354	2.546499	2.967969	11.991812	1.657631	1.727633	13.826300	1.561020	25.000000
10.589354	2.546499	2.967969	8.887104	0.931825	1.376837	13.826300	2.658720	25.000000
10.589354	2.546499	2.967969	10.511422	2.465628	2.988943	13.826300	3.219510	25.000000
10.589354	2.546499	2.967969	10.642937	2.527755	3.041924	13.826300	4.317210	25.000000
10.589354	2.546499	2.967969	10.595236	2.550912	3.125492	13.826300	4.877990	25.000000
10.589354	2.546499	2.967969	10.651282	2.543110	3.125094	13.826300	5.975690	25.000000
10.589354	2.546499	2.967969	10.569768	2.554515	3.004526	13.826300	6.536480	25.000000
10.589354	2.546499	2.967969	10.625728	2.546646	3.005157	13.826300	7.634180	25.000000
10.589403	2.546492	2.967887	10.523597	2.544037	2.939229	14.655500	-13.365400	25.000000
10.589403	2.546492	2.967887	10.576810	2.536684	2.945827	14.655500	-12.267700	25.000000
10.589403	2.546492	2.967887	10.495713	2.531129	2.872425	14.655500	-11.706900	25.000000
10.589403	2.546492	2.967887	10.482371	2.532950	2.886902	14.655500	-10.609200	25.000000
10.589364	2.546497	2.967953	10.965856	2.443414	2.589008	14.655500	-10.048400	25.000000
10.589344	2.546500	2.967986	10.257193	2.390867	2.601173	14.655500	-8.950680	25.000000
10.589354	2.546499	2.967969	9.620811	2.416409	3.703514	14.655500	-8.389900	25.000000
10.589354	2.546499	2.967969	11.527793	2.180384	4.191931	14.655500	-7.292200	25.000000
10.589354	2.546499	2.967969	8.164074	1.557322	3.682012	14.655500	-6.731410	25.000000
10.589354	2.546499	2.967969	12.542870	1.251264	4.203659	14.655500	-5.633710	25.000000
10.589344	2.546500	2.967986	10.685504	0.475520	3.854653	14.655500	-5.072920	25.000000
10.589344	2.546500	2.967986	10.558883	0.493300	3.785094	14.655500	-3.975220	25.000000
10.589354	2.546499	2.967969	10.543059	0.490501	2.977768	14.655500	-3.414440	25.000000
10.589354	2.546499	2.967969	10.563882	0.651521	2.959505	14.655500	-2.316740	25.000000
10.589354	2.546499	2.967969	10.386048	0.577807	2.281335	14.655500	-1.755950	25.000000
10.589352	2.546499	2.967973	10.786102	0.549186	2.558516	14.655500	-0.658252	25.000000
10.589352	2.546499	2.967974	11.719215	0.887385	1.990138	14.655500	-0.097465	25.000000
10.589354	2.546499	2.967969	9.322553	1.231815	1.906934	14.655500	1.000230	25.000000
10.589354	2.546499	2.967969	7.806952	2.181993	1.742116	14.655500	1.561020	25.000000
10.589354	2.546499	2.967969	12.616156	1.365653	1.270809	14.655500	2.658720	25.000000
10.589354	2.546499	2.967969	10.551687	2.523587	3.074480	14.655500	3.219510	25.000000
10.589354	2.546499	2.967969	10.708987	2.535254	3.112093	14.655500	4.317210	25.000000
10.589354	2.546499	2.967969	10.596079	2.550794	3.113803	14.655500	4.877990	25.000000
10.589354	2.546499	2.967969	10.571096	2.537467	3.101448	14.655500	5.975690	25.000000
10.589354	2.546499	2.967969	10.544615	2.541115	3.001832	14.655500	6.536480	25.000000
10.589354	2.546499	2.967969	10.487426	2.549124	3.002835	14.655500	7.634180	25.000000
10.589354	2.546499	2.967969	10.554738	2.539716	2.981946	14.655500	9.292670	25.000000
10.589955	2.546415	2.967916	10.577920	2.536533	2.944197	15.484800	-13.365400	25.000000
10.589955	2.546415	2.967916	10.521354	2.544351	2.942540	15.484800	-12.267700	25.000000
10.589955	2.546415	2.967916	10.558925	2.539139	2.893371	15.484800	-11.706900	25.000000
10.589955	2.546415	2.967916	10.545312	2.524438	2.883101	15.484800	-10.609200	25.000000
10.589916	2.546420	2.967982	10.623088	2.452626	2.664701	15.484800	-10.048400	25.000000
10.589897	2.546423	2.968015	10.555567	2.388347	2.603548	15.484800	-8.950680	25.000000
10.589906	2.546422	2.967999	11.250778	2.231017	3.823363	15.484800	-8.389900	25.000000
10.589906	2.546422	2.967999	9.915644	2.299114	3.141593	15.484800	-7.292200	25.000000
10.589906	2.546422	2.967999	11.370576	0.862155	4.394301	15.484800	-6.731410	25.000000
10.589906	2.546422	2.967999	9.766780	1.499063	4.161406	15.484800	-5.633710	25.000000
10.589897	2.546423	2.968015	10.738249	0.397742	4.881490	15.484800	-5.072920	25.000000
10.589897	2.546423	2.968015	10.495980	0.366211	4.888911	15.484800	-3.975220	25.000000
10.589906	2.546422	2.967999	10.417528	0.150353	3.257204	15.484800	-3.414440	25.000000
10.589906	2.546422	2.967999	10.773621	0.116972	2.451946	15.484800	-2.316740	25.000000
10.589906	2.546422	2.967999	10.480010	0.412729	1.529161	15.484800	-1.755950	25.000000
10.589904	2.546422	2.968002	10.662176	0.632437	1.599186	15.484800	-0.658252	25.000000
10.589904	2.546422	2.968003	10.984516	1.331832	1.869433	15.484800	-0.097465	25.000000
10.589906	2.546422	2.967999	10.148305	0.836503	1.759080	15.484800	1.000230	25.000000
10.589906	2.546422	2.967999	14.326898	2.188703	2.003802	15.484800	1.561020	25.000000
10.589906	2.546422	2.967999	3.241913	1.663467	1.853351	15.484800	2.658720	25.000000
10.589906	2.546422	2.967999	10.638802	2.480892	3.340490	15.484800	3.219510	25.000000
10.589906	2.546422	2.967999	10.561704	2.490342	3.320608	15.484800	4.317210	25.000000
10.589906	2.546422	2.967999	10.658330	2.542141	3.075024	15.484800	4.877990	25.000000
10.589906	2.546422	2.967999	10.571797	2.537371	3.096623	15.484800	5.975690	25.000000
10.589906	2.546422	2.967999	10.627272	2.546432	3.001832	15.484800	6.536480	25.000000
10.589906	2.546422	2.967999	10.628852	2.546212	2.998509	15.484800	7.634180	25.000000
10.589403	2.546492	2.967887	10.575708	2.536835	2.947459	16.314000	-13.365400	25.000000
10.589403	2.546492	2.967887	10.575708	2.536835	2.947459	16.314000	-12.267700	25.000000
10.589403	2.546492	2.967887	10.677097	2.523229	2.893479	16.314000	-11.706900	25.000000
10.589403	2.546492	2.967887	10.607375	2.532529	2.905407	16.314000	-10.609200	25.000000
10.589364	2.546497	2.967953	10.493331	2.452650	2.724890	16.314000	-10.048400	25.000000
10.589344	2.546500	2.967986	10.709342	2.414352	2.627673	16.314000	-8.950680	25.000000
10.589354	2.546499	2.967969	12.215564	2.436149	3.792669	16.314000	-8.389900	25.000000
10.589354	2.546499	2.967969	8.653901	2.077537	3.917645	16.314000	-7.292200	25.000000
10.589354	2.546499	2.967969	8.833142	1.295633	4.726506	16.314000	-6.731410	25.000000
10.589354	2.546499	2.967969	12.119493	1.043358	5.013907	16.314000	-5.633710	25.000000
10.589344	2.546500	2.967986	10.604716	0.640946	5.620759	16.314000	-5.072920	25.000000
10.589344	2.546500	2.967986	10.517129	0.720985	5.436639	16.314000	-3.975220	25.000000
10.589354	2.546499	2.967969	10.748902	0.290023	6.063458	16.314000	-3.414440	25.000000
10.589354	2.546499	2.967969	10.456577	0.221984	0.043451	16.314000	-2.316740	25.000000
10.589354	2.546499	2.967969	10.555567	0.931238	1.170556	16.314000	-1.755950	25.000000
10.589352	2.546499	2.967973	10.532331	0.615416	0.937163	16.314000	-0.658252	25.000000
10.589352	2.546499	2.967974	9.202717	1.329399	1.481150	16.314000	-0.097465	25.000000
10.589354	2.546499	2.967969	11.888835	1.089849	1.193814	16.314000	1.000230	25.000000
10.589354	2.546499	2.967969	13.394402	2.369880	2.485244	16.314000	1.561020	25.000000
10.589354	2.546499	2.967969	6.549809	1.962421	2.108383	16.314000	2.658720	25.000000
10.589354	2.546499	2.967969	10.429286	2.445059	3.306741	16.314000	3.219510	25.000000
10.589354	2.546499	2.967969	10.680454	2.431643	3.416538	16.314000	4.317210	25.000000
10.589354	2.546499	2.967969	10.576691	2.536701	3.071707	16.314000	4.877990	25.000000
10.589354	2.546499	2.967969	10.638651	2.528327	3.054925	16.314000	5.975690	25.000000
10.589354	2.546499	2.967969	10.546208	2.540894	2.998509	16.314000	6.536480	25.000000
10.589354	2.546499	2.967969	10.631293	2.545873	2.993532	16.314000	7.634180	25.000000
10.589403	2.546492	2.967887	10.573533	2.537133	2.950724	17.143200	-13.365400	25.000000
10.589403	2.546492	2.967887	10.520247	2.544505	2.944197	17.143200	-12.267700	25.000000
10.589403	2.546492	2.967887	10.584593	2.519227	2.906048	17.143200	-11.706900	25.000000
10.589403	2.546492	2.967887	10.600797	2.533419	2.913433	17.143200	-10.609200	25.000000
10.589364	2.546497	2.967953	10.600472	2.411706	2.703256	17.143200	-10.048400	25.000000
10.589344	2.546500	2.967986	10.634378	2.466242	2.772259	17.143200	-8.950680	25.000000
10.589354	2.546499	2.967969	8.931405	2.547286	4.511072	17.143200	-8.389900	25.000000
10.589354	2.546499	2.967969	12.024558	2.379683	3.686144	17.143200	-7.292200	25.000000
10.589354	2.546499	2.967969	12.096099	1.391263	5.372695	17.143200	-6.731410	25.000000
10.589354	2.546499	2.967969	8.875815	1.682568	5.287814	17.143200	-5.633710	25.000000
10.589344	2.546500	2.967986	10.425450	1.197708	5.432188	17.143200	-5.072920	25.000000
10.589344	2.546500	2.967986	10.776363	0.957785	5.849985	17.143200	-3.975220	25.000000
10.589354	2.546499	2.967969	10.339154	0.473843	6.196172	17.143200	-3.414440	25.000000
10.589354	2.546499	2.967969	10.844579	0.540267	6.115679	17.143200	-2.316740	25.000000
10.589354	2.546499	2.967969	11.417968	0.854150	1.034361	17.143200	-1.755950	25.000000
10.589352	2.546499	2.967973	9.693297	1.404975	0.918927	17.143200	-0.658252	25.000000
10.589352	2.546499	2.967974	8.316634	1.701024	0.888480	17.143200	-0.097465	25.000000
10.589354	2.546499	2.967969	12.442524	1.537035	1.085569	17.143200	1.000230	25.000000
10.589354	2.546499	2.967969	11.262771	2.412561	2.773462	17.143200	1.561020	25.000000
10.589354	2.546499	2.967969	9.869144	2.418574	2.048142	17.143200	2.658720	25.000000
10.589354	2.546499	2.967969	10.573098	2.488929	3.222665	17.143200	3.219510	25.000000
10.589354	2.546499	2.967969	10.621676	2.423674	3.299683	17.143200	4.317210	25.000000
10.589354	2.546499	2.967969	10.559115	2.522598	3.048421	17.143200	4.877990	25.000000
10.589354	2.546499	2.967969	10.613524	2.548347	3.035216	17.143200	5.975690	25.000000
10.589354	2.546499	2.967969	10.548668	2.540554	2.993532	17.143200	6.536480	25.000000
10.589354	2.546499	2.967969	10.578662	2.553253	2.985965	17.143200	7.634180	25.000000
10.589403	2.546492	2.967887	10.602005	2.549961	2.945855	17.972500	-12.267700	25.000000
10.589403	2.546492	2.967887	10.659367	2.525571	2.913942	17.972500	-11.706900	25.000000
10.589403	2.546492	2.967887	10.646788	2.527242	2.929816	17.972500	-10.609200	25.000000
10.589364	2.546497	2.967953	10.515555	2.435307	2.786938	17.972500	-10.048400	25.000000
10.589344	2.546500	2.967986	10.687020	2.490393	2.798361	17.972500	-8.950680	25.000000
10.589354	2.546499	2.967969	10.911192	2.627350	3.925673	17.972500	-8.389900	25.000000
10.589354	2.546499	2.967969	10.323880	2.591341	2.869654	17.972500	-7.292200	25.000000
10.589354	2.546499	2.967969	10.366292	2.176271	5.254821	17.972500	-6.731410	25.000000
10.589354	2.546499	2.967969	10.863241	2.008043	5.842261	17.972500	-5.633710	25.000000
10.589344	2.546500	2.967986	9.688777	1.851060	5.862780	17.972500	-5.072920	25.000000
10.589344	2.546500	2.967986	11.341675	1.262636	5.392910	17.972500	-3.975220	25.000000
10.589354	2.546499	2.967969	10.453655	0.887493	6.242467	17.972500	-3.414440	25.000000
10.589354	2.546499	2.967969	10.723973	0.907848	6.171744	17.972500	-2.316740	25.000000
10.589354	2.546499	2.967969	8.535508	1.876637	0.828849	17.972500	-1.755950	25.000000
10.589352	2.546499	2.967973	12.326480	1.292188	1.107149	17.972500	-0.658252	25.000000
10.589352	2.546499	2.967974	11.461239	2.163257	1.315614	17.972500	-0.097465	25.000000
10.589354	2.546499	2.967969	9.535198	2.198512	0.544864	17.972500	1.000230	25.000000
10.589354	2.546499	2.967969	10.587332	2.518867	2.902898	17.972500	1.561020	25.000000
10.589354	2.546499	2.967969	10.640789	2.435991	3.153186	17.972500	2.658720	25.000000
10.589354	2.546499	2.967969	10.609440	2.469182	3.191853	17.972500	3.219510	25.000000
10.589354	2.546499	2.967969	10.520932	2.511399	3.141754	17.972500	4.317210	25.000000
10.589354	2.546499	2.967969	10.588319	2.535114	3.033680	17.972500	4.877990	25.000000
10.589354	2.546499	2.967969	10.596363	2.534021	3.013957	17.972500	5.975690	25.000000
10.589354	2.546499	2.967969	10.632968	2.545641	2.990217	17.972500	6.536480	25.000000
10.589403	2.546492	2.967887	10.639685	2.528189	2.939394	18.801700	-11.706900	25.000000
10.589403	2.546492	2.967887	10.594451	2.534280	2.921488	18.801700	-10.609200	25.000000
10.589364	2.546497	2.967953	10.519263	2.464699	2.844321	18.801700	-10.048400	25.000000
10.589344	2.546500	2.967986	10.715321	2.502419	2.838148	18.801700	-8.950680	25.000000
10.589354	2.546499	2.967969	10.388474	2.391433	2.858250	18.801700	-8.389900	25.000000
10.589354	2.546499	2.967969	10.822851	2.520245	2.783194	18.801700	-7.292200	25.000000
10.589354	2.546499	2.967969	10.684774	2.872410	0.397498	18.801700	-6.731410	25.000000
10.589354	2.546499	2.967969	10.580799	2.587917	5.085886	18.801700	-5.633710	25.000000
10.589344	2.546500	2.967986	11.575837	1.744441	5.622142	18.801700	-5.072920	25.000000
10.589344	2.546500	2.967986	9.493155	2.573098	5.246097	18.801700	-3.975220	25.000000
10.589354	2.546499	2.967969	10.628171	1.508657	6.245185	18.801700	-3.414440	25.000000
10.589354	2.546499	2.967969	10.526398	1.505200	0.026756	18.801700	-2.316740	25.000000
10.589354	2.546499	2.967969	12.418132	1.941609	1.397125	18.801700	-1.755950	25.000000
10.589352	2.546499	2.967973	8.112953	2.219272	0.553681	18.801700	-0.658252	25.000000
10.589352	2.546499	2.967974	11.404495	2.494651	1.982374	18.801700	-0.097465	25.000000
10.589354	2.546499	2.967969	9.689628	3.005473	5.809334	18.801700	1.000230	25.000000
10.589354	2.546499	2.967969	10.349111	2.367474	3.239886	18.801700	1.561020	25.000000
10.589354	2.546499	2.967969	10.772168	2.315389	3.378611	18.801700	2.658720	25.000000
10.589354	2.546499	2.967969	10.580402	2.503733	3.130482	18.801700	3.219510	25.000000
10.589354	2.546499	2.967969	10.570317	2.489274	3.069841	18.801700	4.317210	25.000000
10.589354	2.546499	2.967969	10.680824	2.539066	3.009041	18.801700	4.877990	25.000000
10.589354	2.546499	2.967969	10.597094	2.533921	3.012318	18.801700	5.975690	25.000000
10.589354	2.546499	2.967969	10.552957	2.539961	2.985252	18.801700	6.536480	25.000000
10.589403	2.546492	2.967887	10.570341	2.537570	2.955631	19.631000	-13.365400	25.000000
10.589403	2.546492	2.967887	10.635135	2.528797	2.945800	19.631000	-11.706900	25.000000
10.589403	2.546492	2.967887	10.642016	2.527878	2.936197	19.631000	-10.609200	25.000000
10.589364	2.546497	2.967953	10.649883	2.510733	2.900475	19.631000	-10.048400	25.000000
10.589344	2.546500	2.967986	10.566101	2.474350	2.870646	19.631000	-8.950680	25.000000
10.589354	2.546499	2.967969	10.656923	2.391930	2.745742	19.631000	-8.389900	25.000000
10.589354	2.546499	2.967969	10.439349	2.267643	2.784284	19.631000	-7.292200	25.000000
10.589354	2.546499	2.967969	10.610886	2.773469	2.250445	19.631000	-6.731410	25.000000
10.589354	2.546499	2.967969	10.560985	2.490431	3.160340	19.631000	-5.633710	25.000000
10.589344	2.546500	2.967986	10.641823	2.695410	4.078469	19.631000	-5.072920	25.000000
10.589344	2.546500	2.967986	10.420250	2.492324	5.786879	19.631000	-3.975220	25.000000
10.589354	2.546499	2.967969	10.503090	2.250274	0.131338	19.631000	-3.414440	25.000000
10.589354	2.546499	2.967969	10.610697	2.242108	0.044549	19.631000	-2.316740	25.000000
10.589354	2.546499	2.967969	8.612717	2.979630	0.292146	19.631000	-1.755950	25.000000
10.589352	2.546499	2.967973	12.171528	2.332472	1.836152	19.631000	-0.658252	25.000000
10.589352	2.546499	2.967974	10.766615	2.303301	3.368392	19.631000	-0.097465	25.000000
10.589354	2.546499	2.967969	10.359657	2.623478	2.915524	19.631000	1.000230	25.000000
10.589354	2.546499	2.967969	10.639027	2.353151	3.251811	19.631000	1.561020	25.000000
10.589354	2.546499	2.967969	10.514870	2.450167	3.178889	19.631000	2.658720	25.000000
10.589354	2.546499	2.967969	10.595513	2.501811	3.051362	19.631000	3.219510	25.000000
10.589354	2.546499	2.967969	10.581134	2.536094	3.055142	19.631000	4.317210	25.000000
10.589354	2.546499	2.967969	10.605758	2.532748	2.994333	19.631000	4.877990	25.000000
10.589354	2.546499	2.967969	10.600113	2.533512	3.005767	19.631000	5.975690	25.000000
10.589354	2.546499	2.967969	10.553843	2.539839	2.983599	19.631000	7.634180	25.000000
10.589403	2.546492	2.967887	10.569295	2.537714	2.957268	20.460200	-13.365400	25.000000
10.589403	2.546492	2.967887	10.577920	2.536533	2.944197	20.460200	-11.706900	25.000000
10.589403	2.546492	2.967887	10.576810	2.536684	2.945827	20.460200	-10.609200	25.000000
10.589364	2.546497	2.967953	10.623559	2.514133	2.931619	20.460200	-10.048400	25.000000
10.589344	2.546500	2.967986	10.576507	2.504230	2.892760	20.460200	-8.950680	25.000000
10.589354	2.546499	2.967969	10.726136	2.371538	2.785957	20.460200	-8.389900	25.000000
10.589354	2.546499	2.967969	10.507907	2.436161	2.890918	20.460200	-7.292200	25.000000
10.589354	2.546499	2.967969	10.433600	2.219079	2.823644	20.460200	-6.731410	25.000000
10.589354	2.546499	2.967969	10.633438	2.228472	2.789776	20.460200	-5.633710	25.000000
10.589344	2.546500	2.967986	10.968890	2.415190	2.988359	20.460200	-5.072920	25.000000
10.589344	2.546500	2.967986	10.169170	2.910999	3.584458	20.460200	-3.975220	25.000000
10.589354	2.546499	2.967969	10.752728	3.042520	1.064246	20.460200	-3.414440	25.000000
10.589354	2.546499	2.967969	10.495110	3.006863	1.862933	20.460200	-2.316740	25.000000
10.589354	2.546499	2.967969	11.382711	2.244331	2.993814	20.460200	-1.755950	25.000000
10.589352	2.546499	2.967973	9.653502	2.743869	2.868069	20.460200	-0.658252	25.000000
10.589352	2.546499	2.967974	10.832359	2.191479	3.301144	20.460200	-0.097465	25.000000
10.589354	2.546499	2.967969	10.407060	2.321604	3.190238	20.460200	1.000230	25.000000
10.589354	2.546499	2.967969	10.568064	2.429502	3.102193	20.460200	1.561020	25.000000
10.589354	2.546499	2.967969	10.640640	2.496134	3.123626	20.460200	2.658720	25.000000
10.589354	2.546499	2.967969	10.589566	2.534944	3.030387	20.460200	3.219510	25.000000
10.589354	2.546499	2.967969	10.571797	2.520916	3.016027	20.460200	4.317210	25.000000
10.589354	2.546499	2.967969	10.609189	2.532284	2.987816	20.460200	4.877990	25.000000
10.589354	2.546499	2.967969	10.548668	2.540554	2.993532	20.460200	5.975690	25.000000
10.589403	2.546492	2.967887	10.658124	2.542170	2.947459	21.289500	-11.706900	25.000000
10.589403	2.546492	2.967887	10.627530	2.529815	2.957050	21.289500	-10.609200	25.000000
10.589364	2.546497	2.967953	10.645581	2.527403	2.931410	21.289500	-10.048400	25.000000
10.589344	2.546500	2.967986	10.622340	2.514291	2.933188	21.289500	-8.950680	25.000000
10.589354	2.546499	2.967969	10.642161	2.435840	2.898722	21.289500	-8.389900	25.000000
10.589354	2.546499	2.967969	10.562197	2.490281	2.889038	21.289500	-7.292200	25.000000
10.589354	2.546499	2.967969	10.502766	2.366130	2.878800	21.289500	-6.731410	25.000000
10.589354	2.546499	2.967969	10.638463	2.240037	2.853580	21.289500	-5.633710	25.000000
10.589344	2.546500	2.967986	10.715708	2.222556	2.914266	21.289500	-5.072920	25.000000
10.589344	2.546500	2.967986	10.413933	2.161501	2.955534	21.289500	-3.975220	25.000000
10.589354	2.546499	2.967969	10.565718	2.307682	3.062272	21.289500	-3.414440	25.000000
10.589354	2.546499	2.967969	10.643068	2.251729	3.011838	21.289500	-2.316740	25.000000
10.589354	2.546499	2.967969	10.546924	2.187523	3.111369	21.289500	-1.755950	25.000000
10.589352	2.546499	2.967973	10.673502	2.249421	3.187224	21.289500	-0.658252	25.000000
10.589352	2.546499	2.967974	10.607910	2.342828	3.130014	21.289500	-0.097465	25.000000
10.589354	2.546499	2.967969	10.576049	2.443207	3.133799	21.289500	1.000230	25.000000
10.589354	2.546499	2.967969	10.606720	2.500393	3.023103	21.289500	1.561020	25.000000
10.589354	2.546499	2.967969	10.507616	2.497126	3.078186	21.289500	2.658720	25.000000
10.589354	2.546499	2.967969	10.516653	2.528288	3.009041	21.289500	3.219510	25.000000
10.589354	2.546499	2.967969	10.602476	2.533192	3.000862	21.289500	4.317210	25.000000
10.589354	2.546499	2.967969	10.608317	2.532402	2.989444	21.289500	5.975690	25.000000
10.589403	2.546492	2.967887	10.571395	2.537426	2.953994	22.118700	-11.706900	25.000000
10.589403	2.546492	2.967887	10.568259	2.537856	2.958907	22.118700	-10.609200	25.000000
10.589364	2.546497	2.967953	10.551251	2.523645	2.949009	22.118700	-10.048400	25.000000
10.589344	2.546500	2.967986	10.556912	2.522891	2.940994	22.118700	-8.950680	25.000000
10.589354	2.546499	2.967969	10.592922	2.486485	2.922924	22.118700	-8.389900	25.000000
10.589354	2.546499	2.967969	10.545255	2.508243	2.928485	22.118700	-7.292200	25.000000
10.589354	2.546499	2.967969	10.663212	2.433526	2.880526	22.118700	-6.731410	25.000000
10.589354	2.546499	2.967969	10.496004	2.408547	2.953971	22.118700	-5.633710	25.000000
10.589344	2.546500	2.967986	10.690650	2.322439	2.909036	22.118700	-5.072920	25.000000
10.589344	2.546500	2.967986	10.525593	2.324093	2.999143	22.118700	-3.975220	25.000000
10.589354	2.546499	2.967969	10.578568	2.306580	3.038117	22.118700	-3.414440	25.000000
10.589354	2.546499	2.967969	10.671626	2.286230	3.024629	22.118700	-2.316740	25.000000
10.589354	2.546499	2.967969	10.565704	2.346725	3.036646	22.118700	-1.755950	25.000000
10.589352	2.546499	2.967973	10.616289	2.396050	3.119374	22.118700	-0.658252	25.000000
10.589352	2.546499	2.967974	10.596698	2.455656	3.081962	22.118700	-0.097465	25.000000
10.589354	2.546499	2.967969	10.585504	2.487398	3.028021	22.118700	1.000230	25.000000
10.589354	2.546499	2.967969	10.623036	2.514201	3.033946	22.118700	1.561020	25.000000
10.589354	2.546499	2.967969	10.579551	2.519892	2.999925	22.118700	2.658720	25.000000
10.589354	2.546499	2.967969	10.549507	2.540438	2.991874	22.118700	3.219510	25.000000
10.589354	2.546499	2.967969	10.606602	2.532634	2.992703	22.118700	4.317210	25.000000
10.589364	2.546497	2.967953	10.551251	2.523645	2.949009	22.947900	-10.048400	25.000000
10.589344	2.546500	2.967986	10.625441	2.530096	2.960273	22.947900	-8.950680	25.000000
10.589354	2.546499	2.967969	10.610660	2.515811	2.948930	22.947900	-8.389900	25.000000
10.589354	2.546499	2.967969	10.617556	2.514913	2.939473	22.947900	-7.292200	25.000000
10.589354	2.546499	2.967969	10.612653	2.468801	2.956059	22.947900	-6.731410	25.000000
10.589354	2.546499	2.967969	10.605923	2.500494	2.928738	22.947900	-5.633710	25.000000
10.589344	2.546500	2.967986	10.580931	2.428095	2.951277	22.947900	-5.072920	25.000000
10.589344	2.546500	2.967986	10.585575	2.456940	2.973497	22.947900	-3.975220	25.000000
10.589354	2.546499	2.967969	10.538885	2.432716	3.008560	22.947900	-3.414440	25.000000
10.589354	2.546499	2.967969	10.547990	2.431710	2.994141	22.947900	-2.316740	25.000000
10.589354	2.546499	2.967969	10.568046	2.458975	3.000120	22.947900	-1.755950	25.000000
10.589352	2.546499	2.967973	10.622354	2.467656	3.047928	22.947900	-0.658252	25.000000
10.589352	2.546499	2.967974	10.619233	2.498816	2.998140	22.947900	-0.097465	25.000000
10.589354	2.546499	2.967969	10.542244	2.508632	3.033946	22.947900	1.000230	25.000000
10.589354	2.546499	2.967969	10.600113	2.533512	3.005767	22.947900	1.561020	25.000000
10.589354	2.546499	2.967969	10.526462	2.526966	2.989444	22.947900	2.658720	25.000000
10.589354	2.546499	2.967969	10.692221	2.537518	2.986189	22.947900	3.219510	25.000000
10.589354	2.546499	2.967969	10.554738	2.539716	2.981946	22.947900	4.317210	25.000000
10.589344	2.546500	2.967986	10.627530	2.529815	2.957050	23.777200	-8.950680	25.000000
10.589354	2.546499	2.967969	10.551251	2.523645	2.949009	23.777200	-8.389900	25.000000
10.589354	2.546499	2.967969	10.625441	2.530096	2.960273	23.777200	-7.292200	25.000000
10.589354	2.546499	2.967969	10.601986	2.516944	2.961595	23.777200	-6.731410	25.000000
10.589354	2.546499	2.967969	10.590283	2.502475	2.948854	23.777200	-5.633710	25.000000
10.589344	2.546500	2.967986	10.559564	2.490608	2.965653	23.777200	-5.072920	25.000000
10.589344	2.546500	2.967986	10.617438	2.483485	2.971381	23.777200	-3.975220	25.000000
10.589354	2.546499	2.967969	10.607544	2.484693	2.986596	23.777200	-3.414440	25.000000
10.589354	2.546499	2.967969	10.605678	2.484921	2.989648	23.777200	-2.316740	25.000000
10.589354	2.546499	2.967969	10.474044	2.501403	3.006929	23.777200	-1.755950	25.000000
10.589352	2.546499	2.967973	10.645262	2.511327	2.987974	23.777200	-0.658252	25.000000
10.589352	2.546499	2.967974	10.658593	2.525674	3.004748	23.777200	-0.097465	25.000000
10.589354	2.546499	2.967969	10.586430	2.518985	2.987096	23.777200	1.000230	25.000000
10.589354	2.546499	2.967969	10.608317	2.532402	2.989444	23.777200	1.561020	25.000000
10.589354	2.546499	2.967969	10.610961	2.532045	2.984563	23.777200	2.658720	25.000000
10.589354	2.546499	2.967969	10.612771	2.531801	2.981313	23.777200	3.219510	25.000000
10.589344	2.546500	2.967986	10.568259	2.537856	2.958907	24.606400	-8.950680	25.000000
10.589354	2.546499	2.967969	10.544766	2.524511	2.958661	24.606400	-8.389900	25.000000
10.589354	2.546499	2.967969	10.623389	2.530371	2.963500	24.606400	-7.292200	25.000000
10.589354	2.546499	2.967969	10.624411	2.530234	2.961886	24.606400	-6.731410	25.000000
10.589354	2.546499	2.967969	10.683263	2.522418	2.961595	24.606400	-5.633710	25.000000
10.589344	2.546500	2.967986	10.595872	2.517745	2.971132	24.606400	-5.072920	25.000000
10.589344	2.546500	2.967986	10.598887	2.517350	2.966359	24.606400	-3.975220	25.000000
10.589354	2.546499	2.967969	10.569300	2.505151	2.980108	24.606400	-3.414440	25.000000
10.589354	2.546499	2.967969	10.648944	2.510854	2.981680	24.606400	-2.316740	25.000000
10.589354	2.546499	2.967969	10.609189	2.532284	2.987816	24.606400	-1.755950	25.000000
10.589352	2.546499	2.967973	10.671462	2.523972	2.980700	24.606400	-0.658252	25.000000
10.589352	2.546499	2.967974	10.609189	2.532284	2.987816	24.606400	-0.097465	25.000000
10.589354	2.546499	2.967969	10.668721	2.524334	2.985496	24.606400	1.000230	25.000000
10.589354	2.546499	2.967969	10.695812	2.537032	2.979689	24.606400	1.561020	25.000000
10.589354	2.546499	2.967969	10.554738	2.539716	2.981946	24.606400	2.658720	25.000000
10.589354	2.546499	2.967969	10.623389	2.530371	2.963500	25.435700	-7.292200	25.000000
10.589354	2.546499	2.967969	10.621375	2.530642	2.966730	25.435700	-5.633710	25.000000
10.589344	2.546500	2.967986	10.678183	2.523086	2.969540	25.435700	-5.072920	25.000000
10.589344	2.546500	2.967986	10.618423	2.531039	2.971583	25.435700	-3.975220	25.000000
10.589354	2.546499	2.967969	10.616501	2.531298	2.974823	25.435700	-3.414440	25.000000
10.589354	2.546499	2.967969	10.535673	2.525728	2.973202	25.435700	-2.316740	25.000000
10.589354	2.546499	2.967969	10.531875	2.526238	2.979689	25.435700	-1.755950	25.000000
10.589352	2.546499	2.967973	10.477118	2.533670	2.973697	25.435700	-0.658252	25.000000
10.589352	2.546499	2.967974	10.614617	2.531552	2.978066	25.435700	-0.097465	25.000000
10.589354	2.546499	2.967969	10.613689	2.531677	2.979689	25.435700	1.000230	25.000000
10.589354	2.546499	2.967969	10.619397	2.530908	2.969965	26.264900	-5.633710	25.000000
10.589354	2.546499	2.967969	10.617457	2.531169	2.973202	26.264900	-3.414440	25.000000
