10.589596	2.487204	2.067407	10.640489	2.496153	2.076377	-16.927200	-19.570600	25.000000
10.589306	2.487240	2.067270	10.640489	2.496153	2.076377	-14.439500	-20.668300	25.000000
10.589306	2.487240	2.067270	10.640489	2.496153	2.076377	-14.439500	-11.278200	25.000000
10.589092	2.487266	2.067300	10.611786	2.499754	2.062606	-14.439500	-5.741930	25.000000
10.589306	2.487240	2.067270	10.640489	2.496153	2.076377	-11.122500	-12.375900	25.000000
10.589422	2.487226	2.067325	10.611786	2.499754	2.062606	-8.634770	-21.229100	25.000000
10.589422	2.487226	2.067325	10.611786	2.499754	2.062606	-8.634770	-14.034400	25.000000
10.588886	2.487291	2.067399	10.611786	2.499754	2.062606	-7.805530	-27.863000	25.000000
10.589422	2.487226	2.067325	10.611786	2.499754	2.062606	-7.805530	-11.278200	25.000000
10.589154	2.487259	2.067362	10.611786	2.499754	2.062606	-7.805530	-4.083440	25.000000
10.589422	2.487226	2.067325	10.640489	2.496153	2.076377	-6.976290	-32.838500	25.000000
10.588886	2.487291	2.067399	10.637199	2.496564	2.041437	-6.976290	-17.351300	25.000000
10.588886	2.487291	2.067399	10.637199	2.496564	2.041437	-6.976290	-15.692800	25.000000
10.588886	2.487291	2.067399	10.611786	2.499754	2.062606	-6.976290	-14.595100	25.000000
10.589422	2.487226	2.067325	10.611786	2.499754	2.062606	-6.976290	-12.375900	25.000000
10.588915	2.487288	2.067412	10.557462	2.490869	2.041437	-6.147040	-19.009800	25.000000
10.588915	2.487288	2.067412	10.503809	2.497608	2.048627	-6.147040	-17.912100	25.000000
10.588915	2.487288	2.067412	10.637199	2.496564	2.041437	-6.147040	-17.351300	25.000000
10.588915	2.487288	2.067412	10.557462	2.490869	2.041437	-6.147040	-16.253600	25.000000
10.588915	2.487288	2.067412	10.637199	2.496564	2.041437	-6.147040	-15.692800	25.000000
10.588915	2.487288	2.067412	10.557462	2.490869	2.041437	-6.147040	-14.595100	25.000000
10.589451	2.487222	2.067338	10.503809	2.497608	2.048627	-6.147040	-12.375900	25.000000
10.589422	2.487226	2.067325	10.668177	2.477358	2.061648	-5.317800	-21.229100	25.000000
10.589422	2.487226	2.067325	10.611786	2.484175	2.034444	-5.317800	-20.668300	25.000000
10.589422	2.487226	2.067325	10.557462	2.490869	2.041437	-5.317800	-19.570600	25.000000
10.588886	2.487291	2.067399	10.557462	2.490869	2.041437	-5.317800	-19.009800	25.000000
10.588886	2.487291	2.067399	10.557462	2.490869	2.041437	-5.317800	-17.912100	25.000000
10.588886	2.487291	2.067399	10.610372	2.499932	2.027402	-5.317800	-17.351300	25.000000
10.588886	2.487291	2.067399	10.637199	2.496564	2.041437	-5.317800	-16.253600	25.000000
10.588886	2.487291	2.067399	10.610372	2.499932	2.027402	-5.317800	-15.692800	25.000000
10.588886	2.487291	2.067399	10.610372	2.499932	2.027402	-5.317800	-14.595100	25.000000
10.589422	2.487226	2.067325	10.637199	2.496564	2.041437	-5.317800	-14.034400	25.000000
10.589422	2.487226	2.067325	10.583950	2.503281	2.048627	-5.317800	-12.936700	25.000000
10.589422	2.487226	2.067325	10.583950	2.503281	2.048627	-5.317800	-12.375900	25.000000
10.589422	2.487226	2.067325	10.583950	2.503281	2.048627	-5.317800	-11.278200	25.000000
10.589208	2.487252	2.067354	10.583950	2.503281	2.048627	-5.317800	-9.619690	25.000000
10.589154	2.487259	2.067362	10.611786	2.499754	2.062606	-5.317800	-7.400410	25.000000
10.589154	2.487259	2.067362	10.640489	2.496153	2.076377	-5.317800	2.550510	25.000000
10.589422	2.487226	2.067325	10.557462	2.490869	2.041437	-4.488560	-23.985300	25.000000
10.589422	2.487226	2.067325	10.611786	2.484175	2.034444	-4.488560	-22.326800	25.000000
10.589422	2.487226	2.067325	10.557462	2.490869	2.041437	-4.488560	-21.229100	25.000000
10.589422	2.487226	2.067325	10.584895	2.487473	2.020556	-4.488560	-20.668300	25.000000
10.589422	2.487226	2.067325	10.611786	2.484175	2.034444	-4.488560	-19.570600	25.000000
10.588886	2.487291	2.067399	10.558883	2.490693	2.006479	-4.488560	-19.009800	25.000000
10.588886	2.487291	2.067399	10.584423	2.503221	2.013171	-4.488560	-17.912100	25.000000
10.588886	2.487291	2.067399	10.535179	2.509547	1.984127	-4.488560	-17.351300	25.000000
10.588886	2.487291	2.067399	10.559356	2.506427	1.998745	-4.488560	-16.253600	25.000000
10.588886	2.487291	2.067399	10.640019	2.512003	1.998745	-4.488560	-15.692800	25.000000
10.588886	2.487291	2.067399	10.586784	2.518939	2.005467	-4.488560	-14.595100	25.000000
10.589422	2.487226	2.067325	10.611786	2.515664	2.020056	-4.488560	-14.034400	25.000000
10.589422	2.487226	2.067325	10.611786	2.515664	2.020056	-4.488560	-12.936700	25.000000
10.589422	2.487226	2.067325	10.637669	2.512306	2.034444	-4.488560	-12.375900	25.000000
10.589422	2.487226	2.067325	10.585367	2.519125	2.041690	-4.488560	-11.278200	25.000000
10.589422	2.487226	2.067325	10.531382	2.510040	2.056023	-4.488560	-10.717400	25.000000
10.589208	2.487252	2.067354	10.583950	2.503281	2.048627	-4.488560	-9.619690	25.000000
10.589154	2.487259	2.067362	10.611786	2.499754	2.062606	-4.488560	-9.058900	25.000000
10.589154	2.487259	2.067362	10.559356	2.506427	2.070143	-4.488560	-7.961200	25.000000
10.589154	2.487259	2.067362	10.640489	2.496153	2.076377	-4.488560	-4.083440	25.000000
10.589451	2.487222	2.067338	10.560776	2.474990	2.048142	-3.659310	-23.985300	25.000000
10.589451	2.487222	2.067338	10.639549	2.480802	2.048142	-3.659310	-22.887600	25.000000
10.589451	2.487222	2.067338	10.532806	2.478373	2.034444	-3.659310	-22.326800	25.000000
10.589451	2.487222	2.067338	10.611786	2.484175	2.034444	-3.659310	-21.229100	25.000000
10.589451	2.487222	2.067338	10.533755	2.493831	1.992216	-3.659310	-20.668300	25.000000
10.589451	2.487222	2.067338	10.640019	2.480745	2.013899	-3.659310	-19.570600	25.000000
10.588915	2.487288	2.067412	10.531268	2.510054	1.939356	-3.659310	-19.009800	25.000000
10.588915	2.487288	2.067412	10.621676	2.498509	1.957134	-3.659310	-17.912100	25.000000
10.588915	2.487288	2.067412	10.573670	2.520668	1.910540	-3.659310	-17.351300	25.000000
10.588915	2.487288	2.067412	10.580340	2.536202	1.898849	-3.659310	-16.253600	25.000000
10.588915	2.487288	2.067412	10.666377	2.541038	1.901990	-3.659310	-15.692800	25.000000
10.588915	2.487288	2.067412	10.485228	2.549436	1.919567	-3.659310	-14.595100	25.000000
10.589451	2.487222	2.067338	10.683450	2.538709	1.962032	-3.659310	-14.034400	25.000000
10.589451	2.487222	2.067338	10.564923	2.555205	1.964009	-3.659310	-12.936700	25.000000
10.589451	2.487222	2.067338	10.640959	2.528019	2.027145	-3.659310	-12.375900	25.000000
10.589451	2.487222	2.067338	10.674268	2.539960	1.997424	-3.659310	-11.278200	25.000000
10.589451	2.487222	2.067338	10.637669	2.512306	2.034444	-3.659310	-10.717400	25.000000
10.589237	2.487248	2.067368	10.531382	2.510040	2.056023	-3.659310	-9.619690	25.000000
10.589183	2.487255	2.067375	10.559356	2.506427	2.070143	-3.659310	-9.058900	25.000000
10.589422	2.487226	2.067325	10.611786	2.484175	2.034444	-2.830070	-23.985300	25.000000
10.589422	2.487226	2.067325	10.639549	2.480802	2.048142	-2.830070	-22.887600	25.000000
10.589422	2.487226	2.067325	10.670052	2.477133	1.993650	-2.830070	-22.326800	25.000000
10.589422	2.487226	2.067325	10.505713	2.481681	2.020556	-2.830070	-21.229100	25.000000
10.589422	2.487226	2.067325	10.757583	2.466813	1.926432	-2.830070	-20.668300	25.000000
10.589422	2.487226	2.067325	10.483649	2.500174	1.917252	-2.830070	-19.570600	25.000000
10.588886	2.487291	2.067399	10.708058	2.487820	1.826948	-2.830070	-19.009800	25.000000
10.588886	2.487291	2.067399	10.448521	2.520963	1.729452	-2.830070	-17.912100	25.000000
10.588886	2.487291	2.067399	10.579267	2.570421	1.653066	-2.830070	-17.351300	25.000000
10.588886	2.487291	2.067399	10.612936	2.548430	1.675497	-2.830070	-16.253600	25.000000
10.588886	2.487291	2.067399	10.738976	2.599619	1.690225	-2.830070	-15.692800	25.000000
10.588886	2.487291	2.067399	10.443658	2.628727	1.668523	-2.830070	-14.595100	25.000000
10.589422	2.487226	2.067325	10.492378	2.640019	1.810967	-2.830070	-14.034400	25.000000
10.589422	2.487226	2.067325	10.701869	2.587387	1.858852	-2.830070	-12.936700	25.000000
10.589422	2.487226	2.067325	10.385995	2.581667	2.006876	-2.830070	-12.375900	25.000000
10.589422	2.487226	2.067325	10.766411	2.560627	1.945017	-2.830070	-11.278200	25.000000
10.589422	2.487226	2.067325	10.647065	2.543691	2.019520	-2.830070	-10.717400	25.000000
10.589208	2.487252	2.067354	10.666771	2.524591	2.041690	-2.830070	-9.619690	25.000000
10.589154	2.487259	2.067362	10.612257	2.515603	2.056023	-2.830070	-9.058900	25.000000
10.589154	2.487259	2.067362	10.640019	2.512003	2.070143	-2.830070	-7.961200	25.000000
10.589154	2.487259	2.067362	10.559356	2.506427	2.070143	-2.830070	-7.400410	25.000000
10.589154	2.487259	2.067362	10.611786	2.499754	2.062606	-2.830070	-6.302710	25.000000
10.589208	2.487252	2.067354	10.611786	2.499754	2.062606	-2.830070	-4.644230	25.000000
10.589154	2.487259	2.067362	10.640489	2.496153	2.076377	-2.830070	-2.985740	25.000000
10.589422	2.487226	2.067325	10.639549	2.480802	2.048142	-2.000830	-25.643800	25.000000
10.589422	2.487226	2.067325	10.639549	2.480802	2.048142	-2.000830	-24.546100	25.000000
10.589422	2.487226	2.067325	10.588201	2.471705	2.027641	-2.000830	-23.985300	25.000000
10.589422	2.487226	2.067325	10.584895	2.487473	2.020556	-2.000830	-22.887600	25.000000
10.589422	2.487226	2.067325	10.534899	2.478119	1.918382	-2.000830	-22.326800	25.000000
10.589422	2.487226	2.067325	10.628471	2.466936	1.976479	-2.000830	-21.229100	25.000000
10.589422	2.487226	2.067325	10.410072	2.477861	1.829390	-2.000830	-20.668300	25.000000
10.589422	2.487226	2.067325	10.740968	2.439407	1.674768	-2.000830	-19.570600	25.000000
10.588886	2.487291	2.067399	11.379811	2.441080	1.917121	-2.000830	-19.009800	25.000000
10.588886	2.487291	2.067399	9.805182	2.580156	1.659028	-2.000830	-17.912100	25.000000
10.588886	2.487291	2.067399	10.603301	2.411408	2.336197	-2.000830	-17.351300	25.000000
10.588886	2.487291	2.067399	10.557462	2.283083	2.347345	-2.000830	-16.253600	25.000000
10.588886	2.487291	2.067399	11.602155	2.285046	2.019139	-2.000830	-15.692800	25.000000
10.588886	2.487291	2.067399	9.423906	2.671111	1.929567	-2.000830	-14.595100	25.000000
10.589422	2.487226	2.067325	10.557822	2.690123	1.518670	-2.000830	-14.034400	25.000000
10.589422	2.487226	2.067325	10.575968	2.731725	1.653465	-2.000830	-12.936700	25.000000
10.589422	2.487226	2.067325	10.745157	2.616956	1.896072	-2.000830	-12.375900	25.000000
10.589422	2.487226	2.067325	10.514870	2.698622	1.875005	-2.000830	-11.278200	25.000000
10.589422	2.487226	2.067325	10.596698	2.550707	2.026868	-2.000830	-10.717400	25.000000
10.589208	2.487252	2.067354	10.549408	2.592749	2.001935	-2.000830	-9.619690	25.000000
10.589154	2.487259	2.067362	10.479504	2.516839	2.063633	-2.000830	-9.058900	25.000000
10.589154	2.487259	2.067362	10.615555	2.531425	2.049149	-2.000830	-7.961200	25.000000
10.589154	2.487259	2.067362	10.583950	2.503281	2.048627	-2.000830	-7.400410	25.000000
10.589154	2.487259	2.067362	10.479027	2.500765	2.070143	-2.000830	-6.302710	25.000000
10.589208	2.487252	2.067354	10.479027	2.500765	2.070143	-2.000830	-5.741930	25.000000
10.589154	2.487259	2.067362	10.640489	2.496153	2.076377	-2.000830	-4.083440	25.000000
10.589451	2.487222	2.067338	10.560776	2.474990	2.048142	-1.171580	-25.643800	25.000000
10.589451	2.487222	2.067338	10.560776	2.474990	2.048142	-1.171580	-24.546100	25.000000
10.589451	2.487222	2.067338	10.617438	2.468236	2.007423	-1.171580	-23.985300	25.000000
10.589451	2.487222	2.067338	10.566456	2.474307	1.979704	-1.171580	-22.887600	25.000000
10.589451	2.487222	2.067338	10.561387	2.444863	1.906078	-1.171580	-22.326800	25.000000
10.589451	2.487222	2.067338	10.587238	2.427407	1.768192	-1.171580	-21.229100	25.000000
10.589451	2.487222	2.067338	10.007642	2.480622	1.689902	-1.171580	-20.668300	25.000000
10.589451	2.487222	2.067338	11.163530	2.422571	1.690765	-1.171580	-19.570600	25.000000
10.588915	2.487288	2.067412	11.090812	1.968940	3.074048	-1.171580	-19.009800	25.000000
10.588915	2.487288	2.067412	9.894968	2.624234	2.338855	-1.171580	-17.912100	25.000000
10.588915	2.487288	2.067412	11.581852	1.637329	2.930620	-1.171580	-17.351300	25.000000
10.588915	2.487288	2.067412	9.546926	1.552989	3.044009	-1.171580	-16.253600	25.000000
10.588915	2.487288	2.067412	12.061990	1.734014	2.231103	-1.171580	-15.692800	25.000000
10.588915	2.487288	2.067412	8.708393	1.721799	2.605157	-1.171580	-14.595100	25.000000
10.589451	2.487222	2.067338	9.405318	2.608452	2.222665	-1.171580	-14.034400	25.000000
10.589451	2.487222	2.067338	11.685889	2.278851	1.963854	-1.171580	-12.936700	25.000000
10.589451	2.487222	2.067338	10.567762	2.733516	1.875957	-1.171580	-12.375900	25.000000
10.589451	2.487222	2.067338	10.617387	2.746639	1.775393	-1.171580	-11.278200	25.000000
10.589451	2.487222	2.067338	10.571660	2.589317	2.018316	-1.171580	-10.717400	25.000000
10.589237	2.487248	2.067368	10.521412	2.654958	1.987163	-1.171580	-9.619690	25.000000
10.589183	2.487255	2.067375	10.671926	2.540279	2.034444	-1.171580	-9.058900	25.000000
10.589183	2.487255	2.067375	10.432641	2.539824	2.064738	-1.171580	-7.961200	25.000000
10.589183	2.487255	2.067375	10.611786	2.499754	2.062606	-1.171580	-7.400410	25.000000
10.589183	2.487255	2.067375	10.531382	2.510040	2.056023	-1.171580	-6.302710	25.000000
10.589237	2.487248	2.067368	10.611786	2.499754	2.062606	-1.171580	-5.741930	25.000000
10.589237	2.487248	2.067368	10.559356	2.506427	2.070143	-1.171580	-4.644230	25.000000
10.589424	2.487225	2.067326	10.616026	2.468403	2.041201	-0.342341	-25.643800	25.000000
10.589424	2.487225	2.067326	10.588201	2.471705	2.027641	-0.342341	-24.546100	25.000000
10.589424	2.487225	2.067326	10.372700	2.451607	1.921767	-0.342341	-23.985300	25.000000
10.589424	2.487225	2.067326	10.689906	2.445072	1.977028	-0.342341	-22.887600	25.000000
10.589424	2.487225	2.067326	11.113168	2.348816	1.742175	-0.342341	-22.326800	25.000000
10.589424	2.487225	2.067326	10.067890	2.381943	1.669030	-0.342341	-21.229100	25.000000
10.589424	2.487225	2.067326	9.018869	2.615655	2.387434	-0.342341	-20.668300	25.000000
10.589424	2.487225	2.067326	11.965785	2.155045	2.228325	-0.342341	-19.570600	25.000000
10.588889	2.487291	2.067400	11.652420	1.822315	2.699345	-0.342341	-19.009800	25.000000
10.588889	2.487291	2.067400	9.419241	1.828435	3.184424	-0.342341	-17.912100	25.000000
10.588889	2.487291	2.067400	11.049887	1.388796	2.965854	-0.342341	-17.351300	25.000000
10.588889	2.487291	2.067400	10.041036	1.117199	3.066180	-0.342341	-16.253600	25.000000
10.588889	2.487291	2.067400	10.327633	1.366030	2.349202	-0.342341	-15.692800	25.000000
10.588889	2.487291	2.067400	10.739646	1.117834	2.585189	-0.342341	-14.595100	25.000000
10.589424	2.487225	2.067326	9.660647	1.665133	2.370899	-0.342341	-14.034400	25.000000
10.589424	2.487225	2.067326	11.453925	1.864874	2.194227	-0.342341	-12.936700	25.000000
10.589424	2.487225	2.067326	9.807650	2.093945	2.306236	-0.342341	-12.375900	25.000000
10.589424	2.487225	2.067326	11.222299	2.733339	1.728565	-0.342341	-11.278200	25.000000
10.589424	2.487225	2.067326	10.611786	2.659028	1.989021	-0.342341	-10.717400	25.000000
10.589210	2.487252	2.067356	10.551820	2.761822	1.972667	-0.342341	-9.619690	25.000000
10.589157	2.487258	2.067363	10.549408	2.557423	2.072887	-0.342341	-9.058900	25.000000
10.589157	2.487258	2.067363	10.666302	2.575082	2.042256	-0.342341	-7.961200	25.000000
10.589157	2.487258	2.067363	10.612257	2.515603	2.056023	-0.342341	-7.400410	25.000000
10.589157	2.487258	2.067363	10.588673	2.518690	2.077895	-0.342341	-6.302710	25.000000
10.589210	2.487252	2.067356	10.559356	2.506427	2.070143	-0.342341	-5.741930	25.000000
10.589210	2.487252	2.067356	10.640489	2.496153	2.076377	-0.342341	-4.644230	25.000000
10.589157	2.487258	2.067363	10.640489	2.496153	2.076377	-0.342341	-2.985740	25.000000
10.589189	2.487254	2.067359	10.640489	2.496153	2.076377	-0.342341	-0.766468	25.000000
10.589424	2.487225	2.067326	10.639549	2.480802	2.048142	0.486902	-27.302300	25.000000
10.588889	2.487291	2.067400	10.639549	2.480802	2.048142	0.486902	-26.204500	25.000000
10.589424	2.487225	2.067326	10.617438	2.468236	2.007423	0.486902	-25.643800	25.000000
10.589424	2.487225	2.067326	10.700935	2.458514	2.014579	0.486902	-24.546100	25.000000
10.589424	2.487225	2.067326	10.601905	2.425812	1.935287	0.486902	-23.985300	25.000000
10.589424	2.487225	2.067326	10.576488	2.386240	1.834508	0.486902	-22.887600	25.000000
10.589424	2.487225	2.067326	8.817029	2.632752	2.003204	0.486902	-22.326800	25.000000
10.589424	2.487225	2.067326	12.082218	2.328094	2.218853	0.486902	-21.229100	25.000000
10.589424	2.487225	2.067326	10.000670	1.731476	3.654821	0.486902	-20.668300	25.000000
10.589424	2.487225	2.067326	10.947210	1.944848	2.674785	0.486902	-19.570600	25.000000
10.588889	2.487291	2.067400	10.691702	1.115651	3.115557	0.486902	-19.009800	25.000000
10.588889	2.487291	2.067400	10.366600	1.307306	3.099617	0.486902	-17.912100	25.000000
10.588889	2.487291	2.067400	11.125646	1.043335	2.813263	0.486902	-17.351300	25.000000
10.588889	2.487291	2.067400	9.961928	0.791646	2.855541	0.486902	-16.253600	25.000000
10.588889	2.487291	2.067400	11.207587	0.775884	2.365203	0.486902	-15.692800	25.000000
10.588889	2.487291	2.067400	9.876234	0.879035	2.253751	0.486902	-14.595100	25.000000
10.589424	2.487225	2.067326	10.801389	1.099945	2.178969	0.486902	-14.034400	25.000000
10.589424	2.487225	2.067326	10.348430	1.405772	2.175102	0.486902	-12.936700	25.000000
10.589424	2.487225	2.067326	11.920990	2.413706	1.812717	0.486902	-12.375900	25.000000
10.589424	2.487225	2.067326	8.940917	1.604356	2.124651	0.486902	-11.278200	25.000000
10.589424	2.487225	2.067326	10.426222	2.822527	2.113838	0.486902	-10.717400	25.000000
10.589210	2.487252	2.067356	10.707493	2.776037	1.829716	0.486902	-9.619690	25.000000
10.589157	2.487258	2.067363	10.559356	2.573362	2.065930	0.486902	-9.058900	25.000000
10.589157	2.487258	2.067363	10.542770	2.612273	2.059649	0.486902	-7.961200	25.000000
10.589157	2.487258	2.067363	10.560776	2.522377	2.063633	0.486902	-7.400410	25.000000
10.589157	2.487258	2.067363	10.538026	2.525413	2.085869	0.486902	-6.302710	25.000000
10.589210	2.487252	2.067356	10.559356	2.506427	2.070143	0.486902	-5.741930	25.000000
10.589210	2.487252	2.067356	10.559356	2.506427	2.070143	0.486902	-4.644230	25.000000
10.589157	2.487258	2.067363	10.611786	2.499754	2.062606	0.486902	-2.985740	25.000000
10.588915	2.487288	2.067412	10.639549	2.480802	2.048142	1.316150	-28.960700	25.000000
10.589451	2.487222	2.067338	10.639549	2.480802	2.048142	1.316150	-27.302300	25.000000
10.588915	2.487288	2.067412	10.560776	2.474990	2.048142	1.316150	-26.204500	25.000000
10.589451	2.487222	2.067338	10.610844	2.439311	1.975688	1.316150	-25.643800	25.000000
10.589451	2.487222	2.067338	10.566456	2.459160	2.021022	1.316150	-24.546100	25.000000
10.589451	2.487222	2.067338	10.741024	2.305446	1.778034	1.316150	-23.985300	25.000000
10.589451	2.487222	2.067338	10.502305	2.379874	1.882076	1.316150	-22.887600	25.000000
10.589451	2.487222	2.067338	9.225053	2.558354	2.618052	1.316150	-22.326800	25.000000
10.589451	2.487222	2.067338	11.780836	2.249955	3.772875	1.316150	-21.229100	25.000000
10.589451	2.487222	2.067338	9.065738	1.998463	4.178206	1.316150	-20.668300	25.000000
10.589451	2.487222	2.067338	11.456369	0.824263	3.583967	1.316150	-19.570600	25.000000
10.588915	2.487288	2.067412	10.517129	0.613369	3.531301	1.316150	-19.009800	25.000000
10.588915	2.487288	2.067412	10.685036	0.666248	3.700192	1.316150	-17.912100	25.000000
10.588915	2.487288	2.067412	10.815267	0.553577	2.725154	1.316150	-17.351300	25.000000
10.588915	2.487288	2.067412	10.394229	0.561188	2.279423	1.316150	-16.253600	25.000000
10.588915	2.487288	2.067412	10.794763	0.617704	1.791721	1.316150	-15.692800	25.000000
10.588915	2.487288	2.067412	10.379518	0.627861	1.884248	1.316150	-14.595100	25.000000
10.589451	2.487222	2.067338	9.221714	0.773167	2.020556	1.316150	-14.034400	25.000000
10.589451	2.487222	2.067338	11.843141	1.009890	1.864163	1.316150	-12.936700	25.000000
10.589451	2.487222	2.067338	8.285433	1.415687	2.012589	1.316150	-12.375900	25.000000
10.589451	2.487222	2.067338	12.466756	2.091306	1.880852	1.316150	-11.278200	25.000000
10.589451	2.487222	2.067338	10.590109	2.662950	2.104184	1.316150	-10.717400	25.000000
10.589237	2.487248	2.067368	10.545539	2.763317	2.177315	1.316150	-9.619690	25.000000
10.589183	2.487255	2.067375	10.401923	2.616395	2.137526	1.316150	-9.058900	25.000000
10.589183	2.487255	2.067375	10.758253	2.633652	2.025897	1.316150	-7.961200	25.000000
10.589183	2.487255	2.067375	10.674268	2.539960	2.071464	1.316150	-7.400410	25.000000
10.589183	2.487255	2.067375	10.538026	2.525413	2.085869	1.316150	-6.302710	25.000000
10.589237	2.487248	2.067368	10.588201	2.502740	2.084049	1.316150	-5.741930	25.000000
10.589237	2.487248	2.067368	10.611786	2.499754	2.062606	1.316150	-4.644230	25.000000
10.589183	2.487255	2.067375	10.559356	2.506427	2.070143	1.316150	-2.985740	25.000000
10.588886	2.487291	2.067399	10.560776	2.474990	2.048142	2.145390	-28.960700	25.000000
10.589422	2.487226	2.067325	10.616026	2.468403	2.041201	2.145390	-27.302300	25.000000
10.588886	2.487291	2.067399	10.616026	2.468403	2.041201	2.145390	-26.204500	25.000000
10.589422	2.487226	2.067325	10.713076	2.442490	1.989021	2.145390	-25.643800	25.000000
10.589422	2.487226	2.067325	10.458967	2.426958	1.975688	2.145390	-24.546100	25.000000
10.589422	2.487226	2.067325	10.266333	2.307837	1.801736	2.145390	-23.985300	25.000000
10.589422	2.487226	2.067325	10.842182	2.309454	1.852694	2.145390	-22.887600	25.000000
10.589422	2.487226	2.067325	8.202591	2.226306	4.534599	2.145390	-22.326800	25.000000
10.589422	2.487226	2.067325	12.486969	2.319527	4.333913	2.145390	-21.229100	25.000000
10.589422	2.487226	2.067325	5.533751	0.220309	5.309566	2.145390	-20.668300	25.000000
10.589422	2.487226	2.067325	13.355523	1.585772	4.622407	2.145390	-19.570600	25.000000
10.588886	2.487291	2.067399	10.370193	0.387835	4.462463	2.145390	-19.009800	25.000000
10.588886	2.487291	2.067399	10.886432	0.613685	4.367434	2.145390	-17.912100	25.000000
10.588886	2.487291	2.067399	11.907817	0.346525	2.143025	2.145390	-17.351300	25.000000
10.588886	2.487291	2.067399	9.133592	0.503524	2.003996	2.145390	-16.253600	25.000000
10.588886	2.487291	2.067399	11.171951	0.536907	1.845490	2.145390	-15.692800	25.000000
10.588886	2.487291	2.067399	10.021582	0.725173	1.781469	2.145390	-14.595100	25.000000
10.589422	2.487226	2.067325	12.037026	0.738639	1.845706	2.145390	-14.034400	25.000000
10.589422	2.487226	2.067325	8.933644	0.739538	2.131156	2.145390	-12.936700	25.000000
10.589422	2.487226	2.067325	11.709825	1.742435	2.158799	2.145390	-12.375900	25.000000
10.589422	2.487226	2.067325	9.314338	1.200590	2.241940	2.145390	-11.278200	25.000000
10.589422	2.487226	2.067325	8.445709	2.591553	2.913096	2.145390	-10.717400	25.000000
10.589208	2.487252	2.067354	12.340989	2.173917	1.986024	2.145390	-9.619690	25.000000
10.589154	2.487259	2.067362	10.439828	2.669942	2.176341	2.145390	-9.058900	25.000000
10.589154	2.487259	2.067362	10.678483	2.667351	2.061960	2.145390	-7.961200	25.000000
10.589154	2.487259	2.067362	10.488088	2.532169	2.094075	2.145390	-7.400410	25.000000
10.589154	2.487259	2.067362	10.652699	2.542915	2.094075	2.145390	-6.302710	25.000000
10.589208	2.487252	2.067354	10.640019	2.512003	2.070143	2.145390	-5.741930	25.000000
10.589208	2.487252	2.067354	10.588201	2.502740	2.084049	2.145390	-4.644230	25.000000
10.589154	2.487259	2.067362	10.640489	2.496153	2.076377	2.145390	-2.985740	25.000000
10.589186	2.487255	2.067357	10.640489	2.496153	2.076377	2.145390	0.331232	25.000000
10.588886	2.487291	2.067399	10.589618	2.471536	2.061648	2.974630	-28.960700	25.000000
10.589422	2.487226	2.067325	10.594338	2.455928	2.034444	2.974630	-27.302300	25.000000
10.588886	2.487291	2.067399	10.532806	2.478373	2.034444	2.974630	-26.204500	25.000000
10.589422	2.487226	2.067325	10.722873	2.427052	1.996246	2.974630	-25.643800	25.000000
10.589422	2.487226	2.067325	10.432162	2.401049	1.964495	2.974630	-24.546100	25.000000
10.589422	2.487226	2.067325	10.727651	2.269463	1.848260	2.974630	-23.985300	25.000000
10.589422	2.487226	2.067325	10.485042	2.314686	1.807602	2.974630	-22.887600	25.000000
10.589422	2.487226	2.067325	12.367150	2.212248	5.064781	2.974630	-22.326800	25.000000
10.589422	2.487226	2.067325	8.317818	2.823291	3.620703	2.974630	-21.229100	25.000000
10.589422	2.487226	2.067325	11.602241	0.778552	4.604171	2.974630	-20.668300	25.000000
10.589422	2.487226	2.067325	8.231215	2.414569	4.342066	2.974630	-19.570600	25.000000
10.588886	2.487291	2.067399	10.306677	0.682187	4.360463	2.974630	-19.009800	25.000000
10.588886	2.487291	2.067399	10.886689	0.450609	4.229876	2.974630	-17.912100	25.000000
10.588886	2.487291	2.067399	10.028704	0.520622	1.968055	2.974630	-17.351300	25.000000
10.588886	2.487291	2.067399	11.052221	0.253139	2.160803	2.974630	-16.253600	25.000000
10.588886	2.487291	2.067399	10.322790	0.743306	1.983207	2.974630	-15.692800	25.000000
10.588886	2.487291	2.067399	10.830051	0.637947	2.089942	2.974630	-14.595100	25.000000
10.589422	2.487226	2.067325	10.259630	0.691942	2.171510	2.974630	-14.034400	25.000000
10.589422	2.487226	2.067325	10.907795	0.567154	2.011547	2.974630	-12.936700	25.000000
10.589422	2.487226	2.067325	8.985544	1.265598	2.298408	2.974630	-12.375900	25.000000
10.589422	2.487226	2.067325	12.051971	1.040092	2.094716	2.974630	-11.278200	25.000000
10.589422	2.487226	2.067325	8.737276	1.582242	2.152450	2.974630	-10.717400	25.000000
10.589208	2.487252	2.067354	11.976644	2.589936	1.963136	2.974630	-9.619690	25.000000
10.589154	2.487259	2.067362	10.602358	2.726034	2.223643	2.974630	-9.058900	25.000000
10.589154	2.487259	2.067362	10.566456	2.667282	2.164546	2.974630	-7.961200	25.000000
10.589154	2.487259	2.067362	10.438870	2.538956	2.102520	2.974630	-7.400410	25.000000
10.589154	2.487259	2.067362	10.624971	2.546752	2.079526	2.974630	-6.302710	25.000000
10.589208	2.487252	2.067354	10.640489	2.496153	2.076377	2.974630	-5.741930	25.000000
10.589208	2.487252	2.067354	10.507616	2.513138	2.077895	2.974630	-4.644230	25.000000
10.588915	2.487288	2.067412	10.668177	2.477358	2.061648	3.803880	-29.521500	25.000000
10.588915	2.487288	2.067412	10.560776	2.474990	2.048142	3.803880	-28.960700	25.000000
10.588915	2.487288	2.067412	10.639549	2.480802	2.048142	3.803880	-27.863000	25.000000
10.589451	2.487222	2.067338	10.623559	2.452573	2.014579	3.803880	-27.302300	25.000000
10.588915	2.487288	2.067412	10.616026	2.468403	2.041201	3.803880	-26.204500	25.000000
10.589451	2.487222	2.067338	10.341180	2.368258	1.953873	3.803880	-25.643800	25.000000
10.589451	2.487222	2.067338	10.830512	2.401868	1.979285	3.803880	-24.546100	25.000000
10.589451	2.487222	2.067338	10.607493	2.242348	1.792992	3.803880	-23.985300	25.000000
10.589451	2.487222	2.067338	10.498095	2.190824	1.855527	3.803880	-22.887600	25.000000
10.589451	2.487222	2.067338	10.298058	2.460437	4.415024	3.803880	-22.326800	25.000000
10.589451	2.487222	2.067338	10.911462	2.407350	3.839834	3.803880	-21.229100	25.000000
10.589451	2.487222	2.067338	13.373616	1.500451	4.454684	3.803880	-20.668300	25.000000
10.589451	2.487222	2.067338	4.910642	1.064820	2.709185	3.803880	-19.570600	25.000000
10.588915	2.487288	2.067412	11.638368	0.358120	4.910025	3.803880	-19.009800	25.000000
10.588915	2.487288	2.067412	9.547266	0.449231	4.446116	3.803880	-17.912100	25.000000
10.588915	2.487288	2.067412	11.424903	0.332273	1.220191	3.803880	-17.351300	25.000000
10.588915	2.487288	2.067412	9.685226	0.195887	1.269177	3.803880	-16.253600	25.000000
10.588915	2.487288	2.067412	11.188369	0.589497	1.837612	3.803880	-15.692800	25.000000
10.588915	2.487288	2.067412	9.991216	0.608125	1.951303	3.803880	-14.595100	25.000000
10.589451	2.487222	2.067338	10.036638	0.458506	1.965934	3.803880	-14.034400	25.000000
10.589451	2.487222	2.067338	11.026101	0.567117	1.902691	3.803880	-12.936700	25.000000
10.589451	2.487222	2.067338	10.579698	1.120986	1.935709	3.803880	-12.375900	25.000000
10.589451	2.487222	2.067338	10.499524	0.704494	2.060754	3.803880	-11.278200	25.000000
10.589451	2.487222	2.067338	7.075309	2.669064	2.510513	3.803880	-10.717400	25.000000
10.589237	2.487248	2.067368	13.060245	1.866026	1.788597	3.803880	-9.619690	25.000000
10.589183	2.487255	2.067375	10.535179	2.740730	2.287338	3.803880	-9.058900	25.000000
10.589183	2.487255	2.067375	10.662551	2.691363	2.218608	3.803880	-7.961200	25.000000
10.589183	2.487255	2.067375	10.538501	2.558990	2.134880	3.803880	-7.400410	25.000000
10.589183	2.487255	2.067375	10.681292	2.539003	2.108383	3.803880	-6.302710	25.000000
10.589237	2.487248	2.067368	10.588201	2.502740	2.084049	3.803880	-5.741930	25.000000
10.589237	2.487248	2.067368	10.507616	2.513138	2.077895	3.803880	-4.644230	25.000000
10.589183	2.487255	2.067375	10.640489	2.496153	2.076377	3.803880	-4.083440	25.000000
10.589183	2.487255	2.067375	10.640489	2.496153	2.076377	3.803880	-2.985740	25.000000
10.588886	2.487291	2.067399	10.589618	2.471536	2.061648	4.633120	-29.521500	25.000000
10.588886	2.487291	2.067399	10.639549	2.480802	2.048142	4.633120	-27.863000	25.000000
10.589422	2.487226	2.067325	10.651291	2.449418	2.027865	4.633120	-27.302300	25.000000
10.588886	2.487291	2.067399	10.594338	2.455928	2.034444	4.633120	-26.204500	25.000000
10.589422	2.487226	2.067325	10.559356	2.401908	1.990447	4.633120	-25.643800	25.000000
10.589422	2.487226	2.067325	10.591034	2.344381	1.963557	4.633120	-24.546100	25.000000
10.589422	2.487226	2.067325	10.761803	2.162201	1.845098	4.633120	-23.985300	25.000000
10.589422	2.487226	2.067325	10.516696	2.154962	1.863345	4.633120	-22.887600	25.000000
10.589422	2.487226	2.067325	10.816654	2.250626	4.398157	4.633120	-22.326800	25.000000
10.589422	2.487226	2.067325	10.331021	2.411823	4.261728	4.633120	-21.229100	25.000000
10.589422	2.487226	2.067325	14.100014	1.334563	4.677367	4.633120	-20.668300	25.000000
10.589422	2.487226	2.067325	3.110064	0.080471	3.141593	4.633120	-19.570600	25.000000
10.588886	2.487291	2.067399	11.019750	0.241485	4.548488	4.633120	-19.009800	25.000000
10.588886	2.487291	2.067399	10.228025	0.352254	4.584519	4.633120	-17.912100	25.000000
10.588886	2.487291	2.067399	11.013178	0.361851	2.448825	4.633120	-17.351300	25.000000
10.588886	2.487291	2.067399	10.069801	0.271848	2.750784	4.633120	-16.253600	25.000000
10.588886	2.487291	2.067399	11.518680	0.616226	2.142134	4.633120	-15.692800	25.000000
10.588886	2.487291	2.067399	9.644688	0.696236	2.172251	4.633120	-14.595100	25.000000
10.589422	2.487226	2.067325	9.788769	0.665488	2.250705	4.633120	-14.034400	25.000000
10.589422	2.487226	2.067325	11.352973	0.563120	2.227498	4.633120	-12.936700	25.000000
10.589422	2.487226	2.067325	11.071134	1.081857	1.915197	4.633120	-12.375900	25.000000
10.589422	2.487226	2.067325	10.100495	0.703877	2.082352	4.633120	-11.278200	25.000000
10.589422	2.487226	2.067325	7.872103	2.694989	2.651635	4.633120	-10.717400	25.000000
10.589208	2.487252	2.067354	12.560255	1.861492	1.839964	4.633120	-9.619690	25.000000
10.589154	2.487259	2.067362	10.587256	2.729278	2.356194	4.633120	-9.058900	25.000000
10.589154	2.487259	2.067362	10.649413	2.693923	2.279423	4.633120	-7.961200	25.000000
10.589154	2.487259	2.067362	10.599057	2.533655	2.108383	4.633120	-7.400410	25.000000
10.589154	2.487259	2.067362	10.502381	2.547012	2.125792	4.633120	-6.302710	25.000000
10.589208	2.487252	2.067354	10.588201	2.502740	2.084049	4.633120	-5.741930	25.000000
10.589208	2.487252	2.067354	10.508092	2.497065	2.084049	4.633120	-4.644230	25.000000
10.588886	2.487291	2.067399	10.560776	2.474990	2.048142	5.462360	-28.960700	25.000000
10.588886	2.487291	2.067399	10.668177	2.477358	2.061648	5.462360	-27.863000	25.000000
10.589422	2.487226	2.067325	10.623088	2.452626	2.047688	5.462360	-27.302300	25.000000
10.588886	2.487291	2.067399	10.517129	2.449907	2.034444	5.462360	-26.204500	25.000000
10.589422	2.487226	2.067325	10.253780	2.349251	1.979285	5.462360	-25.643800	25.000000
10.589422	2.487226	2.067325	10.837435	2.374206	1.980924	5.462360	-24.546100	25.000000
10.589422	2.487226	2.067325	10.400481	2.116719	1.867641	5.462360	-23.985300	25.000000
10.589422	2.487226	2.067325	10.698131	2.110764	1.858078	5.462360	-22.887600	25.000000
10.589422	2.487226	2.067325	9.846603	2.485122	4.655783	5.462360	-22.326800	25.000000
10.589422	2.487226	2.067325	11.228535	2.363809	4.294165	5.462360	-21.229100	25.000000
10.589422	2.487226	2.067325	14.037806	1.089380	4.342330	5.462360	-20.668300	25.000000
10.589422	2.487226	2.067325	3.891015	1.911450	3.593046	5.462360	-19.570600	25.000000
10.588886	2.487291	2.067399	11.204910	0.709641	3.550082	5.462360	-19.009800	25.000000
10.588886	2.487291	2.067399	9.857992	0.706245	3.577276	5.462360	-17.912100	25.000000
10.588886	2.487291	2.067399	9.663850	0.714543	2.769884	5.462360	-17.351300	25.000000
10.588886	2.487291	2.067399	11.508692	0.726865	2.666250	5.462360	-16.253600	25.000000
10.588886	2.487291	2.067399	10.734058	0.743690	2.170249	5.462360	-15.692800	25.000000
10.588886	2.487291	2.067399	10.410572	0.663793	2.111216	5.462360	-14.595100	25.000000
10.589422	2.487226	2.067325	10.796759	0.664422	2.142134	5.462360	-14.034400	25.000000
10.589422	2.487226	2.067325	10.348913	0.607036	2.248183	5.462360	-12.936700	25.000000
10.589422	2.487226	2.067325	9.556443	0.764070	1.824579	5.462360	-12.375900	25.000000
10.589422	2.487226	2.067325	11.597676	1.047082	1.739874	5.462360	-11.278200	25.000000
10.589422	2.487226	2.067325	12.113216	1.703271	1.831935	5.462360	-10.717400	25.000000
10.589208	2.487252	2.067354	8.474078	2.657402	2.609869	5.462360	-9.619690	25.000000
10.589154	2.487259	2.067362	10.735921	2.698684	2.402316	5.462360	-9.058900	25.000000
10.589154	2.487259	2.067362	10.559356	2.668593	2.326791	5.462360	-7.961200	25.000000
10.589154	2.487259	2.067362	10.599057	2.533655	2.108383	5.462360	-7.400410	25.000000
10.589154	2.487259	2.067362	10.585367	2.552304	2.125792	5.462360	-6.302710	25.000000
10.589208	2.487252	2.067354	10.617438	2.514928	2.091934	5.462360	-5.741930	25.000000
10.589208	2.487252	2.067354	10.588201	2.502740	2.084049	5.462360	-4.644230	25.000000
10.588886	2.487291	2.067399	10.560776	2.474990	2.048142	6.291600	-27.863000	25.000000
10.589422	2.487226	2.067325	10.651291	2.449418	2.027865	6.291600	-27.302300	25.000000
10.588886	2.487291	2.067399	10.460402	2.456482	2.041201	6.291600	-26.204500	25.000000
10.589422	2.487226	2.067325	10.282509	2.346499	1.991787	6.291600	-25.643800	25.000000
10.589422	2.487226	2.067325	10.901376	2.368144	1.975688	6.291600	-24.546100	25.000000
10.589422	2.487226	2.067325	10.951256	1.984257	1.864163	6.291600	-23.985300	25.000000
10.589422	2.487226	2.067325	10.183320	2.061627	1.899589	6.291600	-22.887600	25.000000
10.589422	2.487226	2.067325	10.175952	2.459635	4.171969	6.291600	-22.326800	25.000000
10.589422	2.487226	2.067325	11.018167	2.307187	4.171969	6.291600	-21.229100	25.000000
10.589422	2.487226	2.067325	5.829417	0.337786	2.933030	6.291600	-20.668300	25.000000
10.589422	2.487226	2.067325	12.871616	1.718164	4.521155	6.291600	-19.570600	25.000000
10.588886	2.487291	2.067399	11.249000	0.494769	4.046420	6.291600	-19.009800	25.000000
10.588886	2.487291	2.067399	9.924717	0.714091	4.179885	6.291600	-17.912100	25.000000
10.588886	2.487291	2.067399	11.176762	0.421178	2.736701	6.291600	-17.351300	25.000000
10.588886	2.487291	2.067399	9.920685	0.615516	2.343849	6.291600	-16.253600	25.000000
10.588886	2.487291	2.067399	10.871522	0.611735	2.127698	6.291600	-15.692800	25.000000
10.588886	2.487291	2.067399	10.375452	0.803842	2.058391	6.291600	-14.595100	25.000000
10.589422	2.487226	2.067325	9.691749	0.599807	2.108081	6.291600	-14.034400	25.000000
10.589422	2.487226	2.067325	11.466037	0.709385	2.028456	6.291600	-12.936700	25.000000
10.589422	2.487226	2.067325	10.261701	0.909762	1.564624	6.291600	-12.375900	25.000000
10.589422	2.487226	2.067325	10.873550	1.223587	1.501301	6.291600	-11.278200	25.000000
10.589422	2.487226	2.067325	4.476606	1.391124	1.616220	6.291600	-10.717400	25.000000
10.589208	2.487252	2.067354	13.924568	2.264199	1.909675	6.291600	-9.619690	25.000000
10.589154	2.487259	2.067362	10.674737	2.628470	2.302193	6.291600	-9.058900	25.000000
10.589154	2.487259	2.067362	10.526633	2.674704	2.371119	6.291600	-7.961200	25.000000
10.589154	2.487259	2.067362	10.710742	2.535017	2.122451	6.291600	-7.400410	25.000000
10.589154	2.487259	2.067362	10.517129	2.528224	2.108383	6.291600	-6.302710	25.000000
10.589208	2.487252	2.067354	10.508092	2.497065	2.084049	6.291600	-5.741930	25.000000
10.589208	2.487252	2.067354	10.536603	2.509363	2.091934	6.291600	-4.644230	25.000000
10.589154	2.487259	2.067362	10.640489	2.496153	2.076377	6.291600	-4.083440	25.000000
10.589154	2.487259	2.067362	10.611786	2.499754	2.062606	6.291600	-2.985740	25.000000
10.589159	2.487258	2.067361	10.611786	2.499754	2.062606	6.291600	-1.327250	25.000000
10.589154	2.487259	2.067362	10.640489	2.496153	2.076377	6.291600	3.648210	25.000000
10.588886	2.487291	2.067399	10.668177	2.477358	2.061648	7.120850	-30.619200	25.000000
10.588886	2.487291	2.067399	10.639549	2.480802	2.048142	7.120850	-29.521500	25.000000
10.588886	2.487291	2.067399	10.589618	2.471536	2.061648	7.120850	-28.960700	25.000000
10.588886	2.487291	2.067399	10.589618	2.471536	2.061648	7.120850	-27.863000	25.000000
10.589422	2.487226	2.067325	10.574498	2.443382	2.027865	7.120850	-27.302300	25.000000
10.588886	2.487291	2.067399	10.594338	2.455928	2.034444	7.120850	-26.204500	25.000000
10.589422	2.487226	2.067325	11.016805	2.344700	1.989021	7.120850	-25.643800	25.000000
10.589422	2.487226	2.067325	10.254267	2.362995	2.015813	7.120850	-24.546100	25.000000
10.589422	2.487226	2.067325	10.137554	1.955025	1.929567	7.120850	-23.985300	25.000000
10.589422	2.487226	2.067325	11.041739	2.061153	1.905533	7.120850	-22.887600	25.000000
10.589422	2.487226	2.067325	9.172786	2.819130	5.424747	7.120850	-22.326800	25.000000
10.589422	2.487226	2.067325	11.802919	2.304097	4.383787	7.120850	-21.229100	25.000000
10.589422	2.487226	2.067325	13.848036	1.437531	4.577189	7.120850	-20.668300	25.000000
10.589422	2.487226	2.067325	2.722132	1.970777	2.549165	7.120850	-19.570600	25.000000
10.588886	2.487291	2.067399	11.717508	0.721202	4.242961	7.120850	-19.009800	25.000000
10.588886	2.487291	2.067399	9.341306	0.656423	4.051346	7.120850	-17.912100	25.000000
10.588886	2.487291	2.067399	11.739250	0.482329	2.343208	7.120850	-17.351300	25.000000
10.588886	2.487291	2.067399	9.161332	0.462216	2.765632	7.120850	-16.253600	25.000000
10.588886	2.487291	2.067399	9.898485	0.854407	2.251813	7.120850	-15.692800	25.000000
10.588886	2.487291	2.067399	11.339312	0.800021	2.330113	7.120850	-14.595100	25.000000
10.589422	2.487226	2.067325	10.125710	0.948780	2.023575	7.120850	-14.034400	25.000000
10.589422	2.487226	2.067325	11.047172	0.734343	2.241318	7.120850	-12.936700	25.000000
10.589422	2.487226	2.067325	12.191483	1.522383	1.683458	7.120850	-12.375900	25.000000
10.589422	2.487226	2.067325	8.571138	1.137335	1.428645	7.120850	-11.278200	25.000000
10.589422	2.487226	2.067325	7.375236	1.693131	1.191558	7.120850	-10.717400	25.000000
10.589208	2.487252	2.067354	12.808138	2.466667	2.126217	7.120850	-9.619690	25.000000
10.589154	2.487259	2.067362	10.464225	2.625248	2.315122	7.120850	-9.058900	25.000000
10.589154	2.487259	2.067362	10.689247	2.589298	2.267818	7.120850	-7.961200	25.000000
10.589154	2.487259	2.067362	10.515703	2.512081	2.113986	7.120850	-7.400410	25.000000
10.589154	2.487259	2.067362	10.577807	2.520122	2.136280	7.120850	-6.302710	25.000000
10.589208	2.487252	2.067354	10.588201	2.502740	2.084049	7.120850	-5.741930	25.000000
10.589208	2.487252	2.067354	10.508092	2.497065	2.084049	7.120850	-4.644230	25.000000
10.589154	2.487259	2.067362	10.640489	2.496153	2.076377	7.120850	-4.083440	25.000000
10.588886	2.487291	2.067399	10.589618	2.471536	2.061648	7.950090	-28.960700	25.000000
10.588886	2.487291	2.067399	10.589618	2.471536	2.061648	7.950090	-27.863000	25.000000
10.589422	2.487226	2.067325	10.603301	2.440152	2.040980	7.950090	-27.302300	25.000000
10.588886	2.487291	2.067399	10.623088	2.452626	2.047688	7.950090	-26.204500	25.000000
10.589422	2.487226	2.067325	10.278132	2.346917	2.022249	7.950090	-25.643800	25.000000
10.589422	2.487226	2.067325	10.929318	2.365529	1.987694	7.950090	-24.546100	25.000000
10.589422	2.487226	2.067325	10.204901	2.094118	1.953404	7.950090	-23.985300	25.000000
10.589422	2.487226	2.067325	10.985445	1.982891	1.936544	7.950090	-22.887600	25.000000
10.589422	2.487226	2.067325	11.308846	2.491185	4.209546	7.950090	-22.326800	25.000000
10.589422	2.487226	2.067325	9.886354	2.691095	3.678028	7.950090	-21.229100	25.000000
10.589422	2.487226	2.067325	12.437633	1.807614	4.348778	7.950090	-20.668300	25.000000
10.589422	2.487226	2.067325	6.951806	1.082703	2.861056	7.950090	-19.570600	25.000000
10.588886	2.487291	2.067399	11.339753	0.431573	4.106844	7.950090	-19.009800	25.000000
10.588886	2.487291	2.067399	9.788769	0.713664	4.311596	7.950090	-17.912100	25.000000
10.588886	2.487291	2.067399	10.770817	0.114736	1.961844	7.950090	-17.351300	25.000000
10.588886	2.487291	2.067399	10.435138	0.321642	1.910762	7.950090	-16.253600	25.000000
10.588886	2.487291	2.067399	10.107918	0.641244	2.167973	7.950090	-15.692800	25.000000
10.588886	2.487291	2.067399	11.067520	0.651592	2.001123	7.950090	-14.595100	25.000000
10.589422	2.487226	2.067325	11.719748	0.951801	1.797988	7.950090	-14.034400	25.000000
10.589422	2.487226	2.067325	9.294240	0.825977	1.832813	7.950090	-12.936700	25.000000
10.589422	2.487226	2.067325	9.332084	1.974978	1.707584	7.950090	-12.375900	25.000000
10.589422	2.487226	2.067325	11.657255	1.351144	1.747505	7.950090	-11.278200	25.000000
10.589422	2.487226	2.067325	8.865078	2.518668	1.403740	7.950090	-10.717400	25.000000
10.589208	2.487252	2.067354	12.104644	2.421550	2.121959	7.950090	-9.619690	25.000000
10.589154	2.487259	2.067362	10.721007	2.567110	2.258941	7.950090	-9.058900	25.000000
10.589154	2.487259	2.067362	10.367738	2.584483	2.239839	7.950090	-7.961200	25.000000
10.589154	2.487259	2.067362	10.547037	2.524207	2.122451	7.950090	-7.400410	25.000000
10.589154	2.487259	2.067362	10.647065	2.511095	2.105751	7.950090	-6.302710	25.000000
10.589208	2.487252	2.067354	10.640489	2.496153	2.076377	7.950090	-5.741930	25.000000
10.589208	2.487252	2.067354	10.588201	2.502740	2.084049	7.950090	-4.644230	25.000000
10.589154	2.487259	2.067362	10.640489	2.496153	2.076377	7.950090	-2.985740	25.000000
10.588886	2.487291	2.067399	10.639549	2.480802	2.048142	8.779330	-28.960700	25.000000
10.588886	2.487291	2.067399	10.589618	2.471536	2.061648	8.779330	-27.863000	25.000000
10.589422	2.487226	2.067325	10.566930	2.459105	2.054575	8.779330	-27.302300	25.000000
10.588886	2.487291	2.067399	10.546089	2.446598	2.047688	8.779330	-26.204500	25.000000
10.589422	2.487226	2.067325	10.645656	2.393067	2.028271	8.779330	-25.643800	25.000000
10.589422	2.487226	2.067325	10.508092	2.338803	2.022610	8.779330	-24.546100	25.000000
10.589422	2.487226	2.067325	10.373042	1.987661	2.006150	8.779330	-23.985300	25.000000
10.589422	2.487226	2.067325	10.816192	2.125849	1.961403	8.779330	-22.887600	25.000000
10.589422	2.487226	2.067325	10.658799	2.448568	3.664382	8.779330	-22.326800	25.000000
10.589422	2.487226	2.067325	10.550355	2.446113	4.202417	8.779330	-21.229100	25.000000
10.589422	2.487226	2.067325	13.679101	1.609551	4.611992	8.779330	-20.668300	25.000000
10.589422	2.487226	2.067325	4.359358	0.213911	3.249863	8.779330	-19.570600	25.000000
10.588886	2.487291	2.067399	10.690650	0.534418	5.510773	8.779330	-19.009800	25.000000
10.588886	2.487291	2.067399	10.451316	0.429974	5.268555	8.779330	-17.912100	25.000000
10.588886	2.487291	2.067399	10.997459	0.406794	0.554214	8.779330	-17.351300	25.000000
10.588886	2.487291	2.067399	10.076626	0.395178	0.202451	8.779330	-16.253600	25.000000
10.588886	2.487291	2.067399	11.245959	0.455365	1.254161	8.779330	-15.692800	25.000000
10.588886	2.487291	2.067399	9.932276	0.651151	1.489310	8.779330	-14.595100	25.000000
10.589422	2.487226	2.067325	10.160492	1.176845	1.373401	8.779330	-14.034400	25.000000
10.589422	2.487226	2.067325	10.973609	0.970373	1.461237	8.779330	-12.936700	25.000000
10.589422	2.487226	2.067325	11.858668	2.175308	1.939883	8.779330	-12.375900	25.000000
10.589422	2.487226	2.067325	8.903488	1.356893	1.559303	8.779330	-11.278200	25.000000
10.589422	2.487226	2.067325	10.490948	2.620779	2.505754	8.779330	-10.717400	25.000000
10.589208	2.487252	2.067354	10.658799	2.612245	2.527823	8.779330	-9.619690	25.000000
10.589154	2.487259	2.067362	10.412012	2.559972	2.207305	8.779330	-9.058900	25.000000
10.589154	2.487259	2.067362	10.742439	2.530778	2.194819	8.779330	-7.961200	25.000000
10.589154	2.487259	2.067362	10.648474	2.495158	2.111216	8.779330	-7.400410	25.000000
10.589154	2.487259	2.067362	10.566456	2.505516	2.105751	8.779330	-6.302710	25.000000
10.589208	2.487252	2.067354	10.670052	2.492483	2.089942	8.779330	-5.741930	25.000000
10.588886	2.487291	2.067399	10.668177	2.477358	2.061648	9.608580	-27.863000	25.000000
10.589422	2.487226	2.067325	10.546089	2.446598	2.047688	9.608580	-27.302300	25.000000
10.588886	2.487291	2.067399	10.511422	2.465628	2.061648	9.608580	-26.204500	25.000000
10.589422	2.487226	2.067325	10.719142	2.399416	2.028271	9.608580	-25.643800	25.000000
10.589422	2.487226	2.067325	10.357606	2.366635	2.059130	9.608580	-24.546100	25.000000
10.589422	2.487226	2.067325	11.131038	2.150788	1.991202	9.608580	-23.985300	25.000000
10.589422	2.487226	2.067325	9.928746	2.086925	2.065522	9.608580	-22.887600	25.000000
10.589422	2.487226	2.067325	8.663077	2.947254	3.081784	9.608580	-22.326800	25.000000
10.589422	2.487226	2.067325	12.223682	2.435369	4.803277	9.608580	-21.229100	25.000000
10.589422	2.487226	2.067325	8.259139	2.025044	4.957368	9.608580	-20.668300	25.000000
10.589422	2.487226	2.067325	12.301541	1.252308	5.661941	9.608580	-19.570600	25.000000
10.588886	2.487291	2.067399	10.800190	0.981777	6.082514	9.608580	-19.009800	25.000000
10.588886	2.487291	2.067399	10.401135	0.967639	6.159120	9.608580	-17.912100	25.000000
10.588886	2.487291	2.067399	9.604770	0.769307	6.126895	9.608580	-17.351300	25.000000
10.588886	2.487291	2.067399	11.509340	0.765330	0.262622	9.608580	-16.253600	25.000000
10.588886	2.487291	2.067399	9.314505	0.652679	0.785398	9.608580	-15.692800	25.000000
10.588886	2.487291	2.067399	11.804237	0.860171	1.082154	9.608580	-14.595100	25.000000
10.589422	2.487226	2.067325	10.016806	1.478821	1.125084	9.608580	-14.034400	25.000000
10.589422	2.487226	2.067325	11.158387	1.331938	1.319106	9.608580	-12.936700	25.000000
10.589422	2.487226	2.067325	14.140735	2.163577	1.872054	9.608580	-12.375900	25.000000
10.589422	2.487226	2.067325	4.085389	2.054512	1.149203	9.608580	-11.278200	25.000000
10.589422	2.487226	2.067325	10.500000	2.600493	2.553590	9.608580	-10.717400	25.000000
10.589208	2.487252	2.067354	10.708408	2.551920	2.427502	9.608580	-9.619690	25.000000
10.589154	2.487259	2.067362	10.674737	2.523540	2.172251	9.608580	-9.058900	25.000000
10.589154	2.487259	2.067362	10.529008	2.526623	2.145101	9.608580	-7.961200	25.000000
10.589154	2.487259	2.067362	10.566456	2.505516	2.105751	9.608580	-7.400410	25.000000
10.589154	2.487259	2.067362	10.617909	2.498982	2.097740	9.608580	-6.302710	25.000000
10.588770	2.487306	2.067344	10.589618	2.471536	2.061648	10.437800	-28.960700	25.000000
10.589306	2.487240	2.067270	10.652699	2.449258	2.060754	10.437800	-27.302300	25.000000
10.588770	2.487306	2.067344	10.589618	2.471536	2.061648	10.437800	-26.204500	25.000000
10.589306	2.487240	2.067270	10.704205	2.414891	2.053310	10.437800	-25.643800	25.000000
10.589306	2.487240	2.067270	10.501428	2.379961	2.059130	10.437800	-24.546100	25.000000
10.589306	2.487240	2.067270	11.177656	2.213560	2.009449	10.437800	-23.985300	25.000000
10.589306	2.487240	2.067270	9.920685	2.134402	2.109171	10.437800	-22.887600	25.000000
10.589306	2.487240	2.067270	11.174320	2.522434	1.610128	10.437800	-22.326800	25.000000
10.589306	2.487240	2.067270	9.809412	2.817905	4.716556	10.437800	-21.229100	25.000000
10.589306	2.487240	2.067270	8.862280	2.284263	5.624760	10.437800	-20.668300	25.000000
10.589306	2.487240	2.067270	12.071040	1.917347	6.186146	10.437800	-19.570600	25.000000
10.588770	2.487306	2.067344	10.769610	1.616310	0.104293	10.437800	-19.009800	25.000000
10.588770	2.487306	2.067344	10.374651	1.461660	6.135063	10.437800	-17.912100	25.000000
10.588770	2.487306	2.067344	10.648667	1.165365	6.150971	10.437800	-17.351300	25.000000
10.588770	2.487306	2.067344	10.516730	0.842491	6.030790	10.437800	-16.253600	25.000000
10.588770	2.487306	2.067344	11.608187	0.934267	0.770248	10.437800	-15.692800	25.000000
10.588770	2.487306	2.067344	9.405318	1.257353	1.082154	10.437800	-14.595100	25.000000
10.589306	2.487240	2.067270	11.069779	2.039444	1.293887	10.437800	-14.034400	25.000000
10.589306	2.487240	2.067270	10.088607	1.680047	1.277429	10.437800	-12.936700	25.000000
10.589306	2.487240	2.067270	10.123734	2.585812	2.475623	10.437800	-12.375900	25.000000
10.589306	2.487240	2.067270	11.026767	2.246889	1.587074	10.437800	-11.278200	25.000000
10.589306	2.487240	2.067270	10.629675	2.529528	2.263438	10.437800	-10.717400	25.000000
10.589092	2.487266	2.067300	10.539450	2.558853	2.380580	10.437800	-9.619690	25.000000
10.589038	2.487273	2.067307	10.708875	2.503230	2.132718	10.437800	-9.058900	25.000000
10.589038	2.487273	2.067307	10.546563	2.508074	2.127698	10.437800	-7.961200	25.000000
10.589038	2.487273	2.067307	10.640489	2.496153	2.076377	10.437800	-7.400410	25.000000
10.589038	2.487273	2.067307	10.670052	2.492483	2.089942	10.437800	-6.302710	25.000000
10.589092	2.487266	2.067300	10.640489	2.496153	2.076377	10.437800	-5.741930	25.000000
10.589092	2.487266	2.067300	10.640489	2.496153	2.076377	10.437800	-4.644230	25.000000
10.589038	2.487273	2.067307	10.640489	2.496153	2.076377	10.437800	-2.424950	25.000000
10.589043	2.487272	2.067306	10.640489	2.496153	2.076377	10.437800	-1.327250	25.000000
10.589060	2.487270	2.067481	10.668177	2.477358	2.061648	11.267100	-28.960700	25.000000
10.589060	2.487270	2.067481	10.589618	2.471536	2.061648	11.267100	-27.863000	25.000000
10.589596	2.487204	2.067407	10.596698	2.455656	2.067765	11.267100	-27.302300	25.000000
10.589060	2.487270	2.067481	10.674268	2.461590	2.067765	11.267100	-26.204500	25.000000
10.589596	2.487204	2.067407	10.673800	2.418101	2.040773	11.267100	-25.643800	25.000000
10.589596	2.487204	2.067407	10.411532	2.417603	2.086345	11.267100	-24.546100	25.000000
10.589596	2.487204	2.067407	10.572133	2.319972	2.069112	11.267100	-23.985300	25.000000
10.589596	2.487204	2.067407	10.621676	2.182542	2.101354	11.267100	-22.887600	25.000000
10.589596	2.487204	2.067407	11.977061	2.336426	1.804540	11.267100	-22.326800	25.000000
10.589596	2.487204	2.067407	9.033825	2.570448	2.312744	11.267100	-21.229100	25.000000
10.589596	2.487204	2.067407	11.442902	2.599103	0.978099	11.267100	-20.668300	25.000000
10.589596	2.487204	2.067407	9.657122	2.528807	0.236245	11.267100	-19.570600	25.000000
10.589060	2.487270	2.067481	11.693883	1.874757	0.168390	11.267100	-19.009800	25.000000
10.589060	2.487270	2.067481	9.197396	2.253139	5.528501	11.267100	-17.912100	25.000000
10.589060	2.487270	2.067481	10.509772	1.327680	6.271421	11.267100	-17.351300	25.000000
10.589060	2.487270	2.067481	10.614825	1.484962	6.100625	11.267100	-16.253600	25.000000
10.589060	2.487270	2.067481	7.406247	1.795467	0.932835	11.267100	-15.692800	25.000000
10.589060	2.487270	2.067481	12.955694	1.539917	1.044945	11.267100	-14.595100	25.000000
10.589596	2.487204	2.067407	12.008851	2.418023	2.090722	11.267100	-14.034400	25.000000
10.589596	2.487204	2.067407	8.956473	2.289941	1.463744	11.267100	-12.936700	25.000000
10.589596	2.487204	2.067407	10.541347	2.524968	2.425849	11.267100	-12.375900	25.000000
10.589596	2.487204	2.067407	10.658799	2.509588	2.571209	11.267100	-11.278200	25.000000
10.589596	2.487204	2.067407	10.709342	2.503171	2.189224	11.267100	-10.717400	25.000000
10.589382	2.487231	2.067436	10.520932	2.527711	2.227498	11.267100	-9.619690	25.000000
10.589328	2.487237	2.067444	10.617909	2.498982	2.097740	11.267100	-9.058900	25.000000
10.589328	2.487237	2.067444	10.597169	2.501601	2.119346	11.267100	-7.961200	25.000000
10.589328	2.487237	2.067444	10.538026	2.493296	2.097740	11.267100	-6.302710	25.000000
10.589382	2.487231	2.067436	10.640489	2.496153	2.076377	11.267100	-4.644230	25.000000
10.589328	2.487237	2.067444	10.640489	2.496153	2.076377	11.267100	-4.083440	25.000000
10.588770	2.487306	2.067344	10.668177	2.477358	2.061648	12.096300	-28.960700	25.000000
10.589306	2.487240	2.067270	10.589618	2.471536	2.061648	12.096300	-27.302300	25.000000
10.588770	2.487306	2.067344	10.589618	2.471536	2.061648	12.096300	-26.204500	25.000000
10.589306	2.487240	2.067270	10.587729	2.427353	2.066691	12.096300	-25.643800	25.000000
10.589306	2.487240	2.067270	10.519506	2.449635	2.067765	12.096300	-24.546100	25.000000
10.589306	2.487240	2.067270	10.244023	2.364009	2.127921	12.096300	-23.985300	25.000000
10.589306	2.487240	2.067270	10.904586	2.304255	2.073099	12.096300	-22.887600	25.000000
10.589306	2.487240	2.067270	10.413933	2.138552	2.218853	12.096300	-22.326800	25.000000
10.589306	2.487240	2.067270	10.769401	2.172951	2.155674	12.096300	-21.229100	25.000000
10.589306	2.487240	2.067270	9.850462	2.805705	2.037199	12.096300	-20.668300	25.000000
10.589306	2.487240	2.067270	11.325352	2.367720	1.967725	12.096300	-19.570600	25.000000
10.588770	2.487306	2.067344	11.860000	2.406830	0.338455	12.096300	-19.009800	25.000000
10.588770	2.487306	2.067344	9.016673	2.875779	5.293366	12.096300	-17.912100	25.000000
10.588770	2.487306	2.067344	11.748617	2.057981	0.364408	12.096300	-17.351300	25.000000
10.588770	2.487306	2.067344	9.197282	2.132662	0.354259	12.096300	-16.253600	25.000000
10.588770	2.487306	2.067344	12.907192	2.116583	1.494581	12.096300	-15.692800	25.000000
10.588770	2.487306	2.067344	7.517978	2.700999	1.633215	12.096300	-14.595100	25.000000
10.589306	2.487240	2.067270	10.745232	2.453464	2.533268	12.096300	-14.034400	25.000000
10.589306	2.487240	2.067270	10.423531	2.460822	2.485897	12.096300	-12.936700	25.000000
10.589306	2.487240	2.067270	10.668177	2.477358	2.366947	12.096300	-12.375900	25.000000
10.589306	2.487240	2.067270	10.422092	2.524519	2.274027	12.096300	-11.278200	25.000000
10.589306	2.487240	2.067270	10.498095	2.498334	2.141180	12.096300	-10.717400	25.000000
10.589092	2.487266	2.067300	10.644247	2.495684	2.167457	12.096300	-9.619690	25.000000
10.589038	2.487273	2.067307	10.538026	2.493296	2.097740	12.096300	-9.058900	25.000000
10.589038	2.487273	2.067307	10.590562	2.486775	2.089942	12.096300	-6.302710	25.000000
10.588770	2.487306	2.067344	10.643778	2.480291	2.082352	12.925500	-28.960700	25.000000
10.588770	2.487306	2.067344	10.589618	2.471536	2.061648	12.925500	-27.863000	25.000000
10.589306	2.487240	2.067270	10.589618	2.471536	2.061648	12.925500	-27.302300	25.000000
10.588770	2.487306	2.067344	10.486658	2.468578	2.082352	12.925500	-26.204500	25.000000
10.589306	2.487240	2.067270	10.550355	2.446113	2.080768	12.925500	-25.643800	25.000000
10.589306	2.487240	2.067270	10.596698	2.455656	2.067765	12.925500	-24.546100	25.000000
10.589306	2.487240	2.067270	10.800463	2.404921	2.089942	12.925500	-23.985300	25.000000
10.589306	2.487240	2.067270	10.401923	2.390047	2.135366	12.925500	-22.887600	25.000000
10.589306	2.487240	2.067270	10.266937	2.243829	2.259155	12.925500	-22.326800	25.000000
10.589306	2.487240	2.067270	10.923827	2.290431	2.121654	12.925500	-21.229100	25.000000
10.589306	2.487240	2.067270	10.288829	2.229781	2.330113	12.925500	-20.668300	25.000000
10.589306	2.487240	2.067270	10.827280	2.147090	2.278228	12.925500	-19.570600	25.000000
10.588770	2.487306	2.067344	9.836158	2.752248	1.926432	12.925500	-19.009800	25.000000
10.588770	2.487306	2.067344	11.213759	2.458830	2.043293	12.925500	-17.912100	25.000000
10.588770	2.487306	2.067344	9.677030	2.622027	1.984160	12.925500	-17.351300	25.000000
10.588770	2.487306	2.067344	11.412278	2.479365	1.640682	12.925500	-16.253600	25.000000
10.588770	2.487306	2.067344	10.155787	2.431327	2.473927	12.925500	-15.692800	25.000000
10.588770	2.487306	2.067344	11.006362	2.345627	2.419174	12.925500	-14.595100	25.000000
10.589306	2.487240	2.067270	10.388936	2.496305	2.446854	12.925500	-14.034400	25.000000
10.589306	2.487240	2.067270	10.799074	2.418956	2.366095	12.925500	-12.936700	25.000000
10.589306	2.487240	2.067270	10.480935	2.500521	2.163224	12.925500	-12.375900	25.000000
10.589306	2.487240	2.067270	10.609901	2.484405	2.235899	12.925500	-11.278200	25.000000
10.589306	2.487240	2.067270	10.568822	2.489459	2.111216	12.925500	-10.717400	25.000000
10.589092	2.487266	2.067300	10.546563	2.508074	2.127698	12.925500	-9.619690	25.000000
10.589038	2.487273	2.067307	10.590562	2.486775	2.089942	12.925500	-9.058900	25.000000
10.589038	2.487273	2.067307	10.508092	2.497065	2.084049	12.925500	-7.961200	25.000000
10.589596	2.487204	2.067407	10.565037	2.474478	2.082352	13.754800	-27.302300	25.000000
10.589596	2.487204	2.067407	10.619322	2.468014	2.074962	13.754800	-25.643800	25.000000
10.589596	2.487204	2.067407	10.704672	2.458085	2.080768	13.754800	-24.546100	25.000000
10.589596	2.487204	2.067407	10.638139	2.436284	2.086345	13.754800	-23.985300	25.000000
10.589596	2.487204	2.067407	10.462791	2.426537	2.106216	13.754800	-22.887600	25.000000
10.589596	2.487204	2.067407	10.781929	2.366217	2.129396	13.754800	-22.326800	25.000000
10.589596	2.487204	2.067407	10.363397	2.394033	2.174546	13.754800	-21.229100	25.000000
10.589596	2.487204	2.067407	10.800926	2.263778	2.262453	13.754800	-20.668300	25.000000
10.589596	2.487204	2.067407	10.383159	2.337036	2.233012	13.754800	-19.570600	25.000000
10.589060	2.487270	2.067481	10.600472	2.267223	2.347499	13.754800	-19.009800	25.000000
10.589060	2.487270	2.067481	10.559356	2.282928	2.382737	13.754800	-17.912100	25.000000
10.589060	2.487270	2.067481	10.589618	2.305636	2.401209	13.754800	-17.351300	25.000000
10.589060	2.487270	2.067481	10.565037	2.360136	2.422763	13.754800	-16.253600	25.000000
10.589060	2.487270	2.067481	10.479027	2.454310	2.377468	13.754800	-15.692800	25.000000
10.589060	2.487270	2.067481	10.796759	2.391611	2.317752	13.754800	-14.595100	25.000000
10.589596	2.487204	2.067407	10.500476	2.498031	2.198426	13.754800	-14.034400	25.000000
10.589596	2.487204	2.067407	10.617909	2.468180	2.238462	13.754800	-12.936700	25.000000
10.589596	2.487204	2.067407	10.652699	2.479216	2.116451	13.754800	-12.375900	25.000000
10.589596	2.487204	2.067407	10.581588	2.487880	2.145869	13.754800	-11.278200	25.000000
10.589596	2.487204	2.067407	10.538026	2.493296	2.097740	13.754800	-10.717400	25.000000
10.589382	2.487231	2.067436	10.621205	2.483027	2.103300	13.754800	-9.619690	25.000000
10.589328	2.487237	2.067444	10.670052	2.492483	2.089942	13.754800	-9.058900	25.000000
10.589306	2.487240	2.067270	10.619322	2.468014	2.074962	14.584000	-25.643800	25.000000
10.589306	2.487240	2.067270	10.658799	2.448568	2.093585	14.584000	-23.985300	25.000000
10.589306	2.487240	2.067270	10.541347	2.462096	2.074962	14.584000	-22.887600	25.000000
10.589306	2.487240	2.067270	10.475686	2.425120	2.138640	14.584000	-22.326800	25.000000
10.589306	2.487240	2.067270	10.670520	2.432727	2.098871	14.584000	-21.229100	25.000000
10.589306	2.487240	2.067270	10.549408	2.402942	2.186136	14.584000	-20.668300	25.000000
10.589306	2.487240	2.067270	10.511422	2.421225	2.150799	14.584000	-19.570600	25.000000
10.588770	2.487306	2.067344	10.574498	2.400341	2.217099	14.584000	-19.009800	25.000000
10.588770	2.487306	2.067344	10.574498	2.400341	2.217099	14.584000	-17.912100	25.000000
10.588770	2.487306	2.067344	10.563143	2.444664	2.220197	14.584000	-17.351300	25.000000
10.588770	2.487306	2.067344	10.542770	2.417844	2.234352	14.584000	-16.253600	25.000000
10.588770	2.487306	2.067344	10.542296	2.477222	2.214297	14.584000	-15.692800	25.000000
10.588770	2.487306	2.067344	10.745232	2.453464	2.179121	14.584000	-14.595100	25.000000
10.589306	2.487240	2.067270	10.718209	2.471418	2.142134	14.584000	-14.034400	25.000000
10.589306	2.487240	2.067270	10.548934	2.491932	2.132718	14.584000	-12.936700	25.000000
10.589306	2.487240	2.067270	10.568822	2.489459	2.111216	14.584000	-12.375900	25.000000
10.589306	2.487240	2.067270	10.568822	2.489459	2.111216	14.584000	-11.278200	25.000000
10.589306	2.487240	2.067270	10.590562	2.486775	2.089942	14.584000	-10.717400	25.000000
10.589092	2.487266	2.067300	10.590562	2.486775	2.089942	14.584000	-9.619690	25.000000
10.589038	2.487273	2.067307	10.670052	2.492483	2.089942	14.584000	-9.058900	25.000000
10.589596	2.487204	2.067407	10.565037	2.474478	2.082352	15.413300	-25.643800	25.000000
10.589596	2.487204	2.067407	10.668177	2.477358	2.061648	15.413300	-24.546100	25.000000
10.589596	2.487204	2.067407	10.517604	2.464895	2.095592	15.413300	-23.985300	25.000000
10.589596	2.487204	2.067407	10.619322	2.468014	2.074962	15.413300	-22.887600	25.000000
10.589596	2.487204	2.067407	10.636259	2.451124	2.113747	15.413300	-22.326800	25.000000
10.589596	2.487204	2.067407	10.517604	2.464895	2.095592	15.413300	-21.229100	25.000000
10.589596	2.487204	2.067407	10.559356	2.445093	2.113747	15.413300	-20.668300	25.000000
10.589596	2.487204	2.067407	10.615555	2.453488	2.134113	15.413300	-19.570600	25.000000
10.589060	2.487270	2.067481	10.596698	2.455656	2.154667	15.413300	-19.009800	25.000000
10.589060	2.487270	2.067481	10.615555	2.453488	2.134113	15.413300	-17.912100	25.000000
10.589060	2.487270	2.067481	10.640019	2.465580	2.142134	15.413300	-17.351300	25.000000
10.589060	2.487270	2.067481	10.562197	2.459656	2.142134	15.413300	-16.253600	25.000000
10.589060	2.487270	2.067481	10.554146	2.475789	2.137526	15.413300	-15.692800	25.000000
10.589060	2.487270	2.067481	10.574025	2.473399	2.116451	15.413300	-14.595100	25.000000
10.589596	2.487204	2.067407	10.542296	2.477222	2.103300	15.413300	-14.034400	25.000000
10.589596	2.487204	2.067407	10.568822	2.489459	2.111216	15.413300	-12.936700	25.000000
10.589596	2.487204	2.067407	10.621205	2.483027	2.103300	15.413300	-12.375900	25.000000
10.589596	2.487204	2.067407	10.590562	2.486775	2.089942	15.413300	-11.278200	25.000000
10.589596	2.487204	2.067407	10.590562	2.486775	2.089942	15.413300	-10.717400	25.000000
10.589382	2.487231	2.067436	10.590562	2.486775	2.089942	15.413300	-9.619690	25.000000
10.589306	2.487240	2.067270	10.565037	2.474478	2.082352	16.242500	-25.643800	25.000000
10.589306	2.487240	2.067270	10.589618	2.471536	2.061648	16.242500	-24.546100	25.000000
10.589306	2.487240	2.067270	10.565037	2.474478	2.082352	16.242500	-23.985300	25.000000
10.589306	2.487240	2.067270	10.697663	2.473845	2.074962	16.242500	-22.887600	25.000000
10.589306	2.487240	2.067270	10.619322	2.468014	2.074962	16.242500	-22.326800	25.000000
10.589306	2.487240	2.067270	10.619322	2.468014	2.074962	16.242500	-21.229100	25.000000
10.589306	2.487240	2.067270	10.627323	2.467071	2.108632	16.242500	-20.668300	25.000000
10.589306	2.487240	2.067270	10.595754	2.470806	2.095592	16.242500	-19.570600	25.000000
10.588770	2.487306	2.067344	10.627323	2.467071	2.108632	16.242500	-19.009800	25.000000
10.588770	2.487306	2.067344	10.542296	2.477222	2.103300	16.242500	-17.912100	25.000000
10.588770	2.487306	2.067344	10.542296	2.477222	2.103300	16.242500	-17.351300	25.000000
10.588770	2.487306	2.067344	10.627323	2.467071	2.108632	16.242500	-16.253600	25.000000
10.588770	2.487306	2.067344	10.621205	2.483027	2.103300	16.242500	-15.692800	25.000000
10.588770	2.487306	2.067344	10.568822	2.489459	2.111216	16.242500	-14.595100	25.000000
10.589306	2.487240	2.067270	10.590562	2.486775	2.089942	16.242500	-14.034400	25.000000
10.589306	2.487240	2.067270	10.621205	2.483027	2.103300	16.242500	-12.936700	25.000000
10.589306	2.487240	2.067270	10.590562	2.486775	2.089942	16.242500	-11.278200	25.000000
10.589596	2.487204	2.067407	10.643778	2.480291	2.082352	17.071800	-24.546100	25.000000
10.589596	2.487204	2.067407	10.643778	2.480291	2.082352	17.071800	-22.887600	25.000000
10.589596	2.487204	2.067407	10.565037	2.474478	2.082352	17.071800	-22.326800	25.000000
10.589596	2.487204	2.067407	10.590562	2.486775	2.089942	17.071800	-21.229100	25.000000
10.589596	2.487204	2.067407	10.595754	2.470806	2.095592	17.071800	-20.668300	25.000000
10.589596	2.487204	2.067407	10.565037	2.474478	2.082352	17.071800	-19.570600	25.000000
10.589060	2.487270	2.067481	10.565037	2.474478	2.082352	17.071800	-19.009800	25.000000
10.589060	2.487270	2.067481	10.542296	2.477222	2.103300	17.071800	-17.912100	25.000000
10.589060	2.487270	2.067481	10.565037	2.474478	2.082352	17.071800	-17.351300	25.000000
10.589060	2.487270	2.067481	10.542296	2.477222	2.103300	17.071800	-16.253600	25.000000
10.589060	2.487270	2.067481	10.590562	2.486775	2.089942	17.071800	-15.692800	25.000000
10.589060	2.487270	2.067481	10.590562	2.486775	2.089942	17.071800	-14.595100	25.000000
10.589596	2.487204	2.067407	10.643778	2.480291	2.082352	17.071800	-14.034400	25.000000
10.589306	2.487240	2.067270	10.590562	2.486775	2.089942	17.901000	-23.985300	25.000000
10.589306	2.487240	2.067270	10.643778	2.480291	2.082352	17.901000	-22.887600	25.000000
10.589306	2.487240	2.067270	10.643778	2.480291	2.082352	17.901000	-22.326800	25.000000
10.589306	2.487240	2.067270	10.643778	2.480291	2.082352	17.901000	-21.229100	25.000000
10.589306	2.487240	2.067270	10.565037	2.474478	2.082352	17.901000	-20.668300	25.000000
10.588770	2.487306	2.067344	10.565037	2.474478	2.082352	17.901000	-19.009800	25.000000
10.588770	2.487306	2.067344	10.590562	2.486775	2.089942	17.901000	-17.912100	25.000000
10.588770	2.487306	2.067344	10.643778	2.480291	2.082352	17.901000	-16.253600	25.000000
10.588770	2.487306	2.067344	10.590562	2.486775	2.089942	17.901000	-15.692800	25.000000
10.589306	2.487240	2.067270	10.643778	2.480291	2.082352	17.901000	-14.034400	25.000000
10.589306	2.487240	2.067270	10.643778	2.480291	2.082352	17.901000	-11.278200	25.000000
10.589060	2.487270	2.067481	10.590562	2.486775	2.089942	18.730300	-19.009800	25.000000
10.589306	2.487240	2.067270	10.611786	2.499754	2.062606	19.559500	-37.814000	25.000000
10.589306	2.487240	2.067270	10.611786	2.499754	2.062606	20.388700	-12.375900	25.000000
10.589070	2.487269	2.067303	10.611786	2.499754	2.062606	20.388700	-0.766468	25.000000
10.589328	2.487237	2.067444	10.611786	2.499754	2.062606	22.876500	-4.083440	25.000000
10.589596	2.487204	2.067407	10.640489	2.496153	2.076377	27.022700	-19.570600	25.000000
