19.589355	2.135467	2.791220	19.599490	2.148298	2.787099	19.959800	-9.897690	25.000000
19.589355	2.135467	2.791220	19.570641	2.149259	2.792822	19.959800	-8.177810	25.000000
19.590380	2.135434	2.791195	19.574473	2.143042	2.781400	20.819800	-11.617600	25.000000
19.590148	2.135441	2.791241	19.599490	2.148298	2.787099	20.819800	-9.897690	25.000000
19.590148	2.135441	2.791241	19.570641	2.149259	2.792822	20.819800	-9.275510	25.000000
19.590148	2.135441	2.791241	19.678160	2.145695	2.789200	20.819800	-8.177810	25.000000
19.590148	2.135441	2.791241	19.570641	2.149259	2.792822	20.819800	-6.457930	25.000000
19.589586	2.135459	2.791175	19.574473	2.143042	2.781400	21.679700	-14.435200	25.000000
19.589297	2.135469	2.791232	19.574473	2.143042	2.781400	21.679700	-13.337400	25.000000
19.589586	2.135459	2.791175	19.599490	2.148298	2.787099	21.679700	-12.715300	25.000000
19.589586	2.135459	2.791175	19.605356	2.154202	2.779245	21.679700	-11.617600	25.000000
19.589297	2.135469	2.791232	19.576006	2.155192	2.784973	21.679700	-10.995400	25.000000
19.589355	2.135467	2.791220	19.576006	2.155192	2.784973	21.679700	-9.897690	25.000000
19.589355	2.135467	2.791220	19.547123	2.156170	2.790724	21.679700	-9.275510	25.000000
19.589355	2.135467	2.791220	19.547123	2.156170	2.790724	21.679700	-8.177810	25.000000
19.589355	2.135467	2.791220	19.542262	2.150207	2.798569	21.679700	-7.555630	25.000000
19.589355	2.135467	2.791220	19.599490	2.148298	2.787099	21.679700	-6.457930	25.000000
19.590090	2.135443	2.791252	19.574473	2.143042	2.781400	22.539700	-15.057300	25.000000
19.590380	2.135434	2.791195	19.683496	2.151584	2.781400	22.539700	-14.435200	25.000000
19.590090	2.135443	2.791252	19.658586	2.146341	2.775725	22.539700	-13.337400	25.000000
19.590380	2.135434	2.791195	19.612751	2.160074	2.771336	22.539700	-12.715300	25.000000
19.590380	2.135434	2.791195	19.527417	2.156839	2.777067	22.539700	-11.617600	25.000000
19.590090	2.135443	2.791252	19.532025	2.169023	2.780646	22.539700	-10.995400	25.000000
19.590148	2.135441	2.791241	19.532025	2.169023	2.780646	22.539700	-9.897690	25.000000
19.590148	2.135441	2.791241	19.503077	2.170035	2.786456	22.539700	-9.275510	25.000000
19.590148	2.135441	2.791241	19.580603	2.167333	2.788602	22.539700	-8.177810	25.000000
19.590148	2.135441	2.791241	19.602551	2.160422	2.790724	22.539700	-7.555630	25.000000
19.590148	2.135441	2.791241	19.597194	2.154477	2.798569	22.539700	-6.457930	25.000000
19.590148	2.135441	2.791241	19.570641	2.149259	2.792822	22.539700	-5.835750	25.000000
19.590148	2.135441	2.791241	19.649427	2.146643	2.794895	22.539700	-4.738050	25.000000
19.590090	2.135443	2.791252	19.574473	2.143042	2.781400	23.399600	-16.155000	25.000000
19.590090	2.135443	2.791252	19.604336	2.142061	2.775725	23.399600	-15.057300	25.000000
19.590380	2.135434	2.791195	19.527417	2.156839	2.777067	23.399600	-14.435200	25.000000
19.590090	2.135443	2.791252	19.587751	2.154796	2.765632	23.399600	-13.337400	25.000000
19.590380	2.135434	2.791195	19.597959	2.179114	2.772633	23.399600	-12.715300	25.000000
19.590380	2.135434	2.791195	19.601275	2.172793	2.761086	23.399600	-11.617600	25.000000
19.590090	2.135443	2.791252	19.626003	2.184338	2.778446	23.399600	-10.995400	25.000000
19.590148	2.135441	2.791241	19.607652	2.191252	2.776219	23.399600	-9.897690	25.000000
19.590148	2.135441	2.791241	19.540983	2.187405	2.796037	23.399600	-9.275510	25.000000
19.590148	2.135441	2.791241	19.616575	2.178454	2.786456	23.399600	-8.177810	25.000000
19.590148	2.135441	2.791241	19.496923	2.170250	2.806091	23.399600	-7.555630	25.000000
19.590148	2.135441	2.791241	19.602551	2.160422	2.790724	23.399600	-6.457930	25.000000
19.590148	2.135441	2.791241	19.566809	2.143295	2.800614	23.399600	-5.835750	25.000000
19.590148	2.135441	2.791241	19.597194	2.154477	2.798569	23.399600	-4.738050	25.000000
19.589297	2.135469	2.791232	19.574473	2.143042	2.781400	24.259500	-16.155000	25.000000
19.589297	2.135469	2.791232	19.580347	2.148935	2.773543	24.259500	-15.057300	25.000000
19.589586	2.135459	2.791175	19.524856	2.175485	2.758774	24.259500	-14.435200	25.000000
19.589297	2.135469	2.791232	19.596683	2.160622	2.757666	24.259500	-13.337400	25.000000
19.589586	2.135459	2.791175	19.633899	2.215550	2.749253	24.259500	-12.715300	25.000000
19.589586	2.135459	2.791175	19.621417	2.190750	2.756435	24.259500	-11.617600	25.000000
19.589297	2.135469	2.791232	19.441193	2.223024	2.770701	24.259500	-10.995400	25.000000
19.589355	2.135467	2.791220	19.576006	2.224193	2.773033	24.259500	-9.897690	25.000000
19.589355	2.135467	2.791220	19.679685	2.207467	2.779863	24.259500	-9.275510	25.000000
19.589355	2.135467	2.791220	19.483583	2.208526	2.809741	24.259500	-8.177810	25.000000
19.589355	2.135467	2.791220	19.574984	2.167528	2.808124	24.259500	-7.555630	25.000000
19.589355	2.135467	2.791220	19.560419	2.180452	2.798149	24.259500	-6.457930	25.000000
19.589355	2.135467	2.791220	19.542262	2.150207	2.798569	24.259500	-5.835750	25.000000
19.589355	2.135467	2.791220	19.569364	2.155417	2.804339	24.259500	-4.738050	25.000000
19.590090	2.135443	2.791252	19.574473	2.143042	2.781400	25.119500	-16.777200	25.000000
19.590090	2.135443	2.791252	19.580347	2.148935	2.773543	25.119500	-16.155000	25.000000
19.590090	2.135443	2.791252	19.541238	2.156370	2.757666	25.119500	-15.057300	25.000000
19.590380	2.135434	2.791195	19.536888	2.181293	2.750646	25.119500	-14.435200	25.000000
19.590090	2.135443	2.791252	19.600255	2.204122	2.717584	25.119500	-13.337400	25.000000
19.590380	2.135434	2.791195	19.494358	2.240422	2.745292	25.119500	-12.715300	25.000000
19.590380	2.135434	2.791195	19.609437	2.242282	2.718739	25.119500	-11.617600	25.000000
19.590090	2.135443	2.791252	19.637973	2.254192	2.772061	25.119500	-10.995400	25.000000
19.590148	2.135441	2.791241	19.565786	2.257200	2.769675	25.119500	-9.897690	25.000000
19.590148	2.135441	2.791241	19.676890	2.239560	2.791161	25.119500	-9.275510	25.000000
19.590148	2.135441	2.791241	19.523575	2.232728	2.817789	25.119500	-8.177810	25.000000
19.590148	2.135441	2.791241	19.486149	2.189401	2.827810	25.119500	-7.555630	25.000000
19.590148	2.135441	2.791241	19.598980	2.191568	2.796037	25.119500	-6.457930	25.000000
19.590148	2.135441	2.791241	19.597449	2.160596	2.810134	25.119500	-5.835750	25.000000
19.590148	2.135441	2.791241	19.625494	2.153525	2.792822	25.119500	-4.738050	25.000000
19.590148	2.135441	2.791241	19.621162	2.147579	2.800614	25.119500	-3.018170	25.000000
19.589297	2.135469	2.791232	19.525880	2.144646	2.773543	25.979400	-17.874900	25.000000
19.589297	2.135469	2.791232	19.629315	2.135203	2.777882	25.979400	-16.777200	25.000000
19.589297	2.135469	2.791232	19.713954	2.150571	2.743070	25.979400	-16.155000	25.000000
19.589297	2.135469	2.791232	19.435534	2.178665	2.742462	25.979400	-15.057300	25.000000
19.589586	2.135459	2.791175	19.508203	2.201231	2.723368	25.979400	-14.435200	25.000000
19.589297	2.135469	2.791232	19.574729	2.198753	2.711830	25.979400	-13.337400	25.000000
19.589586	2.135459	2.791175	19.568342	2.180169	2.744884	25.979400	-12.715300	25.000000
19.589586	2.135459	2.791175	19.604336	2.142061	2.775725	25.979400	-11.617600	25.000000
19.589297	2.135469	2.791232	19.629060	2.105340	2.797374	25.979400	-10.995400	25.000000
19.589355	2.135467	2.791220	19.542262	2.113939	2.806610	25.979400	-9.897690	25.000000
19.589355	2.135467	2.791220	19.395360	2.218350	2.846421	25.979400	-9.275510	25.000000
19.589355	2.135467	2.791220	19.785095	2.222469	2.777614	25.979400	-8.177810	25.000000
19.589355	2.135467	2.791220	19.621672	2.190741	2.809941	25.979400	-7.555630	25.000000
19.589355	2.135467	2.791220	19.615810	2.222641	2.842151	25.979400	-6.457930	25.000000
19.589355	2.135467	2.791220	19.515122	2.157257	2.815951	25.979400	-5.835750	25.000000
19.589355	2.135467	2.791220	19.546355	2.162347	2.802300	25.979400	-4.738050	25.000000
19.589355	2.135467	2.791220	19.566809	2.143295	2.800614	25.979400	-4.115870	25.000000
19.590090	2.135443	2.791252	19.682988	2.139495	2.777882	26.839400	-19.594800	25.000000
19.590090	2.135443	2.791252	19.563742	2.149489	2.759952	26.839400	-17.874900	25.000000
19.590090	2.135443	2.791252	19.556329	2.143640	2.767866	26.839400	-16.777200	25.000000
19.590090	2.135443	2.791252	19.584688	2.192090	2.700413	26.839400	-16.155000	25.000000
19.590090	2.135443	2.791252	19.539191	2.162593	2.735891	26.839400	-15.057300	25.000000
19.590380	2.135434	2.791195	19.541238	2.156370	2.757666	26.839400	-14.435200	25.000000
19.590090	2.135443	2.791252	19.535353	1.888362	2.874395	26.839400	-13.337400	25.000000
19.590380	2.135434	2.791195	19.451992	1.720439	2.884004	26.839400	-12.715300	25.000000
19.590380	2.135434	2.791195	19.736768	1.790425	2.841185	26.839400	-11.617600	25.000000
19.590090	2.135443	2.791252	19.261879	1.711433	2.838082	26.839400	-10.995400	25.000000
19.590148	2.135441	2.791241	19.891204	1.676568	2.779863	26.839400	-9.897690	25.000000
19.590148	2.135441	2.791241	20.650666	2.132549	2.613930	26.839400	-9.275510	25.000000
19.590148	2.135441	2.791241	18.345027	2.003947	2.935952	26.839400	-8.177810	25.000000
19.590148	2.135441	2.791241	19.659858	2.233775	2.819842	26.839400	-7.555630	25.000000
19.590148	2.135441	2.791241	19.460216	2.215832	2.874777	26.839400	-6.457930	25.000000
19.590148	2.135441	2.791241	19.542006	2.156344	2.829551	26.839400	-5.835750	25.000000
19.590148	2.135441	2.791241	19.602296	2.166581	2.802300	26.839400	-4.738050	25.000000
19.590148	2.135441	2.791241	19.566809	2.143295	2.800614	26.839400	-4.115870	25.000000
19.590148	2.135441	2.791241	19.621162	2.147579	2.800614	26.839400	-3.018170	25.000000
19.590090	2.135443	2.791252	19.550448	2.137759	2.775725	27.699300	-19.594800	25.000000
19.590090	2.135443	2.791252	19.572685	2.155305	2.751985	27.699300	-17.874900	25.000000
19.590090	2.135443	2.791252	19.650445	2.140554	2.750986	27.699300	-16.777200	25.000000
19.590090	2.135443	2.791252	19.738541	2.096194	2.819842	27.699300	-16.155000	25.000000
19.590090	2.135443	2.791252	19.410822	2.173284	2.736701	27.699300	-15.057300	25.000000
19.590380	2.135434	2.791195	20.341814	1.528998	2.936960	27.699300	-14.435200	25.000000
19.590090	2.135443	2.791252	18.820069	1.741119	3.213361	27.699300	-13.337400	25.000000
19.590380	2.135434	2.791195	19.657569	1.324122	2.946255	27.699300	-12.715300	25.000000
19.590380	2.135434	2.791195	19.526648	1.247689	2.862551	27.699300	-11.617600	25.000000
19.590090	2.135443	2.791252	18.970240	1.265610	2.844313	27.699300	-10.995400	25.000000
19.590148	2.135441	2.791241	20.114920	1.288668	2.680260	27.699300	-9.897690	25.000000
19.590148	2.135441	2.791241	19.691115	1.641954	2.648341	27.699300	-9.275510	25.000000
19.590148	2.135441	2.791241	19.403350	2.130383	2.819842	27.699300	-8.177810	25.000000
19.590148	2.135441	2.791241	19.601020	2.229653	2.840247	27.699300	-7.555630	25.000000
19.590148	2.135441	2.791241	19.545076	2.231871	2.879320	27.699300	-6.457930	25.000000
19.590148	2.135441	2.791241	19.597449	2.160596	2.829551	27.699300	-5.835750	25.000000
19.590148	2.135441	2.791241	19.635173	2.177795	2.819842	27.699300	-4.738050	25.000000
19.590148	2.135441	2.791241	19.566809	2.143295	2.800614	27.699300	-4.115870	25.000000
19.589297	2.135469	2.791232	19.550448	2.137759	2.775725	28.559200	-19.594800	25.000000
19.589297	2.135469	2.791232	19.604336	2.142061	2.775725	28.559200	-18.497100	25.000000
19.589297	2.135469	2.791232	19.527673	2.156831	2.743965	28.559200	-17.874900	25.000000
19.589297	2.135469	2.791232	19.653498	2.152587	2.707909	28.559200	-16.777200	25.000000
19.589297	2.135469	2.791232	19.948586	1.934689	2.745646	28.559200	-16.155000	25.000000
19.589297	2.135469	2.791232	19.137670	1.939649	3.340087	28.559200	-15.057300	25.000000
19.589586	2.135459	2.791175	19.426191	1.472834	3.200075	28.559200	-14.435200	25.000000
19.589297	2.135469	2.791232	19.791263	1.220064	3.238049	28.559200	-13.337400	25.000000
19.589586	2.135459	2.791175	19.467665	1.013277	2.915701	28.559200	-12.715300	25.000000
19.589586	2.135459	2.791175	19.782315	0.987238	2.756587	28.559200	-11.617600	25.000000
19.589297	2.135469	2.791232	20.187620	1.075220	2.655279	28.559200	-10.995400	25.000000
19.589355	2.135467	2.791220	18.934888	0.950915	2.858837	28.559200	-9.897690	25.000000
19.589355	2.135467	2.791220	17.673132	1.720737	2.934096	28.559200	-9.275510	25.000000
19.589355	2.135467	2.791220	21.324296	1.554851	2.485897	28.559200	-8.177810	25.000000
19.589355	2.135467	2.791220	19.580347	2.211223	2.864168	28.559200	-7.555630	25.000000
19.589355	2.135467	2.791220	19.605611	2.172642	2.833540	28.559200	-6.457930	25.000000
19.589355	2.135467	2.791220	19.556585	2.174364	2.845377	28.559200	-5.835750	25.000000
19.589355	2.135467	2.791220	19.626513	2.165745	2.815951	28.559200	-4.738050	25.000000
19.589355	2.135467	2.791220	19.672570	2.145879	2.808348	28.559200	-4.115870	25.000000
19.589355	2.135467	2.791220	19.566809	2.143295	2.800614	28.559200	-3.018170	25.000000
19.590090	2.135443	2.791252	19.556329	2.143640	2.767866	29.419200	-19.594800	25.000000
19.590090	2.135443	2.791252	19.580858	2.136770	2.770075	29.419200	-18.497100	25.000000
19.590090	2.135443	2.791252	19.464326	2.171395	2.697441	29.419200	-17.874900	25.000000
19.590090	2.135443	2.791252	19.786359	2.142156	2.707506	29.419200	-16.777200	25.000000
19.590090	2.135443	2.791252	19.976847	1.818609	2.792733	29.419200	-16.155000	25.000000
19.590090	2.135443	2.791252	18.945089	1.865350	3.445201	29.419200	-15.057300	25.000000
19.590380	2.135434	2.791195	20.299074	1.083768	3.075766	29.419200	-14.435200	25.000000
19.590090	2.135443	2.791252	18.769393	1.239788	3.340645	29.419200	-13.337400	25.000000
19.590380	2.135434	2.791195	19.436821	0.950384	2.799845	29.419200	-12.715300	25.000000
19.590380	2.135434	2.791195	19.751709	0.967889	2.743965	29.419200	-11.617600	25.000000
19.590090	2.135443	2.791252	19.705075	0.984647	2.754299	29.419200	-10.995400	25.000000
19.590148	2.135441	2.791241	19.361043	0.972802	2.823795	29.419200	-9.897690	25.000000
19.590148	2.135441	2.791241	21.087674	1.413661	2.417343	29.419200	-9.275510	25.000000
19.590148	2.135441	2.791241	17.836199	1.344610	2.770701	29.419200	-8.177810	25.000000
19.590148	2.135441	2.791241	18.756066	1.993836	2.875341	29.419200	-7.555630	25.000000
19.590148	2.135441	2.791241	20.482676	2.155180	2.680563	29.419200	-6.457930	25.000000
19.590148	2.135441	2.791241	19.616830	2.184667	2.837592	29.419200	-5.835750	25.000000
19.590148	2.135441	2.791241	19.491793	2.158053	2.841281	29.419200	-4.738050	25.000000
19.590148	2.135441	2.791241	19.538935	2.144214	2.806355	29.419200	-4.115870	25.000000
19.590148	2.135441	2.791241	19.621162	2.147579	2.800614	29.419200	-3.018170	25.000000
19.589297	2.135469	2.791232	19.533305	2.138317	2.762214	30.279100	-19.594800	25.000000
19.589297	2.135469	2.791232	19.618614	2.141594	2.756587	30.279100	-18.497100	25.000000
19.589297	2.135469	2.791232	19.517684	2.151032	2.751985	30.279100	-17.874900	25.000000
19.589297	2.135469	2.791232	19.648410	2.146677	2.729530	30.279100	-16.777200	25.000000
19.589297	2.135469	2.791232	20.039663	1.303136	3.435032	30.279100	-16.155000	25.000000
19.589297	2.135469	2.791232	18.524848	1.925851	3.001813	30.279100	-15.057300	25.000000
19.589586	2.135459	2.791175	19.061587	0.841612	3.411485	30.279100	-14.435200	25.000000
19.589297	2.135469	2.791232	20.033375	0.858057	3.228131	30.279100	-13.337400	25.000000
19.589586	2.135459	2.791175	19.301036	0.893216	2.899840	30.279100	-12.715300	25.000000
19.589586	2.135459	2.791175	19.879889	1.037876	2.745903	30.279100	-11.617600	25.000000
19.589297	2.135469	2.791232	19.911052	1.038799	2.771908	30.279100	-10.995400	25.000000
19.589355	2.135467	2.791220	19.308288	1.020322	2.781400	30.279100	-9.897690	25.000000
19.589355	2.135467	2.791220	20.950656	1.300212	2.415773	30.279100	-9.275510	25.000000
19.589355	2.135467	2.791220	18.087841	1.325074	2.596286	30.279100	-8.177810	25.000000
19.589355	2.135467	2.791220	17.433301	1.983984	2.927000	30.279100	-7.555630	25.000000
19.589355	2.135467	2.791220	21.453671	1.957954	2.473927	30.279100	-6.457930	25.000000
19.589355	2.135467	2.791220	19.566553	2.180233	2.857300	30.279100	-5.835750	25.000000
19.589355	2.135467	2.791220	19.572174	2.161461	2.835405	30.279100	-4.738050	25.000000
19.589355	2.135467	2.791220	19.538935	2.144214	2.806355	30.279100	-4.115870	25.000000
19.589355	2.135467	2.791220	19.538935	2.144214	2.806355	30.279100	-3.018170	25.000000
19.590090	2.135443	2.791252	19.629315	2.135203	2.777882	31.139100	-21.314700	25.000000
19.590090	2.135443	2.791252	19.550448	2.137759	2.775725	31.139100	-20.217000	25.000000
19.590090	2.135443	2.791252	19.551215	2.137734	2.743070	31.139100	-19.594800	25.000000
19.590090	2.135443	2.791252	19.674857	2.133738	2.753274	31.139100	-18.497100	25.000000
19.590090	2.135443	2.791252	18.599194	2.177201	2.917246	31.139100	-17.874900	25.000000
19.590090	2.135443	2.791252	20.544099	2.018853	2.862551	31.139100	-16.777200	25.000000
19.590090	2.135443	2.791252	17.311557	1.617025	3.380961	31.139100	-16.155000	25.000000
19.590090	2.135443	2.791252	20.964017	0.883538	3.760407	31.139100	-15.057300	25.000000
19.590380	2.135434	2.791195	19.572174	0.656816	3.564065	31.139100	-14.435200	25.000000
19.590090	2.135443	2.791252	19.588262	0.858660	3.352215	31.139100	-13.337400	25.000000
19.590380	2.135434	2.791195	20.005249	0.970543	2.808348	31.139100	-12.715300	25.000000
19.590380	2.135434	2.791195	19.216920	0.980267	2.875341	31.139100	-11.617600	25.000000
19.590090	2.135443	2.791252	19.900251	1.020891	2.722770	31.139100	-10.995400	25.000000
19.590148	2.135441	2.791241	19.284450	0.976366	2.849536	31.139100	-9.897690	25.000000
19.590148	2.135441	2.791241	18.151033	1.415917	2.685426	31.139100	-9.275510	25.000000
19.590148	2.135441	2.791241	20.867918	1.373036	2.508844	31.139100	-8.177810	25.000000
19.590148	2.135441	2.791241	21.190564	1.907456	2.434051	31.139100	-7.555630	25.000000
19.590148	2.135441	2.791241	17.794943	2.030794	2.933127	31.139100	-6.457930	25.000000
19.590148	2.135441	2.791241	19.572174	2.161461	2.835405	31.139100	-5.835750	25.000000
19.590148	2.135441	2.791241	19.645356	2.177435	2.859038	31.139100	-4.738050	25.000000
19.590148	2.135441	2.791241	19.618359	2.141602	2.808348	31.139100	-4.115870	25.000000
19.590148	2.135441	2.791241	19.646119	2.140695	2.802635	31.139100	-3.018170	25.000000
19.590090	2.135443	2.791252	19.629315	2.135203	2.777882	31.999000	-21.314700	25.000000
19.590090	2.135443	2.791252	19.555306	2.131550	2.718463	31.999000	-19.594800	25.000000
19.590090	2.135443	2.791252	19.530745	2.132340	2.737495	31.999000	-18.497100	25.000000
19.590090	2.135443	2.791252	18.464030	2.079945	3.018469	31.999000	-17.874900	25.000000
19.590090	2.135443	2.791252	20.452423	1.802670	3.476371	31.999000	-16.777200	25.000000
19.590090	2.135443	2.791252	20.709901	0.835002	3.959238	31.999000	-16.155000	25.000000
19.590090	2.135443	2.791252	18.349387	1.272086	3.935055	31.999000	-15.057300	25.000000
19.590380	2.135434	2.791195	19.045997	0.974239	3.431226	31.999000	-14.435200	25.000000
19.590090	2.135443	2.791252	20.166556	0.914836	3.292339	31.999000	-13.337400	25.000000
19.590380	2.135434	2.791195	19.426013	1.047971	2.789776	31.999000	-12.715300	25.000000
19.590380	2.135434	2.791195	19.882907	0.972425	2.864129	31.999000	-11.617600	25.000000
19.590090	2.135443	2.791252	19.556585	1.051814	2.817980	31.999000	-10.995400	25.000000
19.590148	2.135441	2.791241	19.593111	1.023253	2.825513	31.999000	-9.897690	25.000000
19.590148	2.135441	2.791241	21.030692	1.330750	2.470674	31.999000	-9.275510	25.000000
19.590148	2.135441	2.791241	17.949095	1.374543	2.769525	31.999000	-8.177810	25.000000
19.590148	2.135441	2.791241	21.152068	2.151258	2.627355	31.999000	-7.555630	25.000000
19.590148	2.135441	2.791241	17.976373	1.823816	2.856190	31.999000	-6.457930	25.000000
19.590148	2.135441	2.791241	19.532793	2.162813	2.866683	31.999000	-5.835750	25.000000
19.590148	2.135441	2.791241	19.626767	2.159597	2.843094	31.999000	-4.738050	25.000000
19.590148	2.135441	2.791241	19.538935	2.144214	2.806355	31.999000	-3.018170	25.000000
19.589297	2.135469	2.791232	19.550448	2.137759	2.775725	32.858900	-21.314700	25.000000
19.589297	2.135469	2.791232	19.496923	2.133432	2.775725	32.858900	-20.217000	25.000000
19.589297	2.135469	2.791232	19.545332	2.125840	2.726425	32.858900	-19.594800	25.000000
19.589297	2.135469	2.791232	19.608927	2.123830	2.702069	32.858900	-18.497100	25.000000
19.589297	2.135469	2.791232	12.659384	1.602399	3.438348	32.858900	-17.874900	25.000000
19.589297	2.135469	2.791232	24.053898	1.931971	3.964709	32.858900	-16.777200	25.000000
19.589297	2.135469	2.791232	18.074844	1.404048	3.903186	32.858900	-16.155000	25.000000
19.589297	2.135469	2.791232	20.914588	0.977113	3.890273	32.858900	-15.057300	25.000000
19.589586	2.135459	2.791175	19.353811	0.806028	3.515450	32.858900	-14.435200	25.000000
19.589297	2.135469	2.791232	19.731700	0.929765	3.262026	32.858900	-13.337400	25.000000
19.589586	2.135459	2.791175	19.939408	0.778230	2.874087	32.858900	-12.715300	25.000000
19.589586	2.135459	2.791175	19.231745	1.048150	2.880604	32.858900	-11.617600	25.000000
19.589297	2.135469	2.791232	20.004250	1.075947	2.769525	32.858900	-10.995400	25.000000
19.589355	2.135467	2.791220	19.153590	0.984330	2.776219	32.858900	-9.897690	25.000000
19.589355	2.135467	2.791220	20.347727	1.118096	2.433559	32.858900	-9.275510	25.000000
19.589355	2.135467	2.791220	18.997105	1.347868	2.444090	32.858900	-8.177810	25.000000
19.589355	2.135467	2.791220	19.603316	2.154271	2.856576	32.858900	-7.555630	25.000000
19.589355	2.135467	2.791220	19.505897	1.714840	2.547843	32.858900	-6.457930	25.000000
19.589355	2.135467	2.791220	19.548401	2.150002	2.856576	32.858900	-5.835750	25.000000
19.589355	2.135467	2.791220	19.793686	2.166130	2.850720	32.858900	-4.738050	25.000000
19.589355	2.135467	2.791220	19.564509	2.137301	2.808348	32.858900	-4.115870	25.000000
19.590090	2.135443	2.791252	19.580858	2.136770	2.770075	33.718900	-21.314700	25.000000
19.590090	2.135443	2.791252	19.606377	2.129915	2.772259	33.718900	-20.217000	25.000000
19.590090	2.135443	2.791252	19.747658	2.113575	2.701750	33.718900	-19.594800	25.000000
19.590090	2.135443	2.791252	19.432704	2.117346	2.712971	33.718900	-18.497100	25.000000
19.590090	2.135443	2.791252	24.943336	2.036462	3.961897	33.718900	-17.874900	25.000000
19.590090	2.135443	2.791252	9.064767	1.493497	4.278436	33.718900	-16.777200	25.000000
19.590090	2.135443	2.791252	16.368567	1.619690	3.465277	33.718900	-16.155000	25.000000
19.590090	2.135443	2.791252	21.602083	0.889798	3.872193	33.718900	-15.057300	25.000000
19.590380	2.135434	2.791195	19.950188	0.605799	3.783333	33.718900	-14.435200	25.000000
19.590090	2.135443	2.791252	19.175505	0.583757	3.711225	33.718900	-13.337400	25.000000
19.590380	2.135434	2.791195	19.469884	0.715124	2.870394	33.718900	-12.715300	25.000000
19.590380	2.135434	2.791195	19.693677	0.613703	3.055962	33.718900	-11.617600	25.000000
19.590090	2.135443	2.791252	19.273557	0.794780	2.616135	33.718900	-10.995400	25.000000
19.590148	2.135441	2.791241	19.932386	0.812998	2.547843	33.718900	-9.897690	25.000000
19.590148	2.135441	2.791241	21.087674	1.145530	2.245537	33.718900	-9.275510	25.000000
19.590148	2.135441	2.791241	17.997222	1.283483	2.261825	33.718900	-8.177810	25.000000
19.590148	2.135441	2.791241	16.962606	1.564901	2.481584	33.718900	-7.555630	25.000000
19.590148	2.135441	2.791241	21.769015	2.138220	2.629203	33.718900	-6.457930	25.000000
19.590148	2.135441	2.791241	19.437335	2.147594	2.848960	33.718900	-5.835750	25.000000
19.590148	2.135441	2.791241	19.658586	2.158516	2.856576	33.718900	-4.738050	25.000000
19.590148	2.135441	2.791241	19.564509	2.137301	2.808348	33.718900	-3.018170	25.000000
19.589297	2.135469	2.791232	19.558374	2.131452	2.764449	34.578800	-21.314700	25.000000
19.589297	2.135469	2.791232	19.606377	2.129915	2.772259	34.578800	-20.217000	25.000000
19.589297	2.135469	2.791232	19.453020	2.110707	2.702069	34.578800	-19.594800	25.000000
19.589297	2.135469	2.791232	19.711418	2.114684	2.707114	34.578800	-18.497100	25.000000
19.589297	2.135469	2.791232	14.346428	1.675543	3.492160	34.578800	-17.874900	25.000000
19.589297	2.135469	2.791232	23.243494	2.093315	4.004301	34.578800	-16.777200	25.000000
19.589297	2.135469	2.791232	19.255649	1.398568	4.125848	34.578800	-16.155000	25.000000
19.589297	2.135469	2.791232	19.468436	0.632701	4.143661	34.578800	-15.057300	25.000000
19.589586	2.135459	2.791175	17.987218	0.651774	4.376147	34.578800	-14.435200	25.000000
19.589297	2.135469	2.791232	21.164121	0.477175	4.073003	34.578800	-13.337400	25.000000
19.589586	2.135459	2.791175	20.318880	0.362281	2.806229	34.578800	-12.715300	25.000000
19.589586	2.135459	2.791175	18.939443	0.348642	2.994231	34.578800	-11.617600	25.000000
19.589297	2.135469	2.791232	18.734193	0.633412	2.253988	34.578800	-10.995400	25.000000
19.589355	2.135467	2.791220	20.319449	0.523319	2.131483	34.578800	-9.897690	25.000000
19.589355	2.135467	2.791220	16.183016	1.230588	2.146072	34.578800	-9.275510	25.000000
19.589355	2.135467	2.791220	22.498000	1.273057	2.096863	34.578800	-8.177810	25.000000
19.589355	2.135467	2.791220	14.465476	1.879866	2.707158	34.578800	-7.555630	25.000000
19.589355	2.135467	2.791220	23.468703	1.941407	2.307689	34.578800	-6.457930	25.000000
19.589355	2.135467	2.791220	19.652481	2.146542	2.852460	34.578800	-5.835750	25.000000
19.589355	2.135467	2.791220	19.541238	2.150242	2.837248	34.578800	-4.738050	25.000000
19.590090	2.135443	2.791252	19.505384	2.127110	2.764449	35.438800	-21.314700	25.000000
19.590090	2.135443	2.791252	19.637210	2.128933	2.766660	35.438800	-20.217000	25.000000
19.590090	2.135443	2.791252	19.623965	2.111427	2.712506	35.438800	-19.594800	25.000000
19.590090	2.135443	2.791252	19.546099	2.113820	2.710020	35.438800	-18.497100	25.000000
19.590090	2.135443	2.791252	15.727047	1.730435	3.469453	35.438800	-17.874900	25.000000
19.590090	2.135443	2.791252	22.771473	2.059958	3.775144	35.438800	-16.777200	25.000000
19.590090	2.135443	2.791252	17.353999	0.823090	4.852575	35.438800	-16.155000	25.000000
19.590090	2.135443	2.791252	21.508370	1.288084	4.639702	35.438800	-15.057300	25.000000
19.590380	2.135434	2.791195	17.591771	0.591808	4.659377	35.438800	-14.435200	25.000000
19.590090	2.135443	2.791252	21.471211	0.701595	4.282955	35.438800	-13.337400	25.000000
19.590380	2.135434	2.791195	18.511969	0.110042	1.516662	35.438800	-12.715300	25.000000
19.590380	2.135434	2.791195	20.597575	0.220249	1.967810	35.438800	-11.617600	25.000000
19.590090	2.135443	2.791252	18.387281	0.376409	1.702859	35.438800	-10.995400	25.000000
19.590148	2.135441	2.791241	20.665007	0.578719	1.592917	35.438800	-9.897690	25.000000
19.590148	2.135441	2.791241	22.362021	1.151695	1.946757	35.438800	-9.275510	25.000000
19.590148	2.135441	2.791241	16.189503	1.601685	2.229129	35.438800	-8.177810	25.000000
19.590148	2.135441	2.791241	22.725756	2.021533	2.401147	35.438800	-7.555630	25.000000
19.590148	2.135441	2.791241	15.787653	2.030167	2.582993	35.438800	-6.457930	25.000000
19.590148	2.135441	2.791241	19.592090	2.142463	2.833277	35.438800	-5.835750	25.000000
19.590148	2.135441	2.791241	19.566809	2.143295	2.839070	35.438800	-4.738050	25.000000
19.590090	2.135443	2.791252	19.615810	2.123613	2.761086	36.298700	-21.314700	25.000000
19.590090	2.135443	2.791252	19.536888	2.126108	2.758849	36.298700	-20.217000	25.000000
19.590090	2.135443	2.791252	19.594387	2.100464	2.701750	36.298700	-19.594800	25.000000
19.590090	2.135443	2.791252	19.608672	2.105956	2.707114	36.298700	-18.497100	25.000000
19.590090	2.135443	2.791252	11.184364	2.213111	3.555282	36.298700	-17.874900	25.000000
19.590090	2.135443	2.791252	24.599797	1.923601	4.180885	36.298700	-16.777200	25.000000
19.590090	2.135443	2.791252	23.486100	1.416907	4.739537	36.298700	-16.155000	25.000000
19.590090	2.135443	2.791252	14.425727	1.268117	5.048378	36.298700	-15.057300	25.000000
19.590380	2.135434	2.791195	21.184449	0.714729	4.601970	36.298700	-14.435200	25.000000
19.590090	2.135443	2.791252	17.821641	0.676209	4.396025	36.298700	-13.337400	25.000000
19.590380	2.135434	2.791195	19.014994	0.328208	0.588003	36.298700	-12.715300	25.000000
19.590380	2.135434	2.791195	20.088305	0.460020	1.041915	36.298700	-11.617600	25.000000
19.590090	2.135443	2.791252	17.890221	0.424822	1.210438	36.298700	-10.995400	25.000000
19.590148	2.135441	2.791241	21.283562	0.621796	0.980557	36.298700	-9.897690	25.000000
19.590148	2.135441	2.791241	21.025223	1.190729	1.824470	36.298700	-9.275510	25.000000
19.590148	2.135441	2.791241	16.975397	1.856855	2.408321	36.298700	-8.177810	25.000000
19.590148	2.135441	2.791241	19.214057	2.124283	2.587533	36.298700	-7.555630	25.000000
19.590148	2.135441	2.791241	19.971229	2.130298	2.728167	36.298700	-6.457930	25.000000
19.590148	2.135441	2.791241	19.644338	2.134718	2.829366	36.298700	-5.835750	25.000000
19.590148	2.135441	2.791241	19.483839	2.139937	2.825622	36.298700	-4.738050	25.000000
19.590090	2.135443	2.791252	19.452763	2.122744	2.764449	37.158700	-21.314700	25.000000
19.590090	2.135443	2.791252	19.647646	2.122614	2.755537	37.158700	-20.217000	25.000000
19.590090	2.135443	2.791252	19.560419	2.083789	2.698939	37.158700	-19.594800	25.000000
19.590090	2.135443	2.791252	19.685020	2.086056	2.688389	37.158700	-18.497100	25.000000
19.590090	2.135443	2.791252	21.624754	2.088405	4.535867	37.158700	-17.874900	25.000000
19.590090	2.135443	2.791252	14.080483	2.391329	3.131176	37.158700	-16.777200	25.000000
19.590090	2.135443	2.791252	11.520990	1.794870	4.635754	37.158700	-16.155000	25.000000
19.590090	2.135443	2.791252	24.911339	1.575613	4.509483	37.158700	-15.057300	25.000000
19.590380	2.135434	2.791195	18.923795	0.664268	4.963605	37.158700	-14.435200	25.000000
19.590090	2.135443	2.791252	20.218061	0.799038	5.064698	37.158700	-13.337400	25.000000
19.590380	2.135434	2.791195	20.367376	0.675075	0.774288	37.158700	-12.715300	25.000000
19.590380	2.135434	2.791195	18.767525	0.783184	0.487292	37.158700	-11.617600	25.000000
19.590090	2.135443	2.791252	17.572137	0.694675	0.816834	37.158700	-10.995400	25.000000
19.590148	2.135441	2.791241	21.378026	0.793079	0.560687	37.158700	-9.897690	25.000000
19.590148	2.135441	2.791241	23.098833	1.938805	2.283952	37.158700	-9.275510	25.000000
19.590148	2.135441	2.791241	12.719654	1.178744	1.733148	37.158700	-8.177810	25.000000
19.590148	2.135441	2.791241	19.566809	2.143295	2.839070	37.158700	-7.555630	25.000000
19.590148	2.135441	2.791241	19.649427	2.134555	2.848406	37.158700	-6.457930	25.000000
19.590148	2.135441	2.791241	19.590304	2.136464	2.821754	37.158700	-5.835750	25.000000
19.590148	2.135441	2.791241	19.510254	2.139071	2.819842	37.158700	-4.738050	25.000000
19.590090	2.135443	2.791252	19.615810	2.123613	2.761086	38.018600	-21.314700	25.000000
19.590090	2.135443	2.791252	19.563486	2.119263	2.761086	38.018600	-20.217000	25.000000
19.590090	2.135443	2.791252	19.687052	2.062799	2.675368	38.018600	-19.594800	25.000000
19.590090	2.135443	2.791252	19.553516	2.078127	2.706733	38.018600	-18.497100	25.000000
19.590090	2.135443	2.791252	18.106352	2.654437	5.049064	38.018600	-17.874900	25.000000
19.590090	2.135443	2.791252	18.789891	2.183128	3.331335	38.018600	-16.777200	25.000000
19.590090	2.135443	2.791252	24.324679	1.905918	4.198102	38.018600	-16.155000	25.000000
19.590090	2.135443	2.791252	9.220087	1.668565	4.999670	38.018600	-15.057300	25.000000
19.590380	2.135434	2.791195	19.864290	1.001956	5.573911	38.018600	-14.435200	25.000000
19.590090	2.135443	2.791252	19.427043	1.024070	5.574559	38.018600	-13.337400	25.000000
19.590380	2.135434	2.791195	19.413397	1.168554	0.378427	38.018600	-12.715300	25.000000
19.590380	2.135434	2.791195	19.662401	1.013459	0.541447	38.018600	-11.617600	25.000000
19.590090	2.135443	2.791252	21.410978	1.111076	0.447332	38.018600	-10.995400	25.000000
19.590148	2.135441	2.791241	17.649929	1.125643	0.678662	38.018600	-9.897690	25.000000
19.590148	2.135441	2.791241	9.207063	2.093952	2.616226	38.018600	-9.275510	25.000000
19.590148	2.135441	2.791241	24.768528	1.815473	1.963667	38.018600	-8.177810	25.000000
19.590148	2.135441	2.791241	19.651209	2.122502	2.887919	38.018600	-7.555630	25.000000
19.590148	2.135441	2.791241	19.479733	2.133989	2.877471	38.018600	-6.457930	25.000000
19.590148	2.135441	2.791241	19.537144	2.138192	2.814084	38.018600	-5.835750	25.000000
19.590148	2.135441	2.791241	19.617084	2.135597	2.816025	38.018600	-4.738050	25.000000
19.589297	2.135469	2.791232	19.663672	2.122112	2.768847	38.878500	-21.314700	25.000000
19.589297	2.135469	2.791232	19.543541	2.113899	2.755537	38.878500	-20.217000	25.000000
19.589297	2.135469	2.791232	19.948434	2.072866	2.685618	38.878500	-19.594800	25.000000
19.589297	2.135469	2.791232	19.347868	2.042978	2.716886	38.878500	-18.497100	25.000000
19.589297	2.135469	2.791232	18.728652	2.927232	2.217309	38.878500	-17.874900	25.000000
19.589297	2.135469	2.791232	19.429678	2.217015	3.586788	38.878500	-16.777200	25.000000
19.589297	2.135469	2.791232	7.283715	2.989833	3.830517	38.878500	-16.155000	25.000000
19.589297	2.135469	2.791232	23.268434	1.926352	4.438497	38.878500	-15.057300	25.000000
19.589586	2.135459	2.791175	18.903283	1.449355	5.871995	38.878500	-14.435200	25.000000
19.589297	2.135469	2.791232	20.244873	1.443507	5.969309	38.878500	-13.337400	25.000000
19.589586	2.135459	2.791175	20.459267	1.572751	0.417728	38.878500	-12.715300	25.000000
19.589586	2.135459	2.791175	18.744290	1.452082	0.277562	38.878500	-11.617600	25.000000
19.589297	2.135469	2.791232	19.050166	1.624838	0.796550	38.878500	-10.995400	25.000000
19.589355	2.135467	2.791220	20.135494	1.539851	0.474758	38.878500	-9.897690	25.000000
19.589355	2.135467	2.791220	15.940201	2.186039	2.763939	38.878500	-9.275510	25.000000
19.589355	2.135467	2.791220	22.213960	1.963451	1.971210	38.878500	-8.177810	25.000000
19.589355	2.135467	2.791220	19.548146	2.131780	2.859974	38.878500	-7.555630	25.000000
19.589355	2.135467	2.791220	19.560419	2.119359	2.874815	38.878500	-6.457930	25.000000
19.589355	2.135467	2.791220	19.672061	2.133827	2.804634	38.878500	-4.738050	25.000000
19.590380	2.135434	2.791195	19.655279	2.128359	2.780015	39.738500	-23.034600	25.000000
19.590090	2.135443	2.791252	19.674603	2.115816	2.757775	39.738500	-21.314700	25.000000
19.590090	2.135443	2.791252	19.580603	2.118729	2.774419	39.738500	-20.217000	25.000000
19.590090	2.135443	2.791252	19.834566	2.076020	2.701137	39.738500	-19.594800	25.000000
19.590090	2.135443	2.791252	19.376274	2.030678	2.714012	39.738500	-18.497100	25.000000
19.590090	2.135443	2.791252	18.975113	2.132083	3.052454	39.738500	-17.874900	25.000000
19.590090	2.135443	2.791252	19.958597	2.770493	2.884550	39.738500	-16.777200	25.000000
19.590090	2.135443	2.791252	13.036656	2.803815	2.835946	39.738500	-16.155000	25.000000
19.590090	2.135443	2.791252	21.914974	2.144811	4.695543	39.738500	-15.057300	25.000000
19.590380	2.135434	2.791195	18.391599	1.949519	6.134585	39.738500	-14.435200	25.000000
19.590090	2.135443	2.791252	20.731302	1.930636	6.264115	39.738500	-13.337400	25.000000
19.590380	2.135434	2.791195	21.027601	1.981740	0.533302	39.738500	-12.715300	25.000000
19.590380	2.135434	2.791195	18.103591	1.997951	0.308316	39.738500	-11.617600	25.000000
19.590090	2.135443	2.791252	18.171956	2.088940	0.614359	39.738500	-10.995400	25.000000
19.590148	2.135441	2.791241	20.731860	2.046801	1.121711	39.738500	-9.897690	25.000000
19.590148	2.135441	2.791241	21.408877	2.062090	2.656621	39.738500	-9.275510	25.000000
19.590148	2.135441	2.791241	17.638027	2.266155	2.518768	39.738500	-8.177810	25.000000
19.590148	2.135441	2.791241	19.600510	2.124095	2.855880	39.738500	-7.555630	25.000000
19.590148	2.135441	2.791241	19.538168	2.126067	2.829366	39.738500	-6.457930	25.000000
19.590148	2.135441	2.791241	19.672061	2.133827	2.804634	39.738500	-5.835750	25.000000
19.590090	2.135443	2.791252	19.694923	2.121137	2.763299	40.598400	-21.314700	25.000000
19.590090	2.135443	2.791252	19.559652	2.113402	2.768847	40.598400	-20.217000	25.000000
19.590090	2.135443	2.791252	19.358202	2.036914	2.737460	40.598400	-19.594800	25.000000
19.590090	2.135443	2.791252	19.876871	2.074844	2.708784	40.598400	-18.497100	25.000000
19.590090	2.135443	2.791252	18.585478	2.126208	3.033733	40.598400	-17.874900	25.000000
19.590090	2.135443	2.791252	20.498780	2.349674	2.641152	40.598400	-16.777200	25.000000
19.590090	2.135443	2.791252	17.385411	2.725215	2.732032	40.598400	-16.155000	25.000000
19.590090	2.135443	2.791252	20.586221	2.476621	4.692706	40.598400	-15.057300	25.000000
19.590380	2.135434	2.791195	19.893969	2.424923	0.425994	40.598400	-14.435200	25.000000
19.590090	2.135443	2.791252	19.186975	2.476715	0.152649	40.598400	-13.337400	25.000000
19.590380	2.135434	2.791195	18.457248	2.510310	0.811366	40.598400	-12.715300	25.000000
19.590380	2.135434	2.791195	20.662042	2.441352	0.571337	40.598400	-11.617600	25.000000
19.590090	2.135443	2.791252	22.406345	2.274621	1.388843	40.598400	-10.995400	25.000000
19.590148	2.135441	2.791241	16.010080	2.703776	2.117027	40.598400	-9.897690	25.000000
19.590148	2.135441	2.791241	19.684766	2.109574	2.853537	40.598400	-9.275510	25.000000
19.590148	2.135441	2.791241	19.570641	2.113063	2.838708	40.598400	-8.177810	25.000000
19.590148	2.135441	2.791241	19.536888	2.132143	2.821754	40.598400	-7.555630	25.000000
19.590148	2.135441	2.791241	19.648155	2.116632	2.833024	40.598400	-6.457930	25.000000
19.590090	2.135443	2.791252	19.559652	2.113402	2.768847	41.458400	-21.314700	25.000000
19.590090	2.135443	2.791252	19.523063	2.126547	2.777882	41.458400	-20.217000	25.000000
19.590090	2.135443	2.791252	19.434248	2.075653	2.762178	41.458400	-19.594800	25.000000
19.590090	2.135443	2.791252	19.720801	2.050416	2.711181	41.458400	-18.497100	25.000000
19.590090	2.135443	2.791252	20.181179	2.123796	2.683153	41.458400	-17.874900	25.000000
19.590090	2.135443	2.791252	18.889415	2.079500	2.871619	41.458400	-16.777200	25.000000
19.590090	2.135443	2.791252	19.760991	2.497350	2.734844	41.458400	-16.155000	25.000000
19.590090	2.135443	2.791252	19.256559	2.825076	4.025683	41.458400	-15.057300	25.000000
19.590380	2.135434	2.791195	20.629581	2.794593	1.184996	41.458400	-14.435200	25.000000
19.590090	2.135443	2.791252	18.534641	2.805887	1.615030	41.458400	-13.337400	25.000000
19.590380	2.135434	2.791195	19.638198	2.814977	1.585716	41.458400	-12.715300	25.000000
19.590380	2.135434	2.791195	19.480366	2.822990	1.596528	41.458400	-11.617600	25.000000
19.590090	2.135443	2.791252	20.730171	2.113153	2.667870	41.458400	-10.995400	25.000000
19.590148	2.135441	2.791241	18.234308	2.652908	2.223643	41.458400	-9.897690	25.000000
19.590148	2.135441	2.791241	19.611476	2.099954	2.890883	41.458400	-9.275510	25.000000
19.590148	2.135441	2.791241	19.690353	2.097613	2.849573	41.458400	-8.177810	25.000000
19.590148	2.135441	2.791241	19.591325	2.124385	2.817945	41.458400	-7.555630	25.000000
19.590148	2.135441	2.791241	19.591069	2.130404	2.810319	41.458400	-6.457930	25.000000
19.590090	2.135443	2.791252	19.611476	2.117769	2.768847	42.318300	-21.314700	25.000000
19.590090	2.135443	2.791252	19.498205	2.115303	2.780015	42.318300	-20.217000	25.000000
19.590090	2.135443	2.791252	19.469977	2.062947	2.771908	42.318300	-19.594800	25.000000
19.590090	2.135443	2.791252	19.702538	2.085552	2.727513	42.318300	-18.497100	25.000000
19.590090	2.135443	2.791252	19.414943	2.023954	2.760022	42.318300	-17.874900	25.000000
19.590090	2.135443	2.791252	19.714208	2.022205	2.735961	42.318300	-16.777200	25.000000
19.590090	2.135443	2.791252	20.024485	2.456013	2.575468	42.318300	-16.155000	25.000000
19.590090	2.135443	2.791252	19.043634	2.300823	3.028601	42.318300	-15.057300	25.000000
19.590380	2.135434	2.791195	19.390977	2.578773	2.569674	42.318300	-14.435200	25.000000
19.590090	2.135443	2.791252	19.767144	2.540292	2.476628	42.318300	-13.337400	25.000000
19.590380	2.135434	2.791195	19.611476	2.561196	2.615526	42.318300	-12.715300	25.000000
19.590380	2.135434	2.791195	19.594387	2.396322	2.647651	42.318300	-11.617600	25.000000
19.590090	2.135443	2.791252	19.234084	2.160728	2.895097	42.318300	-10.995400	25.000000
19.590148	2.135441	2.791241	19.959459	2.101367	2.748142	42.318300	-9.897690	25.000000
19.590148	2.135441	2.791241	19.704314	2.108981	2.829188	42.318300	-9.275510	25.000000
19.590148	2.135441	2.791241	19.554539	2.113560	2.863293	42.318300	-8.177810	25.000000
19.590148	2.135441	2.791241	19.618868	2.129517	2.804634	42.318300	-7.555630	25.000000
19.590148	2.135441	2.791241	19.591069	2.130404	2.810319	42.318300	-6.457930	25.000000
19.589297	2.135469	2.791232	19.602551	2.124031	2.780015	43.178200	-21.314700	25.000000
19.589297	2.135469	2.791232	19.580603	2.118729	2.774419	43.178200	-20.217000	25.000000
19.589297	2.135469	2.791232	19.536632	2.096269	2.778667	43.178200	-19.594800	25.000000
19.589297	2.135469	2.791232	19.581879	2.077322	2.745903	43.178200	-18.497100	25.000000
19.589297	2.135469	2.791232	19.684766	2.034257	2.738938	43.178200	-17.874900	25.000000
19.589297	2.135469	2.791232	19.421895	1.995341	2.771579	43.178200	-16.777200	25.000000
19.589297	2.135469	2.791232	19.925361	2.079238	2.708784	43.178200	-16.155000	25.000000
19.589297	2.135469	2.791232	19.259803	2.104624	2.854180	43.178200	-15.057300	25.000000
19.589586	2.135459	2.791175	19.446594	2.172020	2.798149	43.178200	-14.435200	25.000000
19.589297	2.135469	2.791232	19.698731	2.163266	2.765632	43.178200	-13.337400	25.000000
19.589586	2.135459	2.791175	19.426528	2.129636	2.877471	43.178200	-12.715300	25.000000
19.589586	2.135459	2.791175	19.728406	2.078999	2.810668	43.178200	-11.617600	25.000000
19.589297	2.135469	2.791232	19.649936	2.081225	2.845667	43.178200	-10.995400	25.000000
19.589355	2.135467	2.791220	19.577538	2.071613	2.882491	43.178200	-9.897690	25.000000
19.589355	2.135467	2.791220	19.596428	2.112271	2.833024	43.178200	-9.275510	25.000000
19.589355	2.135467	2.791220	19.538168	2.126067	2.810319	43.178200	-8.177810	25.000000
19.590090	2.135443	2.791252	19.600255	2.118117	2.787717	44.038200	-21.314700	25.000000
19.590090	2.135443	2.791252	19.602551	2.124031	2.780015	44.038200	-20.217000	25.000000
19.590090	2.135443	2.791252	19.475883	2.104030	2.782124	44.038200	-19.594800	25.000000
19.590090	2.135443	2.791252	19.630843	2.093488	2.762178	44.038200	-18.497100	25.000000
19.590090	2.135443	2.791252	19.732461	2.033049	2.746366	44.038200	-17.874900	25.000000
19.590090	2.135443	2.791252	19.402577	2.047330	2.792326	44.038200	-16.777200	25.000000
19.590090	2.135443	2.791252	19.579070	2.002936	2.791380	44.038200	-16.155000	25.000000
19.590090	2.135443	2.791252	19.548146	2.003666	2.796673	44.038200	-15.057300	25.000000
19.590380	2.135434	2.791195	19.545076	2.003738	2.832319	44.038200	-14.435200	25.000000
19.590090	2.135443	2.791252	19.587241	2.008372	2.832319	44.038200	-13.337400	25.000000
19.590380	2.135434	2.791195	19.706344	2.028046	2.843094	44.038200	-12.715300	25.000000
19.590380	2.135434	2.791195	19.590559	2.053877	2.867252	44.038200	-11.617600	25.000000
19.590090	2.135443	2.791252	19.596428	2.112271	2.833024	44.038200	-10.995400	25.000000
19.590148	2.135441	2.791241	19.601275	2.076773	2.845667	44.038200	-9.897690	25.000000
19.590148	2.135441	2.791241	19.566298	2.119175	2.812266	44.038200	-9.275510	25.000000
19.590148	2.135441	2.791241	19.618868	2.129517	2.804634	44.038200	-8.177810	25.000000
19.590148	2.135441	2.791241	19.538935	2.132077	2.802635	44.038200	-6.457930	25.000000
19.590090	2.135443	2.791252	19.602551	2.124031	2.780015	44.898100	-21.314700	25.000000
19.590090	2.135443	2.791252	19.572685	2.124973	2.785635	44.898100	-20.217000	25.000000
19.590090	2.135443	2.791252	19.639501	2.110952	2.771009	44.898100	-19.594800	25.000000
19.590090	2.135443	2.791252	19.496923	2.109358	2.787717	44.898100	-18.497100	25.000000
19.590090	2.135443	2.791252	19.693908	2.079975	2.766486	44.898100	-17.874900	25.000000
19.590090	2.135443	2.791252	19.572430	2.060143	2.786887	44.898100	-16.777200	25.000000
19.590090	2.135443	2.791252	19.555050	2.037575	2.790865	44.898100	-16.155000	25.000000
19.590090	2.135443	2.791252	19.549425	2.037720	2.808973	44.898100	-15.057300	25.000000
19.590380	2.135434	2.791195	19.621927	2.041568	2.821650	44.898100	-14.435200	25.000000
19.590090	2.135443	2.791252	19.589283	2.030989	2.828851	44.898100	-13.337400	25.000000
19.590380	2.135434	2.791195	19.620907	2.058827	2.830791	44.898100	-12.715300	25.000000
19.590380	2.135434	2.791195	19.584943	2.088952	2.830994	44.898100	-11.617600	25.000000
19.590090	2.135443	2.791252	19.653244	2.104612	2.810497	44.898100	-10.995400	25.000000
19.590148	2.135441	2.791241	19.541238	2.113970	2.825513	44.898100	-9.897690	25.000000
19.590148	2.135441	2.791241	19.646374	2.122654	2.806610	44.898100	-8.177810	25.000000
19.589297	2.135469	2.791232	19.602551	2.124031	2.780015	45.758000	-21.314700	25.000000
19.589297	2.135469	2.791232	19.630079	2.117192	2.782124	45.758000	-19.594800	25.000000
19.589297	2.135469	2.791232	19.607397	2.105995	2.784210	45.758000	-18.497100	25.000000
19.589297	2.135469	2.791232	19.651463	2.081181	2.790330	45.758000	-17.874900	25.000000
19.589297	2.135469	2.791232	19.586985	2.100685	2.778667	45.758000	-16.777200	25.000000
19.589297	2.135469	2.791232	19.655279	2.075252	2.797787	45.758000	-16.155000	25.000000
19.589297	2.135469	2.791232	19.660621	2.069301	2.805191	45.758000	-15.057300	25.000000
19.589586	2.135459	2.791175	19.575750	2.071663	2.821684	45.758000	-14.435200	25.000000
19.589297	2.135469	2.791232	19.626003	2.076075	2.803269	45.758000	-13.337400	25.000000
19.589586	2.135459	2.791175	19.556585	2.089779	2.817980	45.758000	-12.715300	25.000000
19.589586	2.135459	2.791175	19.568086	2.113142	2.819842	45.758000	-11.617600	25.000000
19.589297	2.135469	2.791232	19.538168	2.126067	2.810319	45.758000	-10.995400	25.000000
19.589355	2.135467	2.791220	19.623201	2.111450	2.808564	45.758000	-9.897690	25.000000
19.589355	2.135467	2.791220	19.618868	2.129517	2.804634	45.758000	-8.177810	25.000000
19.590090	2.135443	2.791252	19.682225	2.121533	2.782124	46.618000	-19.594800	25.000000
19.590090	2.135443	2.791252	19.548401	2.113749	2.787717	46.618000	-18.497100	25.000000
19.590090	2.135443	2.791252	19.607652	2.100068	2.791812	46.618000	-17.874900	25.000000
19.590090	2.135443	2.791252	19.607397	2.105995	2.784210	46.618000	-16.777200	25.000000
19.590090	2.135443	2.791252	19.578304	2.100945	2.797374	46.618000	-16.155000	25.000000
19.590090	2.135443	2.791252	19.609437	2.094117	2.799361	46.618000	-15.057300	25.000000
19.590380	2.135434	2.791195	19.602551	2.100220	2.810497	46.618000	-14.435200	25.000000
19.590090	2.135443	2.791252	19.659603	2.098523	2.799361	46.618000	-13.337400	25.000000
19.590380	2.135434	2.791195	19.490767	2.109546	2.806610	46.618000	-12.715300	25.000000
19.590380	2.135434	2.791195	19.594132	2.118308	2.806610	46.618000	-11.617600	25.000000
19.590090	2.135443	2.791252	19.594387	2.124288	2.798972	46.618000	-10.995400	25.000000
19.590148	2.135441	2.791241	19.618868	2.129517	2.804634	46.618000	-9.897690	25.000000
19.589297	2.135469	2.791232	19.652481	2.122462	2.787717	47.477900	-19.594800	25.000000
19.589297	2.135469	2.791232	19.572685	2.124973	2.785635	47.477900	-18.497100	25.000000
19.589297	2.135469	2.791232	19.600255	2.118117	2.787717	47.477900	-17.874900	25.000000
19.589297	2.135469	2.791232	19.570897	2.119032	2.793333	47.477900	-16.777200	25.000000
19.589297	2.135469	2.791232	19.599490	2.112177	2.795365	47.477900	-16.155000	25.000000
19.589297	2.135469	2.791232	19.599490	2.112177	2.795365	47.477900	-15.057300	25.000000
19.589586	2.135459	2.791175	19.622436	2.117429	2.800976	47.477900	-14.435200	25.000000
19.589297	2.135469	2.791232	19.570641	2.113063	2.800976	47.477900	-13.337400	25.000000
19.589586	2.135459	2.791175	19.594387	2.124288	2.798972	47.477900	-12.715300	25.000000
19.589586	2.135459	2.791175	19.703299	2.120876	2.795365	47.477900	-11.617600	25.000000
19.590090	2.135443	2.791252	19.572685	2.124973	2.785635	48.337900	-18.497100	25.000000
19.590090	2.135443	2.791252	19.600255	2.118117	2.787717	48.337900	-17.874900	25.000000
19.590090	2.135443	2.791252	19.623201	2.123381	2.793333	48.337900	-16.777200	25.000000
19.590090	2.135443	2.791252	19.674603	2.121771	2.800976	48.337900	-16.155000	25.000000
19.590090	2.135443	2.791252	19.542006	2.119935	2.798972	48.337900	-15.057300	25.000000
19.590380	2.135434	2.791195	19.594387	2.124288	2.798972	48.337900	-14.435200	25.000000
19.590090	2.135443	2.791252	19.594387	2.124288	2.798972	48.337900	-13.337400	25.000000
19.590380	2.135434	2.791195	19.594387	2.124288	2.798972	48.337900	-11.617600	25.000000
19.590090	2.135443	2.791252	19.652481	2.122462	2.787717	49.197800	-17.874900	25.000000
19.590090	2.135443	2.791252	19.623201	2.123381	2.793333	49.197800	-16.777200	25.000000
19.590090	2.135443	2.791252	19.623201	2.123381	2.793333	49.197800	-16.155000	25.000000
19.590090	2.135443	2.791252	19.623201	2.123381	2.793333	49.197800	-13.337400	25.000000
19.589586	2.135459	2.791175	19.594387	2.124288	2.798972	50.057700	-14.435200	25.000000
