9.295020	2.487229	3.638146	9.301613	2.490729	3.621112	-2.828170	-7.231980	25.000000
9.295049	2.487225	3.638162	9.301613	2.490729	3.621112	-1.108290	2.465130	25.000000
9.295049	2.487225	3.638162	9.301613	2.490729	3.621112	-1.108290	6.527070	25.000000
9.294962	2.487238	3.638115	9.301613	2.490729	3.621112	-1.108290	19.663900	25.000000
9.294993	2.487233	3.638150	9.301613	2.490729	3.621112	-0.248354	-5.512100	25.000000
9.294993	2.487233	3.638150	9.301613	2.490729	3.621112	-0.248354	-4.414400	25.000000
9.295022	2.487229	3.638166	9.301613	2.490729	3.621112	-0.248354	-2.072330	25.000000
9.295010	2.487231	3.638160	9.248243	2.498345	3.629429	-0.248354	-0.974634	25.000000
9.295022	2.487229	3.638166	9.248243	2.498345	3.629429	-0.248354	4.185010	25.000000
9.295027	2.487228	3.638165	9.248243	2.498345	3.629429	0.611587	7.624770	25.000000
9.294998	2.487232	3.638150	9.356816	2.500687	3.645219	0.611587	8.246950	25.000000
9.295043	2.487226	3.638163	9.248243	2.498345	3.629429	1.471530	1.367430	25.000000
9.295043	2.487226	3.638163	9.328451	2.504775	3.629429	1.471530	4.185010	25.000000
9.295043	2.487226	3.638163	9.356816	2.500687	3.645219	1.471530	4.807190	25.000000
9.295043	2.487226	3.638163	9.356816	2.500687	3.645219	1.471530	6.527070	25.000000
9.295043	2.487226	3.638163	9.248243	2.498345	3.629429	1.471530	7.624770	25.000000
9.295014	2.487230	3.638147	9.356816	2.500687	3.645219	1.471530	9.344650	25.000000
9.295020	2.487229	3.638146	9.301613	2.490729	3.621112	2.331470	-5.512100	25.000000
9.295049	2.487225	3.638162	9.301613	2.490729	3.621112	2.331470	2.465130	25.000000
9.295049	2.487225	3.638162	9.248243	2.498345	3.629429	2.331470	3.087310	25.000000
9.295049	2.487225	3.638162	9.248243	2.498345	3.629429	2.331470	4.807190	25.000000
9.295049	2.487225	3.638162	9.328451	2.504775	3.629429	2.331470	6.527070	25.000000
9.295049	2.487225	3.638162	9.195651	2.506014	3.638015	2.331470	7.624770	25.000000
9.295020	2.487229	3.638146	9.356816	2.500687	3.645219	2.331470	8.246950	25.000000
9.295020	2.487229	3.638146	9.334345	2.503921	3.669667	2.331470	9.344650	25.000000
9.295020	2.487229	3.638146	9.224424	2.501798	3.653982	2.331470	9.966830	25.000000
9.294962	2.487238	3.638115	9.306449	2.490047	3.660739	2.331470	11.064500	25.000000
9.294962	2.487238	3.638115	9.356816	2.500687	3.645219	2.331470	11.686700	25.000000
9.294962	2.487238	3.638115	9.248243	2.498345	3.629429	2.331470	23.725900	25.000000
9.295049	2.487225	3.638162	9.301613	2.490729	3.621112	3.191410	-2.694510	25.000000
9.295049	2.487225	3.638162	9.301613	2.490729	3.621112	3.191410	-2.072330	25.000000
9.295031	2.487228	3.638152	9.248243	2.498345	3.629429	3.191410	-0.352454	25.000000
9.295049	2.487225	3.638162	9.356816	2.500687	3.645219	3.191410	3.087310	25.000000
9.295049	2.487225	3.638162	9.248243	2.498345	3.629429	3.191410	4.185010	25.000000
9.295049	2.487225	3.638162	9.224424	2.501798	3.653982	3.191410	5.904890	25.000000
9.295049	2.487225	3.638162	9.304837	2.508214	3.653982	3.191410	6.527070	25.000000
9.295049	2.487225	3.638162	9.276314	2.512413	3.638015	3.191410	7.624770	25.000000
9.295020	2.487229	3.638146	9.304837	2.508214	3.653982	3.191410	8.246950	25.000000
9.295020	2.487229	3.638146	9.304837	2.508214	3.653982	3.191410	9.344650	25.000000
9.295020	2.487229	3.638146	9.304837	2.508214	3.653982	3.191410	9.966830	25.000000
9.294962	2.487238	3.638115	9.224424	2.501798	3.653982	3.191410	11.064500	25.000000
9.294962	2.487238	3.638115	9.386160	2.496508	3.660739	3.191410	11.686700	25.000000
9.294962	2.487238	3.638115	9.304837	2.508214	3.653982	3.191410	12.784400	25.000000
9.295031	2.487228	3.638152	9.301613	2.490729	3.621112	4.051350	-0.352454	25.000000
9.295049	2.487225	3.638162	9.248243	2.498345	3.629429	4.051350	1.367430	25.000000
9.295049	2.487225	3.638162	9.276314	2.512413	3.638015	4.051350	3.087310	25.000000
9.295049	2.487225	3.638162	9.356816	2.500687	3.645219	4.051350	4.185010	25.000000
9.295049	2.487225	3.638162	9.357350	2.518702	3.638015	4.051350	4.807190	25.000000
9.295049	2.487225	3.638162	9.224966	2.520101	3.646883	4.051350	5.904890	25.000000
9.295049	2.487225	3.638162	9.334881	2.522061	3.663027	4.051350	6.527070	25.000000
9.295049	2.487225	3.638162	9.306449	2.526358	3.646883	4.051350	7.624770	25.000000
9.295020	2.487229	3.638146	9.284934	2.529644	3.672366	4.051350	8.246950	25.000000
9.295020	2.487229	3.638146	9.284934	2.529644	3.672366	4.051350	9.344650	25.000000
9.295020	2.487229	3.638146	9.283318	2.511378	3.678877	4.051350	9.966830	25.000000
9.294962	2.487238	3.638115	9.284934	2.529644	3.672366	4.051350	11.064500	25.000000
9.294962	2.487238	3.638115	9.283318	2.511378	3.678877	4.051350	11.686700	25.000000
9.294962	2.487238	3.638115	9.253648	2.515786	3.663027	4.051350	12.784400	25.000000
9.294962	2.487238	3.638115	9.306449	2.490047	3.660739	4.051350	13.406600	25.000000
9.295049	2.487225	3.638162	9.301613	2.490729	3.621112	4.911290	-2.694510	25.000000
9.295031	2.487228	3.638152	9.381365	2.497188	3.621112	4.911290	-0.352454	25.000000
9.295049	2.487225	3.638162	9.381365	2.497188	3.621112	4.911290	1.367430	25.000000
9.295049	2.487225	3.638162	9.248243	2.498345	3.629429	4.911290	2.465130	25.000000
9.295049	2.487225	3.638162	9.276314	2.512413	3.638015	4.911290	3.087310	25.000000
9.295049	2.487225	3.638162	9.330059	2.522786	3.621768	4.911290	4.185010	25.000000
9.295049	2.487225	3.638162	9.306449	2.526358	3.646883	4.911290	4.807190	25.000000
9.295049	2.487225	3.638162	9.284934	2.548651	3.622480	4.911290	5.904890	25.000000
9.295049	2.487225	3.638162	9.278470	2.569289	3.685425	4.911290	6.527070	25.000000
9.295049	2.487225	3.638162	9.325235	2.561551	3.675301	4.911290	7.624770	25.000000
9.295020	2.487229	3.638146	9.390953	2.570360	3.702280	4.911290	8.246950	25.000000
9.295020	2.487229	3.638146	9.306987	2.564551	3.702280	4.911290	9.344650	25.000000
9.295020	2.487229	3.638146	9.223340	2.558636	3.702280	4.911290	9.966830	25.000000
9.294962	2.487238	3.638115	9.330595	2.541427	3.724332	4.911290	11.064500	25.000000
9.294962	2.487238	3.638115	9.345052	2.520537	3.704091	4.911290	11.686700	25.000000
9.294962	2.487238	3.638115	9.283318	2.511378	3.678877	4.911290	12.784400	25.000000
9.294962	2.487238	3.638115	9.254188	2.497488	3.669667	4.911290	13.406600	25.000000
9.294962	2.487238	3.638115	9.334345	2.503921	3.669667	4.911290	14.504300	25.000000
9.295252	2.487197	3.638271	9.306449	2.490047	3.660739	4.911290	16.224200	25.000000
9.295020	2.487229	3.638146	9.248243	2.498345	3.629429	5.771230	-4.414400	25.000000
9.295049	2.487225	3.638162	9.222256	2.484159	3.621112	5.771230	-2.694510	25.000000
9.295049	2.487225	3.638162	9.301613	2.490729	3.621112	5.771230	-2.072330	25.000000
9.295037	2.487227	3.638156	9.301613	2.490729	3.621112	5.771230	-0.974634	25.000000
9.295049	2.487225	3.638162	9.328451	2.504775	3.629429	5.771230	1.367430	25.000000
9.295049	2.487225	3.638162	9.328451	2.504775	3.629429	5.771230	2.465130	25.000000
9.295049	2.487225	3.638162	9.319421	2.524391	3.615190	5.771230	3.087310	25.000000
9.295049	2.487225	3.638162	9.279009	2.530555	3.630445	5.771230	4.185010	25.000000
9.295049	2.487225	3.638162	9.277009	2.569534	3.601678	5.771230	4.807190	25.000000
9.295049	2.487225	3.638162	9.281751	2.588935	3.673213	5.771230	5.904890	25.000000
9.295049	2.487225	3.638162	9.287605	2.652793	3.654482	5.771230	6.527070	25.000000
9.295049	2.487225	3.638162	9.350128	2.618540	3.724251	5.771230	7.624770	25.000000
9.295020	2.487229	3.638146	9.278470	2.654647	3.812736	5.771230	8.246950	25.000000
9.295020	2.487229	3.638146	9.249865	2.660521	3.794439	5.771230	9.344650	25.000000
9.295020	2.487229	3.638146	9.338094	2.599645	3.868235	5.771230	9.966830	25.000000
9.294962	2.487238	3.638115	9.208692	2.623458	3.802636	5.771230	11.064500	25.000000
9.294962	2.487238	3.638115	9.207063	2.561322	3.729595	5.771230	11.686700	25.000000
9.294962	2.487238	3.638115	9.300000	2.527340	3.781362	5.771230	12.784400	25.000000
9.294962	2.487238	3.638115	9.345587	2.502300	3.709697	5.771230	13.406600	25.000000
9.294962	2.487238	3.638115	9.313968	2.506880	3.694434	5.771230	14.504300	25.000000
9.295252	2.487197	3.638271	9.224424	2.501798	3.653982	5.771230	15.126500	25.000000
9.295252	2.487197	3.638271	9.254188	2.497488	3.669667	5.771230	16.224200	25.000000
9.295020	2.487229	3.638146	9.248243	2.498345	3.629429	6.631170	-6.134280	25.000000
9.295049	2.487225	3.638162	9.248243	2.498345	3.629429	6.631170	-2.694510	25.000000
9.295037	2.487227	3.638156	9.301613	2.490729	3.621112	6.631170	-0.974634	25.000000
9.295031	2.487228	3.638152	9.248243	2.498345	3.629429	6.631170	-0.352454	25.000000
9.295031	2.487228	3.638152	9.381365	2.497188	3.621112	6.631170	0.745246	25.000000
9.295049	2.487225	3.638162	9.328451	2.504775	3.629429	6.631170	1.367430	25.000000
9.295049	2.487225	3.638162	9.248784	2.516515	3.621768	6.631170	2.465130	25.000000
9.295049	2.487225	3.638162	9.305934	2.545310	3.636052	6.631170	3.087310	25.000000
9.295049	2.487225	3.638162	9.283108	2.548943	3.577637	6.631170	4.185010	25.000000
9.295049	2.487225	3.638162	9.300344	2.697946	3.643338	6.631170	4.807190	25.000000
9.295049	2.487225	3.638162	9.302156	2.606097	3.578856	6.631170	5.904890	25.000000
9.295049	2.487225	3.638162	9.334586	2.873041	3.722876	6.631170	6.527070	25.000000
9.295049	2.487225	3.638162	9.381093	2.758190	3.811883	6.631170	7.624770	25.000000
9.295020	2.487229	3.638146	9.354400	2.828625	4.251847	6.631170	8.246950	25.000000
9.295020	2.487229	3.638146	9.250692	2.865362	4.184885	6.631170	9.344650	25.000000
9.295020	2.487229	3.638146	9.386139	2.679086	4.176064	6.631170	9.966830	25.000000
9.294962	2.487238	3.638115	9.226099	2.771070	4.256773	6.631170	11.064500	25.000000
9.294962	2.487238	3.638115	9.198913	2.562675	3.856684	6.631170	11.686700	25.000000
9.294962	2.487238	3.638115	9.326307	2.622987	4.034270	6.631170	12.784400	25.000000
9.294962	2.487238	3.638115	9.201087	2.542751	3.734943	6.631170	13.406600	25.000000
9.294962	2.487238	3.638115	9.348262	2.501915	3.774341	6.631170	14.504300	25.000000
9.295252	2.487197	3.638271	9.254188	2.497488	3.669667	6.631170	15.126500	25.000000
9.295252	2.487197	3.638271	9.284934	2.493092	3.685070	6.631170	16.224200	25.000000
9.294962	2.487238	3.638115	9.306449	2.490047	3.660739	6.631170	16.846300	25.000000
9.295252	2.487197	3.638271	9.306449	2.490047	3.660739	6.631170	17.944100	25.000000
9.295020	2.487229	3.638146	9.301613	2.490729	3.621112	7.491110	-6.134280	25.000000
9.295049	2.487225	3.638162	9.301613	2.490729	3.621112	7.491110	-3.792210	25.000000
9.295049	2.487225	3.638162	9.248243	2.498345	3.629429	7.491110	-2.072330	25.000000
9.295037	2.487227	3.638156	9.248243	2.498345	3.629429	7.491110	-0.974634	25.000000
9.295031	2.487228	3.638152	9.248243	2.498345	3.629429	7.491110	-0.352454	25.000000
9.295031	2.487228	3.638152	9.301613	2.490729	3.621112	7.491110	0.745246	25.000000
9.295049	2.487225	3.638162	9.256938	2.515295	3.626671	7.491110	1.367430	25.000000
9.295049	2.487225	3.638162	9.274697	2.512653	3.597044	7.491110	2.465130	25.000000
9.295049	2.487225	3.638162	9.335545	2.579662	3.626820	7.491110	3.087310	25.000000
9.295049	2.487225	3.638162	9.280065	2.589230	3.533540	7.491110	4.185010	25.000000
9.295049	2.487225	3.638162	9.420170	2.776710	3.333154	7.491110	4.807190	25.000000
9.295049	2.487225	3.638162	9.224966	2.742497	3.667659	7.491110	5.904890	25.000000
9.295049	2.487225	3.638162	9.375052	2.732113	3.566890	7.491110	6.527070	25.000000
9.295049	2.487225	3.638162	9.243138	2.366053	3.481914	7.491110	7.624770	25.000000
9.295020	2.487229	3.638146	9.266067	2.379030	3.647174	7.491110	8.246950	25.000000
9.295020	2.487229	3.638146	9.373367	2.367122	3.516433	7.491110	9.344650	25.000000
9.295020	2.487229	3.638146	9.207063	2.294994	3.657142	7.491110	9.966830	25.000000
9.294962	2.487238	3.638115	9.553010	2.348085	3.664382	7.491110	11.064500	25.000000
9.294962	2.487238	3.638115	9.496315	2.553322	4.129649	7.491110	11.686700	25.000000
9.294962	2.487238	3.638115	9.093954	2.601600	3.866459	7.491110	12.784400	25.000000
9.294962	2.487238	3.638115	9.403723	2.494030	3.852131	7.491110	13.406600	25.000000
9.294962	2.487238	3.638115	9.153688	2.570278	3.926991	7.491110	14.504300	25.000000
9.295252	2.487197	3.638271	9.295698	2.509554	3.719495	7.491110	15.126500	25.000000
9.295252	2.487197	3.638271	9.284934	2.493092	3.685070	7.491110	16.224200	25.000000
9.294962	2.487238	3.638115	9.306449	2.490047	3.660739	7.491110	16.846300	25.000000
9.295252	2.487197	3.638271	9.254188	2.497488	3.669667	7.491110	17.944100	25.000000
9.295252	2.487197	3.638271	9.301613	2.490729	3.621112	7.491110	26.543500	25.000000
9.295031	2.487228	3.638152	9.248243	2.498345	3.629429	8.351050	-0.352454	25.000000
9.295031	2.487228	3.638152	9.328451	2.504775	3.629429	8.351050	0.745246	25.000000
9.295049	2.487225	3.638162	9.266979	2.513799	3.592094	8.351050	1.367430	25.000000
9.295049	2.487225	3.638162	9.383075	2.533303	3.603572	8.351050	2.465130	25.000000
9.295049	2.487225	3.638162	9.314338	2.647424	3.456901	8.351050	3.087310	25.000000
9.295049	2.487225	3.638162	9.254777	2.593679	3.562555	8.351050	4.185010	25.000000
9.295049	2.487225	3.638162	9.570664	2.711742	3.737940	8.351050	4.807190	25.000000
9.295049	2.487225	3.638162	9.016119	2.408508	3.565202	8.351050	5.904890	25.000000
9.295049	2.487225	3.638162	9.332824	1.893530	3.701390	8.351050	6.527070	25.000000
9.295049	2.487225	3.638162	9.288536	1.664598	3.518083	8.351050	7.624770	25.000000
9.295020	2.487229	3.638146	9.320520	1.636290	3.436139	8.351050	8.246950	25.000000
9.295020	2.487229	3.638146	9.281250	1.620379	3.494050	8.351050	9.344650	25.000000
9.295020	2.487229	3.638146	9.239183	1.531822	3.225094	8.351050	9.966830	25.000000
9.294962	2.487238	3.638115	9.248032	1.510206	3.310303	8.351050	11.064500	25.000000
9.294962	2.487238	3.638115	8.528194	2.513383	2.733295	8.351050	11.686700	25.000000
9.294962	2.487238	3.638115	9.999720	1.813169	3.497229	8.351050	12.784400	25.000000
9.294962	2.487238	3.638115	9.633795	2.479796	4.058753	8.351050	13.406600	25.000000
9.294962	2.487238	3.638115	8.962700	2.582919	4.182799	8.351050	14.504300	25.000000
9.295252	2.487197	3.638271	9.317188	2.488537	3.763896	8.351050	15.126500	25.000000
9.295252	2.487197	3.638271	9.150410	2.512747	3.755363	8.351050	16.224200	25.000000
9.294962	2.487238	3.638115	9.284934	2.493092	3.685070	8.351050	16.846300	25.000000
9.295252	2.487197	3.638271	9.337023	2.485766	3.675988	8.351050	17.944100	25.000000
9.294962	2.487238	3.638115	9.306449	2.490047	3.660739	8.351050	20.286100	25.000000
9.295049	2.487225	3.638162	9.301613	2.490729	3.621112	9.210990	-3.792210	25.000000
9.295049	2.487225	3.638162	9.248243	2.498345	3.629429	9.210990	-2.694510	25.000000
9.295031	2.487228	3.638152	9.381365	2.497188	3.621112	9.210990	-0.352454	25.000000
9.295031	2.487228	3.638152	9.248243	2.498345	3.629429	9.210990	0.745246	25.000000
9.295049	2.487225	3.638162	9.308818	2.525998	3.565295	9.210990	1.367430	25.000000
9.295049	2.487225	3.638162	9.317129	2.543542	3.601830	9.210990	2.465130	25.000000
9.295049	2.487225	3.638162	9.379067	2.705179	3.430633	9.210990	3.087310	25.000000
9.295049	2.487225	3.638162	9.265722	2.634561	3.352065	9.210990	4.185010	25.000000
9.295049	2.487225	3.638162	10.583478	2.707077	3.942862	9.210990	4.807190	25.000000
9.295049	2.487225	3.638162	7.701948	1.806685	3.737003	9.210990	5.904890	25.000000
9.295049	2.487225	3.638162	9.019557	1.193843	3.679967	9.210990	6.527070	25.000000
9.295049	2.487225	3.638162	9.635227	1.439651	3.889971	9.210990	7.624770	25.000000
9.295020	2.487229	3.638146	9.222256	0.997783	3.483749	9.210990	8.246950	25.000000
9.295020	2.487229	3.638146	9.396808	0.997103	3.531511	9.210990	9.344650	25.000000
9.295020	2.487229	3.638146	9.028045	1.010217	3.031513	9.210990	9.966830	25.000000
9.294962	2.487238	3.638115	9.707672	1.088798	3.121828	9.210990	11.064500	25.000000
9.294962	2.487238	3.638115	10.209819	1.425325	2.517891	9.210990	11.686700	25.000000
9.294962	2.487238	3.638115	8.120566	2.077374	3.155676	9.210990	12.784400	25.000000
9.294962	2.487238	3.638115	8.763453	2.597944	3.384431	9.210990	13.406600	25.000000
9.294962	2.487238	3.638115	9.880390	2.514411	3.876972	9.210990	14.504300	25.000000
9.295252	2.487197	3.638271	9.110982	2.518721	3.860423	9.210990	15.126500	25.000000
9.295252	2.487197	3.638271	9.451455	2.470187	3.866823	9.210990	16.224200	25.000000
9.294962	2.487238	3.638115	9.284934	2.493092	3.685070	9.210990	16.846300	25.000000
9.295252	2.487197	3.638271	9.316652	2.488613	3.700192	9.210990	17.944100	25.000000
9.294962	2.487238	3.638115	9.227134	2.483475	3.660739	9.210990	18.566200	25.000000
9.294962	2.487238	3.638115	9.306449	2.490047	3.660739	9.210990	19.663900	25.000000
9.294877	2.487249	3.638181	9.301613	2.490729	3.621112	10.070900	-0.974634	25.000000
9.294871	2.487250	3.638178	9.301075	2.508765	3.613370	10.070900	-0.352454	25.000000
9.294871	2.487250	3.638178	9.328451	2.504775	3.629429	10.070900	0.745246	25.000000
9.294888	2.487248	3.638187	9.336488	2.540506	3.571355	10.070900	1.367430	25.000000
9.294888	2.487248	3.638187	9.201630	2.523651	3.546484	10.070900	2.465130	25.000000
9.294888	2.487248	3.638187	9.103220	2.692359	3.305993	10.070900	3.087310	25.000000
9.294888	2.487248	3.638187	9.445021	2.715367	3.091378	10.070900	4.185010	25.000000
9.294888	2.487248	3.638187	7.414176	2.386685	2.963500	10.070900	4.807190	25.000000
9.294888	2.487248	3.638187	10.696728	1.984488	4.152707	10.070900	5.904890	25.000000
9.294888	2.487248	3.638187	10.232302	0.919869	4.066431	10.070900	6.527070	25.000000
9.294888	2.487248	3.638187	8.266801	1.106746	3.665772	10.070900	7.624770	25.000000
9.294859	2.487252	3.638171	9.330059	0.540515	3.764263	10.070900	8.246950	25.000000
9.294859	2.487252	3.638171	9.230385	0.522242	3.741643	10.070900	9.344650	25.000000
9.294859	2.487252	3.638171	9.242922	0.878474	3.076894	10.070900	9.966830	25.000000
9.294801	2.487260	3.638140	9.310401	0.615835	3.312183	10.070900	11.064500	25.000000
9.294801	2.487260	3.638140	8.548918	1.848054	2.860620	10.070900	11.686700	25.000000
9.294801	2.487260	3.638140	10.005249	1.208081	2.865496	10.070900	12.784400	25.000000
9.294801	2.487260	3.638140	10.189019	2.224963	3.838548	10.070900	13.406600	25.000000
9.294801	2.487260	3.638140	8.370335	2.459971	2.762847	10.070900	14.504300	25.000000
9.295091	2.487219	3.638296	8.869047	2.498987	3.993559	10.070900	15.126500	25.000000
9.295091	2.487219	3.638296	9.685040	2.440387	4.017651	10.070900	16.224200	25.000000
9.294801	2.487260	3.638140	9.332202	2.486437	3.739351	10.070900	16.846300	25.000000
9.295091	2.487219	3.638296	9.237424	2.482035	3.700192	10.070900	17.944100	25.000000
9.294801	2.487260	3.638140	9.306449	2.490047	3.660739	10.070900	18.566200	25.000000
9.294801	2.487260	3.638140	9.306449	2.490047	3.660739	10.070900	19.663900	25.000000
9.294801	2.487260	3.638140	9.227134	2.483475	3.660739	10.070900	23.103700	25.000000
9.294913	2.487244	3.638163	9.222256	2.484159	3.621112	10.930900	-9.574040	25.000000
9.294942	2.487240	3.638179	9.301613	2.490729	3.621112	10.930900	-3.792210	25.000000
9.294942	2.487240	3.638179	9.248243	2.498345	3.629429	10.930900	-2.072330	25.000000
9.294924	2.487243	3.638169	9.220629	2.502351	3.613370	10.930900	-0.352454	25.000000
9.294924	2.487243	3.638169	9.220629	2.502351	3.613370	10.930900	0.745246	25.000000
9.294942	2.487240	3.638179	9.278815	2.530585	3.543031	10.930900	1.367430	25.000000
9.294942	2.487240	3.638179	9.370187	2.554270	3.532828	10.930900	2.465130	25.000000
9.294942	2.487240	3.638179	9.259196	2.658594	3.129500	10.930900	3.087310	25.000000
9.294942	2.487240	3.638179	9.355816	2.710538	3.073238	10.930900	4.185010	25.000000
9.294942	2.487240	3.638179	10.188351	1.497116	4.080698	10.930900	4.807190	25.000000
9.294942	2.487240	3.638179	8.149656	2.251673	3.413385	10.930900	5.904890	25.000000
9.294942	2.487240	3.638179	8.888757	0.917876	3.796425	10.930900	6.527070	25.000000
9.294942	2.487240	3.638179	9.778037	0.612592	3.813556	10.930900	7.624770	25.000000
9.294913	2.487244	3.638163	9.249324	0.457040	3.682012	10.930900	8.246950	25.000000
9.294913	2.487244	3.638163	9.349332	0.522905	3.896697	10.930900	9.344650	25.000000
9.294913	2.487244	3.638163	10.030454	0.596192	3.429648	10.930900	9.966830	25.000000
9.294855	2.487253	3.638132	8.539813	0.522590	3.556958	10.930900	11.064500	25.000000
9.294855	2.487253	3.638132	9.554580	0.944551	3.038068	10.930900	11.686700	25.000000
9.294855	2.487253	3.638132	8.924685	1.143315	2.478390	10.930900	12.784400	25.000000
9.294855	2.487253	3.638132	9.037123	2.590668	3.663885	10.930900	13.406600	25.000000
9.294855	2.487253	3.638132	9.330107	1.517181	2.983149	10.930900	14.504300	25.000000
9.295145	2.487212	3.638287	8.826098	2.415512	4.072301	10.930900	15.126500	25.000000
9.295145	2.487212	3.638287	9.655050	2.366923	4.235497	10.930900	16.224200	25.000000
9.294855	2.487253	3.638132	9.253108	2.479853	3.739351	10.930900	16.846300	25.000000
9.295145	2.487212	3.638287	9.288165	2.475022	3.753745	10.930900	17.944100	25.000000
9.294855	2.487253	3.638132	9.337023	2.485766	3.675988	10.930900	18.566200	25.000000
9.294855	2.487253	3.638132	9.227134	2.483475	3.660739	10.930900	19.663900	25.000000
9.294855	2.487253	3.638132	9.306449	2.490047	3.660739	10.930900	20.286100	25.000000
9.294855	2.487253	3.638132	9.227134	2.483475	3.660739	10.930900	21.383800	25.000000
9.294855	2.487253	3.638132	9.306449	2.490047	3.660739	10.930900	24.823600	25.000000
9.294942	2.487240	3.638179	9.301613	2.490729	3.621112	11.790800	-2.694510	25.000000
9.294942	2.487240	3.638179	9.248243	2.498345	3.629429	11.790800	-2.072330	25.000000
9.294930	2.487242	3.638172	9.301613	2.490729	3.621112	11.790800	-0.974634	25.000000
9.294924	2.487243	3.638169	9.212540	2.503533	3.608500	11.790800	-0.352454	25.000000
9.294924	2.487243	3.638169	9.306471	2.507975	3.616603	11.790800	0.745246	25.000000
9.294942	2.487240	3.638179	9.224511	2.520170	3.515184	11.790800	1.367430	25.000000
9.294942	2.487240	3.638179	9.405318	2.548683	3.511499	11.790800	2.465130	25.000000
9.294942	2.487240	3.638179	9.188846	2.605553	3.341078	11.790800	3.087310	25.000000
9.294942	2.487240	3.638179	9.340669	2.578791	3.325215	11.790800	4.185010	25.000000
9.294942	2.487240	3.638179	10.091130	1.111895	4.303143	11.790800	4.807190	25.000000
9.294942	2.487240	3.638179	8.405361	1.871549	4.024030	11.790800	5.904890	25.000000
9.294942	2.487240	3.638179	9.803571	0.730821	4.035261	11.790800	6.527070	25.000000
9.294942	2.487240	3.638179	8.780661	0.589223	3.941483	11.790800	7.624770	25.000000
9.294913	2.487244	3.638163	9.676260	0.650531	3.582344	11.790800	8.246950	25.000000
9.294913	2.487244	3.638163	8.900562	0.718549	3.620506	11.790800	9.344650	25.000000
9.294913	2.487244	3.638163	8.645369	0.586621	3.421040	11.790800	9.966830	25.000000
9.294855	2.487253	3.638132	9.887492	0.375107	3.493901	11.790800	11.064500	25.000000
9.294855	2.487253	3.638132	7.892401	0.667186	2.312744	11.790800	11.686700	25.000000
9.294855	2.487253	3.638132	10.398558	0.630379	2.063633	11.790800	12.784400	25.000000
9.294855	2.487253	3.638132	10.654206	1.225120	2.070143	11.790800	13.406600	25.000000
9.294855	2.487253	3.638132	6.733060	2.261597	3.579384	11.790800	14.504300	25.000000
9.295145	2.487212	3.638287	8.937561	2.435394	3.951376	11.790800	15.126500	25.000000
9.295145	2.487212	3.638287	9.565563	2.391744	3.992116	11.790800	16.224200	25.000000
9.294855	2.487253	3.638132	9.159148	2.475269	3.763896	11.790800	16.846300	25.000000
9.295145	2.487212	3.638287	9.321481	2.453422	3.795229	11.790800	17.944100	25.000000
9.294855	2.487253	3.638132	9.227134	2.483475	3.660739	11.790800	18.566200	25.000000
9.294855	2.487253	3.638132	9.257970	2.479179	3.675988	11.790800	19.663900	25.000000
9.294855	2.487253	3.638132	9.306449	2.490047	3.660739	11.790800	20.286100	25.000000
9.295448	2.487169	3.638079	9.301613	2.490729	3.621112	12.650800	-9.574040	25.000000
9.295477	2.487165	3.638094	9.301613	2.490729	3.621112	12.650800	-3.792210	25.000000
9.295477	2.487165	3.638094	9.301613	2.490729	3.621112	12.650800	-2.072330	25.000000
9.295465	2.487167	3.638088	9.248243	2.498345	3.629429	12.650800	-0.974634	25.000000
9.295460	2.487168	3.638085	9.276858	2.494241	3.606839	12.650800	-0.352454	25.000000
9.295460	2.487168	3.638085	9.343533	2.502596	3.598820	12.650800	0.745246	25.000000
9.295477	2.487165	3.638094	9.287459	2.529257	3.499486	12.650800	1.367430	25.000000
9.295477	2.487165	3.638094	9.399303	2.549633	3.506166	12.650800	2.465130	25.000000
9.295477	2.487165	3.638094	9.254642	2.553526	3.601756	12.650800	3.087310	25.000000
9.295477	2.487165	3.638094	9.244761	2.535864	3.564447	12.650800	4.185010	25.000000
9.295477	2.487165	3.638094	11.647081	1.524416	4.471996	12.650800	4.807190	25.000000
9.295477	2.487165	3.638094	6.105342	1.278374	4.319177	12.650800	5.904890	25.000000
9.295477	2.487165	3.638094	9.970958	0.778357	3.937091	12.650800	6.527070	25.000000
9.295477	2.487165	3.638094	8.600581	0.846317	4.081310	12.650800	7.624770	25.000000
9.295448	2.487169	3.638079	9.303763	0.614826	3.605240	12.650800	8.246950	25.000000
9.295448	2.487169	3.638079	9.265528	0.645732	3.709697	12.650800	9.344650	25.000000
9.295448	2.487169	3.638079	9.452349	0.636749	3.480787	12.650800	9.966830	25.000000
9.295390	2.487177	3.638048	9.093866	0.657140	3.282471	12.650800	11.064500	25.000000
9.295390	2.487177	3.638048	8.396428	0.685443	2.289626	12.650800	11.686700	25.000000
9.295390	2.487177	3.638048	10.174969	0.838866	2.384225	12.650800	12.784400	25.000000
9.295390	2.487177	3.638048	12.268060	1.438359	1.733512	12.650800	13.406600	25.000000
9.295390	2.487177	3.638048	2.912216	1.732894	3.650381	12.650800	14.504300	25.000000
9.295680	2.487137	3.638203	8.351293	2.543160	3.096942	12.650800	15.126500	25.000000
9.295680	2.487137	3.638203	10.118048	2.550262	3.490818	12.650800	16.224200	25.000000
9.295390	2.487177	3.638048	9.144397	2.459780	3.816334	12.650800	16.846300	25.000000
9.295680	2.487137	3.638203	9.441398	2.438118	3.834234	12.650800	17.944100	25.000000
9.295390	2.487177	3.638048	9.289779	2.474801	3.690967	12.650800	18.566200	25.000000
9.295390	2.487177	3.638048	9.257970	2.479179	3.675988	12.650800	19.663900	25.000000
9.294942	2.487240	3.638179	9.301613	2.490729	3.621112	13.510700	-2.694510	25.000000
9.294924	2.487243	3.638169	9.351476	2.501453	3.603639	13.510700	-0.352454	25.000000
9.294924	2.487243	3.638169	9.271467	2.495011	3.603639	13.510700	0.745246	25.000000
9.294942	2.487240	3.638179	9.218183	2.521130	3.509972	13.510700	1.367430	25.000000
9.294942	2.487240	3.638179	9.277521	2.530784	3.490685	13.510700	2.465130	25.000000
9.294942	2.487240	3.638179	9.075379	2.543501	3.429301	13.510700	3.087310	25.000000
9.294942	2.487240	3.638179	9.462077	2.663240	3.485852	13.510700	4.185010	25.000000
9.294942	2.487240	3.638179	6.794586	1.730423	4.248741	13.510700	4.807190	25.000000
9.294942	2.487240	3.638179	11.301929	1.565487	4.173487	13.510700	5.904890	25.000000
9.294942	2.487240	3.638179	8.714930	1.106820	3.726037	13.510700	6.527070	25.000000
9.294942	2.487240	3.638179	9.885848	0.839788	3.782376	13.510700	7.624770	25.000000
9.294913	2.487244	3.638163	9.581446	0.654751	3.530056	13.510700	8.246950	25.000000
9.294913	2.487244	3.638163	8.975656	0.693918	3.655121	13.510700	9.344650	25.000000
9.294913	2.487244	3.638163	9.623596	0.741035	3.444845	13.510700	9.966830	25.000000
9.294855	2.487253	3.638132	8.890585	0.750848	3.649492	13.510700	11.064500	25.000000
9.294855	2.487253	3.638132	9.612705	0.883335	2.694801	13.510700	11.686700	25.000000
9.294855	2.487253	3.638132	8.967101	1.120843	2.933267	13.510700	12.784400	25.000000
9.294855	2.487253	3.638132	8.382028	1.295315	2.321121	13.510700	13.406600	25.000000
9.294855	2.487253	3.638132	10.103707	1.726817	2.228325	13.510700	14.504300	25.000000
9.295145	2.487212	3.638287	8.226324	2.501939	2.681588	13.510700	15.126500	25.000000
9.295145	2.487212	3.638287	10.220514	2.821073	3.513449	13.510700	16.224200	25.000000
9.294855	2.487253	3.638132	9.533100	2.426852	3.836331	13.510700	16.846300	25.000000
9.295145	2.487212	3.638287	9.077995	2.417445	3.891711	13.510700	17.944100	25.000000
9.294855	2.487253	3.638132	9.289779	2.474801	3.690967	13.510700	18.566200	25.000000
9.294855	2.487253	3.638132	9.289779	2.474801	3.690967	13.510700	19.663900	25.000000
9.294855	2.487253	3.638132	9.227134	2.483475	3.660739	13.510700	21.383800	25.000000
9.294913	2.487244	3.638163	9.248243	2.498345	3.629429	14.370600	-4.414400	25.000000
9.294942	2.487240	3.638179	9.301613	2.490729	3.621112	14.370600	-2.694510	25.000000
9.294942	2.487240	3.638179	9.301613	2.490729	3.621112	14.370600	-2.072330	25.000000
9.294930	2.487242	3.638172	9.222256	2.484159	3.621112	14.370600	-0.974634	25.000000
9.294924	2.487243	3.638169	9.274158	2.494626	3.605240	14.370600	-0.352454	25.000000
9.294924	2.487243	3.638169	9.274158	2.494626	3.605240	14.370600	0.745246	25.000000
9.294942	2.487240	3.638179	9.289478	2.528948	3.501240	14.370600	1.367430	25.000000
9.294942	2.487240	3.638179	9.224511	2.520170	3.515184	14.370600	2.465130	25.000000
9.294942	2.487240	3.638179	9.265455	2.571474	3.122995	14.370600	3.087310	25.000000
9.294942	2.487240	3.638179	9.357462	2.575953	3.063750	14.370600	4.185010	25.000000
9.294942	2.487240	3.638179	8.759001	1.222430	4.012985	14.370600	4.807190	25.000000
9.294942	2.487240	3.638179	9.696541	2.145389	3.883540	14.370600	5.904890	25.000000
9.294942	2.487240	3.638179	9.259590	0.792630	3.851864	14.370600	6.527070	25.000000
9.294942	2.487240	3.638179	9.381897	0.917820	4.012496	14.370600	7.624770	25.000000
9.294913	2.487244	3.638163	9.321824	0.799189	3.433049	14.370600	8.246950	25.000000
9.294913	2.487244	3.638163	9.213382	0.944554	3.566890	14.370600	9.344650	25.000000
9.294913	2.487244	3.638163	9.697938	0.764393	3.638561	14.370600	9.966830	25.000000
9.294855	2.487253	3.638132	8.789175	0.526243	3.223229	14.370600	11.064500	25.000000
9.294855	2.487253	3.638132	8.513519	0.645615	2.466852	14.370600	11.686700	25.000000
9.294855	2.487253	3.638132	9.916653	0.632209	2.210884	14.370600	12.784400	25.000000
9.294855	2.487253	3.638132	10.475328	1.728968	2.086345	14.370600	13.406600	25.000000
9.294855	2.487253	3.638132	7.281923	1.232024	3.421892	14.370600	14.504300	25.000000
9.295145	2.487212	3.638287	7.690832	2.508421	3.638659	14.370600	15.126500	25.000000
9.295145	2.487212	3.638287	10.623107	2.564031	3.145041	14.370600	16.224200	25.000000
9.294855	2.487253	3.638132	9.606768	2.387149	3.894744	14.370600	16.846300	25.000000
9.295145	2.487212	3.638287	9.029396	2.390503	3.869583	14.370600	17.944100	25.000000
9.294855	2.487253	3.638132	9.322553	2.470347	3.705676	14.370600	18.566200	25.000000
9.294855	2.487253	3.638132	9.289779	2.474801	3.690967	14.370600	19.663900	25.000000
9.294855	2.487253	3.638132	9.280625	2.476055	3.652081	14.370600	20.286100	25.000000
9.294855	2.487253	3.638132	9.227134	2.483475	3.660739	14.370600	21.383800	25.000000
9.295145	2.487212	3.638287	9.301613	2.490729	3.621112	15.230600	-10.671700	25.000000
9.294942	2.487240	3.638179	9.222256	2.484159	3.621112	15.230600	-3.792210	25.000000
9.294942	2.487240	3.638179	9.301613	2.490729	3.621112	15.230600	-2.072330	25.000000
9.294924	2.487243	3.638169	9.301613	2.490729	3.621112	15.230600	-0.352454	25.000000
9.294924	2.487243	3.638169	9.274158	2.494626	3.605240	15.230600	0.745246	25.000000
9.294942	2.487240	3.638179	9.300731	2.508815	3.525475	15.230600	1.367430	25.000000
9.294942	2.487240	3.638179	9.279095	2.512002	3.508504	15.230600	2.465130	25.000000
9.294942	2.487240	3.638179	9.149213	2.494571	3.067185	15.230600	3.087310	25.000000
9.294942	2.487240	3.638179	9.412911	2.510531	3.002497	15.230600	4.185010	25.000000
9.294942	2.487240	3.638179	8.128155	2.103786	3.937091	15.230600	4.807190	25.000000
9.294942	2.487240	3.638179	10.263572	1.271112	4.506994	15.230600	5.904890	25.000000
9.294942	2.487240	3.638179	8.185964	0.898202	4.459835	15.230600	6.527070	25.000000
9.294942	2.487240	3.638179	10.244023	0.883414	4.226146	15.230600	7.624770	25.000000
9.294913	2.487244	3.638163	9.332202	0.655155	3.739351	15.230600	8.246950	25.000000
9.294913	2.487244	3.638163	9.386160	0.645085	3.660739	15.230600	9.344650	25.000000
9.294913	2.487244	3.638163	9.699453	0.408853	3.427088	15.230600	9.966830	25.000000
9.294855	2.487253	3.638132	8.798779	0.455930	2.945716	15.230600	11.064500	25.000000
9.294855	2.487253	3.638132	9.757874	0.492106	1.638086	15.230600	11.686700	25.000000
9.294855	2.487253	3.638132	8.924511	0.848512	1.740364	15.230600	12.784400	25.000000
9.294855	2.487253	3.638132	11.612222	1.041831	1.499915	15.230600	13.406600	25.000000
9.294855	2.487253	3.638132	5.477819	2.079929	2.320706	15.230600	14.504300	25.000000
9.295145	2.487212	3.638287	9.276212	2.442457	3.294624	15.230600	15.126500	25.000000
9.295145	2.487212	3.638287	9.304214	2.406248	2.862413	15.230600	16.224200	25.000000
9.294855	2.487253	3.638132	8.959353	2.350651	3.882576	15.230600	16.846300	25.000000
9.295145	2.487212	3.638287	9.632238	2.369345	3.895422	15.230600	17.944100	25.000000
9.294855	2.487253	3.638132	9.375500	2.463268	3.696588	15.230600	18.566200	25.000000
9.294855	2.487253	3.638132	9.211406	2.468087	3.690967	15.230600	19.663900	25.000000
9.294855	2.487253	3.638132	9.280625	2.476055	3.652081	15.230600	21.383800	25.000000
9.294855	2.487253	3.638132	9.280625	2.476055	3.652081	15.230600	23.103700	25.000000
9.295145	2.487212	3.638287	9.280625	2.476055	3.652081	15.230600	25.445800	25.000000
9.294913	2.487244	3.638163	9.248243	2.498345	3.629429	16.090500	-7.854160	25.000000
9.294942	2.487240	3.638179	9.301613	2.490729	3.621112	16.090500	-2.072330	25.000000
9.294924	2.487243	3.638169	9.274158	2.494626	3.605240	16.090500	-0.352454	25.000000
9.294924	2.487243	3.638169	9.301613	2.490729	3.621112	16.090500	0.745246	25.000000
9.294942	2.487240	3.638179	9.247832	2.498404	3.545537	16.090500	1.367430	25.000000
9.294942	2.487240	3.638179	9.278195	2.494051	3.520440	16.090500	2.465130	25.000000
9.294942	2.487240	3.638179	9.200630	2.487210	3.134450	16.090500	3.087310	25.000000
9.294942	2.487240	3.638179	9.433986	2.489801	3.052357	16.090500	4.185010	25.000000
9.294942	2.487240	3.638179	12.485023	1.985461	4.407520	16.090500	4.807190	25.000000
9.294942	2.487240	3.638179	3.695457	1.407713	4.872127	16.090500	5.904890	25.000000
9.294942	2.487240	3.638179	8.535110	0.870562	4.621868	16.090500	6.527070	25.000000
9.294942	2.487240	3.638179	9.958419	1.211665	4.549709	16.090500	7.624770	25.000000
9.294913	2.487244	3.638163	9.589729	0.352524	4.630753	16.090500	8.246950	25.000000
9.294913	2.487244	3.638163	8.948234	0.382974	4.418068	16.090500	9.344650	25.000000
9.294913	2.487244	3.638163	9.719059	0.062635	2.700000	16.090500	9.966830	25.000000
9.294855	2.487253	3.638132	8.817466	0.062952	2.058633	16.090500	11.064500	25.000000
9.294855	2.487253	3.638132	7.277252	1.021397	1.615927	16.090500	11.686700	25.000000
9.294855	2.487253	3.638132	10.869057	0.743603	1.696163	16.090500	12.784400	25.000000
9.294855	2.487253	3.638132	11.341781	1.297612	1.113701	16.090500	13.406600	25.000000
9.294855	2.487253	3.638132	6.097754	2.403297	1.958090	16.090500	14.504300	25.000000
9.295145	2.487212	3.638287	9.882894	2.740879	2.422275	16.090500	15.126500	25.000000
9.295145	2.487212	3.638287	8.730229	2.427968	2.808221	16.090500	16.224200	25.000000
9.294855	2.487253	3.638132	9.313431	2.313718	3.916682	16.090500	16.846300	25.000000
9.295145	2.487212	3.638287	9.302688	2.374919	3.850219	16.090500	17.944100	25.000000
9.294855	2.487253	3.638132	9.264988	2.460872	3.682012	16.090500	18.566200	25.000000
9.294855	2.487253	3.638132	9.322553	2.470347	3.705676	16.090500	19.663900	25.000000
9.294855	2.487253	3.638132	9.280625	2.476055	3.652081	16.090500	20.286100	25.000000
9.294855	2.487253	3.638132	9.227134	2.483475	3.660739	16.090500	21.383800	25.000000
9.295477	2.487165	3.638094	9.301613	2.490729	3.621112	16.950500	-2.072330	25.000000
9.295465	2.487167	3.638088	9.248243	2.498345	3.629429	16.950500	-0.974634	25.000000
9.295460	2.487168	3.638085	9.301613	2.490729	3.621112	16.950500	-0.352454	25.000000
9.295460	2.487168	3.638085	9.301613	2.490729	3.621112	16.950500	0.745246	25.000000
9.295477	2.487165	3.638094	9.322425	2.487803	3.551579	16.950500	1.367430	25.000000
9.295477	2.487165	3.638094	9.285629	2.511037	3.561115	16.950500	2.465130	25.000000
9.295477	2.487165	3.638094	9.259050	2.461664	3.227587	16.950500	3.087310	25.000000
9.295477	2.487165	3.638094	9.280625	2.493705	3.159448	16.950500	4.185010	25.000000
9.295477	2.487165	3.638094	10.661937	2.405285	3.751289	16.950500	4.807190	25.000000
9.295477	2.487165	3.638094	7.198090	1.780723	5.067835	16.950500	5.904890	25.000000
9.295477	2.487165	3.638094	10.988453	1.369224	4.601629	16.950500	6.527070	25.000000
9.295477	2.487165	3.638094	7.357642	1.028073	4.701278	16.950500	7.624770	25.000000
9.295448	2.487169	3.638079	8.718371	0.408790	5.518192	16.950500	8.246950	25.000000
9.295448	2.487169	3.638079	9.849873	0.568610	5.511120	16.950500	9.344650	25.000000
9.295448	2.487169	3.638079	9.177282	0.323926	0.120109	16.950500	9.966830	25.000000
9.295390	2.487177	3.638048	9.351626	0.430079	5.962246	16.950500	11.064500	25.000000
9.295390	2.487177	3.638048	8.239636	0.719007	1.670465	16.950500	11.686700	25.000000
9.295390	2.487177	3.638048	10.225659	1.037326	1.603739	16.950500	12.784400	25.000000
9.295390	2.487177	3.638048	3.014963	2.610720	3.693248	16.950500	13.406600	25.000000
9.295390	2.487177	3.638048	12.388660	1.840424	1.724655	16.950500	14.504300	25.000000
9.295680	2.487137	3.638203	8.328721	2.428617	2.908190	16.950500	15.126500	25.000000
9.295680	2.487137	3.638203	10.080655	2.865908	4.176969	16.950500	16.224200	25.000000
9.295390	2.487177	3.638048	8.924685	2.308098	3.830517	16.950500	16.846300	25.000000
9.295680	2.487137	3.638203	9.642614	2.368241	3.853440	16.950500	17.944100	25.000000
9.295390	2.487177	3.638048	9.331667	2.452096	3.710906	16.950500	18.566200	25.000000
9.295390	2.487177	3.638048	9.211406	2.468087	3.690967	16.950500	19.663900	25.000000
9.295390	2.487177	3.638048	9.280625	2.476055	3.652081	16.950500	20.286100	25.000000
9.295390	2.487177	3.638048	9.280625	2.476055	3.652081	16.950500	21.383800	25.000000
9.294942	2.487240	3.638179	9.301613	2.490729	3.621112	17.810400	-3.792210	25.000000
9.294924	2.487243	3.638169	9.355747	2.483169	3.613053	17.810400	-0.352454	25.000000
9.294924	2.487243	3.638169	9.274158	2.494626	3.605240	17.810400	0.745246	25.000000
9.294942	2.487240	3.638179	9.294455	2.491741	3.576608	17.810400	1.367430	25.000000
9.294942	2.487240	3.638179	9.364235	2.499626	3.570139	17.810400	2.465130	25.000000
9.294942	2.487240	3.638179	9.289074	2.492504	3.344227	17.810400	3.087310	25.000000
9.294942	2.487240	3.638179	9.297333	2.456587	3.308977	17.810400	4.185010	25.000000
9.294942	2.487240	3.638179	8.289753	2.576270	3.277120	17.810400	4.807190	25.000000
9.294942	2.487240	3.638179	10.052860	2.273892	4.502206	17.810400	5.904890	25.000000
9.294942	2.487240	3.638179	6.730308	1.672005	4.542968	17.810400	6.527070	25.000000
9.294942	2.487240	3.638179	11.245760	1.282258	4.834949	17.810400	7.624770	25.000000
9.294913	2.487244	3.638163	8.649855	0.720528	6.089226	17.810400	8.246950	25.000000
9.294913	2.487244	3.638163	9.859356	0.823637	5.798514	17.810400	9.344650	25.000000
9.294913	2.487244	3.638163	9.081459	0.773107	6.167827	17.810400	9.966830	25.000000
9.294855	2.487253	3.638132	9.420324	0.880299	5.924415	17.810400	11.064500	25.000000
9.294855	2.487253	3.638132	8.351048	1.029899	1.138389	17.810400	11.686700	25.000000
9.294855	2.487253	3.638132	10.126204	0.960913	1.026245	17.810400	12.784400	25.000000
9.294855	2.487253	3.638132	8.536978	2.454522	3.067654	17.810400	13.406600	25.000000
9.294855	2.487253	3.638132	9.627565	1.695763	1.675673	17.810400	14.504300	25.000000
9.295145	2.487212	3.638287	9.141116	2.202769	3.850219	17.810400	15.126500	25.000000
9.295145	2.487212	3.638287	9.550916	2.716274	3.764792	17.810400	16.224200	25.000000
9.294855	2.487253	3.638132	9.402659	2.319457	3.834472	17.810400	16.846300	25.000000
9.295145	2.487212	3.638287	9.197282	2.386891	3.769222	17.810400	17.944100	25.000000
9.294855	2.487253	3.638132	9.319335	2.453703	3.673317	17.810400	18.566200	25.000000
9.294855	2.487253	3.638132	9.342912	2.467608	3.682012	17.810400	19.663900	25.000000
9.294855	2.487253	3.638132	9.257970	2.479179	3.675988	17.810400	20.286100	25.000000
9.294855	2.487253	3.638132	9.227134	2.483475	3.660739	17.810400	21.383800	25.000000
9.294942	2.487240	3.638179	9.301613	2.490729	3.621112	18.670300	-2.694510	25.000000
9.294924	2.487243	3.638169	9.222256	2.484159	3.621112	18.670300	-0.352454	25.000000
9.294924	2.487243	3.638169	9.222256	2.484159	3.621112	18.670300	0.745246	25.000000
9.294942	2.487240	3.638179	9.258164	2.496917	3.595594	18.670300	1.367430	25.000000
9.294942	2.487240	3.638179	9.309936	2.489556	3.586240	18.670300	2.465130	25.000000
9.294942	2.487240	3.638179	9.268743	2.477690	3.473310	18.670300	3.087310	25.000000
9.294942	2.487240	3.638179	9.318820	2.470851	3.399971	18.670300	4.185010	25.000000
9.294942	2.487240	3.638179	9.297790	2.391105	3.352906	18.670300	4.807190	25.000000
9.294942	2.487240	3.638179	9.367630	2.554680	3.325756	18.670300	5.904890	25.000000
9.294942	2.487240	3.638179	5.271129	1.757803	5.189853	18.670300	6.527070	25.000000
9.294942	2.487240	3.638179	11.989512	1.849636	4.644667	18.670300	7.624770	25.000000
9.294913	2.487244	3.638163	10.062510	1.226124	6.093037	18.670300	8.246950	25.000000
9.294913	2.487244	3.638163	8.535315	1.135392	6.093392	18.670300	9.344650	25.000000
9.294913	2.487244	3.638163	9.242467	1.357109	6.111848	18.670300	9.966830	25.000000
9.294855	2.487253	3.638132	9.277036	1.301297	6.005654	18.670300	11.064500	25.000000
9.294855	2.487253	3.638132	9.681679	1.370106	0.567538	18.670300	11.686700	25.000000
9.294855	2.487253	3.638132	8.975015	1.518405	0.618952	18.670300	12.784400	25.000000
9.294855	2.487253	3.638132	11.505929	2.280802	2.517346	18.670300	13.406600	25.000000
9.294855	2.487253	3.638132	5.617152	2.266459	0.482318	18.670300	14.504300	25.000000
9.295145	2.487212	3.638287	8.745856	2.151762	3.839834	18.670300	15.126500	25.000000
9.295145	2.487212	3.638287	9.825477	2.140537	3.935538	18.670300	16.224200	25.000000
9.294855	2.487253	3.638132	9.237424	2.336208	3.767078	18.670300	16.846300	25.000000
9.295145	2.487212	3.638287	9.304837	2.406174	3.756256	18.670300	17.944100	25.000000
9.294855	2.487253	3.638132	9.319335	2.453703	3.673317	18.670300	18.566200	25.000000
9.294855	2.487253	3.638132	9.342912	2.467608	3.682012	18.670300	19.663900	25.000000
9.294855	2.487253	3.638132	9.227134	2.483475	3.660739	18.670300	21.383800	25.000000
9.294855	2.487253	3.638132	9.280625	2.476055	3.652081	18.670300	23.103700	25.000000
9.294913	2.487244	3.638163	9.301613	2.490729	3.621112	19.530300	-9.574040	25.000000
9.294942	2.487240	3.638179	9.301613	2.490729	3.621112	19.530300	-2.694510	25.000000
9.294942	2.487240	3.638179	9.222256	2.484159	3.621112	19.530300	-2.072330	25.000000
9.294924	2.487243	3.638169	9.301613	2.490729	3.621112	19.530300	-0.352454	25.000000
9.294942	2.487240	3.638179	9.274158	2.494626	3.605240	19.530300	1.367430	25.000000
9.294942	2.487240	3.638179	9.249324	2.480378	3.597366	19.530300	2.465130	25.000000
9.294942	2.487240	3.638179	9.280970	2.476008	3.483208	19.530300	3.087310	25.000000
9.294942	2.487240	3.638179	9.290231	2.474739	3.538258	19.530300	4.185010	25.000000
9.294942	2.487240	3.638179	9.160907	2.270565	3.189413	19.530300	4.807190	25.000000
9.294942	2.487240	3.638179	9.415739	2.377767	3.078967	19.530300	5.904890	25.000000
9.294942	2.487240	3.638179	5.208992	3.082826	4.909785	19.530300	6.527070	25.000000
9.294942	2.487240	3.638179	11.960974	2.115720	4.421869	19.530300	7.624770	25.000000
9.294913	2.487244	3.638163	8.513196	1.818833	6.090543	19.530300	8.246950	25.000000
9.294913	2.487244	3.638163	9.980165	1.758262	5.994659	19.530300	9.344650	25.000000
9.294913	2.487244	3.638163	8.761940	1.944661	6.165217	19.530300	9.966830	25.000000
9.294855	2.487253	3.638132	9.769468	1.904507	6.059229	19.530300	11.064500	25.000000
9.294855	2.487253	3.638132	8.764753	1.994058	0.314232	19.530300	11.686700	25.000000
9.294855	2.487253	3.638132	9.764753	2.156768	0.182932	19.530300	12.784400	25.000000
9.294855	2.487253	3.638132	8.898005	2.494652	4.047258	19.530300	13.406600	25.000000
9.294855	2.487253	3.638132	9.507602	2.497026	1.677781	19.530300	14.504300	25.000000
9.295145	2.487212	3.638287	8.596511	2.121713	3.820598	19.530300	15.126500	25.000000
9.295145	2.487212	3.638287	9.881295	1.943704	3.880870	19.530300	16.224200	25.000000
9.294855	2.487253	3.638132	9.421783	2.377097	3.763625	19.530300	16.846300	25.000000
9.295145	2.487212	3.638287	9.231468	2.398842	3.698494	19.530300	17.944100	25.000000
9.294855	2.487253	3.638132	9.311283	2.471872	3.667176	19.530300	18.566200	25.000000
9.294855	2.487253	3.638132	9.287626	2.457868	3.658625	19.530300	19.663900	25.000000
9.294855	2.487253	3.638132	9.280625	2.476055	3.652081	19.530300	20.286100	25.000000
9.294855	2.487253	3.638132	9.306449	2.490047	3.660739	19.530300	21.383800	25.000000
9.294913	2.487244	3.638163	9.301613	2.490729	3.621112	20.390200	-6.134280	25.000000
9.294913	2.487244	3.638163	9.301613	2.490729	3.621112	20.390200	-4.414400	25.000000
9.294924	2.487243	3.638169	9.301613	2.490729	3.621112	20.390200	0.745246	25.000000
9.294942	2.487240	3.638179	9.222256	2.484159	3.621112	20.390200	1.367430	25.000000
9.294942	2.487240	3.638179	9.194564	2.488071	3.605240	20.390200	2.465130	25.000000
9.294942	2.487240	3.638179	9.334881	2.468686	3.566798	20.390200	3.087310	25.000000
9.294942	2.487240	3.638179	9.233548	2.482577	3.545091	20.390200	4.185010	25.000000
9.294942	2.487240	3.638179	9.317639	2.420770	3.268771	20.390200	4.807190	25.000000
9.294942	2.487240	3.638179	9.356073	2.384449	3.407708	20.390200	5.904890	25.000000
9.294942	2.487240	3.638179	10.499314	2.287875	3.851864	20.390200	6.527070	25.000000
9.294942	2.487240	3.638179	7.833109	2.648507	3.076819	20.390200	7.624770	25.000000
9.294913	2.487244	3.638163	9.873702	2.418051	5.771629	20.390200	8.246950	25.000000
9.294913	2.487244	3.638163	8.569714	2.661266	5.497787	20.390200	9.344650	25.000000
9.294913	2.487244	3.638163	9.395749	2.569566	5.649908	20.390200	9.966830	25.000000
9.294855	2.487253	3.638132	9.144403	2.635927	6.167791	20.390200	11.064500	25.000000
9.294855	2.487253	3.638132	9.926248	2.814512	5.613341	20.390200	11.686700	25.000000
9.294855	2.487253	3.638132	8.688751	2.740745	5.946510	20.390200	12.784400	25.000000
9.294855	2.487253	3.638132	8.569107	2.743795	3.032931	20.390200	13.406600	25.000000
9.294855	2.487253	3.638132	9.879656	2.262271	3.904690	20.390200	14.504300	25.000000
9.295145	2.487212	3.638287	8.901124	2.074971	3.726037	20.390200	15.126500	25.000000
9.295145	2.487212	3.638287	9.727281	2.222500	3.844609	20.390200	16.224200	25.000000
9.294855	2.487253	3.638132	9.398936	2.427068	3.707077	20.390200	16.846300	25.000000
9.295145	2.487212	3.638287	9.196195	2.403029	3.684782	20.390200	17.944100	25.000000
9.294855	2.487253	3.638132	9.311283	2.471872	3.667176	20.390200	18.566200	25.000000
9.294855	2.487253	3.638132	9.233093	2.465149	3.667176	20.390200	19.663900	25.000000
9.294855	2.487253	3.638132	9.280625	2.476055	3.652081	20.390200	20.286100	25.000000
9.294855	2.487253	3.638132	9.280625	2.476055	3.652081	20.390200	23.103700	25.000000
9.295448	2.487169	3.638079	9.301613	2.490729	3.621112	21.250200	-8.951860	25.000000
9.295477	2.487165	3.638094	9.222256	2.484159	3.621112	21.250200	-3.792210	25.000000
9.295477	2.487165	3.638094	9.301613	2.490729	3.621112	21.250200	1.367430	25.000000
9.295477	2.487165	3.638094	9.304837	2.472747	3.589738	21.250200	3.087310	25.000000
9.295477	2.487165	3.638094	9.362500	2.482237	3.577167	21.250200	4.185010	25.000000
9.295477	2.487165	3.638094	9.241342	2.464037	3.461160	21.250200	4.807190	25.000000
9.295477	2.487165	3.638094	9.416608	2.424907	3.496579	21.250200	5.904890	25.000000
9.295477	2.487165	3.638094	9.356500	2.186017	3.245168	21.250200	6.527070	25.000000
9.295477	2.487165	3.638094	9.244506	2.335472	3.287518	21.250200	7.624770	25.000000
9.295448	2.487169	3.638079	9.201087	2.402445	3.320003	21.250200	8.246950	25.000000
9.295448	2.487169	3.638079	9.376039	2.681251	3.942270	21.250200	9.344650	25.000000
9.295448	2.487169	3.638079	9.433499	2.669116	3.905577	21.250200	9.966830	25.000000
9.295390	2.487177	3.638048	9.123727	2.713396	3.458335	21.250200	11.064500	25.000000
9.295390	2.487177	3.638048	9.457801	2.373135	3.721157	21.250200	11.686700	25.000000
9.295390	2.487177	3.638048	9.153142	2.494003	3.759737	21.250200	12.784400	25.000000
9.295390	2.487177	3.638048	9.080749	2.101994	3.633804	21.250200	13.406600	25.000000
9.295390	2.487177	3.638048	9.508417	2.075767	3.712930	21.250200	14.504300	25.000000
9.295680	2.487137	3.638203	9.281164	2.232101	3.703086	21.250200	15.126500	25.000000
9.295680	2.487137	3.638203	9.283857	2.346390	3.733779	21.250200	16.224200	25.000000
9.295390	2.487177	3.638048	9.266067	2.443760	3.650322	21.250200	16.846300	25.000000
9.295680	2.487137	3.638203	9.398936	2.427068	3.707077	21.250200	17.944100	25.000000
9.295390	2.487177	3.638048	9.365362	2.464612	3.658625	21.250200	18.566200	25.000000
9.295390	2.487177	3.638048	9.280625	2.476055	3.652081	21.250200	19.663900	25.000000
9.295390	2.487177	3.638048	9.280625	2.476055	3.652081	21.250200	21.383800	25.000000
9.294924	2.487243	3.638169	9.301613	2.490729	3.621112	22.110100	0.745246	25.000000
9.294942	2.487240	3.638179	9.355747	2.483169	3.613053	22.110100	2.465130	25.000000
9.294942	2.487240	3.638179	9.355747	2.483169	3.613053	22.110100	3.087310	25.000000
9.294942	2.487240	3.638179	9.249324	2.480378	3.597366	22.110100	4.185010	25.000000
9.294942	2.487240	3.638179	9.253108	2.479853	3.558031	22.110100	4.807190	25.000000
9.294942	2.487240	3.638179	9.360155	2.448413	3.545387	22.110100	5.904890	25.000000
9.294942	2.487240	3.638179	9.310215	2.421679	3.475192	22.110100	6.527070	25.000000
9.294942	2.487240	3.638179	9.332315	2.341311	3.384398	22.110100	7.624770	25.000000
9.294913	2.487244	3.638163	9.256111	2.234209	3.301331	22.110100	8.246950	25.000000
9.294913	2.487244	3.638163	9.337537	2.098262	3.346280	22.110100	9.344650	25.000000
9.294913	2.487244	3.638163	9.200739	1.984651	3.313377	22.110100	9.966830	25.000000
9.294855	2.487253	3.638132	9.398745	1.987020	3.446421	22.110100	11.064500	25.000000
9.294855	2.487253	3.638132	9.542536	1.901661	3.515926	22.110100	11.686700	25.000000
9.294855	2.487253	3.638132	9.054281	1.991767	3.513111	22.110100	12.784400	25.000000
9.294855	2.487253	3.638132	9.642095	2.190491	3.736662	22.110100	13.406600	25.000000
9.294855	2.487253	3.638132	8.924685	2.138662	3.551720	22.110100	14.504300	25.000000
9.295145	2.487212	3.638287	9.325235	2.387955	3.703514	22.110100	15.126500	25.000000
9.295145	2.487212	3.638287	9.210863	2.338982	3.645759	22.110100	16.224200	25.000000
9.294855	2.487253	3.638132	9.235259	2.447748	3.635534	22.110100	16.846300	25.000000
9.295145	2.487212	3.638287	9.374433	2.446581	3.664871	22.110100	17.944100	25.000000
9.294855	2.487253	3.638132	9.334881	2.468686	3.643683	22.110100	18.566200	25.000000
9.294855	2.487253	3.638132	9.280625	2.476055	3.652081	22.110100	21.383800	25.000000
9.294855	2.487253	3.638132	9.280625	2.476055	3.652081	22.110100	22.006000	25.000000
9.294942	2.487240	3.638179	9.301613	2.490729	3.621112	22.970000	1.367430	25.000000
9.294942	2.487240	3.638179	9.222256	2.484159	3.621112	22.970000	3.087310	25.000000
9.294942	2.487240	3.638179	9.276853	2.476573	3.613053	22.970000	4.185010	25.000000
9.294942	2.487240	3.638179	9.371851	2.463751	3.588499	22.970000	4.807190	25.000000
9.294942	2.487240	3.638179	9.233288	2.482613	3.587837	22.970000	5.904890	25.000000
9.294942	2.487240	3.638179	9.323031	2.420112	3.529638	22.970000	6.527070	25.000000
9.294942	2.487240	3.638179	9.204504	2.451774	3.539535	22.970000	7.624770	25.000000
9.294913	2.487244	3.638163	9.263822	2.379284	3.495973	22.970000	8.246950	25.000000
9.294913	2.487244	3.638163	9.292470	2.315792	3.454084	22.970000	9.344650	25.000000
9.294913	2.487244	3.638163	9.288294	2.273095	3.474939	22.970000	9.966830	25.000000
9.294855	2.487253	3.638132	9.297871	2.230704	3.491759	22.970000	11.064500	25.000000
9.294855	2.487253	3.638132	9.191844	2.253630	3.529911	22.970000	11.686700	25.000000
9.294855	2.487253	3.638132	9.421783	2.233937	3.587170	22.970000	12.784400	25.000000
9.294855	2.487253	3.638132	9.222256	2.368365	3.626071	22.970000	13.406600	25.000000
9.294855	2.487253	3.638132	9.369632	2.308223	3.637487	22.970000	14.504300	25.000000
9.295145	2.487212	3.638287	9.368564	2.414605	3.662731	22.970000	15.126500	25.000000
9.295145	2.487212	3.638287	9.246621	2.429557	3.642260	22.970000	16.224200	25.000000
9.294855	2.487253	3.638132	9.256889	2.461953	3.643683	22.970000	16.846300	25.000000
9.295145	2.487212	3.638287	9.342912	2.450638	3.650322	22.970000	17.944100	25.000000
9.294855	2.487253	3.638132	9.256889	2.461953	3.643683	22.970000	18.566200	25.000000
9.294855	2.487253	3.638132	9.280625	2.476055	3.652081	22.970000	19.663900	25.000000
9.295145	2.487212	3.638287	9.306449	2.490047	3.660739	22.970000	26.543500	25.000000
9.294942	2.487240	3.638179	9.301613	2.490729	3.621112	23.830000	-2.072330	25.000000
9.294942	2.487240	3.638179	9.301613	2.490729	3.621112	23.830000	2.465130	25.000000
9.294942	2.487240	3.638179	9.276853	2.476573	3.613053	23.830000	3.087310	25.000000
9.294942	2.487240	3.638179	9.305375	2.472674	3.628492	23.830000	4.185010	25.000000
9.294942	2.487240	3.638179	9.276853	2.476573	3.613053	23.830000	4.807190	25.000000
9.294942	2.487240	3.638179	9.332202	2.469046	3.605240	23.830000	5.904890	25.000000
9.294942	2.487240	3.638179	9.262095	2.461258	3.569925	23.830000	6.527070	25.000000
9.294942	2.487240	3.638179	9.305181	2.455556	3.594619	23.830000	7.624770	25.000000
9.294913	2.487244	3.638163	9.263482	2.411122	3.538624	23.830000	8.246950	25.000000
9.294913	2.487244	3.638163	9.392635	2.427841	3.567413	23.830000	9.344650	25.000000
9.294913	2.487244	3.638163	9.270922	2.378482	3.542386	23.830000	9.966830	25.000000
9.294855	2.487253	3.638132	9.308061	2.389923	3.563012	23.830000	11.064500	25.000000
9.294855	2.487253	3.638132	9.324162	2.372530	3.605240	23.830000	11.686700	25.000000
9.294855	2.487253	3.638132	9.263908	2.379274	3.577276	23.830000	12.784400	25.000000
9.294855	2.487253	3.638132	9.319871	2.404393	3.640939	23.830000	13.406600	25.000000
9.294855	2.487253	3.638132	9.317188	2.404710	3.605240	23.830000	14.504300	25.000000
9.295145	2.487212	3.638287	9.322553	2.436565	3.642260	23.830000	15.126500	25.000000
9.295145	2.487212	3.638287	9.235259	2.447748	3.635534	23.830000	16.224200	25.000000
9.294855	2.487253	3.638132	9.365362	2.464612	3.658625	23.830000	16.846300	25.000000
9.295145	2.487212	3.638287	9.305375	2.472674	3.628492	23.830000	17.944100	25.000000
9.294855	2.487253	3.638132	9.280625	2.476055	3.652081	23.830000	18.566200	25.000000
9.294855	2.487253	3.638132	9.280625	2.476055	3.652081	23.830000	19.663900	25.000000
9.294942	2.487240	3.638179	9.301613	2.490729	3.621112	24.689900	-3.792210	25.000000
9.294942	2.487240	3.638179	9.301613	2.490729	3.621112	24.689900	-2.694510	25.000000
9.294942	2.487240	3.638179	9.355747	2.483169	3.613053	24.689900	3.087310	25.000000
9.294942	2.487240	3.638179	9.301613	2.490729	3.621112	24.689900	4.185010	25.000000
9.294942	2.487240	3.638179	9.305375	2.472674	3.628492	24.689900	4.807190	25.000000
9.294942	2.487240	3.638179	9.355747	2.483169	3.613053	24.689900	5.904890	25.000000
9.294942	2.487240	3.638179	9.249324	2.480378	3.597366	24.689900	6.527070	25.000000
9.294942	2.487240	3.638179	9.332202	2.469046	3.605240	24.689900	7.624770	25.000000
9.294913	2.487244	3.638163	9.339165	2.451123	3.612759	24.689900	8.246950	25.000000
9.294913	2.487244	3.638163	9.283318	2.458437	3.582344	24.689900	9.344650	25.000000
9.294913	2.487244	3.638163	9.262289	2.444247	3.612759	24.689900	9.966830	25.000000
9.294855	2.487253	3.638132	9.291394	2.440516	3.590316	24.689900	11.064500	25.000000
9.294855	2.487253	3.638132	9.319871	2.436904	3.605240	24.689900	11.686700	25.000000
9.294855	2.487253	3.638132	9.319871	2.436904	3.605240	24.689900	12.784400	25.000000
9.294855	2.487253	3.638132	9.368564	2.447333	3.627625	24.689900	13.406600	25.000000
9.294855	2.487253	3.638132	9.379765	2.429427	3.634429	24.689900	14.504300	25.000000
9.295145	2.487212	3.638287	9.227134	2.465953	3.628492	24.689900	15.126500	25.000000
9.295145	2.487212	3.638287	9.312357	2.454615	3.635534	24.689900	16.224200	25.000000
9.294855	2.487253	3.638132	9.202174	2.469345	3.652081	24.689900	16.846300	25.000000
9.294855	2.487253	3.638132	9.413288	2.475307	3.643683	24.689900	19.663900	25.000000
9.294855	2.487253	3.638132	9.280625	2.476055	3.652081	24.689900	23.725900	25.000000
9.295460	2.487168	3.638085	9.222256	2.484159	3.621112	25.549900	0.745246	25.000000
9.295477	2.487165	3.638094	9.222256	2.484159	3.621112	25.549900	3.087310	25.000000
9.295477	2.487165	3.638094	9.222256	2.484159	3.621112	25.549900	4.185010	25.000000
9.295477	2.487165	3.638094	9.276853	2.476573	3.613053	25.549900	4.807190	25.000000
9.295477	2.487165	3.638094	9.355747	2.483169	3.613053	25.549900	6.527070	25.000000
9.295477	2.487165	3.638094	9.276853	2.476573	3.613053	25.549900	7.624770	25.000000
9.295448	2.487169	3.638079	9.332202	2.469046	3.605240	25.549900	8.246950	25.000000
9.295448	2.487169	3.638079	9.276853	2.476573	3.613053	25.549900	9.344650	25.000000
9.295448	2.487169	3.638079	9.282780	2.458509	3.620506	25.549900	9.966830	25.000000
9.295390	2.487177	3.638048	9.254188	2.462314	3.605240	25.549900	11.064500	25.000000
9.295390	2.487177	3.638048	9.282780	2.458509	3.620506	25.549900	11.686700	25.000000
9.295390	2.487177	3.638048	9.282780	2.458509	3.620506	25.549900	12.784400	25.000000
9.295390	2.487177	3.638048	9.389888	2.461369	3.635534	25.549900	13.406600	25.000000
9.295390	2.487177	3.638048	9.312357	2.454615	3.635534	25.549900	14.504300	25.000000
9.295680	2.487137	3.638203	9.256889	2.461953	3.643683	25.549900	15.126500	25.000000
9.295680	2.487137	3.638203	9.227134	2.465953	3.628492	25.549900	16.224200	25.000000
9.295390	2.487177	3.638048	9.334881	2.468686	3.643683	25.549900	16.846300	25.000000
9.295390	2.487177	3.638048	9.280625	2.476055	3.652081	25.549900	21.383800	25.000000
9.294942	2.487240	3.638179	9.222256	2.484159	3.621112	26.409800	6.527070	25.000000
9.294913	2.487244	3.638163	9.276853	2.476573	3.613053	26.409800	8.246950	25.000000
9.294913	2.487244	3.638163	9.227134	2.465953	3.628492	26.409800	9.966830	25.000000
9.294855	2.487253	3.638132	9.276853	2.476573	3.613053	26.409800	11.064500	25.000000
9.294855	2.487253	3.638132	9.305375	2.472674	3.628492	26.409800	11.686700	25.000000
9.294855	2.487253	3.638132	9.360556	2.465252	3.620506	26.409800	12.784400	25.000000
9.294855	2.487253	3.638132	9.305375	2.472674	3.628492	26.409800	13.406600	25.000000
9.294855	2.487253	3.638132	9.305375	2.472674	3.628492	26.409800	14.504300	25.000000
9.295145	2.487212	3.638287	9.280625	2.476055	3.652081	26.409800	15.126500	25.000000
9.295145	2.487212	3.638287	9.305375	2.472674	3.628492	26.409800	16.224200	25.000000
9.294942	2.487240	3.638179	9.222256	2.484159	3.621112	27.269700	-3.792210	25.000000
9.294942	2.487240	3.638179	9.222256	2.484159	3.621112	27.269700	3.087310	25.000000
9.294942	2.487240	3.638179	9.301613	2.490729	3.621112	27.269700	4.807190	25.000000
9.294942	2.487240	3.638179	9.301613	2.490729	3.621112	27.269700	5.904890	25.000000
9.294942	2.487240	3.638179	9.301613	2.490729	3.621112	27.269700	7.624770	25.000000
9.294913	2.487244	3.638163	9.305375	2.472674	3.628492	27.269700	8.246950	25.000000
9.294855	2.487253	3.638132	9.305375	2.472674	3.628492	27.269700	11.686700	25.000000
9.294855	2.487253	3.638132	9.305375	2.472674	3.628492	27.269700	12.784400	25.000000
9.294855	2.487253	3.638132	9.305375	2.472674	3.628492	27.269700	13.406600	25.000000
9.295145	2.487212	3.638287	9.305375	2.472674	3.628492	27.269700	15.126500	25.000000
9.294855	2.487253	3.638132	9.280625	2.476055	3.652081	27.269700	21.383800	25.000000
9.294924	2.487243	3.638169	9.301613	2.490729	3.621112	28.129700	0.745246	25.000000
9.294942	2.487240	3.638179	9.301613	2.490729	3.621112	28.129700	5.904890	25.000000
9.294942	2.487240	3.638179	9.222256	2.484159	3.621112	28.129700	7.624770	25.000000
9.294855	2.487253	3.638132	9.305375	2.472674	3.628492	28.129700	12.784400	25.000000
9.295145	2.487212	3.638287	9.280625	2.476055	3.652081	28.129700	15.126500	25.000000
9.294930	2.487242	3.638172	9.301613	2.490729	3.621112	28.989600	-0.974634	25.000000
9.295477	2.487165	3.638094	9.301613	2.490729	3.621112	29.849600	1.367430	25.000000
9.294942	2.487240	3.638179	9.301613	2.490729	3.621112	30.709500	-2.694510	25.000000
9.294855	2.487253	3.638132	9.301613	2.490729	3.621112	32.429400	11.686700	25.000000
9.294924	2.487243	3.638169	9.301613	2.490729	3.621112	33.289300	-0.352454	25.000000
9.294855	2.487253	3.638132	9.301613	2.490729	3.621112	33.289300	24.823600	25.000000
9.295145	2.487212	3.638287	9.301613	2.490729	3.621112	33.289300	26.543500	25.000000
9.295390	2.487177	3.638048	9.248243	2.498345	3.629429	34.149300	21.383800	25.000000
