19.592690	1.595196	3.926991	17.118411	0.810251	6.267058	705.087000	704.968000	25.000000
19.585622	1.595204	3.926630	21.765569	0.924958	5.912294	705.087000	706.065000	25.000000
19.592690	1.595196	3.926991	24.204545	0.809372	0.935286	705.087000	706.688000	25.000000
19.592690	1.595196	3.926991	12.042010	0.661772	1.901094	705.087000	707.785000	25.000000
19.585622	1.595204	3.926630	15.109269	0.348692	2.342497	705.087000	708.407000	25.000000
19.592690	1.595196	3.926991	21.796559	1.306211	2.076971	705.087000	709.505000	25.000000
19.592690	1.595196	3.926991	8.752280	0.662648	2.679606	705.087000	710.127000	25.000000
19.592690	1.595196	3.926991	23.430768	0.941014	1.165280	705.087000	711.225000	25.000000
19.592690	1.595196	3.926991	21.884698	0.815629	2.907268	705.087000	711.847000	25.000000
19.592690	1.595196	3.926991	15.679286	1.685851	2.718153	705.087000	712.945000	25.000000
19.592690	1.595196	3.926991	15.070833	1.643850	2.701750	705.087000	713.567000	25.000000
19.592690	1.595196	3.926991	20.877500	0.690127	1.997424	705.087000	714.665000	25.000000
19.592690	1.595196	3.926991	22.243221	1.456807	3.512015	705.087000	715.287000	25.000000
19.592690	1.595196	3.926991	16.369410	1.617241	3.823019	705.087000	716.385000	25.000000
19.592690	1.595196	3.926991	19.500720	1.601056	3.995972	705.087000	717.007000	25.000000
19.592690	1.595196	3.926991	19.587550	1.601944	4.006533	705.087000	718.105000	25.000000
19.592690	1.595196	3.926991	19.677421	1.597734	3.962947	705.087000	718.727000	25.000000
19.585622	1.595204	3.926630	19.599747	1.596820	3.952256	705.087000	719.824000	25.000000
19.592690	1.595196	3.926991	19.524346	1.595896	3.941483	705.087000	720.447000	25.000000
19.592690	1.595196	3.926991	19.545076	0.997581	5.710384	705.947000	704.968000	25.000000
19.585622	1.595204	3.926630	19.566042	1.121395	5.336596	705.947000	706.065000	25.000000
19.592690	1.595196	3.926991	18.361917	0.768608	0.618428	705.947000	706.688000	25.000000
19.592690	1.595196	3.926991	20.777151	0.831434	0.422854	705.947000	707.785000	25.000000
19.585622	1.595204	3.926630	21.287085	0.901933	1.564808	705.947000	708.407000	25.000000
19.592690	1.595196	3.926991	9.798469	1.047107	3.283490	705.947000	709.505000	25.000000
19.592690	1.595196	3.926991	11.390716	0.984737	2.031616	705.947000	710.127000	25.000000
19.592690	1.595196	3.926991	24.058470	0.876159	1.068427	705.947000	711.225000	25.000000
19.592690	1.595196	3.926991	12.389512	0.120279	3.879408	705.947000	711.847000	25.000000
19.592690	1.595196	3.926991	19.851952	1.383320	2.133200	705.947000	712.945000	25.000000
19.592690	1.595196	3.926991	13.510736	1.526373	3.312831	705.947000	713.567000	25.000000
19.592690	1.595196	3.926991	22.922478	1.019838	2.530867	705.947000	714.665000	25.000000
19.592690	1.595196	3.926991	23.275094	1.083417	3.014825	705.947000	715.287000	25.000000
19.592690	1.595196	3.926991	14.351655	1.682514	2.813190	705.947000	716.385000	25.000000
19.592690	1.595196	3.926991	16.458230	1.612611	3.858134	705.947000	717.007000	25.000000
19.592690	1.595196	3.926991	22.262543	1.530089	3.722114	705.947000	718.105000	25.000000
19.592690	1.595196	3.926991	19.425450	1.601174	3.992590	705.947000	718.727000	25.000000
19.585622	1.595204	3.926630	19.677154	1.597226	3.962947	705.947000	719.824000	25.000000
19.592690	1.595196	3.926991	19.665709	1.595715	3.941378	705.947000	720.447000	25.000000
19.592690	1.595196	3.926991	19.596428	1.596314	3.945039	705.947000	721.544000	25.000000
19.585622	1.595204	3.927352	18.967604	1.117882	5.398118	706.806000	704.968000	25.000000
19.578552	1.595213	3.926991	20.212125	1.024542	5.788460	706.806000	706.065000	25.000000
19.585622	1.595204	3.927352	22.507468	0.910780	6.187994	706.806000	706.688000	25.000000
19.585622	1.595204	3.927352	16.097565	0.931833	5.971713	706.806000	707.785000	25.000000
19.578552	1.595213	3.926991	12.706298	0.283244	1.006227	706.806000	708.407000	25.000000
19.585622	1.595204	3.927352	23.730360	1.030827	1.203975	706.806000	709.505000	25.000000
19.585622	1.595204	3.927352	10.485228	0.877606	2.839447	706.806000	710.127000	25.000000
19.585622	1.595204	3.927352	24.210741	1.071137	1.886595	706.806000	711.225000	25.000000
19.585622	1.595204	3.927352	19.240127	1.275463	1.781510	706.806000	711.847000	25.000000
19.585622	1.595204	3.927352	15.683431	0.521331	0.325799	706.806000	712.945000	25.000000
19.585622	1.595204	3.927352	20.267215	1.442156	2.398423	706.806000	713.567000	25.000000
19.585622	1.595204	3.927352	17.695480	0.977056	3.237191	706.806000	714.665000	25.000000
19.585622	1.595204	3.927352	21.010712	0.775714	1.924794	706.806000	715.287000	25.000000
19.585622	1.595204	3.927352	15.187495	1.630090	2.683845	706.806000	716.385000	25.000000
19.585622	1.595204	3.927352	23.181003	1.491770	3.707990	706.806000	717.007000	25.000000
19.585622	1.595204	3.927352	15.174320	1.590568	3.519651	706.806000	718.105000	25.000000
19.585622	1.595204	3.927352	19.651924	1.600823	4.002658	706.806000	718.727000	25.000000
19.578552	1.595213	3.926991	19.641153	1.599821	3.995476	706.806000	719.824000	25.000000
19.585622	1.595204	3.927352	19.609192	1.597318	3.966681	706.806000	720.447000	25.000000
19.585622	1.595204	3.927352	19.668503	1.596220	3.948570	706.806000	721.544000	25.000000
19.578552	1.595213	3.926991	19.594134	1.595806	3.937821	706.806000	722.166000	25.000000
19.592690	1.595196	3.926991	19.720548	1.062372	5.712894	707.666000	704.968000	25.000000
19.585622	1.595204	3.926630	19.501026	1.056087	5.703352	707.666000	706.065000	25.000000
19.592690	1.595196	3.926991	22.384370	1.087602	5.626567	707.666000	706.688000	25.000000
19.592690	1.595196	3.926991	16.251769	1.098048	5.419516	707.666000	707.785000	25.000000
19.585622	1.595204	3.926630	20.870314	0.822499	0.460724	707.666000	708.407000	25.000000
19.592690	1.595196	3.926991	18.265268	0.917622	0.584179	707.666000	709.505000	25.000000
19.592690	1.595196	3.926991	15.794936	0.356829	0.811034	707.666000	710.127000	25.000000
19.592690	1.595196	3.926991	16.969090	1.446724	2.322594	707.666000	711.225000	25.000000
19.592690	1.595196	3.926991	24.964625	1.041745	1.257116	707.666000	711.847000	25.000000
19.592690	1.595196	3.926991	8.919781	0.631412	1.889544	707.666000	712.945000	25.000000
19.592690	1.595196	3.926991	11.440280	1.395072	3.034857	707.666000	713.567000	25.000000
19.592690	1.595196	3.926991	20.124860	0.887877	1.532354	707.666000	714.665000	25.000000
19.592690	1.595196	3.926991	22.016812	1.015882	3.179008	707.666000	715.287000	25.000000
19.592690	1.595196	3.926991	14.993665	1.564127	2.375060	707.666000	716.385000	25.000000
19.592690	1.595196	3.926991	17.439610	1.321662	3.296041	707.666000	717.007000	25.000000
19.592690	1.595196	3.926991	21.120133	1.375428	2.558945	707.666000	718.105000	25.000000
19.592690	1.595196	3.926991	22.118437	1.557594	3.856595	707.666000	718.727000	25.000000
19.585622	1.595204	3.926630	16.572493	1.583951	3.659242	707.666000	719.824000	25.000000
19.592690	1.595196	3.926991	19.424853	1.600144	3.992590	707.666000	720.447000	25.000000
19.592690	1.595196	3.926991	19.830542	1.597022	3.976949	707.666000	721.544000	25.000000
19.585622	1.595204	3.926630	19.665462	1.595207	3.941378	707.666000	722.166000	25.000000
19.592690	1.595196	3.926991	19.455076	1.596499	3.945171	707.666000	723.264000	25.000000
19.592690	1.595196	3.926991	22.465307	1.197156	5.283152	708.526000	704.968000	25.000000
19.585622	1.595204	3.926630	16.134745	1.037680	5.687199	708.526000	706.065000	25.000000
19.592690	1.595196	3.926991	16.107762	1.100447	5.522413	708.526000	706.688000	25.000000
19.592690	1.595196	3.926991	22.523099	1.100816	5.685514	708.526000	707.785000	25.000000
19.585622	1.595204	3.926630	22.031623	0.956426	6.265409	708.526000	708.407000	25.000000
19.592690	1.595196	3.926991	16.787260	1.004961	5.951839	708.526000	709.505000	25.000000
19.592690	1.595196	3.926991	12.588090	0.355726	0.785398	708.526000	710.127000	25.000000
19.592690	1.595196	3.926991	23.744894	1.093875	1.232556	708.526000	711.225000	25.000000
19.592690	1.595196	3.926991	24.084020	1.087118	1.865847	708.526000	711.847000	25.000000
19.592690	1.595196	3.926991	10.585367	1.024431	2.826835	708.526000	712.945000	25.000000
19.592690	1.595196	3.926991	8.524647	0.076061	0.154997	708.526000	713.567000	25.000000
19.592690	1.595196	3.926991	23.018653	1.173808	1.394651	708.526000	714.665000	25.000000
19.592690	1.595196	3.926991	17.000294	1.033569	3.168983	708.526000	715.287000	25.000000
19.592690	1.595196	3.926991	21.144739	1.428437	2.362951	708.526000	716.385000	25.000000
19.592690	1.595196	3.926991	20.002250	0.767111	1.885713	708.526000	717.007000	25.000000
19.592690	1.595196	3.926991	16.791367	1.660247	2.551932	708.526000	718.105000	25.000000
19.592690	1.595196	3.926991	21.998864	1.529874	3.791463	708.526000	718.727000	25.000000
19.585622	1.595204	3.926630	16.790759	1.549354	3.406800	708.526000	719.824000	25.000000
19.592690	1.595196	3.926991	19.640583	1.598803	3.995476	708.526000	720.447000	25.000000
19.592690	1.595196	3.926991	19.500126	1.600031	3.995972	708.526000	721.544000	25.000000
19.585622	1.595204	3.926630	19.535875	1.597417	3.963207	708.526000	722.166000	25.000000
19.592690	1.595196	3.926991	19.668251	1.595712	3.948570	708.526000	723.264000	25.000000
19.592690	1.595196	3.926991	19.593887	1.595296	3.937821	708.526000	723.886000	25.000000
19.592690	1.595196	3.926991	16.745399	1.191517	5.163386	709.386000	704.968000	25.000000
19.585622	1.595204	3.926630	21.634983	1.450329	4.479832	709.386000	706.065000	25.000000
19.592690	1.595196	3.926991	19.567575	1.098610	5.727019	709.386000	706.688000	25.000000
19.592690	1.595196	3.926991	19.674349	1.107071	5.733020	709.386000	707.785000	25.000000
19.585622	1.595204	3.926630	16.372538	1.074232	5.685549	709.386000	708.407000	25.000000
19.592690	1.595196	3.926991	22.343232	1.170838	5.480607	709.386000	709.505000	25.000000
19.592690	1.595196	3.926991	19.682734	1.008107	0.501264	709.386000	710.127000	25.000000
19.592690	1.595196	3.926991	19.585709	0.844976	0.561494	709.386000	711.225000	25.000000
19.592690	1.595196	3.926991	16.073270	1.489828	2.426873	709.386000	711.847000	25.000000
19.592690	1.595196	3.926991	16.311346	0.526783	0.915101	709.386000	712.945000	25.000000
19.592690	1.595196	3.926991	14.759746	1.275176	1.971689	709.386000	713.567000	25.000000
19.592690	1.595196	3.926991	21.678397	0.892647	0.878940	709.386000	714.665000	25.000000
19.592690	1.595196	3.926991	21.240763	1.091250	1.639835	709.386000	715.287000	25.000000
19.592690	1.595196	3.926991	9.337023	1.151649	3.223760	709.386000	716.385000	25.000000
19.592690	1.595196	3.926991	21.106160	1.093272	3.211000	709.386000	717.007000	25.000000
19.592690	1.595196	3.926991	16.372233	1.521914	2.308611	709.386000	718.105000	25.000000
19.592690	1.595196	3.926991	23.449094	1.258707	2.671933	709.386000	718.727000	25.000000
19.585622	1.595204	3.926630	14.302797	1.556813	3.127608	709.386000	719.824000	25.000000
19.592690	1.595196	3.926991	16.364630	1.590230	3.673627	709.386000	720.447000	25.000000
19.592690	1.595196	3.926991	22.280378	1.560249	3.844377	709.386000	721.544000	25.000000
19.585622	1.595204	3.926630	19.274688	1.599854	3.985747	709.386000	722.166000	25.000000
19.592690	1.595196	3.926991	19.904525	1.596421	3.980321	709.386000	723.264000	25.000000
19.592690	1.595196	3.926991	19.665462	1.595207	3.941378	709.386000	723.886000	25.000000
19.592690	1.595196	3.926991	19.526907	1.595893	3.948727	709.386000	724.984000	25.000000
19.592690	1.595196	3.926991	17.022338	1.405556	4.496304	710.246000	704.968000	25.000000
19.592690	1.595196	3.926991	16.427720	1.082955	5.723856	710.246000	706.688000	25.000000
19.592690	1.595196	3.926991	22.268812	1.227287	5.304360	710.246000	707.785000	25.000000
19.585622	1.595204	3.926630	17.309246	1.167064	5.466686	710.246000	708.407000	25.000000
19.592690	1.595196	3.926991	21.659871	1.127006	5.776087	710.246000	709.505000	25.000000
19.592690	1.595196	3.926991	15.983166	0.995215	6.248870	710.246000	710.127000	25.000000
19.592690	1.595196	3.926991	22.550388	1.051044	6.087794	710.246000	711.225000	25.000000
19.592690	1.595196	3.926991	15.365220	0.586198	0.437338	710.246000	711.847000	25.000000
19.592690	1.595196	3.926991	21.862754	1.201086	1.403228	710.246000	712.945000	25.000000
19.592690	1.595196	3.926991	10.898624	1.175188	2.807264	710.246000	713.567000	25.000000
19.592690	1.595196	3.926991	23.907112	1.097378	1.841995	710.246000	714.665000	25.000000
19.592690	1.595196	3.926991	18.393749	1.351580	1.841445	710.246000	715.287000	25.000000
19.592690	1.595196	3.926991	15.857377	0.750247	0.409021	710.246000	716.385000	25.000000
19.592690	1.595196	3.926991	16.765739	1.702396	2.618715	710.246000	717.007000	25.000000
19.592690	1.595196	3.926991	21.499302	0.915591	2.646459	710.246000	718.105000	25.000000
19.592690	1.595196	3.926991	11.181234	0.859416	2.741352	710.246000	718.727000	25.000000
19.585622	1.595204	3.926630	23.855607	1.393815	2.015399	710.246000	719.824000	25.000000
19.592690	1.595196	3.926991	22.115020	1.535066	3.776044	710.246000	720.447000	25.000000
19.592690	1.595196	3.926991	16.472170	1.559869	3.405715	710.246000	721.544000	25.000000
19.585622	1.595204	3.926630	19.640305	1.598294	3.995476	710.246000	722.166000	25.000000
19.592690	1.595196	3.926991	19.575048	1.598897	3.999328	710.246000	723.264000	25.000000
19.592690	1.595196	3.926991	19.535611	1.596905	3.963207	710.246000	723.886000	25.000000
19.592690	1.595196	3.926991	19.668251	1.595712	3.948570	710.246000	724.984000	25.000000
19.592690	1.595196	3.926991	19.594134	1.595806	3.937821	710.246000	725.606000	25.000000
19.592690	1.595196	3.926991	19.593887	1.595296	3.937821	710.246000	728.424000	25.000000
19.592690	1.595196	3.926991	19.775553	1.603671	3.866134	711.106000	704.968000	25.000000
19.585622	1.595204	3.926630	19.460599	1.592894	3.894275	711.106000	706.065000	25.000000
19.592690	1.595196	3.926991	19.736768	1.453997	4.443900	711.106000	706.688000	25.000000
19.592690	1.595196	3.926991	18.866237	1.252733	5.179530	711.106000	707.785000	25.000000
19.585622	1.595204	3.926630	19.590048	1.144529	5.754304	711.106000	708.407000	25.000000
19.592690	1.595196	3.926991	19.636191	1.145596	5.749477	711.106000	709.505000	25.000000
19.592690	1.595196	3.926991	21.748103	1.149185	5.731530	711.106000	710.127000	25.000000
19.592690	1.595196	3.926991	17.139720	1.200670	5.404723	711.106000	711.225000	25.000000
19.592690	1.595196	3.926991	18.566098	0.969700	0.604306	711.106000	711.847000	25.000000
19.592690	1.595196	3.926991	20.515604	1.016402	0.476467	711.106000	712.945000	25.000000
19.592690	1.595196	3.926991	18.920888	0.842056	1.208709	711.106000	713.567000	25.000000
19.592690	1.595196	3.926991	12.546314	1.466994	2.764062	711.106000	714.665000	25.000000
19.592690	1.595196	3.926991	11.339934	0.624437	0.666732	711.106000	715.287000	25.000000
19.592690	1.595196	3.926991	23.535558	1.273252	1.559686	711.106000	716.385000	25.000000
19.592690	1.595196	3.926991	9.685040	0.132615	0.896055	711.106000	717.007000	25.000000
19.592690	1.595196	3.926991	21.015470	1.446760	2.070908	711.106000	718.105000	25.000000
19.592690	1.595196	3.926991	11.778795	1.784669	2.623524	711.106000	718.727000	25.000000
19.585622	1.595204	3.926630	23.971024	1.051312	2.828960	711.106000	719.824000	25.000000
19.592690	1.595196	3.926991	23.657134	1.230319	2.798569	711.106000	720.447000	25.000000
19.592690	1.595196	3.926991	14.102837	1.663107	2.837858	711.106000	721.544000	25.000000
19.585622	1.595204	3.926630	22.474915	1.555267	3.704909	711.106000	722.166000	25.000000
19.592690	1.595196	3.926991	16.248421	1.607793	3.852891	711.106000	723.264000	25.000000
19.592690	1.595196	3.926991	19.333155	1.598214	3.974574	711.106000	723.886000	25.000000
19.592690	1.595196	3.926991	19.912561	1.596411	3.987415	711.106000	724.984000	25.000000
19.592690	1.595196	3.926991	19.665462	1.595207	3.941378	711.106000	725.606000	25.000000
19.592690	1.595196	3.926991	19.596176	1.595804	3.945039	711.106000	726.704000	25.000000
19.592690	1.595196	3.926991	19.861078	1.605041	3.855683	711.966000	704.968000	25.000000
19.585622	1.595204	3.926630	19.284097	1.600877	3.860911	711.966000	706.065000	25.000000
19.592690	1.595196	3.926991	22.827442	1.500209	4.404526	711.966000	706.688000	25.000000
19.592690	1.595196	3.926991	15.374098	1.553233	3.867154	711.966000	707.785000	25.000000
19.585622	1.595204	3.926630	17.618456	1.241345	5.240463	711.966000	708.407000	25.000000
19.592690	1.595196	3.926991	21.265465	1.174936	5.730529	711.966000	709.505000	25.000000
19.592690	1.595196	3.926991	21.916204	1.177454	5.766490	711.966000	710.127000	25.000000
19.592690	1.595196	3.926991	16.907395	1.201683	5.502271	711.966000	711.225000	25.000000
19.592690	1.595196	3.926991	22.824726	1.092770	6.155036	711.966000	711.847000	25.000000
19.592690	1.595196	3.926991	15.701990	1.065559	6.206693	711.966000	712.945000	25.000000
19.592690	1.595196	3.926991	22.519547	0.944488	0.696142	711.966000	713.567000	25.000000
19.592690	1.595196	3.926991	14.089003	1.169757	1.733410	711.966000	714.665000	25.000000
19.592690	1.595196	3.926991	11.664047	0.573165	2.456975	711.966000	715.287000	25.000000
19.592690	1.595196	3.926991	23.593855	1.413326	2.047879	711.966000	716.385000	25.000000
19.592690	1.595196	3.926991	21.854384	1.325840	1.557118	711.966000	717.007000	25.000000
19.592690	1.595196	3.926991	9.977996	0.588399	0.144961	711.966000	718.105000	25.000000
19.592690	1.595196	3.926991	18.321026	1.685671	2.492597	711.966000	718.727000	25.000000
19.585622	1.595204	3.926630	20.397059	0.953890	2.667193	711.966000	719.824000	25.000000
19.592690	1.595196	3.926991	24.166092	1.319890	1.919567	711.966000	720.447000	25.000000
19.592690	1.595196	3.926991	11.168706	1.204518	2.716552	711.966000	721.544000	25.000000
19.585622	1.595204	3.926630	22.785717	1.534362	3.733249	711.966000	722.166000	25.000000
19.592690	1.595196	3.926991	15.661382	1.581651	3.433049	711.966000	723.264000	25.000000
19.592690	1.595196	3.926991	19.650214	1.597771	4.002658	711.966000	723.886000	25.000000
19.592690	1.595196	3.926991	19.564787	1.597889	3.992116	711.966000	724.984000	25.000000
19.592690	1.595196	3.926991	19.467409	1.596483	3.966970	711.966000	725.606000	25.000000
19.592690	1.595196	3.926991	19.668004	1.595204	3.948570	711.966000	726.704000	25.000000
19.592690	1.595196	3.926991	19.593887	1.595296	3.937821	711.966000	727.326000	25.000000
19.592690	1.595196	3.926991	19.593887	1.595296	3.937821	711.966000	728.424000	25.000000
19.592690	1.595196	3.926991	19.684420	1.600266	3.883852	712.826000	704.968000	25.000000
19.585622	1.595204	3.926630	19.531267	1.597423	3.898013	712.826000	706.065000	25.000000
19.592690	1.595196	3.926991	19.423995	1.598601	3.861392	712.826000	706.688000	25.000000
19.592690	1.595196	3.926991	19.744873	1.596122	3.894744	712.826000	707.785000	25.000000
19.585622	1.595204	3.926630	18.834301	1.280004	5.204791	712.826000	708.407000	25.000000
19.592690	1.595196	3.926991	19.974734	1.465469	4.473515	712.826000	709.505000	25.000000
19.592690	1.595196	3.926991	19.720801	1.191607	5.763362	712.826000	710.127000	25.000000
19.592690	1.595196	3.926991	19.349677	1.189527	5.764730	712.826000	711.225000	25.000000
19.592690	1.595196	3.926991	20.012496	1.175849	5.805011	712.826000	711.847000	25.000000
19.592690	1.595196	3.926991	19.114654	1.257009	5.404310	712.826000	712.945000	25.000000
19.592690	1.595196	3.926991	20.425964	1.081517	0.490936	712.826000	713.567000	25.000000
19.592690	1.595196	3.926991	18.638669	1.029721	0.598419	712.826000	714.665000	25.000000
19.592690	1.595196	3.926991	19.443765	0.975697	1.274580	712.826000	715.287000	25.000000
19.592690	1.595196	3.926991	11.268984	1.419362	2.859594	712.826000	716.385000	25.000000
19.592690	1.595196	3.926991	22.858095	1.336801	1.627043	712.826000	717.007000	25.000000
19.592690	1.595196	3.926991	12.034932	0.762812	0.600677	712.826000	718.105000	25.000000
19.592690	1.595196	3.926991	20.525837	1.111471	1.467342	712.826000	718.727000	25.000000
19.585622	1.595204	3.926630	10.729865	1.421122	2.942349	712.826000	719.824000	25.000000
19.592690	1.595196	3.926991	23.901046	1.180204	2.507141	712.826000	720.447000	25.000000
19.592690	1.595196	3.926991	12.229881	1.636257	3.117007	712.826000	721.544000	25.000000
19.585622	1.595204	3.926630	22.408233	1.406276	2.562373	712.826000	722.166000	25.000000
19.592690	1.595196	3.926991	16.015930	1.464452	3.085049	712.826000	723.264000	25.000000
19.592690	1.595196	3.926991	22.279224	1.573579	3.844377	712.826000	723.886000	25.000000
19.592690	1.595196	3.926991	16.438817	1.593123	3.656965	712.826000	724.984000	25.000000
19.592690	1.595196	3.926991	19.265516	1.597272	3.978416	712.826000	725.606000	25.000000
19.592690	1.595196	3.926991	19.912561	1.596411	3.987415	712.826000	726.704000	25.000000
19.592690	1.595196	3.926991	19.665462	1.595207	3.941378	712.826000	727.326000	25.000000
19.592690	1.595196	3.926991	19.595928	1.595294	3.945039	712.826000	728.424000	25.000000
19.592690	1.595196	3.926991	19.593887	1.595296	3.937821	712.826000	730.144000	25.000000
19.592690	1.595196	3.926991	19.669021	1.597237	3.905411	713.686000	704.968000	25.000000
19.585622	1.595204	3.926630	19.455076	1.596499	3.908811	713.686000	706.065000	25.000000
19.592690	1.595196	3.926991	19.860403	1.604034	3.855683	713.686000	706.688000	25.000000
19.592690	1.595196	3.926991	19.349804	1.600258	3.864800	713.686000	707.785000	25.000000
19.585622	1.595204	3.926630	22.449777	1.599754	3.974274	713.686000	708.407000	25.000000
19.592690	1.595196	3.926991	15.937255	1.425341	4.527431	713.686000	709.505000	25.000000
19.592690	1.595196	3.926991	20.447494	1.293379	5.287698	713.686000	710.127000	25.000000
19.592690	1.595196	3.926991	18.599462	1.196517	5.796286	713.686000	711.225000	25.000000
19.592690	1.595196	3.926991	18.815419	1.195315	5.865541	713.686000	711.847000	25.000000
19.592690	1.595196	3.926991	20.410047	1.262147	5.501423	713.686000	712.945000	25.000000
19.592690	1.595196	3.926991	17.727383	1.171003	6.004633	713.686000	713.567000	25.000000
19.592690	1.595196	3.926991	21.291228	1.118758	0.074209	713.686000	714.665000	25.000000
19.592690	1.595196	3.926991	9.523655	0.915985	1.690225	713.686000	715.287000	25.000000
19.592690	1.595196	3.926991	24.725695	1.118766	0.912908	713.686000	716.385000	25.000000
19.592690	1.595196	3.926991	13.542895	1.496890	2.681256	713.686000	717.007000	25.000000
19.592690	1.595196	3.926991	22.541739	1.066093	1.754276	713.686000	718.105000	25.000000
19.592690	1.595196	3.926991	22.336517	1.165845	0.958474	713.686000	718.727000	25.000000
19.585622	1.595204	3.926630	8.337865	1.202738	2.338015	713.686000	719.824000	25.000000
19.592690	1.595196	3.926991	19.880392	1.014366	2.627590	713.686000	720.447000	25.000000
19.592690	1.595196	3.926991	19.057282	1.670662	2.449555	713.686000	721.544000	25.000000
19.585622	1.595204	3.926630	23.978324	1.562455	2.124091	713.686000	722.166000	25.000000
19.592690	1.595196	3.926991	12.047821	0.833457	2.099678	713.686000	723.264000	25.000000
19.592690	1.595196	3.926991	22.251944	1.530115	3.447697	713.686000	723.886000	25.000000
19.592690	1.595196	3.926991	16.502339	1.605465	3.823909	713.686000	724.984000	25.000000
19.592690	1.595196	3.926991	19.498464	1.596955	3.995972	713.686000	725.606000	25.000000
19.592690	1.595196	3.926991	19.573965	1.596854	3.999328	713.686000	726.704000	25.000000
19.592690	1.595196	3.926991	19.462017	1.595976	3.959706	713.686000	727.326000	25.000000
19.592690	1.595196	3.926991	19.668004	1.595204	3.948570	713.686000	728.424000	25.000000
19.592690	1.595196	3.926991	19.593887	1.595296	3.937821	713.686000	729.046000	25.000000
19.592690	1.595196	3.926991	19.593887	1.595296	3.937821	713.686000	730.144000	25.000000
19.585622	1.595204	3.926630	19.665960	1.596224	3.912603	714.546000	706.065000	25.000000
19.592690	1.595196	3.926991	19.751833	1.599658	3.887585	714.546000	706.688000	25.000000
19.592690	1.595196	3.926991	19.394332	1.597096	3.890511	714.546000	707.785000	25.000000
19.585622	1.595204	3.926630	19.499836	1.599518	3.858010	714.546000	708.407000	25.000000
19.592690	1.595196	3.926991	19.667295	1.593679	3.905411	714.546000	709.505000	25.000000
19.592690	1.595196	3.926991	18.166455	1.466016	4.461235	714.546000	710.127000	25.000000
19.592690	1.595196	3.926991	20.594961	1.335566	5.188542	714.546000	711.225000	25.000000
19.592690	1.595196	3.926991	19.304145	1.232866	5.785153	714.546000	711.847000	25.000000
19.592690	1.595196	3.926991	19.813632	1.236550	5.769341	714.546000	712.945000	25.000000
19.592690	1.595196	3.926991	15.544774	1.243323	5.536230	714.546000	713.567000	25.000000
19.592690	1.595196	3.926991	22.903711	1.255610	5.677350	714.546000	714.665000	25.000000
19.592690	1.595196	3.926991	20.261787	1.088373	0.506016	714.546000	715.287000	25.000000
19.592690	1.595196	3.926991	18.861866	1.161866	0.588003	714.546000	716.385000	25.000000
19.592690	1.595196	3.926991	12.305385	0.649478	0.666347	714.546000	717.007000	25.000000
19.592690	1.595196	3.926991	18.689636	1.506545	2.225021	714.546000	718.105000	25.000000
19.592690	1.595196	3.926991	13.741270	1.395240	2.050971	714.546000	718.727000	25.000000
19.585622	1.595204	3.926630	21.689896	1.117433	0.910473	714.546000	719.824000	25.000000
19.592690	1.595196	3.926991	12.901550	1.524274	2.768291	714.546000	720.447000	25.000000
19.592690	1.595196	3.926991	19.203645	1.112273	1.324409	714.546000	721.544000	25.000000
19.585622	1.595204	3.926630	21.281682	1.220668	3.046404	714.546000	722.166000	25.000000
19.592690	1.595196	3.926991	16.450228	1.595114	2.239839	714.546000	723.264000	25.000000
19.592690	1.595196	3.926991	15.439961	1.656393	2.602288	714.546000	723.886000	25.000000
19.592690	1.595196	3.926991	22.881294	1.330749	2.868237	714.546000	724.984000	25.000000
19.592690	1.595196	3.926991	22.568095	1.578329	3.810797	714.546000	725.606000	25.000000
19.592690	1.595196	3.926991	16.044080	1.598848	3.700192	714.546000	726.704000	25.000000
19.592690	1.595196	3.926991	19.332356	1.596663	3.974574	714.546000	727.326000	25.000000
19.592690	1.595196	3.926991	19.846158	1.595993	3.991188	714.546000	728.424000	25.000000
19.592690	1.595196	3.926991	19.668004	1.595204	3.948570	714.546000	729.046000	25.000000
19.592690	1.595196	3.926991	19.454573	1.595472	3.945171	714.546000	730.144000	25.000000
19.592690	1.595196	3.926991	19.668759	1.596729	3.905411	715.406000	706.688000	25.000000
19.592690	1.595196	3.926991	19.527161	1.596404	3.905255	715.406000	707.785000	25.000000
19.585622	1.595204	3.926630	19.870320	1.603011	3.848580	715.406000	708.407000	25.000000
19.592690	1.595196	3.926991	19.283218	1.599322	3.860911	715.406000	709.505000	25.000000
19.592690	1.595196	3.926991	14.963957	1.436741	4.536154	715.406000	710.127000	25.000000
19.592690	1.595196	3.926991	22.991224	1.596026	4.007066	715.406000	711.225000	25.000000
19.592690	1.595196	3.926991	17.131842	1.305009	5.295358	715.406000	711.847000	25.000000
19.592690	1.595196	3.926991	21.746494	1.267258	5.752683	715.406000	712.945000	25.000000
19.592690	1.595196	3.926991	20.616498	1.255150	5.851490	715.406000	713.567000	25.000000
19.592690	1.595196	3.926991	18.507836	1.297241	5.505723	715.406000	714.665000	25.000000
19.592690	1.595196	3.926991	15.823088	1.175033	6.282500	715.406000	715.287000	25.000000
19.592690	1.595196	3.926991	22.653115	1.205135	6.161879	715.406000	716.385000	25.000000
19.592690	1.595196	3.926991	8.188406	0.711829	1.207649	715.406000	717.007000	25.000000
19.592690	1.595196	3.926991	25.059529	1.237435	1.063698	715.406000	718.105000	25.000000
19.592690	1.595196	3.926991	17.646246	1.621821	2.517385	715.406000	718.727000	25.000000
19.585622	1.595204	3.926630	19.743100	0.961425	1.675997	715.406000	719.824000	25.000000
19.592690	1.595196	3.926991	4.310452	0.439940	2.083186	715.406000	720.447000	25.000000
19.592690	1.595196	3.926991	23.157936	1.308716	1.219352	715.406000	721.544000	25.000000
19.585622	1.595204	3.926630	22.622776	1.424403	2.299294	715.406000	722.166000	25.000000
19.592690	1.595196	3.926991	15.800316	1.314852	2.780525	715.406000	723.264000	25.000000
19.592690	1.595196	3.926991	11.079260	1.249385	2.450508	715.406000	723.886000	25.000000
19.592690	1.595196	3.926991	24.751162	1.449291	1.941477	715.406000	724.984000	25.000000
19.592690	1.595196	3.926991	14.799434	1.611532	3.705210	715.406000	725.606000	25.000000
19.592690	1.595196	3.926991	23.369167	1.545551	3.532433	715.406000	726.704000	25.000000
19.592690	1.595196	3.926991	19.573707	1.596344	3.999328	715.406000	727.326000	25.000000
19.592690	1.595196	3.926991	19.638994	1.595749	3.995476	715.406000	728.424000	25.000000
19.592690	1.595196	3.926991	19.462017	1.595976	3.959706	715.406000	729.046000	25.000000
19.592690	1.595196	3.926991	19.740324	1.595114	3.952075	715.406000	730.144000	25.000000
19.592690	1.595196	3.926991	19.593887	1.595296	3.937821	715.406000	731.864000	25.000000
19.592690	1.595196	3.926991	19.524346	1.595896	3.912499	716.266000	706.688000	25.000000
19.592690	1.595196	3.926991	19.594134	1.595806	3.916161	716.266000	707.785000	25.000000
19.585622	1.595204	3.926630	19.751266	1.598646	3.887585	716.266000	708.407000	25.000000
19.592690	1.595196	3.926991	19.326676	1.597705	3.886720	716.266000	709.505000	25.000000
19.592690	1.595196	3.926991	20.027990	1.596763	3.895199	716.266000	710.127000	25.000000
19.592690	1.595196	3.926991	19.130907	1.594844	3.867801	716.266000	711.225000	25.000000
19.592690	1.595196	3.926991	24.330442	1.418131	5.008625	716.266000	711.847000	25.000000
19.592690	1.595196	3.926991	12.476077	1.401669	4.586017	716.266000	712.945000	25.000000
19.592690	1.595196	3.926991	19.938405	1.280871	5.786763	716.266000	713.567000	25.000000
19.592690	1.595196	3.926991	19.154634	1.279560	5.782969	716.266000	714.665000	25.000000
19.592690	1.595196	3.926991	23.071411	1.303218	5.670250	716.266000	715.287000	25.000000
19.592690	1.595196	3.926991	15.314699	1.286194	5.589318	716.266000	716.385000	25.000000
19.592690	1.595196	3.926991	19.156722	1.230161	0.580322	716.266000	717.007000	25.000000
19.592690	1.595196	3.926991	20.067386	1.144385	0.515073	716.266000	718.105000	25.000000
19.592690	1.595196	3.926991	11.198701	0.722603	0.619465	716.266000	718.727000	25.000000
19.585622	1.595204	3.926630	19.148694	1.513320	2.187093	716.266000	719.824000	25.000000
19.592690	1.595196	3.926991	18.377228	1.126437	0.749167	716.266000	720.447000	25.000000
19.592690	1.595196	3.926991	17.514405	1.462100	1.945970	716.266000	721.544000	25.000000
19.585622	1.595204	3.926630	8.642338	1.360983	2.951158	716.266000	722.166000	25.000000
19.592690	1.595196	3.926991	21.397430	1.301154	1.522291	716.266000	723.264000	25.000000
19.592690	1.595196	3.926991	24.506326	1.298111	2.506566	716.266000	723.886000	25.000000
19.592690	1.595196	3.926991	11.492415	1.671905	2.939051	716.266000	724.984000	25.000000
19.592690	1.595196	3.926991	18.980896	1.577119	2.490715	716.266000	725.606000	25.000000
19.592690	1.595196	3.926991	20.086314	1.425913	2.974790	716.266000	726.704000	25.000000
19.592690	1.595196	3.926991	20.977037	1.585575	3.611637	716.266000	727.326000	25.000000
19.592690	1.595196	3.926991	18.039127	1.597963	3.938755	716.266000	728.424000	25.000000
19.592690	1.595196	3.926991	19.331849	1.595628	3.974574	716.266000	729.046000	25.000000
19.592690	1.595196	3.926991	19.845909	1.595489	3.991188	716.266000	730.144000	25.000000
19.592690	1.595196	3.926991	19.665462	1.595207	3.941378	716.266000	730.766000	25.000000
19.592690	1.595196	3.926991	19.454573	1.595472	3.945171	716.266000	731.864000	25.000000
19.585622	1.595204	3.926630	19.668759	1.596729	3.905411	717.126000	708.407000	25.000000
19.592690	1.595196	3.926991	19.458160	1.596495	3.901542	717.126000	709.505000	25.000000
19.592690	1.595196	3.926991	19.804908	1.602107	3.844740	717.126000	710.127000	25.000000
19.592690	1.595196	3.926991	19.415241	1.598613	3.868663	717.126000	711.225000	25.000000
19.592690	1.595196	3.926991	18.140631	1.590091	3.864572	717.126000	711.847000	25.000000
19.592690	1.595196	3.926991	20.671236	1.498168	4.536874	717.126000	712.945000	25.000000
19.592690	1.595196	3.926991	15.769908	1.274798	5.778019	717.126000	713.567000	25.000000
19.592690	1.595196	3.926991	22.695594	1.357692	5.430795	717.126000	714.665000	25.000000
19.592690	1.595196	3.926991	22.555265	1.319893	5.739626	717.126000	715.287000	25.000000
19.592690	1.595196	3.926991	16.014369	1.311894	5.630641	717.126000	716.385000	25.000000
19.592690	1.595196	3.926991	18.207141	1.229156	0.134478	717.126000	717.007000	25.000000
19.592690	1.595196	3.926991	20.908697	1.274746	6.059310	717.126000	718.105000	25.000000
19.592690	1.595196	3.926991	18.145523	1.070760	0.483308	717.126000	718.727000	25.000000
19.585622	1.595204	3.926630	19.024721	1.385771	1.570796	717.126000	719.824000	25.000000
19.592690	1.595196	3.926991	9.696391	1.004770	2.529866	717.126000	720.447000	25.000000
19.592690	1.595196	3.926991	24.636558	1.432348	1.957391	717.126000	721.544000	25.000000
19.585622	1.595204	3.926630	21.040437	1.271685	0.834654	717.126000	722.166000	25.000000
19.592690	1.595196	3.926991	10.230347	1.413754	2.243992	717.126000	723.264000	25.000000
19.592690	1.595196	3.926991	20.477864	1.632854	2.373494	717.126000	723.886000	25.000000
19.592690	1.595196	3.926991	18.672536	1.189990	2.561590	717.126000	724.984000	25.000000
19.592690	1.595196	3.926991	20.519554	1.305001	1.712693	717.126000	725.606000	25.000000
19.592690	1.595196	3.926991	17.872448	1.620054	2.463352	717.126000	726.704000	25.000000
19.592690	1.595196	3.926991	20.229930	1.570401	3.370985	717.126000	727.326000	25.000000
19.592690	1.595196	3.926991	18.877026	1.590769	3.844472	717.126000	728.424000	25.000000
19.592690	1.595196	3.926991	19.638747	1.595240	3.995476	717.126000	729.046000	25.000000
19.592690	1.595196	3.926991	19.497702	1.595417	3.995972	717.126000	730.144000	25.000000
19.592690	1.595196	3.926991	19.461768	1.595463	3.959706	717.126000	730.766000	25.000000
19.592690	1.595196	3.926991	19.740084	1.594608	3.952075	717.126000	731.864000	25.000000
19.592690	1.595196	3.926991	19.593644	1.594786	3.937821	717.126000	732.486000	25.000000
19.585622	1.595204	3.926630	19.594134	1.595806	3.916161	717.986000	708.407000	25.000000
19.592690	1.595196	3.926991	19.745655	1.597641	3.894744	717.986000	710.127000	25.000000
19.592690	1.595196	3.926991	19.541773	1.597921	3.883540	717.986000	711.225000	25.000000
19.592690	1.595196	3.926991	19.914477	1.599925	3.866566	717.986000	711.847000	25.000000
19.592690	1.595196	3.926991	19.241936	1.591066	3.904936	717.986000	712.945000	25.000000
19.592690	1.595196	3.926991	19.175789	1.385654	5.259178	717.986000	713.567000	25.000000
19.592690	1.595196	3.926991	19.583976	1.499760	4.527041	717.986000	714.665000	25.000000
19.592690	1.595196	3.926991	19.146540	1.322787	5.807490	717.986000	715.287000	25.000000
19.592690	1.595196	3.926991	20.009998	1.328554	5.778087	717.986000	716.385000	25.000000
19.592690	1.595196	3.926991	16.662533	1.353026	5.471706	717.986000	717.007000	25.000000
19.592690	1.595196	3.926991	22.058332	1.332818	5.781977	717.986000	718.105000	25.000000
19.592690	1.595196	3.926991	19.206770	1.203334	0.558599	717.986000	718.727000	25.000000
19.585622	1.595204	3.926630	19.952945	1.296742	0.547562	717.986000	719.824000	25.000000
19.592690	1.595196	3.926991	13.900129	1.542016	2.621911	717.986000	720.447000	25.000000
19.592690	1.595196	3.926991	17.186378	1.125668	1.069083	717.986000	721.544000	25.000000
19.585622	1.595204	3.926630	21.747873	1.469464	1.747343	717.986000	722.166000	25.000000
19.592690	1.595196	3.926991	12.831991	1.127836	0.595180	717.986000	723.264000	25.000000
19.592690	1.595196	3.926991	20.924627	1.339340	1.442787	717.986000	723.886000	25.000000
19.592690	1.595196	3.926991	9.945758	1.479172	2.854971	717.986000	724.984000	25.000000
19.592690	1.595196	3.926991	19.146540	1.544679	2.215342	717.986000	725.606000	25.000000
19.592690	1.595196	3.926991	19.313366	1.398562	3.025712	717.986000	726.704000	25.000000
19.592690	1.595196	3.926991	15.741029	1.570796	2.904318	717.986000	727.326000	25.000000
19.592690	1.595196	3.926991	22.644417	1.510701	2.602691	717.986000	728.424000	25.000000
19.592690	1.595196	3.926991	18.817037	1.595776	3.942027	717.986000	729.046000	25.000000
19.592690	1.595196	3.926991	20.222267	1.596019	3.591967	717.986000	730.144000	25.000000
19.592690	1.595196	3.926991	19.331604	1.595111	3.974574	717.986000	730.766000	25.000000
19.592690	1.595196	3.926991	19.911577	1.594403	3.987415	717.986000	731.864000	25.000000
19.592690	1.595196	3.926991	19.595928	1.595294	3.945039	717.986000	732.486000	25.000000
19.585622	1.595204	3.926630	19.526415	1.594869	3.948727	717.986000	733.583000	25.000000
19.592690	1.595196	3.926991	19.593644	1.594786	3.937821	717.986000	735.303000	25.000000
19.592690	1.595196	3.926991	19.594134	1.595806	3.916161	718.846000	709.505000	25.000000
19.592690	1.595196	3.926991	19.596428	1.596314	3.908942	718.846000	710.127000	25.000000
19.592690	1.595196	3.926991	19.526907	1.595893	3.905255	718.846000	711.225000	25.000000
19.592690	1.595196	3.926991	19.804292	1.601097	3.844740	718.846000	711.847000	25.000000
19.592690	1.595196	3.926991	19.414966	1.598098	3.868663	718.846000	712.945000	25.000000
19.592690	1.595196	3.926991	21.577185	1.597216	3.943383	718.846000	713.567000	25.000000
19.592690	1.595196	3.926991	17.077072	1.487548	4.594594	718.846000	714.665000	25.000000
19.592690	1.595196	3.926991	23.092206	1.387899	5.469757	718.846000	715.287000	25.000000
19.592690	1.595196	3.926991	15.325143	1.326954	5.762371	718.846000	716.385000	25.000000
19.592690	1.595196	3.926991	21.942880	1.378202	5.599743	718.846000	717.007000	25.000000
19.592690	1.595196	3.926991	16.807141	1.342730	5.841392	718.846000	718.105000	25.000000
19.592690	1.595196	3.926991	20.624134	1.295818	0.122730	718.846000	718.727000	25.000000
19.585622	1.595204	3.926630	18.338211	1.328496	6.045019	718.846000	719.824000	25.000000
19.592690	1.595196	3.926991	22.928803	1.251377	0.710619	718.846000	720.447000	25.000000
19.592690	1.595196	3.926991	12.638829	1.355510	1.725293	718.846000	721.544000	25.000000
19.585622	1.595204	3.926630	23.502340	1.604842	2.241548	718.846000	722.166000	25.000000
19.592690	1.595196	3.926991	12.609124	0.913891	1.701362	718.846000	723.264000	25.000000
19.592690	1.595196	3.926991	21.610414	1.356295	0.889399	718.846000	723.886000	25.000000
19.592690	1.595196	3.926991	8.802840	1.434051	2.283154	718.846000	724.984000	25.000000
19.592690	1.595196	3.926991	17.365451	1.589801	2.548798	718.846000	725.606000	25.000000
19.592690	1.595196	3.926991	21.514237	1.368625	2.336063	718.846000	726.704000	25.000000
19.592690	1.595196	3.926991	25.020520	1.573994	2.075566	718.846000	727.326000	25.000000
19.592690	1.595196	3.926991	10.976812	1.342898	2.005164	718.846000	728.424000	25.000000
19.592690	1.595196	3.926991	20.352250	1.585046	3.374653	718.846000	729.046000	25.000000
19.592690	1.595196	3.926991	18.596602	1.594459	3.843218	718.846000	730.144000	25.000000
19.592690	1.595196	3.926991	19.572963	1.594811	3.999328	718.846000	730.766000	25.000000
19.592690	1.595196	3.926991	19.638269	1.594222	3.995476	718.846000	731.864000	25.000000
19.592690	1.595196	3.926991	19.534608	1.594859	3.963207	718.846000	732.486000	25.000000
19.585622	1.595204	3.926630	19.667763	1.594696	3.948570	718.846000	733.583000	25.000000
19.592690	1.595196	3.926991	19.524346	1.595896	3.912499	719.706000	710.127000	25.000000
19.592690	1.595196	3.926991	19.594134	1.595806	3.916161	719.706000	711.225000	25.000000
19.592690	1.595196	3.926991	19.745389	1.597135	3.894744	719.706000	711.847000	25.000000
19.592690	1.595196	3.926991	19.400268	1.597603	3.883223	719.706000	712.945000	25.000000
19.592690	1.595196	3.926991	20.096020	1.595679	3.898829	719.706000	713.567000	25.000000
19.592690	1.595196	3.926991	19.122827	1.594331	3.875185	719.706000	714.665000	25.000000
19.592690	1.595196	3.926991	20.976227	1.432582	5.225565	719.706000	715.287000	25.000000
19.592690	1.595196	3.926991	17.682899	1.510249	4.512771	719.706000	716.385000	25.000000
19.592690	1.595196	3.926991	19.202864	1.376904	5.779180	719.706000	717.007000	25.000000
19.592690	1.595196	3.926991	19.992999	1.369367	5.828670	719.706000	718.105000	25.000000
19.592690	1.595196	3.926991	18.836401	1.367665	5.870464	719.706000	718.727000	25.000000
19.585622	1.595204	3.926630	20.207919	1.411773	5.462341	719.706000	719.824000	25.000000
19.592690	1.595196	3.926991	19.065676	1.332522	0.589500	719.706000	720.447000	25.000000
19.592690	1.595196	3.926991	19.978488	1.302296	0.521722	719.706000	721.544000	25.000000
19.585622	1.595204	3.926630	20.463013	1.334021	1.371922	719.706000	722.166000	25.000000
19.592690	1.595196	3.926991	8.426084	1.415895	2.948202	719.706000	723.264000	25.000000
19.592690	1.595196	3.926991	9.966288	1.457170	2.147595	719.706000	723.886000	25.000000
19.592690	1.595196	3.926991	23.028298	1.371905	1.051650	719.706000	724.984000	25.000000
19.592690	1.595196	3.926991	20.804137	1.576084	2.233526	719.706000	725.606000	25.000000
19.592690	1.595196	3.926991	10.243539	1.168572	0.852964	719.706000	726.704000	25.000000
19.592690	1.595196	3.926991	16.247720	1.618822	2.181017	719.706000	727.326000	25.000000
19.592690	1.595196	3.926991	21.864355	1.442381	2.908918	719.706000	728.424000	25.000000
19.592690	1.595196	3.926991	22.741540	1.562266	2.601173	719.706000	729.046000	25.000000
19.592690	1.595196	3.926991	15.842551	1.589355	2.879770	719.706000	730.144000	25.000000
19.592690	1.595196	3.926991	15.851233	1.599820	3.761108	719.706000	730.766000	25.000000
19.592690	1.595196	3.926991	22.656215	1.602139	3.763896	719.706000	731.864000	25.000000
19.592690	1.595196	3.926991	19.338369	1.594068	3.981881	719.706000	732.486000	25.000000
19.585622	1.595204	3.926630	19.836623	1.593988	3.984072	719.706000	733.583000	25.000000
19.592690	1.595196	3.926991	19.595686	1.594783	3.945039	719.706000	734.206000	25.000000
19.592690	1.595196	3.926991	19.454329	1.594958	3.945171	719.706000	735.303000	25.000000
19.585622	1.595204	3.927352	19.596176	1.595804	3.908942	720.565000	711.847000	25.000000
19.585622	1.595204	3.927352	19.530492	1.595888	3.898013	720.565000	712.945000	25.000000
19.585622	1.595204	3.927352	19.738918	1.599677	3.840873	720.565000	713.567000	25.000000
19.585622	1.595204	3.927352	19.414695	1.597583	3.868663	720.565000	714.665000	25.000000
19.585622	1.595204	3.927352	13.860144	1.566467	3.916787	720.565000	715.287000	25.000000
19.585622	1.595204	3.927352	23.672989	1.550519	4.425384	720.565000	716.385000	25.000000
19.585622	1.595204	3.927352	17.983048	1.386244	5.857494	720.565000	717.007000	25.000000
19.585622	1.595204	3.927352	20.988330	1.432181	5.381871	720.565000	718.105000	25.000000
19.585622	1.595204	3.927352	20.328797	1.422681	5.547043	720.565000	718.727000	25.000000
19.578552	1.595213	3.926991	18.807179	1.394418	5.889641	720.565000	719.824000	25.000000
19.585622	1.595204	3.927352	22.416336	1.359560	0.040617	720.565000	720.447000	25.000000
19.585622	1.595204	3.927352	16.214268	1.365840	6.134607	720.565000	721.544000	25.000000
19.578552	1.595213	3.926991	25.238265	1.391537	1.038664	720.565000	722.166000	25.000000
19.585622	1.595204	3.927352	6.673080	1.087666	1.152572	720.565000	723.264000	25.000000
19.585622	1.595204	3.927352	10.957189	1.396513	2.574153	720.565000	723.886000	25.000000
19.585622	1.595204	3.927352	24.356568	1.439862	1.851940	720.565000	724.984000	25.000000
19.585622	1.595204	3.927352	10.374488	1.307511	0.252242	720.565000	725.606000	25.000000
19.585622	1.595204	3.927352	20.724500	1.519144	1.667580	720.565000	726.704000	25.000000
19.585622	1.595204	3.927352	20.722210	1.590100	2.359607	720.565000	727.326000	25.000000
19.585622	1.595204	3.927352	18.425746	1.429765	2.480549	720.565000	728.424000	25.000000
19.585622	1.595204	3.927352	25.060420	1.577061	1.998745	720.565000	729.046000	25.000000
19.585622	1.595204	3.927352	11.044470	1.538104	2.156286	720.565000	730.144000	25.000000
19.585622	1.595204	3.927352	14.465563	1.601910	3.561924	720.565000	730.766000	25.000000
19.585622	1.595204	3.927352	23.580280	1.597941	3.622316	720.565000	731.864000	25.000000
19.585622	1.595204	3.927352	19.637810	1.593204	3.995476	720.565000	732.486000	25.000000
19.578552	1.595213	3.926991	19.572726	1.594301	3.999328	720.565000	733.583000	25.000000
19.585622	1.595204	3.927352	19.534370	1.594347	3.963207	720.565000	734.206000	25.000000
19.585622	1.595204	3.927352	19.740084	1.594608	3.952075	720.565000	735.303000	25.000000
19.585622	1.595204	3.927352	19.523855	1.594872	3.941483	720.565000	735.926000	25.000000
19.585622	1.595204	3.927352	19.594134	1.595806	3.916161	721.425000	711.847000	25.000000
19.585622	1.595204	3.927352	19.735504	1.595627	3.916239	721.425000	712.945000	25.000000
19.585622	1.595204	3.927352	19.672061	1.596216	3.898222	721.425000	713.567000	25.000000
19.585622	1.595204	3.927352	19.473831	1.596988	3.879753	721.425000	714.665000	25.000000
19.585622	1.595204	3.927352	19.564787	1.597889	3.861866	721.425000	715.287000	25.000000
19.585622	1.595204	3.927352	19.592509	1.592235	3.916161	721.425000	716.385000	25.000000
19.585622	1.595204	3.927352	24.675634	1.515247	4.818116	721.425000	717.007000	25.000000
19.585622	1.595204	3.927352	11.847363	1.435331	5.115044	721.425000	718.105000	25.000000
19.585622	1.595204	3.927352	19.318903	1.425348	5.775071	721.425000	718.727000	25.000000
19.578552	1.595213	3.926991	19.863031	1.419182	5.835482	721.425000	719.824000	25.000000
19.585622	1.595204	3.927352	22.852869	1.441790	5.594662	721.425000	720.447000	25.000000
19.585622	1.595204	3.927352	15.548749	1.413219	5.772924	721.425000	721.544000	25.000000
19.578552	1.595213	3.926991	19.084549	1.375687	0.576151	721.425000	722.166000	25.000000
19.585622	1.595204	3.927352	20.067137	1.385354	0.531724	721.425000	723.264000	25.000000
19.585622	1.595204	3.927352	19.233837	1.364489	1.239135	721.425000	723.886000	25.000000
19.585622	1.595204	3.927352	10.720452	1.533476	2.798883	721.425000	724.984000	25.000000
19.585622	1.595204	3.927352	13.023751	1.539310	2.120438	721.425000	725.606000	25.000000
19.585622	1.595204	3.927352	21.311192	1.423392	0.930142	721.425000	726.704000	25.000000
19.585622	1.595204	3.927352	15.073871	1.406867	1.049982	721.425000	727.326000	25.000000
19.585622	1.595204	3.927352	17.652660	1.594591	2.468622	721.425000	728.424000	25.000000
19.585622	1.595204	3.927352	11.787281	1.621721	2.857459	721.425000	729.046000	25.000000
19.585622	1.595204	3.927352	24.623651	1.541389	2.465583	721.425000	730.144000	25.000000
19.585622	1.595204	3.927352	22.737634	1.623597	2.828198	721.425000	730.766000	25.000000
19.585622	1.595204	3.927352	15.758709	1.594278	2.564153	721.425000	731.864000	25.000000
19.585622	1.595204	3.927352	16.112669	1.596245	3.843485	721.425000	732.486000	25.000000
19.578552	1.595213	3.926991	22.462003	1.613548	3.711056	721.425000	733.583000	25.000000
19.585622	1.595204	3.927352	19.338138	1.593551	3.981881	721.425000	734.206000	25.000000
19.585622	1.595204	3.927352	19.903306	1.593910	3.980321	721.425000	735.303000	25.000000
19.585622	1.595204	3.927352	19.665221	1.594699	3.941378	721.425000	735.926000	25.000000
19.585622	1.595204	3.927352	19.454329	1.594958	3.945171	721.425000	737.023000	25.000000
19.592690	1.595196	3.926991	19.596176	1.595804	3.908942	722.285000	713.567000	25.000000
19.592690	1.595196	3.926991	19.526907	1.595893	3.905255	722.285000	714.665000	25.000000
19.592690	1.595196	3.926991	19.738351	1.598664	3.840873	722.285000	715.287000	25.000000
19.592690	1.595196	3.926991	19.414430	1.597068	3.868663	722.285000	716.385000	25.000000
19.592690	1.595196	3.926991	22.264503	1.549820	4.508826	722.285000	717.007000	25.000000
19.592690	1.595196	3.926991	16.079694	1.586842	3.869785	722.285000	718.105000	25.000000
19.592690	1.595196	3.926991	14.172382	1.434904	5.624016	722.285000	718.727000	25.000000
19.585622	1.595204	3.926630	23.679994	1.460352	5.603136	722.285000	719.824000	25.000000
19.592690	1.595196	3.926991	22.659270	1.453578	5.725999	722.285000	720.447000	25.000000
19.592690	1.595196	3.926991	16.013170	1.448089	5.703908	722.285000	721.544000	25.000000
19.585622	1.595204	3.926630	22.287775	1.427629	6.162766	722.285000	722.166000	25.000000
19.592690	1.595196	3.926991	16.361739	1.414926	0.088587	722.285000	723.264000	25.000000
19.592690	1.595196	3.926991	7.169554	1.207165	0.658425	722.285000	723.886000	25.000000
19.592690	1.595196	3.926991	25.002800	1.462597	1.161150	722.285000	724.984000	25.000000
19.592690	1.595196	3.926991	10.379600	1.207342	1.715609	722.285000	725.606000	25.000000
19.592690	1.595196	3.926991	24.731577	1.592228	2.192456	722.285000	726.704000	25.000000
19.592690	1.595196	3.926991	23.024207	1.518219	1.173329	722.285000	727.326000	25.000000
19.592690	1.595196	3.926991	2.298021	1.338068	2.034444	722.285000	728.424000	25.000000
19.592690	1.595196	3.926991	18.876042	1.553631	2.438713	722.285000	729.046000	25.000000
19.592690	1.595196	3.926991	20.369094	1.570944	2.377025	722.285000	730.144000	25.000000
19.592690	1.595196	3.926991	24.982116	1.603225	2.000407	722.285000	730.766000	25.000000
19.592690	1.595196	3.926991	11.104688	1.679976	2.156286	722.285000	731.864000	25.000000
19.592690	1.595196	3.926991	22.140255	1.617335	3.430451	722.285000	732.486000	25.000000
19.585622	1.595204	3.926630	16.716306	1.596523	3.821006	722.285000	733.583000	25.000000
19.592690	1.595196	3.926991	19.496759	1.593366	3.995972	722.285000	734.206000	25.000000
19.592690	1.595196	3.926991	19.637589	1.592695	3.995476	722.285000	735.303000	25.000000
19.592690	1.595196	3.926991	19.534137	1.593835	3.963207	722.285000	735.926000	25.000000
19.592690	1.595196	3.926991	19.595686	1.594783	3.945039	722.285000	737.023000	25.000000
19.585622	1.595204	3.926630	19.523855	1.594872	3.941483	722.285000	737.645000	25.000000
19.592690	1.595196	3.926991	19.593644	1.594786	3.937821	722.285000	738.743000	25.000000
19.592690	1.595196	3.926991	19.593887	1.595296	3.916161	723.145000	713.567000	25.000000
19.592690	1.595196	3.926991	19.735504	1.595627	3.916239	723.145000	714.665000	25.000000
19.592690	1.595196	3.926991	19.603571	1.596305	3.894511	723.145000	715.287000	25.000000
19.592690	1.595196	3.926991	19.615048	1.596800	3.880094	723.145000	716.385000	25.000000
19.592690	1.595196	3.926991	20.106477	1.596662	3.884762	723.145000	717.007000	25.000000
19.592690	1.595196	3.926991	19.104879	1.592782	3.897370	723.145000	718.105000	25.000000
19.592690	1.595196	3.926991	12.395035	1.479504	5.183283	723.145000	718.727000	25.000000
19.585622	1.595204	3.926630	24.387956	1.537167	4.790420	723.145000	719.824000	25.000000
19.592690	1.595196	3.926991	19.115703	1.466504	5.843063	723.145000	720.447000	25.000000
19.592690	1.595196	3.926991	20.012496	1.470692	5.785843	723.145000	721.544000	25.000000
19.585622	1.595204	3.926630	15.094373	1.471923	5.649005	723.145000	722.166000	25.000000
19.592690	1.595196	3.926991	23.149203	1.477353	5.689166	723.145000	723.264000	25.000000
19.592690	1.595196	3.926991	19.153979	1.443587	0.579244	723.145000	723.886000	25.000000
19.592690	1.595196	3.926991	20.064905	1.446881	0.537836	723.145000	724.984000	25.000000
19.592690	1.595196	3.926991	5.717342	1.444528	3.035608	723.145000	725.606000	25.000000
19.592690	1.595196	3.926991	21.263335	1.483682	1.482402	723.145000	726.704000	25.000000
19.592690	1.595196	3.926991	24.634815	1.538722	1.436366	723.145000	727.326000	25.000000
19.592690	1.595196	3.926991	4.495831	1.434695	0.980303	723.145000	728.424000	25.000000
19.592690	1.595196	3.926991	23.210827	1.572950	1.818910	723.145000	729.046000	25.000000
19.592690	1.595196	3.926991	1.688194	1.452048	1.873681	723.145000	730.144000	25.000000
19.592690	1.595196	3.926991	18.576838	1.606871	2.191672	723.145000	730.766000	25.000000
19.592690	1.595196	3.926991	20.076842	1.627609	2.955938	723.145000	731.864000	25.000000
19.592690	1.595196	3.926991	15.508453	1.577889	2.576842	723.145000	732.486000	25.000000
19.585622	1.595204	3.926630	22.799888	1.699662	2.826835	723.145000	733.583000	25.000000
19.592690	1.595196	3.926991	21.595233	1.607387	3.890941	723.145000	734.206000	25.000000
19.592690	1.595196	3.926991	17.412857	1.613306	3.612952	723.145000	735.303000	25.000000
19.592690	1.595196	3.926991	19.345751	1.591991	3.989182	723.145000	735.926000	25.000000
19.592690	1.595196	3.926991	19.822273	1.593500	3.969822	723.145000	737.023000	25.000000
19.585622	1.595204	3.926630	19.665221	1.594699	3.941378	723.145000	737.645000	25.000000
19.592690	1.595196	3.926991	19.526177	1.594357	3.948727	723.145000	738.743000	25.000000
19.592690	1.595196	3.926991	19.665462	1.595207	3.912603	724.005000	715.287000	25.000000
19.592690	1.595196	3.926991	19.599237	1.595800	3.901725	724.005000	716.385000	25.000000
19.592690	1.595196	3.926991	19.661139	1.597248	3.844148	724.005000	717.007000	25.000000
19.592690	1.595196	3.926991	19.481019	1.596979	3.872499	724.005000	718.105000	25.000000
19.592690	1.595196	3.926991	12.693953	1.547634	4.497994	724.005000	718.727000	25.000000
19.585622	1.595204	3.926630	24.328649	1.588390	4.114124	724.005000	719.824000	25.000000
19.592690	1.595196	3.926991	14.213335	1.488386	5.612854	724.005000	720.447000	25.000000
19.592690	1.595196	3.926991	23.704618	1.500288	5.617691	724.005000	721.544000	25.000000
19.585622	1.595204	3.926630	15.962093	1.494291	5.749231	724.005000	722.166000	25.000000
19.592690	1.595196	3.926991	22.662621	1.499252	5.702545	724.005000	723.264000	25.000000
19.592690	1.595196	3.926991	17.500003	1.484403	6.086915	724.005000	723.886000	25.000000
19.592690	1.595196	3.926991	21.422161	1.476830	0.109466	724.005000	724.984000	25.000000
19.592690	1.595196	3.926991	16.246135	1.439310	0.435877	724.005000	725.606000	25.000000
19.592690	1.595196	3.926991	20.225667	1.534201	1.536157	724.005000	726.704000	25.000000
19.592690	1.595196	3.926991	24.222182	1.600113	2.265535	724.005000	727.326000	25.000000
19.592690	1.595196	3.926991	11.753059	1.410148	1.588036	724.005000	728.424000	25.000000
19.592690	1.595196	3.926991	21.971811	1.569795	0.960070	724.005000	729.046000	25.000000
19.592690	1.595196	3.926991	6.943215	1.618198	2.315401	724.005000	730.144000	25.000000
19.592690	1.595196	3.926991	19.772041	1.624433	2.395601	724.005000	730.766000	25.000000
19.592690	1.595196	3.926991	19.357696	1.597662	2.425680	724.005000	731.864000	25.000000
19.592690	1.595196	3.926991	15.039644	1.635337	2.464771	724.005000	732.486000	25.000000
19.585622	1.595204	3.926630	22.867392	1.712961	1.788986	724.005000	733.583000	25.000000
19.592690	1.595196	3.926991	22.563058	1.635549	3.457725	724.005000	734.206000	25.000000
19.592690	1.595196	3.926991	16.106818	1.593149	3.803725	724.005000	735.303000	25.000000
19.592690	1.595196	3.926991	19.582770	1.592756	4.006533	724.005000	735.926000	25.000000
19.592690	1.595196	3.926991	19.627993	1.591686	3.988286	724.005000	737.023000	25.000000
19.585622	1.595204	3.926630	19.534137	1.593835	3.963207	724.005000	737.645000	25.000000
19.592690	1.595196	3.926991	19.595448	1.594273	3.945039	724.005000	738.743000	25.000000
19.592690	1.595196	3.926991	19.524098	1.595384	3.912499	724.865000	715.287000	25.000000
19.592690	1.595196	3.926991	19.735258	1.595121	3.916239	724.865000	716.385000	25.000000
19.592690	1.595196	3.926991	19.599237	1.595800	3.901725	724.865000	717.007000	25.000000
19.592690	1.595196	3.926991	19.614790	1.596290	3.880094	724.865000	718.105000	25.000000
19.592690	1.595196	3.926991	19.272530	1.595705	3.868235	724.865000	718.727000	25.000000
19.592690	1.595196	3.926991	14.879600	1.560715	4.557185	724.865000	720.447000	25.000000
19.592690	1.595196	3.926991	23.045121	1.537812	5.166328	724.865000	721.544000	25.000000
19.585622	1.595204	3.926630	20.159613	1.516205	5.797319	724.865000	722.166000	25.000000
19.592690	1.595196	3.926991	18.992936	1.516012	5.836046	724.865000	723.264000	25.000000
19.592690	1.595196	3.926991	23.219968	1.522112	5.672459	724.865000	723.886000	25.000000
19.592690	1.595196	3.926991	15.135310	1.520561	5.686009	724.865000	724.984000	25.000000
19.592690	1.595196	3.926991	19.627351	1.506045	0.529912	724.865000	725.606000	25.000000
19.592690	1.595196	3.926991	19.529775	1.513929	0.580890	724.865000	726.704000	25.000000
19.592690	1.595196	3.926991	18.836677	1.518747	1.195226	724.865000	727.326000	25.000000
19.592690	1.595196	3.926991	11.433084	1.590915	2.746465	724.865000	728.424000	25.000000
19.592690	1.595196	3.926991	4.134441	1.677421	1.497756	724.865000	729.046000	25.000000
19.592690	1.595196	3.926991	24.610764	1.583393	1.347896	724.865000	730.144000	25.000000
19.592690	1.595196	3.926991	23.130692	1.606687	1.802135	724.865000	730.766000	25.000000
19.592690	1.595196	3.926991	1.981136	2.059439	2.111216	724.865000	731.864000	25.000000
19.592690	1.595196	3.926991	25.109610	1.728763	2.636453	724.865000	732.486000	25.000000
19.585622	1.595204	3.926630	10.767432	1.548505	2.527823	724.865000	733.583000	25.000000
19.592690	1.595196	3.926991	15.095778	1.560860	2.621625	724.865000	734.206000	25.000000
19.592690	1.595196	3.926991	23.135471	1.770959	2.818447	724.865000	735.303000	25.000000
19.592690	1.595196	3.926991	17.283807	1.617099	3.623373	724.865000	735.926000	25.000000
19.592690	1.595196	3.926991	21.599537	1.612476	3.890941	724.865000	737.023000	25.000000
19.585622	1.595204	3.926630	19.420404	1.590880	3.992590	724.865000	737.645000	25.000000
19.592690	1.595196	3.926991	19.748509	1.593078	3.966397	724.865000	738.743000	25.000000
19.592690	1.595196	3.926991	19.665221	1.594699	3.941378	724.865000	739.365000	25.000000
19.592690	1.595196	3.926991	19.454090	1.594444	3.945171	724.865000	740.463000	25.000000
19.592690	1.595196	3.926991	19.593644	1.594786	3.937821	724.865000	742.183000	25.000000
19.592690	1.595196	3.926991	19.665709	1.595715	3.912603	725.725000	717.007000	25.000000
19.592690	1.595196	3.926991	19.530492	1.595888	3.898013	725.725000	718.105000	25.000000
19.592690	1.595196	3.926991	19.596173	1.596314	3.840252	725.725000	718.727000	25.000000
19.585622	1.595204	3.926630	19.555053	1.595856	3.869085	725.725000	719.824000	25.000000
19.592690	1.595196	3.926991	14.115241	1.571151	4.584519	725.725000	720.447000	25.000000
19.592690	1.595196	3.926991	23.588969	1.591104	4.050230	725.725000	721.544000	25.000000
19.585622	1.595204	3.926630	16.339367	1.535904	5.846928	725.725000	722.166000	25.000000
19.592690	1.595196	3.926991	22.232778	1.544706	5.453231	725.725000	723.264000	25.000000
19.592690	1.595196	3.926991	18.170099	1.540522	5.893477	725.725000	723.886000	25.000000
19.592690	1.595196	3.926991	20.864573	1.545871	5.579239	725.725000	724.984000	25.000000
19.592690	1.595196	3.926991	17.912962	1.537853	0.150823	725.725000	725.606000	25.000000
19.592690	1.595196	3.926991	21.134297	1.538142	6.108074	725.725000	726.704000	25.000000
19.592690	1.595196	3.926991	13.138332	1.576581	1.715923	725.725000	727.326000	25.000000
19.592690	1.595196	3.926991	22.340208	1.545279	0.677538	725.725000	728.424000	25.000000
19.592690	1.595196	3.926991	13.812998	1.594689	1.534580	725.725000	729.046000	25.000000
19.592690	1.595196	3.926991	23.129438	1.593713	2.347020	725.725000	730.144000	25.000000
19.592690	1.595196	3.926991	1.735540	2.264735	1.343997	725.725000	730.766000	25.000000
19.592690	1.595196	3.926991	23.055099	1.624606	1.243551	725.725000	731.864000	25.000000
19.592690	1.595196	3.926991	19.842137	1.747092	2.399645	725.725000	732.486000	25.000000
19.585622	1.595204	3.926630	19.426281	1.569767	2.429058	725.725000	733.583000	25.000000
19.592690	1.595196	3.926991	21.573595	1.547618	2.346359	725.725000	734.206000	25.000000
19.592690	1.595196	3.926991	16.658031	1.991290	1.689442	725.725000	735.303000	25.000000
19.592690	1.595196	3.926991	15.579990	1.615098	3.434896	725.725000	735.926000	25.000000
19.592690	1.595196	3.926991	22.846234	1.635623	3.727162	725.725000	737.023000	25.000000
19.585622	1.595204	3.926630	19.571408	1.591236	3.999328	725.725000	737.645000	25.000000
19.592690	1.595196	3.926991	19.702591	1.590592	3.991649	725.725000	738.743000	25.000000
19.592690	1.595196	3.926991	19.607233	1.593239	3.966681	725.725000	739.365000	25.000000
19.592690	1.595196	3.926991	19.526177	1.594357	3.948727	725.725000	740.463000	25.000000
19.592690	1.595196	3.926991	19.523616	1.594360	3.941483	725.725000	741.085000	25.000000
19.592690	1.595196	3.926991	19.593644	1.594786	3.937821	725.725000	742.183000	25.000000
19.592690	1.595196	3.926991	19.524098	1.595384	3.912499	726.585000	717.007000	25.000000
19.592690	1.595196	3.926991	19.593887	1.595296	3.916161	726.585000	718.105000	25.000000
19.592690	1.595196	3.926991	19.530243	1.595376	3.898013	726.585000	718.727000	25.000000
19.585622	1.595204	3.926630	19.614538	1.595780	3.880094	726.585000	719.824000	25.000000
19.592690	1.595196	3.926991	20.173260	1.594592	3.888413	726.585000	720.447000	25.000000
19.592690	1.595196	3.926991	18.896074	1.595142	3.893296	726.585000	721.544000	25.000000
19.585622	1.595204	3.926630	12.204831	1.584480	4.687804	726.585000	722.166000	25.000000
19.592690	1.595196	3.926991	24.478984	1.569734	5.049642	726.585000	723.264000	25.000000
19.592690	1.595196	3.926991	20.304738	1.561931	5.812930	726.585000	723.886000	25.000000
19.592690	1.595196	3.926991	18.872721	1.565604	5.821907	726.585000	724.984000	25.000000
19.592690	1.595196	3.926991	16.378428	1.567499	5.855042	726.585000	725.606000	25.000000
19.592690	1.595196	3.926991	22.306439	1.566986	5.551703	726.585000	726.704000	25.000000
19.592690	1.595196	3.926991	19.305330	1.574733	0.575072	726.585000	727.326000	25.000000
19.592690	1.595196	3.926991	19.911247	1.575216	0.537836	726.585000	728.424000	25.000000
19.592690	1.595196	3.926991	11.590897	1.613947	2.742484	726.585000	729.046000	25.000000
19.592690	1.595196	3.926991	18.690342	1.601833	1.183829	726.585000	730.144000	25.000000
19.592690	1.595196	3.926991	20.001162	1.670455	0.853668	726.585000	730.766000	25.000000
19.592690	1.595196	3.926991	14.975794	1.630930	2.087121	726.585000	731.864000	25.000000
19.592690	1.595196	3.926991	22.988521	1.653104	1.706521	726.585000	732.486000	25.000000
19.585622	1.595204	3.926630	3.893905	2.036913	2.819842	726.585000	733.583000	25.000000
19.592690	1.595196	3.926991	21.967012	1.714229	2.300876	726.585000	734.206000	25.000000
19.592690	1.595196	3.926991	16.206138	1.715069	3.072951	726.585000	735.303000	25.000000
19.592690	1.595196	3.926991	23.319539	1.788204	2.652410	726.585000	735.926000	25.000000
19.592690	1.595196	3.926991	14.671346	1.619891	2.921443	726.585000	737.023000	25.000000
19.585622	1.595204	3.926630	21.551160	1.642780	3.657277	726.585000	737.645000	25.000000
19.592690	1.595196	3.926991	19.571009	1.590214	3.999328	726.585000	739.365000	25.000000
19.592690	1.595196	3.926991	19.607012	1.592729	3.966681	726.585000	740.463000	25.000000
19.592690	1.595196	3.926991	19.665221	1.594699	3.941378	726.585000	741.085000	25.000000
19.592690	1.595196	3.926991	19.595216	1.593763	3.945039	726.585000	742.183000	25.000000
19.592690	1.595196	3.926991	19.595928	1.595294	3.908942	727.445000	718.727000	25.000000
19.585622	1.595204	3.926630	19.598990	1.595290	3.901725	727.445000	719.824000	25.000000
19.592690	1.595196	3.926991	19.659880	1.594705	3.844148	727.445000	720.447000	25.000000
19.592690	1.595196	3.926991	19.554805	1.595345	3.869085	727.445000	721.544000	25.000000
19.585622	1.595204	3.926630	24.823811	1.589328	4.189245	727.445000	722.166000	25.000000
19.592690	1.595196	3.926991	11.676768	1.602488	4.371671	727.445000	723.264000	25.000000
19.592690	1.595196	3.926991	23.669662	1.582204	5.665883	727.445000	723.886000	25.000000
19.592690	1.595196	3.926991	14.303869	1.590652	5.547252	727.445000	724.984000	25.000000
19.592690	1.595196	3.926991	15.936298	1.592133	5.735231	727.445000	725.606000	25.000000
19.592690	1.595196	3.926991	22.613368	1.587601	5.718491	727.445000	726.704000	25.000000
19.592690	1.595196	3.926991	22.252025	1.592819	6.168309	727.445000	727.326000	25.000000
19.592690	1.595196	3.926991	16.482636	1.599315	0.096045	727.445000	728.424000	25.000000
19.592690	1.595196	3.926991	14.655975	1.621309	1.707863	727.445000	729.046000	25.000000
19.592690	1.595196	3.926991	21.455899	1.624887	0.622962	727.445000	730.144000	25.000000
19.592690	1.595196	3.926991	15.345973	1.745673	1.531082	727.445000	730.766000	25.000000
19.592690	1.595196	3.926991	22.084929	1.580305	2.401036	727.445000	731.864000	25.000000
19.592690	1.595196	3.926991	14.602565	1.782614	0.426048	727.445000	732.486000	25.000000
19.585622	1.595204	3.926630	17.979433	1.643164	1.876675	727.445000	733.583000	25.000000
19.592690	1.595196	3.926991	18.885031	1.859679	2.481518	727.445000	734.206000	25.000000
19.592690	1.595196	3.926991	20.231411	1.565853	2.384159	727.445000	735.303000	25.000000
19.592690	1.595196	3.926991	18.626325	2.068966	1.711829	727.445000	735.926000	25.000000
19.592690	1.595196	3.926991	19.699239	1.540334	2.413685	727.445000	737.023000	25.000000
19.585622	1.595204	3.926630	23.251159	1.653467	3.696075	727.445000	737.645000	25.000000
19.592690	1.595196	3.926991	15.004829	1.608793	3.488654	727.445000	738.743000	25.000000
19.592690	1.595196	3.926991	19.571009	1.590214	3.999328	727.445000	739.365000	25.000000
19.592690	1.595196	3.926991	19.646740	1.590139	4.002658	727.445000	740.463000	25.000000
19.592690	1.595196	3.926991	19.675203	1.593161	3.962947	727.445000	741.085000	25.000000
19.592690	1.595196	3.926991	19.456940	1.593926	3.952440	727.445000	742.183000	25.000000
19.592690	1.595196	3.926991	19.524098	1.595384	3.912499	728.305000	718.727000	25.000000
19.585622	1.595204	3.926630	19.593644	1.594786	3.916161	728.305000	719.824000	25.000000
19.592690	1.595196	3.926991	19.602829	1.594775	3.894511	728.305000	720.447000	25.000000
19.592690	1.595196	3.926991	19.688332	1.595179	3.876674	728.305000	721.544000	25.000000
19.585622	1.595204	3.926630	20.111711	1.594168	3.877735	728.305000	722.166000	25.000000
19.592690	1.595196	3.926991	19.099762	1.595406	3.912177	728.305000	723.264000	25.000000
19.592690	1.595196	3.926991	21.430980	1.600197	5.240799	728.305000	723.886000	25.000000
19.592690	1.595196	3.926991	17.156483	1.604026	4.542446	728.305000	724.984000	25.000000
19.592690	1.595196	3.926991	19.667120	1.613520	5.778558	728.305000	725.606000	25.000000
19.592690	1.595196	3.926991	19.479415	1.608794	5.854007	728.305000	726.704000	25.000000
19.592690	1.595196	3.926991	16.703844	1.613914	5.489313	728.305000	727.326000	25.000000
19.592690	1.595196	3.926991	22.021353	1.611677	5.821570	728.305000	728.424000	25.000000
19.592690	1.595196	3.926991	19.348271	1.656698	0.533302	728.305000	729.046000	25.000000
19.592690	1.595196	3.926991	19.970040	1.623399	0.578267	728.305000	730.144000	25.000000
19.592690	1.595196	3.926991	20.122666	1.669852	1.320488	728.305000	730.766000	25.000000
19.592690	1.595196	3.926991	9.031368	1.670615	2.871241	728.305000	731.864000	25.000000
19.592690	1.595196	3.926991	24.585036	1.689849	1.312305	728.305000	732.486000	25.000000
19.585622	1.595204	3.926630	4.739641	2.032173	1.715026	728.305000	733.583000	25.000000
19.592690	1.595196	3.926991	6.592420	2.241997	0.771700	728.305000	734.206000	25.000000
19.592690	1.595196	3.926991	22.316810	1.633571	2.046492	728.305000	735.303000	25.000000
19.592690	1.595196	3.926991	12.472369	1.618921	3.045119	728.305000	735.926000	25.000000
19.592690	1.595196	3.926991	24.057223	1.844386	2.454041	728.305000	737.023000	25.000000
19.585622	1.595204	3.926630	22.870724	1.795680	2.599635	728.305000	737.645000	25.000000
19.592690	1.595196	3.926991	15.484831	1.700317	3.056829	728.305000	738.743000	25.000000
19.592690	1.595196	3.926991	21.340668	1.651011	3.657823	728.305000	739.365000	25.000000
19.592690	1.595196	3.926991	19.768715	1.590526	3.987847	728.305000	741.085000	25.000000
19.592690	1.595196	3.926991	19.397423	1.591419	3.970758	728.305000	742.183000	25.000000
19.592690	1.595196	3.926991	19.595686	1.594783	3.908942	729.165000	720.447000	25.000000
19.592690	1.595196	3.926991	19.530000	1.594864	3.898013	729.165000	721.544000	25.000000
19.585622	1.595204	3.926630	19.594961	1.593763	3.840252	729.165000	722.166000	25.000000
19.592690	1.595196	3.926991	19.554562	1.594834	3.869085	729.165000	723.264000	25.000000
19.592690	1.595196	3.926991	22.211621	1.601866	4.522060	729.165000	723.886000	25.000000
19.592690	1.595196	3.926991	16.226833	1.602231	3.870283	729.165000	724.984000	25.000000
19.592690	1.595196	3.926991	15.254193	1.635085	5.446669	729.165000	725.606000	25.000000
19.592690	1.595196	3.926991	23.016796	1.626001	5.733811	729.165000	726.704000	25.000000
19.592690	1.595196	3.926991	22.562733	1.631553	5.700109	729.165000	727.326000	25.000000
19.592690	1.595196	3.926991	16.040711	1.640676	5.752412	729.165000	728.424000	25.000000
19.592690	1.595196	3.926991	16.552124	1.660330	0.102083	729.165000	729.046000	25.000000
19.592690	1.595196	3.926991	22.228947	1.647348	6.161517	729.165000	730.144000	25.000000
19.592690	1.595196	3.926991	24.964407	1.669497	0.942592	729.165000	730.766000	25.000000
19.592690	1.595196	3.926991	7.068946	1.828266	1.468216	729.165000	731.864000	25.000000
19.592690	1.595196	3.926991	25.128939	1.648075	1.968351	729.165000	732.486000	25.000000
19.585622	1.595204	3.926630	9.311090	1.889783	2.332199	729.165000	733.583000	25.000000
19.592690	1.595196	3.926991	14.622243	1.890820	0.415298	729.165000	734.206000	25.000000
19.592690	1.595196	3.926991	18.087841	1.670476	1.869704	729.165000	735.303000	25.000000
19.592690	1.595196	3.926991	17.653612	1.542470	2.525296	729.165000	735.926000	25.000000
19.592690	1.595196	3.926991	21.280977	1.925944	2.391641	729.165000	737.023000	25.000000
19.585622	1.595204	3.926630	20.742951	2.090421	1.755121	729.165000	737.645000	25.000000
19.592690	1.595196	3.926991	17.207266	1.553361	2.521343	729.165000	738.743000	25.000000
19.592690	1.595196	3.926991	16.968783	1.592013	3.839350	729.165000	739.365000	25.000000
19.592690	1.595196	3.926991	21.863293	1.682632	3.450244	729.165000	740.463000	25.000000
19.592690	1.595196	3.926991	19.646364	1.589121	4.002658	729.165000	741.085000	25.000000
19.592690	1.595196	3.926991	19.495117	1.589264	3.995972	729.165000	742.183000	25.000000
19.592690	1.595196	3.926991	19.593644	1.594786	3.916161	730.025000	720.447000	25.000000
19.592690	1.595196	3.926991	19.593887	1.595296	3.916161	730.025000	721.544000	25.000000
19.585622	1.595204	3.926630	19.530000	1.594864	3.898013	730.025000	722.166000	25.000000
19.592690	1.595196	3.926991	19.621185	1.594752	3.872892	730.025000	723.264000	25.000000
19.592690	1.595196	3.926991	19.100264	1.596453	3.912177	730.025000	723.886000	25.000000
19.592690	1.595196	3.926991	20.111253	1.593174	3.877735	730.025000	724.984000	25.000000
19.592690	1.595196	3.926991	12.042010	1.653935	4.704056	730.025000	725.606000	25.000000
19.592690	1.595196	3.926991	24.602693	1.621626	5.035427	730.025000	726.704000	25.000000
19.592690	1.595196	3.926991	19.844203	1.655557	5.844419	730.025000	727.326000	25.000000
19.592690	1.595196	3.926991	19.332173	1.662482	5.773060	730.025000	728.424000	25.000000
19.592690	1.595196	3.926991	20.288541	1.648257	5.476811	730.025000	729.046000	25.000000
19.592690	1.595196	3.926991	18.787658	1.667286	5.893742	730.025000	730.144000	25.000000
19.592690	1.595196	3.926991	19.250945	1.692127	0.588003	730.025000	730.766000	25.000000
19.592690	1.595196	3.926991	19.921345	1.716888	0.520405	730.025000	731.864000	25.000000
19.592690	1.595196	3.926991	4.225459	2.069235	3.114645	730.025000	732.486000	25.000000
19.585622	1.595204	3.926630	21.665606	1.694347	1.577308	730.025000	733.583000	25.000000
19.592690	1.595196	3.926991	24.339507	1.715096	1.486000	730.025000	734.206000	25.000000
19.592690	1.595196	3.926991	6.242604	2.205205	0.798056	730.025000	735.303000	25.000000
19.592690	1.595196	3.926991	6.410928	2.544037	0.805003	730.025000	735.926000	25.000000
19.592690	1.595196	3.926991	22.369622	1.660323	2.006339	730.025000	737.023000	25.000000
19.585622	1.595204	3.926630	24.673468	1.983667	2.751226	730.025000	737.645000	25.000000
19.592690	1.595196	3.926991	11.218289	1.445674	2.593469	730.025000	738.743000	25.000000
19.592690	1.595196	3.926991	22.384146	1.955480	2.986745	730.025000	739.365000	25.000000
19.592690	1.595196	3.926991	16.019363	1.558311	2.596891	730.025000	740.463000	25.000000
19.592690	1.595196	3.926991	17.932998	1.636644	3.630235	730.025000	741.085000	25.000000
19.592690	1.595196	3.926991	21.094113	1.616322	3.920280	730.025000	742.183000	25.000000
19.592690	1.595196	3.926991	19.593887	1.595296	3.916161	730.885000	721.544000	25.000000
19.585622	1.595204	3.926630	19.595686	1.594783	3.908942	730.885000	722.166000	25.000000
19.592690	1.595196	3.926991	19.457412	1.594954	3.901542	730.885000	723.264000	25.000000
19.592690	1.595196	3.926991	19.594512	1.592743	3.840252	730.885000	723.886000	25.000000
19.592690	1.595196	3.926991	19.554092	1.593811	3.869085	730.885000	724.984000	25.000000
19.592690	1.595196	3.926991	24.473719	1.602264	4.353140	730.885000	725.606000	25.000000
19.592690	1.595196	3.926991	12.253506	1.634495	4.031262	730.885000	726.704000	25.000000
19.592690	1.595196	3.926991	23.550637	1.662216	5.561146	730.885000	727.326000	25.000000
19.592690	1.595196	3.926991	14.481795	1.696805	5.700974	730.885000	728.424000	25.000000
19.592690	1.595196	3.926991	22.428384	1.674422	5.666584	730.885000	729.046000	25.000000
19.592690	1.595196	3.926991	16.223517	1.691284	5.791767	730.885000	730.144000	25.000000
19.592690	1.595196	3.926991	20.273012	1.696913	6.080427	730.885000	730.766000	25.000000
19.592690	1.595196	3.926991	18.845440	1.722609	0.156853	730.885000	731.864000	25.000000
19.592690	1.595196	3.926991	21.174985	1.789780	0.613500	730.885000	732.486000	25.000000
19.585622	1.595204	3.926630	14.969636	1.704801	1.706020	730.885000	733.583000	25.000000
19.592690	1.595196	3.926991	24.473864	1.599402	2.170136	730.885000	734.206000	25.000000
19.592690	1.595196	3.926991	10.731729	2.175366	1.799293	730.885000	735.303000	25.000000
19.592690	1.595196	3.926991	9.849873	1.806478	2.274893	730.885000	735.926000	25.000000
19.592690	1.595196	3.926991	21.170498	1.863077	0.855215	730.885000	737.023000	25.000000
19.585622	1.595204	3.926630	16.108693	1.873368	2.747802	730.885000	737.645000	25.000000
19.592690	1.595196	3.926991	22.415173	1.741147	2.304957	730.885000	738.743000	25.000000
19.592690	1.595196	3.926991	11.401754	2.084209	2.704965	730.885000	739.365000	25.000000
19.592690	1.595196	3.926991	24.161747	1.826023	1.952097	730.885000	740.463000	25.000000
19.592690	1.595196	3.926991	15.173414	1.580682	3.744219	730.885000	741.085000	25.000000
19.592690	1.595196	3.926991	23.114575	1.698334	3.554503	730.885000	742.183000	25.000000
19.585622	1.595204	3.926630	19.523855	1.594872	3.912499	731.745000	722.166000	25.000000
19.592690	1.595196	3.926991	19.530000	1.594864	3.898013	731.745000	723.886000	25.000000
19.592690	1.595196	3.926991	19.546652	1.594332	3.876310	731.745000	724.984000	25.000000
19.592690	1.595196	3.926991	19.034180	1.597068	3.900974	731.745000	725.606000	25.000000
19.592690	1.595196	3.926991	20.178080	1.592108	3.881408	731.745000	726.704000	25.000000
19.592690	1.595196	3.926991	15.294718	1.654583	4.534296	731.745000	727.326000	25.000000
19.592690	1.595196	3.926991	22.674444	1.660002	5.176037	731.745000	728.424000	25.000000
19.592690	1.595196	3.926991	19.633189	1.704129	5.842522	731.745000	729.046000	25.000000
19.592690	1.595196	3.926991	19.657884	1.707554	5.773593	731.745000	730.144000	25.000000
19.592690	1.595196	3.926991	20.437879	1.687019	5.473402	731.745000	730.766000	25.000000
19.592690	1.595196	3.926991	18.625724	1.718441	5.887559	731.745000	731.864000	25.000000
19.592690	1.595196	3.926991	19.705075	1.733913	0.576591	731.745000	732.486000	25.000000
19.585622	1.595204	3.926630	19.395618	1.804941	0.527693	731.745000	733.583000	25.000000
19.592690	1.595196	3.926991	20.328364	1.804111	1.350592	731.745000	734.206000	25.000000
19.592690	1.595196	3.926991	8.826942	1.776158	2.919911	731.745000	735.303000	25.000000
19.592690	1.595196	3.926991	24.091303	1.746029	1.527364	731.745000	735.926000	25.000000
19.592690	1.595196	3.926991	7.702266	2.294471	0.695847	731.745000	737.023000	25.000000
19.585622	1.595204	3.926630	5.676266	2.430333	3.087591	731.745000	737.645000	25.000000
19.592690	1.595196	3.926991	22.493110	1.781300	1.735198	731.745000	738.743000	25.000000
19.592690	1.595196	3.926991	11.580155	1.440899	2.560836	731.745000	739.365000	25.000000
19.592690	1.595196	3.926991	24.405122	2.052193	2.831537	731.745000	740.463000	25.000000
19.592690	1.595196	3.926991	20.495365	1.742408	2.535735	731.745000	741.085000	25.000000
19.592690	1.595196	3.926991	18.355925	1.886543	3.216167	731.745000	742.183000	25.000000
19.585622	1.595204	3.926630	19.593887	1.595296	3.916161	732.605000	722.166000	25.000000
19.592690	1.595196	3.926991	19.595686	1.594783	3.908942	732.605000	723.886000	25.000000
19.592690	1.595196	3.926991	19.526415	1.594869	3.905255	732.605000	724.984000	25.000000
19.592690	1.595196	3.926991	19.658538	1.591654	3.844148	732.605000	725.606000	25.000000
19.592690	1.595196	3.926991	19.546191	1.593309	3.876310	732.605000	726.704000	25.000000
19.592690	1.595196	3.926991	13.741765	1.629775	3.926991	732.605000	727.326000	25.000000
19.592690	1.595196	3.926991	23.817391	1.616577	4.422542	732.605000	728.424000	25.000000
19.592690	1.595196	3.926991	22.319115	1.717837	5.766848	732.605000	729.046000	25.000000
19.592690	1.595196	3.926991	16.182302	1.717781	5.387130	732.605000	730.144000	25.000000
19.592690	1.595196	3.926991	20.164821	1.735187	5.880274	732.605000	730.766000	25.000000
19.592690	1.595196	3.926991	19.029451	1.718473	5.535363	732.605000	731.864000	25.000000
19.592690	1.595196	3.926991	22.565629	1.771561	0.033472	732.605000	732.486000	25.000000
19.585622	1.595204	3.926630	16.041761	1.765265	6.150004	732.605000	733.583000	25.000000
19.592690	1.595196	3.926991	17.171488	1.728689	1.653448	732.605000	734.206000	25.000000
19.592690	1.595196	3.926991	19.565275	1.893243	0.531178	732.605000	735.303000	25.000000
19.592690	1.595196	3.926991	10.116818	2.294632	2.111216	732.605000	735.926000	25.000000
19.592690	1.595196	3.926991	24.657250	1.647929	2.085402	732.605000	737.023000	25.000000
19.585622	1.595204	3.926630	18.562597	2.004462	0.620940	732.605000	737.645000	25.000000
19.592690	1.595196	3.926991	14.457178	1.744594	2.084716	732.605000	738.743000	25.000000
19.592690	1.595196	3.926991	15.506128	1.871986	2.854017	732.605000	739.365000	25.000000
19.592690	1.595196	3.926991	22.806359	1.809843	2.308308	732.605000	740.463000	25.000000
19.592690	1.595196	3.926991	23.890375	1.881325	1.953752	732.605000	741.085000	25.000000
19.592690	1.595196	3.926991	11.552922	2.106787	2.845314	732.605000	742.183000	25.000000
19.592690	1.595196	3.926991	19.593644	1.594786	3.916161	733.465000	723.886000	25.000000
19.592690	1.595196	3.926991	19.665221	1.594699	3.912603	733.465000	724.984000	25.000000
19.592690	1.595196	3.926991	19.598510	1.594270	3.901725	733.465000	725.606000	25.000000
19.592690	1.595196	3.926991	19.613579	1.593742	3.880094	733.465000	726.704000	25.000000
19.592690	1.595196	3.926991	20.094616	1.592694	3.898829	733.465000	727.326000	25.000000
19.592690	1.595196	3.926991	19.043634	1.597055	3.886121	733.465000	728.424000	25.000000
19.592690	1.595196	3.926991	11.327859	1.750077	4.874588	733.465000	729.046000	25.000000
19.592690	1.595196	3.926991	25.074688	1.662651	4.926280	733.465000	730.144000	25.000000
19.592690	1.595196	3.926991	20.005249	1.751735	5.830901	733.465000	730.766000	25.000000
19.592690	1.595196	3.926991	19.183847	1.759573	5.779180	733.465000	731.864000	25.000000
19.592690	1.595196	3.926991	17.509712	1.737185	5.456826	733.465000	732.486000	25.000000
19.585622	1.595204	3.926630	21.378962	1.754246	5.830176	733.465000	733.583000	25.000000
19.592690	1.595196	3.926991	20.055174	1.786883	0.559682	733.465000	734.206000	25.000000
19.592690	1.595196	3.926991	19.194270	1.883238	0.546992	733.465000	735.303000	25.000000
19.592690	1.595196	3.926991	20.747038	1.849114	1.412735	733.465000	735.926000	25.000000
19.592690	1.595196	3.926991	8.004055	1.875330	3.010253	733.465000	737.023000	25.000000
19.585622	1.595204	3.926630	23.280466	1.769696	1.614190	733.465000	737.645000	25.000000
19.592690	1.595196	3.926991	10.201745	2.300371	0.585085	733.465000	738.743000	25.000000
19.592690	1.595196	3.926991	15.964335	2.239708	1.089293	733.465000	739.365000	25.000000
19.592690	1.595196	3.926991	16.917151	1.612186	2.515841	733.465000	740.463000	25.000000
19.592690	1.595196	3.926991	11.199107	1.436453	2.714219	733.465000	741.085000	25.000000
19.592690	1.595196	3.926991	24.355287	2.109747	2.815304	733.465000	742.183000	25.000000
19.585622	1.595204	3.927352	19.664984	1.594190	3.912603	734.324000	725.606000	25.000000
19.585622	1.595204	3.927352	19.526177	1.594357	3.905255	734.324000	726.704000	25.000000
19.585622	1.595204	3.927352	19.593675	1.590702	3.840252	734.324000	727.326000	25.000000
19.585622	1.595204	3.927352	19.479089	1.592873	3.872499	734.324000	728.424000	25.000000
19.585622	1.595204	3.927352	22.999861	1.589928	4.013196	734.324000	729.046000	25.000000
19.585622	1.595204	3.927352	14.917577	1.691079	4.590547	734.324000	730.144000	25.000000
19.585622	1.595204	3.927352	21.844221	1.764272	5.781977	734.324000	730.766000	25.000000
19.585622	1.595204	3.927352	16.867424	1.755633	5.352271	734.324000	731.864000	25.000000
19.585622	1.595204	3.927352	21.433152	1.753777	5.581764	734.324000	732.486000	25.000000
19.578552	1.595213	3.926991	17.475984	1.789989	5.866747	734.324000	733.583000	25.000000
19.585622	1.595204	3.927352	18.252970	1.842579	0.144390	734.324000	734.206000	25.000000
19.585622	1.595204	3.927352	20.767032	1.799095	6.077064	734.324000	735.303000	25.000000
19.585622	1.595204	3.927352	12.503200	1.854516	1.755121	734.324000	735.926000	25.000000
19.585622	1.595204	3.927352	22.886459	1.913934	0.713156	734.324000	737.023000	25.000000
19.578552	1.595213	3.926991	22.742251	1.583988	2.256526	734.324000	737.645000	25.000000
19.585622	1.595204	3.927352	13.694159	2.389467	1.753518	734.324000	738.743000	25.000000
19.585622	1.595204	3.927352	23.003043	1.866346	1.299363	734.324000	739.365000	25.000000
19.585622	1.595204	3.927352	5.646238	3.013528	0.982794	734.324000	740.463000	25.000000
19.585622	1.595204	3.927352	22.926404	1.876499	2.320611	734.324000	741.085000	25.000000
19.585622	1.595204	3.927352	14.968634	1.862169	2.959244	734.324000	742.183000	25.000000
19.585622	1.595204	3.927352	19.524098	1.595384	3.912499	735.184000	725.606000	25.000000
19.585622	1.595204	3.927352	19.593407	1.594276	3.916161	735.184000	726.704000	25.000000
19.585622	1.595204	3.927352	19.675429	1.593669	3.891035	735.184000	727.326000	25.000000
19.585622	1.595204	3.927352	19.546191	1.593309	3.876310	735.184000	728.424000	25.000000
19.585622	1.595204	3.927352	19.735504	1.595627	3.916239	735.184000	729.046000	25.000000
19.585622	1.595204	3.927352	19.421249	1.592939	3.861392	735.184000	730.144000	25.000000
19.585622	1.595204	3.927352	23.898904	1.706786	5.079563	735.184000	730.766000	25.000000
19.585622	1.595204	3.927352	13.287829	1.727977	4.574802	735.184000	731.864000	25.000000
19.585622	1.595204	3.927352	19.023669	1.809607	5.780816	735.184000	732.486000	25.000000
19.578552	1.595213	3.926991	20.142244	1.796109	5.812704	735.184000	733.583000	25.000000
19.585622	1.595204	3.927352	15.132746	1.824624	5.672459	735.184000	734.206000	25.000000
19.585622	1.595204	3.927352	23.142601	1.775308	5.644980	735.184000	735.303000	25.000000
19.585622	1.595204	3.927352	19.377822	1.853204	0.586512	735.184000	735.926000	25.000000
19.585622	1.595204	3.927352	19.836834	1.947656	0.509731	735.184000	737.023000	25.000000
19.578552	1.595213	3.926991	13.634152	1.673661	2.658488	735.184000	737.645000	25.000000
19.585622	1.595204	3.927352	17.726884	2.070879	1.091049	735.184000	738.743000	25.000000
19.585622	1.595204	3.927352	9.427492	2.008975	2.159449	735.184000	739.365000	25.000000
19.585622	1.595204	3.927352	23.816274	1.976525	1.099791	735.184000	740.463000	25.000000
19.585622	1.595204	3.927352	20.514873	2.068834	1.454012	735.184000	741.085000	25.000000
19.585622	1.595204	3.927352	10.973605	1.791285	2.944197	735.184000	742.183000	25.000000
19.585622	1.595204	3.927352	19.664984	1.594190	3.912603	736.044000	727.326000	25.000000
19.585622	1.595204	3.927352	19.529762	1.594352	3.898013	736.044000	728.424000	25.000000
19.585622	1.595204	3.927352	19.733971	1.589040	3.840873	736.044000	729.046000	25.000000
19.585622	1.595204	3.927352	19.479089	1.592873	3.872499	736.044000	730.144000	25.000000
19.585622	1.595204	3.927352	19.675660	1.594178	3.891035	736.044000	730.766000	25.000000
19.585622	1.595204	3.927352	19.166066	1.680061	4.586081	736.044000	731.864000	25.000000
19.585622	1.595204	3.927352	23.659248	1.783736	5.577373	736.044000	732.486000	25.000000
19.578552	1.595213	3.926991	14.256928	1.847879	5.595917	736.044000	733.583000	25.000000
19.585622	1.595204	3.927352	18.540227	1.804856	5.517392	736.044000	734.206000	25.000000
19.585622	1.595204	3.927352	20.539961	1.826747	5.857807	736.044000	735.303000	25.000000
19.585622	1.595204	3.927352	15.652489	1.895933	6.217066	736.044000	735.926000	25.000000
19.585622	1.595204	3.927352	22.822579	1.882535	6.237595	736.044000	737.023000	25.000000
19.578552	1.595213	3.926991	20.742469	1.789481	1.501600	736.044000	737.645000	25.000000
19.585622	1.595204	3.927352	16.004374	2.160480	0.409828	736.044000	738.743000	25.000000
19.585622	1.595204	3.927352	11.321661	2.504400	2.282643	736.044000	739.365000	25.000000
19.585622	1.595204	3.927352	23.991874	1.691967	2.079526	736.044000	740.463000	25.000000
19.585622	1.595204	3.927352	18.257188	1.786070	1.859031	736.044000	741.085000	25.000000
19.585622	1.595204	3.927352	15.423281	2.293397	0.380827	736.044000	742.183000	25.000000
19.592690	1.595196	3.926991	19.593644	1.594786	3.916161	736.904000	727.326000	25.000000
19.592690	1.595196	3.926991	19.670407	1.592658	3.898222	736.904000	729.046000	25.000000
19.592690	1.595196	3.926991	19.471900	1.592881	3.879753	736.904000	730.144000	25.000000
19.592690	1.595196	3.926991	19.909656	1.589884	3.866566	736.904000	730.766000	25.000000
19.592690	1.595196	3.926991	19.314526	1.598240	3.908678	736.904000	731.864000	25.000000
19.592690	1.595196	3.926991	11.536897	1.842843	4.985744	736.904000	732.486000	25.000000
19.585622	1.595204	3.926630	24.790724	1.696171	4.838761	736.904000	733.583000	25.000000
19.592690	1.595196	3.926991	19.790402	1.847160	5.760782	736.904000	734.206000	25.000000
19.592690	1.595196	3.926991	19.344508	1.848325	5.814730	736.904000	735.303000	25.000000
19.592690	1.595196	3.926991	19.154634	1.862033	5.856107	736.904000	735.926000	25.000000
19.592690	1.595196	3.926991	19.945426	1.803521	5.439459	736.904000	737.023000	25.000000
19.585622	1.595204	3.926630	19.600765	1.898021	0.562597	736.904000	737.645000	25.000000
19.592690	1.595196	3.926991	19.612751	2.036093	0.532592	736.904000	738.743000	25.000000
19.592690	1.595196	3.926991	13.582548	2.387476	0.744325	736.904000	739.365000	25.000000
19.592690	1.595196	3.926991	17.852084	1.660542	2.321588	736.904000	740.463000	25.000000
19.592690	1.595196	3.926991	20.758622	1.804137	1.769163	736.904000	741.085000	25.000000
19.592690	1.595196	3.926991	15.196710	2.333584	0.610726	736.904000	742.183000	25.000000
19.592690	1.595196	3.926991	19.593644	1.594786	3.916161	737.764000	728.424000	25.000000
19.592690	1.595196	3.926991	19.736578	1.593599	3.909072	737.764000	729.046000	25.000000
19.592690	1.595196	3.926991	19.457173	1.594440	3.901542	737.764000	730.144000	25.000000
19.592690	1.595196	3.926991	19.721957	1.588037	3.848019	737.764000	730.766000	25.000000
19.592690	1.595196	3.926991	19.412274	1.592434	3.868663	737.764000	731.864000	25.000000
19.592690	1.595196	3.926991	13.968164	1.740566	4.514993	737.764000	732.486000	25.000000
19.585622	1.595204	3.926630	23.667919	1.591078	4.052828	737.764000	733.583000	25.000000
19.592690	1.595196	3.926991	17.028506	1.832152	5.320625	737.764000	734.206000	25.000000
19.592690	1.595196	3.926991	21.700461	1.855736	5.765826	737.764000	735.303000	25.000000
19.592690	1.595196	3.926991	19.121977	1.835351	5.509281	737.764000	735.926000	25.000000
19.592690	1.595196	3.926991	20.059412	1.879786	5.856991	737.764000	737.023000	25.000000
19.585622	1.595204	3.926630	18.416395	1.908400	6.024807	737.764000	737.645000	25.000000
19.592690	1.595196	3.926991	20.681789	1.962733	0.109039	737.764000	738.743000	25.000000
19.592690	1.595196	3.926991	23.216804	2.049775	0.733897	737.764000	739.365000	25.000000
19.592690	1.595196	3.926991	12.278844	1.981288	1.785612	737.764000	740.463000	25.000000
19.592690	1.595196	3.926991	13.601103	2.606506	2.066691	737.764000	741.085000	25.000000
19.592690	1.595196	3.926991	22.602212	1.654958	2.169882	737.764000	742.183000	25.000000
19.592690	1.595196	3.926991	19.593644	1.594786	3.916161	738.624000	729.046000	25.000000
19.592690	1.595196	3.926991	19.747863	1.591560	3.887585	738.624000	730.766000	25.000000
19.592690	1.595196	3.926991	19.324464	1.593050	3.886720	738.624000	731.864000	25.000000
19.592690	1.595196	3.926991	20.029651	1.589270	3.888141	738.624000	732.486000	25.000000
19.585622	1.595204	3.926630	19.044170	1.598105	3.886121	738.624000	733.583000	25.000000
19.592690	1.595196	3.926991	16.263751	1.725124	4.469825	738.624000	734.206000	25.000000
19.592690	1.595196	3.926991	22.034040	1.785754	5.160663	738.624000	735.303000	25.000000
19.592690	1.595196	3.926991	19.890450	1.893082	5.755492	738.624000	735.926000	25.000000
19.592690	1.595196	3.926991	19.316573	1.897548	5.799980	738.624000	737.023000	25.000000
19.585622	1.595204	3.926630	22.862415	1.872797	5.690100	738.624000	737.645000	25.000000
19.592690	1.595196	3.926991	15.512898	1.892166	5.536230	738.624000	738.743000	25.000000
19.592690	1.595196	3.926991	19.198698	2.100459	0.552841	738.624000	739.365000	25.000000
19.592690	1.595196	3.926991	20.015244	1.954885	0.531178	738.624000	740.463000	25.000000
19.592690	1.595196	3.926991	13.618385	2.523654	0.702852	738.624000	741.085000	25.000000
19.592690	1.595196	3.926991	18.050177	1.676254	2.290360	738.624000	742.183000	25.000000
19.592690	1.595196	3.926991	19.736578	1.593599	3.909072	739.484000	730.766000	25.000000
19.592690	1.595196	3.926991	19.525944	1.593845	3.905255	739.484000	731.864000	25.000000
19.592690	1.595196	3.926991	19.797629	1.586455	3.844740	739.484000	732.486000	25.000000
19.585622	1.595204	3.926630	19.411852	1.591404	3.868663	739.484000	733.583000	25.000000
19.592690	1.595196	3.926991	15.255491	1.636394	3.875873	739.484000	734.206000	25.000000
19.592690	1.595196	3.926991	22.832310	1.663781	4.440736	739.484000	735.303000	25.000000
19.592690	1.595196	3.926991	21.210846	1.902131	5.772697	739.484000	735.926000	25.000000
19.592690	1.595196	3.926991	17.752183	1.862191	5.284080	739.484000	737.023000	25.000000
19.585622	1.595204	3.926630	20.012496	1.875293	5.497787	739.484000	737.645000	25.000000
19.592690	1.595196	3.926991	19.199219	1.927271	5.859318	739.484000	738.743000	25.000000
19.592690	1.595196	3.926991	22.473142	1.977984	6.131899	739.484000	739.365000	25.000000
19.592690	1.595196	3.926991	16.103341	2.020493	0.017929	739.484000	740.463000	25.000000
19.592690	1.595196	3.926991	22.774328	2.141331	0.696742	739.484000	741.085000	25.000000
19.592690	1.595196	3.926991	13.376098	1.986359	1.768192	739.484000	742.183000	25.000000
19.592690	1.595196	3.926991	19.593407	1.594276	3.916161	740.344000	730.766000	25.000000
19.592690	1.595196	3.926991	19.664984	1.594190	3.912603	740.344000	731.864000	25.000000
19.592690	1.595196	3.926991	19.821201	1.590978	3.884160	740.344000	732.486000	25.000000
19.585622	1.595204	3.926630	19.465960	1.593402	3.887012	740.344000	733.583000	25.000000
19.592690	1.595196	3.926991	19.117270	1.596954	3.882576	740.344000	734.206000	25.000000
19.592690	1.595196	3.926991	19.961703	1.588832	3.884463	740.344000	735.303000	25.000000
19.592690	1.595196	3.926991	19.390451	1.710494	4.483326	740.344000	735.926000	25.000000
19.592690	1.595196	3.926991	19.321532	1.854050	5.221372	740.344000	737.023000	25.000000
19.585622	1.595204	3.926630	19.548146	1.942503	5.740883	740.344000	737.645000	25.000000
19.592690	1.595196	3.926991	19.593366	1.936133	5.787764	740.344000	738.743000	25.000000
19.592690	1.595196	3.926991	22.649283	1.889647	5.530670	740.344000	739.365000	25.000000
19.592690	1.595196	3.926991	15.975919	1.976150	5.731084	740.344000	740.463000	25.000000
19.592690	1.595196	3.926991	18.486211	2.060791	0.606708	740.344000	741.085000	25.000000
19.592690	1.595196	3.926991	20.568422	2.129324	0.476467	740.344000	742.183000	25.000000
19.592690	1.595196	3.926991	19.593644	1.594786	3.916161	741.204000	731.864000	25.000000
19.592690	1.595196	3.926991	19.667069	1.593171	3.905411	741.204000	732.486000	25.000000
19.585622	1.595204	3.926630	19.453856	1.593930	3.908811	741.204000	733.583000	25.000000
19.592690	1.595196	3.926991	19.797182	1.584940	3.844740	741.204000	734.206000	25.000000
19.592690	1.595196	3.926991	19.411852	1.591404	3.868663	741.204000	735.303000	25.000000
19.592690	1.595196	3.926991	17.875595	1.606047	3.855683	741.204000	735.926000	25.000000
19.592690	1.595196	3.926991	20.855755	1.703040	4.497917	741.204000	737.023000	25.000000
19.585622	1.595204	3.926630	14.354790	1.994361	5.524808	741.204000	737.645000	25.000000
19.592690	1.595196	3.926991	23.608473	1.898551	5.523098	741.204000	738.743000	25.000000
19.592690	1.595196	3.926991	21.926696	1.919893	5.549288	741.204000	739.365000	25.000000
19.592690	1.595196	3.926991	16.985876	1.982676	5.802298	741.204000	740.463000	25.000000
19.592690	1.595196	3.926991	20.176283	2.083661	0.095707	741.204000	741.085000	25.000000
19.592690	1.595196	3.926991	18.935776	2.006977	5.983915	741.204000	742.183000	25.000000
19.592690	1.595196	3.926991	19.523855	1.594872	3.912499	742.064000	732.486000	25.000000
19.585622	1.595204	3.926630	19.664984	1.594190	3.912603	742.064000	733.583000	25.000000
19.592690	1.595196	3.926991	19.679543	1.590107	3.883852	742.064000	734.206000	25.000000
19.592690	1.595196	3.926991	19.387976	1.593493	3.897802	742.064000	735.303000	25.000000
19.592690	1.595196	3.926991	19.248647	1.597814	3.897588	742.064000	735.926000	25.000000
19.592690	1.595196	3.926991	19.833870	1.586931	3.869910	742.064000	737.023000	25.000000
19.585622	1.595204	3.926630	19.427043	1.720633	4.459835	742.064000	737.645000	25.000000
19.592690	1.595196	3.926991	19.386132	1.885463	5.198358	742.064000	738.743000	25.000000
19.592690	1.595196	3.926991	19.272260	1.993158	5.745693	742.064000	739.365000	25.000000
19.592690	1.595196	3.926991	19.837843	1.980381	5.753133	742.064000	740.463000	25.000000
19.592690	1.595196	3.926991	22.302242	1.923309	5.491030	742.064000	741.085000	25.000000
19.592690	1.595196	3.926991	16.428329	2.024466	5.734636	742.064000	742.183000	25.000000
