8.606177	1.764779	2.943733	8.557500	1.768399	2.927836	114.217000	-34.157900	25.000000
8.606177	1.764779	2.943733	8.651318	1.766228	2.931487	114.217000	-33.060200	25.000000
8.605984	1.764784	2.943849	8.640475	1.777107	2.894320	114.217000	-32.588800	25.000000
8.605984	1.764784	2.943849	8.702258	1.769756	2.908555	114.217000	-31.491100	25.000000
8.605984	1.764784	2.943849	8.484362	1.855128	2.710900	114.217000	-31.019700	25.000000
8.605984	1.764784	2.943849	8.873083	1.793526	2.750357	114.217000	-29.922000	25.000000
8.606177	1.764779	2.943733	9.115245	1.342832	2.890058	114.217000	-29.450700	25.000000
8.606177	1.764779	2.943733	8.084875	1.983130	2.904472	114.217000	-28.353000	25.000000
8.605984	1.764784	2.943849	8.060397	1.281429	3.512484	114.217000	-27.881600	25.000000
8.605984	1.764784	2.943849	9.207063	0.599792	3.665512	114.217000	-26.783900	25.000000
8.605984	1.764784	2.943849	8.876717	0.715472	3.645188	114.217000	-26.312500	25.000000
8.605984	1.764784	2.943849	8.282204	0.794983	3.410367	114.217000	-25.214800	25.000000
8.605984	1.764784	2.943849	8.784128	0.502085	2.895467	114.217000	-24.743500	25.000000
8.605984	1.764784	2.943849	8.336066	0.360578	2.830594	114.217000	-23.645800	25.000000
8.605984	1.764784	2.943849	8.749634	0.518411	2.472255	114.217000	-23.174400	25.000000
8.605984	1.764784	2.943849	8.445614	0.393543	2.755352	114.217000	-22.076700	25.000000
8.605984	1.764784	2.943849	8.600000	0.798650	2.517570	114.217000	-21.605300	25.000000
8.605984	1.764784	2.943849	8.591275	1.176552	2.553590	114.217000	-20.507600	25.000000
8.605984	1.764784	2.943849	7.957613	0.960590	2.519561	114.217000	-20.036300	25.000000
8.605984	1.764784	2.943849	9.034401	1.796292	2.877333	114.217000	-18.938600	25.000000
8.605984	1.764784	2.943849	8.630666	1.925804	3.292927	114.217000	-18.467200	25.000000
8.605984	1.764784	2.943849	8.590233	1.853952	3.249706	114.217000	-17.369500	25.000000
8.605984	1.764784	2.943849	8.679983	1.786757	3.005534	114.217000	-16.898100	25.000000
8.605984	1.764784	2.943849	8.563165	1.790948	3.025253	114.217000	-15.800400	25.000000
8.606177	1.764779	2.943733	8.655316	1.767315	2.930335	115.002000	-34.157900	25.000000
8.606177	1.764779	2.943733	8.559585	1.768350	2.926671	115.002000	-33.060200	25.000000
8.605984	1.764784	2.943849	8.559568	1.781474	2.886762	115.002000	-32.588800	25.000000
8.605984	1.764784	2.943849	8.725852	1.768042	2.896047	115.002000	-31.491100	25.000000
8.605984	1.764784	2.943849	8.863978	1.799547	2.698667	115.002000	-31.019700	25.000000
8.605984	1.764784	2.943849	8.385160	1.869800	2.633282	115.002000	-29.922000	25.000000
8.606177	1.764779	2.943733	8.824653	1.546997	2.608949	115.002000	-29.450700	25.000000
8.606177	1.764779	2.943733	8.197591	1.463240	3.543746	115.002000	-28.353000	25.000000
8.605984	1.764784	2.943849	9.200543	0.930054	4.003763	115.002000	-27.881600	25.000000
8.605984	1.764784	2.943849	7.842194	0.879448	3.358466	115.002000	-26.783900	25.000000
8.605984	1.764784	2.943849	8.492491	0.786247	3.699134	115.002000	-26.312500	25.000000
8.605984	1.764784	2.943849	8.697034	0.635336	3.392210	115.002000	-25.214800	25.000000
8.605984	1.764784	2.943849	8.807349	0.403515	2.650785	115.002000	-24.743500	25.000000
8.605984	1.764784	2.943849	8.340701	0.240826	2.738681	115.002000	-23.645800	25.000000
8.605984	1.764784	2.943849	8.948324	0.438952	2.253751	115.002000	-23.174400	25.000000
8.605984	1.764784	2.943849	8.242045	0.328996	2.768757	115.002000	-22.076700	25.000000
8.605984	1.764784	2.943849	9.318262	0.991647	2.283595	115.002000	-21.605300	25.000000
8.605984	1.764784	2.943849	7.806408	1.047671	2.730876	115.002000	-20.507600	25.000000
8.605984	1.764784	2.943849	9.690944	1.818925	2.654140	115.002000	-20.036300	25.000000
8.605984	1.764784	2.943849	7.198090	0.850114	2.802300	115.002000	-18.938600	25.000000
8.605984	1.764784	2.943849	8.674128	1.842751	3.256744	115.002000	-18.467200	25.000000
8.605984	1.764784	2.943849	8.449793	1.912316	3.266259	115.002000	-17.369500	25.000000
8.605984	1.764784	2.943849	8.648433	1.776914	3.017238	115.002000	-16.898100	25.000000
8.605984	1.764784	2.943849	8.591141	1.792605	3.002733	115.002000	-15.800400	25.000000
8.606177	1.764779	2.943733	8.559585	1.768350	2.926671	115.786000	-34.157900	25.000000
8.606177	1.764779	2.943733	8.565909	1.768202	2.923182	115.786000	-33.060200	25.000000
8.605984	1.764784	2.943849	8.549251	1.775755	2.886762	115.786000	-32.588800	25.000000
8.605984	1.764784	2.943849	8.592537	1.780654	2.871792	115.786000	-31.491100	25.000000
8.605984	1.764784	2.943849	9.052453	1.835691	2.559939	115.786000	-31.019700	25.000000
8.605984	1.764784	2.943849	8.178631	1.843144	2.638193	115.786000	-29.922000	25.000000
8.606177	1.764779	2.943733	8.277687	0.885339	2.782822	115.786000	-29.450700	25.000000
8.606177	1.764779	2.943733	8.733224	1.844431	3.524308	115.786000	-28.353000	25.000000
8.605984	1.764784	2.943849	9.415413	0.946966	3.964011	115.786000	-27.881600	25.000000
8.605984	1.764784	2.943849	7.767883	0.837364	3.628492	115.786000	-26.783900	25.000000
8.605984	1.764784	2.943849	8.497553	0.643117	3.840854	115.786000	-26.312500	25.000000
8.605984	1.764784	2.943849	8.699103	0.616035	3.366304	115.786000	-25.214800	25.000000
8.605984	1.764784	2.943849	8.725646	0.313633	2.495863	115.786000	-24.743500	25.000000
8.605984	1.764784	2.943849	8.516132	0.165335	2.085518	115.786000	-23.645800	25.000000
8.605984	1.764784	2.943849	8.948883	0.318075	1.898197	115.786000	-23.174400	25.000000
8.605984	1.764784	2.943849	8.219526	0.357445	2.691941	115.786000	-22.076700	25.000000
8.605984	1.764784	2.943849	9.205433	1.215764	2.388970	115.786000	-21.605300	25.000000
8.605984	1.764784	2.943849	7.922121	0.785717	2.533791	115.786000	-20.507600	25.000000
8.605984	1.764784	2.943849	8.856275	1.171874	2.199593	115.786000	-20.036300	25.000000
8.605984	1.764784	2.943849	8.196853	1.720189	3.178613	115.786000	-18.938600	25.000000
8.605984	1.764784	2.943849	8.473872	1.892587	3.240024	115.786000	-18.467200	25.000000
8.605984	1.764784	2.943849	8.737963	1.830043	3.245974	115.786000	-17.369500	25.000000
8.605984	1.764784	2.943849	8.582919	1.784468	2.996829	115.786000	-16.898100	25.000000
8.605984	1.764784	2.943849	8.558417	1.780308	3.011015	115.786000	-15.800400	25.000000
8.606177	1.764779	2.943733	8.659752	1.764858	2.925732	116.571000	-34.157900	25.000000
8.606177	1.764779	2.943733	8.665737	1.767075	2.924583	116.571000	-33.060200	25.000000
8.605984	1.764784	2.943849	8.509994	1.786327	2.866267	116.571000	-32.588800	25.000000
8.605984	1.764784	2.943849	8.688406	1.770078	2.868132	116.571000	-31.491100	25.000000
8.605984	1.764784	2.943849	8.719151	1.809313	2.609270	116.571000	-31.019700	25.000000
8.605984	1.764784	2.943849	8.555910	1.859994	2.485897	116.571000	-29.922000	25.000000
8.606177	1.764779	2.943733	8.136271	0.553837	3.667985	116.571000	-29.450700	25.000000
8.606177	1.764779	2.943733	8.740195	1.881244	3.214955	116.571000	-28.353000	25.000000
8.605984	1.764784	2.943849	7.144928	0.871325	3.836331	116.571000	-27.881600	25.000000
8.605984	1.764784	2.943849	9.774968	0.896890	3.945507	116.571000	-26.783900	25.000000
8.605984	1.764784	2.943849	8.659469	0.609540	3.574564	116.571000	-26.312500	25.000000
8.605984	1.764784	2.943849	8.496729	0.377010	3.886289	116.571000	-25.214800	25.000000
8.605984	1.764784	2.943849	8.551871	0.110196	1.602700	116.571000	-24.743500	25.000000
8.605984	1.764784	2.943849	8.722620	0.272825	1.918113	116.571000	-23.645800	25.000000
8.605984	1.764784	2.943849	8.994976	0.365753	1.790140	116.571000	-23.174400	25.000000
8.605984	1.764784	2.943849	8.166866	0.202495	2.639816	116.571000	-22.076700	25.000000
8.605984	1.764784	2.943849	9.571311	1.008840	2.145101	116.571000	-21.605300	25.000000
8.605984	1.764784	2.943849	7.594735	1.135869	2.690931	116.571000	-20.507600	25.000000
8.605984	1.764784	2.943849	8.116058	0.986045	2.166995	116.571000	-20.036300	25.000000
8.605984	1.764784	2.943849	8.886062	1.843110	3.024484	116.571000	-18.938600	25.000000
8.605984	1.764784	2.943849	8.504140	1.871640	3.215532	116.571000	-18.467200	25.000000
8.605984	1.764784	2.943849	8.694073	1.818310	3.224734	116.571000	-17.369500	25.000000
8.605984	1.764784	2.943849	8.676895	1.782118	3.000862	116.571000	-16.898100	25.000000
8.605984	1.764784	2.943849	8.565705	1.774163	2.995650	116.571000	-15.800400	25.000000
8.606177	1.764779	2.943733	8.674272	1.766879	2.919992	117.355000	-34.157900	25.000000
8.606177	1.764779	2.943733	8.568039	1.768153	2.922020	117.355000	-33.060200	25.000000
8.605984	1.764784	2.943849	8.514347	1.782610	2.861643	117.355000	-32.588800	25.000000
8.605984	1.764784	2.943849	8.660699	1.775439	2.841100	117.355000	-31.491100	25.000000
8.605984	1.764784	2.943849	8.768900	1.807934	2.599161	117.355000	-31.019700	25.000000
8.605984	1.764784	2.943849	8.402047	1.825873	2.584297	117.355000	-29.922000	25.000000
8.606177	1.764779	2.943733	7.275912	0.363690	2.879746	117.355000	-29.450700	25.000000
8.606177	1.764779	2.943733	9.408804	1.730905	3.754083	117.355000	-28.353000	25.000000
8.605984	1.764784	2.943849	7.122500	0.688499	3.926991	117.355000	-27.881600	25.000000
8.605984	1.764784	2.943849	9.836666	0.989669	3.995847	117.355000	-26.783900	25.000000
8.605984	1.764784	2.943849	8.354113	0.456136	4.023218	117.355000	-26.312500	25.000000
8.605984	1.764784	2.943849	8.878209	0.251003	3.586987	117.355000	-25.214800	25.000000
8.605984	1.764784	2.943849	8.576316	0.133504	1.518213	117.355000	-24.743500	25.000000
8.605984	1.764784	2.943849	8.726844	0.274550	1.120380	117.355000	-23.645800	25.000000
8.605984	1.764784	2.943849	8.986128	0.363174	1.533197	117.355000	-23.174400	25.000000
8.605984	1.764784	2.943849	8.107404	0.162954	2.366947	117.355000	-22.076700	25.000000
8.605984	1.764784	2.943849	9.462558	0.976287	2.091525	117.355000	-21.605300	25.000000
8.605984	1.764784	2.943849	7.601316	1.263399	2.684118	117.355000	-20.507600	25.000000
8.605984	1.764784	2.943849	9.170742	1.243298	2.075658	117.355000	-20.036300	25.000000
8.605984	1.764784	2.943849	7.698708	1.702366	3.233439	117.355000	-18.938600	25.000000
8.605984	1.764784	2.943849	8.570117	1.820763	3.171704	117.355000	-18.467200	25.000000
8.605984	1.764784	2.943849	8.632410	1.839290	3.216153	117.355000	-17.369500	25.000000
8.605984	1.764784	2.943849	8.674820	1.778634	2.997363	117.355000	-16.898100	25.000000
8.605984	1.764784	2.943849	8.570957	1.772846	2.989758	117.355000	-15.800400	25.000000
8.605984	1.764784	2.943849	8.547310	1.767444	2.932499	118.140000	-34.629200	25.000000
8.606177	1.764779	2.943733	8.578636	1.769094	2.917378	118.140000	-34.157900	25.000000
8.606177	1.764779	2.943733	8.676664	1.765650	2.917699	118.140000	-33.060200	25.000000
8.605984	1.764784	2.943849	8.518861	1.787301	2.822503	118.140000	-32.588800	25.000000
8.605984	1.764784	2.943849	8.655565	1.770844	2.839974	118.140000	-31.491100	25.000000
8.605984	1.764784	2.943849	8.578351	1.795332	2.683293	118.140000	-31.019700	25.000000
8.605984	1.764784	2.943849	8.685252	1.751391	2.782822	118.140000	-29.922000	25.000000
8.606177	1.764779	2.943733	9.893938	1.017406	4.484700	118.140000	-29.450700	25.000000
8.606177	1.764779	2.943733	6.649060	1.419826	2.911373	118.140000	-28.353000	25.000000
8.605984	1.764784	2.943849	10.357606	0.774957	4.224055	118.140000	-27.881600	25.000000
8.605984	1.764784	2.943849	6.379655	1.063381	3.709697	118.140000	-26.783900	25.000000
8.605984	1.764784	2.943849	8.591327	0.302982	4.101663	118.140000	-26.312500	25.000000
8.605984	1.764784	2.943849	8.562465	0.120864	4.644532	118.140000	-25.214800	25.000000
8.605984	1.764784	2.943849	8.794390	0.300616	0.651949	118.140000	-24.743500	25.000000
8.605984	1.764784	2.943849	8.409483	0.223671	1.085569	118.140000	-23.645800	25.000000
8.605984	1.764784	2.943849	8.491084	0.146603	1.056650	118.140000	-23.174400	25.000000
8.605984	1.764784	2.943849	8.808609	0.403850	1.599690	118.140000	-22.076700	25.000000
8.605984	1.764784	2.943849	9.609370	1.456073	2.363602	118.140000	-21.605300	25.000000
8.605984	1.764784	2.943849	7.505998	0.708417	2.312744	118.140000	-20.507600	25.000000
8.605984	1.764784	2.943849	10.898550	1.682973	2.310475	118.140000	-20.036300	25.000000
8.605984	1.764784	2.943849	5.136390	0.959007	3.189176	118.140000	-18.938600	25.000000
8.605984	1.764784	2.943849	8.624426	1.797680	3.170037	118.140000	-18.467200	25.000000
8.605984	1.764784	2.943849	8.595995	1.833221	3.161831	118.140000	-17.369500	25.000000
8.605984	1.764784	2.943849	8.584113	1.778481	2.987405	118.140000	-16.898100	25.000000
8.605984	1.764784	2.943849	8.568454	1.770524	2.988581	118.140000	-15.800400	25.000000
8.605984	1.764784	2.943849	8.549351	1.767397	2.931332	118.924000	-34.629200	25.000000
8.606177	1.764779	2.943733	8.581311	1.766655	2.913903	118.924000	-34.157900	25.000000
8.606177	1.764779	2.943733	8.591915	1.768784	2.910434	118.924000	-33.060200	25.000000
8.605984	1.764784	2.943849	8.777676	1.770348	2.797787	118.924000	-32.588800	25.000000
8.605984	1.764784	2.943849	8.450213	1.786665	2.808348	118.924000	-31.491100	25.000000
8.605984	1.764784	2.943849	9.349107	1.606101	2.966238	118.924000	-31.019700	25.000000
8.605984	1.764784	2.943849	7.756552	1.826255	2.974253	118.924000	-29.922000	25.000000
8.606177	1.764779	2.943733	8.246211	0.509213	4.812058	118.924000	-29.450700	25.000000
8.606177	1.764779	2.943733	8.681590	1.651514	3.729595	118.924000	-28.353000	25.000000
8.605984	1.764784	2.943849	6.860029	1.259680	3.584695	118.924000	-27.881600	25.000000
8.605984	1.764784	2.943849	9.986992	0.736292	4.362344	118.924000	-26.783900	25.000000
8.605984	1.764784	2.943849	8.182475	0.211585	5.510132	118.924000	-26.312500	25.000000
8.605984	1.764784	2.943849	8.954597	0.110483	4.834231	118.924000	-25.214800	25.000000
8.605984	1.764784	2.943849	8.313700	0.316795	0.747165	118.924000	-24.743500	25.000000
8.605984	1.764784	2.943849	8.864451	0.358785	0.459337	118.924000	-23.645800	25.000000
8.605984	1.764784	2.943849	8.067565	0.204169	1.361411	118.924000	-23.174400	25.000000
8.605984	1.764784	2.943849	9.218595	0.450214	1.174088	118.924000	-22.076700	25.000000
8.605984	1.764784	2.943849	9.070281	1.581822	2.544416	118.924000	-21.605300	25.000000
8.605984	1.764784	2.943849	7.983733	0.775671	2.034444	118.924000	-20.507600	25.000000
8.605984	1.764784	2.943849	11.063910	1.707703	2.349743	118.924000	-20.036300	25.000000
8.605984	1.764784	2.943849	4.822821	0.935999	2.934096	118.924000	-18.938600	25.000000
8.605984	1.764784	2.943849	8.538795	1.807218	3.124125	118.924000	-18.467200	25.000000
8.605984	1.764784	2.943849	8.630817	1.802268	3.153854	118.924000	-17.369500	25.000000
8.605984	1.764784	2.943849	8.581177	1.771413	2.980354	118.924000	-16.898100	25.000000
8.605984	1.764784	2.943849	8.672278	1.770453	2.988049	118.924000	-15.800400	25.000000
8.605984	1.764784	2.943849	8.545361	1.766297	2.932499	119.709000	-35.726900	25.000000
8.605984	1.764784	2.943849	8.547403	1.766249	2.931332	119.709000	-34.629200	25.000000
8.606177	1.764779	2.943733	8.601325	1.767379	2.904664	119.709000	-34.157900	25.000000
8.606177	1.764779	2.943733	8.587712	1.767694	2.911590	119.709000	-33.060200	25.000000
8.605984	1.764784	2.943849	8.809251	1.768466	2.786887	119.709000	-32.588800	25.000000
8.605984	1.764784	2.943849	8.368757	1.788800	2.765632	119.709000	-31.491100	25.000000
8.605984	1.764784	2.943849	8.826868	1.507311	3.096169	119.709000	-31.019700	25.000000
8.605984	1.764784	2.943849	8.352042	1.745291	3.423733	119.709000	-29.922000	25.000000
8.606177	1.764779	2.943733	8.752714	0.699014	4.819125	119.709000	-29.450700	25.000000
8.606177	1.764779	2.943733	8.275869	1.619148	3.746372	119.709000	-28.353000	25.000000
8.605984	1.764784	2.943849	10.196568	1.058292	4.379963	119.709000	-27.881600	25.000000
8.605984	1.764784	2.943849	6.615134	0.801855	3.396775	119.709000	-26.783900	25.000000
8.605984	1.764784	2.943849	8.632109	0.278291	0.033742	119.709000	-26.312500	25.000000
8.605984	1.764784	2.943849	8.649653	0.240843	5.743597	119.709000	-25.214800	25.000000
8.605984	1.764784	2.943849	8.816938	0.433873	0.335402	119.709000	-24.743500	25.000000
8.605984	1.764784	2.943849	8.353442	0.427983	0.580003	119.709000	-23.645800	25.000000
8.605984	1.764784	2.943849	8.994604	0.449787	0.798056	119.709000	-23.174400	25.000000
8.605984	1.764784	2.943849	8.155372	0.462106	1.430066	119.709000	-22.076700	25.000000
8.605984	1.764784	2.943849	10.874208	1.545044	2.258468	119.709000	-21.605300	25.000000
8.605984	1.764784	2.943849	5.350411	0.688967	2.717398	119.709000	-20.507600	25.000000
8.605984	1.764784	2.943849	10.865767	1.762474	2.462459	119.709000	-20.036300	25.000000
8.605984	1.764784	2.943849	5.351635	1.020189	2.480549	119.709000	-18.938600	25.000000
8.605984	1.764784	2.943849	8.602723	1.787538	3.123023	119.709000	-18.467200	25.000000
8.605984	1.764784	2.943849	8.631133	1.799880	3.104942	119.709000	-17.369500	25.000000
8.605984	1.764784	2.943849	8.576066	1.770344	2.982702	119.709000	-16.898100	25.000000
8.605984	1.764784	2.943849	8.587561	1.771262	2.975663	119.709000	-15.800400	25.000000
8.605984	1.764784	2.943849	8.647341	1.765140	2.932640	120.493000	-34.629200	25.000000
8.606177	1.764779	2.943733	8.596744	1.767485	2.906970	120.493000	-34.157900	25.000000
8.606177	1.764779	2.943733	8.610621	1.767164	2.900060	120.493000	-33.060200	25.000000
8.605984	1.764784	2.943849	8.390328	1.779694	2.754299	120.493000	-32.588800	25.000000
8.605984	1.764784	2.943849	8.816037	1.770625	2.724543	120.493000	-31.491100	25.000000
8.605984	1.764784	2.943849	9.465046	1.593725	3.761842	120.493000	-31.019700	25.000000
8.605984	1.764784	2.943849	7.754807	1.512089	3.245117	120.493000	-29.922000	25.000000
8.606177	1.764779	2.943733	10.945319	1.330959	4.426338	120.493000	-29.450700	25.000000
8.606177	1.764779	2.943733	5.073460	1.009622	3.352686	120.493000	-28.353000	25.000000
8.605984	1.764784	2.943849	9.881882	1.131812	4.433782	120.493000	-27.881600	25.000000
8.605984	1.764784	2.943849	7.128113	0.543766	3.850219	120.493000	-26.783900	25.000000
8.605984	1.764784	2.943849	9.165396	0.383392	0.128986	120.493000	-26.312500	25.000000
8.605984	1.764784	2.943849	8.011337	0.424588	6.271368	120.493000	-25.214800	25.000000
8.605984	1.764784	2.943849	9.118662	0.522939	0.335639	120.493000	-24.743500	25.000000
8.605984	1.764784	2.943849	8.140172	0.535659	0.416269	120.493000	-23.645800	25.000000
8.605984	1.764784	2.943849	8.635971	0.494850	0.785398	120.493000	-23.174400	25.000000
8.605984	1.764784	2.943849	8.607259	0.640748	1.260723	120.493000	-22.076700	25.000000
8.605984	1.764784	2.943849	6.428693	1.556796	3.048116	120.493000	-21.605300	25.000000
8.605984	1.764784	2.943849	10.210979	1.251006	1.951303	120.493000	-20.507600	25.000000
8.605984	1.764784	2.943849	6.927473	1.591151	2.833540	120.493000	-20.036300	25.000000
8.605984	1.764784	2.943849	10.104683	1.577526	2.243992	120.493000	-18.938600	25.000000
8.605984	1.764784	2.943849	8.618382	1.791892	3.096385	120.493000	-18.467200	25.000000
8.605984	1.764784	2.943849	8.598837	1.779309	3.086885	120.493000	-17.369500	25.000000
8.605984	1.764784	2.943849	8.683559	1.766667	2.975286	120.493000	-16.898100	25.000000
8.605984	1.764784	2.943849	8.582360	1.770196	2.978007	120.493000	-15.800400	25.000000
8.605984	1.764784	2.943849	8.647456	1.763959	2.931487	121.278000	-35.726900	25.000000
8.605984	1.764784	2.943849	8.651433	1.765047	2.930335	121.278000	-34.629200	25.000000
8.606177	1.764779	2.943733	8.529877	1.769047	2.890234	121.278000	-34.157900	25.000000
8.606177	1.764779	2.943733	8.608676	1.766024	2.900060	121.278000	-33.060200	25.000000
8.605984	1.764784	2.943849	8.581958	1.770205	2.646041	121.278000	-32.588800	25.000000
8.605984	1.764784	2.943849	8.763127	1.763703	2.735174	121.278000	-31.491100	25.000000
8.605984	1.764784	2.943849	9.709665	1.805709	3.567344	121.278000	-31.019700	25.000000
8.605984	1.764784	2.943849	7.439194	1.161578	4.030783	121.278000	-29.922000	25.000000
8.606177	1.764779	2.943733	10.290695	1.252547	4.367989	121.278000	-29.450700	25.000000
8.606177	1.764779	2.943733	6.320008	1.435894	3.483542	121.278000	-28.353000	25.000000
8.605984	1.764784	2.943849	7.981159	1.060254	4.239750	121.278000	-27.881600	25.000000
8.605984	1.764784	2.943849	9.290990	0.717551	4.901759	121.278000	-26.783900	25.000000
8.605984	1.764784	2.943849	9.166919	0.532000	0.146763	121.278000	-26.312500	25.000000
8.605984	1.764784	2.943849	7.968061	0.594717	0.272146	121.278000	-25.214800	25.000000
8.605984	1.764784	2.943849	8.409572	0.668391	0.400105	121.278000	-24.743500	25.000000
8.605984	1.764784	2.943849	8.813308	0.634109	0.216176	121.278000	-23.645800	25.000000
8.605984	1.764784	2.943849	8.387491	0.756455	1.271020	121.278000	-23.174400	25.000000
8.605984	1.764784	2.943849	8.868484	0.661109	0.798384	121.278000	-22.076700	25.000000
8.605984	1.764784	2.943849	10.957833	1.460147	2.100193	121.278000	-21.605300	25.000000
8.605984	1.764784	2.943849	5.051297	1.339084	3.060141	121.278000	-20.507600	25.000000
8.605984	1.764784	2.943849	8.009844	1.538331	2.418062	121.278000	-20.036300	25.000000
8.605984	1.764784	2.943849	9.099758	1.754246	2.702940	121.278000	-18.938600	25.000000
8.605984	1.764784	2.943849	8.615904	1.784825	3.073839	121.278000	-18.467200	25.000000
8.605984	1.764784	2.943849	8.503058	1.776884	3.067032	121.278000	-17.369500	25.000000
8.605984	1.764784	2.943849	8.683559	1.766667	2.975286	121.278000	-16.898100	25.000000
8.605984	1.764784	2.943849	8.586256	1.766541	2.970978	121.278000	-15.800400	25.000000
8.615606	1.764564	2.944081	8.651572	1.763866	2.929183	122.063000	-35.726900	25.000000
8.615606	1.764564	2.944081	8.651572	1.763866	2.929183	122.063000	-34.629200	25.000000
8.615798	1.764560	2.943965	8.638177	1.764169	2.885170	122.063000	-34.157900	25.000000
8.615798	1.764560	2.943965	8.621021	1.764559	2.893174	122.063000	-33.060200	25.000000
8.615606	1.764564	2.944081	8.812883	1.756824	2.595233	122.063000	-32.588800	25.000000
8.615606	1.764564	2.944081	8.469835	1.759642	2.694073	122.063000	-31.491100	25.000000
8.615606	1.764564	2.944081	11.101842	1.568094	4.204416	122.063000	-31.019700	25.000000
8.615606	1.764564	2.944081	4.734345	1.485147	3.226494	122.063000	-29.922000	25.000000
8.615798	1.764560	2.943965	10.530722	1.409617	4.188470	122.063000	-29.450700	25.000000
8.615798	1.764560	2.943965	6.054131	1.362830	3.522099	122.063000	-28.353000	25.000000
8.615606	1.764564	2.944081	8.248976	0.663281	5.045347	122.063000	-27.881600	25.000000
8.615606	1.764564	2.944081	8.907547	1.067019	4.697006	122.063000	-26.783900	25.000000
8.615606	1.764564	2.944081	8.508237	0.701360	0.181320	122.063000	-26.312500	25.000000
8.615606	1.764564	2.944081	8.681250	0.741848	0.401086	122.063000	-25.214800	25.000000
8.615606	1.764564	2.944081	8.886737	0.766743	0.294564	122.063000	-24.743500	25.000000
8.615606	1.764564	2.944081	8.337272	0.767484	0.175373	122.063000	-23.645800	25.000000
8.615606	1.764564	2.944081	7.574959	0.814170	1.294990	122.063000	-23.174400	25.000000
8.615606	1.764564	2.944081	9.437161	0.867965	0.913407	122.063000	-22.076700	25.000000
8.615606	1.764564	2.944081	6.335211	1.581846	2.934909	122.063000	-21.605300	25.000000
8.615606	1.764564	2.944081	10.343989	1.434060	2.069364	122.063000	-20.507600	25.000000
8.615606	1.764564	2.944081	9.019917	1.757017	2.723368	122.063000	-20.036300	25.000000
8.615606	1.764564	2.944081	8.111233	1.680742	2.733444	122.063000	-18.938600	25.000000
8.615606	1.764564	2.944081	8.604818	1.773226	3.058451	122.063000	-18.467200	25.000000
8.615606	1.764564	2.944081	8.615736	1.775336	3.049001	122.063000	-17.369500	25.000000
8.615606	1.764564	2.944081	8.588207	1.767683	2.970978	122.063000	-16.898100	25.000000
8.615606	1.764564	2.944081	8.591560	1.767605	2.968639	122.063000	-15.800400	25.000000
8.605984	1.764784	2.943849	8.655732	1.763772	2.926882	122.847000	-35.726900	25.000000
8.605984	1.764784	2.943849	8.553748	1.764911	2.926671	122.847000	-34.629200	25.000000
8.606177	1.764779	2.943733	8.651393	1.762693	2.878336	122.847000	-34.157900	25.000000
8.606177	1.764779	2.943733	8.539444	1.764047	2.882143	122.847000	-33.060200	25.000000
8.605984	1.764784	2.943849	8.912149	1.749024	2.642246	122.847000	-32.588800	25.000000
8.605984	1.764784	2.943849	8.331650	1.742067	2.546833	122.847000	-31.491100	25.000000
8.605984	1.764784	2.943849	8.154955	1.390295	4.787249	122.847000	-31.019700	25.000000
8.605984	1.764784	2.943849	8.649139	1.773355	3.343618	122.847000	-29.922000	25.000000
8.606177	1.764779	2.943733	9.848985	1.718557	3.766615	122.847000	-29.450700	25.000000
8.606177	1.764779	2.943733	7.180529	1.013128	4.307497	122.847000	-28.353000	25.000000
8.605984	1.764784	2.943849	9.286986	1.064949	5.036864	122.847000	-27.881600	25.000000
8.605984	1.764784	2.943849	7.846662	0.776059	5.182546	122.847000	-26.783900	25.000000
8.605984	1.764784	2.943849	8.993353	0.840407	0.300035	122.847000	-26.312500	25.000000
8.605984	1.764784	2.943849	8.174503	0.897084	0.393587	122.847000	-25.214800	25.000000
8.605984	1.764784	2.943849	8.468418	0.863907	0.110486	122.847000	-24.743500	25.000000
8.605984	1.764784	2.943849	8.699822	0.886411	0.204669	122.847000	-23.645800	25.000000
8.605984	1.764784	2.943849	7.513322	0.961468	1.341564	122.847000	-23.174400	25.000000
8.605984	1.764784	2.943849	9.525230	1.005791	0.962107	122.847000	-22.076700	25.000000
8.605984	1.764784	2.943849	8.030615	1.707676	2.887468	122.847000	-21.605300	25.000000
8.605984	1.764784	2.943849	9.160430	1.453283	2.152701	122.847000	-20.507600	25.000000
8.605984	1.764784	2.943849	8.630214	1.756091	2.933793	122.847000	-20.036300	25.000000
8.605984	1.764784	2.943849	8.620313	1.772857	3.038389	122.847000	-18.467200	25.000000
8.605984	1.764784	2.943849	8.612375	1.768307	3.038389	122.847000	-17.369500	25.000000
8.605984	1.764784	2.943849	8.593009	1.766385	2.966302	122.847000	-16.898100	25.000000
8.605984	1.764784	2.943849	8.593253	1.767566	2.967470	122.847000	-15.800400	25.000000
8.615606	1.764564	2.944081	8.562208	1.764717	2.922020	123.632000	-35.726900	25.000000
8.615606	1.764564	2.944081	8.653820	1.762638	2.926882	123.632000	-34.629200	25.000000
8.615798	1.764560	2.943965	8.577325	1.760808	2.863782	123.632000	-34.157900	25.000000
8.615798	1.764560	2.943965	8.557336	1.763638	2.874087	123.632000	-33.060200	25.000000
8.615606	1.764564	2.944081	8.816286	1.726823	2.544036	123.632000	-32.588800	25.000000
8.615606	1.764564	2.944081	8.444312	1.739760	2.640328	123.632000	-31.491100	25.000000
8.615606	1.764564	2.944081	3.726875	1.743377	2.629203	123.632000	-31.019700	25.000000
8.615606	1.764564	2.944081	11.097297	1.615868	4.447719	123.632000	-29.922000	25.000000
8.615798	1.764560	2.943965	11.213336	1.496710	4.268739	123.632000	-29.450700	25.000000
8.615798	1.764560	2.943965	4.180622	1.387989	3.068552	123.632000	-28.353000	25.000000
8.615606	1.764564	2.944081	7.807689	0.972123	5.231535	123.632000	-27.881600	25.000000
8.615606	1.764564	2.944081	9.222798	1.073469	5.392910	123.632000	-26.783900	25.000000
8.615606	1.764564	2.944081	8.461826	0.996055	0.292805	123.632000	-26.312500	25.000000
8.615606	1.764564	2.944081	8.800591	1.007407	0.417951	123.632000	-25.214800	25.000000
8.615606	1.764564	2.944081	8.623230	1.035321	0.066120	123.632000	-24.743500	25.000000
8.615606	1.764564	2.944081	8.576573	0.962678	0.105323	123.632000	-23.645800	25.000000
8.615606	1.764564	2.944081	8.535221	1.211640	1.420050	123.632000	-23.174400	25.000000
8.615606	1.764564	2.944081	8.805680	1.060631	0.961136	123.632000	-22.076700	25.000000
8.615606	1.764564	2.944081	7.001543	1.433250	2.315401	123.632000	-21.605300	25.000000
8.615606	1.764564	2.944081	9.957254	1.786377	2.881653	123.632000	-20.507600	25.000000
8.615606	1.764564	2.944081	8.676387	1.770357	3.110191	123.632000	-20.036300	25.000000
8.615606	1.764564	2.944081	8.572906	1.771609	3.129331	123.632000	-18.938600	25.000000
8.615606	1.764564	2.944081	8.522558	1.769220	3.026442	123.632000	-18.467200	25.000000
8.615606	1.764564	2.944081	8.629606	1.769090	3.021929	123.632000	-17.369500	25.000000
8.615606	1.764564	2.944081	8.596453	1.766306	2.963967	123.632000	-16.898100	25.000000
8.615606	1.764564	2.944081	8.594725	1.766345	2.965134	123.632000	-15.800400	25.000000
8.605984	1.764784	2.943849	8.656125	1.761410	2.924583	124.416000	-35.726900	25.000000
8.605984	1.764784	2.943849	8.660144	1.762496	2.923434	124.416000	-34.629200	25.000000
8.606177	1.764779	2.943733	8.692600	1.759429	2.859110	124.416000	-34.157900	25.000000
8.606177	1.764779	2.943733	8.480878	1.758193	2.858183	124.416000	-33.060200	25.000000
8.605984	1.764784	2.943849	8.751366	1.733777	2.646867	124.416000	-32.588800	25.000000
8.605984	1.764784	2.943849	8.424963	1.725719	2.640328	124.416000	-31.491100	25.000000
8.605984	1.764784	2.943849	11.499783	1.686710	4.139684	124.416000	-31.019700	25.000000
8.605984	1.764784	2.943849	1.713038	2.004579	0.698857	124.416000	-29.922000	25.000000
8.606177	1.764779	2.943733	7.138627	1.198006	4.833013	124.416000	-29.450700	25.000000
8.606177	1.764779	2.943733	9.293030	1.785505	3.274144	124.416000	-28.353000	25.000000
8.605984	1.764784	2.943849	8.153527	1.085969	5.517392	124.416000	-27.881600	25.000000
8.605984	1.764784	2.943849	9.049309	1.173670	5.514735	124.416000	-26.783900	25.000000
8.605984	1.764784	2.943849	8.734415	1.133368	0.361729	124.416000	-26.312500	25.000000
8.605984	1.764784	2.943849	8.473848	1.145012	0.287733	124.416000	-25.214800	25.000000
8.605984	1.764784	2.943849	8.681797	1.143226	0.007595	124.416000	-24.743500	25.000000
8.605984	1.764784	2.943849	8.570881	1.098391	0.091846	124.416000	-23.645800	25.000000
8.605984	1.764784	2.943849	10.379697	1.336474	1.289776	124.416000	-23.174400	25.000000
8.605984	1.764784	2.943849	6.299087	1.157483	1.264395	124.416000	-22.076700	25.000000
8.605984	1.764784	2.943849	10.753274	1.783495	2.771687	124.416000	-21.605300	25.000000
8.605984	1.764784	2.943849	5.556114	1.477069	2.432966	124.416000	-20.507600	25.000000
8.605984	1.764784	2.943849	8.686915	1.761898	3.223760	124.416000	-20.036300	25.000000
8.605984	1.764784	2.943849	8.587770	1.761760	3.228280	124.416000	-18.938600	25.000000
8.605984	1.764784	2.943849	8.534266	1.766554	3.011015	124.416000	-18.467200	25.000000
8.605984	1.764784	2.943849	8.629745	1.765542	3.016066	124.416000	-17.369500	25.000000
8.605984	1.764784	2.943849	8.599942	1.766225	2.961633	124.416000	-16.898100	25.000000
8.605984	1.764784	2.943849	8.594516	1.765164	2.963967	124.416000	-15.800400	25.000000
8.615606	1.764564	2.944081	8.660144	1.762496	2.923434	125.201000	-35.726900	25.000000
8.615606	1.764564	2.944081	8.664670	1.761219	2.919992	125.201000	-34.629200	25.000000
8.615798	1.764560	2.943965	8.643570	1.754625	2.834355	125.201000	-34.157900	25.000000
8.615798	1.764560	2.943965	8.584393	1.754722	2.856945	125.201000	-33.060200	25.000000
8.615606	1.764564	2.944081	8.847802	1.748038	2.765351	125.201000	-32.588800	25.000000
8.615606	1.764564	2.944081	8.359240	1.735430	2.743070	125.201000	-31.491100	25.000000
8.615606	1.764564	2.944081	7.469679	1.766155	5.299635	125.201000	-31.019700	25.000000
8.615606	1.764564	2.944081	8.911324	1.746761	3.430539	125.201000	-29.922000	25.000000
8.615798	1.764560	2.943965	2.920696	1.366691	2.207305	125.201000	-29.450700	25.000000
8.615798	1.764560	2.943965	11.307506	1.630792	4.193243	125.201000	-28.353000	25.000000
8.615606	1.764564	2.944081	8.587200	1.263192	5.671458	125.201000	-27.881600	25.000000
8.615606	1.764564	2.944081	8.668910	1.254070	5.705283	125.201000	-26.783900	25.000000
8.615606	1.764564	2.944081	8.635068	1.262523	0.283308	125.201000	-26.312500	25.000000
8.615606	1.764564	2.944081	8.603116	1.275950	0.237907	125.201000	-25.214800	25.000000
8.615606	1.764564	2.944081	8.919781	1.263274	0.017645	125.201000	-24.743500	25.000000
8.615606	1.764564	2.944081	8.328799	1.227935	0.106011	125.201000	-23.645800	25.000000
8.615606	1.764564	2.944081	8.410547	1.333147	1.077601	125.201000	-23.174400	25.000000
8.615606	1.764564	2.944081	8.872846	1.497473	1.676087	125.201000	-22.076700	25.000000
8.615606	1.764564	2.944081	9.937686	1.695900	2.212269	125.201000	-21.605300	25.000000
8.615606	1.764564	2.944081	7.048007	1.730383	3.011890	125.201000	-20.507600	25.000000
8.615606	1.764564	2.944081	8.477441	1.747475	3.246031	125.201000	-20.036300	25.000000
8.615606	1.764564	2.944081	8.695775	1.757018	3.244755	125.201000	-18.938600	25.000000
8.615606	1.764564	2.944081	8.644750	1.764021	3.000862	125.201000	-18.467200	25.000000
8.615606	1.764564	2.944081	8.539467	1.766433	3.006280	125.201000	-17.369500	25.000000
8.615606	1.764564	2.944081	8.599767	1.765044	2.960467	125.201000	-16.898100	25.000000
8.615606	1.764564	2.944081	8.599767	1.765044	2.960467	125.201000	-15.800400	25.000000
8.605984	1.764784	2.943849	8.671194	1.761074	2.916554	125.985000	-35.726900	25.000000
8.605984	1.764784	2.943849	8.566750	1.763423	2.918538	125.985000	-34.629200	25.000000
8.606177	1.764779	2.943733	8.763025	1.753251	2.829016	125.985000	-34.157900	25.000000
8.606177	1.764779	2.943733	8.523028	1.745328	2.834159	125.985000	-33.060200	25.000000
8.605984	1.764784	2.943849	8.655825	1.760240	2.833234	125.985000	-32.588800	25.000000
8.605984	1.764784	2.943849	8.594370	1.786560	2.990936	125.985000	-31.491100	25.000000
8.605984	1.764784	2.943849	2.973987	2.538896	0.301116	125.985000	-31.019700	25.000000
8.605984	1.764784	2.943849	11.367849	1.710236	4.146069	125.985000	-29.922000	25.000000
8.606177	1.764779	2.943733	10.639286	1.723657	3.703216	125.985000	-29.450700	25.000000
8.606177	1.764779	2.943733	4.955361	1.400460	5.454336	125.985000	-28.353000	25.000000
8.605984	1.764784	2.943849	8.501817	1.389849	5.824885	125.985000	-27.881600	25.000000
8.605984	1.764784	2.943849	8.743964	1.383285	5.850778	125.985000	-26.783900	25.000000
8.605984	1.764784	2.943849	8.791320	1.413171	0.205301	125.985000	-26.312500	25.000000
8.605984	1.764784	2.943849	8.381146	1.378713	0.175940	125.985000	-25.214800	25.000000
8.605984	1.764784	2.943849	8.038688	1.366611	0.135070	125.985000	-24.743500	25.000000
8.605984	1.764784	2.943849	9.089670	1.389378	0.095217	125.985000	-23.645800	25.000000
8.605984	1.764784	2.943849	10.785217	1.515229	1.346990	125.985000	-23.174400	25.000000
8.605984	1.764784	2.943849	5.724942	1.600321	1.850536	125.985000	-22.076700	25.000000
8.605984	1.764784	2.943849	11.455758	1.712686	2.487510	125.985000	-21.605300	25.000000
8.605984	1.764784	2.943849	3.786819	2.036359	2.166995	125.985000	-20.507600	25.000000
8.605984	1.764784	2.943849	8.564047	1.746855	3.228280	125.985000	-20.036300	25.000000
8.605984	1.764784	2.943849	8.549322	1.747162	3.204604	125.985000	-18.938600	25.000000
8.605984	1.764784	2.943849	8.552783	1.764933	2.993292	125.985000	-18.467200	25.000000
8.605984	1.764784	2.943849	8.551842	1.766147	2.995650	125.985000	-17.369500	25.000000
8.605984	1.764784	2.943849	8.599616	1.763863	2.959302	125.985000	-16.898100	25.000000
8.605984	1.764784	2.943849	8.603325	1.764963	2.958137	125.985000	-15.800400	25.000000
8.605984	1.764784	2.943849	8.569837	1.759788	2.913903	126.770000	-35.726900	25.000000
8.605984	1.764784	2.943849	8.675598	1.760977	2.914266	126.770000	-34.629200	25.000000
8.606177	1.764779	2.943733	8.535953	1.741494	2.827361	126.770000	-34.157900	25.000000
8.606177	1.764779	2.943733	8.733270	1.743409	2.797787	126.770000	-33.060200	25.000000
8.605984	1.764784	2.943849	8.167129	1.765482	2.973572	126.770000	-32.588800	25.000000
8.605984	1.764784	2.943849	8.931853	1.880239	3.183920	126.770000	-31.491100	25.000000
8.605984	1.764784	2.943849	10.380891	1.840905	4.682398	126.770000	-31.019700	25.000000
8.605984	1.764784	2.943849	5.702631	1.966857	2.988943	126.770000	-29.922000	25.000000
8.606177	1.764779	2.943733	11.528226	1.635031	4.684570	126.770000	-29.450700	25.000000
8.606177	1.764779	2.943733	3.087880	1.952416	3.246470	126.770000	-28.353000	25.000000
8.605984	1.764784	2.943849	8.809756	1.528785	5.943830	126.770000	-27.881600	25.000000
8.605984	1.764784	2.943849	8.402892	1.517218	6.019128	126.770000	-26.783900	25.000000
8.605984	1.764784	2.943849	8.099444	1.517681	0.147667	126.770000	-26.312500	25.000000
8.605984	1.764784	2.943849	9.011687	1.536390	0.153831	126.770000	-25.214800	25.000000
8.605984	1.764784	2.943849	8.581218	1.515998	0.126382	126.770000	-24.743500	25.000000
8.605984	1.764784	2.943849	8.627729	1.517455	0.271444	126.770000	-23.645800	25.000000
8.605984	1.764784	2.943849	11.314190	1.617657	1.553099	126.770000	-23.174400	25.000000
8.605984	1.764784	2.943849	4.346723	1.798209	2.078812	126.770000	-22.076700	25.000000
8.605984	1.764784	2.943849	4.051123	2.390087	2.279423	126.770000	-21.605300	25.000000
8.605984	1.764784	2.943849	11.338183	1.692811	2.400191	126.770000	-20.507600	25.000000
8.605984	1.764784	2.943849	8.644950	1.749891	3.181219	126.770000	-20.036300	25.000000
8.605984	1.764784	2.943849	8.523082	1.739373	3.164803	126.770000	-18.938600	25.000000
8.605984	1.764784	2.943849	8.650422	1.760360	2.991539	126.770000	-18.467200	25.000000
8.605984	1.764784	2.943849	8.561688	1.764729	2.986228	126.770000	-17.369500	25.000000
8.605984	1.764784	2.943849	8.603325	1.764963	2.958137	126.770000	-16.898100	25.000000
8.605984	1.764784	2.943849	8.605121	1.764922	2.956972	126.770000	-15.800400	25.000000
8.605984	1.764784	2.943849	8.587112	1.761774	2.906970	127.554000	-35.726900	25.000000
8.605984	1.764784	2.943849	8.572421	1.758542	2.911590	127.554000	-34.629200	25.000000
8.606177	1.764779	2.943733	8.694717	1.733683	2.771908	127.554000	-34.157900	25.000000
8.606177	1.764779	2.943733	8.466883	1.738107	2.812266	127.554000	-33.060200	25.000000
8.605984	1.764784	2.943849	8.091082	1.719657	3.121595	127.554000	-32.588800	25.000000
8.605984	1.764784	2.943849	9.213300	2.031980	3.333046	127.554000	-31.491100	25.000000
8.605984	1.764784	2.943849	11.100450	1.706341	4.010666	127.554000	-31.019700	25.000000
8.605984	1.764784	2.943849	4.154516	2.979415	4.248741	127.554000	-29.922000	25.000000
8.606177	1.764779	2.943733	5.556545	1.925527	3.904326	127.554000	-29.450700	25.000000
8.606177	1.764779	2.943733	10.721970	1.716810	5.023080	127.554000	-28.353000	25.000000
8.605984	1.764784	2.943849	8.186367	1.657635	6.166435	127.554000	-27.881600	25.000000
8.605984	1.764784	2.943849	8.946312	1.669320	6.069268	127.554000	-26.783900	25.000000
8.605984	1.764784	2.943849	8.853621	1.660144	0.222974	127.554000	-26.312500	25.000000
8.605984	1.764784	2.943849	8.360030	1.661831	0.078154	127.554000	-25.214800	25.000000
8.605984	1.764784	2.943849	9.217505	1.644636	0.252894	127.554000	-24.743500	25.000000
8.605984	1.764784	2.943849	8.080842	1.669958	0.368960	127.554000	-23.645800	25.000000
8.605984	1.764784	2.943849	8.686023	1.766611	2.528847	127.554000	-23.174400	25.000000
8.605984	1.764784	2.943849	8.457186	1.720339	1.319437	127.554000	-22.076700	25.000000
8.605984	1.764784	2.943849	10.000500	1.865008	2.025098	127.554000	-21.605300	25.000000
8.605984	1.764784	2.943849	6.881860	1.927026	3.017238	127.554000	-20.507600	25.000000
8.605984	1.764784	2.943849	8.643890	1.753441	3.136416	127.554000	-20.036300	25.000000
8.605984	1.764784	2.943849	8.615345	1.734021	3.127594	127.554000	-18.938600	25.000000
8.605984	1.764784	2.943849	8.562827	1.763513	2.983877	127.554000	-18.467200	25.000000
8.605984	1.764784	2.943849	8.665979	1.761190	2.981081	127.554000	-17.369500	25.000000
8.605984	1.764784	2.943849	8.605121	1.764922	2.956972	127.554000	-16.898100	25.000000
8.605984	1.764784	2.943849	8.608746	1.764839	2.954645	127.554000	-15.800400	25.000000
8.605984	1.764784	2.943849	8.576923	1.758443	2.909279	128.339000	-35.726900	25.000000
8.605984	1.764784	2.943849	8.592561	1.759282	2.902361	128.339000	-34.629200	25.000000
8.606177	1.764779	2.943733	8.623804	1.733859	2.793826	128.339000	-34.157900	25.000000
8.606177	1.764779	2.943733	8.650873	1.714630	2.745903	128.339000	-33.060200	25.000000
8.605984	1.764784	2.943849	8.649792	1.768621	3.545091	128.339000	-32.588800	25.000000
8.605984	1.764784	2.943849	8.559211	2.138186	3.070877	128.339000	-31.491100	25.000000
8.605984	1.764784	2.943849	8.566796	1.746798	3.320386	128.339000	-31.019700	25.000000
8.605984	1.764784	2.943849	8.482335	2.158069	4.498328	128.339000	-29.922000	25.000000
8.606177	1.764779	2.943733	9.727944	1.798922	4.470482	128.339000	-29.450700	25.000000
8.606177	1.764779	2.943733	7.315798	2.023512	5.371699	128.339000	-28.353000	25.000000
8.605984	1.764784	2.943849	8.993425	1.807620	6.184655	128.339000	-27.881600	25.000000
8.605984	1.764784	2.943849	8.321088	1.798696	0.038253	128.339000	-26.783900	25.000000
8.605984	1.764784	2.943849	8.648890	1.795841	0.085505	128.339000	-26.312500	25.000000
8.605984	1.764784	2.943849	8.636793	1.793787	0.277810	128.339000	-25.214800	25.000000
8.605984	1.764784	2.943849	8.780552	1.790076	0.332820	128.339000	-24.743500	25.000000
8.605984	1.764784	2.943849	8.400024	1.808749	0.540420	128.339000	-23.645800	25.000000
8.605984	1.764784	2.943849	6.658266	1.883769	1.364113	128.339000	-23.174400	25.000000
8.605984	1.764784	2.943849	9.912941	1.730867	2.764881	128.339000	-22.076700	25.000000
8.605984	1.764784	2.943849	10.100495	1.679918	2.561877	128.339000	-21.605300	25.000000
8.605984	1.764784	2.943849	6.794115	2.314552	2.498092	128.339000	-20.507600	25.000000
8.605984	1.764784	2.943849	8.647890	1.752180	3.103963	128.339000	-20.036300	25.000000
8.605984	1.764784	2.943849	8.628517	1.736119	3.091048	128.339000	-18.938600	25.000000
8.605984	1.764784	2.943849	8.572596	1.764479	2.978007	128.339000	-18.467200	25.000000
8.605984	1.764784	2.943849	8.568477	1.761006	2.976835	128.339000	-17.369500	25.000000
8.605984	1.764784	2.943849	8.605004	1.763740	2.955808	128.339000	-16.898100	25.000000
8.605984	1.764784	2.943849	8.583333	1.753560	2.902361	129.123000	-35.726900	25.000000
8.605984	1.764784	2.943849	8.687606	1.758367	2.906276	129.123000	-34.629200	25.000000
8.606177	1.764779	2.943733	8.475264	1.687874	2.725781	129.123000	-34.157900	25.000000
8.606177	1.764779	2.943733	8.730871	1.733003	2.761086	129.123000	-33.060200	25.000000
8.605984	1.764784	2.943849	9.018764	2.269341	3.688220	129.123000	-32.588800	25.000000
8.605984	1.764784	2.943849	8.098895	1.719512	3.092881	129.123000	-31.491100	25.000000
8.605984	1.764784	2.943849	6.338770	2.505752	3.438138	129.123000	-31.019700	25.000000
8.605984	1.764784	2.943849	10.349879	1.687001	3.788985	129.123000	-29.922000	25.000000
8.606177	1.764779	2.943733	8.246066	2.119358	5.362712	129.123000	-29.450700	25.000000
8.606177	1.764779	2.943733	8.951961	1.912531	4.622158	129.123000	-28.353000	25.000000
8.605984	1.764784	2.943849	8.842562	1.941087	0.186689	129.123000	-27.881600	25.000000
8.605984	1.764784	2.943849	8.431186	1.960099	0.008974	129.123000	-26.783900	25.000000
8.605984	1.764784	2.943849	8.220097	1.944385	0.117872	129.123000	-26.312500	25.000000
8.605984	1.764784	2.943849	9.004243	1.922270	0.290324	129.123000	-25.214800	25.000000
8.605984	1.764784	2.943849	9.027735	1.909547	0.702257	129.123000	-24.743500	25.000000
8.605984	1.764784	2.943849	8.169455	1.960011	0.451814	129.123000	-23.645800	25.000000
8.605984	1.764784	2.943849	10.928060	1.740905	2.117585	129.123000	-23.174400	25.000000
8.605984	1.764784	2.943849	4.908411	2.001654	3.484617	129.123000	-22.076700	25.000000
8.605984	1.764784	2.943849	9.084602	1.770254	2.572279	129.123000	-21.605300	25.000000
8.605984	1.764784	2.943849	8.056674	2.020193	2.933387	129.123000	-20.507600	25.000000
8.605984	1.764784	2.943849	8.565069	1.749206	3.058451	129.123000	-20.036300	25.000000
8.605984	1.764784	2.943849	8.645259	1.744010	3.080492	129.123000	-18.938600	25.000000
8.605984	1.764784	2.943849	8.677240	1.760940	2.972971	129.123000	-18.467200	25.000000
8.605984	1.764784	2.943849	8.670461	1.759916	2.976444	129.123000	-17.369500	25.000000
8.605984	1.764784	2.943849	8.596307	1.750915	2.894320	129.908000	-35.726900	25.000000
8.605984	1.764784	2.943849	8.590693	1.758138	2.902361	129.908000	-34.629200	25.000000
8.606177	1.764779	2.943733	8.908092	1.716119	2.708392	129.908000	-34.157900	25.000000
8.606177	1.764779	2.943733	8.276406	1.671250	2.715970	129.908000	-33.060200	25.000000
8.605984	1.764784	2.943849	8.620331	2.559356	3.461342	129.908000	-32.588800	25.000000
8.605984	1.764784	2.943849	8.512485	1.617803	3.297461	129.908000	-31.491100	25.000000
8.605984	1.764784	2.943849	8.854377	2.143736	4.079640	129.908000	-31.019700	25.000000
8.605984	1.764784	2.943849	8.271638	1.802566	3.253622	129.908000	-29.922000	25.000000
8.606177	1.764779	2.943733	9.933927	1.985218	5.075536	129.908000	-29.450700	25.000000
8.606177	1.764779	2.943733	6.970681	2.412804	5.036864	129.908000	-28.353000	25.000000
8.605984	1.764784	2.943849	8.637338	2.065401	0.326742	129.908000	-27.881600	25.000000
8.605984	1.764784	2.943849	8.561688	2.083526	0.127680	129.908000	-26.783900	25.000000
8.605984	1.764784	2.943849	8.916283	2.061275	0.128771	129.908000	-26.312500	25.000000
8.605984	1.764784	2.943849	8.269226	2.089569	0.280786	129.908000	-25.214800	25.000000
8.605984	1.764784	2.943849	7.519308	2.163447	0.853475	129.908000	-24.743500	25.000000
8.605984	1.764784	2.943849	9.594269	2.000846	0.712358	129.908000	-23.645800	25.000000
8.605984	1.764784	2.943849	11.350441	1.663436	2.602691	129.908000	-23.174400	25.000000
8.605984	1.764784	2.943849	3.984583	2.578784	2.422763	129.908000	-22.076700	25.000000
8.605984	1.764784	2.943849	8.632896	1.880366	2.908413	129.908000	-21.605300	25.000000
8.605984	1.764784	2.943849	8.559743	1.742200	3.051362	129.908000	-20.507600	25.000000
8.605984	1.764784	2.943849	8.575617	1.753726	3.053724	129.908000	-20.036300	25.000000
8.605984	1.764784	2.943849	8.668247	1.740034	3.039595	129.908000	-18.938600	25.000000
8.605984	1.764784	2.943849	8.680167	1.758529	2.968347	129.908000	-18.467200	25.000000
8.605984	1.764784	2.943849	8.582144	1.763073	2.969809	129.908000	-17.369500	25.000000
8.605984	1.764784	2.943849	8.594074	1.746234	2.892028	130.692000	-35.726900	25.000000
8.605984	1.764784	2.943849	8.700207	1.755753	2.898316	130.692000	-34.629200	25.000000
8.606177	1.764779	2.943733	8.661345	1.648229	2.646867	130.692000	-34.157900	25.000000
8.606177	1.764779	2.943733	8.583525	1.702827	2.730528	130.692000	-33.060200	25.000000
8.605984	1.764784	2.943849	8.736269	1.628060	3.453916	130.692000	-32.588800	25.000000
8.605984	1.764784	2.943849	8.349401	2.634817	2.980501	130.692000	-31.491100	25.000000
8.605984	1.764784	2.943849	7.168682	2.537512	3.572285	130.692000	-31.019700	25.000000
8.605984	1.764784	2.943849	9.774457	1.745608	3.712306	130.692000	-29.922000	25.000000
8.606177	1.764779	2.943733	9.369098	2.159179	5.296833	130.692000	-29.450700	25.000000
8.606177	1.764779	2.943733	7.685050	2.446078	4.937666	130.692000	-28.353000	25.000000
8.605984	1.764784	2.943849	8.017737	2.212639	0.364603	130.692000	-27.881600	25.000000
8.605984	1.764784	2.943849	9.161272	2.187712	0.317095	130.692000	-26.783900	25.000000
8.605984	1.764784	2.943849	8.314139	2.231171	0.142112	130.692000	-26.312500	25.000000
8.605984	1.764784	2.943849	8.825197	2.186938	0.168801	130.692000	-25.214800	25.000000
8.605984	1.764784	2.943849	7.517313	2.280790	1.193547	130.692000	-24.743500	25.000000
8.605984	1.764784	2.943849	9.571311	2.108246	0.854255	130.692000	-23.645800	25.000000
8.605984	1.764784	2.943849	8.938121	1.728076	3.062214	130.692000	-23.174400	25.000000
8.605984	1.764784	2.943849	8.226445	1.994205	2.214297	130.692000	-22.076700	25.000000
8.605984	1.764784	2.943849	8.619611	1.732764	3.181571	130.692000	-21.605300	25.000000
8.605984	1.764784	2.943849	8.589924	1.708602	3.186269	130.692000	-20.507600	25.000000
8.605984	1.764784	2.943849	8.579889	1.747711	3.037212	130.692000	-20.036300	25.000000
8.605984	1.764784	2.943849	8.601889	1.750797	3.019583	130.692000	-18.938600	25.000000
8.605984	1.764784	2.943849	8.585325	1.761815	2.966302	130.692000	-18.467200	25.000000
8.605984	1.764784	2.943849	8.588946	1.762919	2.965134	130.692000	-17.369500	25.000000
8.605984	1.764784	2.943849	8.589726	1.749872	2.896614	131.477000	-35.726900	25.000000
8.605984	1.764784	2.943849	8.719346	1.747181	2.883617	131.477000	-34.629200	25.000000
8.606177	1.764779	2.943733	8.375446	1.679662	2.720929	131.477000	-34.157900	25.000000
8.606177	1.764779	2.943733	8.710936	1.630527	2.611035	131.477000	-33.060200	25.000000
8.605984	1.764784	2.943849	8.737826	1.813507	3.720439	131.477000	-32.588800	25.000000
8.605984	1.764784	2.943849	8.351796	2.355245	2.518393	131.477000	-31.491100	25.000000
8.605984	1.764784	2.943849	7.027090	2.229279	2.997151	131.477000	-31.019700	25.000000
8.605984	1.764784	2.943849	9.857484	1.999759	4.037648	131.477000	-29.922000	25.000000
8.606177	1.764779	2.943733	8.907300	2.422179	5.509835	131.477000	-29.450700	25.000000
8.606177	1.764779	2.943733	8.266196	2.400817	4.966063	131.477000	-28.353000	25.000000
8.605984	1.764784	2.943849	8.867920	2.313926	0.477345	131.477000	-27.881600	25.000000
8.605984	1.764784	2.943849	8.401190	2.349393	0.358771	131.477000	-26.783900	25.000000
8.605984	1.764784	2.943849	8.582476	2.344933	0.109398	131.477000	-26.312500	25.000000
8.605984	1.764784	2.943849	8.650410	2.353458	0.104536	131.477000	-25.214800	25.000000
8.605984	1.764784	2.943849	9.924359	2.122294	1.241938	131.477000	-24.743500	25.000000
8.605984	1.764784	2.943849	7.018860	2.518534	1.354246	131.477000	-23.645800	25.000000
8.605984	1.764784	2.943849	9.705102	1.623370	3.003927	131.477000	-23.174400	25.000000
8.605984	1.764784	2.943849	7.393321	2.073180	2.614407	131.477000	-22.076700	25.000000
8.605984	1.764784	2.943849	8.742505	1.691190	3.276809	131.477000	-21.605300	25.000000
8.605984	1.764784	2.943849	8.475760	1.654663	3.245974	131.477000	-20.507600	25.000000
8.605984	1.764784	2.943849	8.596022	1.746194	3.018410	131.477000	-20.036300	25.000000
8.605984	1.764784	2.943849	8.521649	1.757286	3.008647	131.477000	-18.938600	25.000000
8.605984	1.764784	2.943849	8.687330	1.760717	2.966038	131.477000	-18.467200	25.000000
8.605984	1.764784	2.943849	8.594027	1.761619	2.960467	131.477000	-17.369500	25.000000
8.615606	1.764564	2.944081	8.633522	1.746600	2.874928	132.262000	-35.726900	25.000000
8.615606	1.764564	2.944081	8.590605	1.743941	2.892028	132.262000	-34.629200	25.000000
8.615798	1.764560	2.943965	8.250339	1.642370	2.688814	132.262000	-34.157900	25.000000
8.615798	1.764560	2.943965	8.946709	1.619996	2.587738	132.262000	-33.060200	25.000000
8.615606	1.764564	2.944081	8.513479	2.046650	3.839139	132.262000	-32.588800	25.000000
8.615606	1.764564	2.944081	8.503591	2.073903	2.507112	132.262000	-31.491100	25.000000
8.615606	1.764564	2.944081	9.749359	1.819523	3.829556	132.262000	-31.019700	25.000000
8.615606	1.764564	2.944081	7.133274	2.624310	2.871860	132.262000	-29.922000	25.000000
8.615798	1.764560	2.943965	8.329466	2.525909	5.073593	132.262000	-29.450700	25.000000
8.615798	1.764560	2.943965	8.823265	2.608736	5.608444	132.262000	-28.353000	25.000000
8.615606	1.764564	2.944081	8.464780	2.464985	0.480524	132.262000	-27.881600	25.000000
8.615606	1.764564	2.944081	8.839259	2.466435	0.439361	132.262000	-26.783900	25.000000
8.615606	1.764564	2.944081	8.770975	2.476218	0.073939	132.262000	-26.312500	25.000000
8.615606	1.764564	2.944081	8.409067	2.512652	0.137895	132.262000	-25.214800	25.000000
8.615606	1.764564	2.944081	7.023788	2.652404	1.552617	132.262000	-24.743500	25.000000
8.615606	1.764564	2.944081	9.847822	2.115168	1.646840	132.262000	-23.645800	25.000000
8.615606	1.764564	2.944081	9.388530	1.691448	2.669308	132.262000	-23.174400	25.000000
8.615606	1.764564	2.944081	7.755521	1.974980	3.234284	132.262000	-22.076700	25.000000
8.615606	1.764564	2.944081	8.824857	1.694627	3.256033	132.262000	-21.605300	25.000000
8.615606	1.764564	2.944081	8.444910	1.644279	3.214084	132.262000	-20.507600	25.000000
8.615606	1.764564	2.944081	8.612717	1.745850	3.003197	132.262000	-20.036300	25.000000
8.615606	1.764564	2.944081	8.630695	1.757260	3.003197	132.262000	-18.938600	25.000000
8.615606	1.764564	2.944081	8.594167	1.762801	2.961633	132.262000	-18.467200	25.000000
8.615606	1.764564	2.944081	8.595801	1.761579	2.959302	132.262000	-17.369500	25.000000
8.605984	1.764784	2.943849	8.614140	1.749359	2.885170	133.046000	-35.726900	25.000000
8.605984	1.764784	2.943849	8.621195	1.732734	2.871527	133.046000	-34.629200	25.000000
8.606177	1.764779	2.943733	8.600140	1.549865	2.563267	133.046000	-34.157900	25.000000
8.606177	1.764779	2.943733	8.712870	1.661591	2.662482	133.046000	-33.060200	25.000000
8.605984	1.764784	2.943849	8.560259	1.629239	2.956705	133.046000	-32.588800	25.000000
8.605984	1.764784	2.943849	8.487172	2.680280	3.527506	133.046000	-31.491100	25.000000
8.605984	1.764784	2.943849	7.483823	2.087940	2.786780	133.046000	-31.019700	25.000000
8.605984	1.764784	2.943849	9.428282	2.154996	4.103226	133.046000	-29.922000	25.000000
8.606177	1.764779	2.943733	8.484038	2.606928	5.378098	133.046000	-29.450700	25.000000
8.606177	1.764779	2.943733	8.860976	2.855176	5.421449	133.046000	-28.353000	25.000000
8.605984	1.764784	2.943849	8.586827	2.609575	0.461594	133.046000	-27.881600	25.000000
8.605984	1.764784	2.943849	8.719065	2.584347	0.475286	133.046000	-26.783900	25.000000
8.605984	1.764784	2.943849	8.369922	2.681622	0.091635	133.046000	-26.312500	25.000000
8.605984	1.764784	2.943849	8.901916	2.615912	0.274302	133.046000	-25.214800	25.000000
8.605984	1.764784	2.943849	9.890202	2.148373	1.714912	133.046000	-24.743500	25.000000
8.605984	1.764784	2.943849	7.049823	2.465720	2.566168	133.046000	-23.645800	25.000000
8.605984	1.764784	2.943849	8.915862	1.628029	3.158445	133.046000	-23.174400	25.000000
8.605984	1.764784	2.943849	8.237166	2.153096	2.573749	133.046000	-22.076700	25.000000
8.605984	1.764784	2.943849	8.531360	1.652939	3.166294	133.046000	-21.605300	25.000000
8.605984	1.764784	2.943849	8.701103	1.713794	3.195030	133.046000	-20.507600	25.000000
8.605984	1.764784	2.943849	8.638379	1.750029	2.988049	133.046000	-20.036300	25.000000
8.605984	1.764784	2.943849	8.634362	1.756001	2.998529	133.046000	-18.938600	25.000000
8.605984	1.764784	2.943849	8.599488	1.762681	2.958137	133.046000	-18.467200	25.000000
8.605984	1.764784	2.943849	8.595801	1.761579	2.959302	133.046000	-17.369500	25.000000
8.615606	1.764564	2.944081	8.597796	1.740254	2.886311	133.831000	-35.726900	25.000000
8.615606	1.764564	2.944081	8.651300	1.734508	2.860235	133.831000	-34.629200	25.000000
8.615798	1.764560	2.943965	9.153422	1.584234	2.550560	133.831000	-34.157900	25.000000
8.615798	1.764560	2.943965	7.965249	1.579836	2.644250	133.831000	-33.060200	25.000000
8.615606	1.764564	2.944081	8.122216	2.114256	3.751140	133.831000	-32.588800	25.000000
8.615606	1.764564	2.944081	8.950665	2.021636	2.530867	133.831000	-31.491100	25.000000
8.615606	1.764564	2.944081	8.004849	2.718802	2.914337	133.831000	-31.019700	25.000000
8.615606	1.764564	2.944081	9.112129	1.825967	3.673259	133.831000	-29.922000	25.000000
8.615798	1.764560	2.943965	8.408787	2.828500	5.155314	133.831000	-29.450700	25.000000
8.615798	1.764560	2.943965	8.827078	2.914277	5.880274	133.831000	-28.353000	25.000000
8.615606	1.764564	2.944081	8.735766	2.728231	0.422854	133.831000	-27.881600	25.000000
8.615606	1.764564	2.944081	8.391758	2.732713	0.627915	133.831000	-26.783900	25.000000
8.615606	1.764564	2.944081	8.848525	2.727314	0.569313	133.831000	-26.312500	25.000000
8.615606	1.764564	2.944081	8.373058	2.841962	0.241053	133.831000	-25.214800	25.000000
8.615606	1.764564	2.944081	6.827884	2.414240	3.009041	133.831000	-24.743500	25.000000
8.615606	1.764564	2.944081	10.006498	2.014980	2.054243	133.831000	-23.645800	25.000000
8.615606	1.764564	2.944081	8.715326	1.628198	3.156534	133.831000	-23.174400	25.000000
8.615606	1.764564	2.944081	8.468624	2.187815	2.653339	133.831000	-22.076700	25.000000
8.615606	1.764564	2.944081	8.680450	1.705993	3.158568	133.831000	-21.605300	25.000000
8.615606	1.764564	2.944081	8.567730	1.690131	3.101614	133.831000	-20.507600	25.000000
8.615606	1.764564	2.944081	8.656934	1.756688	2.982241	133.831000	-20.036300	25.000000
8.615606	1.764564	2.944081	8.638669	1.751199	2.989212	133.831000	-18.938600	25.000000
8.615606	1.764564	2.944081	8.603092	1.762599	2.955808	133.831000	-18.467200	25.000000
8.615606	1.764564	2.944081	8.599384	1.761499	2.956972	133.831000	-17.369500	25.000000
