14.556625	2.546464	4.538787	14.561006	2.551675	4.554953	-9.503760	12.324100	25.000000
14.556625	2.546464	4.538787	14.556730	2.552114	4.561055	-9.503760	13.967900	25.000000
14.556625	2.546464	4.538787	14.475414	2.548099	4.558613	-9.503760	15.065600	25.000000
14.556073	2.546520	4.538766	14.555068	2.552285	4.563499	-9.503760	15.611600	25.000000
14.556073	2.546520	4.538766	14.555896	2.552200	4.562277	-9.503760	16.709300	25.000000
14.556073	2.546520	4.538766	14.610270	2.546657	4.565311	-9.503760	17.255400	25.000000
14.556073	2.546520	4.538766	14.555896	2.552200	4.562277	-9.503760	18.353100	25.000000
14.556625	2.546464	4.538787	14.475414	2.548099	4.558613	-9.503760	18.899200	25.000000
14.556625	2.546464	4.538787	14.530069	2.542546	4.561688	-9.503760	19.996900	25.000000
14.556625	2.546464	4.538787	14.534387	2.542111	4.555660	-9.503760	20.543000	25.000000
14.556303	2.546497	4.538762	14.506306	2.557332	4.552993	-8.681870	10.680300	25.000000
14.556083	2.546519	4.538754	14.557572	2.552028	4.559834	-8.681870	11.778000	25.000000
14.556635	2.546463	4.538775	14.635877	2.556332	4.567169	-8.681870	12.324100	25.000000
14.556635	2.546463	4.538775	14.552625	2.552536	4.567169	-8.681870	13.421800	25.000000
14.556635	2.546463	4.538775	14.543469	2.553479	4.581885	-8.681870	13.967900	25.000000
14.556635	2.546463	4.538775	14.630448	2.556892	4.575746	-8.681870	15.065600	25.000000
14.556083	2.546519	4.538754	14.595893	2.548114	4.588338	-8.681870	15.611600	25.000000
14.556083	2.546519	4.538754	14.541334	2.553699	4.585573	-8.681870	16.709300	25.000000
14.556083	2.546519	4.538754	14.458229	2.549863	4.585573	-8.681870	17.255400	25.000000
14.556083	2.546519	4.538754	14.597291	2.547972	4.585907	-8.681870	18.353100	25.000000
14.556635	2.546463	4.538775	14.520403	2.543522	4.576200	-8.681870	18.899200	25.000000
14.556635	2.546463	4.538775	14.518888	2.543675	4.578625	-8.681870	19.996900	25.000000
14.556635	2.546463	4.538775	14.611927	2.546489	4.562895	-8.681870	20.543000	25.000000
14.556635	2.546463	4.538775	14.525113	2.543046	4.568937	-8.681870	21.640700	25.000000
14.556404	2.546487	4.538779	14.641639	2.555738	4.558613	-7.859990	9.036540	25.000000
14.556183	2.546509	4.538770	14.508963	2.557055	4.549294	-7.859990	10.134200	25.000000
14.556294	2.546498	4.538775	14.551825	2.552618	4.568393	-7.859990	10.680300	25.000000
14.556073	2.546520	4.538766	14.579866	2.562154	4.567835	-7.859990	11.778000	25.000000
14.556625	2.546464	4.538787	14.510165	2.569537	4.593718	-7.859990	12.324100	25.000000
14.556625	2.546464	4.538787	14.624650	2.557491	4.585573	-7.859990	13.421800	25.000000
14.556625	2.546464	4.538787	14.605821	2.559444	4.625111	-7.859990	13.967900	25.000000
14.556625	2.546464	4.538787	14.556442	2.564618	4.611467	-7.859990	15.065600	25.000000
14.556073	2.546520	4.538766	14.516711	2.556249	4.641259	-7.859990	15.611600	25.000000
14.556073	2.546520	4.538766	14.601370	2.559908	4.637529	-7.859990	16.709300	25.000000
14.556073	2.546520	4.538766	14.492053	2.546399	4.633540	-7.859990	17.255400	25.000000
14.556073	2.546520	4.538766	14.571671	2.550583	4.643363	-7.859990	18.353100	25.000000
14.556625	2.546464	4.538787	14.578697	2.549865	4.623733	-7.859990	18.899200	25.000000
14.556625	2.546464	4.538787	14.559519	2.539590	4.607893	-7.859990	19.996900	25.000000
14.556625	2.546464	4.538787	14.565112	2.539031	4.597050	-7.859990	20.543000	25.000000
14.556625	2.546464	4.538787	14.573431	2.538202	4.582634	-7.859990	21.640700	25.000000
14.556073	2.546520	4.538766	14.524311	2.543127	4.570146	-7.859990	22.186700	25.000000
14.556625	2.546464	4.538787	14.583552	2.537195	4.567079	-7.859990	23.284500	25.000000
14.556073	2.546520	4.538766	14.532639	2.542287	4.558070	-7.859990	23.830500	25.000000
14.556404	2.546487	4.538779	14.502014	2.557780	4.559169	-7.038100	9.036540	25.000000
14.556183	2.546509	4.538770	14.553433	2.552453	4.565945	-7.038100	10.134200	25.000000
14.556294	2.546498	4.538775	14.571603	2.563022	4.581496	-7.038100	10.680300	25.000000
14.556073	2.546520	4.538766	14.593711	2.573314	4.594983	-7.038100	11.778000	25.000000
14.556625	2.546464	4.538787	14.556936	2.590261	4.630990	-7.038100	12.324100	25.000000
14.556625	2.546464	4.538787	14.711914	2.573362	4.646661	-7.038100	13.421800	25.000000
14.556625	2.546464	4.538787	14.565862	2.576316	4.688637	-7.038100	13.967900	25.000000
14.556625	2.546464	4.538787	14.597850	2.585720	4.740602	-7.038100	15.065600	25.000000
14.556073	2.546520	4.538766	14.571328	2.575725	4.768740	-7.038100	15.611600	25.000000
14.556073	2.546520	4.538766	14.597948	2.560264	4.776053	-7.038100	16.709300	25.000000
14.556073	2.546520	4.538766	14.680630	2.539611	4.768955	-7.038100	17.255400	25.000000
14.556073	2.546520	4.538766	14.428319	2.552955	4.764841	-7.038100	18.353100	25.000000
14.556625	2.546464	4.538787	14.453140	2.538086	4.687029	-7.038100	18.899200	25.000000
14.556625	2.546464	4.538787	14.705915	2.525250	4.726270	-7.038100	19.996900	25.000000
14.556625	2.546464	4.538787	14.459948	2.537403	4.652704	-7.038100	20.543000	25.000000
14.556625	2.546464	4.538787	14.585352	2.525058	4.623339	-7.038100	21.640700	25.000000
14.556073	2.546520	4.538766	14.599661	2.523676	4.595073	-7.038100	22.186700	25.000000
14.556625	2.546464	4.538787	14.431940	2.540220	4.585907	-7.038100	23.284500	25.000000
14.556073	2.546520	4.538766	14.588612	2.536693	4.559923	-7.038100	23.830500	25.000000
14.556073	2.546520	4.538766	14.581114	2.537438	4.570663	-7.038100	24.928200	25.000000
14.556404	2.546487	4.538779	14.513528	2.556580	4.543138	-6.216210	5.748990	25.000000
14.556404	2.546487	4.538779	14.508963	2.557055	4.549294	-6.216210	7.392770	25.000000
14.556404	2.546487	4.538779	14.586394	2.561471	4.557933	-6.216210	8.490470	25.000000
14.556404	2.546487	4.538779	14.467080	2.574179	4.573038	-6.216210	9.036540	25.000000
14.556183	2.546509	4.538770	14.575256	2.562638	4.575280	-6.216210	10.134200	25.000000
14.556294	2.546498	4.538775	14.430139	2.591321	4.602171	-6.216210	10.680300	25.000000
14.556073	2.546520	4.538766	14.688176	2.588730	4.654014	-6.216210	11.778000	25.000000
14.556625	2.546464	4.538787	14.367425	2.640345	4.745710	-6.216210	12.324100	25.000000
14.556625	2.546464	4.538787	14.718781	2.598374	4.758409	-6.216210	13.421800	25.000000
14.556625	2.546464	4.538787	14.538119	2.619319	4.832639	-6.216210	13.967900	25.000000
14.556625	2.546464	4.538787	14.603917	2.598152	4.829188	-6.216210	15.065600	25.000000
14.556073	2.546520	4.538766	14.523581	2.568104	4.855004	-6.216210	15.611600	25.000000
14.556073	2.546520	4.538766	14.557802	2.590164	4.796401	-6.216210	16.709300	25.000000
14.556073	2.546520	4.538766	14.642664	2.519556	4.799229	-6.216210	17.255400	25.000000
14.556073	2.546520	4.538766	14.486200	2.534783	4.833741	-6.216210	18.353100	25.000000
14.556625	2.546464	4.538787	14.692546	2.503324	4.823425	-6.216210	18.899200	25.000000
14.556625	2.546464	4.538787	14.417018	2.505806	4.831818	-6.216210	19.996900	25.000000
14.556625	2.546464	4.538787	14.822282	2.480549	4.713158	-6.216210	20.543000	25.000000
14.556625	2.546464	4.538787	14.331124	2.513972	4.773147	-6.216210	21.640700	25.000000
14.556073	2.546520	4.538766	14.469637	2.512548	4.655978	-6.216210	22.186700	25.000000
14.556625	2.546464	4.538787	14.590836	2.524528	4.611542	-6.216210	23.284500	25.000000
14.556073	2.546520	4.538766	14.496538	2.533756	4.574250	-6.216210	23.830500	25.000000
14.556073	2.546520	4.538766	14.603852	2.523273	4.588034	-6.216210	24.928200	25.000000
14.556625	2.546464	4.538787	14.586898	2.536863	4.562307	-6.216210	26.572000	25.000000
14.556414	2.546486	4.538767	14.512601	2.556676	4.544368	-5.394320	5.748990	25.000000
14.556414	2.546486	4.538767	14.510768	2.556867	4.546830	-5.394320	6.846690	25.000000
14.556414	2.546486	4.538767	14.505433	2.557423	4.554227	-5.394320	7.392770	25.000000
14.556414	2.546486	4.538767	14.527522	2.567684	4.563499	-5.394320	8.490470	25.000000
14.556414	2.546486	4.538767	14.618139	2.583490	4.608864	-5.394320	9.036540	25.000000
14.556193	2.546508	4.538758	14.387856	2.596131	4.580723	-5.394320	10.134200	25.000000
14.556303	2.546497	4.538762	14.663242	2.604679	4.708949	-5.394320	10.680300	25.000000
14.556083	2.546519	4.538754	14.401432	2.665517	4.717753	-5.394320	11.778000	25.000000
14.556635	2.546463	4.538775	14.185644	2.592455	4.678618	-5.394320	12.324100	25.000000
14.556635	2.546463	4.538775	14.991334	2.620283	4.845383	-5.394320	13.421800	25.000000
14.556635	2.546463	4.538775	13.591909	2.191033	3.792327	-5.394320	13.967900	25.000000
14.556635	2.546463	4.538775	15.342751	2.280717	4.287184	-5.394320	15.065600	25.000000
14.556083	2.546519	4.538754	13.461426	2.188830	3.881860	-5.394320	15.611600	25.000000
14.556083	2.546519	4.538754	15.501613	2.128191	3.905489	-5.394320	16.709300	25.000000
14.556083	2.546519	4.538754	13.430190	2.136613	3.668397	-5.394320	17.255400	25.000000
14.556083	2.546519	4.538754	15.554742	2.044800	3.731599	-5.394320	18.353100	25.000000
14.556635	2.546463	4.538775	15.841086	2.270375	3.727307	-5.394320	18.899200	25.000000
14.556635	2.546463	4.538775	13.144200	2.803478	4.073475	-5.394320	19.996900	25.000000
14.556635	2.546463	4.538775	14.607905	2.455226	4.823881	-5.394320	20.543000	25.000000
14.556635	2.546463	4.538775	14.556772	2.516005	4.787541	-5.394320	21.640700	25.000000
14.556083	2.546519	4.538754	14.241174	2.510728	4.708579	-5.394320	22.186700	25.000000
14.556635	2.546463	4.538775	14.853293	2.456308	4.723186	-5.394320	23.284500	25.000000
14.556083	2.546519	4.538754	14.367884	2.522346	4.615107	-5.394320	23.830500	25.000000
14.556083	2.546519	4.538754	14.632894	2.508839	4.601221	-5.394320	24.928200	25.000000
14.556635	2.546463	4.538775	14.586898	2.536863	4.562307	-5.394320	25.474300	25.000000
14.556635	2.546463	4.538775	14.556524	2.527858	4.571167	-5.394320	26.572000	25.000000
14.556359	2.546491	4.538765	14.514462	2.556483	4.541908	-4.572430	5.202910	25.000000
14.556414	2.546486	4.538767	14.590696	2.561021	4.551760	-4.572430	5.748990	25.000000
14.556414	2.546486	4.538767	14.512601	2.556676	4.544368	-4.572430	6.846690	25.000000
14.556414	2.546486	4.538767	14.499590	2.583563	4.569939	-4.572430	7.392770	25.000000
14.556414	2.546486	4.538767	14.529147	2.567511	4.560992	-4.572430	8.490470	25.000000
14.556414	2.546486	4.538767	14.689534	2.628781	4.667974	-4.572430	9.036540	25.000000
14.556193	2.546508	4.538758	14.452142	2.615795	4.590770	-4.572430	10.134200	25.000000
14.556303	2.546497	4.538762	14.534484	2.677939	4.717774	-4.572430	10.680300	25.000000
14.556083	2.546519	4.538754	14.626099	2.665565	4.739397	-4.572430	11.778000	25.000000
14.556635	2.546463	4.538775	16.566834	2.033842	4.446137	-4.572430	12.324100	25.000000
14.556635	2.546463	4.538775	12.055704	2.595129	4.213042	-4.572430	13.421800	25.000000
14.556635	2.546463	4.538775	16.056168	1.546629	3.931396	-4.572430	13.967900	25.000000
14.556635	2.546463	4.538775	12.823844	1.584521	3.805372	-4.572430	15.065600	25.000000
14.556083	2.546519	4.538754	15.098358	1.436605	3.803808	-4.572430	15.611600	25.000000
14.556083	2.546519	4.538754	13.935742	1.539936	3.659848	-4.572430	16.709300	25.000000
14.556083	2.546519	4.538754	15.826007	1.289061	3.158039	-4.572430	17.255400	25.000000
14.556083	2.546519	4.538754	13.181916	1.262489	3.239677	-4.572430	18.353100	25.000000
14.556635	2.546463	4.538775	14.935365	1.947926	3.624179	-4.572430	18.899200	25.000000
14.556635	2.546463	4.538775	13.614368	1.876697	2.581687	-4.572430	19.996900	25.000000
14.556635	2.546463	4.538775	13.973189	2.603695	4.501296	-4.572430	20.543000	25.000000
14.556635	2.546463	4.538775	15.168718	2.353782	3.953301	-4.572430	21.640700	25.000000
14.556083	2.546519	4.538754	14.476909	2.433849	4.762347	-4.572430	22.186700	25.000000
14.556635	2.546463	4.538775	14.626332	2.442991	4.750668	-4.572430	23.284500	25.000000
14.556083	2.546519	4.538754	14.306516	2.504502	4.663017	-4.572430	23.830500	25.000000
14.556083	2.546519	4.538754	14.819231	2.469896	4.642936	-4.572430	24.928200	25.000000
14.556635	2.546463	4.538775	14.469350	2.524418	4.579443	-4.572430	25.474300	25.000000
14.556635	2.546463	4.538775	14.668320	2.517121	4.579067	-4.572430	26.572000	25.000000
14.556635	2.546463	4.538775	14.509997	2.532424	4.555161	-4.572430	27.118100	25.000000
14.556635	2.546463	4.538775	14.593015	2.536257	4.553972	-4.572430	28.215800	25.000000
14.556404	2.546487	4.538779	14.541283	2.566222	4.543500	-3.750550	5.748990	25.000000
14.556404	2.546487	4.538779	14.619083	2.570602	4.552234	-3.750550	6.846690	25.000000
14.556404	2.546487	4.538779	14.659250	2.591936	4.589330	-3.750550	7.392770	25.000000
14.556404	2.546487	4.538779	14.455314	2.588489	4.555034	-3.750550	8.490470	25.000000
14.556404	2.546487	4.538779	14.806201	2.656785	4.721084	-3.750550	9.036540	25.000000
14.556183	2.546509	4.538770	14.321400	2.676472	4.626662	-3.750550	10.134200	25.000000
14.556294	2.546498	4.538775	11.819475	2.183794	3.824411	-3.750550	10.680300	25.000000
14.556073	2.546520	4.538766	16.746940	2.431571	4.657399	-3.750550	11.778000	25.000000
14.556625	2.546464	4.538787	14.318114	1.520489	4.317598	-3.750550	12.324100	25.000000
14.556625	2.546464	4.538787	14.773029	1.893143	3.967373	-3.750550	13.421800	25.000000
14.556625	2.546464	4.538787	12.786712	1.169045	3.999154	-3.750550	13.967900	25.000000
14.556625	2.546464	4.538787	16.083532	1.175060	4.060802	-3.750550	15.065600	25.000000
14.556073	2.546520	4.538766	13.638915	0.916561	3.601108	-3.750550	15.611600	25.000000
14.556073	2.546520	4.538766	15.371727	0.961269	3.808899	-3.750550	16.709300	25.000000
14.556073	2.546520	4.538766	13.493143	0.889308	2.956362	-3.750550	17.255400	25.000000
14.556073	2.546520	4.538766	15.584444	0.882466	3.218938	-3.750550	18.353100	25.000000
14.556625	2.546464	4.538787	14.881616	1.281177	3.396775	-3.750550	18.899200	25.000000
14.556625	2.546464	4.538787	14.263646	1.567992	3.367866	-3.750550	19.996900	25.000000
14.556625	2.546464	4.538787	14.225906	1.726067	2.993055	-3.750550	20.543000	25.000000
14.556625	2.546464	4.538787	14.771422	2.151194	3.381074	-3.750550	21.640700	25.000000
14.556073	2.546520	4.538766	12.116930	2.848442	4.683825	-3.750550	22.186700	25.000000
14.556625	2.546464	4.538787	16.493029	2.412486	3.856142	-3.750550	23.284500	25.000000
14.556073	2.546520	4.538766	14.228944	2.465622	4.689135	-3.750550	23.830500	25.000000
14.556073	2.546520	4.538766	14.873763	2.413253	4.721884	-3.750550	24.928200	25.000000
14.556625	2.546464	4.538787	14.487222	2.510881	4.611556	-3.750550	25.474300	25.000000
14.556625	2.546464	4.538787	14.727271	2.511588	4.579457	-3.750550	26.572000	25.000000
14.556625	2.546464	4.538787	14.504744	2.532944	4.562307	-3.750550	27.118100	25.000000
14.556625	2.546464	4.538787	14.593015	2.536257	4.553972	-3.750550	28.215800	25.000000
14.556625	2.546464	4.538787	14.597589	2.535804	4.548031	-3.750550	29.859600	25.000000
14.556349	2.546492	4.538777	14.514462	2.556483	4.541908	-2.928660	5.202910	25.000000
14.556404	2.546487	4.538779	14.539467	2.566415	4.545993	-2.928660	5.748990	25.000000
14.556404	2.546487	4.538779	14.565974	2.576303	4.550190	-2.928660	6.846690	25.000000
14.556404	2.546487	4.538779	14.434320	2.604234	4.557476	-2.928660	7.392770	25.000000
14.556404	2.546487	4.538779	14.671483	2.617193	4.600529	-2.928660	8.490470	25.000000
14.556404	2.546487	4.538779	14.579440	2.671810	4.711177	-2.928660	9.036540	25.000000
14.556183	2.546509	4.538770	14.541345	2.676997	4.643575	-2.928660	10.134200	25.000000
14.556294	2.546498	4.538775	10.841587	1.635407	3.920455	-2.928660	10.680300	25.000000
14.556073	2.546520	4.538766	17.350504	1.973513	4.446137	-2.928660	11.778000	25.000000
14.556625	2.546464	4.538787	12.730279	1.124042	4.056693	-2.928660	12.324100	25.000000
14.556625	2.546464	4.538787	16.127616	1.415155	4.164435	-2.928660	13.421800	25.000000
14.556625	2.546464	4.538787	14.873130	0.718132	4.335678	-2.928660	13.967900	25.000000
14.556625	2.546464	4.538787	14.272351	0.950171	4.360675	-2.928660	15.065600	25.000000
14.556073	2.546520	4.538766	15.652156	0.530605	3.944846	-2.928660	15.611600	25.000000
14.556073	2.546520	4.538766	13.374603	0.521013	4.141052	-2.928660	16.709300	25.000000
14.556073	2.546520	4.538766	15.746111	0.907110	3.760905	-2.928660	17.255400	25.000000
14.556073	2.546520	4.538766	13.241601	0.679556	3.213756	-2.928660	18.353100	25.000000
14.556625	2.546464	4.538787	14.107973	0.941817	3.179294	-2.928660	18.899200	25.000000
14.556625	2.546464	4.538787	14.927723	0.981216	3.480930	-2.928660	19.996900	25.000000
14.556625	2.546464	4.538787	12.930971	1.446744	2.881492	-2.928660	20.543000	25.000000
14.556625	2.546464	4.538787	15.888990	1.322809	2.268860	-2.928660	21.640700	25.000000
14.556073	2.546520	4.538766	13.280813	2.754865	1.510868	-2.928660	22.186700	25.000000
14.556625	2.546464	4.538787	14.985660	2.087257	3.072472	-2.928660	23.284500	25.000000
14.556073	2.546520	4.538766	14.384725	2.420063	4.694065	-2.928660	23.830500	25.000000
14.556073	2.546520	4.538766	14.677024	2.428411	4.734490	-2.928660	24.928200	25.000000
14.556625	2.546464	4.538787	14.794932	2.482930	4.601732	-2.928660	25.474300	25.000000
14.556625	2.546464	4.538787	14.299217	2.493516	4.626554	-2.928660	26.572000	25.000000
14.556625	2.546464	4.538787	14.566743	2.526863	4.557025	-2.928660	27.118100	25.000000
14.556625	2.546464	4.538787	14.476533	2.523719	4.568806	-2.928660	28.215800	25.000000
14.556349	2.546492	4.538777	14.597931	2.560266	4.541908	-2.106770	5.202910	25.000000
14.556404	2.546487	4.538779	14.619083	2.570602	4.552234	-2.106770	5.748990	25.000000
14.556404	2.546487	4.538779	14.569489	2.575923	4.545135	-2.106770	6.846690	25.000000
14.556404	2.546487	4.538779	14.605561	2.653492	4.592380	-2.106770	7.392770	25.000000
14.556404	2.546487	4.538779	14.500776	2.623810	4.565566	-2.106770	8.490470	25.000000
14.556404	2.546487	4.538779	15.130552	2.508693	4.607161	-2.106770	9.036540	25.000000
14.556183	2.546509	4.538770	14.001361	2.643480	4.548715	-2.106770	10.134200	25.000000
14.556294	2.546498	4.538775	12.819164	1.266410	4.190200	-2.106770	10.680300	25.000000
14.556073	2.546520	4.538766	16.089549	1.786263	4.455065	-2.106770	11.778000	25.000000
14.556625	2.546464	4.538787	15.458331	0.996319	4.214272	-2.106770	12.324100	25.000000
14.556625	2.546464	4.538787	13.542895	0.793332	4.118639	-2.106770	13.421800	25.000000
14.556625	2.546464	4.538787	15.106257	0.596206	4.920073	-2.106770	13.967900	25.000000
14.556625	2.546464	4.538787	13.953558	0.650971	4.520444	-2.106770	15.065600	25.000000
14.556073	2.546520	4.538766	15.022463	0.656477	4.834850	-2.106770	15.611600	25.000000
14.556073	2.546520	4.538766	14.014578	0.484747	4.445868	-2.106770	16.709300	25.000000
14.556073	2.546520	4.538766	15.079456	0.743505	3.996324	-2.106770	17.255400	25.000000
14.556073	2.546520	4.538766	14.131525	0.569652	4.047894	-2.106770	18.353100	25.000000
14.556625	2.546464	4.538787	15.270481	0.645287	3.006163	-2.106770	18.899200	25.000000
14.556625	2.546464	4.538787	13.743977	0.579512	3.225396	-2.106770	19.996900	25.000000
14.556625	2.546464	4.538787	12.077665	1.545955	2.262353	-2.106770	20.543000	25.000000
14.556625	2.546464	4.538787	16.537835	0.973575	2.569816	-2.106770	21.640700	25.000000
14.556073	2.546520	4.538766	15.502258	1.831776	2.546183	-2.106770	22.186700	25.000000
14.556625	2.546464	4.538787	12.013326	2.878516	3.836331	-2.106770	23.284500	25.000000
14.556073	2.546520	4.538766	16.062469	2.472585	4.482505	-2.106770	23.830500	25.000000
14.556073	2.546520	4.538766	12.899725	2.548964	4.674907	-2.106770	24.928200	25.000000
14.556625	2.546464	4.538787	14.883296	2.453846	4.611667	-2.106770	25.474300	25.000000
14.556625	2.546464	4.538787	14.222925	2.454982	4.652461	-2.106770	26.572000	25.000000
14.556625	2.546464	4.538787	14.623953	2.521343	4.558845	-2.106770	27.118100	25.000000
14.556625	2.546464	4.538787	14.531652	2.518402	4.573994	-2.106770	28.215800	25.000000
14.556625	2.546464	4.538787	14.598524	2.535712	4.546845	-2.106770	28.761900	25.000000
14.556625	2.546464	4.538787	14.456448	2.537754	4.549644	-2.106770	29.859600	25.000000
14.556414	2.546486	4.538767	14.597931	2.560266	4.541908	-1.284880	4.105220	25.000000
14.556414	2.546486	4.538767	14.515109	2.581852	4.545534	-1.284880	5.748990	25.000000
14.556414	2.546486	4.538767	14.570384	2.575827	4.543873	-1.284880	6.846690	25.000000
14.556414	2.546486	4.538767	14.393085	2.682069	4.550331	-1.284880	7.392770	25.000000
14.556414	2.546486	4.538767	14.744562	2.650209	4.584112	-1.284880	8.490470	25.000000
14.556414	2.546486	4.538767	15.825928	2.617280	4.636585	-1.284880	9.036540	25.000000
14.556193	2.546508	4.538758	13.132403	2.053866	4.267970	-1.284880	10.134200	25.000000
14.556303	2.546497	4.538762	17.696327	1.319521	4.512705	-1.284880	10.680300	25.000000
14.556083	2.546519	4.538754	10.424490	1.248693	4.217078	-1.284880	11.778000	25.000000
14.556635	2.546463	4.538775	13.974838	0.551899	4.462776	-1.284880	12.324100	25.000000
14.556635	2.546463	4.538775	15.114576	0.642581	4.599537	-1.284880	13.421800	25.000000
14.556635	2.546463	4.538775	14.632529	0.476880	4.642354	-1.284880	13.967900	25.000000
14.556635	2.546463	4.538775	14.496841	0.488685	4.671236	-1.284880	15.065600	25.000000
14.556083	2.546519	4.538754	14.323177	0.661729	4.695004	-1.284880	15.611600	25.000000
14.556083	2.546519	4.538754	14.839478	0.694739	4.711336	-1.284880	16.709300	25.000000
14.556083	2.546519	4.538754	15.107551	0.641960	4.611620	-1.284880	17.255400	25.000000
14.556083	2.546519	4.538754	13.880450	0.554590	4.661747	-1.284880	18.353100	25.000000
14.556635	2.546463	4.538775	14.942891	0.542163	3.193494	-1.284880	18.899200	25.000000
14.556635	2.546463	4.538775	14.120921	0.320917	3.732086	-1.284880	19.996900	25.000000
14.556635	2.546463	4.538775	15.927963	0.923899	2.959628	-1.284880	20.543000	25.000000
14.556635	2.546463	4.538775	13.030349	1.151911	2.523296	-1.284880	21.640700	25.000000
14.556083	2.546519	4.538754	14.957941	1.691426	3.283490	-1.284880	22.186700	25.000000
14.556635	2.546463	4.538775	13.547694	1.964736	2.254276	-1.284880	23.284500	25.000000
14.556083	2.546519	4.538754	11.645600	2.897362	4.605653	-1.284880	23.830500	25.000000
14.556083	2.546519	4.538754	16.884905	2.458843	3.706162	-1.284880	24.928200	25.000000
14.556635	2.546463	4.538775	14.047647	2.425802	4.649429	-1.284880	25.474300	25.000000
14.556635	2.546463	4.538775	14.963810	2.406531	4.628586	-1.284880	26.572000	25.000000
14.556635	2.546463	4.538775	14.629422	2.497689	4.575323	-1.284880	27.118100	25.000000
14.556635	2.546463	4.538775	14.539175	2.517683	4.563499	-1.284880	28.215800	25.000000
14.556635	2.546463	4.538775	14.458302	2.537568	4.547240	-1.284880	28.761900	25.000000
14.556635	2.546463	4.538775	14.653071	2.530359	4.551150	-1.284880	29.859600	25.000000
14.556352	2.546492	4.538773	14.546893	2.565628	4.536035	-0.462995	5.202910	25.000000
14.556407	2.546486	4.538775	14.636123	2.594521	4.539467	-0.462995	5.748990	25.000000
14.556407	2.546486	4.538775	14.521450	2.581156	4.536591	-0.462995	6.846690	25.000000
14.556407	2.546486	4.538775	14.489431	2.700082	4.540337	-0.462995	7.392770	25.000000
14.556407	2.546486	4.538775	14.619384	2.666456	4.550190	-0.462995	8.490470	25.000000
14.556407	2.546486	4.538775	16.384444	2.487229	4.591765	-0.462995	9.036540	25.000000
14.556186	2.546509	4.538767	12.059022	1.612271	4.382765	-0.462995	10.134200	25.000000
14.556297	2.546498	4.538771	11.322985	0.970094	4.339835	-0.462995	10.680300	25.000000
14.556076	2.546520	4.538762	17.241230	0.994163	4.566578	-0.462995	11.778000	25.000000
14.556628	2.546464	4.538784	15.032062	0.484784	4.673837	-0.462995	12.324100	25.000000
14.556628	2.546464	4.538784	13.949466	0.535040	4.890482	-0.462995	13.421800	25.000000
14.556628	2.546464	4.538784	14.403711	0.622728	4.727864	-0.462995	13.967900	25.000000
14.556628	2.546464	4.538784	14.736719	0.570862	4.454618	-0.462995	15.065600	25.000000
14.556076	2.546520	4.538762	14.619850	0.643031	4.517231	-0.462995	15.611600	25.000000
14.556076	2.546520	4.538762	14.463831	0.513280	4.687042	-0.462995	16.709300	25.000000
14.556076	2.546520	4.538762	13.511954	0.680768	4.680635	-0.462995	17.255400	25.000000
14.556076	2.546520	4.538762	15.622519	0.664338	4.793771	-0.462995	18.353100	25.000000
14.556628	2.546464	4.538784	14.722191	0.410345	4.406254	-0.462995	18.899200	25.000000
14.556628	2.546464	4.538784	14.296937	0.236191	3.709697	-0.462995	19.996900	25.000000
14.556628	2.546464	4.538784	13.707662	0.548059	2.346294	-0.462995	20.543000	25.000000
14.556628	2.546464	4.538784	15.447006	0.494029	2.132290	-0.462995	21.640700	25.000000
14.556076	2.546520	4.538762	16.617461	1.679329	1.796688	-0.462995	22.186700	25.000000
14.556628	2.546464	4.538784	10.560303	0.820578	2.770701	-0.462995	23.284500	25.000000
14.556076	2.546520	4.538762	12.441061	2.794702	3.023103	-0.462995	23.830500	25.000000
14.556076	2.546520	4.538762	16.342582	2.395399	2.058633	-0.462995	24.928200	25.000000
14.556628	2.546464	4.538784	14.165313	2.384926	4.641375	-0.462995	25.474300	25.000000
14.556628	2.546464	4.538784	14.964989	2.396535	4.616643	-0.462995	26.572000	25.000000
14.556628	2.546464	4.538784	14.408414	2.495006	4.576031	-0.462995	27.118100	25.000000
14.556628	2.546464	4.538784	14.718903	2.500914	4.562937	-0.462995	28.215800	25.000000
14.556628	2.546464	4.538784	14.570367	2.526511	4.552324	-0.462995	28.761900	25.000000
14.556628	2.546464	4.538784	14.516436	2.531789	4.546845	-0.462995	29.859600	25.000000
14.556407	2.546486	4.538775	14.602674	2.559772	4.535768	0.358893	4.105220	25.000000
14.556352	2.546492	4.538773	14.601712	2.559872	4.536995	0.358893	5.202910	25.000000
14.556407	2.546486	4.538775	14.525223	2.580742	4.531494	0.358893	5.748990	25.000000
14.556407	2.546486	4.538775	14.639758	2.594113	4.534296	0.358893	6.846690	25.000000
14.556407	2.546486	4.538775	14.414024	2.679142	4.510419	0.358893	7.392770	25.000000
14.556407	2.546486	4.538775	14.808768	2.701869	4.530549	0.358893	8.490470	25.000000
14.556407	2.546486	4.538775	11.558429	1.492852	4.776042	0.358893	9.036540	25.000000
14.556186	2.546509	4.538767	16.590763	2.405915	4.634350	0.358893	10.134200	25.000000
14.556297	2.546498	4.538771	11.840299	1.009740	4.783171	0.358893	10.680300	25.000000
14.556076	2.546520	4.538762	16.805496	0.857212	4.683499	0.358893	11.778000	25.000000
14.556628	2.546464	4.538784	15.211259	0.492980	4.476844	0.358893	12.324100	25.000000
14.556628	2.546464	4.538784	13.903672	0.543529	4.340922	0.358893	13.421800	25.000000
14.556628	2.546464	4.538784	13.630055	0.509332	4.594753	0.358893	13.967900	25.000000
14.556628	2.546464	4.538784	15.381300	0.633140	4.725575	0.358893	15.065600	25.000000
14.556076	2.546520	4.538762	14.815617	0.603322	4.490494	0.358893	15.611600	25.000000
14.556076	2.546520	4.538762	14.295191	0.624147	4.826351	0.358893	16.709300	25.000000
14.556076	2.546520	4.538762	14.985596	0.674932	4.396380	0.358893	17.255400	25.000000
14.556076	2.546520	4.538762	14.148852	0.713241	4.527705	0.358893	18.353100	25.000000
14.556628	2.546464	4.538784	12.719548	0.137212	4.926694	0.358893	18.899200	25.000000
14.556628	2.546464	4.538784	16.181644	0.291286	4.964674	0.358893	19.996900	25.000000
14.556628	2.546464	4.538784	13.358892	0.603381	1.030377	0.358893	20.543000	25.000000
14.556628	2.546464	4.538784	15.696178	0.454893	1.055247	0.358893	21.640700	25.000000
14.556076	2.546520	4.538762	10.651291	0.776275	0.565701	0.358893	22.186700	25.000000
14.556628	2.546464	4.538784	16.619266	1.679317	1.449444	0.358893	23.284500	25.000000
14.556076	2.546520	4.538762	13.675906	2.556359	0.759187	0.358893	23.830500	25.000000
14.556076	2.546520	4.538762	15.361523	2.488473	1.795507	0.358893	24.928200	25.000000
14.556628	2.546464	4.538784	14.407415	2.397544	4.603543	0.358893	25.474300	25.000000
14.556628	2.546464	4.538784	14.591285	2.344861	4.631795	0.358893	26.572000	25.000000
14.556628	2.546464	4.538784	14.698507	2.491453	4.564611	0.358893	27.118100	25.000000
14.556628	2.546464	4.538784	14.356633	2.499799	4.564074	0.358893	28.215800	25.000000
14.556628	2.546464	4.538784	14.574100	2.526148	4.547631	0.358893	28.761900	25.000000
14.556628	2.546464	4.538784	14.572220	2.526331	4.549977	0.358893	29.859600	25.000000
14.556349	2.546492	4.538777	14.602674	2.559772	4.535768	1.180780	5.202910	25.000000
14.556404	2.546487	4.538779	14.442579	2.576846	4.528948	1.180780	5.748990	25.000000
14.556404	2.546487	4.538779	14.646378	2.593372	4.525271	1.180780	6.846690	25.000000
14.556404	2.546487	4.538779	14.872192	2.692889	4.495233	1.180780	7.392770	25.000000
14.556404	2.546487	4.538779	14.256100	2.701884	4.476203	1.180780	8.490470	25.000000
14.556404	2.546487	4.538779	15.659580	2.585493	4.585609	1.180780	9.036540	25.000000
14.556183	2.546509	4.538770	12.792645	1.656890	4.796693	1.180780	10.134200	25.000000
14.556294	2.546498	4.538775	17.241647	1.094835	4.654936	1.180780	10.680300	25.000000
14.556073	2.546520	4.538766	11.288295	1.051708	4.728714	1.180780	11.778000	25.000000
14.556625	2.546464	4.538787	14.558245	0.538225	4.503167	1.180780	12.324100	25.000000
14.556625	2.546464	4.538787	14.568119	0.552579	4.516276	1.180780	13.421800	25.000000
14.556625	2.546464	4.538787	14.765802	0.494064	4.471567	1.180780	13.967900	25.000000
14.556625	2.546464	4.538787	14.306768	0.478489	4.473301	1.180780	15.065600	25.000000
14.556073	2.546520	4.538766	14.527178	0.690435	4.530892	1.180780	15.611600	25.000000
14.556073	2.546520	4.538766	14.490235	0.676393	4.587487	1.180780	16.709300	25.000000
14.556073	2.546520	4.538766	14.444103	0.661211	4.586915	1.180780	17.255400	25.000000
14.556073	2.546520	4.538766	14.785550	0.657843	4.618224	1.180780	18.353100	25.000000
14.556625	2.546464	4.538787	16.012495	0.277480	3.959238	1.180780	18.899200	25.000000
14.556625	2.546464	4.538787	12.930971	0.226738	3.853950	1.180780	19.996900	25.000000
14.556625	2.546464	4.538787	13.235180	0.589681	2.211580	1.180780	20.543000	25.000000
14.556625	2.546464	4.538787	15.835088	0.549976	2.061464	1.180780	21.640700	25.000000
14.556073	2.546520	4.538766	15.487091	0.825780	1.892547	1.180780	22.186700	25.000000
14.556625	2.546464	4.538787	12.590870	1.961921	1.726058	1.180780	23.284500	25.000000
14.556073	2.546520	4.538766	12.997019	2.673682	1.716312	1.180780	23.830500	25.000000
14.556073	2.546520	4.538766	15.905738	2.784076	1.815775	1.180780	24.928200	25.000000
14.556625	2.546464	4.538787	15.113322	2.357437	4.595007	1.180780	25.474300	25.000000
14.556625	2.546464	4.538787	13.981348	2.317845	4.605930	1.180780	26.572000	25.000000
14.556625	2.546464	4.538787	14.585160	2.501742	4.554414	1.180780	27.118100	25.000000
14.556625	2.546464	4.538787	14.445376	2.469077	4.564049	1.180780	28.215800	25.000000
14.556625	2.546464	4.538787	14.575051	2.526056	4.546459	1.180780	28.761900	25.000000
14.556625	2.546464	4.538787	14.518337	2.531602	4.544473	1.180780	29.859600	25.000000
14.556349	2.546492	4.538777	14.604619	2.559569	4.533315	2.002670	5.202910	25.000000
14.556404	2.546487	4.538779	14.652317	2.592709	4.517559	2.002670	5.748990	25.000000
14.556404	2.546487	4.538779	14.531087	2.580100	4.523865	2.002670	6.846690	25.000000
14.556404	2.546487	4.538779	14.552405	2.707059	4.439695	2.002670	7.392770	25.000000
14.556404	2.546487	4.538779	14.486766	2.669169	4.470354	2.002670	8.490470	25.000000
14.556404	2.546487	4.538779	18.485941	1.994482	4.539436	2.002670	9.036540	25.000000
14.556183	2.546509	4.538770	8.576130	2.546113	3.956394	2.002670	10.134200	25.000000
14.556294	2.546498	4.538775	16.758580	1.152984	4.508591	2.002670	10.680300	25.000000
14.556073	2.546520	4.538766	11.800847	0.893006	4.321782	2.002670	11.778000	25.000000
14.556625	2.546464	4.538787	14.825438	0.555019	4.656038	2.002670	12.324100	25.000000
14.556625	2.546464	4.538787	14.293666	0.445263	4.577154	2.002670	13.421800	25.000000
14.556625	2.546464	4.538787	14.706312	0.639530	4.579837	2.002670	13.967900	25.000000
14.556625	2.546464	4.538787	14.482666	0.569100	4.284277	2.002670	15.065600	25.000000
14.556073	2.546520	4.538766	15.282997	0.667799	4.434089	2.002670	15.611600	25.000000
14.556073	2.546520	4.538766	13.846660	0.550638	4.360080	2.002670	16.709300	25.000000
14.556073	2.546520	4.538766	13.328049	0.651269	4.572067	2.002670	17.255400	25.000000
14.556073	2.546520	4.538766	15.766195	0.705755	4.640942	2.002670	18.353100	25.000000
14.556625	2.546464	4.538787	12.827315	0.314033	3.962690	2.002670	18.899200	25.000000
14.556625	2.546464	4.538787	16.123895	0.438267	4.242206	2.002670	19.996900	25.000000
14.556625	2.546464	4.538787	15.206906	0.478352	2.214297	2.002670	20.543000	25.000000
14.556625	2.546464	4.538787	13.946326	0.534660	2.455863	2.002670	21.640700	25.000000
14.556073	2.546520	4.538766	17.603693	0.917475	2.162767	2.002670	22.186700	25.000000
14.556625	2.546464	4.538787	9.753974	1.915931	2.083186	2.002670	23.284500	25.000000
14.556073	2.546520	4.538766	13.135448	2.783016	1.635921	2.002670	23.830500	25.000000
14.556073	2.546520	4.538766	15.680242	2.205704	2.525026	2.002670	24.928200	25.000000
14.556625	2.546464	4.538787	14.367328	2.380184	4.561504	2.002670	25.474300	25.000000
14.556625	2.546464	4.538787	14.801760	2.321771	4.563042	2.002670	26.572000	25.000000
14.556625	2.546464	4.538787	14.410635	2.483373	4.550597	2.002670	27.118100	25.000000
14.556625	2.546464	4.538787	14.787430	2.494724	4.553512	2.002670	28.215800	25.000000
14.556625	2.546464	4.538787	14.520265	2.531412	4.542103	2.002670	28.761900	25.000000
14.556625	2.546464	4.538787	14.602332	2.535336	4.542103	2.002670	29.859600	25.000000
14.556073	2.546520	4.538766	14.602332	2.535336	4.542103	2.002670	31.503300	25.000000
14.556414	2.546486	4.538767	14.606591	2.559364	4.530865	2.824560	4.105220	25.000000
14.556414	2.546486	4.538767	14.623984	2.582850	4.513729	2.824560	5.748990	25.000000
14.556414	2.546486	4.538767	14.532089	2.579990	4.522596	2.824560	6.846690	25.000000
14.556414	2.546486	4.538767	14.314570	2.662054	4.463003	2.824560	7.392770	25.000000
14.556414	2.546486	4.538767	14.880259	2.676548	4.425238	2.824560	8.490470	25.000000
14.556414	2.546486	4.538767	6.948410	1.715216	4.563499	2.824560	9.036540	25.000000
14.556193	2.546508	4.538758	19.003223	2.247478	4.587197	2.824560	10.134200	25.000000
14.556303	2.546497	4.538762	13.786965	1.191879	4.674907	2.824560	10.680300	25.000000
14.556083	2.546519	4.538754	15.312743	0.815227	4.621648	2.824560	11.778000	25.000000
14.556635	2.546463	4.538775	13.919052	0.545355	4.174345	2.824560	12.324100	25.000000
14.556635	2.546463	4.538775	15.179592	0.555143	4.394591	2.824560	13.421800	25.000000
14.556635	2.546463	4.538775	14.756521	0.687965	4.394351	2.824560	13.967900	25.000000
14.556635	2.546463	4.538775	14.312236	0.508700	4.569883	2.824560	15.065600	25.000000
14.556083	2.546519	4.538754	14.264645	0.596654	4.651215	2.824560	15.611600	25.000000
14.556083	2.546519	4.538754	14.793651	0.636133	4.377325	2.824560	16.709300	25.000000
14.556083	2.546519	4.538754	15.165751	0.759299	4.360345	2.824560	17.255400	25.000000
14.556083	2.546519	4.538754	13.860375	0.665814	4.316699	2.824560	18.353100	25.000000
14.556635	2.546463	4.538775	15.708915	0.228668	5.378358	2.824560	18.899200	25.000000
14.556635	2.546463	4.538775	13.269755	0.364069	4.481783	2.824560	19.996900	25.000000
14.556635	2.546463	4.538775	14.671742	0.482027	0.722979	2.824560	20.543000	25.000000
14.556635	2.546463	4.538775	14.483784	0.556279	1.095453	2.824560	21.640700	25.000000
14.556083	2.546519	4.538754	15.753730	0.858183	0.922262	2.824560	22.186700	25.000000
14.556635	2.546463	4.538775	12.477981	1.788903	1.397551	2.824560	23.284500	25.000000
14.556083	2.546519	4.538754	11.196736	2.655545	0.870673	2.824560	23.830500	25.000000
14.556083	2.546519	4.538754	17.190175	2.327377	1.579596	2.824560	24.928200	25.000000
14.556635	2.546463	4.538775	14.397069	2.398325	4.541165	2.824560	25.474300	25.000000
14.556635	2.546463	4.538775	14.676652	2.358321	4.538668	2.824560	26.572000	25.000000
14.556635	2.546463	4.538775	14.594893	2.500847	4.543095	2.824560	27.118100	25.000000
14.556635	2.546463	4.538775	14.541324	2.471836	4.544326	2.824560	28.215800	25.000000
14.556635	2.546463	4.538775	14.578920	2.525681	4.541775	2.824560	28.761900	25.000000
14.556635	2.546463	4.538775	14.522221	2.531219	4.539735	2.824560	29.859600	25.000000
14.556083	2.546519	4.538754	14.603301	2.535240	4.540919	2.824560	30.405600	25.000000
14.556083	2.546519	4.538754	14.603301	2.535240	4.540919	2.824560	31.503300	25.000000
14.556349	2.546492	4.538777	14.523171	2.555578	4.530865	3.646440	5.202910	25.000000
14.556404	2.546487	4.538779	14.485168	2.585160	4.513712	3.646440	5.748990	25.000000
14.556404	2.546487	4.538779	14.645873	2.567761	4.517460	3.646440	6.846690	25.000000
14.556404	2.546487	4.538779	14.807106	2.656669	4.415381	3.646440	7.392770	25.000000
14.556404	2.546487	4.538779	14.323969	2.645910	4.461714	3.646440	8.490470	25.000000
14.556404	2.546487	4.538779	8.176796	2.067988	5.082560	3.646440	9.036540	25.000000
14.556183	2.546509	4.538770	18.760941	2.314391	4.586776	3.646440	10.134200	25.000000
14.556294	2.546498	4.538775	11.711110	1.042810	4.963122	3.646440	10.680300	25.000000
14.556073	2.546520	4.538766	16.879680	1.380065	4.806654	3.646440	11.778000	25.000000
14.556625	2.546464	4.538787	14.050911	0.560630	4.497930	3.646440	12.324100	25.000000
14.556625	2.546464	4.538787	14.967511	0.673420	4.542309	3.646440	13.421800	25.000000
14.556625	2.546464	4.538787	14.865396	0.492314	4.286939	3.646440	13.967900	25.000000
14.556625	2.546464	4.538787	14.273752	0.545793	4.339401	3.646440	15.065600	25.000000
14.556073	2.546520	4.538766	14.280756	0.669274	4.426338	3.646440	15.611600	25.000000
14.556073	2.546520	4.538766	14.895973	0.699277	4.426926	3.646440	16.709300	25.000000
14.556073	2.546520	4.538766	13.998914	0.540970	4.662431	3.646440	17.255400	25.000000
14.556073	2.546520	4.538766	15.004736	0.643922	4.557461	3.646440	18.353100	25.000000
14.556625	2.546464	4.538787	15.626929	0.234288	5.511432	3.646440	18.899200	25.000000
14.556625	2.546464	4.538787	13.437544	0.224612	0.249841	3.646440	19.996900	25.000000
14.556625	2.546464	4.538787	15.605448	0.788539	0.398961	3.646440	20.543000	25.000000
14.556625	2.546464	4.538787	13.411935	1.039083	1.045213	3.646440	21.640700	25.000000
14.556073	2.546520	4.538766	10.792076	2.317471	0.803253	3.646440	22.186700	25.000000
14.556625	2.546464	4.538787	17.037491	1.412246	0.495552	3.646440	23.284500	25.000000
14.556073	2.546520	4.538766	12.817757	2.702163	4.620567	3.646440	23.830500	25.000000
14.556073	2.546520	4.538766	15.705910	2.523491	0.497067	3.646440	24.928200	25.000000
14.556625	2.546464	4.538787	14.697673	2.347302	4.524346	3.646440	25.474300	25.000000
14.556625	2.546464	4.538787	14.349997	2.401901	4.523104	3.646440	26.572000	25.000000
14.556625	2.546464	4.538787	14.677197	2.504735	4.540836	3.646440	27.118100	25.000000
14.556625	2.546464	4.538787	14.488896	2.476419	4.533636	3.646440	28.215800	25.000000
14.556625	2.546464	4.538787	14.661637	2.529526	4.540605	3.646440	28.761900	25.000000
14.556625	2.546464	4.538787	14.526214	2.530826	4.535005	3.646440	29.859600	25.000000
14.556349	2.546492	4.538777	14.523171	2.555578	4.530865	4.468330	5.202910	25.000000
14.556404	2.546487	4.538779	14.596058	2.573063	4.511250	4.468330	5.748990	25.000000
14.556404	2.546487	4.538779	14.504482	2.570146	4.519993	4.468330	6.846690	25.000000
14.556404	2.546487	4.538779	14.585267	2.641625	4.422302	4.468330	7.392770	25.000000
14.556404	2.546487	4.538779	14.532295	2.606366	4.472646	4.468330	8.490470	25.000000
14.556404	2.546487	4.538779	12.922573	2.455677	4.925360	4.468330	9.036540	25.000000
14.556183	2.546509	4.538770	16.050969	2.536378	4.441911	4.468330	10.134200	25.000000
14.556294	2.546498	4.538775	16.635849	1.331625	4.892796	4.468330	10.680300	25.000000
14.556073	2.546520	4.538766	11.860569	1.934297	4.939864	4.468330	11.778000	25.000000
14.556625	2.546464	4.538787	15.391556	0.783879	4.972991	4.468330	12.324100	25.000000
14.556625	2.546464	4.538787	13.655036	0.801383	5.121297	4.468330	13.421800	25.000000
14.556625	2.546464	4.538787	14.396680	0.585338	4.273483	4.468330	13.967900	25.000000
14.556625	2.546464	4.538787	14.734232	0.727919	4.687904	4.468330	15.065600	25.000000
14.556073	2.546520	4.538766	15.616017	0.653343	4.423959	4.468330	15.611600	25.000000
14.556073	2.546520	4.538766	13.398881	0.509051	4.235044	4.468330	16.709300	25.000000
14.556073	2.546520	4.538766	15.657905	0.492097	4.944254	4.468330	17.255400	25.000000
14.556073	2.546520	4.538766	13.348783	0.561384	5.597456	4.468330	18.353100	25.000000
14.556625	2.546464	4.538787	15.896805	0.452054	6.170620	4.468330	18.899200	25.000000
14.556625	2.546464	4.538787	13.017638	0.534799	6.081356	4.468330	19.996900	25.000000
14.556625	2.546464	4.538787	13.540310	0.813667	0.835715	4.468330	20.543000	25.000000
14.556625	2.546464	4.538787	15.462859	1.101008	1.253633	4.468330	21.640700	25.000000
14.556073	2.546520	4.538766	15.814234	2.451924	1.750650	4.468330	22.186700	25.000000
14.556625	2.546464	4.538787	10.284940	1.384993	0.450374	4.468330	23.284500	25.000000
14.556073	2.546520	4.538766	12.388721	3.021843	4.382092	4.468330	23.830500	25.000000
14.556073	2.546520	4.538766	16.320649	2.512890	4.915914	4.468330	24.928200	25.000000
14.556625	2.546464	4.538787	14.047505	2.393851	4.482138	4.468330	25.474300	25.000000
14.556625	2.546464	4.538787	15.057586	2.380217	4.521601	4.468330	26.572000	25.000000
14.556625	2.546464	4.538787	14.621915	2.509864	4.535436	4.468330	27.118100	25.000000
14.556625	2.546464	4.538787	14.533052	2.495065	4.523954	4.468330	28.215800	25.000000
14.556625	2.546464	4.538787	14.527230	2.530726	4.533824	4.468330	28.761900	25.000000
14.556625	2.546464	4.538787	14.524204	2.531024	4.537369	4.468330	29.859600	25.000000
14.556404	2.546487	4.538779	14.524173	2.555474	4.529641	5.290220	4.105220	25.000000
14.556404	2.546487	4.538779	14.474115	2.560704	4.522401	5.290220	5.748990	25.000000
14.556404	2.546487	4.538779	14.594985	2.573178	4.512497	5.290220	6.846690	25.000000
14.556404	2.546487	4.538779	14.454757	2.588551	4.486577	5.290220	7.392770	25.000000
14.556404	2.546487	4.538779	14.643825	2.606911	4.446607	5.290220	8.490470	25.000000
14.556404	2.546487	4.538779	14.633181	2.649949	4.326506	5.290220	9.036540	25.000000
14.556183	2.546509	4.538770	14.481744	2.669848	4.327650	5.290220	10.134200	25.000000
14.556294	2.546498	4.538775	18.748984	1.936228	4.747803	5.290220	10.680300	25.000000
14.556073	2.546520	4.538766	7.832726	1.711699	5.186417	5.290220	11.778000	25.000000
14.556625	2.546464	4.538787	14.200000	1.055310	5.219487	5.290220	12.324100	25.000000
14.556625	2.546464	4.538787	14.903355	1.163766	5.257821	5.290220	13.421800	25.000000
14.556625	2.546464	4.538787	14.353871	0.996305	4.916295	5.290220	13.967900	25.000000
14.556625	2.546464	4.538787	14.765734	0.720099	4.880577	5.290220	15.065600	25.000000
14.556073	2.546520	4.538766	13.572505	0.470133	4.997614	5.290220	15.611600	25.000000
14.556073	2.546520	4.538766	15.446631	0.493984	5.092895	5.290220	16.709300	25.000000
14.556073	2.546520	4.538766	16.121604	0.423101	5.780342	5.290220	17.255400	25.000000
14.556073	2.546520	4.538766	12.721415	0.541720	0.134566	5.290220	18.353100	25.000000
14.556625	2.546464	4.538787	15.344706	0.852361	6.002508	5.290220	18.899200	25.000000
14.556625	2.546464	4.538787	13.794564	0.878986	6.035924	5.290220	19.996900	25.000000
14.556625	2.546464	4.538787	14.679237	1.134743	0.827926	5.290220	20.543000	25.000000
14.556625	2.546464	4.538787	14.478605	1.120619	0.522001	5.290220	21.640700	25.000000
14.556073	2.546520	4.538766	15.332319	2.535348	1.849096	5.290220	22.186700	25.000000
14.556625	2.546464	4.538787	11.396052	1.685120	0.332923	5.290220	23.284500	25.000000
14.556073	2.546520	4.538766	15.172673	2.729091	4.547240	5.290220	23.830500	25.000000
14.556073	2.546520	4.538766	13.942754	2.434497	4.430450	5.290220	24.928200	25.000000
14.556625	2.546464	4.538787	14.226117	2.411494	4.465365	5.290220	25.474300	25.000000
14.556625	2.546464	4.538787	14.889782	2.442810	4.519088	5.290220	26.572000	25.000000
14.556625	2.546464	4.538787	14.498469	2.509820	4.517284	5.290220	27.118100	25.000000
14.556625	2.546464	4.538787	14.702734	2.513880	4.535436	5.290220	28.215800	25.000000
14.556625	2.546464	4.538787	14.526214	2.530826	4.535005	5.290220	29.859600	25.000000
14.556404	2.546487	4.538779	14.559890	2.564254	4.519929	6.112110	5.748990	25.000000
14.556404	2.546487	4.538779	14.530327	2.554837	4.522307	6.112110	6.846690	25.000000
14.556404	2.546487	4.538779	14.498169	2.583720	4.498384	6.112110	7.392770	25.000000
14.556404	2.546487	4.538779	14.663455	2.578559	4.471129	6.112110	8.490470	25.000000
14.556404	2.546487	4.538779	14.453027	2.658640	4.282062	6.112110	9.036540	25.000000
14.556183	2.546509	4.538770	14.581495	2.614174	4.364782	6.112110	10.134200	25.000000
14.556294	2.546498	4.538775	8.102845	2.189578	5.400144	6.112110	10.680300	25.000000
14.556073	2.546520	4.538766	18.649903	2.228452	4.622158	6.112110	11.778000	25.000000
14.556625	2.546464	4.538787	13.429073	1.398678	5.287814	6.112110	12.324100	25.000000
14.556625	2.546464	4.538787	15.581091	1.537416	5.259416	6.112110	13.421800	25.000000
14.556625	2.546464	4.538787	11.946966	1.063885	5.244598	6.112110	13.967900	25.000000
14.556625	2.546464	4.538787	16.760370	1.159549	5.120700	6.112110	15.065600	25.000000
14.556073	2.546520	4.538766	14.058094	0.847925	5.618814	6.112110	15.611600	25.000000
14.556073	2.546520	4.538766	14.969636	0.839253	5.580401	6.112110	16.709300	25.000000
14.556073	2.546520	4.538766	14.124181	0.619435	0.006097	6.112110	17.255400	25.000000
14.556073	2.546520	4.538766	14.947043	0.604291	0.263257	6.112110	18.353100	25.000000
14.556625	2.546464	4.538787	16.016869	0.760870	0.089758	6.112110	18.899200	25.000000
14.556625	2.546464	4.538787	12.727250	1.539363	0.057417	6.112110	19.996900	25.000000
14.556625	2.546464	4.538787	13.042672	1.676801	0.204200	6.112110	20.543000	25.000000
14.556625	2.546464	4.538787	15.960592	1.749687	6.255804	6.112110	21.640700	25.000000
14.556073	2.546520	4.538766	13.924439	2.447185	0.801270	6.112110	22.186700	25.000000
14.556625	2.546464	4.538787	14.491736	2.454123	5.223712	6.112110	23.284500	25.000000
14.556073	2.546520	4.538766	14.469623	2.392885	4.445246	6.112110	23.830500	25.000000
14.556073	2.546520	4.538766	14.645819	2.441408	4.444278	6.112110	24.928200	25.000000
14.556625	2.546464	4.538787	14.455532	2.446309	4.474744	6.112110	25.474300	25.000000
14.556625	2.546464	4.538787	14.667409	2.483024	4.513901	6.112110	26.572000	25.000000
14.556625	2.546464	4.538787	14.648293	2.519021	4.529918	6.112110	27.118100	25.000000
14.556625	2.546464	4.538787	14.516270	2.519878	4.520792	6.112110	28.215800	25.000000
14.556625	2.546464	4.538787	14.606249	2.534949	4.537369	6.112110	28.761900	25.000000
14.556625	2.546464	4.538787	14.472045	2.536193	4.530472	6.112110	29.859600	25.000000
14.556414	2.546486	4.538767	14.609600	2.559052	4.527194	6.934000	5.748990	25.000000
14.556414	2.546486	4.538767	14.559890	2.564254	4.519929	6.934000	6.846690	25.000000
14.556414	2.546486	4.538767	14.614134	2.571130	4.491384	6.934000	7.392770	25.000000
14.556414	2.546486	4.538767	14.568459	2.563352	4.510067	6.934000	8.490470	25.000000
14.556414	2.546486	4.538767	14.330736	2.616491	4.430265	6.934000	9.036540	25.000000
14.556193	2.546508	4.538758	14.774979	2.592107	4.382442	6.934000	10.134200	25.000000
14.556303	2.546497	4.538762	15.615022	2.488333	4.464344	6.934000	10.680300	25.000000
14.556083	2.546519	4.538754	13.341848	2.656079	4.620711	6.934000	11.778000	25.000000
14.556635	2.546463	4.538775	12.519585	2.193319	5.237633	6.934000	12.324100	25.000000
14.556635	2.546463	4.538775	16.361846	1.992690	5.046851	6.934000	13.421800	25.000000
14.556635	2.546463	4.538775	14.785858	1.258704	5.492762	6.934000	13.967900	25.000000
14.556635	2.546463	4.538775	14.318104	1.564511	5.144797	6.934000	15.065600	25.000000
14.556083	2.546519	4.538754	14.817557	1.311446	5.656442	6.934000	15.611600	25.000000
14.556083	2.546519	4.538754	14.195070	1.270422	5.783250	6.934000	16.709300	25.000000
14.556083	2.546519	4.538754	13.562448	1.087706	6.241543	6.934000	17.255400	25.000000
14.556083	2.546519	4.538754	15.456714	1.093536	5.933792	6.934000	18.353100	25.000000
14.556635	2.546463	4.538775	16.683228	1.328058	0.154997	6.934000	18.899200	25.000000
14.556635	2.546463	4.538775	11.782364	1.853789	0.785398	6.934000	19.996900	25.000000
14.556635	2.546463	4.538775	13.346910	2.724003	5.844326	6.934000	20.543000	25.000000
14.556635	2.546463	4.538775	15.636496	2.145517	6.060384	6.934000	21.640700	25.000000
14.556083	2.546519	4.538754	15.689420	2.374931	4.587852	6.934000	22.186700	25.000000
14.556635	2.546463	4.538775	13.357244	2.722263	4.938457	6.934000	23.284500	25.000000
14.556083	2.546519	4.538754	14.087583	2.411837	4.387271	6.934000	23.830500	25.000000
14.556083	2.546519	4.538754	14.970304	2.386354	4.446137	6.934000	24.928200	25.000000
14.556635	2.546463	4.538775	14.701160	2.502534	4.516112	6.934000	25.474300	25.000000
14.556635	2.546463	4.538775	14.439529	2.492156	4.481298	6.934000	26.572000	25.000000
14.556635	2.546463	4.538775	14.592245	2.524392	4.526605	6.934000	27.118100	25.000000
14.556635	2.546463	4.538775	14.534528	2.530009	4.525569	6.934000	28.215800	25.000000
14.556404	2.546487	4.538779	14.526197	2.555264	4.527194	7.755880	5.748990	25.000000
14.556404	2.546487	4.538779	14.527219	2.555158	4.525971	7.755880	6.846690	25.000000
14.556404	2.546487	4.538779	14.433447	2.565010	4.505024	7.755880	7.392770	25.000000
14.556404	2.546487	4.538779	14.535642	2.554287	4.516211	7.755880	8.490470	25.000000
14.556404	2.546487	4.538779	14.695989	2.575061	4.441578	7.755880	9.036540	25.000000
14.556183	2.546509	4.538770	14.514575	2.581911	4.480630	7.755880	10.134200	25.000000
14.556294	2.546498	4.538775	14.556785	2.617095	4.242606	7.755880	10.680300	25.000000
14.556073	2.546520	4.538766	14.657762	2.592102	4.365850	7.755880	11.778000	25.000000
14.556625	2.546464	4.538787	14.937590	2.574581	4.255430	7.755880	12.324100	25.000000
14.556625	2.546464	4.538787	14.233046	2.560899	4.666268	7.755880	13.421800	25.000000
14.556625	2.546464	4.538787	17.124544	1.830652	5.251772	7.755880	13.967900	25.000000
14.556625	2.546464	4.538787	11.191961	2.341902	5.248535	7.755880	15.065600	25.000000
14.556073	2.546520	4.538766	13.794564	1.918472	5.819538	7.755880	15.611600	25.000000
14.556073	2.546520	4.538766	15.246639	1.742163	5.745049	7.755880	16.709300	25.000000
14.556073	2.546520	4.538766	16.063935	1.784064	5.711082	7.755880	17.255400	25.000000
14.556073	2.546520	4.538766	12.850292	1.953610	5.755715	7.755880	18.353100	25.000000
14.556625	2.546464	4.538787	16.189809	2.073486	6.081712	7.755880	18.899200	25.000000
14.556625	2.546464	4.538787	12.680311	2.284394	0.245080	7.755880	19.996900	25.000000
14.556625	2.546464	4.538787	16.541539	2.546717	5.262984	7.755880	20.543000	25.000000
14.556625	2.546464	4.538787	12.062736	2.932498	3.687492	7.755880	21.640700	25.000000
14.556073	2.546520	4.538766	14.304545	2.395037	4.354823	7.755880	22.186700	25.000000
14.556625	2.546464	4.538787	14.766516	2.333325	4.328404	7.755880	23.284500	25.000000
14.556073	2.546520	4.538766	14.268668	2.473390	4.433934	7.755880	23.830500	25.000000
14.556073	2.546520	4.538766	14.827141	2.447853	4.468434	7.755880	24.928200	25.000000
14.556625	2.546464	4.538787	14.458772	2.513581	4.497678	7.755880	25.474300	25.000000
14.556625	2.546464	4.538787	14.660341	2.517877	4.517284	7.755880	26.572000	25.000000
14.556625	2.546464	4.538787	14.535598	2.529905	4.524392	7.755880	28.215800	25.000000
14.556404	2.546487	4.538779	14.526197	2.555264	4.527194	8.577770	6.846690	25.000000
14.556404	2.546487	4.538779	14.590233	2.548689	4.518602	8.577770	7.392770	25.000000
14.556404	2.546487	4.538779	14.530327	2.554837	4.522307	8.577770	8.490470	25.000000
14.556404	2.546487	4.538779	14.637039	2.556212	4.496805	8.577770	9.036540	25.000000
14.556183	2.546509	4.538770	14.395572	2.569069	4.486071	8.577770	10.134200	25.000000
14.556294	2.546498	4.538775	14.577435	2.575065	4.381746	8.577770	10.680300	25.000000
14.556073	2.546520	4.538766	14.547178	2.578344	4.449299	8.577770	11.778000	25.000000
14.556625	2.546464	4.538787	14.350610	2.600422	4.188209	8.577770	12.324100	25.000000
14.556625	2.546464	4.538787	14.678896	2.564290	4.287828	8.577770	13.421800	25.000000
14.556625	2.546464	4.538787	15.199214	2.449288	4.692804	8.577770	13.967900	25.000000
14.556625	2.546464	4.538787	13.865425	2.616868	4.184315	8.577770	15.065600	25.000000
14.556073	2.546520	4.538766	13.878761	2.534656	5.170387	8.577770	15.611600	25.000000
14.556073	2.546520	4.538766	15.226950	2.489217	5.258374	8.577770	16.709300	25.000000
14.556073	2.546520	4.538766	14.049356	2.542169	4.951860	8.577770	17.255400	25.000000
14.556073	2.546520	4.538766	15.150129	2.529548	5.054486	8.577770	18.353100	25.000000
14.556625	2.546464	4.538787	15.134728	2.486314	4.875755	8.577770	18.899200	25.000000
14.556625	2.546464	4.538787	13.919856	2.639227	4.685530	8.577770	19.996900	25.000000
14.556625	2.546464	4.538787	14.304545	2.415861	4.300582	8.577770	20.543000	25.000000
14.556625	2.546464	4.538787	14.847895	2.456753	4.387271	8.577770	21.640700	25.000000
14.556073	2.546520	4.538766	14.407637	2.439487	4.349845	8.577770	22.186700	25.000000
14.556625	2.546464	4.538787	14.799324	2.450116	4.444278	8.577770	23.284500	25.000000
14.556073	2.546520	4.538766	14.596469	2.489331	4.469600	8.577770	23.830500	25.000000
14.556073	2.546520	4.538766	14.522727	2.507541	4.494476	8.577770	24.928200	25.000000
14.556625	2.546464	4.538787	14.550124	2.528483	4.509137	8.577770	25.474300	25.000000
14.556625	2.546464	4.538787	14.595482	2.524079	4.523116	8.577770	26.572000	25.000000
14.556625	2.546464	4.538787	14.530317	2.530423	4.530283	8.577770	27.118100	25.000000
14.556404	2.546487	4.538779	14.527219	2.555158	4.525971	9.399660	7.392770	25.000000
14.556404	2.546487	4.538779	14.531376	2.554728	4.521086	9.399660	8.490470	25.000000
14.556404	2.546487	4.538779	14.492719	2.558751	4.501471	9.399660	9.036540	25.000000
14.556183	2.546509	4.538770	14.535642	2.554287	4.516211	9.399660	10.134200	25.000000
14.556294	2.546498	4.538775	14.552598	2.565024	4.469245	9.399660	10.680300	25.000000
14.556073	2.546520	4.538766	14.652972	2.554574	4.481157	9.399660	11.778000	25.000000
14.556625	2.546464	4.538787	14.438850	2.577254	4.379992	9.399660	12.324100	25.000000
14.556625	2.546464	4.538787	14.591587	2.548552	4.416234	9.399660	13.421800	25.000000
14.556625	2.546464	4.538787	14.769563	2.530902	4.312148	9.399660	13.967900	25.000000
14.556625	2.546464	4.538787	14.326549	2.563682	4.248741	9.399660	15.065600	25.000000
14.556073	2.546520	4.538766	14.648549	2.518996	4.238271	9.399660	15.611600	25.000000
14.556073	2.546520	4.538766	14.466859	2.512812	4.196158	9.399660	16.709300	25.000000
14.556073	2.546520	4.538766	14.638647	2.452667	4.219903	9.399660	17.255400	25.000000
14.556073	2.546520	4.538766	14.496896	2.475715	4.198783	9.399660	18.353100	25.000000
14.556625	2.546464	4.538787	14.539945	2.439379	4.248741	9.399660	18.899200	25.000000
14.556625	2.546464	4.538787	14.538913	2.450181	4.301832	9.399660	19.996900	25.000000
14.556625	2.546464	4.538787	14.670719	2.471677	4.411469	9.399660	20.543000	25.000000
14.556625	2.546464	4.538787	14.383671	2.463325	4.338055	9.399660	21.640700	25.000000
14.556073	2.546520	4.538766	14.602068	2.500188	4.479070	9.399660	22.186700	25.000000
14.556625	2.546464	4.538787	14.438643	2.492237	4.436292	9.399660	23.284500	25.000000
14.556073	2.546520	4.538766	14.593437	2.512536	4.503573	9.399660	23.830500	25.000000
14.556073	2.546520	4.538766	14.420388	2.529219	4.498431	9.399660	24.928200	25.000000
14.556625	2.546464	4.538787	14.532409	2.530217	4.527925	9.399660	25.474300	25.000000
14.556625	2.546464	4.538787	14.541049	2.529370	4.518514	9.399660	26.572000	25.000000
14.556443	2.546483	4.538730	14.526197	2.555264	4.527194	10.221600	8.490470	25.000000
14.556443	2.546483	4.538730	14.590233	2.548689	4.518602	10.221600	9.036540	25.000000
14.556222	2.546505	4.538722	14.530327	2.554837	4.522307	10.221600	10.134200	25.000000
14.556332	2.546494	4.538726	14.541128	2.553720	4.510130	10.221600	10.680300	25.000000
14.556112	2.546516	4.538718	14.553793	2.552416	4.496805	10.221600	11.778000	25.000000
14.556664	2.546460	4.538739	14.467550	2.561395	4.470468	10.221600	12.324100	25.000000
14.556664	2.546460	4.538739	14.581581	2.549571	4.470391	10.221600	13.421800	25.000000
14.556664	2.546460	4.538739	14.484022	2.559662	4.410104	10.221600	13.967900	25.000000
14.556664	2.546460	4.538739	14.624722	2.545198	4.434925	10.221600	15.065600	25.000000
14.556112	2.546516	4.538718	14.530313	2.542521	4.363618	10.221600	15.611600	25.000000
14.556112	2.546516	4.538718	14.536506	2.529815	4.383063	10.221600	16.709300	25.000000
14.556112	2.546516	4.538718	14.548196	2.516822	4.364622	10.221600	17.255400	25.000000
14.556112	2.546516	4.538718	14.528592	2.518695	4.375714	10.221600	18.353100	25.000000
14.556664	2.546460	4.538739	14.546821	2.516953	4.401790	10.221600	18.899200	25.000000
14.556664	2.546460	4.538739	14.578752	2.502333	4.408818	10.221600	19.996900	25.000000
14.556664	2.546460	4.538739	14.519174	2.519599	4.463970	10.221600	20.543000	25.000000
14.556664	2.546460	4.538739	14.529835	2.506876	4.440945	10.221600	21.640700	25.000000
14.556112	2.546516	4.538718	14.498445	2.521596	4.481230	10.221600	22.186700	25.000000
14.556664	2.546460	4.538739	14.557215	2.527791	4.502129	10.221600	23.284500	25.000000
14.556112	2.546516	4.538718	14.489393	2.534466	4.511435	10.221600	23.830500	25.000000
14.556112	2.546516	4.538718	14.624103	2.533192	4.517340	10.221600	24.928200	25.000000
14.556664	2.546460	4.538739	14.614407	2.534145	4.527925	10.221600	26.572000	25.000000
14.556236	2.546504	4.538847	14.593492	2.548358	4.514993	11.043400	10.680300	25.000000
14.556567	2.546470	4.538860	14.553793	2.552416	4.496805	11.043400	12.324100	25.000000
14.556567	2.546470	4.538860	14.599058	2.547793	4.508991	11.043400	13.421800	25.000000
14.556567	2.546470	4.538860	14.623013	2.545371	4.485134	11.043400	13.967900	25.000000
14.556567	2.546470	4.538860	14.514562	2.556472	4.479513	11.043400	15.065600	25.000000
14.556015	2.546526	4.538838	14.505516	2.545030	4.464434	11.043400	15.611600	25.000000
14.556015	2.546526	4.538838	14.641383	2.543524	4.468587	11.043400	16.709300	25.000000
14.556015	2.546526	4.538838	14.567172	2.538826	4.461537	11.043400	17.255400	25.000000
14.556015	2.546526	4.538838	14.568583	2.538685	4.460364	11.043400	18.353100	25.000000
14.556567	2.546470	4.538860	14.522617	2.531180	4.479647	11.043400	18.899200	25.000000
14.556567	2.546470	4.538860	14.536176	2.529848	4.467991	11.043400	19.996900	25.000000
14.556567	2.546470	4.538860	14.502331	2.533182	4.498431	11.043400	20.543000	25.000000
14.556567	2.546470	4.538860	14.596904	2.535872	4.486672	11.043400	21.640700	25.000000
14.556015	2.546526	4.538838	14.492840	2.534123	4.507881	11.043400	22.186700	25.000000
14.556567	2.546470	4.538860	14.570504	2.538493	4.512620	11.043400	23.284500	25.000000
14.556015	2.546526	4.538838	14.559588	2.539583	4.524508	11.043400	23.830500	25.000000
14.556015	2.546526	4.538838	14.618649	2.533728	4.523215	11.043400	24.928200	25.000000
14.556567	2.546470	4.538860	14.508494	2.544728	4.517398	11.865300	12.324100	25.000000
14.556567	2.546470	4.538860	14.505258	2.545056	4.521010	11.865300	13.421800	25.000000
14.556567	2.546470	4.538860	14.540017	2.553835	4.511345	11.865300	13.967900	25.000000
14.556567	2.546470	4.538860	14.601332	2.547562	4.506594	11.865300	15.065600	25.000000
14.556015	2.546526	4.538838	14.522052	2.543355	4.503004	11.865300	15.611600	25.000000
14.556015	2.546526	4.538838	14.523226	2.543237	4.501808	11.865300	16.709300	25.000000
14.556015	2.546526	4.538838	14.525595	2.542997	4.499418	11.865300	17.255400	25.000000
14.556015	2.546526	4.538838	14.524407	2.543117	4.500613	11.865300	18.353100	25.000000
14.556567	2.546470	4.538860	14.523226	2.543237	4.501808	11.865300	18.899200	25.000000
14.556567	2.546470	4.538860	14.576217	2.537925	4.506698	11.865300	19.996900	25.000000
14.556567	2.546470	4.538860	14.571633	2.538381	4.511435	11.865300	20.543000	25.000000
14.556567	2.546470	4.538860	14.567158	2.538827	4.516181	11.865300	21.640700	25.000000
14.556015	2.546526	4.538838	14.615458	2.534042	4.526747	11.865300	22.186700	25.000000
14.556567	2.546470	4.538860	14.563873	2.539155	4.519746	11.865300	23.284500	25.000000
14.556664	2.546460	4.538739	14.588094	2.548907	4.521010	12.687200	13.967900	25.000000
14.556112	2.546516	4.538718	14.562792	2.539263	4.520936	12.687200	15.611600	25.000000
14.556112	2.546516	4.538718	14.563873	2.539155	4.519746	12.687200	16.709300	25.000000
14.556112	2.546516	4.538718	14.563873	2.539155	4.519746	12.687200	17.255400	25.000000
14.556112	2.546516	4.538718	14.508494	2.544728	4.517398	12.687200	18.353100	25.000000
14.556664	2.546460	4.538739	14.646378	2.543024	4.519746	12.687200	18.899200	25.000000
14.556664	2.546460	4.538739	14.561717	2.539370	4.522126	12.687200	19.996900	25.000000
14.556664	2.546460	4.538739	14.560649	2.539477	4.523317	12.687200	21.640700	25.000000
