17.181259	2.396444	2.356194	17.151676	2.404540	2.337792	3.499300	-15.477600	25.000000
17.181259	2.396444	2.356194	17.272522	2.405446	2.344000	3.499300	-12.660000	25.000000
17.181259	2.396444	2.356194	17.224692	2.408516	2.350060	3.499300	-12.037800	25.000000
17.181259	2.396444	2.356194	17.151676	2.404540	2.337792	4.359240	-17.197400	25.000000
17.181259	2.396444	2.356194	17.200291	2.401431	2.331809	4.359240	-16.099700	25.000000
17.181259	2.396444	2.356194	17.228175	2.408292	2.325529	4.359240	-15.477600	25.000000
17.181259	2.396444	2.356194	17.179639	2.411433	2.331508	4.359240	-14.379900	25.000000
17.181259	2.396444	2.356194	17.179639	2.411433	2.331508	4.359240	-13.757700	25.000000
17.181259	2.396444	2.356194	17.254275	2.415299	2.331508	4.359240	-12.660000	25.000000
17.181259	2.396444	2.356194	17.206394	2.418437	2.337563	4.359240	-12.037800	25.000000
17.181259	2.396444	2.356194	17.205232	2.418514	2.349983	4.359240	-10.940100	25.000000
17.181163	2.396450	2.356207	17.177311	2.411585	2.356194	4.359240	-10.317900	25.000000
17.181259	2.396444	2.356194	17.177893	2.411547	2.343849	4.359240	-9.220220	25.000000
17.181211	2.396447	2.356188	17.200291	2.401431	2.331809	5.219180	-18.917300	25.000000
17.181211	2.396447	2.356188	17.173526	2.394529	2.338015	5.219180	-17.819600	25.000000
17.181211	2.396447	2.356188	17.133885	2.414421	2.325149	5.219180	-17.197400	25.000000
17.181211	2.396447	2.356188	17.277153	2.405150	2.319625	5.219180	-16.099700	25.000000
17.181211	2.396447	2.356188	17.167702	2.420994	2.306236	5.219180	-15.477600	25.000000
17.181211	2.396447	2.356188	17.146428	2.431307	2.318238	5.219180	-14.379900	25.000000
17.181211	2.396447	2.356188	17.222369	2.435093	2.318238	5.219180	-13.757700	25.000000
17.181211	2.396447	2.356188	17.174982	2.438332	2.324358	5.219180	-12.660000	25.000000
17.181211	2.396447	2.356188	17.188659	2.428455	2.337329	5.219180	-12.037800	25.000000
17.181211	2.396447	2.356188	17.174982	2.438332	2.324358	5.219180	-10.940100	25.000000
17.181115	2.396453	2.356201	17.205232	2.418514	2.349983	5.219180	-10.317900	25.000000
17.181211	2.396447	2.356188	17.280336	2.422343	2.349983	5.219180	-9.220220	25.000000
17.181211	2.396447	2.356188	17.177311	2.411585	2.356194	5.219180	-8.598040	25.000000
17.181211	2.396447	2.356188	17.224692	2.408516	2.350060	5.219180	-7.500340	25.000000
17.181211	2.396447	2.356188	17.200291	2.401431	2.331809	6.079120	-19.539500	25.000000
17.181211	2.396447	2.356188	17.281204	2.404892	2.307453	6.079120	-18.917300	25.000000
17.181211	2.396447	2.356188	17.182549	2.411244	2.319174	6.079120	-17.819600	25.000000
17.181211	2.396447	2.356188	17.195930	2.436896	2.273580	6.079120	-17.197400	25.000000
17.181211	2.396447	2.356188	17.272811	2.414092	2.282255	6.079120	-16.099700	25.000000
17.181211	2.396447	2.356188	17.088593	2.462745	2.257182	6.079120	-15.477600	25.000000
17.181211	2.396447	2.356188	17.236299	2.452192	2.239839	6.079120	-14.379900	25.000000
17.181211	2.396447	2.356188	17.267889	2.477683	2.276365	6.079120	-13.757700	25.000000
17.181211	2.396447	2.356188	17.109939	2.480001	2.261881	6.079120	-12.660000	25.000000
17.181211	2.396447	2.356188	17.114321	2.451652	2.330226	6.079120	-12.037800	25.000000
17.181211	2.396447	2.356188	17.099123	2.471342	2.302912	6.079120	-10.940100	25.000000
17.181115	2.396453	2.356201	17.187495	2.428533	2.349905	6.079120	-10.317900	25.000000
17.181211	2.396447	2.356188	17.202907	2.445436	2.343375	6.079120	-9.220220	25.000000
17.181211	2.396447	2.356188	17.177311	2.411585	2.356194	6.079120	-8.598040	25.000000
17.181211	2.396447	2.356188	17.130382	2.414651	2.349983	6.079120	-7.500340	25.000000
17.181211	2.396447	2.356188	17.177311	2.411585	2.356194	6.079120	-6.878160	25.000000
17.181211	2.396447	2.356188	17.080105	2.400454	2.325529	6.939060	-20.637200	25.000000
17.181211	2.396447	2.356188	17.222659	2.391454	2.332103	6.939060	-19.539500	25.000000
17.181211	2.396447	2.356188	17.361164	2.399828	2.253526	6.939060	-18.917300	25.000000
17.181211	2.396447	2.356188	17.054325	2.419679	2.287122	6.939060	-17.819600	25.000000
17.181211	2.396447	2.356188	17.055498	2.455842	2.205038	6.939060	-17.197400	25.000000
17.181211	2.396447	2.356188	17.224982	2.426020	2.205448	6.939060	-16.099700	25.000000
17.181211	2.396447	2.356188	16.963490	2.481494	2.233526	6.939060	-15.477600	25.000000
17.181211	2.396447	2.356188	17.402011	2.458735	2.227047	6.939060	-14.379900	25.000000
17.181211	2.396447	2.356188	17.198546	2.454859	2.304293	6.939060	-13.757700	25.000000
17.181211	2.396447	2.356188	17.137386	2.468530	2.323094	6.939060	-12.660000	25.000000
17.181211	2.396447	2.356188	17.159545	2.495412	2.315122	6.939060	-12.037800	25.000000
17.181211	2.396447	2.356188	17.123668	2.498195	2.294205	6.939060	-10.940100	25.000000
17.181115	2.396453	2.356201	17.358571	2.452704	2.330559	6.939060	-10.317900	25.000000
17.181211	2.396447	2.356188	17.178475	2.465536	2.369352	6.939060	-9.220220	25.000000
17.181211	2.396447	2.356188	17.130382	2.414651	2.349983	6.939060	-8.598040	25.000000
17.181211	2.396447	2.356188	17.187495	2.428533	2.362484	6.939060	-7.500340	25.000000
17.181211	2.396447	2.356188	17.102924	2.407685	2.356194	6.939060	-6.878160	25.000000
17.181211	2.396447	2.356188	17.247029	2.398469	2.338015	7.799000	-21.259400	25.000000
17.181211	2.396447	2.356188	16.999118	2.405675	2.287978	7.799000	-20.637200	25.000000
17.181211	2.396447	2.356188	17.280336	2.387879	2.302354	7.799000	-19.539500	25.000000
17.181211	2.396447	2.356188	17.287568	2.395920	2.253526	7.799000	-18.917300	25.000000
17.181211	2.396447	2.356188	16.994705	2.414773	2.262133	7.799000	-17.819600	25.000000
17.181211	2.396447	2.356188	16.147446	2.184553	2.711830	7.799000	-17.197400	25.000000
17.181211	2.396447	2.356188	18.223337	2.171483	2.431523	7.799000	-16.099700	25.000000
17.181211	2.396447	2.356188	17.422112	1.996836	2.613064	7.799000	-15.477600	25.000000
17.181211	2.396447	2.356188	16.975571	2.034990	2.586485	7.799000	-14.379900	25.000000
17.181211	2.396447	2.356188	16.870388	1.921754	2.641238	7.799000	-13.757700	25.000000
17.181211	2.396447	2.356188	17.466826	1.909281	2.541806	7.799000	-12.660000	25.000000
17.181211	2.396447	2.356188	15.553135	2.227879	2.546833	7.799000	-12.037800	25.000000
17.181211	2.396447	2.356188	18.626325	2.405186	2.174319	7.799000	-10.940100	25.000000
17.181115	2.396453	2.356201	17.041714	2.485159	2.390195	7.799000	-10.317900	25.000000
17.181211	2.396447	2.356188	17.316755	2.502590	2.328804	7.799000	-9.220220	25.000000
17.181211	2.396447	2.356188	17.263256	2.432322	2.349905	7.799000	-8.598040	25.000000
17.181211	2.396447	2.356188	17.067806	2.427685	2.381506	7.799000	-7.500340	25.000000
17.181211	2.396447	2.356188	17.177893	2.411547	2.368540	7.799000	-6.878160	25.000000
17.181211	2.396447	2.356188	17.175855	2.394383	2.325901	8.658940	-22.357100	25.000000
17.181211	2.396447	2.356188	17.175855	2.394383	2.325901	8.658940	-21.259400	25.000000
17.181211	2.396447	2.356188	17.194767	2.393196	2.222844	8.658940	-20.637200	25.000000
17.181211	2.396447	2.356188	17.079520	2.391859	2.271035	8.658940	-19.539500	25.000000
17.181211	2.396447	2.356188	14.882540	2.555650	3.056433	8.658940	-18.917300	25.000000
17.181211	2.396447	2.356188	18.996315	1.965230	2.705999	8.658940	-17.819600	25.000000
17.181211	2.396447	2.356188	16.328913	1.573858	3.201032	8.658940	-17.197400	25.000000
17.181211	2.396447	2.356188	18.004891	1.380818	3.045863	8.658940	-16.099700	25.000000
17.181211	2.396447	2.356188	17.221208	1.348307	2.795365	8.658940	-15.477600	25.000000
17.181211	2.396447	2.356188	17.149636	1.389035	2.707114	8.658940	-14.379900	25.000000
17.181211	2.396447	2.356188	16.605192	1.439132	2.511456	8.658940	-13.757700	25.000000
17.181211	2.396447	2.356188	17.719055	1.367930	2.603149	8.658940	-12.660000	25.000000
17.181211	2.396447	2.356188	14.599658	1.742881	2.474452	8.658940	-12.037800	25.000000
17.181211	2.396447	2.356188	19.211715	2.279229	2.151195	8.658940	-10.940100	25.000000
17.181115	2.396453	2.356201	17.351081	2.519446	2.349202	8.658940	-10.317900	25.000000
17.181211	2.396447	2.356188	16.992940	2.518542	2.413275	8.658940	-9.220220	25.000000
17.181211	2.396447	2.356188	17.051686	2.437792	2.381830	8.658940	-8.598040	25.000000
17.181211	2.396447	2.356188	17.324549	2.446035	2.362564	8.658940	-7.500340	25.000000
17.181211	2.396447	2.356188	17.251956	2.415450	2.356194	8.658940	-6.878160	25.000000
17.181211	2.396447	2.356188	17.103508	2.407648	2.368540	8.658940	-5.780460	25.000000
17.181211	2.396447	2.356188	17.173526	2.394529	2.338015	9.518880	-24.077000	25.000000
17.181211	2.396447	2.356188	17.161876	2.386720	2.296026	9.518880	-22.357100	25.000000
17.181211	2.396447	2.356188	17.199419	2.384402	2.326263	9.518880	-21.259400	25.000000
17.181211	2.396447	2.356188	16.962606	2.390612	2.264428	9.518880	-20.637200	25.000000
17.181211	2.396447	2.356188	17.355403	2.408763	2.307453	9.518880	-19.539500	25.000000
17.181211	2.396447	2.356188	14.053469	2.414555	2.870646	9.518880	-18.917300	25.000000
17.181211	2.396447	2.356188	18.071801	1.487698	3.697249	9.518880	-17.819600	25.000000
17.181211	2.396447	2.356188	17.720609	1.018301	3.465440	9.518880	-17.197400	25.000000
17.181211	2.396447	2.356188	16.675131	1.137586	3.513510	9.518880	-16.099700	25.000000
17.181211	2.396447	2.356188	18.363823	0.865823	2.783659	9.518880	-15.477600	25.000000
17.181211	2.396447	2.356188	15.973102	0.836754	2.715663	9.518880	-14.379900	25.000000
17.181211	2.396447	2.356188	17.464822	1.009246	2.332276	9.518880	-13.757700	25.000000
17.181211	2.396447	2.356188	16.867424	0.898861	2.442005	9.518880	-12.660000	25.000000
17.181211	2.396447	2.356188	20.360209	1.789126	2.115530	9.518880	-12.037800	25.000000
17.181211	2.396447	2.356188	12.906901	1.602568	2.577242	9.518880	-10.940100	25.000000
17.181115	2.396453	2.356201	16.775577	2.420511	2.445698	9.518880	-10.317900	25.000000
17.181211	2.396447	2.356188	17.527692	2.486565	2.349572	9.518880	-9.220220	25.000000
17.181211	2.396447	2.356188	17.031735	2.457549	2.408778	9.518880	-8.598040	25.000000
17.181211	2.396447	2.356188	17.356843	2.452825	2.369014	9.518880	-7.500340	25.000000
17.181211	2.396447	2.356188	17.205232	2.418514	2.362406	9.518880	-6.878160	25.000000
17.181211	2.396447	2.356188	17.103508	2.407648	2.368540	9.518880	-5.780460	25.000000
17.181163	2.396450	2.356182	17.173526	2.394529	2.338015	10.378800	-24.077000	25.000000
17.181163	2.396450	2.356182	17.222659	2.391454	2.332103	10.378800	-22.979300	25.000000
17.181163	2.396450	2.356182	16.998823	2.388332	2.283154	10.378800	-22.357100	25.000000
17.181163	2.396450	2.356182	17.423547	2.370888	2.268699	10.378800	-21.259400	25.000000
17.181163	2.396450	2.356182	15.100000	2.557907	2.785635	10.378800	-20.637200	25.000000
17.181163	2.396450	2.356182	19.038120	2.428553	2.544682	10.378800	-19.539500	25.000000
17.181163	2.396450	2.356182	15.121177	2.191940	3.688986	10.378800	-18.917300	25.000000
17.181163	2.396450	2.356182	18.703476	1.458280	3.413980	10.378800	-17.819600	25.000000
17.181163	2.396450	2.356182	16.555966	0.899333	3.529262	10.378800	-17.197400	25.000000
17.181163	2.396450	2.356182	17.721456	1.076966	3.257204	10.378800	-16.099700	25.000000
17.181163	2.396450	2.356182	16.051480	0.626825	2.606638	10.378800	-15.477600	25.000000
17.181163	2.396450	2.356182	18.285240	0.707212	2.368099	10.378800	-14.379900	25.000000
17.181163	2.396450	2.356182	17.526551	0.768564	2.298120	10.378800	-13.757700	25.000000
17.181163	2.396450	2.356182	16.939008	0.618606	2.189862	10.378800	-12.660000	25.000000
17.181163	2.396450	2.356182	17.007351	1.570796	2.243701	10.378800	-12.037800	25.000000
17.181163	2.396450	2.356182	17.299711	1.090056	2.263865	10.378800	-10.940100	25.000000
17.181068	2.396456	2.356194	14.562280	2.041177	2.487306	10.378800	-10.317900	25.000000
17.181163	2.396450	2.356182	19.494871	2.371919	2.183334	10.378800	-9.220220	25.000000
17.181163	2.396450	2.356182	17.215400	2.481590	2.416524	10.378800	-8.598040	25.000000
17.181163	2.396450	2.356182	17.164207	2.448138	2.401325	10.378800	-7.500340	25.000000
17.181163	2.396450	2.356182	17.131550	2.414574	2.374826	10.378800	-6.878160	25.000000
17.181163	2.396450	2.356182	17.252536	2.415412	2.368540	10.378800	-5.780460	25.000000
17.181259	2.396444	2.356194	17.102631	2.390409	2.325901	11.238800	-24.077000	25.000000
17.181259	2.396444	2.356194	17.319353	2.385482	2.332389	11.238800	-22.979300	25.000000
17.181259	2.396444	2.356194	17.450788	2.361104	2.269706	11.238800	-22.357100	25.000000
17.181259	2.396444	2.356194	17.000294	2.354447	2.232568	11.238800	-21.259400	25.000000
17.181259	2.396444	2.356194	15.921683	2.434063	3.238377	11.238800	-20.637200	25.000000
17.181259	2.396444	2.356194	18.333030	2.221146	2.536481	11.238800	-19.539500	25.000000
17.181259	2.396444	2.356194	18.665961	1.133197	3.254209	11.238800	-18.917300	25.000000
17.181259	2.396444	2.356194	15.084761	1.804952	3.742827	11.238800	-17.819600	25.000000
17.181259	2.396444	2.356194	16.194641	0.649213	3.571432	11.238800	-17.197400	25.000000
17.181259	2.396444	2.356194	18.151926	0.607899	3.255658	11.238800	-16.099700	25.000000
17.181259	2.396444	2.356194	18.333030	0.602979	2.335789	11.238800	-15.477600	25.000000
17.181259	2.396444	2.356194	15.985619	0.767863	2.375300	11.238800	-14.379900	25.000000
17.181259	2.396444	2.356194	17.341857	0.749056	2.362182	11.238800	-13.757700	25.000000
17.181259	2.396444	2.356194	17.070735	0.714106	2.394151	11.238800	-12.660000	25.000000
17.181259	2.396444	2.356194	14.236924	1.120217	2.139321	11.238800	-12.037800	25.000000
17.181259	2.396444	2.356194	19.659603	1.157272	1.982253	11.238800	-10.940100	25.000000
17.181163	2.396450	2.356207	14.796621	1.685942	2.098381	11.238800	-10.317900	25.000000
17.181259	2.396444	2.356194	18.976038	2.416310	2.249259	11.238800	-9.220220	25.000000
17.181259	2.396444	2.356194	17.221208	2.481155	2.429886	11.238800	-8.598040	25.000000
17.181259	2.396444	2.356194	17.126588	2.450785	2.421039	11.238800	-7.500340	25.000000
17.181259	2.396444	2.356194	17.133885	2.414421	2.387240	11.238800	-6.878160	25.000000
17.181259	2.396444	2.356194	17.252536	2.415412	2.368540	11.238800	-5.780460	25.000000
17.180780	2.396474	2.356255	17.147886	2.387587	2.344147	12.098700	-25.796800	25.000000
17.181259	2.396444	2.356194	17.102631	2.390409	2.325901	12.098700	-24.077000	25.000000
17.181259	2.396444	2.356194	17.202907	2.384188	2.314303	12.098700	-22.979300	25.000000
17.181259	2.396444	2.356194	16.961427	2.332010	2.217555	12.098700	-22.357100	25.000000
17.181259	2.396444	2.356194	17.428999	2.346170	2.248047	12.098700	-21.259400	25.000000
17.181259	2.396444	2.356194	18.776847	1.774581	3.729595	12.098700	-20.637200	25.000000
17.181259	2.396444	2.356194	14.872122	2.544637	3.261497	12.098700	-19.539500	25.000000
17.181259	2.396444	2.356194	13.095801	1.211882	4.054207	12.098700	-18.917300	25.000000
17.181259	2.396444	2.356194	20.338633	0.777130	4.383987	12.098700	-17.819600	25.000000
17.181259	2.396444	2.356194	17.165398	0.257374	4.244647	12.098700	-17.197400	25.000000
17.181259	2.396444	2.356194	17.200654	0.342778	4.006577	12.098700	-16.099700	25.000000
17.181259	2.396444	2.356194	16.149613	0.496452	2.683759	12.098700	-15.477600	25.000000
17.181259	2.396444	2.356194	18.167278	0.682306	2.343849	12.098700	-14.379900	25.000000
17.181259	2.396444	2.356194	17.227304	0.783882	2.367822	12.098700	-13.757700	25.000000
17.181259	2.396444	2.356194	17.184004	0.781351	2.315282	12.098700	-12.660000	25.000000
17.181259	2.396444	2.356194	19.598724	1.155908	2.051899	12.098700	-12.037800	25.000000
17.181259	2.396444	2.356194	14.448875	1.347474	2.148957	12.098700	-10.940100	25.000000
17.181163	2.396450	2.356207	12.791403	1.759541	2.152177	12.098700	-10.317900	25.000000
17.181259	2.396444	2.356194	20.400245	2.375434	2.154877	12.098700	-9.220220	25.000000
17.181259	2.396444	2.356194	17.346758	2.481235	2.436024	12.098700	-8.598040	25.000000
17.181259	2.396444	2.356194	17.002647	2.459650	2.442075	12.098700	-7.500340	25.000000
17.181259	2.396444	2.356194	17.179639	2.411433	2.380881	12.098700	-6.878160	25.000000
17.181259	2.396444	2.356194	17.160711	2.421458	2.381189	12.098700	-5.780460	25.000000
17.180780	2.396474	2.356255	17.173526	2.394529	2.338015	12.958600	-25.796800	25.000000
17.181259	2.396444	2.356194	17.207847	2.367120	2.309170	12.958600	-24.077000	25.000000
17.181259	2.396444	2.356194	17.199419	2.384402	2.326263	12.958600	-22.979300	25.000000
17.181259	2.396444	2.356194	17.164207	2.336859	2.253113	12.958600	-22.357100	25.000000
17.181259	2.396444	2.356194	17.178184	2.344180	2.258243	12.958600	-21.259400	25.000000
17.181259	2.396444	2.356194	22.362021	2.147863	4.265446	12.958600	-20.637200	25.000000
17.181259	2.396444	2.356194	5.805170	1.832152	4.765909	12.958600	-19.539500	25.000000
17.181259	2.396444	2.356194	20.228109	0.859842	4.772447	12.958600	-18.917300	25.000000
17.181259	2.396444	2.356194	13.463150	1.190297	4.718789	12.958600	-17.819600	25.000000
17.181259	2.396444	2.356194	16.640312	0.693183	3.685238	12.958600	-17.197400	25.000000
17.181259	2.396444	2.356194	17.696327	0.441428	3.795675	12.958600	-16.099700	25.000000
17.181259	2.396444	2.356194	15.558278	0.679764	2.494002	12.958600	-15.477600	25.000000
17.181259	2.396444	2.356194	18.653150	0.663128	2.560836	12.958600	-14.379900	25.000000
17.181259	2.396444	2.356194	17.543660	0.727697	2.374374	12.958600	-13.757700	25.000000
17.181259	2.396444	2.356194	16.816064	0.687129	2.249930	12.958600	-12.660000	25.000000
17.181259	2.396444	2.356194	17.838442	1.407501	2.202934	12.958600	-12.037800	25.000000
17.181259	2.396444	2.356194	16.366124	1.010325	2.376600	12.958600	-10.940100	25.000000
17.181163	2.396450	2.356207	13.032651	1.931529	2.608205	12.958600	-10.317900	25.000000
17.181259	2.396444	2.356194	20.426943	2.279830	2.158799	12.958600	-9.220220	25.000000
17.181259	2.396444	2.356194	17.365195	2.461345	2.433959	12.958600	-8.598040	25.000000
17.181259	2.396444	2.356194	16.893490	2.458218	2.462459	12.958600	-7.500340	25.000000
17.181259	2.396444	2.356194	17.208719	2.418284	2.387240	12.958600	-6.878160	25.000000
17.181259	2.396444	2.356194	17.225853	2.408441	2.374597	12.958600	-5.780460	25.000000
17.180780	2.396474	2.356255	17.147886	2.387587	2.344147	13.818600	-25.796800	25.000000
17.181259	2.396444	2.356194	17.279468	2.371168	2.309170	13.818600	-24.077000	25.000000
17.181259	2.396444	2.356194	17.084789	2.366113	2.314798	13.818600	-22.979300	25.000000
17.181259	2.396444	2.356194	17.410629	2.388298	2.284887	13.818600	-22.357100	25.000000
17.181259	2.396444	2.356194	16.850519	2.338300	2.280317	13.818600	-21.259400	25.000000
17.181259	2.396444	2.356194	12.035053	2.703795	3.565787	13.818600	-20.637200	25.000000
17.181259	2.396444	2.356194	19.858824	1.996448	4.810407	13.818600	-19.539500	25.000000
17.181259	2.396444	2.356194	15.497742	1.447889	4.079291	13.818600	-18.917300	25.000000
17.181259	2.396444	2.356194	18.535102	0.887652	4.195831	13.818600	-17.819600	25.000000
17.181259	2.396444	2.356194	17.069564	0.722927	3.438138	13.818600	-17.197400	25.000000
17.181259	2.396444	2.356194	17.340127	0.548109	3.625040	13.818600	-16.099700	25.000000
17.181259	2.396444	2.356194	17.471691	0.538397	2.562878	13.818600	-15.477600	25.000000
17.181259	2.396444	2.356194	16.947271	0.784023	2.409399	13.818600	-14.379900	25.000000
17.181259	2.396444	2.356194	17.451074	0.764081	2.450036	13.818600	-13.757700	25.000000
17.181259	2.396444	2.356194	16.936056	0.856076	2.455863	13.818600	-12.660000	25.000000
17.181259	2.396444	2.356194	15.970598	0.964537	2.188389	13.818600	-12.037800	25.000000
17.181259	2.396444	2.356194	18.370084	1.214941	2.021458	13.818600	-10.940100	25.000000
17.181163	2.396450	2.356207	13.901439	1.599574	2.166783	13.818600	-10.317900	25.000000
17.181259	2.396444	2.356194	19.525880	2.362962	2.258065	13.818600	-9.220220	25.000000
17.181259	2.396444	2.356194	17.137386	2.459224	2.461071	13.818600	-8.598040	25.000000
17.181259	2.396444	2.356194	17.300000	2.447737	2.432966	13.818600	-7.500340	25.000000
17.181259	2.396444	2.356194	17.179639	2.411433	2.380881	13.818600	-6.878160	25.000000
17.181259	2.396444	2.356194	17.151676	2.404540	2.374597	13.818600	-5.780460	25.000000
17.180780	2.396474	2.356255	17.197093	2.384545	2.338232	14.678500	-25.796800	25.000000
17.180780	2.396474	2.356255	17.147886	2.387587	2.344147	14.678500	-24.699100	25.000000
17.181259	2.396444	2.356194	17.117827	2.355853	2.303611	14.678500	-24.077000	25.000000
17.181259	2.396444	2.356194	17.228175	2.374240	2.314798	14.678500	-22.979300	25.000000
17.181259	2.396444	2.356194	17.164498	2.361388	2.262353	14.678500	-22.357100	25.000000
17.181259	2.396444	2.356194	17.221208	2.309849	2.250445	14.678500	-21.259400	25.000000
17.181259	2.396444	2.356194	14.191899	2.195480	3.281033	14.678500	-20.637200	25.000000
17.181259	2.396444	2.356194	19.474342	2.146358	4.114200	14.678500	-19.539500	25.000000
17.181259	2.396444	2.356194	13.435029	0.764118	3.843218	14.678500	-18.917300	25.000000
17.181259	2.396444	2.356194	19.962465	1.249716	4.472532	14.678500	-17.819600	25.000000
17.181259	2.396444	2.356194	16.615041	0.333425	4.594421	14.678500	-17.197400	25.000000
17.181259	2.396444	2.356194	17.728666	0.325103	4.563499	14.678500	-16.099700	25.000000
17.181259	2.396444	2.356194	18.832419	0.363780	2.229222	14.678500	-15.477600	25.000000
17.181259	2.396444	2.356194	15.349919	0.496020	2.806856	14.678500	-14.379900	25.000000
17.181259	2.396444	2.356194	16.791962	0.740030	2.237262	14.678500	-13.757700	25.000000
17.181259	2.396444	2.356194	17.536818	0.760936	2.338652	14.678500	-12.660000	25.000000
17.181259	2.396444	2.356194	16.975865	1.387154	1.837574	14.678500	-12.037800	25.000000
17.181259	2.396444	2.356194	17.395402	1.040394	1.938927	14.678500	-10.940100	25.000000
17.181163	2.396450	2.356207	18.935152	1.810745	1.846109	14.678500	-10.317900	25.000000
17.181259	2.396444	2.356194	14.621217	2.412069	2.465249	14.678500	-9.220220	25.000000
17.181259	2.396444	2.356194	17.397988	2.440994	2.444571	14.678500	-8.598040	25.000000
17.181259	2.396444	2.356194	17.028506	2.439397	2.439870	14.678500	-7.500340	25.000000
17.181259	2.396444	2.356194	17.225853	2.408441	2.374597	14.678500	-6.878160	25.000000
17.181259	2.396444	2.356194	17.103508	2.407648	2.368540	14.678500	-5.780460	25.000000
17.180780	2.396474	2.356255	17.172653	2.377598	2.344290	15.538500	-24.699100	25.000000
17.181259	2.396444	2.356194	17.251667	2.364528	2.326963	15.538500	-24.077000	25.000000
17.181259	2.396444	2.356194	17.095029	2.348940	2.309716	15.538500	-22.979300	25.000000
17.181259	2.396444	2.356194	17.115490	2.291909	2.262547	15.538500	-22.357100	25.000000
17.181259	2.396444	2.356194	17.166537	2.281586	2.252740	15.538500	-21.259400	25.000000
17.181259	2.396444	2.356194	21.789906	2.256633	4.121097	15.538500	-20.637200	25.000000
17.181259	2.396444	2.356194	9.850888	2.079752	4.735641	15.538500	-19.539500	25.000000
17.181259	2.396444	2.356194	20.265735	1.082897	5.213519	15.538500	-18.917300	25.000000
17.181259	2.396444	2.356194	13.269891	1.335006	5.043943	15.538500	-17.819600	25.000000
17.181259	2.396444	2.356194	19.287302	0.421399	5.244113	15.538500	-17.197400	25.000000
17.181259	2.396444	2.356194	14.645477	0.800343	5.176037	15.538500	-16.099700	25.000000
17.181259	2.396444	2.356194	17.304421	0.216622	1.790340	15.538500	-15.477600	25.000000
17.181259	2.396444	2.356194	17.014347	0.041069	2.910502	15.538500	-14.379900	25.000000
17.181259	2.396444	2.356194	17.808144	0.647842	1.663984	15.538500	-13.757700	25.000000
17.181259	2.396444	2.356194	16.615056	0.590662	1.677993	15.538500	-12.660000	25.000000
17.181259	2.396444	2.356194	15.954310	1.658660	1.844774	15.538500	-12.037800	25.000000
17.181259	2.396444	2.356194	18.351294	1.143799	1.727087	15.538500	-10.940100	25.000000
17.181163	2.396450	2.356207	17.492284	2.078222	1.849096	15.538500	-10.317900	25.000000
17.181259	2.396444	2.356194	16.813685	2.408999	2.375060	15.538500	-9.220220	25.000000
17.181259	2.396444	2.356194	17.297688	2.421198	2.424411	15.538500	-8.598040	25.000000
17.181259	2.396444	2.356194	17.044061	2.429295	2.438809	15.538500	-7.500340	25.000000
17.181259	2.396444	2.356194	17.320797	2.402375	2.374374	15.538500	-6.878160	25.000000
17.181259	2.396444	2.356194	17.151676	2.404540	2.374597	15.538500	-5.780460	25.000000
17.180780	2.396474	2.356255	17.195930	2.384617	2.350207	16.398400	-24.699100	25.000000
17.181259	2.396444	2.356194	17.336090	2.351436	2.310250	16.398400	-24.077000	25.000000
17.181259	2.396444	2.356194	17.129507	2.363454	2.332669	16.398400	-22.979300	25.000000
17.181259	2.396444	2.356194	17.024982	2.288766	2.295496	16.398400	-22.357100	25.000000
17.181259	2.396444	2.356194	17.376709	2.278770	2.270384	16.398400	-21.259400	25.000000
17.181259	2.396444	2.356194	12.889352	2.789808	2.114884	16.398400	-20.637200	25.000000
17.181259	2.396444	2.356194	18.846772	2.295941	4.883086	16.398400	-19.539500	25.000000
17.181259	2.396444	2.356194	14.210296	1.979695	5.114260	16.398400	-18.917300	25.000000
17.181259	2.396444	2.356194	19.357244	1.401053	5.575696	16.398400	-17.819600	25.000000
17.181259	2.396444	2.356194	19.789138	0.718281	4.897737	16.398400	-17.197400	25.000000
17.181259	2.396444	2.356194	13.888484	0.875232	5.117281	16.398400	-16.099700	25.000000
17.181259	2.396444	2.356194	17.046114	0.276209	0.328553	16.398400	-15.477600	25.000000
17.181259	2.396444	2.356194	17.262097	0.481427	0.811941	16.398400	-14.379900	25.000000
17.181259	2.396444	2.356194	16.922766	0.774153	1.171454	16.398400	-13.757700	25.000000
17.181259	2.396444	2.356194	17.385339	0.751742	1.001483	16.398400	-12.660000	25.000000
17.181259	2.396444	2.356194	11.963001	1.821686	1.964924	16.398400	-12.037800	25.000000
17.181259	2.396444	2.356194	20.889902	1.361516	1.628575	16.398400	-10.940100	25.000000
17.181163	2.396450	2.356207	16.456306	2.424182	2.349659	16.398400	-10.317900	25.000000
17.181259	2.396444	2.356194	17.972479	2.387499	2.367688	16.398400	-9.220220	25.000000
17.181259	2.396444	2.356194	17.222659	2.417368	2.424411	16.398400	-8.598040	25.000000
17.181259	2.396444	2.356194	17.186623	2.410979	2.405537	16.398400	-7.500340	25.000000
17.181259	2.396444	2.356194	17.151676	2.404540	2.374597	16.398400	-5.780460	25.000000
17.180780	2.396474	2.356255	17.197093	2.384545	2.338232	17.258400	-25.796800	25.000000
17.180780	2.396474	2.356255	17.123376	2.380606	2.350207	17.258400	-24.699100	25.000000
17.181259	2.396444	2.356194	17.139720	2.346373	2.327301	17.258400	-24.077000	25.000000
17.181259	2.396444	2.356194	17.272522	2.371582	2.332669	17.258400	-22.979300	25.000000
17.181259	2.396444	2.356194	17.029680	2.296347	2.311779	17.258400	-22.357100	25.000000
17.181259	2.396444	2.356194	17.353098	2.272367	2.286787	17.258400	-21.259400	25.000000
17.181259	2.396444	2.356194	15.325671	2.559293	2.903233	17.258400	-20.637200	25.000000
17.181259	2.396444	2.356194	18.170630	2.796603	0.070032	17.258400	-19.539500	25.000000
17.181259	2.396444	2.356194	17.821641	2.332523	4.225853	17.258400	-18.917300	25.000000
17.181259	2.396444	2.356194	13.661171	1.468136	5.274264	17.258400	-17.819600	25.000000
17.181259	2.396444	2.356194	17.093566	0.924084	5.192429	17.258400	-17.197400	25.000000
17.181259	2.396444	2.356194	17.275416	0.850114	5.300392	17.258400	-16.099700	25.000000
17.181259	2.396444	2.356194	19.209893	0.827478	0.775398	17.258400	-15.477600	25.000000
17.181259	2.396444	2.356194	14.900671	0.844106	0.475695	17.258400	-14.379900	25.000000
17.181259	2.396444	2.356194	18.464561	1.061664	0.794170	17.258400	-13.757700	25.000000
17.181259	2.396444	2.356194	15.851183	0.966989	0.709458	17.258400	-12.660000	25.000000
17.181259	2.396444	2.356194	7.621391	1.932925	1.759937	17.258400	-12.037800	25.000000
17.181259	2.396444	2.356194	22.543347	1.722195	1.658409	17.258400	-10.940100	25.000000
17.181163	2.396450	2.356207	17.164498	2.421207	2.475127	17.258400	-10.317900	25.000000
17.181259	2.396444	2.356194	17.164207	2.421226	2.519290	17.258400	-9.220220	25.000000
17.181259	2.396444	2.356194	17.228175	2.408292	2.386860	17.258400	-8.598040	25.000000
17.181259	2.396444	2.356194	17.112276	2.407080	2.405537	17.258400	-7.500340	25.000000
17.180780	2.396474	2.356255	17.195930	2.384617	2.350207	18.118300	-25.796800	25.000000
17.181259	2.396444	2.356194	16.985876	2.355293	2.344430	18.118300	-24.077000	25.000000
17.181259	2.396444	2.356194	17.251667	2.364528	2.326963	18.118300	-22.979300	25.000000
17.181259	2.396444	2.356194	17.461100	2.267152	2.287520	18.118300	-22.357100	25.000000
17.181259	2.396444	2.356194	16.904733	2.294996	2.328269	18.118300	-21.259400	25.000000
17.181259	2.396444	2.356194	18.785899	2.769448	1.883288	18.118300	-20.637200	25.000000
17.181259	2.396444	2.356194	15.285941	2.452701	2.728593	18.118300	-19.539500	25.000000
17.181259	2.396444	2.356194	13.316621	2.643722	3.379706	18.118300	-18.917300	25.000000
17.181259	2.396444	2.356194	17.142931	1.903569	5.263923	18.118300	-17.819600	25.000000
17.181259	2.396444	2.356194	16.361846	1.330120	5.777309	18.118300	-17.197400	25.000000
17.181259	2.396444	2.356194	18.013884	1.301077	5.899470	18.118300	-16.099700	25.000000
17.181259	2.396444	2.356194	15.774980	1.520061	0.600326	18.118300	-15.477600	25.000000
17.181259	2.396444	2.356194	18.458873	1.279572	0.657075	18.118300	-14.379900	25.000000
17.181259	2.396444	2.356194	18.705347	1.431347	0.495038	18.118300	-13.757700	25.000000
17.181259	2.396444	2.356194	15.572977	1.489798	0.717012	18.118300	-12.660000	25.000000
17.181259	2.396444	2.356194	9.134709	2.573519	1.930520	18.118300	-12.037800	25.000000
17.181259	2.396444	2.356194	21.962944	2.018112	1.772649	18.118300	-10.940100	25.000000
17.181163	2.396450	2.356207	17.131550	2.405835	2.442400	18.118300	-10.317900	25.000000
17.181259	2.396444	2.356194	17.133009	2.405741	2.498092	18.118300	-9.220220	25.000000
17.181259	2.396444	2.356194	17.200291	2.401431	2.380580	18.118300	-8.598040	25.000000
17.181259	2.396444	2.356194	17.105262	2.407534	2.380881	18.118300	-7.500340	25.000000
17.181259	2.396444	2.356194	17.222369	2.374590	2.338445	18.978200	-24.077000	25.000000
17.181259	2.396444	2.356194	17.106139	2.356536	2.350347	18.978200	-22.979300	25.000000
17.181259	2.396444	2.356194	17.039953	2.272529	2.334459	18.978200	-22.357100	25.000000
17.181259	2.396444	2.356194	17.311557	2.320778	2.317108	18.978200	-21.259400	25.000000
17.181259	2.396444	2.356194	16.172198	2.473974	2.548050	18.978200	-20.637200	25.000000
17.181259	2.396444	2.356194	18.147176	2.338275	2.269456	18.978200	-19.539500	25.000000
17.181259	2.396444	2.356194	15.017966	2.790145	1.940886	18.978200	-18.917300	25.000000
17.181259	2.396444	2.356194	17.892783	2.417205	5.308812	18.978200	-17.819600	25.000000
17.181259	2.396444	2.356194	15.486862	1.996820	6.264039	18.978200	-17.197400	25.000000
17.181259	2.396444	2.356194	18.753016	1.953331	0.105960	18.978200	-16.099700	25.000000
17.181259	2.396444	2.356194	17.178475	2.035587	0.510261	18.978200	-15.477600	25.000000
17.181259	2.396444	2.356194	17.114614	1.998574	0.739975	18.978200	-14.379900	25.000000
17.181259	2.396444	2.356194	19.522551	1.981809	0.757737	18.978200	-13.757700	25.000000
17.181259	2.396444	2.356194	14.426018	2.308238	0.985391	18.978200	-12.660000	25.000000
17.181259	2.396444	2.356194	17.165081	2.361353	2.034444	18.978200	-12.037800	25.000000
17.181259	2.396444	2.356194	17.196802	2.393069	2.434820	18.978200	-10.940100	25.000000
17.181163	2.396450	2.356207	17.234848	2.390695	2.416363	18.978200	-10.317900	25.000000
17.181259	2.396444	2.356194	17.080398	2.409149	2.436765	18.978200	-9.220220	25.000000
17.181259	2.396444	2.356194	17.126588	2.397493	2.380580	18.978200	-8.598040	25.000000
17.181259	2.396444	2.356194	17.173526	2.394529	2.374374	18.978200	-7.500340	25.000000
17.180780	2.396474	2.356255	17.195930	2.384617	2.350207	19.838200	-25.796800	25.000000
17.181259	2.396444	2.356194	17.172653	2.377598	2.344290	19.838200	-24.077000	25.000000
17.181259	2.396444	2.356194	17.100000	2.373588	2.356194	19.838200	-22.979300	25.000000
17.181259	2.396444	2.356194	17.293640	2.313863	2.322873	19.838200	-22.357100	25.000000
17.181259	2.396444	2.356194	17.047580	2.335302	2.356194	19.838200	-21.259400	25.000000
17.181259	2.396444	2.356194	17.286411	2.283250	2.350789	19.838200	-20.637200	25.000000
17.181259	2.396444	2.356194	17.025569	2.296561	2.389515	19.838200	-19.539500	25.000000
17.181259	2.396444	2.356194	18.584574	2.712531	1.386084	19.838200	-18.917300	25.000000
17.181259	2.396444	2.356194	15.577487	2.733782	2.845950	19.838200	-17.819600	25.000000
17.181259	2.396444	2.356194	17.515993	2.516122	1.159503	19.838200	-17.197400	25.000000
17.181259	2.396444	2.356194	16.876315	2.665559	0.867780	19.838200	-16.099700	25.000000
17.181259	2.396444	2.356194	18.008331	2.545249	1.321022	19.838200	-15.477600	25.000000
17.181259	2.396444	2.356194	16.355149	2.634875	1.384520	19.838200	-14.379900	25.000000
17.181259	2.396444	2.356194	19.424984	2.332055	1.980357	19.838200	-13.757700	25.000000
17.181259	2.396444	2.356194	14.556442	2.777071	2.008588	19.838200	-12.660000	25.000000
17.181259	2.396444	2.356194	17.066341	2.401336	2.454641	19.838200	-12.037800	25.000000
17.181259	2.396444	2.356194	17.242390	2.373386	2.486406	19.838200	-10.940100	25.000000
17.181163	2.396450	2.356207	17.157506	2.404165	2.399113	19.838200	-10.317900	25.000000
17.181259	2.396444	2.356194	17.275705	2.388165	2.398086	19.838200	-9.220220	25.000000
17.181259	2.396444	2.356194	17.173526	2.394529	2.374374	19.838200	-8.598040	25.000000
17.180780	2.396474	2.356255	17.147886	2.387587	2.344147	20.698100	-24.699100	25.000000
17.181259	2.396444	2.356194	17.149344	2.370613	2.350277	20.698100	-24.077000	25.000000
17.181259	2.396444	2.356194	17.195930	2.384617	2.350207	20.698100	-22.979300	25.000000
17.181259	2.396444	2.356194	17.218885	2.333809	2.356194	20.698100	-22.357100	25.000000
17.181259	2.396444	2.356194	17.177020	2.360651	2.350347	20.698100	-21.259400	25.000000
17.181259	2.396444	2.356194	17.311846	2.297333	2.350730	20.698100	-20.637200	25.000000
17.181259	2.396444	2.356194	16.995588	2.274737	2.405335	20.698100	-19.539500	25.000000
17.181259	2.396444	2.356194	17.041420	2.295736	2.422763	20.698100	-18.917300	25.000000
17.181259	2.396444	2.356194	17.445343	2.386179	2.314798	20.698100	-17.819600	25.000000
17.181259	2.396444	2.356194	17.248188	2.364733	2.362042	20.698100	-17.197400	25.000000
17.181259	2.396444	2.356194	16.965259	2.416727	2.324758	20.698100	-16.099700	25.000000
17.181259	2.396444	2.356194	17.196802	2.393069	2.434820	20.698100	-15.477600	25.000000
17.181259	2.396444	2.356194	17.227014	2.365984	2.438362	20.698100	-14.379900	25.000000
17.181259	2.396444	2.356194	17.174400	2.360805	2.461684	20.698100	-13.757700	25.000000
17.181259	2.396444	2.356194	17.083911	2.357839	2.491458	20.698100	-12.660000	25.000000
17.181259	2.396444	2.356194	17.088300	2.399930	2.411353	20.698100	-12.037800	25.000000
17.181259	2.396444	2.356194	17.193022	2.376362	2.427502	20.698100	-10.940100	25.000000
17.181163	2.396450	2.356207	17.126588	2.397493	2.380580	20.698100	-10.317900	25.000000
17.181259	2.396444	2.356194	17.126588	2.397493	2.380580	20.698100	-9.220220	25.000000
17.181259	2.396444	2.356194	17.172070	2.377634	2.356194	21.558100	-24.077000	25.000000
17.181259	2.396444	2.356194	17.195930	2.384617	2.362182	21.558100	-22.979300	25.000000
17.181259	2.396444	2.356194	17.077763	2.366533	2.362112	21.558100	-22.357100	25.000000
17.181259	2.396444	2.356194	17.276863	2.354838	2.350414	21.558100	-21.259400	25.000000
17.181259	2.396444	2.356194	17.321374	2.328166	2.356194	21.558100	-20.637200	25.000000
17.181259	2.396444	2.356194	17.037019	2.327791	2.396173	21.558100	-19.539500	25.000000
17.181259	2.396444	2.356194	17.049047	2.295340	2.433816	21.558100	-18.917300	25.000000
17.181259	2.396444	2.356194	17.201744	2.295246	2.400122	21.558100	-17.819600	25.000000
17.181259	2.396444	2.356194	17.258621	2.300077	2.460784	21.558100	-17.197400	25.000000
17.181259	2.396444	2.356194	17.067806	2.294367	2.455863	21.558100	-16.099700	25.000000
17.181259	2.396444	2.356194	17.311846	2.328686	2.451946	21.558100	-15.477600	25.000000
17.181259	2.396444	2.356194	17.086544	2.341241	2.483411	21.558100	-14.379900	25.000000
17.181259	2.396444	2.356194	17.110523	2.364580	2.444720	21.558100	-13.757700	25.000000
17.181259	2.396444	2.356194	17.304913	2.377974	2.409399	21.558100	-12.660000	25.000000
17.181259	2.396444	2.356194	17.152551	2.387298	2.392323	21.558100	-12.037800	25.000000
17.181259	2.396444	2.356194	17.175855	2.394383	2.386488	21.558100	-10.940100	25.000000
17.181259	2.396444	2.356194	17.173526	2.394529	2.374374	21.558100	-9.220220	25.000000
17.181259	2.396444	2.356194	17.221208	2.374660	2.350277	22.418000	-22.357100	25.000000
17.181259	2.396444	2.356194	17.123376	2.380606	2.362182	22.418000	-21.259400	25.000000
17.181259	2.396444	2.356194	17.129507	2.363454	2.379720	22.418000	-20.637200	25.000000
17.181259	2.396444	2.356194	17.226723	2.357745	2.356194	22.418000	-19.539500	25.000000
17.181259	2.396444	2.356194	17.188950	2.343569	2.379179	22.418000	-18.917300	25.000000
17.181259	2.396444	2.356194	17.195930	2.343173	2.402139	22.418000	-17.819600	25.000000
17.181259	2.396444	2.356194	17.170614	2.352786	2.414269	22.418000	-17.197400	25.000000
17.181259	2.396444	2.356194	17.147886	2.345906	2.408171	22.418000	-16.099700	25.000000
17.181259	2.396444	2.356194	17.207847	2.367120	2.403219	22.418000	-15.477600	25.000000
17.181259	2.396444	2.356194	17.114614	2.372704	2.415648	22.418000	-14.379900	25.000000
17.181259	2.396444	2.356194	17.152551	2.387298	2.392323	22.418000	-13.757700	25.000000
17.181259	2.396444	2.356194	17.272232	2.388379	2.386126	22.418000	-12.660000	25.000000
17.181259	2.396444	2.356194	17.222659	2.391454	2.380286	22.418000	-12.037800	25.000000
17.181259	2.396444	2.356194	17.195930	2.384617	2.350207	23.277900	-22.357100	25.000000
17.181259	2.396444	2.356194	17.195930	2.384617	2.362182	23.277900	-21.259400	25.000000
17.181259	2.396444	2.356194	17.172070	2.377634	2.356194	23.277900	-20.637200	25.000000
17.181259	2.396444	2.356194	17.102339	2.373446	2.380000	23.277900	-19.539500	25.000000
17.181259	2.396444	2.356194	17.150510	2.370543	2.373944	23.277900	-18.917300	25.000000
17.181259	2.396444	2.356194	17.200872	2.367535	2.379720	23.277900	-17.819600	25.000000
17.181259	2.396444	2.356194	17.102339	2.373446	2.380000	23.277900	-17.197400	25.000000
17.181259	2.396444	2.356194	17.224692	2.374450	2.385772	23.277900	-16.099700	25.000000
17.181259	2.396444	2.356194	17.199419	2.384402	2.386126	23.277900	-15.477600	25.000000
17.181259	2.396444	2.356194	17.079813	2.383289	2.392323	23.277900	-14.379900	25.000000
17.181259	2.396444	2.356194	17.147886	2.387587	2.368242	23.277900	-13.757700	25.000000
17.181259	2.396444	2.356194	17.100292	2.390556	2.374374	23.277900	-12.660000	25.000000
17.181259	2.396444	2.356194	17.195930	2.384617	2.362182	24.137900	-20.637200	25.000000
17.181259	2.396444	2.356194	17.195930	2.384617	2.362182	24.137900	-19.539500	25.000000
17.181259	2.396444	2.356194	17.147886	2.387587	2.368242	24.137900	-18.917300	25.000000
17.181259	2.396444	2.356194	17.195930	2.384617	2.362182	24.137900	-17.819600	25.000000
17.181259	2.396444	2.356194	17.197093	2.384545	2.374157	24.137900	-17.197400	25.000000
17.181259	2.396444	2.356194	17.197093	2.384545	2.374157	24.137900	-16.099700	25.000000
17.181259	2.396444	2.356194	17.147886	2.387587	2.368242	24.137900	-15.477600	25.000000
17.181259	2.396444	2.356194	17.269916	2.388522	2.374157	24.137900	-14.379900	25.000000
17.181259	2.396444	2.356194	17.195930	2.384617	2.362182	24.997800	-19.539500	25.000000
17.181259	2.396444	2.356194	17.147886	2.387587	2.368242	24.997800	-18.917300	25.000000
