8.151872	2.155876	1.454435	8.138796	2.141971	1.453688	-22.353300	-41.819900	25.000000
8.152701	2.155809	1.454453	8.137819	2.142048	1.455138	-20.633400	-54.481300	25.000000
8.152701	2.155809	1.454453	8.140786	2.141814	1.450788	-19.773500	-45.259700	25.000000
8.152701	2.155809	1.454453	8.140786	2.141814	1.450788	-19.773500	-43.539800	25.000000
8.152701	2.155809	1.454453	8.140786	2.141814	1.450788	-19.773500	-40.100100	25.000000
8.152797	2.155801	1.454306	8.139785	2.141893	1.452237	-18.913600	-47.601800	25.000000
8.152797	2.155801	1.454306	8.167380	2.169069	1.450485	-18.913600	-26.963200	25.000000
8.152701	2.155809	1.454453	8.143863	2.141571	1.446441	-18.053600	-44.162000	25.000000
8.152701	2.155809	1.454453	8.201488	2.151582	1.442100	-18.053600	-43.539800	25.000000
8.152701	2.155809	1.454453	8.200421	2.151667	1.443546	-18.053600	-42.442100	25.000000
8.151872	2.155876	1.454435	8.119858	2.158194	1.438734	-18.053600	-41.819900	25.000000
8.152701	2.155809	1.454453	8.147049	2.141320	1.442100	-18.053600	-40.722300	25.000000
8.152701	2.155809	1.454453	8.202567	2.151496	1.440654	-18.053600	-40.100100	25.000000
8.152701	2.155809	1.454453	8.148135	2.141234	1.440654	-18.053600	-39.002400	25.000000
8.152701	2.155809	1.454453	8.119858	2.158194	1.438734	-18.053600	-38.380200	25.000000
8.152701	2.155809	1.454453	8.119858	2.158194	1.438734	-18.053600	-37.282500	25.000000
8.152701	2.155809	1.454453	8.200421	2.151667	1.443546	-18.053600	-36.660300	25.000000
8.152701	2.155809	1.454453	8.201488	2.151582	1.442100	-18.053600	-35.562600	25.000000
8.152701	2.155809	1.454453	8.117691	2.158372	1.441668	-18.053600	-34.940400	25.000000
8.152701	2.155809	1.454453	8.117691	2.158372	1.441668	-18.053600	-33.842700	25.000000
8.152701	2.155809	1.454453	8.169388	2.168902	1.447544	-18.053600	-28.683100	25.000000
8.152797	2.155801	1.454306	8.139785	2.141893	1.452237	-17.193700	-51.041500	25.000000
8.152797	2.155801	1.454306	8.142825	2.141653	1.447890	-17.193700	-48.699500	25.000000
8.152797	2.155801	1.454306	8.201488	2.151582	1.442100	-17.193700	-45.881900	25.000000
8.152797	2.155801	1.454306	8.064868	2.147873	1.438734	-17.193700	-45.259700	25.000000
8.152797	2.155801	1.454306	8.204761	2.151320	1.437763	-17.193700	-44.162000	25.000000
8.152797	2.155801	1.454306	8.151466	2.140972	1.436319	-17.193700	-43.539800	25.000000
8.152797	2.155801	1.454306	8.070539	2.147415	1.431408	-17.193700	-42.442100	25.000000
8.151969	2.155868	1.454289	8.126654	2.157637	1.429944	-17.193700	-41.819900	25.000000
8.152797	2.155801	1.454306	8.156077	2.140610	1.430547	-17.193700	-40.722300	25.000000
8.152797	2.155801	1.454306	8.129016	2.157444	1.427019	-17.193700	-40.100100	25.000000
8.152797	2.155801	1.454306	8.127829	2.157541	1.428481	-17.193700	-39.002400	25.000000
8.152797	2.155801	1.454306	8.211632	2.150771	1.429105	-17.193700	-38.380200	25.000000
8.152797	2.155801	1.454306	8.129016	2.157444	1.427019	-17.193700	-37.282500	25.000000
8.152797	2.155801	1.454306	8.127829	2.157541	1.428481	-17.193700	-36.660300	25.000000
8.152797	2.155801	1.454306	8.209294	2.150958	1.431989	-17.193700	-35.562600	25.000000
8.152797	2.155801	1.454306	8.263389	2.161171	1.433432	-17.193700	-34.940400	25.000000
8.152797	2.155801	1.454306	8.124340	2.157827	1.432872	-17.193700	-33.842700	25.000000
8.151969	2.155868	1.454289	8.122075	2.158012	1.435801	-17.193700	-33.220500	25.000000
8.151969	2.155868	1.454289	8.175702	2.168376	1.438734	-17.193700	-32.122800	25.000000
8.152797	2.155801	1.454306	8.118768	2.158284	1.440201	-17.193700	-31.500700	25.000000
8.152797	2.155801	1.454306	8.171444	2.168730	1.444605	-17.193700	-29.780800	25.000000
8.152797	2.155801	1.454306	8.169388	2.168902	1.447544	-17.193700	-28.060900	25.000000
8.152701	2.155809	1.454453	8.139785	2.141893	1.452237	-16.333700	-53.859100	25.000000
8.152701	2.155809	1.454453	8.143863	2.141571	1.446441	-16.333700	-49.321700	25.000000
8.152701	2.155809	1.454453	8.147049	2.141320	1.442100	-16.333700	-48.699500	25.000000
8.152701	2.155809	1.454453	8.062686	2.148049	1.441668	-16.333700	-47.601800	25.000000
8.152701	2.155809	1.454453	8.204761	2.151320	1.437763	-16.333700	-46.979600	25.000000
8.152701	2.155809	1.454453	8.150344	2.141061	1.437763	-16.333700	-45.881900	25.000000
8.152701	2.155809	1.454453	8.156077	2.140610	1.430547	-16.333700	-45.259700	25.000000
8.152701	2.155809	1.454453	8.156077	2.140610	1.430547	-16.333700	-44.162000	25.000000
8.152701	2.155809	1.454453	8.165880	2.139841	1.419031	-16.333700	-43.539800	25.000000
8.152701	2.155809	1.454453	8.162114	2.140136	1.423345	-16.333700	-42.442100	25.000000
8.151872	2.155876	1.454435	8.169755	2.139538	1.414723	-16.333700	-41.819900	25.000000
8.152701	2.155809	1.454453	8.089382	2.145901	1.409523	-16.333700	-40.722300	25.000000
8.152701	2.155809	1.454453	8.179218	2.138798	1.404694	-16.333700	-40.100100	25.000000
8.152701	2.155809	1.454453	8.092101	2.145684	1.406616	-16.333700	-39.002400	25.000000
8.152701	2.155809	1.454453	8.179218	2.138798	1.404694	-16.333700	-38.380200	25.000000
8.152701	2.155809	1.454453	8.151049	2.155649	1.402261	-16.333700	-37.282500	25.000000
8.152701	2.155809	1.454453	8.148276	2.155874	1.405164	-16.333700	-36.660300	25.000000
8.152701	2.155809	1.454453	8.145551	2.156096	1.408069	-16.333700	-35.562600	25.000000
8.152701	2.155809	1.454453	8.193388	2.166907	1.416801	-16.333700	-34.940400	25.000000
8.152701	2.155809	1.454453	8.141554	2.156421	1.412432	-16.333700	-33.842700	25.000000
8.151872	2.155876	1.454435	8.212819	2.150677	1.427664	-16.333700	-33.220500	25.000000
8.151872	2.155876	1.454435	8.188406	2.167320	1.422636	-16.333700	-32.122800	25.000000
8.152701	2.155809	1.454453	8.182451	2.167814	1.429944	-16.333700	-31.500700	25.000000
8.152701	2.155809	1.454453	8.179022	2.168099	1.434336	-16.333700	-30.403000	25.000000
8.152701	2.155809	1.454453	8.174619	2.168466	1.440201	-16.333700	-29.780800	25.000000
8.152701	2.155809	1.454453	8.120961	2.158104	1.437267	-16.333700	-28.683100	25.000000
8.152701	2.155809	1.454453	8.117691	2.158372	1.441668	-16.333700	-28.060900	25.000000
8.152701	2.155809	1.454453	8.139785	2.141893	1.452237	-15.473800	-55.579000	25.000000
8.152701	2.155809	1.454453	8.201488	2.151582	1.442100	-15.473800	-50.419400	25.000000
8.152701	2.155809	1.454453	8.150344	2.141061	1.437763	-15.473800	-48.699500	25.000000
8.152701	2.155809	1.454453	8.149233	2.141148	1.439208	-15.473800	-47.601800	25.000000
8.152701	2.155809	1.454453	8.107404	2.129844	1.424784	-15.473800	-46.979600	25.000000
8.152701	2.155809	1.454453	8.101389	2.130309	1.431989	-15.473800	-45.881900	25.000000
8.152701	2.155809	1.454453	8.032739	2.135670	1.412432	-15.473800	-45.259700	25.000000
8.152701	2.155809	1.454453	8.116335	2.129156	1.414723	-15.473800	-44.162000	25.000000
8.152701	2.155809	1.454453	8.080600	2.117370	1.397551	-15.473800	-43.539800	25.000000
8.152701	2.155809	1.454453	8.224208	2.120983	1.392984	-15.473800	-42.442100	25.000000
8.151872	2.155876	1.454435	8.076484	2.132241	1.370532	-15.473800	-41.819900	25.000000
8.152701	2.155809	1.454453	8.196469	2.108792	1.372008	-15.473800	-40.722300	25.000000
8.152701	2.155809	1.454453	8.182304	2.124128	1.355088	-15.473800	-40.100100	25.000000
8.152701	2.155809	1.454453	8.104961	2.130033	1.347707	-15.473800	-39.002400	25.000000
8.152701	2.155809	1.454453	8.162206	2.140129	1.344870	-15.473800	-38.380200	25.000000
8.152701	2.155809	1.454453	8.164098	2.139980	1.343453	-15.473800	-37.282500	25.000000
8.152701	2.155809	1.454453	8.198390	2.151830	1.359091	-15.473800	-36.660300	25.000000
8.152701	2.155809	1.454453	8.131445	2.157246	1.344440	-15.473800	-35.562600	25.000000
8.152701	2.155809	1.454453	8.236844	2.163332	1.373401	-15.473800	-34.940400	25.000000
8.152701	2.155809	1.454453	8.099728	2.159850	1.370489	-15.473800	-33.842700	25.000000
8.151872	2.155876	1.454435	8.069052	2.162392	1.399757	-15.473800	-33.220500	25.000000
8.151872	2.155876	1.454435	8.136854	2.171628	1.388011	-15.473800	-32.122800	25.000000
8.152701	2.155809	1.454453	8.198561	2.166479	1.410977	-15.473800	-31.500700	25.000000
8.152701	2.155809	1.454453	8.052975	2.163734	1.417464	-15.473800	-30.403000	25.000000
8.152701	2.155809	1.454453	8.183618	2.167717	1.428481	-15.473800	-29.780800	25.000000
8.152701	2.155809	1.454453	8.182451	2.167814	1.429944	-15.473800	-28.683100	25.000000
8.152701	2.155809	1.454453	8.120961	2.158104	1.437267	-15.473800	-28.060900	25.000000
8.152701	2.155809	1.454453	8.119858	2.158194	1.438734	-15.473800	-26.963200	25.000000
8.152701	2.155809	1.454453	8.172490	2.168643	1.443136	-15.473800	-26.341000	25.000000
8.152701	2.155809	1.454453	8.171444	2.168730	1.444605	-15.473800	-25.243300	25.000000
8.152797	2.155801	1.454306	8.139785	2.141893	1.452237	-14.613900	-54.481300	25.000000
8.152797	2.155801	1.454306	8.141800	2.141734	1.449338	-14.613900	-52.761400	25.000000
8.152797	2.155801	1.454306	8.143863	2.141571	1.446441	-14.613900	-52.139200	25.000000
8.152797	2.155801	1.454306	8.142825	2.141653	1.447890	-14.613900	-51.041500	25.000000
8.152797	2.155801	1.454306	8.179853	2.124313	1.441094	-14.613900	-50.419400	25.000000
8.152797	2.155801	1.454306	8.145974	2.141405	1.443546	-14.613900	-49.321700	25.000000
8.152797	2.155801	1.454306	8.099068	2.130488	1.434875	-14.613900	-48.699500	25.000000
8.152797	2.155801	1.454306	8.104961	2.130033	1.427664	-14.613900	-47.601800	25.000000
8.152797	2.155801	1.454306	8.061172	2.118837	1.417595	-14.613900	-46.979600	25.000000
8.152797	2.155801	1.454306	8.204267	2.122475	1.412706	-14.613900	-45.881900	25.000000
8.152797	2.155801	1.454306	8.166395	2.110991	1.398606	-14.613900	-45.259700	25.000000
8.152797	2.155801	1.454306	8.142291	2.098492	1.374795	-14.613900	-44.162000	25.000000
8.152797	2.155801	1.454306	8.199854	2.066463	1.327163	-14.613900	-43.539800	25.000000
8.152797	2.155801	1.454306	8.082704	2.102794	1.352283	-14.613900	-42.442100	25.000000
8.151969	2.155868	1.454289	8.110173	2.058442	1.298056	-14.613900	-41.819900	25.000000
8.152797	2.155801	1.454306	8.192222	2.053138	1.255582	-14.613900	-40.722300	25.000000
8.152797	2.155801	1.454306	7.949371	2.069201	1.196939	-14.613900	-40.100100	25.000000
8.152797	2.155801	1.454306	8.246430	2.063412	1.210737	-14.613900	-39.002400	25.000000
8.152797	2.155801	1.454306	8.015610	2.093271	1.171576	-14.613900	-38.380200	25.000000
8.152797	2.155801	1.454306	8.209750	2.079706	1.169568	-14.613900	-37.282500	25.000000
8.152797	2.155801	1.454306	7.980601	2.139816	1.173717	-14.613900	-36.660300	25.000000
8.152797	2.155801	1.454306	8.215838	2.121608	1.190290	-14.613900	-35.562600	25.000000
8.152797	2.155801	1.454306	8.107657	2.174099	1.233415	-14.613900	-34.940400	25.000000
8.152797	2.155801	1.454306	8.284950	2.159428	1.279340	-14.613900	-33.842700	25.000000
8.151969	2.155868	1.454289	8.205663	2.180684	1.310673	-14.613900	-33.220500	25.000000
8.151969	2.155868	1.454289	8.026855	2.181051	1.337617	-14.613900	-32.122800	25.000000
8.152797	2.155801	1.454306	8.118035	2.188246	1.380808	-14.613900	-31.500700	25.000000
8.152797	2.155801	1.454306	8.232017	2.163727	1.377710	-14.613900	-30.403000	25.000000
8.152797	2.155801	1.454306	8.118380	2.173189	1.407122	-14.613900	-29.780800	25.000000
8.152797	2.155801	1.454306	8.195950	2.166695	1.413888	-14.613900	-28.683100	25.000000
8.152797	2.155801	1.454306	8.099605	2.174784	1.429324	-14.613900	-28.060900	25.000000
8.152797	2.155801	1.454306	8.104345	2.174380	1.423389	-14.613900	-26.963200	25.000000
8.152797	2.155801	1.454306	8.176796	2.168284	1.437267	-14.613900	-26.341000	25.000000
8.152797	2.155801	1.454306	8.117691	2.158372	1.441668	-14.613900	-25.243300	25.000000
8.152797	2.155801	1.454306	8.171444	2.168730	1.444605	-14.613900	-23.523500	25.000000
8.152797	2.155801	1.454306	8.168378	2.168986	1.449014	-14.613900	-21.803600	25.000000
8.152701	2.155809	1.454453	8.139785	2.141893	1.452237	-13.753900	-55.579000	25.000000
8.152701	2.155809	1.454453	8.141800	2.141734	1.449338	-13.753900	-52.761400	25.000000
8.152701	2.155809	1.454453	8.142825	2.141653	1.447890	-13.753900	-52.139200	25.000000
8.152701	2.155809	1.454453	8.144913	2.141488	1.444994	-13.753900	-51.041500	25.000000
8.152701	2.155809	1.454453	8.149233	2.141148	1.439208	-13.753900	-50.419400	25.000000
8.152701	2.155809	1.454453	8.233960	2.134561	1.439669	-13.753900	-49.321700	25.000000
8.152701	2.155809	1.454453	8.220760	2.107030	1.433102	-13.753900	-48.699500	25.000000
8.152701	2.155809	1.454453	8.145704	2.112515	1.419781	-13.753900	-47.601800	25.000000
8.152701	2.155809	1.454453	8.029078	2.106730	1.397551	-13.753900	-46.979600	25.000000
8.152701	2.155809	1.454453	8.244544	2.077353	1.396526	-13.753900	-45.881900	25.000000
8.152701	2.155809	1.454453	8.280103	2.047589	1.364070	-13.753900	-45.259700	25.000000
8.152701	2.155809	1.454453	7.988116	2.038311	1.315614	-13.753900	-44.162000	25.000000
8.152701	2.155809	1.454453	7.616430	1.975651	1.190290	-13.753900	-43.539800	25.000000
8.152701	2.155809	1.454453	8.609878	1.939119	1.241172	-13.753900	-42.442100	25.000000
8.151872	2.155876	1.454435	8.277463	1.867490	1.112798	-13.753900	-41.819900	25.000000
8.152701	2.155809	1.454453	8.132257	1.763821	0.909753	-13.753900	-40.722300	25.000000
8.152701	2.155809	1.454453	8.398309	1.816157	0.846193	-13.753900	-40.100100	25.000000
8.152701	2.155809	1.454453	7.846279	1.790497	0.859337	-13.753900	-39.002400	25.000000
8.152701	2.155809	1.454453	8.184742	2.039871	0.940993	-13.753900	-38.380200	25.000000
8.152701	2.155809	1.454453	8.092589	1.924096	0.869313	-13.753900	-37.282500	25.000000
8.152701	2.155809	1.454453	8.355238	2.083701	0.921801	-13.753900	-36.660300	25.000000
8.152701	2.155809	1.454453	8.062258	2.089942	0.927295	-13.753900	-35.562600	25.000000
8.152701	2.155809	1.454453	8.408329	2.135521	0.955457	-13.753900	-34.940400	25.000000
8.152701	2.155809	1.454453	7.991245	2.153882	0.870300	-13.753900	-33.842700	25.000000
8.151872	2.155876	1.454435	8.434453	2.176200	1.139396	-13.753900	-33.220500	25.000000
8.151872	2.155876	1.454435	7.748548	2.238865	1.092444	-13.753900	-32.122800	25.000000
8.152701	2.155809	1.454453	8.037761	2.226381	1.277836	-13.753900	-31.500700	25.000000
8.152701	2.155809	1.454453	8.280465	2.189129	1.299215	-13.753900	-30.403000	25.000000
8.152701	2.155809	1.454453	8.114777	2.203731	1.361411	-13.753900	-29.780800	25.000000
8.152701	2.155809	1.454453	8.254550	2.191364	1.385082	-13.753900	-28.683100	25.000000
8.152701	2.155809	1.454453	8.106787	2.174173	1.420425	-13.753900	-28.060900	25.000000
8.152701	2.155809	1.454453	8.178148	2.183037	1.404174	-13.753900	-26.963200	25.000000
8.152701	2.155809	1.454453	8.122075	2.158012	1.435801	-13.753900	-26.341000	25.000000
8.152701	2.155809	1.454453	8.182451	2.167814	1.429944	-13.753900	-25.243300	25.000000
8.152701	2.155809	1.454453	8.174619	2.168466	1.440201	-13.753900	-24.621200	25.000000
8.152797	2.155801	1.454306	8.139785	2.141893	1.452237	-12.894000	-54.481300	25.000000
8.152797	2.155801	1.454306	8.141800	2.141734	1.449338	-12.894000	-53.859100	25.000000
8.152797	2.155801	1.454306	8.140786	2.141814	1.450788	-12.894000	-52.761400	25.000000
8.152797	2.155801	1.454306	8.143863	2.141571	1.446441	-12.894000	-52.139200	25.000000
8.152797	2.155801	1.454306	8.147049	2.141320	1.442100	-12.894000	-51.041500	25.000000
8.152797	2.155801	1.454306	8.099068	2.130488	1.434875	-12.894000	-50.419400	25.000000
8.152797	2.155801	1.454306	8.184351	2.123973	1.435398	-12.894000	-49.321700	25.000000
8.152797	2.155801	1.454306	8.226810	2.106593	1.426100	-12.894000	-48.699500	25.000000
8.152797	2.155801	1.454306	8.192045	2.094956	1.409356	-12.894000	-47.601800	25.000000
8.152797	2.155801	1.454306	8.281962	2.020479	1.364198	-12.894000	-46.979600	25.000000
8.152797	2.155801	1.454306	8.075203	2.060740	1.383034	-12.894000	-45.881900	25.000000
8.152797	2.155801	1.454306	8.065978	1.965279	1.312789	-12.894000	-45.259700	25.000000
8.152797	2.155801	1.454306	8.080773	1.820897	1.200963	-12.894000	-44.162000	25.000000
8.152797	2.155801	1.454306	9.132336	1.534544	0.964559	-12.894000	-43.539800	25.000000
8.152797	2.155801	1.454306	7.069337	1.672537	1.049887	-12.894000	-42.442100	25.000000
8.151969	2.155868	1.454289	7.444031	1.834452	1.013672	-12.894000	-41.819900	25.000000
8.152797	2.155801	1.454306	8.758133	1.792987	1.122854	-12.894000	-40.722300	25.000000
8.152797	2.155801	1.454306	8.504611	2.034000	1.401758	-12.894000	-40.100100	25.000000
8.152797	2.155801	1.454306	7.848879	2.105547	1.357428	-12.894000	-39.002400	25.000000
8.152797	2.155801	1.454306	7.743927	2.144041	1.527746	-12.894000	-38.380200	25.000000
8.152797	2.155801	1.454306	8.615805	2.134006	1.723759	-12.894000	-37.282500	25.000000
8.152797	2.155801	1.454306	8.374963	2.166627	2.034444	-12.894000	-36.660300	25.000000
8.152797	2.155801	1.454306	7.818568	2.137890	2.281067	-12.894000	-35.562600	25.000000
8.152797	2.155801	1.454306	9.029396	2.005176	1.880964	-12.894000	-34.940400	25.000000
8.152797	2.155801	1.454306	7.141428	2.131883	2.167973	-12.894000	-33.842700	25.000000
8.151969	2.155868	1.454289	9.686403	2.125288	1.208330	-12.894000	-33.220500	25.000000
8.151969	2.155868	1.454289	6.135275	2.370521	1.094597	-12.894000	-32.122800	25.000000
8.152797	2.155801	1.454306	8.036168	2.274537	1.114448	-12.894000	-31.500700	25.000000
8.152797	2.155801	1.454306	8.295782	2.263836	0.952368	-12.894000	-30.403000	25.000000
8.152797	2.155801	1.454306	7.901544	2.255944	1.302824	-12.894000	-29.780800	25.000000
8.152797	2.155801	1.454306	8.403458	2.222942	1.280774	-12.894000	-28.683100	25.000000
8.152797	2.155801	1.454306	8.098617	2.205196	1.376407	-12.894000	-28.060900	25.000000
8.152797	2.155801	1.454306	8.164490	2.199271	1.392703	-12.894000	-26.963200	25.000000
8.152797	2.155801	1.454306	8.168941	2.183828	1.414506	-12.894000	-26.341000	25.000000
8.152797	2.155801	1.454306	8.159142	2.184673	1.426355	-12.894000	-25.243300	25.000000
8.152797	2.155801	1.454306	8.235678	2.178139	1.434336	-12.894000	-24.621200	25.000000
8.152797	2.155801	1.454306	8.174619	2.168466	1.440201	-12.894000	-23.523500	25.000000
8.152797	2.155801	1.454306	8.172490	2.168643	1.443136	-12.894000	-21.803600	25.000000
8.152797	2.155801	1.454306	8.169388	2.168902	1.447544	-12.894000	-21.181400	25.000000
8.152797	2.155801	1.454306	8.139785	2.141893	1.452237	-12.034100	-55.579000	25.000000
8.152797	2.155801	1.454306	8.224500	2.135289	1.452511	-12.034100	-53.859100	25.000000
8.152797	2.155801	1.454306	8.141800	2.141734	1.449338	-12.034100	-52.761400	25.000000
8.152797	2.155801	1.454306	8.227545	2.135054	1.448225	-12.034100	-52.139200	25.000000
8.152797	2.155801	1.454306	8.094572	2.130836	1.440654	-12.034100	-51.041500	25.000000
8.152797	2.155801	1.454306	8.170122	2.096508	1.433102	-12.034100	-50.419400	25.000000
8.152797	2.155801	1.454306	8.046422	2.119957	1.434875	-12.034100	-49.321700	25.000000
8.152797	2.155801	1.454306	8.047515	2.062576	1.407965	-12.034100	-48.699500	25.000000
8.152797	2.155801	1.454306	8.267382	2.062052	1.413767	-12.034100	-47.601800	25.000000
8.152797	2.155801	1.454306	8.613646	1.963960	1.372168	-12.034100	-46.979600	25.000000
8.152797	2.155801	1.454306	7.720259	1.928078	1.316428	-12.034100	-45.881900	25.000000
8.152797	2.155801	1.454306	8.659729	1.393184	1.028365	-12.034100	-45.259700	25.000000
8.152797	2.155801	1.454306	7.713786	1.694266	1.224257	-12.034100	-44.162000	25.000000
8.152797	2.155801	1.454306	8.893936	1.727726	1.173378	-12.034100	-43.539800	25.000000
8.152797	2.155801	1.454306	7.359409	1.995135	1.220751	-12.034100	-42.442100	25.000000
8.151969	2.155868	1.454289	6.024417	2.721256	2.258243	-12.034100	-41.819900	25.000000
8.152797	2.155801	1.454306	9.801842	2.282254	1.817082	-12.034100	-40.722300	25.000000
8.152797	2.155801	1.454306	7.794229	2.354137	2.407432	-12.034100	-40.100100	25.000000
8.152797	2.155801	1.454306	8.479387	2.022337	2.957050	-12.034100	-39.002400	25.000000
8.152797	2.155801	1.454306	7.908224	1.865897	2.630643	-12.034100	-38.380200	25.000000
8.152797	2.155801	1.454306	8.430237	1.710032	2.543624	-12.034100	-37.282500	25.000000
8.152797	2.155801	1.454306	8.621630	1.704581	2.181522	-12.034100	-36.660300	25.000000
8.152797	2.155801	1.454306	7.672086	1.771567	2.070143	-12.034100	-35.562600	25.000000
8.152797	2.155801	1.454306	7.324179	1.630908	2.443352	-12.034100	-34.940400	25.000000
8.152797	2.155801	1.454306	8.987400	1.577250	2.316845	-12.034100	-33.842700	25.000000
8.151969	2.155868	1.454289	9.602375	1.535381	2.155909	-12.034100	-33.220500	25.000000
8.151969	2.155868	1.454289	6.259401	1.814437	1.923787	-12.034100	-32.122800	25.000000
8.152797	2.155801	1.454306	7.736853	2.025788	1.451082	-12.034100	-31.500700	25.000000
8.152797	2.155801	1.454306	8.494445	2.371888	0.790183	-12.034100	-30.403000	25.000000
8.152797	2.155801	1.454306	8.213404	2.372207	0.997356	-12.034100	-29.780800	25.000000
8.152797	2.155801	1.454306	8.111104	2.315947	1.174715	-12.034100	-28.683100	25.000000
8.152797	2.155801	1.454306	8.262500	2.251512	1.307686	-12.034100	-28.060900	25.000000
8.152797	2.155801	1.454306	8.071933	2.238813	1.362569	-12.034100	-26.963200	25.000000
8.152797	2.155801	1.454306	8.229435	2.193548	1.411550	-12.034100	-26.341000	25.000000
8.152797	2.155801	1.454306	8.079412	2.206946	1.396035	-12.034100	-25.243300	25.000000
8.152797	2.155801	1.454306	8.098450	2.174882	1.430809	-12.034100	-24.621200	25.000000
8.152797	2.155801	1.454306	8.181296	2.167910	1.431408	-12.034100	-23.523500	25.000000
8.152797	2.155801	1.454306	8.171444	2.168730	1.444605	-12.034100	-22.901300	25.000000
8.152797	2.155801	1.454306	8.092861	2.175359	1.438245	-12.034100	-21.803600	25.000000
8.152797	2.155801	1.454306	8.169388	2.168902	1.447544	-12.034100	-21.181400	25.000000
8.152701	2.155809	1.454453	8.138796	2.141971	1.453688	-11.174100	-57.298900	25.000000
8.152701	2.155809	1.454453	8.138796	2.141971	1.453688	-11.174100	-56.201200	25.000000
8.152701	2.155809	1.454453	8.139785	2.141893	1.452237	-11.174100	-55.579000	25.000000
8.152701	2.155809	1.454453	8.139785	2.141893	1.452237	-11.174100	-54.481300	25.000000
8.152701	2.155809	1.454453	8.172448	2.124873	1.451082	-11.174100	-53.859100	25.000000
8.152701	2.155809	1.454453	8.140786	2.141814	1.450788	-11.174100	-52.761400	25.000000
8.152701	2.155809	1.454453	8.227545	2.135054	1.448225	-11.174100	-52.139200	25.000000
8.152701	2.155809	1.454453	8.093479	2.130921	1.442100	-11.174100	-51.041500	25.000000
8.152701	2.155809	1.454453	8.124038	2.085602	1.428899	-11.174100	-50.419400	25.000000
8.152701	2.155809	1.454453	8.213897	2.107526	1.441521	-11.174100	-49.321700	25.000000
8.152701	2.155809	1.454453	7.878636	2.017003	1.396858	-11.174100	-48.699500	25.000000
8.152701	2.155809	1.454453	8.439011	2.024659	1.421254	-11.174100	-47.601800	25.000000
8.152701	2.155809	1.454453	8.779579	1.699862	1.304645	-11.174100	-46.979600	25.000000
8.152701	2.155809	1.454453	7.531228	1.874185	1.342016	-11.174100	-45.881900	25.000000
8.152701	2.155809	1.454453	8.013514	1.308228	1.130266	-11.174100	-45.259700	25.000000
8.152701	2.155809	1.454453	8.334873	1.449320	1.107149	-11.174100	-44.162000	25.000000
8.152701	2.155809	1.454453	5.333864	2.145631	1.105151	-11.174100	-43.539800	25.000000
8.152701	2.155809	1.454453	10.149980	2.417001	1.480002	-11.174100	-42.442100	25.000000
8.151872	2.155876	1.454435	7.314356	2.381254	4.383110	-11.174100	-41.819900	25.000000
8.152701	2.155809	1.454453	8.625590	2.356324	1.943386	-11.174100	-40.722300	25.000000
8.152701	2.155809	1.454453	7.458559	1.793864	2.428195	-11.174100	-40.100100	25.000000
8.152701	2.155809	1.454453	8.217135	1.850688	4.295193	-11.174100	-39.002400	25.000000
8.152701	2.155809	1.454453	6.490832	1.337593	3.458836	-11.174100	-38.380200	25.000000
8.152701	2.155809	1.454453	9.576534	1.151360	3.244674	-11.174100	-37.282500	25.000000
8.152701	2.155809	1.454453	7.978722	1.116682	2.445069	-11.174100	-36.660300	25.000000
8.152701	2.155809	1.454453	8.306022	1.054552	2.758516	-11.174100	-35.562600	25.000000
8.152701	2.155809	1.454453	8.321544	1.339207	2.145101	-11.174100	-34.940400	25.000000
8.152701	2.155809	1.454453	7.911030	1.330858	2.180456	-11.174100	-33.842700	25.000000
8.151872	2.155876	1.454435	8.231646	1.249440	2.265535	-11.174100	-33.220500	25.000000
8.151872	2.155876	1.454435	8.047360	1.241806	2.093200	-11.174100	-32.122800	25.000000
8.152701	2.155809	1.454453	10.465452	1.670335	1.622002	-11.174100	-31.500700	25.000000
8.152701	2.155809	1.454453	4.871437	2.000625	1.457645	-11.174100	-30.403000	25.000000
8.152701	2.155809	1.454453	8.267406	2.400657	0.938047	-11.174100	-29.780800	25.000000
8.152701	2.155809	1.454453	7.972453	2.422785	0.866302	-11.174100	-28.683100	25.000000
8.152701	2.155809	1.454453	8.148350	2.362855	1.183801	-11.174100	-28.060900	25.000000
8.152701	2.155809	1.454453	8.100765	2.300439	1.288857	-11.174100	-26.963200	25.000000
8.152701	2.155809	1.454453	8.292340	2.218010	1.383777	-11.174100	-26.341000	25.000000
8.152701	2.155809	1.454453	8.053329	2.240637	1.381167	-11.174100	-25.243300	25.000000
8.152701	2.155809	1.454453	8.161519	2.184468	1.423389	-11.174100	-24.621200	25.000000
8.152701	2.155809	1.454453	8.079660	2.191623	1.422659	-11.174100	-23.523500	25.000000
8.152701	2.155809	1.454453	8.173549	2.168555	1.441668	-11.174100	-22.901300	25.000000
8.152701	2.155809	1.454453	8.232381	2.178418	1.438734	-11.174100	-21.803600	25.000000
8.152701	2.155809	1.454453	8.170410	2.168816	1.446074	-11.174100	-21.181400	25.000000
8.152701	2.155809	1.454453	8.170410	2.168816	1.446074	-11.174100	-20.083700	25.000000
8.152797	2.155801	1.454306	8.139785	2.141893	1.452237	-10.314200	-55.579000	25.000000
8.152797	2.155801	1.454306	8.139785	2.141893	1.452237	-10.314200	-53.859100	25.000000
8.152797	2.155801	1.454306	8.141800	2.141734	1.449338	-10.314200	-52.761400	25.000000
8.152797	2.155801	1.454306	8.207466	2.107993	1.449959	-10.314200	-52.139200	25.000000
8.152797	2.155801	1.454306	8.123398	2.114168	1.446798	-10.314200	-51.041500	25.000000
8.152797	2.155801	1.454306	8.029626	2.092266	1.436821	-10.314200	-50.419400	25.000000
8.152797	2.155801	1.454306	8.289970	2.074315	1.440975	-10.314200	-49.321700	25.000000
8.152797	2.155801	1.454306	8.325437	1.926585	1.407333	-10.314200	-48.699500	25.000000
8.152797	2.155801	1.454306	8.078143	2.018912	1.421906	-10.314200	-47.601800	25.000000
8.152797	2.155801	1.454306	9.370155	1.556922	1.330477	-10.314200	-46.979600	25.000000
8.152797	2.155801	1.454306	6.692907	1.428374	1.256206	-10.314200	-45.881900	25.000000
8.152797	2.155801	1.454306	7.707660	1.375464	1.219765	-10.314200	-45.259700	25.000000
8.152797	2.155801	1.454306	8.604067	1.694659	1.249046	-10.314200	-44.162000	25.000000
8.152797	2.155801	1.454306	9.162423	2.161110	1.399168	-10.314200	-43.539800	25.000000
8.152797	2.155801	1.454306	6.918967	3.067532	1.354246	-10.314200	-42.442100	25.000000
8.151969	2.155868	1.454289	5.008832	2.932752	1.297788	-10.314200	-41.819900	25.000000
8.152797	2.155801	1.454306	10.252687	2.257485	4.423348	-10.314200	-40.722300	25.000000
8.152797	2.155801	1.454306	4.909460	2.740594	0.318450	-10.314200	-40.100100	25.000000
8.152797	2.155801	1.454306	9.722717	1.144766	4.196185	-10.314200	-39.002400	25.000000
8.152797	2.155801	1.454306	10.975427	0.879173	4.232870	-10.314200	-38.380200	25.000000
8.152797	2.155801	1.454306	2.833725	0.736128	3.089010	-10.314200	-37.282500	25.000000
8.152797	2.155801	1.454306	8.100765	0.502336	3.129029	-10.314200	-36.660300	25.000000
8.152797	2.155801	1.454306	8.190192	0.496825	3.097775	-10.314200	-35.562600	25.000000
8.152797	2.155801	1.454306	7.603289	0.762124	2.275290	-10.314200	-34.940400	25.000000
8.152797	2.155801	1.454306	8.612781	0.965602	2.103952	-10.314200	-33.842700	25.000000
8.151969	2.155868	1.454289	8.062878	1.080037	2.021866	-10.314200	-33.220500	25.000000
8.151969	2.155868	1.454289	8.312641	1.082451	1.991787	-10.314200	-32.122800	25.000000
8.152797	2.155801	1.454306	7.639162	1.665188	1.533971	-10.314200	-31.500700	25.000000
8.152797	2.155801	1.454306	8.562459	1.192807	1.826137	-10.314200	-30.403000	25.000000
8.152797	2.155801	1.454306	8.493886	2.560558	0.817254	-10.314200	-29.780800	25.000000
8.152797	2.155801	1.454306	7.733854	1.955166	1.352884	-10.314200	-28.683100	25.000000
8.152797	2.155801	1.454306	7.833799	2.526938	1.041766	-10.314200	-28.060900	25.000000
8.152797	2.155801	1.454306	8.516226	2.439123	1.059991	-10.314200	-26.963200	25.000000
8.152797	2.155801	1.454306	8.345682	2.290316	1.332773	-10.314200	-26.341000	25.000000
8.152797	2.155801	1.454306	7.976597	2.248279	1.378134	-10.314200	-25.243300	25.000000
8.152797	2.155801	1.454306	8.078465	2.191729	1.424164	-10.314200	-24.621200	25.000000
8.152797	2.155801	1.454306	8.208751	2.210458	1.409142	-10.314200	-23.523500	25.000000
8.152797	2.155801	1.454306	8.092861	2.175359	1.438245	-10.314200	-22.901300	25.000000
8.152797	2.155801	1.454306	8.234567	2.178233	1.435801	-10.314200	-21.803600	25.000000
8.152797	2.155801	1.454306	8.170410	2.168816	1.446074	-10.314200	-21.181400	25.000000
8.152797	2.155801	1.454306	8.171444	2.168730	1.444605	-10.314200	-20.083700	25.000000
8.152749	2.155805	1.454379	8.138796	2.141971	1.453688	-9.454230	-55.579000	25.000000
8.152749	2.155805	1.454379	8.276473	2.145647	1.455370	-9.454230	-54.481300	25.000000
8.152749	2.155805	1.454379	8.223509	2.135365	1.453940	-9.454230	-53.859100	25.000000
8.152749	2.155805	1.454379	8.139785	2.141893	1.452237	-9.454230	-52.761400	25.000000
8.152749	2.155805	1.454379	8.205419	2.108141	1.452776	-9.454230	-52.139200	25.000000
8.152749	2.155805	1.454379	8.122346	2.114246	1.448225	-9.454230	-51.041500	25.000000
8.152749	2.155805	1.454379	8.064620	2.075552	1.441521	-9.454230	-50.419400	25.000000
8.152749	2.155805	1.454379	8.325263	2.058336	1.448128	-9.454230	-49.321700	25.000000
8.152749	2.155805	1.454379	7.645057	1.917808	1.412965	-9.454230	-48.699500	25.000000
8.152749	2.155805	1.454379	8.646092	1.937504	1.437835	-9.454230	-47.601800	25.000000
8.152749	2.155805	1.454379	8.381080	1.317533	1.340764	-9.454230	-46.979600	25.000000
8.152749	2.155805	1.454379	7.930076	0.936414	1.220821	-9.454230	-45.881900	25.000000
8.152749	2.155805	1.454379	9.518393	1.710985	1.407741	-9.454230	-45.259700	25.000000
8.152749	2.155805	1.454379	6.490069	1.705252	1.301681	-9.454230	-44.162000	25.000000
8.152749	2.155805	1.454379	6.633129	2.778217	2.884269	-9.454230	-43.539800	25.000000
8.152749	2.155805	1.454379	9.373900	2.171714	1.661456	-9.454230	-42.442100	25.000000
8.151921	2.155872	1.454362	9.070175	2.102679	2.406781	-9.454230	-41.819900	25.000000
8.152749	2.155805	1.454379	6.593282	2.203728	4.386891	-9.454230	-40.722300	25.000000
8.152749	2.155805	1.454379	10.228567	1.199727	3.840092	-9.454230	-40.100100	25.000000
8.152749	2.155805	1.454379	4.054487	2.871966	1.570796	-9.454230	-39.002400	25.000000
8.152749	2.155805	1.454379	1.979899	1.570796	3.926991	-9.454230	-38.380200	25.000000
8.152749	2.155805	1.454379	11.171392	0.663687	4.092139	-9.454230	-37.282500	25.000000
8.152749	2.155805	1.454379	9.095961	0.296145	3.649057	-9.454230	-36.660300	25.000000
8.152749	2.155805	1.454379	7.069427	0.366471	3.815101	-9.454230	-35.562600	25.000000
8.152749	2.155805	1.454379	7.701747	0.397920	2.148576	-9.454230	-34.940400	25.000000
8.152749	2.155805	1.454379	8.622065	0.561110	1.927016	-9.454230	-33.842700	25.000000
8.151921	2.155872	1.454362	8.347341	0.867268	1.714249	-9.454230	-33.220500	25.000000
8.151921	2.155872	1.454362	7.868729	0.930665	1.629459	-9.454230	-32.122800	25.000000
8.152749	2.155805	1.454379	8.166238	1.373592	1.526201	-9.454230	-31.500700	25.000000
8.152749	2.155805	1.454379	8.100847	0.996608	1.593440	-9.454230	-30.403000	25.000000
8.152749	2.155805	1.454379	6.324239	1.637256	1.513716	-9.454230	-29.780800	25.000000
8.152749	2.155805	1.454379	9.584117	2.063100	1.466415	-9.454230	-28.683100	25.000000
8.152749	2.155805	1.454379	8.329682	2.505381	1.141493	-9.454230	-28.060900	25.000000
8.152749	2.155805	1.454379	8.079412	2.465078	1.192125	-9.454230	-26.963200	25.000000
8.152749	2.155805	1.454379	7.880838	2.325683	1.349482	-9.454230	-26.341000	25.000000
8.152749	2.155805	1.454379	8.360150	2.354248	1.295512	-9.454230	-25.243300	25.000000
8.152749	2.155805	1.454379	8.042394	2.225938	1.414928	-9.454230	-24.621200	25.000000
8.152749	2.155805	1.454379	8.193070	2.227200	1.403621	-9.454230	-23.523500	25.000000
8.152749	2.155805	1.454379	8.212576	2.195022	1.432295	-9.454230	-22.901300	25.000000
8.152749	2.155805	1.454379	8.150117	2.185454	1.438245	-9.454230	-21.803600	25.000000
8.152749	2.155805	1.454379	8.146932	2.185730	1.442713	-9.454230	-21.181400	25.000000
8.152749	2.155805	1.454379	8.170410	2.168816	1.446074	-9.454230	-20.083700	25.000000
8.152749	2.155805	1.454379	8.137819	2.142048	1.455138	-8.594290	-56.201200	25.000000
8.152749	2.155805	1.454379	8.137819	2.142048	1.455138	-8.594290	-55.579000	25.000000
8.152749	2.155805	1.454379	8.221563	2.135515	1.456800	-8.594290	-54.481300	25.000000
8.152749	2.155805	1.454379	8.085172	2.131566	1.453688	-8.594290	-53.859100	25.000000
8.152749	2.155805	1.454379	8.222530	2.135440	1.455370	-8.594290	-52.761400	25.000000
8.152749	2.155805	1.454379	8.118257	2.114551	1.453940	-8.594290	-52.139200	25.000000
8.152749	2.155805	1.454379	8.169455	2.125099	1.455370	-8.594290	-51.041500	25.000000
8.152749	2.155805	1.454379	8.009095	2.065148	1.451367	-8.594290	-50.419400	25.000000
8.152749	2.155805	1.454379	8.361967	2.042538	1.456433	-8.594290	-49.321700	25.000000
8.152749	2.155805	1.454379	7.688309	1.861001	1.436002	-8.594290	-48.699500	25.000000
8.152749	2.155805	1.454379	8.687629	1.923375	1.456482	-8.594290	-47.601800	25.000000
8.152749	2.155805	1.454379	7.126437	1.151700	1.386958	-8.594290	-46.979600	25.000000
8.152749	2.155805	1.454379	9.153142	0.855935	1.322309	-8.594290	-45.881900	25.000000
8.152749	2.155805	1.454379	8.745496	1.615406	1.393605	-8.594290	-45.259700	25.000000
8.152749	2.155805	1.454379	7.565296	2.028055	1.409523	-8.594290	-44.162000	25.000000
8.152749	2.155805	1.454379	3.227135	2.621238	0.074860	-8.594290	-43.539800	25.000000
8.152749	2.155805	1.454379	10.909890	2.609217	2.337040	-8.594290	-42.442100	25.000000
8.151921	2.155872	1.454362	8.963236	1.865100	4.240400	-8.594290	-41.819900	25.000000
8.152749	2.155805	1.454379	6.420623	2.039432	2.121994	-8.594290	-40.722300	25.000000
8.152749	2.155805	1.454379	2.795371	2.530831	3.204011	-8.594290	-40.100100	25.000000
8.152749	2.155805	1.454379	10.864934	1.059110	3.622236	-8.594290	-39.002400	25.000000
8.152749	2.155805	1.454379	7.147902	0.889816	3.958827	-8.594290	-38.380200	25.000000
8.152749	2.155805	1.454379	8.987664	0.746103	3.156346	-8.594290	-37.282500	25.000000
8.152749	2.155805	1.454379	9.180681	0.325027	2.994389	-8.594290	-36.660300	25.000000
8.152749	2.155805	1.454379	6.917717	0.389338	3.452384	-8.594290	-35.562600	25.000000
8.152749	2.155805	1.454379	7.327676	0.381818	1.720048	-8.594290	-34.940400	25.000000
8.152749	2.155805	1.454379	9.005023	0.523283	1.566130	-8.594290	-33.842700	25.000000
8.151921	2.155872	1.454362	8.746222	0.962250	1.348802	-8.594290	-33.220500	25.000000
8.151921	2.155872	1.454362	7.548039	1.012268	1.214951	-8.594290	-32.122800	25.000000
8.152749	2.155805	1.454379	8.054744	1.007653	1.221649	-8.594290	-31.500700	25.000000
8.152749	2.155805	1.454379	8.201518	1.116374	1.356101	-8.594290	-30.403000	25.000000
8.152749	2.155805	1.454379	9.953040	1.507457	1.489160	-8.594290	-29.780800	25.000000
8.152749	2.155805	1.454379	5.918995	1.560659	1.491303	-8.594290	-28.683100	25.000000
8.152749	2.155805	1.454379	7.885201	2.610738	1.069051	-8.594290	-28.060900	25.000000
8.152749	2.155805	1.454379	8.456128	1.984579	1.465987	-8.594290	-26.963200	25.000000
8.152749	2.155805	1.454379	8.072397	2.466161	1.256564	-8.594290	-26.341000	25.000000
8.152749	2.155805	1.454379	8.118011	2.384417	1.318858	-8.594290	-25.243300	25.000000
8.152749	2.155805	1.454379	8.229101	2.270585	1.396768	-8.594290	-24.621200	25.000000
8.152749	2.155805	1.454379	8.101290	2.235957	1.418028	-8.594290	-23.523500	25.000000
8.152749	2.155805	1.454379	8.129090	2.202440	1.434719	-8.594290	-22.901300	25.000000
8.152749	2.155805	1.454379	8.269220	2.205028	1.435269	-8.594290	-21.803600	25.000000
8.152749	2.155805	1.454379	8.144870	2.185909	1.445695	-8.594290	-21.181400	25.000000
8.152749	2.155805	1.454379	8.171444	2.168730	1.444605	-8.594290	-20.083700	25.000000
8.152749	2.155805	1.454379	8.137819	2.142048	1.455138	-7.734350	-57.298900	25.000000
8.152749	2.155805	1.454379	8.084188	2.131642	1.455138	-7.734350	-53.859100	25.000000
8.152749	2.155805	1.454379	8.221563	2.135515	1.456800	-7.734350	-52.761400	25.000000
8.152749	2.155805	1.454379	8.115319	2.114769	1.458231	-7.734350	-52.139200	25.000000
8.152749	2.155805	1.454379	8.200512	2.108498	1.459826	-7.734350	-51.041500	25.000000
8.152749	2.155805	1.454379	8.221216	2.037623	1.464351	-7.734350	-50.419400	25.000000
8.152749	2.155805	1.454379	8.050988	2.076488	1.459826	-7.734350	-49.321700	25.000000
8.152749	2.155805	1.454379	7.775429	1.943320	1.462884	-7.734350	-48.699500	25.000000
8.152749	2.155805	1.454379	8.513906	1.826088	1.474751	-7.734350	-47.601800	25.000000
8.152749	2.155805	1.454379	7.470669	0.873023	1.478080	-7.734350	-46.979600	25.000000
8.152749	2.155805	1.454379	8.798437	1.210731	1.479587	-7.734350	-45.881900	25.000000
8.152749	2.155805	1.454379	9.579081	1.620927	1.383651	-7.734350	-45.259700	25.000000
8.152749	2.155805	1.454379	6.474604	1.758786	1.345647	-7.734350	-44.162000	25.000000
8.152749	2.155805	1.454379	9.532077	2.529225	1.123474	-7.734350	-43.539800	25.000000
8.152749	2.155805	1.454379	6.267097	2.521413	5.071481	-7.734350	-42.442100	25.000000
8.151921	2.155872	1.454362	3.593007	1.554096	4.939814	-7.734350	-41.819900	25.000000
8.152749	2.155805	1.454379	10.903559	1.897577	4.784110	-7.734350	-40.722300	25.000000
8.152749	2.155805	1.454379	6.423237	2.147062	4.856597	-7.734350	-40.100100	25.000000
8.152749	2.155805	1.454379	8.756221	0.113380	2.356908	-7.734350	-39.002400	25.000000
8.152749	2.155805	1.454379	7.336307	0.099529	3.611375	-7.734350	-38.380200	25.000000
8.152749	2.155805	1.454379	8.912536	0.527732	4.551270	-7.734350	-37.282500	25.000000
8.152749	2.155805	1.454379	8.688498	0.142850	1.815775	-7.734350	-36.660300	25.000000
8.152749	2.155805	1.454379	7.525729	0.082714	2.056023	-7.734350	-35.562600	25.000000
8.152749	2.155805	1.454379	9.163651	0.592828	1.482789	-7.734350	-34.940400	25.000000
8.152749	2.155805	1.454379	7.027119	0.716330	1.347896	-7.734350	-33.842700	25.000000
8.151921	2.155872	1.454362	8.247327	1.145869	1.331628	-7.734350	-33.220500	25.000000
8.151921	2.155872	1.454362	8.041275	1.161519	1.209170	-7.734350	-32.122800	25.000000
8.152749	2.155805	1.454379	7.875887	0.962629	1.150059	-7.734350	-31.500700	25.000000
8.152749	2.155805	1.454379	8.380746	0.916580	1.244766	-7.734350	-30.403000	25.000000
8.152749	2.155805	1.454379	9.932900	1.331944	1.393723	-7.734350	-29.780800	25.000000
8.152749	2.155805	1.454379	5.764209	1.318305	1.251879	-7.734350	-28.683100	25.000000
8.152749	2.155805	1.454379	9.630493	2.652189	1.132835	-7.734350	-28.060900	25.000000
8.152749	2.155805	1.454379	6.264312	1.763549	1.232586	-7.734350	-26.963200	25.000000
8.152749	2.155805	1.454379	7.797589	2.556373	1.259324	-7.734350	-26.341000	25.000000
8.152749	2.155805	1.454379	8.560660	2.488702	1.292233	-7.734350	-25.243300	25.000000
8.152749	2.155805	1.454379	8.136363	2.296534	1.402406	-7.734350	-24.621200	25.000000
8.152749	2.155805	1.454379	8.163388	2.245596	1.418028	-7.734350	-23.523500	25.000000
8.152749	2.155805	1.454379	8.188535	2.212296	1.434719	-7.734350	-22.901300	25.000000
8.152749	2.155805	1.454379	8.046092	2.210008	1.437221	-7.734350	-21.803600	25.000000
8.152749	2.155805	1.454379	8.145895	2.185820	1.444204	-7.734350	-21.181400	25.000000
8.152749	2.155805	1.454379	8.169388	2.168902	1.447544	-7.734350	-20.083700	25.000000
8.152749	2.155805	1.454379	8.136854	2.142124	1.456590	-6.874410	-56.201200	25.000000
8.152749	2.155805	1.454379	8.136854	2.142124	1.456590	-6.874410	-54.481300	25.000000
8.152749	2.155805	1.454379	8.166572	2.125318	1.459662	-6.874410	-53.859100	25.000000
8.152749	2.155805	1.454379	8.082258	2.131792	1.458041	-6.874410	-52.761400	25.000000
8.152749	2.155805	1.454379	8.112490	2.114980	1.462526	-6.874410	-52.139200	25.000000
8.152749	2.155805	1.454379	8.114364	2.114841	1.459662	-6.874410	-51.041500	25.000000
8.152749	2.155805	1.454379	8.037668	2.049166	1.471128	-6.874410	-50.419400	25.000000
8.152749	2.155805	1.454379	8.269680	2.075667	1.468378	-6.874410	-49.321700	25.000000
8.152749	2.155805	1.454379	8.047583	1.809142	1.499124	-6.874410	-48.699500	25.000000
8.152749	2.155805	1.454379	8.273385	1.967936	1.482866	-6.874410	-47.601800	25.000000
8.152749	2.155805	1.454379	7.308569	1.279354	1.560511	-6.874410	-46.979600	25.000000
8.152749	2.155805	1.454379	8.989620	0.967547	1.598897	-6.874410	-45.881900	25.000000
8.152749	2.155805	1.454379	8.829881	1.831970	1.486292	-6.874410	-45.259700	25.000000
8.152749	2.155805	1.454379	7.508695	1.534830	1.538807	-6.874410	-44.162000	25.000000
8.152749	2.155805	1.454379	8.018254	1.967758	1.410539	-6.874410	-43.539800	25.000000
8.152749	2.155805	1.454379	8.091502	2.667752	6.201843	-6.874410	-42.442100	25.000000
8.151921	2.155872	1.454362	7.252627	1.886234	0.693995	-6.874410	-41.819900	25.000000
8.152749	2.155805	1.454379	8.441102	1.897632	5.097077	-6.874410	-40.722300	25.000000
8.152749	2.155805	1.454379	5.277632	1.732558	0.884662	-6.874410	-40.100100	25.000000
8.152749	2.155805	1.454379	9.773976	1.102689	5.379968	-6.874410	-39.002400	25.000000
8.152749	2.155805	1.454379	7.080177	0.766531	0.067245	-6.874410	-38.380200	25.000000
8.152749	2.155805	1.454379	9.164366	0.630937	5.730076	-6.874410	-37.282500	25.000000
8.152749	2.155805	1.454379	8.469569	0.429589	0.269733	-6.874410	-36.660300	25.000000
8.152749	2.155805	1.454379	7.749252	0.599024	0.467742	-6.874410	-35.562600	25.000000
8.152749	2.155805	1.454379	7.960534	0.825287	1.223632	-6.874410	-34.940400	25.000000
8.152749	2.155805	1.454379	8.397506	0.666569	0.975849	-6.874410	-33.842700	25.000000
8.151921	2.155872	1.454362	8.234689	1.104794	1.364070	-6.874410	-33.220500	25.000000
8.151921	2.155872	1.454362	8.081980	1.109136	1.471128	-6.874410	-32.122800	25.000000
8.152749	2.155805	1.454379	8.488586	0.896474	1.371922	-6.874410	-31.500700	25.000000
8.152749	2.155805	1.454379	7.930044	0.904723	1.464744	-6.874410	-30.403000	25.000000
8.152749	2.155805	1.454379	7.938274	1.647715	1.287811	-6.874410	-29.780800	25.000000
8.152749	2.155805	1.454379	8.327022	1.073830	1.325155	-6.874410	-28.683100	25.000000
8.152749	2.155805	1.454379	8.119729	1.896745	1.294282	-6.874410	-28.060900	25.000000
8.152749	2.155805	1.454379	8.079084	2.834043	0.889670	-6.874410	-26.963200	25.000000
8.152749	2.155805	1.454379	7.864280	2.641180	1.266647	-6.874410	-26.341000	25.000000
8.152749	2.155805	1.454379	8.406313	2.554776	1.312270	-6.874410	-25.243300	25.000000
8.152749	2.155805	1.454379	7.977869	2.314302	1.413486	-6.874410	-24.621200	25.000000
8.152749	2.155805	1.454379	8.347341	2.274325	1.427344	-6.874410	-23.523500	25.000000
8.152749	2.155805	1.454379	8.244544	2.222399	1.440765	-6.874410	-22.901300	25.000000
8.152749	2.155805	1.454379	8.025310	2.227574	1.438245	-6.874410	-21.803600	25.000000
8.152749	2.155805	1.454379	8.142856	2.186084	1.448680	-6.874410	-21.181400	25.000000
8.152749	2.155805	1.454379	8.143857	2.185997	1.447187	-6.874410	-20.083700	25.000000
8.152749	2.155805	1.454379	8.135902	2.142199	1.458041	-6.014470	-55.579000	25.000000
8.152749	2.155805	1.454379	8.135902	2.142199	1.458041	-6.014470	-53.859100	25.000000
8.152749	2.155805	1.454379	8.134033	2.142347	1.460946	-6.014470	-52.761400	25.000000
8.152749	2.155805	1.454379	8.111572	2.115049	1.463958	-6.014470	-52.139200	25.000000
8.152749	2.155805	1.454379	8.247600	2.119245	1.466886	-6.014470	-51.041500	25.000000
8.152749	2.155805	1.454379	8.078341	2.060533	1.480898	-6.014470	-50.419400	25.000000
8.152749	2.155805	1.454379	8.228609	2.092389	1.472522	-6.014470	-49.321700	25.000000
8.152749	2.155805	1.454379	8.121798	1.989213	1.495265	-6.014470	-48.699500	25.000000
8.152749	2.155805	1.454379	8.170196	1.868945	1.520838	-6.014470	-47.601800	25.000000
8.152749	2.155805	1.454379	9.156440	1.225411	1.631188	-6.014470	-46.979600	25.000000
8.152749	2.155805	1.454379	7.031991	0.930703	1.689873	-6.014470	-45.881900	25.000000
8.152749	2.155805	1.454379	6.418824	1.825938	1.630403	-6.014470	-45.259700	25.000000
8.152749	2.155805	1.454379	9.511136	1.680361	1.677832	-6.014470	-44.162000	25.000000
8.152749	2.155805	1.454379	10.774827	2.421511	1.986591	-6.014470	-43.539800	25.000000
8.152749	2.155805	1.454379	3.680231	2.827339	4.970160	-6.014470	-42.442100	25.000000
8.151921	2.155872	1.454362	8.642806	1.733498	4.168953	-6.014470	-41.819900	25.000000
8.152749	2.155805	1.454379	7.655253	2.231861	5.097505	-6.014470	-40.722300	25.000000
8.152749	2.155805	1.454379	8.793839	0.174690	3.246470	-6.014470	-40.100100	25.000000
8.152749	2.155805	1.454379	6.085286	2.537992	4.872302	-6.014470	-39.002400	25.000000
8.152749	2.155805	1.454379	5.488883	0.670676	4.794264	-6.014470	-38.380200	25.000000
8.152749	2.155805	1.454379	10.120432	0.209095	4.739049	-6.014470	-37.282500	25.000000
8.152749	2.155805	1.454379	7.697190	0.159081	5.518666	-6.014470	-36.660300	25.000000
8.152749	2.155805	1.454379	8.612833	0.162045	0.974810	-6.014470	-35.562600	25.000000
8.152749	2.155805	1.454379	8.484816	0.557511	1.371216	-6.014470	-34.940400	25.000000
8.152749	2.155805	1.454379	7.838597	0.466791	1.301063	-6.014470	-33.842700	25.000000
8.151921	2.155872	1.454362	7.831737	1.064198	1.452237	-6.014470	-33.220500	25.000000
8.151921	2.155872	1.454362	8.500588	0.956442	1.455370	-6.014470	-32.122800	25.000000
8.152749	2.155805	1.454379	8.388826	0.976086	1.452511	-6.014470	-31.500700	25.000000
8.152749	2.155805	1.454379	7.903727	0.933958	1.439805	-6.014470	-30.403000	25.000000
8.152749	2.155805	1.454379	9.984091	1.293834	1.543407	-6.014470	-29.780800	25.000000
8.152749	2.155805	1.454379	5.862764	1.336691	1.602365	-6.014470	-28.683100	25.000000
8.152749	2.155805	1.454379	3.475665	2.415928	1.875957	-6.014470	-28.060900	25.000000
8.152749	2.155805	1.454379	10.862029	2.212318	1.546778	-6.014470	-26.963200	25.000000
8.152749	2.155805	1.454379	7.983665	2.590092	1.371057	-6.014470	-26.341000	25.000000
8.152749	2.155805	1.454379	8.360556	2.683889	1.344200	-6.014470	-25.243300	25.000000
8.152749	2.155805	1.454379	8.197707	2.273813	1.439301	-6.014470	-24.621200	25.000000
8.152749	2.155805	1.454379	8.104869	2.333589	1.428658	-6.014470	-23.523500	25.000000
8.152749	2.155805	1.454379	8.162867	2.230054	1.443366	-6.014470	-22.901300	25.000000
8.152749	2.155805	1.454379	8.120720	2.203194	1.446820	-6.014470	-21.803600	25.000000
8.152749	2.155805	1.454379	8.141867	2.186169	1.450173	-6.014470	-21.181400	25.000000
8.152749	2.155805	1.454379	8.223138	2.179200	1.451956	-6.014470	-20.083700	25.000000
8.152749	2.155805	1.454379	8.136854	2.142124	1.456590	-5.154530	-57.298900	25.000000
8.152749	2.155805	1.454379	8.135902	2.142199	1.458041	-5.154530	-55.579000	25.000000
8.152749	2.155805	1.454379	8.080377	2.131938	1.460946	-5.154530	-53.859100	25.000000
8.152749	2.155805	1.454379	8.134962	2.142274	1.459494	-5.154530	-52.761400	25.000000
8.152749	2.155805	1.454379	8.078546	2.132081	1.463853	-5.154530	-52.139200	25.000000
8.152749	2.155805	1.454379	8.161133	2.125731	1.468259	-5.154530	-51.041500	25.000000
8.152749	2.155805	1.454379	7.998881	2.094476	1.482620	-5.154530	-50.419400	25.000000
8.152749	2.155805	1.454379	8.311775	2.086648	1.479385	-5.154530	-49.321700	25.000000
8.152749	2.155805	1.454379	7.976271	2.011155	1.505611	-5.154530	-48.699500	25.000000
8.152749	2.155805	1.454379	8.456885	1.933433	1.529048	-5.154530	-47.601800	25.000000
8.152749	2.155805	1.454379	6.923763	1.510098	1.627258	-5.154530	-46.979600	25.000000
8.152749	2.155805	1.454379	9.188917	1.237067	1.708295	-5.154530	-45.881900	25.000000
8.152749	2.155805	1.454379	9.250492	1.629205	1.657535	-5.154530	-45.259700	25.000000
8.152749	2.155805	1.454379	6.724054	1.826394	1.612311	-5.154530	-44.162000	25.000000
8.152749	2.155805	1.454379	6.244950	2.683109	5.024986	-5.154530	-43.539800	25.000000
8.152749	2.155805	1.454379	9.607986	2.466423	1.462346	-5.154530	-42.442100	25.000000
8.151921	2.155872	1.454362	8.444578	2.189837	4.862717	-5.154530	-41.819900	25.000000
8.152749	2.155805	1.454379	7.702915	1.596763	4.721480	-5.154530	-40.722300	25.000000
8.152749	2.155805	1.454379	7.591350	0.584762	2.038713	-5.154530	-40.100100	25.000000
8.152749	2.155805	1.454379	7.503872	1.986454	4.750272	-5.154530	-39.002400	25.000000
8.152749	2.155805	1.454379	5.766143	0.240636	3.513991	-5.154530	-38.380200	25.000000
8.152749	2.155805	1.454379	10.051885	0.524630	4.405713	-5.154530	-37.282500	25.000000
8.152749	2.155805	1.454379	9.104307	0.151518	2.769194	-5.154530	-36.660300	25.000000
8.152749	2.155805	1.454379	7.129719	0.191048	2.747370	-5.154530	-35.562600	25.000000
8.152749	2.155805	1.454379	8.823973	0.596527	1.722679	-5.154530	-34.940400	25.000000
8.152749	2.155805	1.454379	7.505225	0.496222	1.773680	-5.154530	-33.842700	25.000000
8.151921	2.155872	1.454362	7.794927	1.147768	1.523929	-5.154530	-33.220500	25.000000
8.151921	2.155872	1.454362	8.476205	1.038745	1.605987	-5.154530	-32.122800	25.000000
8.152749	2.155805	1.454379	8.533024	0.944734	1.505671	-5.154530	-31.500700	25.000000
8.152749	2.155805	1.454379	7.790257	0.804914	1.497712	-5.154530	-30.403000	25.000000
8.152749	2.155805	1.454379	8.801727	1.364838	1.631188	-5.154530	-29.780800	25.000000
8.152749	2.155805	1.454379	7.326827	0.892035	1.602365	-5.154530	-28.683100	25.000000
8.152749	2.155805	1.454379	8.575016	1.687680	1.633069	-5.154530	-28.060900	25.000000
8.152749	2.155805	1.454379	7.717513	2.596729	1.570796	-5.154530	-26.963200	25.000000
8.152749	2.155805	1.454379	8.281932	2.577761	1.462135	-5.154530	-26.341000	25.000000
8.152749	2.155805	1.454379	7.976848	2.668308	1.430066	-5.154530	-25.243300	25.000000
8.152749	2.155805	1.454379	8.255156	2.283837	1.452003	-5.154530	-24.621200	25.000000
8.152749	2.155805	1.454379	8.093460	2.334937	1.448989	-5.154530	-23.523500	25.000000
8.152749	2.155805	1.454379	8.157058	2.230605	1.452600	-5.154530	-22.901300	25.000000
8.152749	2.155805	1.454379	8.197128	2.196381	1.454655	-5.154530	-21.803600	25.000000
8.152749	2.155805	1.454379	8.139926	2.186338	1.453160	-5.154530	-21.181400	25.000000
8.152749	2.155805	1.454379	8.222171	2.179281	1.453428	-5.154530	-20.083700	25.000000
8.152749	2.155805	1.454379	8.135902	2.142199	1.458041	-4.294590	-55.579000	25.000000
8.152749	2.155805	1.454379	8.134033	2.142347	1.460946	-4.294590	-53.859100	25.000000
8.152749	2.155805	1.454379	8.134033	2.142347	1.460946	-4.294590	-52.761400	25.000000
8.152749	2.155805	1.454379	8.077648	2.132151	1.465307	-4.294590	-52.139200	25.000000
8.152749	2.155805	1.454379	8.161133	2.125731	1.468259	-4.294590	-51.041500	25.000000
8.152749	2.155805	1.454379	8.083817	2.088419	1.486709	-4.294590	-50.419400	25.000000
8.152749	2.155805	1.454379	8.189969	2.109266	1.476789	-4.294590	-49.321700	25.000000
8.152749	2.155805	1.454379	8.331266	1.991170	1.531343	-4.294590	-48.699500	25.000000
8.152749	2.155805	1.454379	8.019451	2.050344	1.506098	-4.294590	-47.601800	25.000000
8.152749	2.155805	1.454379	7.741040	1.820108	1.592126	-4.294590	-46.979600	25.000000
8.152749	2.155805	1.454379	8.574689	1.532301	1.697178	-4.294590	-45.881900	25.000000
8.152749	2.155805	1.454379	8.003347	1.685122	1.684231	-4.294590	-45.259700	25.000000
8.152749	2.155805	1.454379	8.356929	1.412664	1.763439	-4.294590	-44.162000	25.000000
8.152749	2.155805	1.454379	10.240747	2.126222	1.306863	-4.294590	-43.539800	25.000000
8.152749	2.155805	1.454379	5.210336	2.695299	0.671963	-4.294590	-42.442100	25.000000
8.151921	2.155872	1.454362	7.565507	2.036899	0.861849	-4.294590	-41.819900	25.000000
8.152749	2.155805	1.454379	8.329880	1.991244	5.345633	-4.294590	-40.722300	25.000000
8.152749	2.155805	1.454379	9.680728	1.166290	5.467590	-4.294590	-40.100100	25.000000
8.152749	2.155805	1.454379	5.285376	1.906263	1.022817	-4.294590	-39.002400	25.000000
8.152749	2.155805	1.454379	9.811060	0.599534	6.169137	-4.294590	-38.380200	25.000000
8.152749	2.155805	1.454379	6.116339	0.857955	5.676000	-4.294590	-37.282500	25.000000
8.152749	2.155805	1.454379	8.207685	0.500742	0.477268	-4.294590	-36.660300	25.000000
8.152749	2.155805	1.454379	8.193900	0.348976	0.035699	-4.294590	-35.562600	25.000000
8.152749	2.155805	1.454379	8.887947	0.566398	1.174715	-4.294590	-34.940400	25.000000
8.152749	2.155805	1.454379	7.310274	0.583677	1.317389	-4.294590	-33.842700	25.000000
8.151921	2.155872	1.454362	8.514699	0.986051	1.572205	-4.294590	-33.220500	25.000000
8.151921	2.155872	1.454362	7.806337	1.120154	1.761215	-4.294590	-32.122800	25.000000
8.152749	2.155805	1.454379	8.315792	0.848123	1.680037	-4.294590	-31.500700	25.000000
8.152749	2.155805	1.454379	8.033984	0.976265	1.787347	-4.294590	-30.403000	25.000000
8.152749	2.155805	1.454379	6.225560	1.409469	1.450075	-4.294590	-29.780800	25.000000
8.152749	2.155805	1.454379	9.751082	1.125504	1.563978	-4.294590	-28.683100	25.000000
8.152749	2.155805	1.454379	7.374036	1.748017	1.443707	-4.294590	-28.060900	25.000000
8.152749	2.155805	1.454379	8.676981	2.662482	1.570796	-4.294590	-26.963200	25.000000
8.152749	2.155805	1.454379	7.809600	2.602001	1.491960	-4.294590	-26.341000	25.000000
8.152749	2.155805	1.454379	8.488417	2.540385	1.546843	-4.294590	-25.243300	25.000000
8.152749	2.155805	1.454379	7.892965	2.290038	1.457721	-4.294590	-24.621200	25.000000
8.152749	2.155805	1.454379	8.375446	2.303149	1.475921	-4.294590	-23.523500	25.000000
8.152749	2.155805	1.454379	8.173592	2.213662	1.457438	-4.294590	-22.901300	25.000000
8.152749	2.155805	1.454379	8.014543	2.228610	1.455438	-4.294590	-21.803600	25.000000
8.152749	2.155805	1.454379	8.138974	2.186421	1.454655	-4.294590	-21.181400	25.000000
8.152749	2.155805	1.454379	8.276932	2.189433	1.457846	-4.294590	-20.083700	25.000000
8.152749	2.155805	1.454379	8.134962	2.142274	1.459494	-3.434650	-54.481300	25.000000
8.152749	2.155805	1.454379	8.134033	2.142347	1.460946	-3.434650	-53.859100	25.000000
8.152749	2.155805	1.454379	8.133117	2.142420	1.462399	-3.434650	-52.761400	25.000000
8.152749	2.155805	1.454379	8.130443	2.142631	1.466762	-3.434650	-52.139200	25.000000
8.152749	2.155805	1.454379	8.131322	2.142562	1.465307	-3.434650	-51.041500	25.000000
8.152749	2.155805	1.454379	8.184626	2.109656	1.486709	-3.434650	-50.419400	25.000000
8.152749	2.155805	1.454379	8.157751	2.125988	1.473998	-3.434650	-49.321700	25.000000
8.152749	2.155805	1.454379	8.165807	2.082711	1.497687	-3.434650	-48.699500	25.000000
8.152749	2.155805	1.454379	8.101383	2.045092	1.526381	-3.434650	-47.601800	25.000000
8.152749	2.155805	1.454379	8.919002	1.877170	1.600200	-3.434650	-46.979600	25.000000
8.152749	2.155805	1.454379	7.370753	1.885285	1.622180	-3.434650	-45.881900	25.000000
8.152749	2.155805	1.454379	8.440166	1.502023	1.847465	-3.434650	-45.259700	25.000000
8.152749	2.155805	1.454379	7.850834	1.481515	1.808331	-3.434650	-44.162000	25.000000
8.152749	2.155805	1.454379	9.634189	2.116459	1.478377	-3.434650	-43.539800	25.000000
8.152749	2.155805	1.454379	6.367299	2.448944	1.284051	-3.434650	-42.442100	25.000000
8.151921	2.155872	1.454362	5.001000	2.531921	6.072092	-3.434650	-41.819900	25.000000
8.152749	2.155805	1.454379	10.292716	2.157705	0.727611	-3.434650	-40.722300	25.000000
8.152749	2.155805	1.454379	10.357315	1.594936	0.102456	-3.434650	-40.100100	25.000000
8.152749	2.155805	1.454379	5.014753	2.083520	5.929878	-3.434650	-39.002400	25.000000
8.152749	2.155805	1.454379	6.042814	1.404546	6.141763	-3.434650	-38.380200	25.000000
8.152749	2.155805	1.454379	9.764860	1.056918	6.253782	-3.434650	-37.282500	25.000000
8.152749	2.155805	1.454379	8.031588	0.882797	0.257488	-3.434650	-36.660300	25.000000
8.152749	2.155805	1.454379	8.156813	0.628110	6.085790	-3.434650	-35.562600	25.000000
8.152749	2.155805	1.454379	8.873556	0.563842	0.830144	-3.434650	-34.940400	25.000000
8.152749	2.155805	1.454379	7.382412	0.521796	0.746956	-3.434650	-33.842700	25.000000
8.151921	2.155872	1.454362	7.964854	0.955088	1.596944	-3.434650	-33.220500	25.000000
8.151921	2.155872	1.454362	8.281117	0.777793	1.375088	-3.434650	-32.122800	25.000000
8.152749	2.155805	1.454379	7.877256	0.993363	1.575948	-3.434650	-31.500700	25.000000
8.152749	2.155805	1.454379	8.472581	1.038493	1.580111	-3.434650	-30.403000	25.000000
8.152749	2.155805	1.454379	9.518767	1.359645	1.531032	-3.434650	-29.780800	25.000000
8.152749	2.155805	1.454379	6.513580	1.854782	1.440887	-3.434650	-28.683100	25.000000
8.152749	2.155805	1.454379	9.980512	2.467900	1.663274	-3.434650	-28.060900	25.000000
8.152749	2.155805	1.454379	5.790286	2.357575	1.362129	-3.434650	-26.963200	25.000000
8.152749	2.155805	1.454379	7.824542	2.528616	1.545024	-3.434650	-26.341000	25.000000
8.152749	2.155805	1.454379	8.450445	2.448369	1.570056	-3.434650	-25.243300	25.000000
8.152749	2.155805	1.454379	8.327815	2.260646	1.485069	-3.434650	-24.621200	25.000000
8.152749	2.155805	1.454379	7.951409	2.300366	1.474485	-3.434650	-23.523500	25.000000
8.152749	2.155805	1.454379	8.249006	2.206832	1.466629	-3.434650	-22.901300	25.000000
8.152749	2.155805	1.454379	8.112238	2.203961	1.460477	-3.434650	-21.803600	25.000000
8.152749	2.155805	1.454379	8.218424	2.179599	1.459320	-3.434650	-21.181400	25.000000
8.152749	2.155805	1.454379	8.080693	2.176400	1.456150	-3.434650	-20.083700	25.000000
8.152749	2.155805	1.454379	8.136854	2.142124	1.456590	-2.574710	-56.201200	25.000000
8.152749	2.155805	1.454379	8.134033	2.142347	1.460946	-2.574710	-53.859100	25.000000
8.152749	2.155805	1.454379	8.134033	2.142347	1.460946	-2.574710	-52.761400	25.000000
8.152749	2.155805	1.454379	8.132214	2.142491	1.463853	-2.574710	-52.139200	25.000000
8.152749	2.155805	1.454379	8.130443	2.142631	1.466762	-2.574710	-51.041500	25.000000
8.152749	2.155805	1.454379	8.158578	2.125925	1.472563	-2.574710	-50.419400	25.000000
8.152749	2.155805	1.454379	8.153797	2.126289	1.481182	-2.574710	-49.321700	25.000000
8.152749	2.155805	1.454379	8.024643	2.078307	1.509445	-2.574710	-48.699500	25.000000
8.152749	2.155805	1.454379	8.303108	2.087240	1.495936	-2.574710	-47.601800	25.000000
8.152749	2.155805	1.454379	8.469941	1.971008	1.583552	-2.574710	-46.979600	25.000000
8.152749	2.155805	1.454379	7.826814	2.034407	1.557226	-2.574710	-45.881900	25.000000
8.152749	2.155805	1.454379	6.982664	1.527820	1.900706	-2.574710	-45.259700	25.000000
8.152749	2.155805	1.454379	9.134276	1.719135	1.743224	-2.574710	-44.162000	25.000000
8.152749	2.155805	1.454379	9.298301	2.272185	1.601772	-2.574710	-43.539800	25.000000
8.152749	2.155805	1.454379	6.817214	1.853243	1.783170	-2.574710	-42.442100	25.000000
8.151921	2.155872	1.454362	3.348403	2.508759	2.334769	-2.574710	-41.819900	25.000000
8.152749	2.155805	1.454379	10.944519	2.569193	0.231477	-2.574710	-40.722300	25.000000
8.152749	2.155805	1.454379	8.179053	1.992793	4.860351	-2.574710	-40.100100	25.000000
8.152749	2.155805	1.454379	7.482974	1.704834	0.502252	-2.574710	-39.002400	25.000000
8.152749	2.155805	1.454379	8.121410	1.542472	5.064528	-2.574710	-38.380200	25.000000
8.152749	2.155805	1.454379	7.732580	1.030132	0.439361	-2.574710	-37.282500	25.000000
8.152749	2.155805	1.454379	9.478523	0.622604	6.068049	-2.574710	-36.660300	25.000000
8.152749	2.155805	1.454379	6.501300	0.806306	5.928406	-2.574710	-35.562600	25.000000
8.152749	2.155805	1.454379	8.424963	0.631530	0.526627	-2.574710	-34.940400	25.000000
8.152749	2.155805	1.454379	7.867020	0.683466	0.699893	-2.574710	-33.842700	25.000000
8.151921	2.155872	1.454362	7.354590	0.995745	1.099902	-2.574710	-33.220500	25.000000
8.151921	2.155872	1.454362	8.892131	1.040180	1.183026	-2.574710	-32.122800	25.000000
8.152749	2.155805	1.454379	7.465527	1.200746	1.247683	-2.574710	-31.500700	25.000000
8.152749	2.155805	1.454379	8.865828	1.249476	1.297559	-2.574710	-30.403000	25.000000
8.152749	2.155805	1.454379	4.717256	1.854407	1.457945	-2.574710	-29.780800	25.000000
8.152749	2.155805	1.454379	10.508230	1.912376	1.555646	-2.574710	-28.683100	25.000000
8.152749	2.155805	1.454379	8.029078	2.580965	1.853279	-2.574710	-28.060900	25.000000
8.152749	2.155805	1.454379	8.286036	2.599951	1.754419	-2.574710	-26.963200	25.000000
8.152749	2.155805	1.454379	8.233259	2.442131	1.586078	-2.574710	-26.341000	25.000000
8.152749	2.155805	1.454379	8.134984	2.347143	1.533056	-2.574710	-25.243300	25.000000
8.152749	2.155805	1.454379	8.044899	2.257436	1.487121	-2.574710	-24.621200	25.000000
8.152749	2.155805	1.454379	8.202658	2.241771	1.483519	-2.574710	-23.523500	25.000000
8.152749	2.155805	1.454379	8.110487	2.204119	1.463517	-2.574710	-22.901300	25.000000
8.152749	2.155805	1.454379	8.188339	2.197156	1.469628	-2.574710	-21.803600	25.000000
8.152749	2.155805	1.454379	8.137106	2.186583	1.457645	-2.574710	-21.181400	25.000000
8.152749	2.155805	1.454379	8.216623	2.179752	1.462269	-2.574710	-20.083700	25.000000
8.152749	2.155805	1.454379	8.131322	2.142562	1.465307	-1.714770	-51.041500	25.000000
8.152749	2.155805	1.454379	8.213404	2.136144	1.469693	-1.714770	-50.419400	25.000000
8.152749	2.155805	1.454379	8.072521	2.132550	1.474041	-1.714770	-49.321700	25.000000
8.152749	2.155805	1.454379	8.153042	2.126346	1.482620	-1.714770	-48.699500	25.000000
8.152749	2.155805	1.454379	8.093207	2.116423	1.498459	-1.714770	-47.601800	25.000000
8.152749	2.155805	1.454379	8.282657	2.061066	1.526989	-1.714770	-46.979600	25.000000
8.152749	2.155805	1.454379	7.966957	2.068000	1.545088	-1.714770	-45.881900	25.000000
8.152749	2.155805	1.454379	8.394617	1.885697	1.714111	-1.714770	-45.259700	25.000000
8.152749	2.155805	1.454379	7.925907	2.000230	1.612439	-1.714770	-44.162000	25.000000
8.152749	2.155805	1.454379	8.232740	1.697460	1.871636	-1.714770	-43.539800	25.000000
8.152749	2.155805	1.454379	8.180764	1.767646	1.896883	-1.714770	-42.442100	25.000000
8.151921	2.155872	1.454362	8.909343	2.511784	0.680098	-1.714770	-41.819900	25.000000
8.152749	2.155805	1.454379	7.282060	2.135970	1.697975	-1.714770	-40.722300	25.000000
8.152749	2.155805	1.454379	8.132134	1.975233	5.643965	-1.714770	-40.100100	25.000000
8.152749	2.155805	1.454379	7.828563	2.107085	1.075245	-1.714770	-39.002400	25.000000
8.152749	2.155805	1.454379	5.832298	1.750072	5.459581	-1.714770	-38.380200	25.000000
8.152749	2.155805	1.454379	9.833438	1.314791	0.257217	-1.714770	-37.282500	25.000000
8.152749	2.155805	1.454379	8.870716	0.971995	0.186689	-1.714770	-36.660300	25.000000
8.152749	2.155805	1.454379	7.478643	1.006459	0.077622	-1.714770	-35.562600	25.000000
8.152749	2.155805	1.454379	7.181226	1.077585	0.684617	-1.714770	-34.940400	25.000000
8.152749	2.155805	1.454379	8.981091	1.146174	0.897964	-1.714770	-33.842700	25.000000
8.151921	2.155872	1.454362	8.165323	1.404700	1.079378	-1.714770	-33.220500	25.000000
8.151921	2.155872	1.454362	8.126524	1.444949	1.051650	-1.714770	-32.122800	25.000000
8.152749	2.155805	1.454379	6.996456	1.496404	1.094329	-1.714770	-31.500700	25.000000
8.152749	2.155805	1.454379	9.131813	1.516015	1.200473	-1.714770	-30.403000	25.000000
8.152749	2.155805	1.454379	5.227514	1.881861	1.395077	-1.714770	-29.780800	25.000000
8.152749	2.155805	1.454379	10.227903	2.379671	1.843259	-1.714770	-28.683100	25.000000
8.152749	2.155805	1.454379	7.905972	2.514121	1.704772	-1.714770	-28.060900	25.000000
8.152749	2.155805	1.454379	8.459338	2.545415	1.896542	-1.714770	-26.963200	25.000000
8.152749	2.155805	1.454379	8.062419	2.338633	1.562003	-1.714770	-26.341000	25.000000
8.152749	2.155805	1.454379	8.162034	2.277523	1.522769	-1.714770	-25.243300	25.000000
8.152749	2.155805	1.454379	8.217080	2.224951	1.490966	-1.714770	-24.621200	25.000000
8.152749	2.155805	1.454379	8.000850	2.229933	1.482140	-1.714770	-23.523500	25.000000
8.152749	2.155805	1.454379	8.129305	2.187262	1.471128	-1.714770	-22.901300	25.000000
8.152749	2.155805	1.454379	8.133517	2.186895	1.463633	-1.714770	-21.803600	25.000000
8.152749	2.155805	1.454379	8.135287	2.186741	1.460638	-1.714770	-21.181400	25.000000
8.152749	2.155805	1.454379	8.218424	2.179599	1.459320	-1.714770	-20.083700	25.000000
8.152749	2.155805	1.454379	8.132214	2.142491	1.463853	-0.854825	-52.139200	25.000000
8.152749	2.155805	1.454379	8.134033	2.142347	1.460946	-0.854825	-51.041500	25.000000
8.152749	2.155805	1.454379	8.128721	2.142768	1.469672	-0.854825	-50.419400	25.000000
8.152749	2.155805	1.454379	8.213404	2.136144	1.469693	-0.854825	-49.321700	25.000000
8.152749	2.155805	1.454379	8.151570	2.126458	1.485497	-0.854825	-48.699500	25.000000
8.152749	2.155805	1.454379	8.209294	2.136462	1.476871	-0.854825	-47.601800	25.000000
8.152749	2.155805	1.454379	8.231045	2.120474	1.498068	-0.854825	-46.979600	25.000000
8.152749	2.155805	1.454379	8.170832	2.110665	1.520838	-0.854825	-45.881900	25.000000
8.152749	2.155805	1.454379	7.877183	2.074196	1.570202	-0.854825	-45.259700	25.000000
8.152749	2.155805	1.454379	8.365110	2.055812	1.580418	-0.854825	-44.162000	25.000000
8.152749	2.155805	1.454379	7.352340	1.946826	1.772494	-0.854825	-43.539800	25.000000
8.152749	2.155805	1.454379	8.914084	1.902155	1.746087	-0.854825	-42.442100	25.000000
8.151921	2.155872	1.454362	7.381734	1.864924	1.935531	-0.854825	-41.819900	25.000000
8.152749	2.155805	1.454379	8.786063	1.883156	1.865690	-0.854825	-40.722300	25.000000
8.152749	2.155805	1.454379	6.520498	2.353879	0.965389	-0.854825	-40.100100	25.000000
8.152749	2.155805	1.454379	9.553476	2.121597	1.280516	-0.854825	-39.002400	25.000000
8.152749	2.155805	1.454379	9.282241	1.945816	0.736257	-0.854825	-38.380200	25.000000
8.152749	2.155805	1.454379	6.946222	1.954443	0.484478	-0.854825	-37.282500	25.000000
8.152749	2.155805	1.454379	8.724242	1.648819	0.793528	-0.854825	-36.660300	25.000000
8.152749	2.155805	1.454379	7.500107	1.709909	0.756835	-0.854825	-35.562600	25.000000
8.152749	2.155805	1.454379	7.884009	1.731302	1.089909	-0.854825	-34.940400	25.000000
8.152749	2.155805	1.454379	8.372240	1.826801	1.217806	-0.854825	-33.842700	25.000000
8.151921	2.155872	1.454362	8.521156	1.748943	1.032422	-0.854825	-33.220500	25.000000
8.151921	2.155872	1.454362	7.736802	1.777782	0.982794	-0.854825	-32.122800	25.000000
8.152749	2.155805	1.454379	8.598610	1.757964	1.118795	-0.854825	-31.500700	25.000000
8.152749	2.155805	1.454379	7.661593	2.198571	1.554669	-0.854825	-30.403000	25.000000
8.152749	2.155805	1.454379	8.312737	2.449485	1.849614	-0.854825	-29.780800	25.000000
8.152749	2.155805	1.454379	7.909842	2.412691	1.891346	-0.854825	-28.683100	25.000000
8.152749	2.155805	1.454379	8.450592	2.377258	1.699393	-0.854825	-28.060900	25.000000
8.152749	2.155805	1.454379	7.920505	2.356080	1.592222	-0.854825	-26.963200	25.000000
8.152749	2.155805	1.454379	8.235290	2.269952	1.539061	-0.854825	-26.341000	25.000000
8.152749	2.155805	1.454379	8.039055	2.258032	1.503158	-0.854825	-25.243300	25.000000
8.152749	2.155805	1.454379	8.237815	2.207835	1.489160	-0.854825	-24.621200	25.000000
8.152749	2.155805	1.454379	8.103215	2.204778	1.477224	-0.854825	-23.523500	25.000000
8.152749	2.155805	1.454379	8.214012	2.179974	1.466696	-0.854825	-22.901300	25.000000
8.152749	2.155805	1.454379	8.130123	2.187191	1.469628	-0.854825	-21.803600	25.000000
8.152749	2.155805	1.454379	8.160735	2.169624	1.460794	-0.854825	-21.181400	25.000000
8.152749	2.155805	1.454379	8.159835	2.169700	1.462269	-0.854825	-20.083700	25.000000
8.152749	2.155805	1.454379	8.134962	2.142274	1.459494	0.005115	-53.859100	25.000000
8.152749	2.155805	1.454379	8.131322	2.142562	1.465307	0.005115	-49.321700	25.000000
8.152749	2.155805	1.454379	8.210901	2.136338	1.473998	0.005115	-48.699500	25.000000
8.152749	2.155805	1.454379	8.126229	2.142965	1.474041	0.005115	-47.601800	25.000000
8.152749	2.155805	1.454379	8.148773	2.126671	1.491254	0.005115	-46.979600	25.000000
8.152749	2.155805	1.454379	8.119415	2.143506	1.487168	0.005115	-45.881900	25.000000
8.152749	2.155805	1.454379	8.258456	2.104319	1.515922	0.005115	-45.259700	25.000000
8.152749	2.155805	1.454379	7.944659	2.113053	1.532580	0.005115	-44.162000	25.000000
8.152749	2.155805	1.454379	8.149322	2.083848	1.565444	0.005115	-43.539800	25.000000
8.152749	2.155805	1.454379	8.064690	2.061436	1.631987	0.005115	-42.442100	25.000000
8.151921	2.155872	1.454362	8.509430	2.020626	1.699036	0.005115	-41.819900	25.000000
8.152749	2.155805	1.454379	7.844514	1.990980	1.842192	0.005115	-40.722300	25.000000
8.152749	2.155805	1.454379	8.095060	1.897775	2.104505	0.005115	-40.100100	25.000000
8.152749	2.155805	1.454379	8.218272	1.931435	1.929567	0.005115	-39.002400	25.000000
8.152749	2.155805	1.454379	8.162108	2.055070	1.953873	0.005115	-38.380200	25.000000
8.152749	2.155805	1.454379	8.248636	1.969195	2.034444	0.005115	-37.282500	25.000000
8.152749	2.155805	1.454379	7.646856	2.183889	1.793281	0.005115	-36.660300	25.000000
8.152749	2.155805	1.454379	8.644906	2.104784	1.826205	0.005115	-35.562600	25.000000
8.152749	2.155805	1.454379	8.475429	2.201782	1.458041	0.005115	-34.940400	25.000000
8.152749	2.155805	1.454379	7.826628	2.247297	1.539659	0.005115	-33.842700	25.000000
8.151921	2.155872	1.454362	8.154318	2.230866	1.457225	0.005115	-33.220500	25.000000
8.151921	2.155872	1.454362	8.084553	2.302234	1.839964	0.005115	-32.122800	25.000000
8.152749	2.155805	1.454379	8.061396	2.373847	1.996093	0.005115	-31.500700	25.000000
8.152749	2.155805	1.454379	8.391162	2.367475	1.925976	0.005115	-30.403000	25.000000
8.152749	2.155805	1.454379	8.235290	2.352213	1.795031	0.005115	-29.780800	25.000000
8.152749	2.155805	1.454379	8.010019	2.327654	1.660212	0.005115	-28.683100	25.000000
8.152749	2.155805	1.454379	8.233887	2.270095	1.591428	0.005115	-28.060900	25.000000
8.152749	2.155805	1.454379	8.108512	2.251022	1.536048	0.005115	-26.963200	25.000000
8.152749	2.155805	1.454379	8.074676	2.222869	1.495936	0.005115	-26.341000	25.000000
8.152749	2.155805	1.454379	8.149847	2.215846	1.509335	0.005115	-25.243300	25.000000
8.152749	2.155805	1.454379	8.123921	2.187732	1.481639	0.005115	-24.621200	25.000000
8.152749	2.155805	1.454379	8.128499	2.187332	1.472628	0.005115	-23.523500	25.000000
8.152749	2.155805	1.454379	8.156353	2.169991	1.468173	0.005115	-22.901300	25.000000
8.152749	2.155805	1.454379	8.076144	2.176790	1.463633	0.005115	-21.803600	25.000000
8.152749	2.155805	1.454379	8.078837	2.176559	1.459141	0.005115	-21.181400	25.000000
8.152749	2.155805	1.454379	8.160735	2.169624	1.460794	0.005115	-20.083700	25.000000
8.152750	2.155805	1.454378	8.134033	2.142347	1.460946	0.865055	-52.139200	25.000000
8.152750	2.155805	1.454378	8.128721	2.142768	1.469672	0.865055	-47.601800	25.000000
8.152750	2.155805	1.454378	8.206973	2.136642	1.481182	0.865055	-46.979600	25.000000
8.152750	2.155805	1.454378	8.126229	2.142965	1.474041	0.865055	-45.881900	25.000000
8.152750	2.155805	1.454378	8.202658	2.136976	1.489814	0.865055	-45.259700	25.000000
8.152750	2.155805	1.454378	8.113008	2.144015	1.501788	0.865055	-44.162000	25.000000
8.152750	2.155805	1.454378	8.277204	2.131262	1.515140	0.865055	-43.539800	25.000000
8.152750	2.155805	1.454378	8.080476	2.117380	1.540371	0.865055	-42.442100	25.000000
8.151922	2.155872	1.454361	7.994262	2.123954	1.595497	0.865055	-41.819900	25.000000
8.152750	2.155805	1.454378	8.335588	2.098862	1.577046	0.865055	-40.722300	25.000000
8.152750	2.155805	1.454378	8.180006	2.095807	1.719686	0.865055	-40.100100	25.000000
8.152750	2.155805	1.454378	8.179248	2.110049	1.643525	0.865055	-39.002400	25.000000
8.152750	2.155805	1.454378	8.183544	2.095556	1.854139	0.865055	-38.380200	25.000000
8.152750	2.155805	1.454378	7.971800	2.111003	1.771060	0.865055	-37.282500	25.000000
8.152750	2.155805	1.454378	8.192222	2.123380	1.899349	0.865055	-36.660300	25.000000
8.152750	2.155805	1.454378	8.117487	2.158389	1.940308	0.865055	-35.562600	25.000000
8.152750	2.155805	1.454378	8.159755	2.184620	1.948519	0.865055	-34.940400	25.000000
8.152750	2.155805	1.454378	8.184553	2.212659	1.901712	0.865055	-33.842700	25.000000
8.151922	2.155872	1.454361	7.991646	2.279275	1.806982	0.865055	-33.220500	25.000000
8.151922	2.155872	1.454361	8.425728	2.235921	1.834799	0.865055	-32.122800	25.000000
8.152750	2.155805	1.454378	8.354286	2.242646	1.679596	0.865055	-31.500700	25.000000
8.152750	2.155805	1.454378	7.969699	2.281637	1.685293	0.865055	-30.403000	25.000000
8.152750	2.155805	1.454378	8.281492	2.219001	1.593823	0.865055	-29.780800	25.000000
8.152750	2.155805	1.454378	8.043248	2.241630	1.560955	0.865055	-28.683100	25.000000
8.152750	2.155805	1.454378	8.227977	2.208721	1.516305	0.865055	-28.060900	25.000000
8.152750	2.155805	1.454378	8.066747	2.223620	1.520838	0.865055	-26.963200	25.000000
8.152750	2.155805	1.454378	8.123921	2.187732	1.481639	0.865055	-26.341000	25.000000
8.152750	2.155805	1.454378	8.117881	2.188260	1.495183	0.865055	-25.243300	25.000000
8.152750	2.155805	1.454378	8.071902	2.177154	1.471128	0.865055	-24.621200	25.000000
8.152750	2.155805	1.454378	8.209903	2.180323	1.474084	0.865055	-23.523500	25.000000
8.152750	2.155805	1.454378	8.158070	2.169847	1.465220	0.865055	-22.901300	25.000000
8.152750	2.155805	1.454378	8.158946	2.169774	1.463744	0.865055	-21.803600	25.000000
8.152750	2.155805	1.454378	8.161648	2.169548	1.459320	0.865055	-21.181400	25.000000
8.152750	2.155805	1.454378	8.161648	2.169548	1.459320	0.865055	-20.083700	25.000000
8.152749	2.155805	1.454379	8.135902	2.142199	1.458041	1.725000	-51.041500	25.000000
8.152749	2.155805	1.454379	8.132214	2.142491	1.463853	1.725000	-48.699500	25.000000
8.152749	2.155805	1.454379	8.129576	2.142700	1.468216	1.725000	-46.979600	25.000000
8.152749	2.155805	1.454379	8.127878	2.142834	1.471128	1.725000	-45.881900	25.000000
8.152749	2.155805	1.454379	8.125423	2.143029	1.475498	1.725000	-45.259700	25.000000
8.152749	2.155805	1.454379	8.122321	2.143275	1.481330	1.725000	-44.162000	25.000000
8.152749	2.155805	1.454379	8.115424	2.143823	1.495936	1.725000	-43.539800	25.000000
8.152749	2.155805	1.454379	8.201317	2.137080	1.492695	1.725000	-42.442100	25.000000
8.151921	2.155872	1.454362	8.194291	2.137625	1.510002	1.725000	-41.819900	25.000000
8.152749	2.155805	1.454379	8.189389	2.138006	1.525899	1.725000	-40.722300	25.000000
8.152749	2.155805	1.454379	8.186723	2.138213	1.537620	1.725000	-40.100100	25.000000
8.152749	2.155805	1.454379	8.099712	2.145075	1.560061	1.725000	-39.002400	25.000000
8.152749	2.155805	1.454379	8.237889	2.148685	1.578477	1.725000	-38.380200	25.000000
8.152749	2.155805	1.454379	8.071966	2.162150	1.590048	1.725000	-37.282500	25.000000
8.152749	2.155805	1.454379	8.158810	2.155019	1.611362	1.725000	-36.660300	25.000000
8.152749	2.155805	1.454379	8.074931	2.161903	1.608689	1.725000	-35.562600	25.000000
8.152749	2.155805	1.454379	8.187649	2.182222	1.606602	1.725000	-34.940400	25.000000
8.152749	2.155805	1.454379	8.190000	2.182021	1.617032	1.725000	-33.842700	25.000000
8.151921	2.155872	1.454362	8.161006	2.199582	1.577614	1.725000	-33.220500	25.000000
8.151921	2.155872	1.454362	8.163025	2.199402	1.599122	1.725000	-32.122800	25.000000
8.152749	2.155805	1.454379	8.242170	2.192439	1.562140	1.725000	-31.500700	25.000000
8.152749	2.155805	1.454379	8.023472	2.196640	1.541574	1.725000	-30.403000	25.000000
8.152749	2.155805	1.454379	8.113347	2.188657	1.507246	1.725000	-29.780800	25.000000
8.152749	2.155805	1.454379	8.166033	2.199134	1.526885	1.725000	-28.683100	25.000000
8.152749	2.155805	1.454379	8.145035	2.170940	1.490373	1.725000	-28.060900	25.000000
8.152749	2.155805	1.454379	8.117881	2.188260	1.495183	1.725000	-26.963200	25.000000
8.152749	2.155805	1.454379	8.071090	2.177224	1.472628	1.725000	-26.341000	25.000000
8.152749	2.155805	1.454379	8.148503	2.170649	1.482963	1.725000	-25.243300	25.000000
8.152749	2.155805	1.454379	8.156353	2.169991	1.468173	1.725000	-24.621200	25.000000
8.152749	2.155805	1.454379	8.156353	2.169991	1.468173	1.725000	-23.523500	25.000000
8.152749	2.155805	1.454379	8.158946	2.169774	1.463744	1.725000	-21.803600	25.000000
8.152749	2.155805	1.454379	8.160735	2.169624	1.460794	1.725000	-21.181400	25.000000
8.152749	2.155805	1.454379	8.161648	2.169548	1.459320	1.725000	-20.083700	25.000000
8.152749	2.155805	1.454379	8.134962	2.142274	1.459494	2.584940	-50.419400	25.000000
8.152749	2.155805	1.454379	8.134962	2.142274	1.459494	2.584940	-49.321700	25.000000
8.152749	2.155805	1.454379	8.133117	2.142420	1.462399	2.584940	-46.979600	25.000000
8.152749	2.155805	1.454379	8.127878	2.142834	1.471128	2.584940	-45.259700	25.000000
8.152749	2.155805	1.454379	8.129576	2.142700	1.468216	2.584940	-44.162000	25.000000
8.152749	2.155805	1.454379	8.179218	2.153370	1.476955	2.584940	-43.539800	25.000000
8.152749	2.155805	1.454379	8.123848	2.143154	1.478413	2.584940	-42.442100	25.000000
8.151921	2.155872	1.454362	8.120844	2.143392	1.484248	2.584940	-41.819900	25.000000
8.152749	2.155805	1.454379	8.172668	2.153898	1.490090	2.584940	-40.722300	25.000000
8.152749	2.155805	1.454379	8.250551	2.147684	1.504228	2.584940	-40.100100	25.000000
8.152749	2.155805	1.454379	8.170073	2.154108	1.495936	2.584940	-39.002400	25.000000
8.152749	2.155805	1.454379	8.163945	2.154603	1.512041	2.584940	-38.380200	25.000000
8.152749	2.155805	1.454379	8.163945	2.154603	1.512041	2.584940	-37.282500	25.000000
8.152749	2.155805	1.454379	8.216380	2.165010	1.522305	2.584940	-36.660300	25.000000
8.152749	2.155805	1.454379	8.161225	2.154823	1.520838	2.584940	-35.562600	25.000000
8.152749	2.155805	1.454379	8.077679	2.161675	1.521582	2.584940	-34.940400	25.000000
8.152749	2.155805	1.454379	8.216380	2.165010	1.522305	2.584940	-33.842700	25.000000
8.151921	2.155872	1.454362	8.053844	2.178710	1.513284	2.584940	-33.220500	25.000000
8.151921	2.155872	1.454362	8.192948	2.181769	1.514141	2.584940	-32.122800	25.000000
8.152749	2.155805	1.454379	8.140123	2.171353	1.502247	2.584940	-31.500700	25.000000
8.152749	2.155805	1.454379	8.114407	2.188564	1.504228	2.584940	-30.403000	25.000000
8.152749	2.155805	1.454379	8.201274	2.181058	1.491856	2.584940	-29.780800	25.000000
8.152749	2.155805	1.454379	8.203268	2.180888	1.487408	2.584940	-28.683100	25.000000
8.152749	2.155805	1.454379	8.151497	2.170398	1.477042	2.584940	-28.060900	25.000000
8.152749	2.155805	1.454379	8.149233	2.170588	1.481482	2.584940	-26.963200	25.000000
8.152749	2.155805	1.454379	8.153870	2.170199	1.472606	2.584940	-26.341000	25.000000
8.152749	2.155805	1.454379	8.156353	2.169991	1.468173	2.584940	-25.243300	25.000000
8.152749	2.155805	1.454379	8.242142	2.162899	1.463853	2.584940	-24.621200	25.000000
8.152749	2.155805	1.454379	8.158070	2.169847	1.465220	2.584940	-23.523500	25.000000
8.152749	2.155805	1.454379	8.161648	2.169548	1.459320	2.584940	-21.803600	25.000000
8.152749	2.155805	1.454379	8.184992	2.152905	1.466762	3.444880	-43.539800	25.000000
8.152749	2.155805	1.454379	8.100377	2.159796	1.468173	3.444880	-42.442100	25.000000
8.151921	2.155872	1.454362	8.180807	2.153242	1.474041	3.444880	-41.819900	25.000000
8.152749	2.155805	1.454379	8.098697	2.159935	1.471128	3.444880	-40.722300	25.000000
8.152749	2.155805	1.454379	8.094714	2.160264	1.478522	3.444880	-40.100100	25.000000
8.152749	2.155805	1.454379	8.124629	2.143092	1.476955	3.444880	-39.002400	25.000000
8.152749	2.155805	1.454379	8.175457	2.153673	1.484248	3.444880	-38.380200	25.000000
8.152749	2.155805	1.454379	8.093207	2.160388	1.481482	3.444880	-37.282500	25.000000
8.152749	2.155805	1.454379	8.091038	2.160568	1.485926	3.444880	-36.660300	25.000000
8.152749	2.155805	1.454379	8.146386	2.170827	1.487408	3.444880	-35.562600	25.000000
8.152749	2.155805	1.454379	8.146386	2.170827	1.487408	3.444880	-34.940400	25.000000
8.152749	2.155805	1.454379	8.228827	2.163988	1.488629	3.444880	-33.842700	25.000000
8.151921	2.155872	1.454362	8.228827	2.163988	1.488629	3.444880	-33.220500	25.000000
8.151921	2.155872	1.454362	8.147785	2.170709	1.484444	3.444880	-32.122800	25.000000
8.152749	2.155805	1.454379	8.176925	2.153555	1.481330	3.444880	-31.500700	25.000000
8.152749	2.155805	1.454379	8.149233	2.170588	1.481482	3.444880	-30.403000	25.000000
8.152749	2.155805	1.454379	8.097876	2.160003	1.472606	3.444880	-29.780800	25.000000
8.152749	2.155805	1.454379	8.233887	2.163574	1.478413	3.444880	-28.683100	25.000000
8.152749	2.155805	1.454379	8.156353	2.169991	1.468173	3.444880	-28.060900	25.000000
8.152749	2.155805	1.454379	8.099531	2.159866	1.469650	3.444880	-26.963200	25.000000
8.152749	2.155805	1.454379	8.101234	2.159725	1.466696	3.444880	-26.341000	25.000000
8.152749	2.155805	1.454379	8.158946	2.169774	1.463744	3.444880	-25.243300	25.000000
8.152749	2.155805	1.454379	8.134962	2.142274	1.459494	4.304820	-46.979600	25.000000
8.152749	2.155805	1.454379	8.101234	2.159725	1.466696	4.304820	-40.100100	25.000000
8.152749	2.155805	1.454379	8.184131	2.152974	1.468216	4.304820	-39.002400	25.000000
8.152749	2.155805	1.454379	8.182445	2.153110	1.471128	4.304820	-38.380200	25.000000
8.152749	2.155805	1.454379	8.099531	2.159866	1.469650	4.304820	-37.282500	25.000000
8.152749	2.155805	1.454379	8.097876	2.160003	1.472606	4.304820	-36.660300	25.000000
8.152749	2.155805	1.454379	8.098697	2.159935	1.471128	4.304820	-35.562600	25.000000
8.152749	2.155805	1.454379	8.098697	2.159935	1.471128	4.304820	-34.940400	25.000000
8.152749	2.155805	1.454379	8.236237	2.163382	1.474041	4.304820	-33.842700	25.000000
8.151921	2.155872	1.454362	8.181620	2.153177	1.472584	4.304820	-33.220500	25.000000
8.151921	2.155872	1.454362	8.237044	2.163316	1.472584	4.304820	-32.122800	25.000000
8.152749	2.155805	1.454379	8.183282	2.153043	1.469672	4.304820	-31.500700	25.000000
8.152749	2.155805	1.454379	8.099531	2.159866	1.469650	4.304820	-30.403000	25.000000
8.152749	2.155805	1.454379	8.158070	2.169847	1.465220	4.304820	-29.780800	25.000000
8.152749	2.155805	1.454379	8.184131	2.152974	1.468216	4.304820	-28.683100	25.000000
8.152749	2.155805	1.454379	8.158946	2.169774	1.463744	4.304820	-28.060900	25.000000
8.152749	2.155805	1.454379	8.162573	2.169471	1.457846	4.304820	-24.621200	25.000000
8.152749	2.155805	1.454379	8.184992	2.152905	1.466762	5.164760	-33.842700	25.000000
8.151921	2.155872	1.454362	8.184992	2.152905	1.466762	5.164760	-33.220500	25.000000
8.152749	2.155805	1.454379	8.163510	2.169392	1.456373	6.024700	-23.523500	25.000000
8.152749	2.155805	1.454379	8.136854	2.142124	1.456590	6.884640	-47.601800	25.000000
8.152749	2.155805	1.454379	8.165421	2.169233	1.453428	9.464460	-56.201200	25.000000
8.152749	2.155805	1.454379	8.165421	2.169233	1.453428	9.464460	-53.859100	25.000000
