17.181321	1.939983	0.397230	17.096491	1.923142	0.396709	-79.273700	-34.488300	25.000000
17.181321	1.939983	0.397230	17.256303	1.919739	0.405702	-79.273700	-33.390600	25.000000
17.181681	1.939975	0.397287	17.238909	1.907786	0.397628	-79.273700	-32.768500	25.000000
17.181681	1.939975	0.397287	17.185459	1.915050	0.400022	-79.273700	-31.670800	25.000000
17.181681	1.939975	0.397287	17.169741	1.903030	0.391948	-79.273700	-31.048600	25.000000
17.181681	1.939975	0.397287	17.293351	1.900565	0.395261	-79.273700	-29.950900	25.000000
17.181681	1.939975	0.397287	17.133885	1.903752	0.386240	-79.273700	-29.328700	25.000000
17.181681	1.939975	0.397287	17.098538	1.904467	0.380506	-79.273700	-28.231000	25.000000
17.181321	1.939983	0.397230	17.166828	1.909257	0.386240	-79.273700	-27.608800	25.000000
17.181321	1.939983	0.397230	17.199128	1.920948	0.380506	-79.273700	-26.511100	25.000000
17.181321	1.939983	0.397230	17.181967	1.927517	0.388580	-79.273700	-25.888900	25.000000
17.181321	1.939983	0.397230	17.146720	1.928283	0.382819	-79.273700	-24.791200	25.000000
17.181321	1.939983	0.397230	17.217143	1.932960	0.388580	-79.273700	-23.071300	25.000000
17.181321	1.939983	0.397230	17.204651	1.927026	0.408149	-78.413700	-35.110500	25.000000
17.181321	1.939983	0.397230	17.293640	1.918953	0.411354	-78.413700	-34.488300	25.000000
17.181321	1.939983	0.397230	17.098830	1.916867	0.402443	-78.413700	-33.390600	25.000000
17.181681	1.939975	0.397287	17.206104	1.902301	0.397628	-78.413700	-32.768500	25.000000
17.181681	1.939975	0.397287	17.193603	1.902551	0.411354	-78.413700	-31.670800	25.000000
17.181681	1.939975	0.397287	17.142054	1.891269	0.397628	-78.413700	-31.048600	25.000000
17.181681	1.939975	0.397287	17.147886	1.885018	0.403281	-78.413700	-29.950900	25.000000
17.181681	1.939975	0.397287	17.157506	1.890970	0.383927	-78.413700	-29.328700	25.000000
17.181681	1.939975	0.397287	17.245579	1.889277	0.381640	-78.413700	-28.231000	25.000000
17.181321	1.939983	0.397230	17.169741	1.903030	0.391948	-78.413700	-27.608800	25.000000
17.181321	1.939983	0.397230	17.151676	1.903393	0.372488	-78.413700	-26.511100	25.000000
17.181321	1.939983	0.397230	17.234268	1.920204	0.386240	-78.413700	-25.888900	25.000000
17.181321	1.939983	0.397230	17.181967	1.927517	0.388580	-78.413700	-24.791200	25.000000
17.181681	1.939975	0.397287	17.217143	1.932960	0.388580	-78.413700	-24.169100	25.000000
17.181681	1.939975	0.397287	17.217143	1.932960	0.388580	-78.413700	-21.351500	25.000000
17.181321	1.939983	0.397230	17.170032	1.921567	0.408149	-77.553800	-34.488300	25.000000
17.181321	1.939983	0.397230	17.226433	1.908040	0.411354	-77.553800	-33.390600	25.000000
17.181681	1.939975	0.397287	17.118995	1.904053	0.400022	-77.553800	-32.768500	25.000000
17.181681	1.939975	0.397287	17.216562	1.889832	0.408908	-77.553800	-31.670800	25.000000
17.181681	1.939975	0.397287	17.167993	1.878519	0.395261	-77.553800	-31.048600	25.000000
17.181681	1.939975	0.397287	17.233688	1.865158	0.398522	-77.553800	-29.950900	25.000000
17.181681	1.939975	0.397287	17.160420	1.866453	0.387294	-77.553800	-29.328700	25.000000
17.181681	1.939975	0.397287	17.124544	1.867091	0.381640	-77.553800	-28.231000	25.000000
17.181321	1.939983	0.397230	17.079813	1.880160	0.364526	-77.553800	-27.608800	25.000000
17.181321	1.939983	0.397230	17.210462	1.889950	0.375961	-77.553800	-26.511100	25.000000
17.181321	1.939983	0.397230	17.287568	1.912934	0.383927	-77.553800	-25.888900	25.000000
17.181321	1.939983	0.397230	17.184586	1.908894	0.372488	-77.553800	-24.791200	25.000000
17.181681	1.939975	0.397287	17.111984	1.922809	0.382819	-77.553800	-24.169100	25.000000
17.181321	1.939983	0.397230	17.217143	1.932960	0.388580	-77.553800	-23.071300	25.000000
17.181321	1.939983	0.397230	17.167702	1.927827	0.402443	-76.693800	-36.208200	25.000000
17.181321	1.939983	0.397230	17.098830	1.916867	0.402443	-76.693800	-34.488300	25.000000
17.181321	1.939983	0.397230	17.173526	1.915300	0.413827	-76.693800	-33.390600	25.000000
17.181681	1.939975	0.397287	17.193022	1.878057	0.414507	-76.693800	-32.768500	25.000000
17.181681	1.939975	0.397287	17.091811	1.892244	0.405702	-76.693800	-31.670800	25.000000
17.181681	1.939975	0.397287	17.202907	1.853572	0.417610	-76.693800	-31.048600	25.000000
17.181681	1.939975	0.397287	17.048167	1.844006	0.387294	-76.693800	-29.950900	25.000000
17.181681	1.939975	0.397287	17.200291	1.835500	0.382744	-76.693800	-29.328700	25.000000
17.181681	1.939975	0.397287	17.164498	1.836066	0.377143	-76.693800	-28.231000	25.000000
17.181321	1.939983	0.397230	17.302312	1.863956	0.377143	-76.693800	-27.608800	25.000000
17.181321	1.939983	0.397230	17.170614	1.848059	0.352392	-76.693800	-26.511100	25.000000
17.181321	1.939983	0.397230	17.309246	1.900250	0.381640	-76.693800	-25.888900	25.000000
17.181321	1.939983	0.397230	17.140012	1.897462	0.358771	-76.693800	-24.791200	25.000000
17.181681	1.939975	0.397287	17.234268	1.920204	0.386240	-76.693800	-24.169100	25.000000
17.181321	1.939983	0.397230	17.199128	1.927145	0.374746	-76.693800	-23.071300	25.000000
17.181681	1.939975	0.397287	17.217143	1.932960	0.388580	-76.693800	-22.449200	25.000000
17.181681	1.939975	0.397287	17.217143	1.932960	0.388580	-76.693800	-21.351500	25.000000
17.181321	1.939983	0.397230	17.204651	1.927026	0.408149	-75.833900	-35.110500	25.000000
17.181321	1.939983	0.397230	17.107016	1.904295	0.413827	-75.833900	-34.488300	25.000000
17.181321	1.939983	0.397230	17.173526	1.915300	0.413827	-75.833900	-33.390600	25.000000
17.181681	1.939975	0.397287	17.280625	1.870386	0.431139	-75.833900	-32.768500	25.000000
17.181681	1.939975	0.397287	16.999412	1.875500	0.405702	-75.833900	-31.670800	25.000000
17.181681	1.939975	0.397287	17.095321	1.837165	0.398522	-75.833900	-31.048600	25.000000
17.181681	1.939975	0.397287	17.342722	1.803536	0.421233	-75.833900	-29.950900	25.000000
17.181681	1.939975	0.397287	17.226143	1.787273	0.383818	-75.833900	-29.328700	25.000000
17.181681	1.939975	0.397287	17.280625	1.786580	0.376106	-75.833900	-28.231000	25.000000
17.181321	1.939983	0.397230	17.034083	1.819930	0.333244	-75.833900	-27.608800	25.000000
17.181321	1.939983	0.397230	17.335224	1.809571	0.370584	-75.833900	-26.511100	25.000000
17.181321	1.939983	0.397230	17.164207	1.890840	0.350869	-75.833900	-25.888900	25.000000
17.181321	1.939983	0.397230	17.226433	1.859225	0.352392	-75.833900	-24.791200	25.000000
17.181681	1.939975	0.397287	17.096783	1.923135	0.363147	-75.833900	-24.169100	25.000000
17.181321	1.939983	0.397230	17.252536	1.913657	0.378221	-75.833900	-23.071300	25.000000
17.181681	1.939975	0.397287	17.303757	1.931064	0.386240	-75.833900	-22.449200	25.000000
17.181681	1.939975	0.397287	17.181967	1.933735	0.382819	-75.833900	-21.351500	25.000000
17.181321	1.939983	0.397230	17.118703	1.928895	0.410625	-74.974000	-35.110500	25.000000
17.181321	1.939983	0.397230	17.216852	1.908235	0.425099	-74.974000	-34.488300	25.000000
17.181321	1.939983	0.397230	17.102339	1.910585	0.408149	-74.974000	-33.390600	25.000000
17.181681	1.939975	0.397287	17.390515	1.856427	0.439524	-74.974000	-32.768500	25.000000
17.181681	1.939975	0.397287	17.007645	1.869190	0.411354	-74.974000	-31.670800	25.000000
17.181681	1.939975	0.397287	17.247319	1.751517	0.418823	-74.974000	-31.048600	25.000000
17.181681	1.939975	0.397287	17.060481	1.813493	0.423129	-74.974000	-29.950900	25.000000
17.181681	1.939975	0.397287	17.012278	1.733752	0.378294	-74.974000	-29.328700	25.000000
17.181681	1.939975	0.397287	17.299133	1.721665	0.377249	-74.974000	-28.231000	25.000000
17.181321	1.939983	0.397230	17.282940	1.774719	0.349781	-74.974000	-27.608800	25.000000
17.181321	1.939983	0.397230	17.133885	1.740870	0.325496	-74.974000	-26.511100	25.000000
17.181321	1.939983	0.397230	17.025275	1.832203	0.302522	-74.974000	-25.888900	25.000000
17.181321	1.939983	0.397230	17.267310	1.840452	0.355958	-74.974000	-24.791200	25.000000
17.181681	1.939975	0.397287	17.163624	1.896996	0.345093	-74.974000	-24.169100	25.000000
17.181321	1.939983	0.397230	17.271943	1.913256	0.364526	-74.974000	-23.071300	25.000000
17.181681	1.939975	0.397287	17.147303	1.934503	0.377030	-74.974000	-22.449200	25.000000
17.181681	1.939975	0.397287	17.181967	1.927517	0.388580	-74.974000	-21.351500	25.000000
17.181321	1.939983	0.397230	17.204651	1.927026	0.408149	-74.114000	-35.110500	25.000000
17.181321	1.939983	0.397230	17.036725	1.899517	0.408149	-74.114000	-34.488300	25.000000
17.181321	1.939983	0.397230	17.250217	1.913705	0.425099	-74.114000	-33.390600	25.000000
17.181681	1.939975	0.397287	17.264125	1.876750	0.439196	-74.114000	-32.768500	25.000000
17.181681	1.939975	0.397287	17.061653	1.825571	0.431139	-74.114000	-31.670800	25.000000
17.181681	1.939975	0.397287	17.152111	1.780467	0.436987	-74.114000	-31.048600	25.000000
17.181681	1.939975	0.397287	17.250090	1.706867	0.434860	-74.114000	-29.950900	25.000000
17.181681	1.939975	0.397287	16.985950	1.691779	0.389317	-74.114000	-29.328700	25.000000
17.181681	1.939975	0.397287	17.408219	1.696933	0.385883	-74.114000	-28.231000	25.000000
17.181321	1.939983	0.397230	17.260776	1.738433	0.347767	-74.114000	-27.608800	25.000000
17.181321	1.939983	0.397230	17.119057	1.723855	0.312405	-74.114000	-26.511100	25.000000
17.181321	1.939983	0.397230	17.268179	1.763082	0.318019	-74.114000	-25.888900	25.000000
17.181321	1.939983	0.397230	17.224401	1.817120	0.291457	-74.114000	-24.791200	25.000000
17.181681	1.939975	0.397287	17.127171	1.885411	0.312042	-74.114000	-24.169100	25.000000
17.181321	1.939983	0.397230	17.258042	1.876861	0.360193	-74.114000	-23.071300	25.000000
17.181681	1.939975	0.397287	17.165081	1.915476	0.380506	-74.114000	-22.449200	25.000000
17.181681	1.939975	0.397287	17.165081	1.927884	0.368960	-74.114000	-21.351500	25.000000
17.181681	1.939975	0.397287	17.217143	1.932960	0.388580	-74.114000	-20.729300	25.000000
17.181321	1.939983	0.397230	17.239780	1.932462	0.408149	-73.254100	-35.110500	25.000000
17.181321	1.939983	0.397230	17.112861	1.897999	0.419477	-73.254100	-34.488300	25.000000
17.181321	1.939983	0.397230	17.284097	1.919154	0.425099	-73.254100	-33.390600	25.000000
17.181681	1.939975	0.397287	17.029386	1.807900	0.436627	-73.254100	-32.768500	25.000000
17.181681	1.939975	0.397287	17.316466	1.869747	0.450135	-73.254100	-31.670800	25.000000
17.181681	1.939975	0.397287	17.126774	1.692544	0.437338	-73.254100	-31.048600	25.000000
17.181681	1.939975	0.397287	17.179453	1.749872	0.466293	-73.254100	-29.950900	25.000000
17.181681	1.939975	0.397287	17.100585	1.729349	0.408002	-73.254100	-29.328700	25.000000
17.181681	1.939975	0.397287	17.170614	1.823918	0.401732	-73.254100	-28.231000	25.000000
17.181321	1.939983	0.397230	17.267310	1.864568	0.371518	-73.254100	-27.608800	25.000000
17.181321	1.939983	0.397230	17.102339	1.879739	0.350869	-73.254100	-26.511100	25.000000
17.181321	1.939983	0.397230	17.145553	1.812265	0.279950	-73.254100	-25.888900	25.000000
17.181321	1.939983	0.397230	17.291906	1.840059	0.342620	-73.254100	-24.791200	25.000000
17.181681	1.939975	0.397287	17.126296	1.836672	0.275806	-73.254100	-24.169100	25.000000
17.181321	1.939983	0.397230	17.220046	1.859335	0.333244	-73.254100	-23.071300	25.000000
17.181681	1.939975	0.397287	17.131550	1.928614	0.363147	-73.254100	-22.449200	25.000000
17.181681	1.939975	0.397287	17.260939	1.901207	0.356620	-73.254100	-21.351500	25.000000
17.181681	1.939975	0.397287	17.268758	1.931827	0.380506	-73.254100	-20.729300	25.000000
17.181321	1.939983	0.397230	17.081569	1.929708	0.404892	-72.394100	-36.208200	25.000000
17.181321	1.939983	0.397230	17.154008	1.934354	0.410625	-72.394100	-35.110500	25.000000
17.181321	1.939983	0.397230	17.159837	1.921785	0.422005	-72.394100	-34.488300	25.000000
17.181321	1.939983	0.397230	17.151676	1.897231	0.425099	-72.394100	-33.390600	25.000000
17.181681	1.939975	0.397287	16.924538	1.846054	0.430693	-72.394100	-32.768500	25.000000
17.181681	1.939975	0.397287	17.474839	1.825326	0.492740	-72.394100	-31.670800	25.000000
17.181681	1.939975	0.397287	17.271144	1.734809	0.455774	-72.394100	-31.048600	25.000000
17.181681	1.939975	0.397287	17.080483	1.731316	0.474257	-72.394100	-29.950900	25.000000
17.181681	1.939975	0.397287	17.267889	2.059044	0.469513	-72.394100	-29.328700	25.000000
17.181681	1.939975	0.397287	17.133009	1.885300	0.350869	-72.394100	-28.231000	25.000000
17.181321	1.939983	0.397230	17.291327	2.180399	0.460493	-72.394100	-27.608800	25.000000
17.181321	1.939983	0.397230	16.991763	2.157008	0.406747	-72.394100	-26.511100	25.000000
17.181321	1.939983	0.397230	17.748803	2.096061	0.510261	-72.394100	-25.888900	25.000000
17.181321	1.939983	0.397230	16.582521	1.993328	0.288290	-72.394100	-24.791200	25.000000
17.181681	1.939975	0.397287	17.206394	1.841430	0.287413	-72.394100	-24.169100	25.000000
17.181321	1.939983	0.397230	17.181676	1.829768	0.293187	-72.394100	-23.071300	25.000000
17.181681	1.939975	0.397287	17.085081	1.917158	0.349303	-72.394100	-22.449200	25.000000
17.181681	1.939975	0.397287	17.248188	1.889227	0.329472	-72.394100	-21.351500	25.000000
17.181681	1.939975	0.397287	17.147303	1.934503	0.377030	-72.394100	-20.729300	25.000000
17.181681	1.939975	0.397287	17.147303	1.934503	0.377030	-72.394100	-19.631600	25.000000
17.181321	1.939983	0.397230	17.239780	1.932462	0.408149	-71.534200	-36.208200	25.000000
17.181321	1.939983	0.397230	17.053739	1.911592	0.416329	-71.534200	-34.488300	25.000000
17.181321	1.939983	0.397230	17.289303	1.912898	0.430693	-71.534200	-33.390600	25.000000
17.181681	1.939975	0.397287	16.798512	1.829653	0.438859	-71.534200	-32.768500	25.000000
17.181681	1.939975	0.397287	17.592612	1.829460	0.503101	-71.534200	-31.670800	25.000000
17.181681	1.939975	0.397287	17.712707	1.816010	0.497489	-71.534200	-31.048600	25.000000
17.181681	1.939975	0.397287	16.633100	1.746043	0.428143	-71.534200	-29.950900	25.000000
17.181681	1.939975	0.397287	17.965244	2.195013	0.540420	-71.534200	-29.328700	25.000000
17.181681	1.939975	0.397287	16.349006	2.168475	0.178530	-71.534200	-28.231000	25.000000
17.181321	1.939983	0.397230	17.348775	2.426598	0.566055	-71.534200	-27.608800	25.000000
17.181321	1.939983	0.397230	17.133593	2.507206	0.560687	-71.534200	-26.511100	25.000000
17.181321	1.939983	0.397230	17.410629	2.355287	0.624023	-71.534200	-25.888900	25.000000
17.181321	1.939983	0.397230	16.839240	2.510931	0.481664	-71.534200	-24.791200	25.000000
17.181681	1.939975	0.397287	18.245547	1.905879	0.502589	-71.534200	-24.169100	25.000000
17.181321	1.939983	0.397230	15.958070	2.010992	0.216415	-71.534200	-23.071300	25.000000
17.181681	1.939975	0.397287	17.337532	1.869372	0.325567	-71.534200	-22.449200	25.000000
17.181681	1.939975	0.397287	16.993234	1.894177	0.276595	-71.534200	-21.351500	25.000000
17.181681	1.939975	0.397287	17.199128	1.927145	0.374746	-71.534200	-20.729300	25.000000
17.181681	1.939975	0.397287	17.131550	1.928614	0.363147	-71.534200	-19.631600	25.000000
17.181321	1.939983	0.397230	17.217143	1.932960	0.388580	-71.534200	-17.911700	25.000000
17.181321	1.939983	0.397230	17.167702	1.927827	0.402443	-70.674300	-36.208200	25.000000
17.181321	1.939983	0.397230	17.245579	1.919965	0.419477	-70.674300	-34.488300	25.000000
17.181321	1.939983	0.397230	17.170323	1.909186	0.433270	-70.674300	-33.390600	25.000000
17.181681	1.939975	0.397287	16.859715	1.853310	0.447075	-70.674300	-32.768500	25.000000
17.181681	1.939975	0.397287	17.372104	1.809055	0.514003	-70.674300	-31.670800	25.000000
17.181681	1.939975	0.397287	17.666635	1.805008	0.544411	-70.674300	-31.048600	25.000000
17.181681	1.939975	0.397287	16.654729	1.894656	0.355806	-70.674300	-29.950900	25.000000
17.181681	1.939975	0.397287	16.026540	2.293484	6.224918	-70.674300	-29.328700	25.000000
17.181681	1.939975	0.397287	18.177580	2.383530	0.558260	-70.674300	-28.231000	25.000000
17.181321	1.939983	0.397230	17.281493	2.724506	0.775297	-70.674300	-27.608800	25.000000
17.181321	1.939983	0.397230	17.077763	2.694615	0.948972	-70.674300	-26.511100	25.000000
17.181321	1.939983	0.397230	17.331186	2.778298	1.005312	-70.674300	-25.888900	25.000000
17.181321	1.939983	0.397230	17.106139	2.796910	0.920375	-70.674300	-24.791200	25.000000
17.181681	1.939975	0.397287	14.657421	2.340459	0.249587	-70.674300	-24.169100	25.000000
17.181321	1.939983	0.397230	19.189841	2.118946	0.858859	-70.674300	-23.071300	25.000000
17.181681	1.939975	0.397287	17.201744	1.890117	0.279141	-70.674300	-22.449200	25.000000
17.181681	1.939975	0.397287	17.298844	1.845950	0.279950	-70.674300	-21.351500	25.000000
17.181681	1.939975	0.397287	17.252536	1.925993	0.366730	-70.674300	-20.729300	25.000000
17.181681	1.939975	0.397287	17.207556	1.920770	0.347185	-70.674300	-19.631600	25.000000
17.181321	1.939983	0.397230	17.095321	1.935661	0.385158	-70.674300	-19.009400	25.000000
17.181321	1.939983	0.397230	17.239780	1.932462	0.408149	-69.814300	-36.208200	25.000000
17.181321	1.939983	0.397230	17.164498	1.915488	0.427652	-69.814300	-34.488300	25.000000
17.181321	1.939983	0.397230	17.156340	1.928074	0.416329	-69.814300	-33.390600	25.000000
17.181681	1.939975	0.397287	17.405172	1.868176	0.487836	-69.814300	-32.768500	25.000000
17.181681	1.939975	0.397287	16.983521	1.796453	0.490668	-69.814300	-31.670800	25.000000
17.181681	1.939975	0.397287	16.378339	1.992239	0.270947	-69.814300	-31.048600	25.000000
17.181681	1.939975	0.397287	17.920937	1.876877	0.568525	-69.814300	-29.950900	25.000000
17.181681	1.939975	0.397287	17.219666	2.704393	5.914140	-69.814300	-29.328700	25.000000
17.181681	1.939975	0.397287	16.833170	2.156134	0.301014	-69.814300	-28.231000	25.000000
17.181321	1.939983	0.397230	18.299238	2.932323	1.599736	-69.814300	-27.608800	25.000000
17.181321	1.939983	0.397230	15.938912	2.935006	1.777190	-69.814300	-26.511100	25.000000
17.181321	1.939983	0.397230	17.668514	2.865631	2.265003	-69.814300	-25.888900	25.000000
17.181321	1.939983	0.397230	16.682877	2.814806	1.812152	-69.814300	-24.791200	25.000000
17.181681	1.939975	0.397287	19.361377	2.394134	1.474152	-69.814300	-24.169100	25.000000
17.181321	1.939983	0.397230	14.512619	2.680962	0.839133	-69.814300	-23.071300	25.000000
17.181681	1.939975	0.397287	17.759223	1.885672	0.408002	-69.814300	-22.449200	25.000000
17.181681	1.939975	0.397287	16.591564	1.966804	0.305223	-69.814300	-21.351500	25.000000
17.181681	1.939975	0.397287	17.210462	1.926900	0.341356	-69.814300	-20.729300	25.000000
17.181681	1.939975	0.397287	17.194767	1.908685	0.319801	-69.814300	-19.631600	25.000000
17.181321	1.939983	0.397230	17.181967	1.933735	0.382819	-69.814300	-19.009400	25.000000
17.181321	1.939983	0.397230	17.183131	1.939942	0.377030	-69.814300	-17.911700	25.000000
17.181321	1.939983	0.397230	17.154008	1.934354	0.410625	-68.954400	-35.110500	25.000000
17.181321	1.939983	0.397230	17.125712	1.916302	0.422005	-68.954400	-34.488300	25.000000
17.181321	1.939983	0.397230	17.272232	1.925570	0.433270	-68.954400	-33.390600	25.000000
17.181681	1.939975	0.397287	16.802976	1.841915	0.460885	-68.954400	-32.768500	25.000000
17.181681	1.939975	0.397287	17.514565	1.848406	0.522092	-68.954400	-31.670800	25.000000
17.181681	1.939975	0.397287	16.330952	2.096838	0.177954	-68.954400	-31.048600	25.000000
17.181681	1.939975	0.397287	18.027479	1.927798	0.583077	-68.954400	-29.950900	25.000000
17.181681	1.939975	0.397287	16.449620	2.030608	5.987180	-68.954400	-29.328700	25.000000
17.181681	1.939975	0.397287	17.286168	2.820007	0.366911	-68.954400	-28.231000	25.000000
17.181321	1.939983	0.397230	15.956817	2.793535	3.498213	-68.954400	-27.608800	25.000000
17.181321	1.939983	0.397230	18.320328	2.823279	3.033247	-68.954400	-26.511100	25.000000
17.181321	1.939983	0.397230	17.543660	2.574767	2.491722	-68.954400	-25.888900	25.000000
17.181321	1.939983	0.397230	16.812793	2.659939	2.868584	-68.954400	-24.791200	25.000000
17.181681	1.939975	0.397287	15.524819	2.563248	1.944738	-68.954400	-24.169100	25.000000
17.181321	1.939983	0.397230	18.679668	2.476650	2.466852	-68.954400	-23.071300	25.000000
17.181681	1.939975	0.397287	17.459954	2.112347	0.942000	-68.954400	-22.449200	25.000000
17.181681	1.939975	0.397287	16.619266	1.940165	0.301345	-68.954400	-21.351500	25.000000
17.181681	1.939975	0.397287	17.228175	1.914162	0.319801	-68.954400	-20.729300	25.000000
17.181681	1.939975	0.397287	17.148761	1.903452	0.274910	-68.954400	-19.631600	25.000000
17.181321	1.939983	0.397230	17.147303	1.934503	0.377030	-68.954400	-19.009400	25.000000
17.181321	1.939983	0.397230	17.165081	1.927884	0.368960	-68.954400	-17.911700	25.000000
17.181321	1.939983	0.397230	17.131258	1.941114	0.385158	-68.954400	-17.289500	25.000000
17.181321	1.939983	0.397230	17.154008	1.934354	0.410625	-68.094400	-36.208200	25.000000
17.181321	1.939983	0.397230	17.121624	1.922602	0.416329	-68.094400	-34.488300	25.000000
17.181321	1.939983	0.397230	17.272232	1.925570	0.433270	-68.094400	-33.390600	25.000000
17.181681	1.939975	0.397287	17.145262	1.830331	0.517649	-68.094400	-32.768500	25.000000
17.181681	1.939975	0.397287	17.089470	1.879980	0.471889	-68.094400	-31.670800	25.000000
17.181681	1.939975	0.397287	16.008123	2.086905	0.057491	-68.094400	-31.048600	25.000000
17.181681	1.939975	0.397287	18.200549	2.044326	0.596564	-68.094400	-29.950900	25.000000
17.181681	1.939975	0.397287	18.376343	2.348983	5.389517	-68.094400	-29.328700	25.000000
17.181681	1.939975	0.397287	15.270232	2.225631	0.319140	-68.094400	-28.231000	25.000000
17.181321	1.939983	0.397230	17.286411	2.370754	3.653530	-68.094400	-27.608800	25.000000
17.181321	1.939983	0.397230	17.096491	2.617293	3.902203	-68.094400	-26.511100	25.000000
17.181321	1.939983	0.397230	16.616257	2.302342	2.812170	-68.094400	-25.888900	25.000000
17.181321	1.939983	0.397230	17.737249	2.321537	2.844228	-68.094400	-24.791200	25.000000
17.181681	1.939975	0.397287	17.847689	2.227770	2.687438	-68.094400	-24.169100	25.000000
17.181321	1.939983	0.397230	16.544183	2.290075	2.988332	-68.094400	-23.071300	25.000000
17.181681	1.939975	0.397287	20.502439	1.903702	0.770801	-68.094400	-22.449200	25.000000
17.181681	1.939975	0.397287	12.040764	2.402612	1.620139	-68.094400	-21.351500	25.000000
17.181681	1.939975	0.397287	17.065462	1.911349	0.270614	-68.094400	-20.729300	25.000000
17.181681	1.939975	0.397287	17.228175	1.901860	0.292633	-68.094400	-19.631600	25.000000
17.181321	1.939983	0.397230	17.115490	1.941472	0.365374	-68.094400	-19.009400	25.000000
17.181321	1.939983	0.397230	17.254275	1.932144	0.360946	-68.094400	-17.911700	25.000000
17.181321	1.939983	0.397230	17.191568	1.933523	0.416329	-67.234500	-34.488300	25.000000
17.181321	1.939983	0.397230	17.233108	1.926411	0.427652	-67.234500	-33.390600	25.000000
17.181681	1.939975	0.397287	16.972330	1.845259	0.504720	-67.234500	-32.768500	25.000000
17.181681	1.939975	0.397287	17.302312	1.900387	0.482771	-67.234500	-31.670800	25.000000
17.181681	1.939975	0.397287	16.700299	2.220285	0.000000	-67.234500	-31.048600	25.000000
17.181681	1.939975	0.397287	17.624131	1.979241	0.524514	-67.234500	-29.950900	25.000000
17.181681	1.939975	0.397287	15.957443	2.667850	5.917984	-67.234500	-29.328700	25.000000
17.181681	1.939975	0.397287	18.057132	1.915393	5.832695	-67.234500	-28.231000	25.000000
17.181321	1.939983	0.397230	18.681274	2.031184	4.003115	-67.234500	-27.608800	25.000000
17.181321	1.939983	0.397230	15.450890	2.400634	4.111089	-67.234500	-26.511100	25.000000
17.181321	1.939983	0.397230	17.213076	1.983250	2.872004	-67.234500	-25.888900	25.000000
17.181321	1.939983	0.397230	17.150510	1.984846	2.700733	-67.234500	-24.791200	25.000000
17.181681	1.939975	0.397287	15.971149	1.935737	3.090630	-67.234500	-24.169100	25.000000
17.181321	1.939983	0.397230	18.316225	1.939425	3.041342	-67.234500	-23.071300	25.000000
17.181681	1.939975	0.397287	21.772024	1.854774	1.572327	-67.234500	-22.449200	25.000000
17.181681	1.939975	0.397287	10.129520	2.320166	1.636512	-67.234500	-21.351500	25.000000
17.181681	1.939975	0.397287	16.586139	2.026536	0.451636	-67.234500	-20.729300	25.000000
17.181681	1.939975	0.397287	17.760631	1.903463	0.378294	-67.234500	-19.631600	25.000000
17.181321	1.939983	0.397230	17.214529	1.933017	0.335502	-67.234500	-19.009400	25.000000
17.181321	1.939983	0.397230	17.133885	1.934801	0.357309	-67.234500	-17.911700	25.000000
17.181321	1.939983	0.397230	17.181967	1.933735	0.382819	-67.234500	-17.289500	25.000000
17.181321	1.939983	0.397230	17.131258	1.941114	0.385158	-67.234500	-16.191800	25.000000
17.181321	1.939983	0.397230	17.315022	1.930819	0.419477	-66.374600	-34.488300	25.000000
17.181321	1.939983	0.397230	17.070735	1.929946	0.418860	-66.374600	-33.390600	25.000000
17.181681	1.939975	0.397287	16.919220	1.864617	0.488504	-66.374600	-32.768500	25.000000
17.181681	1.939975	0.397287	17.506856	1.902429	0.490668	-66.374600	-31.670800	25.000000
17.181681	1.939975	0.397287	18.361917	2.268728	0.258771	-66.374600	-31.048600	25.000000
17.181681	1.939975	0.397287	15.882380	1.858064	0.238609	-66.374600	-29.950900	25.000000
17.181681	1.939975	0.397287	17.445057	2.428988	5.266341	-66.374600	-29.328700	25.000000
17.181681	1.939975	0.397287	16.486965	1.949794	6.079388	-66.374600	-28.231000	25.000000
17.181321	1.939983	0.397230	19.189841	1.812864	4.594026	-66.374600	-27.608800	25.000000
17.181321	1.939983	0.397230	14.505861	2.027733	3.894394	-66.374600	-26.511100	25.000000
17.181321	1.939983	0.397230	18.902709	1.640684	2.976444	-66.374600	-25.888900	25.000000
17.181321	1.939983	0.397230	15.145392	1.687931	2.872425	-66.374600	-24.791200	25.000000
17.181681	1.939975	0.397287	17.330880	1.664987	2.969774	-66.374600	-24.169100	25.000000
17.181321	1.939983	0.397230	16.927992	1.592655	3.088388	-66.374600	-23.071300	25.000000
17.181681	1.939975	0.397287	19.628591	1.623805	2.204094	-66.374600	-22.449200	25.000000
17.181681	1.939975	0.397287	14.224911	1.812874	1.745469	-66.374600	-21.351500	25.000000
17.181681	1.939975	0.397287	18.747266	1.896575	0.435947	-66.374600	-20.729300	25.000000
17.181681	1.939975	0.397287	15.440207	2.026850	0.764993	-66.374600	-19.631600	25.000000
17.181321	1.939983	0.397230	17.149344	1.928226	0.309940	-66.374600	-19.009400	25.000000
17.181321	1.939983	0.397230	17.179348	1.927574	0.335502	-66.374600	-17.911700	25.000000
17.181321	1.939983	0.397230	17.147303	1.934503	0.377030	-66.374600	-17.289500	25.000000
17.181321	1.939983	0.397230	17.131258	1.941114	0.385158	-66.374600	-16.191800	25.000000
17.181321	1.939983	0.397230	17.070735	1.929946	0.418860	-65.514600	-34.488300	25.000000
17.181321	1.939983	0.397230	17.191568	1.933523	0.416329	-65.514600	-33.390600	25.000000
17.181681	1.939975	0.397287	17.244129	1.889304	0.496423	-65.514600	-32.768500	25.000000
17.181681	1.939975	0.397287	17.163333	1.909329	0.460885	-65.514600	-31.670800	25.000000
17.181681	1.939975	0.397287	17.902234	2.117048	0.197396	-65.514600	-31.048600	25.000000
17.181681	1.939975	0.397287	16.424981	1.892930	0.374547	-65.514600	-29.950900	25.000000
17.181681	1.939975	0.397287	20.299015	1.970539	5.276657	-65.514600	-29.328700	25.000000
17.181681	1.939975	0.397287	10.953082	2.974208	6.118037	-65.514600	-28.231000	25.000000
17.181321	1.939983	0.397230	7.886983	1.629153	3.897350	-65.514600	-27.608800	25.000000
17.181321	1.939983	0.397230	21.425840	1.708919	4.912095	-65.514600	-26.511100	25.000000
17.181321	1.939983	0.397230	18.966697	1.320385	3.232055	-65.514600	-25.888900	25.000000
17.181321	1.939983	0.397230	15.233598	1.332220	3.124702	-65.514600	-24.791200	25.000000
17.181681	1.939975	0.397287	18.982887	1.298792	2.847517	-65.514600	-24.169100	25.000000
17.181321	1.939983	0.397230	15.190128	1.358543	2.999696	-65.514600	-23.071300	25.000000
17.181681	1.939975	0.397287	16.993234	1.314973	2.502958	-65.514600	-22.449200	25.000000
17.181681	1.939975	0.397287	17.411203	1.426713	2.073385	-65.514600	-21.351500	25.000000
17.181681	1.939975	0.397287	19.509229	1.905035	0.485489	-65.514600	-20.729300	25.000000
17.181681	1.939975	0.397287	14.456832	1.793994	1.018212	-65.514600	-19.631600	25.000000
17.181321	1.939983	0.397230	17.156340	1.934303	0.304001	-65.514600	-19.009400	25.000000
17.181321	1.939983	0.397230	17.193313	1.927271	0.276595	-65.514600	-17.911700	25.000000
17.181321	1.939983	0.397230	17.269916	1.937999	0.374746	-65.514600	-17.289500	25.000000
17.181321	1.939983	0.397230	17.062239	1.942685	0.373497	-65.514600	-16.191800	25.000000
17.181321	1.939983	0.397230	17.191568	1.933523	0.416329	-64.654700	-34.488300	25.000000
17.181321	1.939983	0.397230	17.154008	1.934354	0.410625	-64.654700	-33.390600	25.000000
17.181681	1.939975	0.397287	17.013230	1.899988	0.463648	-64.654700	-32.768500	25.000000
17.181681	1.939975	0.397287	17.475984	1.921255	0.474546	-64.654700	-31.670800	25.000000
17.181681	1.939975	0.397287	15.675777	1.915695	0.274575	-64.654700	-31.048600	25.000000
17.181681	1.939975	0.397287	18.600000	2.051458	0.398522	-64.654700	-29.950900	25.000000
17.181681	1.939975	0.397287	20.347236	1.927238	5.133808	-64.654700	-29.328700	25.000000
17.181681	1.939975	0.397287	8.140025	3.042385	2.622447	-64.654700	-28.231000	25.000000
17.181321	1.939983	0.397230	17.166258	1.304347	4.573054	-64.654700	-27.608800	25.000000
17.181321	1.939983	0.397230	12.468861	1.884695	5.974767	-64.654700	-26.511100	25.000000
17.181321	1.939983	0.397230	16.587646	1.004460	3.409098	-64.654700	-25.888900	25.000000
17.181321	1.939983	0.397230	17.794943	1.000978	3.590316	-64.654700	-24.791200	25.000000
17.181681	1.939975	0.397287	18.316659	1.038243	2.825854	-64.654700	-24.169100	25.000000
17.181321	1.939983	0.397230	16.012807	1.025893	3.024484	-64.654700	-23.071300	25.000000
17.181681	1.939975	0.397287	14.781745	0.958151	2.622447	-64.654700	-22.449200	25.000000
17.181681	1.939975	0.397287	19.303886	1.074027	2.356194	-64.654700	-21.351500	25.000000
17.181681	1.939975	0.397287	14.562280	1.508953	1.355859	-64.654700	-20.729300	25.000000
17.181681	1.939975	0.397287	19.042271	1.896330	0.627981	-64.654700	-19.631600	25.000000
17.181321	1.939983	0.397230	17.110815	1.941578	0.286051	-64.654700	-19.009400	25.000000
17.181321	1.939983	0.397230	17.218014	1.932940	0.296216	-64.654700	-17.911700	25.000000
17.181321	1.939983	0.397230	17.115490	1.941472	0.365374	-64.654700	-17.289500	25.000000
17.181321	1.939983	0.397230	17.269916	1.937999	0.374746	-64.654700	-16.191800	25.000000
17.182181	1.939964	0.397206	17.154008	1.934354	0.410625	-63.794800	-34.488300	25.000000
17.182181	1.939964	0.397206	17.239780	1.932462	0.408149	-63.794800	-33.390600	25.000000
17.182541	1.939955	0.397263	17.308091	1.924803	0.452629	-63.794800	-32.768500	25.000000
17.182541	1.939955	0.397263	17.112568	1.916578	0.463648	-63.794800	-31.670800	25.000000
17.182541	1.939955	0.397263	18.611018	2.100268	0.382819	-63.794800	-31.048600	25.000000
17.182541	1.939955	0.397263	15.503870	1.926553	0.271683	-63.794800	-29.950900	25.000000
17.182541	1.939955	0.397263	9.508943	2.040033	4.052380	-63.794800	-29.328700	25.000000
17.182541	1.939955	0.397263	19.251493	1.898693	5.614443	-63.794800	-28.231000	25.000000
17.182181	1.939964	0.397206	9.884579	0.698451	4.934471	-63.794800	-27.608800	25.000000
17.182181	1.939964	0.397206	20.323878	1.773923	5.437363	-63.794800	-26.511100	25.000000
17.182181	1.939964	0.397206	17.800281	0.683656	3.933280	-63.794800	-25.888900	25.000000
17.182181	1.939964	0.397206	16.535417	0.784740	3.981482	-63.794800	-24.791200	25.000000
17.182541	1.939955	0.397263	16.398476	0.740882	2.819842	-63.794800	-24.169100	25.000000
17.182181	1.939964	0.397206	17.963574	0.816578	2.815011	-63.794800	-23.071300	25.000000
17.182541	1.939955	0.397263	14.708841	0.628284	2.621012	-63.794800	-22.449200	25.000000
17.182541	1.939955	0.397263	19.311655	0.774752	2.535112	-63.794800	-21.351500	25.000000
17.182541	1.939955	0.397263	22.139939	1.700792	1.019440	-63.794800	-20.729300	25.000000
17.182541	1.939955	0.397263	8.367801	1.137940	1.207403	-63.794800	-19.631600	25.000000
17.182181	1.939964	0.397206	17.467971	1.927525	0.469112	-63.794800	-19.009400	25.000000
17.182181	1.939964	0.397206	17.137386	1.940975	0.351445	-63.794800	-17.289500	25.000000
17.182181	1.939964	0.397206	17.115490	1.941472	0.365374	-63.794800	-16.191800	25.000000
17.181321	1.939983	0.397230	17.189823	1.939792	0.410625	-62.934800	-34.488300	25.000000
17.181681	1.939975	0.397287	17.147886	1.928258	0.430234	-62.934800	-32.768500	25.000000
17.181681	1.939975	0.397287	17.223821	1.926612	0.455338	-62.934800	-31.670800	25.000000
17.181681	1.939975	0.397287	17.640295	1.972677	0.452629	-62.934800	-31.048600	25.000000
17.181681	1.939975	0.397287	16.702395	2.003252	0.273771	-62.934800	-29.950900	25.000000
17.181681	1.939975	0.397287	22.523543	1.799207	5.296599	-62.934800	-29.328700	25.000000
17.181681	1.939975	0.397287	4.495553	1.934681	5.615879	-62.934800	-28.231000	25.000000
17.181321	1.939983	0.397230	10.937550	1.396197	5.432092	-62.934800	-27.608800	25.000000
17.181321	1.939983	0.397230	21.547622	1.369890	5.152736	-62.934800	-26.511100	25.000000
17.181321	1.939983	0.397230	16.644762	0.513267	4.846153	-62.934800	-25.888900	25.000000
17.181321	1.939983	0.397230	17.647991	0.708570	4.489376	-62.934800	-24.791200	25.000000
17.181681	1.939975	0.397287	17.527692	0.485772	2.573926	-62.934800	-24.169100	25.000000
17.181321	1.939983	0.397230	16.910056	0.626356	2.601173	-62.934800	-23.071300	25.000000
17.181681	1.939975	0.397287	17.797472	0.513745	2.754717	-62.934800	-22.449200	25.000000
17.181681	1.939975	0.397287	16.487874	0.483229	2.198633	-62.934800	-21.351500	25.000000
17.181681	1.939975	0.397287	11.042645	1.471017	0.714549	-62.934800	-20.729300	25.000000
17.181681	1.939975	0.397287	21.210611	1.288916	1.332960	-62.934800	-19.631600	25.000000
17.181321	1.939983	0.397230	20.273628	1.855792	0.752683	-62.934800	-19.009400	25.000000
17.181321	1.939983	0.397230	13.345037	1.867368	0.561922	-62.934800	-17.911700	25.000000
17.181321	1.939983	0.397230	17.023219	1.949894	0.341748	-62.934800	-17.289500	25.000000
17.181321	1.939983	0.397230	17.235429	1.951235	0.337560	-62.934800	-16.191800	25.000000
17.181321	1.939983	0.397230	17.131258	1.941114	0.385158	-62.934800	-15.569600	25.000000
17.181321	1.939983	0.397230	17.217723	1.939165	0.382819	-62.934800	-14.471900	25.000000
17.181681	1.939975	0.397287	17.268179	1.931840	0.427652	-62.074900	-32.768500	25.000000
17.181681	1.939975	0.397287	17.102339	1.929253	0.438513	-62.074900	-31.670800	25.000000
17.181681	1.939975	0.397287	16.897929	1.927466	0.443876	-62.074900	-31.048600	25.000000
17.181681	1.939975	0.397287	17.455658	1.940045	0.471889	-62.074900	-29.950900	25.000000
17.181681	1.939975	0.397287	16.144253	1.438475	5.444740	-62.074900	-29.328700	25.000000
17.181681	1.939975	0.397287	17.951501	1.966528	5.906042	-62.074900	-28.231000	25.000000
17.181321	1.939983	0.397230	20.927016	1.115617	4.813646	-62.074900	-27.608800	25.000000
17.181321	1.939983	0.397230	11.948640	1.385618	5.383141	-62.074900	-26.511100	25.000000
17.181321	1.939983	0.397230	18.765394	0.569862	5.002900	-62.074900	-25.888900	25.000000
17.181321	1.939983	0.397230	15.344706	0.852361	5.430405	-62.074900	-24.791200	25.000000
17.181681	1.939975	0.397287	18.217025	0.261012	2.082027	-62.074900	-24.169100	25.000000
17.181321	1.939983	0.397230	16.043379	0.344637	2.487022	-62.074900	-23.071300	25.000000
17.181681	1.939975	0.397287	16.234223	0.301900	1.800701	-62.074900	-22.449200	25.000000
17.181681	1.939975	0.397287	18.031639	0.441839	2.328679	-62.074900	-21.351500	25.000000
17.181681	1.939975	0.397287	13.040706	1.307026	0.807866	-62.074900	-20.729300	25.000000
17.181681	1.939975	0.397287	20.321909	1.100990	1.308416	-62.074900	-19.631600	25.000000
17.181321	1.939983	0.397230	10.116403	1.624200	0.552303	-62.074900	-19.009400	25.000000
17.181321	1.939983	0.397230	21.844773	1.815391	0.855517	-62.074900	-17.911700	25.000000
17.181321	1.939983	0.397230	16.962016	1.951332	0.329783	-62.074900	-17.289500	25.000000
17.181321	1.939983	0.397230	17.388214	1.953917	0.321751	-62.074900	-16.191800	25.000000
17.181321	1.939983	0.397230	17.131258	1.941114	0.385158	-62.074900	-15.569600	25.000000
17.181321	1.939983	0.397230	17.217723	1.939165	0.382819	-62.074900	-14.471900	25.000000
17.181681	1.939975	0.397287	17.268179	1.931840	0.427652	-61.214900	-32.768500	25.000000
17.181681	1.939975	0.397287	17.106139	1.935419	0.418860	-61.214900	-31.670800	25.000000
17.181681	1.939975	0.397287	17.404023	1.922767	0.504720	-61.214900	-31.048600	25.000000
17.181681	1.939975	0.397287	17.007645	1.918801	0.516819	-61.214900	-29.950900	25.000000
17.181681	1.939975	0.397287	17.121066	1.910198	5.904404	-61.214900	-29.328700	25.000000
17.181681	1.939975	0.397287	17.296500	1.651826	0.067919	-61.214900	-28.231000	25.000000
17.181321	1.939983	0.397230	20.989759	1.260952	4.934313	-61.214900	-27.608800	25.000000
17.181321	1.939983	0.397230	11.057577	0.665204	5.601579	-61.214900	-26.511100	25.000000
17.181321	1.939983	0.397230	17.059308	0.543628	5.385360	-61.214900	-25.888900	25.000000
17.181321	1.939983	0.397230	17.238039	0.930397	5.374701	-61.214900	-24.791200	25.000000
17.181681	1.939975	0.397287	18.287747	0.177628	0.575986	-61.214900	-24.169100	25.000000
17.181321	1.939983	0.397230	16.097034	0.109856	1.644526	-61.214900	-23.071300	25.000000
17.181681	1.939975	0.397287	17.245858	0.332729	1.859362	-61.214900	-22.449200	25.000000
17.181681	1.939975	0.397287	17.168215	0.371029	1.370250	-61.214900	-21.351500	25.000000
17.181681	1.939975	0.397287	14.309088	0.844756	0.917950	-61.214900	-20.729300	25.000000
17.181681	1.939975	0.397287	19.556073	1.215660	1.107149	-61.214900	-19.631600	25.000000
17.181321	1.939983	0.397230	19.132496	1.527924	1.062682	-61.214900	-19.009400	25.000000
17.181321	1.939983	0.397230	14.370111	1.852153	0.271335	-61.214900	-17.911700	25.000000
17.181321	1.939983	0.397230	17.286122	1.962549	0.292056	-61.214900	-17.289500	25.000000
17.181321	1.939983	0.397230	17.116659	1.954012	0.313783	-61.214900	-16.191800	25.000000
17.181321	1.939983	0.397230	17.219466	1.945358	0.377030	-61.214900	-15.569600	25.000000
17.181321	1.939983	0.397230	17.098830	1.948133	0.373497	-61.214900	-14.471900	25.000000
17.181681	1.939975	0.397287	17.180221	1.940008	0.424561	-60.355000	-32.768500	25.000000
17.181681	1.939975	0.397287	17.191568	1.933523	0.416329	-60.355000	-31.670800	25.000000
17.181681	1.939975	0.397287	17.088593	1.923312	0.522240	-60.355000	-31.048600	25.000000
17.181681	1.939975	0.397287	17.143220	1.928360	0.485928	-60.355000	-29.950900	25.000000
17.181681	1.939975	0.397287	18.813825	1.839791	5.560206	-60.355000	-29.328700	25.000000
17.181681	1.939975	0.397287	15.354478	1.701423	6.111557	-60.355000	-28.231000	25.000000
17.181321	1.939983	0.397230	15.280707	0.487585	5.850778	-60.355000	-27.608800	25.000000
17.181321	1.939983	0.397230	17.273100	1.605539	5.530562	-60.355000	-26.511100	25.000000
17.181321	1.939983	0.397230	15.466739	0.596009	5.284419	-60.355000	-25.888900	25.000000
17.181321	1.939983	0.397230	18.779244	0.813542	5.502968	-60.355000	-24.791200	25.000000
17.181681	1.939975	0.397287	17.871873	0.408688	6.257276	-60.355000	-24.169100	25.000000
17.181321	1.939983	0.397230	16.423055	0.253059	0.075709	-60.355000	-23.071300	25.000000
17.181681	1.939975	0.397287	17.438463	0.409017	1.139396	-60.355000	-22.449200	25.000000
17.181681	1.939975	0.397287	16.988526	0.391983	0.982794	-60.355000	-21.351500	25.000000
17.181681	1.939975	0.397287	16.448100	1.190858	0.882764	-60.355000	-20.729300	25.000000
17.181681	1.939975	0.397287	17.865330	0.819089	1.031691	-60.355000	-19.631600	25.000000
17.181321	1.939983	0.397230	18.597086	1.433788	1.009896	-60.355000	-19.009400	25.000000
17.181321	1.939983	0.397230	15.142668	1.836754	0.313093	-60.355000	-17.911700	25.000000
17.181321	1.939983	0.397230	16.994411	1.969651	0.291457	-60.355000	-17.289500	25.000000
17.181321	1.939983	0.397230	17.351081	1.979772	0.280025	-60.355000	-16.191800	25.000000
17.181321	1.939983	0.397230	17.062239	1.942685	0.373497	-60.355000	-15.569600	25.000000
17.181321	1.939983	0.397230	17.219466	1.945358	0.377030	-60.355000	-14.471900	25.000000
17.181681	1.939975	0.397287	17.189823	1.939792	0.410625	-59.495000	-32.768500	25.000000
17.181681	1.939975	0.397287	17.142054	1.940869	0.418860	-59.495000	-31.670800	25.000000
17.181681	1.939975	0.397287	17.095906	1.935648	0.488852	-59.495000	-31.048600	25.000000
17.181681	1.939975	0.397287	17.342145	1.930230	0.466402	-59.495000	-29.950900	25.000000
17.181681	1.939975	0.397287	18.306556	1.680265	5.753133	-59.495000	-29.328700	25.000000
17.181681	1.939975	0.397287	15.955250	1.916062	6.047899	-59.495000	-28.231000	25.000000
17.181321	1.939983	0.397230	17.829571	1.263096	5.574431	-59.495000	-27.608800	25.000000
17.181321	1.939983	0.397230	14.987078	1.470542	0.388601	-59.495000	-26.511100	25.000000
17.181321	1.939983	0.397230	18.169755	0.749565	5.526351	-59.495000	-25.888900	25.000000
17.181321	1.939983	0.397230	16.155185	0.686064	5.692473	-59.495000	-24.791200	25.000000
17.181681	1.939975	0.397287	16.457776	0.541885	6.138956	-59.495000	-24.169100	25.000000
17.181321	1.939983	0.397230	17.840392	0.561619	6.268450	-59.495000	-23.071300	25.000000
17.181681	1.939975	0.397287	17.163624	0.542419	0.641244	-59.495000	-22.449200	25.000000
17.181681	1.939975	0.397287	17.155174	0.563808	0.684962	-59.495000	-21.351500	25.000000
17.181681	1.939975	0.397287	18.792818	0.919001	0.932650	-59.495000	-20.729300	25.000000
17.181681	1.939975	0.397287	15.410711	1.055074	0.706199	-59.495000	-19.631600	25.000000
17.181321	1.939983	0.397230	16.806107	1.839073	0.419477	-59.495000	-19.009400	25.000000
17.181321	1.939983	0.397230	17.357416	1.314101	0.895125	-59.495000	-17.911700	25.000000
17.181321	1.939983	0.397230	17.109646	1.973157	0.263467	-59.495000	-17.289500	25.000000
17.181321	1.939983	0.397230	17.303179	1.987283	0.281772	-59.495000	-16.191800	25.000000
17.181321	1.939983	0.397230	17.098830	1.948133	0.373497	-59.495000	-15.569600	25.000000
17.181321	1.939983	0.397230	17.259780	1.956918	0.371215	-59.495000	-14.471900	25.000000
17.181681	1.939975	0.397287	17.189823	1.939792	0.410625	-58.635100	-32.768500	25.000000
17.181681	1.939975	0.397287	17.104385	1.941724	0.413129	-58.635100	-31.670800	25.000000
17.181681	1.939975	0.397287	17.129215	1.941160	0.446842	-58.635100	-31.048600	25.000000
17.181681	1.939975	0.397287	17.252246	1.938393	0.463648	-58.635100	-29.950900	25.000000
17.181681	1.939975	0.397287	17.145553	1.860625	6.222285	-58.635100	-29.328700	25.000000
17.181681	1.939975	0.397287	17.216957	1.883714	0.242906	-58.635100	-28.231000	25.000000
17.181321	1.939983	0.397230	18.060941	1.332685	5.952426	-58.635100	-27.608800	25.000000
17.181321	1.939983	0.397230	16.371060	1.476589	6.035230	-58.635100	-26.511100	25.000000
17.181321	1.939983	0.397230	16.737085	0.937877	6.164345	-58.635100	-25.888900	25.000000
17.181321	1.939983	0.397230	17.614199	0.789814	5.679663	-58.635100	-24.791200	25.000000
17.181681	1.939975	0.397287	17.219675	0.688229	6.200439	-58.635100	-24.169100	25.000000
17.181321	1.939983	0.397230	17.147371	0.728055	0.042256	-58.635100	-23.071300	25.000000
17.181681	1.939975	0.397287	17.108477	0.809699	0.460038	-58.635100	-22.449200	25.000000
17.181681	1.939975	0.397287	17.200291	0.782305	0.434136	-58.635100	-21.351500	25.000000
17.181681	1.939975	0.397287	16.836270	0.942192	0.592076	-58.635100	-20.729300	25.000000
17.181681	1.939975	0.397287	17.534537	1.103427	0.726642	-58.635100	-19.631600	25.000000
17.181321	1.939983	0.397230	15.983416	1.243395	0.687124	-58.635100	-19.009400	25.000000
17.181321	1.939983	0.397230	18.218729	1.814152	0.547209	-58.635100	-17.911700	25.000000
17.181321	1.939983	0.397230	17.215400	1.989540	0.283540	-58.635100	-17.289500	25.000000
17.181321	1.939983	0.397230	17.100585	1.986130	0.265131	-58.635100	-16.191800	25.000000
17.181321	1.939983	0.397230	17.280336	1.956434	0.357309	-58.635100	-15.569600	25.000000
17.181321	1.939983	0.397230	17.188950	1.952317	0.365374	-58.635100	-14.471900	25.000000
17.181681	1.939975	0.397287	17.131258	1.941114	0.385158	-58.635100	-13.849800	25.000000
17.181681	1.939975	0.397287	17.131258	1.941114	0.385158	-58.635100	-12.752100	25.000000
17.181681	1.939975	0.397287	17.189823	1.939792	0.410625	-57.775200	-32.768500	25.000000
17.181681	1.939975	0.397287	17.134176	1.941048	0.432845	-57.775200	-31.048600	25.000000
17.181681	1.939975	0.397287	17.297688	1.937381	0.441491	-57.775200	-29.950900	25.000000
17.181681	1.939975	0.397287	17.336666	1.936518	0.474697	-57.775200	-28.231000	25.000000
17.181321	1.939983	0.397230	16.323603	1.638235	5.667932	-57.775200	-27.608800	25.000000
17.181321	1.939983	0.397230	17.551638	1.141847	0.087824	-57.775200	-26.511100	25.000000
17.181321	1.939983	0.397230	17.069356	1.248910	0.107043	-57.775200	-25.888900	25.000000
17.181321	1.939983	0.397230	17.197511	0.978557	5.953456	-57.775200	-24.791200	25.000000
17.181681	1.939975	0.397287	17.586611	0.858060	0.176022	-57.775200	-24.169100	25.000000
17.181321	1.939983	0.397230	16.726614	0.853122	6.272075	-57.775200	-23.071300	25.000000
17.181681	1.939975	0.397287	17.208138	1.100361	0.387770	-57.775200	-22.449200	25.000000
17.181681	1.939975	0.397287	17.253695	1.035570	0.357982	-57.775200	-21.351500	25.000000
17.181681	1.939975	0.397287	17.373831	1.098753	0.469428	-57.775200	-20.729300	25.000000
17.181681	1.939975	0.397287	16.992351	1.159083	0.547027	-57.775200	-19.631600	25.000000
17.181321	1.939983	0.397230	14.756439	1.417723	0.349943	-57.775200	-19.009400	25.000000
17.181321	1.939983	0.397230	19.262046	1.644583	0.715402	-57.775200	-17.911700	25.000000
17.181321	1.939983	0.397230	17.180221	1.990451	0.297562	-57.775200	-17.289500	25.000000
17.181321	1.939983	0.397230	17.241230	1.988873	0.289633	-57.775200	-16.191800	25.000000
17.181321	1.939983	0.397230	17.129507	1.960011	0.347693	-57.775200	-15.569600	25.000000
17.181321	1.939983	0.397230	17.226433	1.957705	0.365374	-57.775200	-14.471900	25.000000
17.181681	1.939975	0.397287	17.167702	1.946544	0.385158	-57.775200	-13.849800	25.000000
17.181681	1.939975	0.397287	17.275416	1.937876	0.408149	-56.915200	-31.670800	25.000000
17.181681	1.939975	0.397287	17.218885	1.939139	0.430234	-56.915200	-31.048600	25.000000
17.181681	1.939975	0.397287	17.216562	1.945425	0.424561	-56.915200	-29.950900	25.000000
17.181681	1.939975	0.397287	17.509997	1.944972	0.513058	-56.915200	-29.328700	25.000000
17.181681	1.939975	0.397287	16.926311	1.964940	0.515178	-56.915200	-28.231000	25.000000
17.181321	1.939983	0.397230	16.586094	1.841795	5.834650	-56.915200	-27.608800	25.000000
17.181321	1.939983	0.397230	16.650601	1.055175	0.259713	-56.915200	-26.511100	25.000000
17.181321	1.939983	0.397230	16.313568	1.029895	6.019128	-56.915200	-25.888900	25.000000
17.181321	1.939983	0.397230	17.986175	1.140669	6.206648	-56.915200	-24.791200	25.000000
17.181681	1.939975	0.397287	17.303783	1.037286	0.200686	-56.915200	-24.169100	25.000000
17.181321	1.939983	0.397230	17.064199	1.056114	0.143896	-56.915200	-23.071300	25.000000
17.181681	1.939975	0.397287	17.406321	1.291414	0.386056	-56.915200	-22.449200	25.000000
17.181681	1.939975	0.397287	17.020576	1.178955	0.363979	-56.915200	-21.351500	25.000000
17.181681	1.939975	0.397287	17.597159	1.252920	0.399393	-56.915200	-20.729300	25.000000
17.181681	1.939975	0.397287	16.706286	1.241654	0.409875	-56.915200	-19.631600	25.000000
17.181321	1.939983	0.397230	16.957715	1.375546	0.536296	-56.915200	-19.009400	25.000000
17.181321	1.939983	0.397230	17.333785	1.714945	0.518423	-56.915200	-17.911700	25.000000
17.181321	1.939983	0.397230	17.129507	1.960011	0.347693	-56.915200	-17.289500	25.000000
17.181321	1.939983	0.397230	17.234848	1.989037	0.309703	-56.915200	-16.191800	25.000000
17.181321	1.939983	0.397230	17.356555	1.967111	0.357309	-56.915200	-15.569600	25.000000
17.181321	1.939983	0.397230	17.098246	1.960761	0.341748	-56.915200	-14.471900	25.000000
17.181681	1.939975	0.397287	17.167702	1.946544	0.385158	-56.915200	-13.849800	25.000000
17.181681	1.939975	0.397287	17.253985	1.944572	0.382819	-56.915200	-12.752100	25.000000
17.181681	1.939975	0.397287	17.227304	1.938950	0.416329	-56.055300	-31.048600	25.000000
17.181681	1.939975	0.397287	17.142054	1.940869	0.418860	-56.055300	-29.950900	25.000000
17.181681	1.939975	0.397287	17.087422	1.961022	0.508942	-56.055300	-29.328700	25.000000
17.181681	1.939975	0.397287	17.159254	1.953011	0.469266	-56.055300	-28.231000	25.000000
17.181321	1.939983	0.397230	18.423792	1.445084	0.328671	-56.055300	-27.608800	25.000000
17.181321	1.939983	0.397230	15.601477	1.979476	6.234971	-56.055300	-26.511100	25.000000
17.181321	1.939983	0.397230	17.207138	1.080673	6.128433	-56.055300	-25.888900	25.000000
17.181321	1.939983	0.397230	17.209326	1.027265	6.041171	-56.055300	-24.791200	25.000000
17.181681	1.939975	0.397287	17.474350	1.120843	0.206743	-56.055300	-24.169100	25.000000
17.181321	1.939983	0.397230	16.858339	1.168538	0.165785	-56.055300	-23.071300	25.000000
17.181681	1.939975	0.397287	17.264414	1.234324	0.416978	-56.055300	-22.449200	25.000000
17.181681	1.939975	0.397287	17.026156	1.223186	0.390947	-56.055300	-21.351500	25.000000
17.181681	1.939975	0.397287	16.923357	1.307779	0.375961	-56.055300	-20.729300	25.000000
17.181681	1.939975	0.397287	17.394827	1.218632	0.356620	-56.055300	-19.631600	25.000000
17.181321	1.939983	0.397230	18.088530	1.547022	0.592604	-56.055300	-19.009400	25.000000
17.181321	1.939983	0.397230	16.257075	1.518488	0.452629	-56.055300	-17.911700	25.000000
17.181321	1.939983	0.397230	16.889346	1.940323	0.309703	-56.055300	-17.289500	25.000000
17.181321	1.939983	0.397230	17.431581	1.977771	0.390947	-56.055300	-16.191800	25.000000
17.181321	1.939983	0.397230	17.105847	1.966907	0.335778	-56.055300	-15.569600	25.000000
17.181321	1.939983	0.397230	17.270206	1.969204	0.359506	-56.055300	-14.471900	25.000000
17.181681	1.939975	0.397287	17.290749	1.949956	0.382819	-56.055300	-13.849800	25.000000
17.181681	1.939975	0.397287	17.253985	1.944572	0.382819	-56.055300	-12.752100	25.000000
17.181681	1.939975	0.397287	17.189823	1.939792	0.410625	-55.195300	-31.048600	25.000000
17.181681	1.939975	0.397287	17.189823	1.939792	0.410625	-55.195300	-29.950900	25.000000
17.181681	1.939975	0.397287	17.288435	1.943791	0.463648	-55.195300	-29.328700	25.000000
17.181681	1.939975	0.397287	16.911830	1.958899	0.449363	-55.195300	-28.231000	25.000000
17.181321	1.939983	0.397230	17.839843	1.802692	0.334500	-55.195300	-27.608800	25.000000
17.181321	1.939983	0.397230	16.414018	2.004652	0.451636	-55.195300	-26.511100	25.000000
17.181321	1.939983	0.397230	16.804883	1.487391	0.132354	-55.195300	-25.888900	25.000000
17.181321	1.939983	0.397230	17.481121	0.982572	6.065561	-55.195300	-24.791200	25.000000
17.181681	1.939975	0.397287	16.267772	1.139549	0.103035	-55.195300	-24.169100	25.000000
17.181321	1.939983	0.397230	18.035787	0.942558	0.162445	-55.195300	-23.071300	25.000000
17.181681	1.939975	0.397287	17.191568	1.208069	0.416329	-55.195300	-22.449200	25.000000
17.181681	1.939975	0.397287	17.131258	1.212972	0.396709	-55.195300	-21.351500	25.000000
17.181681	1.939975	0.397287	17.357419	1.168249	0.385158	-55.195300	-20.729300	25.000000
17.181681	1.939975	0.397287	16.977043	1.265678	0.386240	-55.195300	-19.631600	25.000000
17.181321	1.939983	0.397230	17.558841	1.557697	0.599061	-55.195300	-19.009400	25.000000
17.181321	1.939983	0.397230	16.712558	1.412167	0.471778	-55.195300	-17.911700	25.000000
17.181321	1.939983	0.397230	16.923652	1.908051	0.331651	-55.195300	-17.289500	25.000000
17.181321	1.939983	0.397230	17.479703	2.014258	0.355806	-55.195300	-16.191800	25.000000
17.181321	1.939983	0.397230	17.223240	1.976663	0.361729	-55.195300	-15.569600	25.000000
17.181321	1.939983	0.397230	17.154008	1.978398	0.329783	-55.195300	-14.471900	25.000000
17.181681	1.939975	0.397287	17.256303	1.950752	0.377030	-55.195300	-13.849800	25.000000
17.181681	1.939975	0.397287	17.167702	1.946544	0.385158	-55.195300	-12.752100	25.000000
17.181681	1.939975	0.397287	17.333782	1.942767	0.441491	-54.335400	-29.328700	25.000000
17.181681	1.939975	0.397287	17.000294	1.956773	0.432408	-54.335400	-28.231000	25.000000
17.181321	1.939983	0.397230	17.235719	1.982675	0.494799	-54.335400	-27.608800	25.000000
17.181321	1.939983	0.397230	17.200581	1.970909	0.500354	-54.335400	-26.511100	25.000000
17.181321	1.939983	0.397230	17.294259	1.287749	0.027102	-54.335400	-25.888900	25.000000
17.181321	1.939983	0.397230	16.962329	1.814319	0.305422	-54.335400	-24.791200	25.000000
17.181681	1.939975	0.397287	17.147758	1.052165	0.111695	-54.335400	-24.169100	25.000000
17.181321	1.939983	0.397230	17.159863	1.018692	0.169875	-54.335400	-23.071300	25.000000
17.181681	1.939975	0.397287	16.805654	1.186536	0.374547	-54.335400	-22.449200	25.000000
17.181681	1.939975	0.397287	17.441904	1.182730	0.455338	-54.335400	-21.351500	25.000000
17.181681	1.939975	0.397287	17.411778	1.194404	0.386240	-54.335400	-20.729300	25.000000
17.181681	1.939975	0.397287	16.995588	1.191050	0.389918	-54.335400	-19.631600	25.000000
17.181321	1.939983	0.397230	15.951266	1.522506	0.379341	-54.335400	-19.009400	25.000000
17.181321	1.939983	0.397230	18.289068	1.406019	0.655696	-54.335400	-17.911700	25.000000
17.181321	1.939983	0.397230	17.459095	2.002171	0.367627	-54.335400	-17.289500	25.000000
17.181321	1.939983	0.397230	16.942550	1.970941	0.279180	-54.335400	-16.191800	25.000000
17.181321	1.939983	0.397230	17.151676	1.972115	0.355806	-54.335400	-15.569600	25.000000
17.181321	1.939983	0.397230	17.147886	1.991293	0.331851	-54.335400	-14.471900	25.000000
17.181681	1.939975	0.397287	17.170032	1.952759	0.379341	-54.335400	-13.849800	25.000000
17.181681	1.939975	0.397287	17.167702	1.946544	0.385158	-54.335400	-12.752100	25.000000
17.181681	1.939975	0.397287	17.216562	1.945425	0.424561	-53.475500	-29.328700	25.000000
17.181681	1.939975	0.397287	17.168867	1.952786	0.427147	-53.475500	-28.231000	25.000000
17.181321	1.939983	0.397230	17.281493	1.956407	0.480406	-53.475500	-27.608800	25.000000
17.181321	1.939983	0.397230	17.004705	2.008005	0.515926	-53.475500	-26.511100	25.000000
17.181321	1.939983	0.397230	15.887416	1.812321	0.058375	-53.475500	-25.888900	25.000000
17.181321	1.939983	0.397230	18.354563	1.757112	0.503329	-53.475500	-24.791200	25.000000
17.181681	1.939975	0.397287	16.538987	1.133775	0.106309	-53.475500	-24.169100	25.000000
17.181321	1.939983	0.397230	17.821451	1.332887	0.245539	-53.475500	-23.071300	25.000000
17.181681	1.939975	0.397287	16.925129	1.150887	0.405741	-53.475500	-22.449200	25.000000
17.181681	1.939975	0.397287	17.517420	1.134664	0.449564	-53.475500	-21.351500	25.000000
17.181681	1.939975	0.397287	17.294219	1.166692	0.407369	-53.475500	-20.729300	25.000000
17.181681	1.939975	0.397287	17.012055	1.165993	0.366256	-53.475500	-19.631600	25.000000
17.181321	1.939983	0.397230	16.312155	1.688773	0.352990	-53.475500	-19.009400	25.000000
17.181321	1.939983	0.397230	17.959346	1.351325	0.586420	-53.475500	-17.911700	25.000000
17.181321	1.939983	0.397230	17.153717	2.042845	0.298980	-53.475500	-17.289500	25.000000
17.181321	1.939983	0.397230	17.157506	2.010277	0.327860	-53.475500	-16.191800	25.000000
17.181321	1.939983	0.397230	17.037605	1.981350	0.325799	-53.475500	-15.569600	25.000000
17.181321	1.939983	0.397230	17.226433	1.995617	0.358025	-53.475500	-14.471900	25.000000
17.181681	1.939975	0.397287	17.135927	1.953559	0.373497	-53.475500	-13.849800	25.000000
17.181681	1.939975	0.397287	17.204651	1.951951	0.385158	-53.475500	-12.752100	25.000000
17.181681	1.939975	0.397287	17.140887	1.947161	0.413129	-52.615500	-29.328700	25.000000
17.181681	1.939975	0.397287	17.227304	1.938950	0.416329	-52.615500	-28.231000	25.000000
17.181321	1.939983	0.397230	17.233688	1.976403	0.486243	-52.615500	-27.608800	25.000000
17.181321	1.939983	0.397230	17.154883	1.965712	0.443876	-52.615500	-26.511100	25.000000
17.181321	1.939983	0.397230	17.688697	1.804710	0.343806	-52.615500	-25.888900	25.000000
17.181321	1.939983	0.397230	16.545090	2.027752	0.460636	-52.615500	-24.791200	25.000000
17.181681	1.939975	0.397287	17.967259	1.364520	0.300171	-52.615500	-24.169100	25.000000
17.181321	1.939983	0.397230	16.388520	1.567135	0.103919	-52.615500	-23.071300	25.000000
17.181681	1.939975	0.397287	17.269916	1.153457	0.452317	-52.615500	-22.449200	25.000000
17.181681	1.939975	0.397287	17.036725	1.185689	0.355806	-52.615500	-21.351500	25.000000
17.181681	1.939975	0.397287	16.703592	1.164593	0.352669	-52.615500	-20.729300	25.000000
17.181681	1.939975	0.397287	17.637744	1.150298	0.477536	-52.615500	-19.631600	25.000000
17.181321	1.939983	0.397230	18.316116	1.791517	0.553854	-52.615500	-19.009400	25.000000
17.181321	1.939983	0.397230	16.051072	1.422601	0.313783	-52.615500	-17.911700	25.000000
17.181321	1.939983	0.397230	17.207847	2.060898	0.300920	-52.615500	-17.289500	25.000000
17.181321	1.939983	0.397230	17.066341	2.065327	0.311225	-52.615500	-16.191800	25.000000
17.181321	1.939983	0.397230	17.144678	2.004192	0.333945	-52.615500	-15.569600	25.000000
17.181321	1.939983	0.397230	17.223240	1.976663	0.361729	-52.615500	-14.471900	25.000000
17.181681	1.939975	0.397287	17.133009	1.947343	0.379341	-52.615500	-13.849800	25.000000
17.181681	1.939975	0.397287	17.207556	1.958152	0.379341	-52.615500	-12.752100	25.000000
17.181681	1.939975	0.397287	17.140887	1.947161	0.413129	-51.755600	-29.328700	25.000000
17.181321	1.939983	0.397230	17.246739	1.950973	0.438513	-51.755600	-27.608800	25.000000
17.181321	1.939983	0.397230	17.076592	1.967623	0.432408	-51.755600	-26.511100	25.000000
17.181321	1.939983	0.397230	17.239490	1.988918	0.503399	-51.755600	-25.888900	25.000000
17.181321	1.939983	0.397230	17.081862	2.025351	0.495707	-51.755600	-24.791200	25.000000
17.181681	1.939975	0.397287	16.681679	1.892850	0.281772	-51.755600	-24.169100	25.000000
17.181321	1.939983	0.397230	17.618232	1.548658	0.323546	-51.755600	-23.071300	25.000000
17.181681	1.939975	0.397287	17.802809	1.395774	0.392158	-51.755600	-22.449200	25.000000
17.181681	1.939975	0.397287	16.568947	1.308270	0.317798	-51.755600	-21.351500	25.000000
17.181681	1.939975	0.397287	16.770510	1.299139	0.380506	-51.755600	-20.729300	25.000000
17.181681	1.939975	0.397287	17.543090	1.281777	0.468967	-51.755600	-19.631600	25.000000
17.181321	1.939983	0.397230	17.889595	1.556262	0.533708	-51.755600	-19.009400	25.000000
17.181321	1.939983	0.397230	16.495466	1.941771	0.297064	-51.755600	-17.911700	25.000000
17.181321	1.939983	0.397230	17.076592	2.058363	0.302885	-51.755600	-17.289500	25.000000
17.181321	1.939983	0.397230	17.194767	2.101300	0.315354	-51.755600	-16.191800	25.000000
17.181321	1.939983	0.397230	17.133009	1.998085	0.340004	-51.755600	-15.569600	25.000000
17.181321	1.939983	0.397230	17.210171	1.983323	0.369906	-51.755600	-14.471900	25.000000
17.181681	1.939975	0.397287	17.207556	1.958152	0.379341	-51.755600	-13.849800	25.000000
17.181681	1.939975	0.397287	17.133009	1.947343	0.379341	-51.755600	-12.752100	25.000000
17.181681	1.939975	0.397287	17.275416	1.937876	0.408149	-50.895600	-29.328700	25.000000
17.181321	1.939983	0.397230	17.122208	1.960186	0.429762	-50.895600	-27.608800	25.000000
17.181321	1.939983	0.397230	17.216562	1.945425	0.424561	-50.895600	-26.511100	25.000000
17.181321	1.939983	0.397230	17.316466	1.980639	0.491809	-50.895600	-25.888900	25.000000
17.181321	1.939983	0.397230	17.031148	2.020277	0.466563	-50.895600	-24.791200	25.000000
17.181681	1.939975	0.397287	16.381392	2.019079	0.381764	-50.895600	-24.169100	25.000000
17.181321	1.939983	0.397230	17.937112	1.894180	0.503101	-50.895600	-23.071300	25.000000
17.181681	1.939975	0.397287	16.736176	1.638965	0.329326	-50.895600	-22.449200	25.000000
17.181681	1.939975	0.397287	17.619821	1.708004	0.425205	-50.895600	-21.351500	25.000000
17.181681	1.939975	0.397287	17.177663	1.577200	0.388074	-50.895600	-20.729300	25.000000
17.181681	1.939975	0.397287	17.211278	1.605083	0.406419	-50.895600	-19.631600	25.000000
17.181321	1.939983	0.397230	18.284967	1.887811	0.551278	-50.895600	-19.009400	25.000000
17.181321	1.939983	0.397230	15.966527	1.889310	0.219384	-50.895600	-17.911700	25.000000
17.181321	1.939983	0.397230	17.103216	2.057538	0.309199	-50.895600	-17.289500	25.000000
17.181321	1.939983	0.397230	17.188950	2.115044	0.332503	-50.895600	-16.191800	25.000000
17.181321	1.939983	0.397230	17.159254	1.978266	0.349856	-50.895600	-15.569600	25.000000
17.181321	1.939983	0.397230	17.257172	2.007564	0.366256	-50.895600	-14.471900	25.000000
17.181681	1.939975	0.397287	17.204651	1.951951	0.385158	-50.895600	-13.849800	25.000000
17.181681	1.939975	0.397287	17.207556	1.958152	0.379341	-50.895600	-12.752100	25.000000
17.181681	1.939975	0.397287	17.275416	1.937876	0.408149	-50.035700	-29.328700	25.000000
17.181321	1.939983	0.397230	17.263545	1.944355	0.416329	-50.035700	-27.608800	25.000000
17.181321	1.939983	0.397230	17.215400	1.951701	0.418860	-50.035700	-26.511100	25.000000
17.181321	1.939983	0.397230	17.108477	1.992323	0.443593	-50.035700	-25.888900	25.000000
17.181321	1.939983	0.397230	17.278021	1.962743	0.446842	-50.035700	-24.791200	25.000000
17.181681	1.939975	0.397287	17.233978	2.060089	0.493051	-50.035700	-24.169100	25.000000
17.181321	1.939983	0.397230	17.204941	2.028326	0.492625	-50.035700	-23.071300	25.000000
17.181681	1.939975	0.397287	17.439610	1.965119	0.477536	-50.035700	-22.449200	25.000000
17.181681	1.939975	0.397287	16.997941	2.021220	0.431495	-50.035700	-21.351500	25.000000
17.181681	1.939975	0.397287	17.167702	1.927827	0.402443	-50.035700	-20.729300	25.000000
17.181321	1.939983	0.397230	17.658143	2.073007	0.440530	-50.035700	-19.009400	25.000000
17.181321	1.939983	0.397230	16.743954	2.015296	0.309199	-50.035700	-17.911700	25.000000
17.181321	1.939983	0.397230	17.245869	2.113048	0.345301	-50.035700	-17.289500	25.000000
17.181321	1.939983	0.397230	17.123084	2.043759	0.334198	-50.035700	-16.191800	25.000000
17.181321	1.939983	0.397230	17.283807	1.987779	0.375806	-50.035700	-15.569600	25.000000
17.181321	1.939983	0.397230	17.036725	1.994212	0.348221	-50.035700	-14.471900	25.000000
17.181681	1.939975	0.397287	17.118703	1.953964	0.387524	-50.035700	-13.849800	25.000000
17.181681	1.939975	0.397287	17.207556	1.958152	0.379341	-50.035700	-12.752100	25.000000
17.181321	1.939983	0.397230	17.226143	1.945206	0.410625	-49.175800	-27.608800	25.000000
17.181321	1.939983	0.397230	17.103801	1.948018	0.407369	-49.175800	-26.511100	25.000000
17.181321	1.939983	0.397230	17.130674	1.953682	0.421419	-49.175800	-25.888900	25.000000
17.181321	1.939983	0.397230	17.237749	1.969997	0.435486	-49.175800	-24.791200	25.000000
17.181681	1.939975	0.397287	17.351081	1.992370	0.472122	-49.175800	-24.169100	25.000000
17.181321	1.939983	0.397230	17.043767	2.039554	0.463648	-49.175800	-23.071300	25.000000
17.181681	1.939975	0.397287	17.280336	2.091713	0.493489	-49.175800	-22.449200	25.000000
17.181681	1.939975	0.397287	17.097953	2.084363	0.466651	-49.175800	-21.351500	25.000000
17.181681	1.939975	0.397287	17.317621	2.110553	0.430527	-49.175800	-20.729300	25.000000
17.181681	1.939975	0.397287	16.996764	2.115010	0.432888	-49.175800	-19.631600	25.000000
17.181321	1.939983	0.397230	17.206394	2.114430	0.375462	-49.175800	-19.009400	25.000000
17.181321	1.939983	0.397230	17.047580	2.120070	0.380506	-49.175800	-17.911700	25.000000
17.181321	1.939983	0.397230	17.102631	2.057556	0.330119	-49.175800	-17.289500	25.000000
17.181321	1.939983	0.397230	17.393102	2.061732	0.387770	-49.175800	-16.191800	25.000000
17.181321	1.939983	0.397230	17.273679	1.994380	0.384044	-49.175800	-15.569600	25.000000
17.181321	1.939983	0.397230	16.987054	1.982646	0.354259	-49.175800	-14.471900	25.000000
17.181681	1.939975	0.397287	17.242100	1.957334	0.385158	-49.175800	-13.849800	25.000000
17.181681	1.939975	0.397287	17.207556	1.958152	0.379341	-49.175800	-12.752100	25.000000
17.181681	1.939975	0.397287	17.167702	1.946544	0.385158	-49.175800	-12.129900	25.000000
17.181321	1.939983	0.397230	17.226143	1.945206	0.410625	-48.315800	-26.511100	25.000000
17.181321	1.939983	0.397230	17.215400	1.951701	0.418860	-48.315800	-25.888900	25.000000
17.181321	1.939983	0.397230	17.168285	1.959085	0.421419	-48.315800	-24.791200	25.000000
17.181681	1.939975	0.397287	16.993234	1.995366	0.426093	-48.315800	-24.169100	25.000000
17.181321	1.939983	0.397230	17.269916	1.981810	0.457998	-48.315800	-23.071300	25.000000
17.181681	1.939975	0.397287	17.014406	2.047030	0.437027	-48.315800	-22.449200	25.000000
17.181681	1.939975	0.397287	17.348775	2.056569	0.481139	-48.315800	-21.351500	25.000000
17.181681	1.939975	0.397287	17.152551	2.109523	0.427190	-48.315800	-20.729300	25.000000
17.181681	1.939975	0.397287	17.197965	2.094463	0.451636	-48.315800	-19.631600	25.000000
17.181321	1.939983	0.397230	17.126879	2.110419	0.405785	-48.315800	-19.009400	25.000000
17.181321	1.939983	0.397230	17.228465	2.086756	0.382985	-48.315800	-17.911700	25.000000
17.181321	1.939983	0.397230	17.092103	2.051273	0.357226	-48.315800	-17.289500	25.000000
17.181321	1.939983	0.397230	17.235429	2.027456	0.391310	-48.315800	-16.191800	25.000000
17.181321	1.939983	0.397230	17.137386	1.978817	0.363979	-48.315800	-15.569600	25.000000
17.181321	1.939983	0.397230	17.232818	1.989090	0.384044	-48.315800	-14.471900	25.000000
17.181681	1.939975	0.397287	17.156340	1.959370	0.387524	-48.315800	-13.849800	25.000000
17.181681	1.939975	0.397287	17.204651	1.951951	0.385158	-48.315800	-12.752100	25.000000
17.181321	1.939983	0.397230	17.226143	1.945206	0.410625	-47.455900	-25.888900	25.000000
17.181321	1.939983	0.397230	17.177893	1.952575	0.413129	-47.455900	-24.791200	25.000000
17.181681	1.939975	0.397287	17.162750	1.978178	0.418224	-47.455900	-24.169100	25.000000
17.181321	1.939983	0.397230	17.199128	1.964640	0.435486	-47.455900	-23.071300	25.000000
17.181681	1.939975	0.397287	17.117535	1.998497	0.423439	-47.455900	-22.449200	25.000000
17.181681	1.939975	0.397287	17.239780	2.027332	0.454977	-47.455900	-21.351500	25.000000
17.181681	1.939975	0.397287	17.103801	2.050916	0.428264	-47.455900	-20.729300	25.000000
17.181681	1.939975	0.397287	17.233978	2.060089	0.434244	-47.455900	-19.631600	25.000000
17.181321	1.939983	0.397230	17.321085	2.050893	0.408311	-47.455900	-19.009400	25.000000
17.181321	1.939983	0.397230	17.054325	2.059056	0.395302	-47.455900	-17.911700	25.000000
17.181321	1.939983	0.397230	17.307224	2.006214	0.392340	-47.455900	-17.289500	25.000000
17.181321	1.939983	0.397230	17.135052	2.030336	0.373251	-47.455900	-16.191800	25.000000
17.181321	1.939983	0.397230	17.192440	1.983775	0.384044	-47.455900	-15.569600	25.000000
17.181321	1.939983	0.397230	17.045234	1.974766	0.372213	-47.455900	-14.471900	25.000000
17.181681	1.939975	0.397287	17.191568	1.958531	0.393341	-47.455900	-13.849800	25.000000
17.181681	1.939975	0.397287	17.207556	1.958152	0.379341	-47.455900	-12.752100	25.000000
17.181681	1.939975	0.397287	17.215400	1.951701	0.418860	-46.595900	-24.169100	25.000000
17.181321	1.939983	0.397230	17.168867	1.965372	0.415662	-46.595900	-23.071300	25.000000
17.181681	1.939975	0.397287	17.118995	1.985655	0.420817	-46.595900	-22.449200	25.000000
17.181681	1.939975	0.397287	17.235139	1.989030	0.432408	-46.595900	-21.351500	25.000000
17.181681	1.939975	0.397287	17.124836	2.017640	0.420197	-46.595900	-20.729300	25.000000
17.181681	1.939975	0.397287	17.242680	2.020798	0.431958	-46.595900	-19.631600	25.000000
17.181321	1.939983	0.397230	17.222369	2.027828	0.405741	-46.595900	-19.009400	25.000000
17.181321	1.939983	0.397230	17.218014	2.015048	0.403203	-46.595900	-17.911700	25.000000
17.181321	1.939983	0.397230	17.231657	2.014671	0.388859	-46.595900	-17.289500	25.000000
17.181321	1.939983	0.397230	17.148178	1.991285	0.386438	-46.595900	-16.191800	25.000000
17.181321	1.939983	0.397230	17.164498	1.971798	0.375806	-46.595900	-15.569600	25.000000
17.181321	1.939983	0.397230	17.147886	1.972209	0.389918	-46.595900	-14.471900	25.000000
17.181681	1.939975	0.397287	17.204651	1.951951	0.385158	-46.595900	-13.849800	25.000000
17.181681	1.939975	0.397287	17.156340	1.959370	0.387524	-46.595900	-12.752100	25.000000
17.181681	1.939975	0.397287	17.300289	1.949736	0.416329	-45.736000	-24.169100	25.000000
17.181321	1.939983	0.397230	17.178475	1.958842	0.407369	-45.736000	-23.071300	25.000000
17.181681	1.939975	0.397287	17.086252	1.973740	0.412410	-45.736000	-22.449200	25.000000
17.181681	1.939975	0.397287	17.282940	1.968894	0.427147	-45.736000	-21.351500	25.000000
17.181681	1.939975	0.397287	17.159545	1.990989	0.420817	-45.736000	-20.729300	25.000000
17.181681	1.939975	0.397287	17.206104	1.989780	0.412410	-45.736000	-19.631600	25.000000
17.181321	1.939983	0.397230	17.210752	1.996029	0.406567	-45.736000	-19.009400	25.000000
17.181321	1.939983	0.397230	17.168867	2.003541	0.409104	-45.736000	-17.911700	25.000000
17.181321	1.939983	0.397230	17.148178	1.991285	0.386438	-45.736000	-17.289500	25.000000
17.181321	1.939983	0.397230	17.262097	1.982007	0.395763	-45.736000	-16.191800	25.000000
17.181321	1.939983	0.397230	17.187205	1.977564	0.389918	-45.736000	-15.569600	25.000000
17.181321	1.939983	0.397230	17.144387	1.965967	0.395763	-45.736000	-14.471900	25.000000
17.181681	1.939975	0.397287	17.204651	1.951951	0.385158	-45.736000	-13.849800	25.000000
17.181681	1.939975	0.397287	17.191568	1.958531	0.393341	-45.736000	-12.752100	25.000000
17.181681	1.939975	0.397287	17.239780	1.951134	0.390947	-45.736000	-11.032200	25.000000
17.181321	1.939983	0.397230	17.226143	1.945206	0.410625	-44.876100	-23.071300	25.000000
17.181681	1.939975	0.397287	17.142054	1.959711	0.401581	-44.876100	-22.449200	25.000000
17.181681	1.939975	0.397287	17.215400	1.957966	0.413129	-44.876100	-21.351500	25.000000
17.181681	1.939975	0.397287	17.207556	1.970737	0.415662	-44.876100	-20.729300	25.000000
17.181681	1.939975	0.397287	17.173526	1.977908	0.404059	-44.876100	-19.631600	25.000000
17.181321	1.939983	0.397230	17.137678	1.978810	0.398214	-44.876100	-19.009400	25.000000
17.181321	1.939983	0.397230	17.213367	1.983242	0.404059	-44.876100	-17.911700	25.000000
17.181321	1.939983	0.397230	17.102339	1.979703	0.392340	-44.876100	-17.289500	25.000000
17.181321	1.939983	0.397230	17.173526	1.977908	0.404059	-44.876100	-16.191800	25.000000
17.181321	1.939983	0.397230	17.229626	1.963904	0.393341	-44.876100	-15.569600	25.000000
17.181321	1.939983	0.397230	17.233108	1.970110	0.387524	-44.876100	-14.471900	25.000000
17.181681	1.939975	0.397287	17.154008	1.953134	0.393341	-44.876100	-13.849800	25.000000
17.181681	1.939975	0.397287	17.239780	1.951134	0.390947	-44.876100	-12.752100	25.000000
17.181681	1.939975	0.397287	17.154008	1.953134	0.393341	-44.876100	-11.032200	25.000000
17.181681	1.939975	0.397287	17.226143	1.945206	0.410625	-44.016100	-24.169100	25.000000
17.181681	1.939975	0.397287	17.178475	1.958842	0.407369	-44.016100	-22.449200	25.000000
17.181681	1.939975	0.397287	17.140887	1.953442	0.407369	-44.016100	-21.351500	25.000000
17.181681	1.939975	0.397287	17.216562	1.964219	0.407369	-44.016100	-20.729300	25.000000
17.181681	1.939975	0.397287	17.093566	1.960874	0.409875	-44.016100	-19.631600	25.000000
17.181321	1.939983	0.397230	17.134176	1.972548	0.404059	-44.016100	-19.009400	25.000000
17.181321	1.939983	0.397230	17.134176	1.972548	0.404059	-44.016100	-17.911700	25.000000
17.181321	1.939983	0.397230	17.134176	1.972548	0.404059	-44.016100	-17.289500	25.000000
17.181321	1.939983	0.397230	17.229626	1.963904	0.393341	-44.016100	-16.191800	25.000000
17.181321	1.939983	0.397230	17.191568	1.958531	0.393341	-44.016100	-15.569600	25.000000
17.181321	1.939983	0.397230	17.229626	1.963904	0.393341	-44.016100	-14.471900	25.000000
17.181681	1.939975	0.397287	17.239780	1.951134	0.390947	-44.016100	-13.849800	25.000000
17.181681	1.939975	0.397287	17.154008	1.953134	0.393341	-44.016100	-12.752100	25.000000
17.181681	1.939975	0.397287	17.189823	1.952297	0.399131	-43.156200	-22.449200	25.000000
17.181681	1.939975	0.397287	17.142054	1.959711	0.401581	-43.156200	-20.729300	25.000000
17.181681	1.939975	0.397287	17.263545	1.956829	0.404892	-43.156200	-19.631600	25.000000
17.181321	1.939983	0.397230	17.180221	1.965097	0.401581	-43.156200	-19.009400	25.000000
17.181321	1.939983	0.397230	17.142054	1.959711	0.401581	-43.156200	-17.911700	25.000000
17.181321	1.939983	0.397230	17.227304	1.957684	0.399131	-43.156200	-17.289500	25.000000
17.181321	1.939983	0.397230	17.144387	1.965967	0.395763	-43.156200	-16.191800	25.000000
17.181321	1.939983	0.397230	17.191568	1.958531	0.393341	-43.156200	-15.569600	25.000000
17.181321	1.939983	0.397230	17.189823	1.952297	0.399131	-43.156200	-14.471900	25.000000
17.181681	1.939975	0.397287	17.154008	1.953134	0.393341	-43.156200	-13.849800	25.000000
17.181681	1.939975	0.397287	17.189823	1.952297	0.399131	-42.296200	-20.729300	25.000000
17.181681	1.939975	0.397287	17.140887	1.953442	0.407369	-42.296200	-19.631600	25.000000
17.181321	1.939983	0.397230	17.142054	1.959711	0.401581	-42.296200	-19.009400	25.000000
17.181321	1.939983	0.397230	17.142054	1.959711	0.401581	-42.296200	-17.911700	25.000000
17.181321	1.939983	0.397230	17.227304	1.957684	0.399131	-42.296200	-17.289500	25.000000
17.181321	1.939983	0.397230	17.142054	1.959711	0.401581	-42.296200	-16.191800	25.000000
17.181321	1.939983	0.397230	17.154008	1.953134	0.393341	-42.296200	-15.569600	25.000000
17.181321	1.939983	0.397230	17.191568	1.958531	0.393341	-42.296200	-14.471900	25.000000
17.181681	1.939975	0.397287	17.239780	1.951134	0.390947	-42.296200	-12.752100	25.000000
