17.181259	2.070854	0.578032	17.224692	2.060376	0.569756	-56.292400	-29.328700	25.000000
17.181994	2.070830	0.577996	17.151676	2.056043	0.578862	-55.432500	-32.768500	25.000000
17.181994	2.070830	0.577996	17.224692	2.060376	0.569756	-55.432500	-31.670800	25.000000
17.181994	2.070830	0.577996	17.177893	2.055239	0.569756	-55.432500	-31.048600	25.000000
17.181994	2.070830	0.577996	17.225853	2.053774	0.575276	-55.432500	-28.231000	25.000000
17.181994	2.070830	0.577996	17.102924	2.064174	0.567748	-55.432500	-25.888900	25.000000
17.181259	2.070854	0.578032	17.200291	2.054553	0.584360	-54.572500	-33.390600	25.000000
17.181259	2.070854	0.578032	17.151676	2.056043	0.578862	-54.572500	-32.768500	25.000000
17.181259	2.070854	0.578032	17.179639	2.048619	0.575276	-54.572500	-31.670800	25.000000
17.181259	2.070854	0.578032	17.206394	2.047814	0.566227	-54.572500	-31.048600	25.000000
17.181259	2.070854	0.578032	17.131550	2.050073	0.569756	-54.572500	-29.950900	25.000000
17.181259	2.070854	0.578032	17.083911	2.051523	0.564198	-54.572500	-29.328700	25.000000
17.181259	2.070854	0.578032	17.254275	2.046380	0.571729	-54.572500	-28.231000	25.000000
17.181259	2.070854	0.578032	17.224692	2.060376	0.569756	-54.572500	-27.608800	25.000000
17.181259	2.070854	0.578032	17.130382	2.056699	0.564198	-54.572500	-26.511100	25.000000
17.181259	2.070854	0.578032	17.224692	2.060376	0.569756	-54.572500	-25.888900	25.000000
17.181994	2.070830	0.577996	17.247029	2.059686	0.584360	-53.712600	-34.488300	25.000000
17.181994	2.070830	0.577996	17.151676	2.056043	0.578862	-53.712600	-33.390600	25.000000
17.181994	2.070830	0.577996	17.228175	2.047161	0.580756	-53.712600	-32.768500	25.000000
17.181994	2.070830	0.577996	17.179639	2.048619	0.575276	-53.712600	-31.670800	25.000000
17.181994	2.070830	0.577996	17.208719	2.041214	0.571729	-53.712600	-31.048600	25.000000
17.181994	2.070830	0.577996	17.208719	2.041214	0.571729	-53.712600	-29.950900	25.000000
17.181994	2.070830	0.577996	17.283807	2.039006	0.568221	-53.712600	-29.328700	25.000000
17.181994	2.070830	0.577996	17.113153	2.044056	0.560687	-53.712600	-28.231000	25.000000
17.181994	2.070830	0.577996	17.252536	2.052963	0.566227	-53.712600	-27.608800	25.000000
17.181994	2.070830	0.577996	17.188659	2.041807	0.557215	-53.712600	-26.511100	25.000000
17.181994	2.070830	0.577996	17.177893	2.055239	0.569756	-53.712600	-25.888900	25.000000
17.181994	2.070830	0.577996	17.055791	2.059010	0.567748	-53.712600	-24.791200	25.000000
17.181259	2.070854	0.578032	17.105262	2.050872	0.578862	-52.852600	-34.488300	25.000000
17.181259	2.070854	0.578032	17.154008	2.049393	0.584360	-52.852600	-33.390600	25.000000
17.181259	2.070854	0.578032	17.088593	2.038226	0.575276	-52.852600	-32.768500	25.000000
17.181259	2.070854	0.578032	17.231657	2.040537	0.586198	-52.852600	-31.670800	25.000000
17.181259	2.070854	0.578032	17.150510	2.023396	0.568221	-52.852600	-31.048600	25.000000
17.181259	2.070854	0.578032	17.167702	2.029395	0.577192	-52.852600	-29.950900	25.000000
17.181259	2.070854	0.578032	17.130966	2.023951	0.553782	-52.852600	-29.328700	25.000000
17.181259	2.070854	0.578032	17.302601	2.019126	0.561319	-52.852600	-28.231000	25.000000
17.181259	2.070854	0.578032	17.172653	2.035757	0.548241	-52.852600	-27.608800	25.000000
17.181259	2.070854	0.578032	17.219466	2.034393	0.553782	-52.852600	-26.511100	25.000000
17.181259	2.070854	0.578032	17.141762	2.043201	0.551655	-52.852600	-25.888900	25.000000
17.181259	2.070854	0.578032	17.205232	2.054403	0.560687	-52.852600	-24.791200	25.000000
17.181259	2.070854	0.578032	17.177311	2.061847	0.564198	-52.852600	-24.169100	25.000000
17.180780	2.070869	0.577977	17.130382	2.063312	0.558599	-52.852600	-23.071300	25.000000
17.181259	2.070854	0.578032	17.151676	2.056043	0.578862	-51.992700	-36.208200	25.000000
17.181259	2.070854	0.578032	17.108185	2.044204	0.584360	-51.992700	-34.488300	25.000000
17.181259	2.070854	0.578032	17.249348	2.053060	0.589817	-51.992700	-33.390600	25.000000
17.181259	2.070854	0.578032	17.222659	2.021360	0.588003	-51.992700	-32.768500	25.000000
17.181259	2.070854	0.578032	17.088593	2.038226	0.575276	-51.992700	-31.670800	25.000000
17.181259	2.070854	0.578032	17.238039	2.008082	0.575570	-51.992700	-31.048600	25.000000
17.181259	2.070854	0.578032	17.230786	1.995503	0.572103	-51.992700	-29.950900	25.000000
17.181259	2.070854	0.578032	17.246739	1.988731	0.554564	-51.992700	-29.328700	25.000000
17.181259	2.070854	0.578032	17.121040	1.991994	0.552494	-51.992700	-28.231000	25.000000
17.181259	2.070854	0.578032	17.105262	2.011714	0.535985	-51.992700	-27.608800	25.000000
17.181259	2.070854	0.578032	17.145553	1.997752	0.538222	-51.992700	-26.511100	25.000000
17.181259	2.070854	0.578032	17.219466	2.034393	0.553782	-51.992700	-25.888900	25.000000
17.181259	2.070854	0.578032	17.080398	2.038468	0.537045	-51.992700	-24.791200	25.000000
17.181259	2.070854	0.578032	17.083325	2.058154	0.558599	-51.992700	-24.169100	25.000000
17.180780	2.070869	0.577977	17.234268	2.046978	0.557215	-51.992700	-23.071300	25.000000
17.181259	2.070854	0.578032	17.177311	2.061847	0.564198	-51.992700	-22.449200	25.000000
17.181994	2.070830	0.577996	17.247029	2.059686	0.584360	-51.132800	-36.208200	25.000000
17.181994	2.070830	0.577996	17.108185	2.044204	0.584360	-51.132800	-34.488300	25.000000
17.181994	2.070830	0.577996	17.203197	2.047910	0.589817	-51.132800	-33.390600	25.000000
17.181994	2.070830	0.577996	17.191859	2.028701	0.591600	-51.132800	-32.768500	25.000000
17.181994	2.070830	0.577996	17.094151	2.005561	0.588003	-51.132800	-31.670800	25.000000
17.181994	2.070830	0.577996	17.020282	1.975393	0.566729	-51.132800	-31.048600	25.000000
17.181994	2.070830	0.577996	17.349063	1.967292	0.589736	-51.132800	-29.950900	25.000000
17.181994	2.070830	0.577996	17.220337	1.932889	0.541484	-51.132800	-29.328700	25.000000
17.181994	2.070830	0.577996	17.145262	1.940797	0.553294	-51.132800	-28.231000	25.000000
17.181994	2.070830	0.577996	17.049633	1.955597	0.508942	-51.132800	-27.608800	25.000000
17.181994	2.070830	0.577996	17.233978	1.951269	0.530773	-51.132800	-26.511100	25.000000
17.181994	2.070830	0.577996	17.163624	1.984511	0.512043	-51.132800	-25.888900	25.000000
17.181994	2.070830	0.577996	17.301445	2.019158	0.523919	-51.132800	-24.791200	25.000000
17.181994	2.070830	0.577996	17.293930	2.038710	0.544864	-51.132800	-24.169100	25.000000
17.181515	2.070846	0.577941	17.049927	2.052563	0.534744	-51.132800	-23.071300	25.000000
17.181994	2.070830	0.577996	17.251956	2.059534	0.560687	-51.132800	-22.449200	25.000000
17.181994	2.070830	0.577996	17.055791	2.065660	0.562130	-51.132800	-21.351500	25.000000
17.181259	2.070854	0.578032	17.173526	2.061964	0.588003	-50.272800	-36.830400	25.000000
17.181259	2.070854	0.578032	17.200291	2.054553	0.584360	-50.272800	-36.208200	25.000000
17.181259	2.070854	0.578032	17.247029	2.059686	0.584360	-50.272800	-35.110500	25.000000
17.181259	2.070854	0.578032	17.154008	2.049393	0.584360	-50.272800	-34.488300	25.000000
17.181259	2.070854	0.578032	17.302890	2.044934	0.600615	-50.272800	-33.390600	25.000000
17.181259	2.070854	0.578032	17.332340	1.992854	0.605545	-50.272800	-32.768500	25.000000
17.181259	2.070854	0.578032	17.011173	2.014325	0.586198	-50.272800	-31.670800	25.000000
17.181259	2.070854	0.578032	17.328012	1.905985	0.589698	-50.272800	-31.048600	25.000000
17.181259	2.070854	0.578032	16.978221	1.957301	0.586239	-50.272800	-29.950900	25.000000
17.181259	2.070854	0.578032	17.233398	1.883405	0.559246	-50.272800	-29.328700	25.000000
17.181259	2.070854	0.578032	17.147886	1.891156	0.535151	-50.272800	-28.231000	25.000000
17.181259	2.070854	0.578032	17.084789	1.910948	0.491418	-50.272800	-27.608800	25.000000
17.181259	2.070854	0.578032	17.201453	1.896252	0.513058	-50.272800	-26.511100	25.000000
17.181259	2.070854	0.578032	17.330609	1.955257	0.499843	-50.272800	-25.888900	25.000000
17.181259	2.070854	0.578032	17.080398	1.948561	0.463648	-50.272800	-24.791200	25.000000
17.181259	2.070854	0.578032	17.197093	2.009195	0.495246	-50.272800	-24.169100	25.000000
17.180780	2.070869	0.577977	17.189241	2.035273	0.524796	-50.272800	-23.071300	25.000000
17.181259	2.070854	0.578032	17.263256	2.046112	0.548241	-50.272800	-22.449200	25.000000
17.181259	2.070854	0.578032	17.083911	2.064772	0.552962	-50.272800	-21.351500	25.000000
17.181259	2.070854	0.578032	17.224692	2.060376	0.569756	-50.272800	-20.729300	25.000000
17.181994	2.070830	0.577996	17.173526	2.061964	0.588003	-49.412900	-36.208200	25.000000
17.181994	2.070830	0.577996	17.247029	2.059686	0.584360	-49.412900	-35.110500	25.000000
17.181994	2.070830	0.577996	17.157506	2.042732	0.589817	-49.412900	-34.488300	25.000000
17.181994	2.070830	0.577996	17.229626	2.047117	0.604306	-49.412900	-33.390600	25.000000
17.181994	2.070830	0.577996	16.884608	1.998276	0.586198	-49.412900	-32.768500	25.000000
17.181994	2.070830	0.577996	17.375270	1.985448	0.624635	-49.412900	-31.670800	25.000000
17.181994	2.070830	0.577996	17.496857	1.902625	0.626574	-49.412900	-31.048600	25.000000
17.181994	2.070830	0.577996	16.964080	1.888541	0.577676	-49.412900	-29.950900	25.000000
17.181994	2.070830	0.577996	17.482277	1.951749	0.610221	-49.412900	-29.328700	25.000000
17.181994	2.070830	0.577996	16.729017	1.918485	0.526244	-49.412900	-28.231000	25.000000
17.181994	2.070830	0.577996	17.254275	2.072637	0.549490	-49.412900	-27.608800	25.000000
17.181994	2.070830	0.577996	17.178475	2.022604	0.559285	-49.412900	-26.511100	25.000000
17.181994	2.070830	0.577996	16.959658	2.068722	0.496669	-49.412900	-25.888900	25.000000
17.181994	2.070830	0.577996	17.422112	1.996836	0.528528	-49.412900	-24.791200	25.000000
17.181994	2.070830	0.577996	17.233398	1.970103	0.477731	-49.412900	-24.169100	25.000000
17.181515	2.070846	0.577941	17.109354	2.011601	0.469428	-49.412900	-23.071300	25.000000
17.181994	2.070830	0.577996	17.102339	2.044379	0.507737	-49.412900	-22.449200	25.000000
17.181994	2.070830	0.577996	17.293351	2.045217	0.539305	-49.412900	-21.351500	25.000000
17.181994	2.070830	0.577996	17.205232	2.060979	0.555108	-49.412900	-20.729300	25.000000
17.181994	2.070830	0.577996	17.103508	2.070806	0.562130	-49.412900	-19.631600	25.000000
17.181259	2.070854	0.578032	17.173526	2.061964	0.588003	-48.552900	-35.110500	25.000000
17.181259	2.070854	0.578032	17.229626	2.047117	0.604306	-48.552900	-34.488300	25.000000
17.181259	2.070854	0.578032	17.162168	2.036063	0.595236	-48.552900	-33.390600	25.000000
17.181259	2.070854	0.578032	17.351369	2.005031	0.632066	-48.552900	-32.768500	25.000000
17.181259	2.070854	0.578032	16.891122	1.953012	0.603930	-48.552900	-31.670800	25.000000
17.181259	2.070854	0.578032	17.136219	1.891382	0.623823	-48.552900	-31.048600	25.000000
17.181259	2.070854	0.578032	17.228755	1.883493	0.603230	-48.552900	-29.950900	25.000000
17.181259	2.070854	0.578032	16.710775	2.305310	0.561163	-48.552900	-29.328700	25.000000
17.181259	2.070854	0.578032	17.738376	2.051355	0.609163	-48.552900	-28.231000	25.000000
17.181259	2.070854	0.578032	17.017932	2.413240	0.735440	-48.552900	-27.608800	25.000000
17.181259	2.070854	0.578032	17.414362	2.379714	0.785398	-48.552900	-26.511100	25.000000
17.181259	2.070854	0.578032	16.962901	2.416884	0.766532	-48.552900	-25.888900	25.000000
17.181259	2.070854	0.578032	17.325992	2.482780	0.785398	-48.552900	-24.791200	25.000000
17.181259	2.070854	0.578032	18.146901	1.984794	0.579656	-48.552900	-24.169100	25.000000
17.180780	2.070869	0.577977	16.161992	2.269839	0.572309	-48.552900	-23.071300	25.000000
17.181259	2.070854	0.578032	17.300289	2.032059	0.512741	-48.552900	-22.449200	25.000000
17.181259	2.070854	0.578032	17.192440	2.015756	0.460766	-48.552900	-21.351500	25.000000
17.181259	2.070854	0.578032	17.130382	2.063312	0.558599	-48.552900	-20.729300	25.000000
17.181259	2.070854	0.578032	17.188659	2.061494	0.540420	-48.552900	-19.631600	25.000000
17.181259	2.070854	0.578032	17.173526	2.061964	0.588003	-47.693000	-36.208200	25.000000
17.181259	2.070854	0.578032	17.173526	2.061964	0.588003	-47.693000	-35.110500	25.000000
17.181259	2.070854	0.578032	17.157506	2.042732	0.589817	-47.693000	-34.488300	25.000000
17.181259	2.070854	0.578032	17.234848	2.040443	0.609660	-47.693000	-33.390600	25.000000
17.181259	2.070854	0.578032	16.762458	1.969009	0.605954	-47.693000	-32.768500	25.000000
17.181259	2.070854	0.578032	17.552493	1.968616	0.658333	-47.693000	-31.670800	25.000000
17.181259	2.070854	0.578032	17.254275	1.883014	0.647155	-47.693000	-31.048600	25.000000
17.181259	2.070854	0.578032	17.196221	1.971016	0.596759	-47.693000	-29.950900	25.000000
17.181259	2.070854	0.578032	18.389127	2.563399	0.827627	-47.693000	-29.328700	25.000000
17.181259	2.070854	0.578032	15.846766	2.270073	0.232979	-47.693000	-28.231000	25.000000
17.181259	2.070854	0.578032	16.823201	2.774111	1.231779	-47.693000	-27.608800	25.000000
17.181259	2.070854	0.578032	17.451487	2.676782	1.393458	-47.693000	-26.511100	25.000000
17.181259	2.070854	0.578032	17.686269	2.773255	1.801150	-47.693000	-25.888900	25.000000
17.181259	2.070854	0.578032	16.716435	2.684457	1.424989	-47.693000	-24.791200	25.000000
17.181259	2.070854	0.578032	19.506153	2.342303	1.369193	-47.693000	-24.169100	25.000000
17.180780	2.070869	0.577977	14.364192	2.626444	0.825377	-47.693000	-23.071300	25.000000
17.181259	2.070854	0.578032	17.284097	2.026073	0.489578	-47.693000	-22.449200	25.000000
17.181259	2.070854	0.578032	17.114321	2.050596	0.516695	-47.693000	-21.351500	25.000000
17.181259	2.070854	0.578032	17.293930	2.051711	0.533708	-47.693000	-20.729300	25.000000
17.181259	2.070854	0.578032	17.010879	2.067086	0.517488	-47.693000	-19.631600	25.000000
17.181259	2.070854	0.578032	17.224692	2.066966	0.564198	-47.693000	-19.009400	25.000000
17.181259	2.070854	0.578032	17.177893	2.068442	0.558599	-47.693000	-17.911700	25.000000
17.181994	2.070830	0.577996	17.173526	2.061964	0.588003	-46.833100	-36.208200	25.000000
17.181994	2.070830	0.577996	17.173526	2.061964	0.588003	-46.833100	-35.110500	25.000000
17.181994	2.070830	0.577996	17.088300	2.038234	0.598911	-46.833100	-34.488300	25.000000
17.181994	2.070830	0.577996	17.280336	2.045604	0.609660	-46.833100	-33.390600	25.000000
17.181994	2.070830	0.577996	17.386201	1.935427	0.663203	-46.833100	-32.768500	25.000000
17.181994	2.070830	0.577996	17.026450	1.988051	0.616515	-46.833100	-31.670800	25.000000
17.181994	2.070830	0.577996	18.303278	2.041452	0.707296	-46.833100	-31.048600	25.000000
17.181994	2.070830	0.577996	16.021548	1.968149	0.509071	-46.833100	-29.950900	25.000000
17.181994	2.070830	0.577996	17.434853	2.362027	0.734028	-46.833100	-29.328700	25.000000
17.181994	2.070830	0.577996	16.578664	2.623139	5.687418	-46.833100	-28.231000	25.000000
17.181994	2.070830	0.577996	15.912373	2.820677	3.229367	-46.833100	-27.608800	25.000000
17.181994	2.070830	0.577996	18.384983	2.736913	2.753390	-46.833100	-26.511100	25.000000
17.181994	2.070830	0.577996	18.709890	2.500955	2.521343	-46.833100	-25.888900	25.000000
17.181994	2.070830	0.577996	15.566952	2.559115	2.397493	-46.833100	-24.791200	25.000000
17.181994	2.070830	0.577996	14.821943	2.525872	2.223643	-46.833100	-24.169100	25.000000
17.181515	2.070846	0.577941	19.241881	2.385583	2.490516	-46.833100	-23.071300	25.000000
17.181994	2.070830	0.577996	13.367498	2.289372	0.463648	-46.833100	-22.449200	25.000000
17.181994	2.070830	0.577996	20.138024	2.050834	1.062067	-46.833100	-21.351500	25.000000
17.181994	2.070830	0.577996	17.243550	2.033695	0.463648	-46.833100	-20.729300	25.000000
17.181994	2.070830	0.577996	17.031735	2.059760	0.499347	-46.833100	-19.631600	25.000000
17.181994	2.070830	0.577996	17.131550	2.069912	0.552962	-46.833100	-19.009400	25.000000
17.181994	2.070830	0.577996	17.205232	2.060979	0.555108	-46.833100	-17.911700	25.000000
17.181259	2.070854	0.578032	17.173526	2.061964	0.588003	-45.973100	-35.110500	25.000000
17.181259	2.070854	0.578032	17.038192	2.039719	0.593477	-45.973100	-34.488300	25.000000
17.181259	2.070854	0.578032	17.280336	2.045604	0.609660	-45.973100	-33.390600	25.000000
17.181259	2.070854	0.578032	16.886385	1.927720	0.659935	-45.973100	-32.768500	25.000000
17.181259	2.070854	0.578032	17.455372	1.995972	0.656079	-45.973100	-31.670800	25.000000
17.181259	2.070854	0.578032	17.312423	1.949457	0.670857	-45.973100	-31.048600	25.000000
17.181259	2.070854	0.578032	17.039366	2.288029	0.494996	-45.973100	-29.950900	25.000000
17.181259	2.070854	0.578032	16.124627	2.118751	5.906726	-45.973100	-29.328700	25.000000
17.181259	2.070854	0.578032	17.514922	2.898511	0.591292	-45.973100	-28.231000	25.000000
17.181259	2.070854	0.578032	18.602688	2.314912	3.523456	-45.973100	-27.608800	25.000000
17.181259	2.070854	0.578032	15.669716	2.494296	4.024426	-45.973100	-26.511100	25.000000
17.181259	2.070854	0.578032	15.804746	2.153721	2.660998	-45.973100	-25.888900	25.000000
17.181259	2.070854	0.578032	18.453184	2.055611	2.601173	-45.973100	-24.791200	25.000000
17.181259	2.070854	0.578032	17.571852	2.018071	2.813854	-45.973100	-24.169100	25.000000
17.180780	2.070869	0.577977	16.830033	2.079705	2.977563	-45.973100	-23.071300	25.000000
17.181259	2.070854	0.578032	12.239792	2.240719	2.053090	-45.973100	-22.449200	25.000000
17.181259	2.070854	0.578032	20.617953	1.979818	1.275795	-45.973100	-21.351500	25.000000
17.181259	2.070854	0.578032	17.283807	2.032533	0.469428	-45.973100	-20.729300	25.000000
17.181259	2.070854	0.578032	17.062825	2.058791	0.460680	-45.973100	-19.631600	25.000000
17.181259	2.070854	0.578032	17.222369	2.067039	0.525698	-45.973100	-19.009400	25.000000
17.181259	2.070854	0.578032	17.206394	2.067542	0.549490	-45.973100	-17.911700	25.000000
17.181994	2.070830	0.577996	17.272232	2.058910	0.598911	-45.113200	-34.488300	25.000000
17.181994	2.070830	0.577996	17.110815	2.044126	0.608036	-45.113200	-33.390600	25.000000
17.181994	2.070830	0.577996	17.586927	1.961636	0.693951	-45.113200	-32.768500	25.000000
17.181994	2.070830	0.577996	16.831221	1.980208	0.638320	-45.113200	-31.670800	25.000000
17.181994	2.070830	0.577996	17.407470	2.422723	0.412910	-45.113200	-31.048600	25.000000
17.181994	2.070830	0.577996	16.986171	1.982669	0.616515	-45.113200	-29.950900	25.000000
17.181994	2.070830	0.577996	18.777114	2.350380	5.402333	-45.113200	-29.328700	25.000000
17.181994	2.070830	0.577996	15.071165	2.369712	0.201127	-45.113200	-28.231000	25.000000
17.181994	2.070830	0.577996	18.407064	1.908578	4.479979	-45.113200	-27.608800	25.000000
17.181994	2.070830	0.577996	15.435349	2.146238	3.667444	-45.113200	-26.511100	25.000000
17.181994	2.070830	0.577996	19.619788	1.637615	2.878029	-45.113200	-25.888900	25.000000
17.181994	2.070830	0.577996	14.332568	1.707273	2.935910	-45.113200	-24.791200	25.000000
17.181994	2.070830	0.577996	16.724476	1.595314	2.979394	-45.113200	-24.169100	25.000000
17.181515	2.070846	0.577941	17.625618	1.666257	2.718739	-45.113200	-23.071300	25.000000
17.181994	2.070830	0.577996	11.857892	1.795314	2.221218	-45.113200	-22.449200	25.000000
17.181994	2.070830	0.577996	21.119744	1.639032	2.059916	-45.113200	-21.351500	25.000000
17.181994	2.070830	0.577996	17.447063	2.047137	0.527146	-45.113200	-20.729300	25.000000
17.181994	2.070830	0.577996	16.889346	2.030929	0.794744	-45.113200	-19.631600	25.000000
17.181994	2.070830	0.577996	16.979399	2.081542	0.499886	-45.113200	-19.009400	25.000000
17.181994	2.070830	0.577996	17.331474	2.063634	0.513460	-45.113200	-17.911700	25.000000
17.181994	2.070830	0.577996	17.225853	2.073543	0.558599	-45.113200	-17.289500	25.000000
17.181259	2.070854	0.578032	17.173526	2.061964	0.588003	-44.253200	-36.208200	25.000000
17.181259	2.070854	0.578032	17.272232	2.058910	0.598911	-44.253200	-34.488300	25.000000
17.181259	2.070854	0.578032	17.060188	2.045646	0.602627	-44.253200	-33.390600	25.000000
17.181259	2.070854	0.578032	16.879870	1.998404	0.642199	-44.253200	-32.768500	25.000000
17.181259	2.070854	0.578032	17.463963	1.976972	0.697133	-44.253200	-31.670800	25.000000
17.181259	2.070854	0.578032	15.891507	1.992180	0.503750	-44.253200	-31.048600	25.000000
17.181259	2.070854	0.578032	18.316386	2.440818	0.372645	-44.253200	-29.950900	25.000000
17.181259	2.070854	0.578032	13.409325	2.601405	0.294235	-44.253200	-29.328700	25.000000
17.181259	2.070854	0.578032	19.347868	2.273215	5.036281	-44.253200	-28.231000	25.000000
17.181259	2.070854	0.578032	21.359525	1.616225	4.534296	-44.253200	-27.608800	25.000000
17.181259	2.070854	0.578032	4.308596	2.568413	5.333633	-44.253200	-26.511100	25.000000
17.181259	2.070854	0.578032	18.477903	1.217109	3.390489	-44.253200	-25.888900	25.000000
17.181259	2.070854	0.578032	15.734005	1.206901	3.164038	-44.253200	-24.791200	25.000000
17.181259	2.070854	0.578032	18.679668	1.198203	2.927288	-44.253200	-24.169100	25.000000
17.180780	2.070869	0.577977	15.616017	1.285166	2.663021	-44.253200	-23.071300	25.000000
17.181259	2.070854	0.578032	20.382836	1.209766	2.467671	-44.253200	-22.449200	25.000000
17.181259	2.070854	0.578032	13.137732	1.245394	2.333471	-44.253200	-21.351500	25.000000
17.181259	2.070854	0.578032	19.521527	1.798142	1.210795	-44.253200	-20.729300	25.000000
17.181259	2.070854	0.578032	14.021056	2.069005	0.518139	-44.253200	-19.631600	25.000000
17.181259	2.070854	0.578032	17.441044	2.066771	0.466563	-44.253200	-19.009400	25.000000
17.181259	2.070854	0.578032	16.893490	2.084394	0.472766	-44.253200	-17.911700	25.000000
17.181259	2.070854	0.578032	17.179639	2.075022	0.552962	-44.253200	-17.289500	25.000000
17.181259	2.070854	0.578032	17.151676	2.075922	0.562130	-44.253200	-16.191800	25.000000
17.181259	2.070854	0.578032	17.149636	2.062710	0.597177	-43.393300	-34.488300	25.000000
17.181259	2.070854	0.578032	17.152551	2.056016	0.602627	-43.393300	-33.390600	25.000000
17.181259	2.070854	0.578032	17.006469	2.014457	0.642199	-43.393300	-32.768500	25.000000
17.181259	2.070854	0.578032	17.298844	1.993724	0.686622	-43.393300	-31.670800	25.000000
17.181259	2.070854	0.578032	16.455090	2.208759	0.252318	-43.393300	-31.048600	25.000000
17.181259	2.070854	0.578032	17.789323	2.094742	0.624023	-43.393300	-29.950900	25.000000
17.181259	2.070854	0.578032	11.259325	2.888276	1.865648	-43.393300	-29.328700	25.000000
17.181259	2.070854	0.578032	19.242048	2.105169	4.889650	-43.393300	-28.231000	25.000000
17.181259	2.070854	0.578032	12.621472	0.942450	4.465035	-43.393300	-27.608800	25.000000
17.181259	2.070854	0.578032	16.807327	2.022607	5.629103	-43.393300	-26.511100	25.000000
17.181259	2.070854	0.578032	17.144678	0.819718	3.876187	-43.393300	-25.888900	25.000000
17.181259	2.070854	0.578032	17.149636	0.803916	3.695900	-43.393300	-24.791200	25.000000
17.181259	2.070854	0.578032	16.607528	0.854854	2.642246	-43.393300	-24.169100	25.000000
17.180780	2.070869	0.577977	17.756407	0.958876	2.677945	-43.393300	-23.071300	25.000000
17.181259	2.070854	0.578032	18.672172	0.830101	2.707158	-43.393300	-22.449200	25.000000
17.181259	2.070854	0.578032	15.421089	0.839391	2.294544	-43.393300	-21.351500	25.000000
17.181259	2.070854	0.578032	8.284208	1.803449	0.785398	-43.393300	-20.729300	25.000000
17.181259	2.070854	0.578032	22.160959	1.657091	1.271964	-43.393300	-19.631600	25.000000
17.181259	2.070854	0.578032	17.140595	2.082960	0.487595	-43.393300	-19.009400	25.000000
17.181259	2.070854	0.578032	17.217723	2.080444	0.484478	-43.393300	-17.911700	25.000000
17.181259	2.070854	0.578032	17.254275	2.072637	0.549490	-43.393300	-17.289500	25.000000
17.181259	2.070854	0.578032	17.118995	2.076978	0.532401	-43.393300	-16.191800	25.000000
17.181259	2.070854	0.578032	17.222659	2.060439	0.593477	-42.533300	-34.488300	25.000000
17.181259	2.070854	0.578032	17.199419	2.061159	0.602627	-42.533300	-33.390600	25.000000
17.181259	2.070854	0.578032	17.039660	2.026562	0.636965	-42.533300	-32.768500	25.000000
17.181259	2.070854	0.578032	17.310113	2.012517	0.676737	-42.533300	-31.670800	25.000000
17.181259	2.070854	0.578032	17.250507	2.196281	0.396441	-42.533300	-31.048600	25.000000
17.181259	2.070854	0.578032	17.201744	2.021948	0.652545	-42.533300	-29.950900	25.000000
17.181259	2.070854	0.578032	19.629824	1.935423	4.777869	-42.533300	-29.328700	25.000000
17.181259	2.070854	0.578032	8.016832	2.658659	0.567141	-42.533300	-28.231000	25.000000
17.181259	2.070854	0.578032	21.176754	1.692456	5.165399	-42.533300	-27.608800	25.000000
17.181259	2.070854	0.578032	10.314824	0.930792	4.845739	-42.533300	-26.511100	25.000000
17.181259	2.070854	0.578032	16.218372	0.619977	4.782487	-42.533300	-25.888900	25.000000
17.181259	2.070854	0.578032	18.173926	0.619182	4.420024	-42.533300	-24.791200	25.000000
17.181259	2.070854	0.578032	18.411138	0.549579	2.356194	-42.533300	-24.169100	25.000000
17.180780	2.070869	0.577977	15.772127	0.645369	2.536048	-42.533300	-23.071300	25.000000
17.181259	2.070854	0.578032	17.910891	0.636838	2.543174	-42.533300	-22.449200	25.000000
17.181259	2.070854	0.578032	16.424677	0.573146	2.074623	-42.533300	-21.351500	25.000000
17.181259	2.070854	0.578032	15.986060	1.741142	0.970470	-42.533300	-20.729300	25.000000
17.181259	2.070854	0.578032	17.949774	1.132367	1.490721	-42.533300	-19.631600	25.000000
17.181259	2.070854	0.578032	18.849668	2.003256	0.801926	-42.533300	-19.009400	25.000000
17.181259	2.070854	0.578032	15.379857	2.080193	0.610726	-42.533300	-17.911700	25.000000
17.181259	2.070854	0.578032	16.955530	2.082331	0.524180	-42.533300	-17.289500	25.000000
17.181259	2.070854	0.578032	17.318487	2.077195	0.525698	-42.533300	-16.191800	25.000000
17.181259	2.070854	0.578032	17.103508	2.070806	0.562130	-42.533300	-14.471900	25.000000
17.181259	2.070854	0.578032	17.222659	2.060439	0.593477	-41.673400	-34.488300	25.000000
17.181259	2.070854	0.578032	17.222659	2.060439	0.593477	-41.673400	-33.390600	25.000000
17.181259	2.070854	0.578032	17.415510	2.041618	0.634481	-41.673400	-32.768500	25.000000
17.181259	2.070854	0.578032	17.075714	2.025527	0.651324	-41.673400	-31.670800	25.000000
17.181259	2.070854	0.578032	17.923727	2.319462	0.398892	-41.673400	-31.048600	25.000000
17.181259	2.070854	0.578032	16.337993	2.040848	0.614663	-41.673400	-29.950900	25.000000
17.181259	2.070854	0.578032	17.470260	2.085486	5.804833	-41.673400	-29.328700	25.000000
17.181259	2.070854	0.578032	15.308168	1.596929	4.731994	-41.673400	-28.231000	25.000000
17.181259	2.070854	0.578032	8.674999	1.278466	4.753330	-41.673400	-27.608800	25.000000
17.181259	2.070854	0.578032	22.322368	1.232897	4.636819	-41.673400	-26.511100	25.000000
17.181259	2.070854	0.578032	14.792228	0.647298	5.362616	-41.673400	-25.888900	25.000000
17.181259	2.070854	0.578032	19.360010	0.732057	5.002365	-41.673400	-24.791200	25.000000
17.181259	2.070854	0.578032	16.443284	0.132110	2.310475	-41.673400	-24.169100	25.000000
17.180780	2.070869	0.577977	17.849115	0.344563	1.992894	-41.673400	-23.071300	25.000000
17.181259	2.070854	0.578032	17.969151	0.562557	2.003641	-41.673400	-22.449200	25.000000
17.181259	2.070854	0.578032	16.284536	0.444800	1.814390	-41.673400	-21.351500	25.000000
17.181259	2.070854	0.578032	18.017214	1.476302	1.127096	-41.673400	-20.729300	25.000000
17.181259	2.070854	0.578032	16.183325	0.920325	1.327701	-41.673400	-19.631600	25.000000
17.181259	2.070854	0.578032	17.889941	1.739284	1.150269	-41.673400	-19.009400	25.000000
17.181259	2.070854	0.578032	16.235763	2.071931	0.513920	-41.673400	-17.911700	25.000000
17.181259	2.070854	0.578032	17.113153	2.090582	0.490749	-41.673400	-17.289500	25.000000
17.181259	2.070854	0.578032	17.287568	2.091473	0.508394	-41.673400	-16.191800	25.000000
17.181259	2.070854	0.578032	17.105262	2.077423	0.556473	-41.673400	-15.569600	25.000000
17.181259	2.070854	0.578032	17.225853	2.073543	0.558599	-41.673400	-14.471900	25.000000
17.181994	2.070830	0.577996	17.147886	2.069392	0.591686	-40.813500	-34.488300	25.000000
17.181994	2.070830	0.577996	17.197093	2.067835	0.597177	-40.813500	-33.390600	25.000000
17.181994	2.070830	0.577996	17.227014	2.040674	0.642199	-40.813500	-32.768500	25.000000
17.181994	2.070830	0.577996	17.109354	2.057348	0.621018	-40.813500	-31.670800	25.000000
17.181994	2.070830	0.577996	15.707960	2.054129	0.544119	-40.813500	-31.048600	25.000000
17.181994	2.070830	0.577996	18.533483	2.199535	0.547284	-40.813500	-29.950900	25.000000
17.181994	2.070830	0.577996	14.767871	2.019029	6.155102	-40.813500	-29.328700	25.000000
17.181994	2.070830	0.577996	19.101047	1.691501	5.624917	-40.813500	-28.231000	25.000000
17.181994	2.070830	0.577996	21.735952	1.050805	4.630657	-40.813500	-27.608800	25.000000
17.181994	2.070830	0.577996	9.830280	1.013401	5.265143	-40.813500	-26.511100	25.000000
17.181994	2.070830	0.577996	20.296305	0.638313	5.231535	-40.813500	-25.888900	25.000000
17.181994	2.070830	0.577996	13.343538	0.652790	4.873481	-40.813500	-24.791200	25.000000
17.181994	2.070830	0.577996	18.612265	0.235160	0.251690	-40.813500	-24.169100	25.000000
17.181515	2.070846	0.577941	15.594538	0.158119	0.357817	-40.813500	-23.071300	25.000000
17.181994	2.070830	0.577996	16.930815	0.494824	1.325818	-40.813500	-22.449200	25.000000
17.181994	2.070830	0.577996	17.334694	0.476966	1.449870	-40.813500	-21.351500	25.000000
17.181994	2.070830	0.577996	19.833810	1.199293	1.211392	-40.813500	-20.729300	25.000000
17.181994	2.070830	0.577996	13.974620	0.952531	1.036401	-40.813500	-19.631600	25.000000
17.181994	2.070830	0.577996	14.869095	1.449442	1.122299	-40.813500	-19.009400	25.000000
17.181994	2.070830	0.577996	18.935945	2.066086	0.636298	-40.813500	-17.911700	25.000000
17.181994	2.070830	0.577996	17.310690	2.110793	0.460636	-40.813500	-17.289500	25.000000
17.181994	2.070830	0.577996	17.046114	2.099615	0.487959	-40.813500	-16.191800	25.000000
17.181994	2.070830	0.577996	17.274258	2.078615	0.558599	-40.813500	-15.569600	25.000000
17.181994	2.070830	0.577996	17.228175	2.080105	0.552962	-40.813500	-14.471900	25.000000
17.181259	2.070854	0.578032	17.161002	2.055757	0.626375	-39.953500	-32.768500	25.000000
17.181259	2.070854	0.578032	17.177311	2.061847	0.611808	-39.953500	-31.670800	25.000000
17.181259	2.070854	0.578032	17.348775	2.043577	0.670696	-39.953500	-31.048600	25.000000
17.181259	2.070854	0.578032	16.971447	2.054982	0.634180	-39.953500	-29.950900	25.000000
17.181259	2.070854	0.578032	17.765416	2.161882	5.421015	-39.953500	-29.328700	25.000000
17.181259	2.070854	0.578032	16.305214	1.662922	6.002348	-39.953500	-28.231000	25.000000
17.181259	2.070854	0.578032	19.194009	0.738002	5.248824	-39.953500	-27.608800	25.000000
17.181259	2.070854	0.578032	12.769495	1.664909	5.971385	-39.953500	-26.511100	25.000000
17.181259	2.070854	0.578032	18.809838	0.511760	5.273290	-39.953500	-25.888900	25.000000
17.181259	2.070854	0.578032	15.365220	0.586198	5.202346	-39.953500	-24.791200	25.000000
17.181259	2.070854	0.578032	17.732941	0.432514	6.189139	-39.953500	-24.169100	25.000000
17.180780	2.070869	0.577977	16.532158	0.433925	0.120857	-39.953500	-23.071300	25.000000
17.181259	2.070854	0.578032	16.910352	0.636399	0.827627	-39.953500	-22.449200	25.000000
17.181259	2.070854	0.578032	17.488854	0.603452	0.856706	-39.953500	-21.351500	25.000000
17.181259	2.070854	0.578032	18.707485	0.935588	1.041766	-39.953500	-20.729300	25.000000
17.181259	2.070854	0.578032	15.566952	1.168149	0.944053	-39.953500	-19.631600	25.000000
17.181259	2.070854	0.578032	19.549233	1.967310	0.773634	-39.953500	-19.009400	25.000000
17.181259	2.070854	0.578032	14.116033	1.333379	0.930211	-39.953500	-17.911700	25.000000
17.181259	2.070854	0.578032	17.226143	2.127354	0.445301	-39.953500	-17.289500	25.000000
17.181259	2.070854	0.578032	17.196221	2.114788	0.472766	-39.953500	-16.191800	25.000000
17.181259	2.070854	0.578032	17.059308	2.078919	0.550776	-39.953500	-15.569600	25.000000
17.181259	2.070854	0.578032	17.228175	2.080105	0.552962	-39.953500	-14.471900	25.000000
17.181259	2.070854	0.578032	17.224692	2.066966	0.611808	-39.093600	-32.768500	25.000000
17.181259	2.070854	0.578032	17.126879	2.063422	0.606383	-39.093600	-31.670800	25.000000
17.181259	2.070854	0.578032	17.164207	2.042533	0.678827	-39.093600	-31.048600	25.000000
17.181259	2.070854	0.578032	17.200581	2.034942	0.716384	-39.093600	-29.950900	25.000000
17.181259	2.070854	0.578032	14.156977	1.684057	5.274756	-39.093600	-29.328700	25.000000
17.181259	2.070854	0.578032	19.585709	2.071385	5.588447	-39.093600	-28.231000	25.000000
17.181259	2.070854	0.578032	20.170523	1.130326	5.587044	-39.093600	-27.608800	25.000000
17.181259	2.070854	0.578032	12.624183	1.523251	0.039662	-39.093600	-26.511100	25.000000
17.181259	2.070854	0.578032	17.438463	0.629100	6.057117	-39.093600	-25.888900	25.000000
17.181259	2.070854	0.578032	16.843099	0.716639	5.574559	-39.093600	-24.791200	25.000000
17.181259	2.070854	0.578032	18.267414	0.514777	0.256305	-39.093600	-24.169100	25.000000
17.180780	2.070869	0.577977	16.011421	0.675023	0.033987	-39.093600	-23.071300	25.000000
17.181259	2.070854	0.578032	16.808629	0.918729	0.534001	-39.093600	-22.449200	25.000000
17.181259	2.070854	0.578032	17.557050	0.900991	0.620249	-39.093600	-21.351500	25.000000
17.181259	2.070854	0.578032	17.247029	1.001282	0.722068	-39.093600	-20.729300	25.000000
17.181259	2.070854	0.578032	17.162750	1.137887	0.839890	-39.093600	-19.631600	25.000000
17.181259	2.070854	0.578032	13.006152	1.540037	0.532504	-39.093600	-19.009400	25.000000
17.181259	2.070854	0.578032	20.464115	1.703120	0.949974	-39.093600	-17.911700	25.000000
17.181259	2.070854	0.578032	17.020282	2.127960	0.451264	-39.093600	-17.289500	25.000000
17.181259	2.070854	0.578032	17.369226	2.135813	0.451453	-39.093600	-16.191800	25.000000
17.181259	2.070854	0.578032	17.017932	2.087017	0.539261	-39.093600	-15.569600	25.000000
17.181259	2.070854	0.578032	17.281204	2.091684	0.547284	-39.093600	-14.471900	25.000000
17.181259	2.070854	0.578032	17.197093	2.067835	0.597177	-38.233600	-32.768500	25.000000
17.181259	2.070854	0.578032	17.149636	2.062710	0.597177	-38.233600	-31.670800	25.000000
17.181259	2.070854	0.578032	17.310690	2.044702	0.698063	-38.233600	-31.048600	25.000000
17.181259	2.070854	0.578032	17.106724	2.057429	0.654083	-38.233600	-29.950900	25.000000
17.181259	2.070854	0.578032	16.525738	1.922946	0.038690	-38.233600	-29.328700	25.000000
17.181259	2.070854	0.578032	17.765697	1.963578	5.822262	-38.233600	-28.231000	25.000000
17.181259	2.070854	0.578032	15.369450	1.320962	5.816535	-38.233600	-27.608800	25.000000
17.181259	2.070854	0.578032	18.765127	1.199982	5.445204	-38.233600	-26.511100	25.000000
17.181259	2.070854	0.578032	16.692286	0.972622	5.964644	-38.233600	-25.888900	25.000000
17.181259	2.070854	0.578032	17.642800	1.055125	0.079570	-38.233600	-24.791200	25.000000
17.181259	2.070854	0.578032	16.444452	0.796345	0.162351	-38.233600	-24.169100	25.000000
17.180780	2.070869	0.577977	17.844607	0.778882	0.367174	-38.233600	-23.071300	25.000000
17.181259	2.070854	0.578032	16.711074	1.112055	0.478572	-38.233600	-22.449200	25.000000
17.181259	2.070854	0.578032	17.634341	1.118927	0.588003	-38.233600	-21.351500	25.000000
17.181259	2.070854	0.578032	17.984994	1.128369	0.579470	-38.233600	-20.729300	25.000000
17.181259	2.070854	0.578032	16.495151	1.165757	0.635586	-38.233600	-19.631600	25.000000
17.181259	2.070854	0.578032	19.705027	1.744724	0.843726	-38.233600	-19.009400	25.000000
17.181259	2.070854	0.578032	14.079634	1.486176	0.530640	-38.233600	-17.911700	25.000000
17.181259	2.070854	0.578032	17.126004	2.137904	0.466744	-38.233600	-17.289500	25.000000
17.181259	2.070854	0.578032	17.255144	2.140010	0.463648	-38.233600	-16.191800	25.000000
17.181259	2.070854	0.578032	17.366923	2.102161	0.532401	-38.233600	-15.569600	25.000000
17.181259	2.070854	0.578032	16.973509	2.088503	0.533443	-38.233600	-14.471900	25.000000
17.181259	2.070854	0.578032	17.151676	2.075922	0.562130	-38.233600	-13.849800	25.000000
17.181259	2.070854	0.578032	17.200291	2.081010	0.562130	-38.233600	-12.752100	25.000000
17.181259	2.070854	0.578032	17.197093	2.067835	0.597177	-37.373700	-32.768500	25.000000
17.181259	2.070854	0.578032	17.147886	2.069392	0.591686	-37.373700	-31.670800	25.000000
17.181259	2.070854	0.578032	17.065462	2.065355	0.634180	-37.373700	-31.048600	25.000000
17.181259	2.070854	0.578032	17.324549	2.063849	0.655296	-37.373700	-29.950900	25.000000
17.181259	2.070854	0.578032	16.403963	2.059406	0.308651	-37.373700	-29.328700	25.000000
17.181259	2.070854	0.578032	17.877640	2.022278	0.586278	-37.373700	-28.231000	25.000000
17.181259	2.070854	0.578032	14.860350	1.906821	5.752545	-37.373700	-27.608800	25.000000
17.181259	2.070854	0.578032	16.939008	0.658234	5.897303	-37.373700	-26.511100	25.000000
17.181259	2.070854	0.578032	15.567273	1.031073	5.923538	-37.373700	-25.888900	25.000000
17.181259	2.070854	0.578032	18.590858	0.709884	5.990147	-37.373700	-24.791200	25.000000
17.181259	2.070854	0.578032	16.643918	1.020766	0.234723	-37.373700	-24.169100	25.000000
17.180780	2.070869	0.577977	17.671729	0.982965	0.332503	-37.373700	-23.071300	25.000000
17.181259	2.070854	0.578032	17.105262	1.090721	0.578862	-37.373700	-22.449200	25.000000
17.181259	2.070854	0.578032	17.416372	1.080575	0.586198	-37.373700	-21.351500	25.000000
17.181259	2.070854	0.578032	16.127306	1.162722	0.469690	-37.373700	-20.729300	25.000000
17.181259	2.070854	0.578032	18.100276	1.131384	0.633733	-37.373700	-19.631600	25.000000
17.181259	2.070854	0.578032	15.416631	1.528622	0.624023	-37.373700	-19.009400	25.000000
17.181259	2.070854	0.578032	18.798936	1.688093	0.800549	-37.373700	-17.911700	25.000000
17.181259	2.070854	0.578032	17.088593	2.111761	0.521686	-37.373700	-17.289500	25.000000
17.181259	2.070854	0.578032	17.260939	2.139795	0.494407	-37.373700	-16.191800	25.000000
17.181259	2.070854	0.578032	17.163042	2.109157	0.518304	-37.373700	-15.569600	25.000000
17.181259	2.070854	0.578032	17.162168	2.095668	0.545038	-37.373700	-14.471900	25.000000
17.181259	2.070854	0.578032	17.200291	2.081010	0.562130	-37.373700	-12.752100	25.000000
17.181994	2.070830	0.577996	17.195930	2.074500	0.591686	-36.513800	-32.768500	25.000000
17.181994	2.070830	0.577996	17.195930	2.074500	0.591686	-36.513800	-31.670800	25.000000
17.181994	2.070830	0.577996	17.081276	2.071517	0.619474	-36.513800	-31.048600	25.000000
17.181994	2.070830	0.577996	17.275416	2.065377	0.617191	-36.513800	-29.950900	25.000000
17.181994	2.070830	0.577996	17.213076	2.067332	0.687124	-36.513800	-29.328700	25.000000
17.181994	2.070830	0.577996	17.102339	2.070843	0.676822	-36.513800	-28.231000	25.000000
17.181994	2.070830	0.577996	15.057759	2.126219	6.161739	-36.513800	-27.608800	25.000000
17.181994	2.070830	0.577996	18.112562	1.154759	0.142324	-36.513800	-26.511100	25.000000
17.181994	2.070830	0.577996	15.999062	0.911532	5.893869	-36.513800	-25.888900	25.000000
17.181994	2.070830	0.577996	18.302459	0.674025	5.925439	-36.513800	-24.791200	25.000000
17.181994	2.070830	0.577996	16.868376	0.950878	0.304015	-36.513800	-24.169100	25.000000
17.181515	2.070846	0.577941	17.515562	0.742933	0.090431	-36.513800	-23.071300	25.000000
17.181994	2.070830	0.577996	17.177893	1.073151	0.558599	-36.513800	-22.449200	25.000000
17.181994	2.070830	0.577996	17.100585	1.050590	0.593610	-36.513800	-21.351500	25.000000
17.181994	2.070830	0.577996	18.062392	1.074551	0.664908	-36.513800	-20.729300	25.000000
17.181994	2.070830	0.577996	16.214500	1.117557	0.540420	-36.513800	-19.631600	25.000000
17.181994	2.070830	0.577996	17.134063	1.383525	0.760193	-36.513800	-19.009400	25.000000
17.181994	2.070830	0.577996	17.256987	1.661318	0.805971	-36.513800	-17.911700	25.000000
17.181994	2.070830	0.577996	17.214529	2.134632	0.509769	-36.513800	-17.289500	25.000000
17.181994	2.070830	0.577996	17.167993	2.102215	0.539261	-36.513800	-15.569600	25.000000
17.181994	2.070830	0.577996	17.244999	2.126674	0.521686	-36.513800	-14.471900	25.000000
17.181994	2.070830	0.577996	17.173526	2.081883	0.571337	-36.513800	-13.849800	25.000000
17.181994	2.070830	0.577996	17.126588	2.083420	0.565701	-36.513800	-12.752100	25.000000
17.181259	2.070854	0.578032	17.147886	2.069392	0.591686	-35.653800	-31.670800	25.000000
17.181259	2.070854	0.578032	17.174400	2.068552	0.606383	-35.653800	-31.048600	25.000000
17.181259	2.070854	0.578032	17.197093	2.067835	0.597177	-35.653800	-29.950900	25.000000
17.181259	2.070854	0.578032	17.465681	2.066008	0.674741	-35.653800	-29.328700	25.000000
17.181259	2.070854	0.578032	16.813388	2.087083	0.698241	-35.653800	-28.231000	25.000000
17.181259	2.070854	0.578032	18.817014	1.828735	0.581905	-35.653800	-27.608800	25.000000
17.181259	2.070854	0.578032	15.301307	2.009538	0.086738	-35.653800	-26.511100	25.000000
17.181259	2.070854	0.578032	15.152125	1.351246	6.000149	-35.653800	-25.888900	25.000000
17.181259	2.070854	0.578032	18.803322	1.034974	0.213772	-35.653800	-24.791200	25.000000
17.181259	2.070854	0.578032	16.767138	0.790124	0.137267	-35.653800	-24.169100	25.000000
17.180780	2.070869	0.577977	17.615905	0.773796	0.289123	-35.653800	-23.071300	25.000000
17.181259	2.070854	0.578032	17.603693	1.020878	0.610180	-35.653800	-22.449200	25.000000
17.181259	2.070854	0.578032	16.884016	1.110507	0.549490	-35.653800	-21.351500	25.000000
17.181259	2.070854	0.578032	17.300289	1.070414	0.555108	-35.653800	-20.729300	25.000000
17.181259	2.070854	0.578032	17.161002	1.085836	0.626375	-35.653800	-19.631600	25.000000
17.181259	2.070854	0.578032	15.538279	1.641003	0.643501	-35.653800	-19.009400	25.000000
17.181259	2.070854	0.578032	18.638533	1.330820	0.875351	-35.653800	-17.911700	25.000000
17.181259	2.070854	0.578032	17.358859	2.156795	0.513143	-35.653800	-17.289500	25.000000
17.181259	2.070854	0.578032	16.992351	2.067676	0.541568	-35.653800	-16.191800	25.000000
17.181259	2.070854	0.578032	17.263256	2.105694	0.545038	-35.653800	-15.569600	25.000000
17.181259	2.070854	0.578032	17.150219	2.123247	0.515748	-35.653800	-14.471900	25.000000
17.181259	2.070854	0.578032	17.077763	2.078317	0.565701	-35.653800	-13.849800	25.000000
17.181259	2.070854	0.578032	17.249348	2.086069	0.562130	-35.653800	-12.752100	25.000000
17.181259	2.070854	0.578032	17.124544	2.070135	0.600917	-34.793900	-31.048600	25.000000
17.181259	2.070854	0.578032	17.147886	2.069392	0.591686	-34.793900	-29.950900	25.000000
17.181259	2.070854	0.578032	17.037019	2.086381	0.661043	-34.793900	-29.328700	25.000000
17.181259	2.070854	0.578032	17.231947	2.073348	0.630257	-34.793900	-28.231000	25.000000
17.181259	2.070854	0.578032	18.956002	1.960406	0.486603	-34.793900	-27.608800	25.000000
17.181259	2.070854	0.578032	15.271215	2.153226	0.428574	-34.793900	-26.511100	25.000000
17.181259	2.070854	0.578032	16.820410	1.417766	6.229622	-34.793900	-25.888900	25.000000
17.181259	2.070854	0.578032	17.532038	1.686041	0.266705	-34.793900	-24.791200	25.000000
17.181259	2.070854	0.578032	16.006249	1.032936	0.146012	-34.793900	-24.169100	25.000000
17.180780	2.070869	0.577977	18.266089	1.042960	0.315739	-34.793900	-23.071300	25.000000
17.181259	2.070854	0.578032	17.358571	1.012199	0.640784	-34.793900	-22.449200	25.000000
17.181259	2.070854	0.578032	16.870388	1.001064	0.615340	-34.793900	-21.351500	25.000000
17.181259	2.070854	0.578032	17.112861	0.968149	0.552584	-34.793900	-20.729300	25.000000
17.181259	2.070854	0.578032	17.280336	1.095989	0.609660	-34.793900	-19.631600	25.000000
17.181259	2.070854	0.578032	17.109695	1.312560	0.695512	-34.793900	-19.009400	25.000000
17.181259	2.070854	0.578032	17.144350	1.832591	0.648332	-34.793900	-17.911700	25.000000
17.181259	2.070854	0.578032	17.080398	2.146570	0.510488	-34.793900	-17.289500	25.000000
17.181259	2.070854	0.578032	17.262966	2.181546	0.501604	-34.793900	-16.191800	25.000000
17.181259	2.070854	0.578032	17.310401	2.131134	0.536911	-34.793900	-15.569600	25.000000
17.181259	2.070854	0.578032	16.962901	2.109337	0.525109	-34.793900	-14.471900	25.000000
17.181259	2.070854	0.578032	17.222659	2.086947	0.571337	-34.793900	-13.849800	25.000000
17.181259	2.070854	0.578032	17.154008	2.082521	0.556473	-34.793900	-12.752100	25.000000
17.181259	2.070854	0.578032	17.173526	2.081883	0.571337	-34.793900	-12.129900	25.000000
17.181994	2.070830	0.577996	17.147886	2.069392	0.591686	-33.934000	-31.048600	25.000000
17.181994	2.070830	0.577996	17.229045	2.080076	0.624886	-33.934000	-29.328700	25.000000
17.181994	2.070830	0.577996	17.224692	2.066966	0.611808	-33.934000	-28.231000	25.000000
17.181994	2.070830	0.577996	17.395689	2.087912	0.696432	-33.934000	-27.608800	25.000000
17.181994	2.070830	0.577996	17.035551	2.113633	0.673670	-33.934000	-26.511100	25.000000
17.181994	2.070830	0.577996	16.711972	1.582764	6.247273	-33.934000	-25.888900	25.000000
17.181994	2.070830	0.577996	17.530260	1.926201	0.515373	-33.934000	-24.791200	25.000000
17.181994	2.070830	0.577996	18.182959	1.228683	0.271884	-33.934000	-24.169100	25.000000
17.181515	2.070846	0.577941	16.112728	1.313510	0.102861	-33.934000	-23.071300	25.000000
17.181994	2.070830	0.577996	17.754999	1.065153	0.602287	-33.934000	-22.449200	25.000000
17.181994	2.070830	0.577996	16.490300	1.036320	0.507783	-33.934000	-21.351500	25.000000
17.181994	2.070830	0.577996	17.816004	1.015005	0.687124	-33.934000	-20.729300	25.000000
17.181994	2.070830	0.577996	16.545090	1.186687	0.571729	-33.934000	-19.631600	25.000000
17.181994	2.070830	0.577996	14.045999	1.678508	0.373858	-33.934000	-19.009400	25.000000
17.181994	2.070830	0.577996	19.664865	1.794891	0.818596	-33.934000	-17.911700	25.000000
17.181994	2.070830	0.577996	17.023513	2.198667	0.483126	-33.934000	-17.289500	25.000000
17.181994	2.070830	0.577996	17.264414	2.202860	0.518256	-33.934000	-16.191800	25.000000
17.181994	2.070830	0.577996	17.317621	2.124071	0.557880	-33.934000	-15.569600	25.000000
17.181994	2.070830	0.577996	16.949926	2.123601	0.522585	-33.934000	-14.471900	25.000000
17.181994	2.070830	0.577996	17.200291	2.081010	0.562130	-33.934000	-13.849800	25.000000
17.181994	2.070830	0.577996	17.175855	2.088494	0.565701	-33.934000	-12.752100	25.000000
17.181259	2.070854	0.578032	17.222369	2.073654	0.606383	-33.074000	-29.328700	25.000000
17.181259	2.070854	0.578032	17.123376	2.076836	0.595410	-33.074000	-28.231000	25.000000
17.181259	2.070854	0.578032	17.258911	2.085755	0.634180	-33.074000	-27.608800	25.000000
17.181259	2.070854	0.578032	17.104970	2.104382	0.674741	-33.074000	-26.511100	25.000000
17.181259	2.070854	0.578032	16.869499	1.934429	0.369906	-33.074000	-25.888900	25.000000
17.181259	2.070854	0.578032	17.425556	2.080352	0.682954	-33.074000	-24.791200	25.000000
17.181259	2.070854	0.578032	18.180759	1.559795	0.377442	-33.074000	-24.169100	25.000000
17.180780	2.070869	0.577977	16.067122	1.519738	0.175394	-33.074000	-23.071300	25.000000
17.181259	2.070854	0.578032	17.750775	1.337716	0.494726	-33.074000	-22.449200	25.000000
17.181259	2.070854	0.578032	16.700599	1.335095	0.438859	-33.074000	-21.351500	25.000000
17.181259	2.070854	0.578032	17.104678	1.447712	0.601074	-33.074000	-20.729300	25.000000
17.181259	2.070854	0.578032	17.270495	1.307194	0.563049	-33.074000	-19.631600	25.000000
17.181259	2.070854	0.578032	19.470234	1.894874	0.796892	-33.074000	-19.009400	25.000000
17.181259	2.070854	0.578032	14.433988	1.917157	0.361357	-33.074000	-17.911700	25.000000
17.181259	2.070854	0.578032	17.191277	2.184468	0.505025	-33.074000	-17.289500	25.000000
17.181259	2.070854	0.578032	17.280625	2.238508	0.516404	-33.074000	-16.191800	25.000000
17.181259	2.070854	0.578032	17.098246	2.132015	0.528572	-33.074000	-15.569600	25.000000
17.181259	2.070854	0.578032	17.337820	2.116590	0.554307	-33.074000	-14.471900	25.000000
17.181259	2.070854	0.578032	17.225562	2.093539	0.565701	-33.074000	-13.849800	25.000000
17.181259	2.070854	0.578032	17.173526	2.081883	0.571337	-33.074000	-12.752100	25.000000
17.181994	2.070830	0.577996	17.147886	2.069392	0.591686	-32.214100	-31.048600	25.000000
17.181994	2.070830	0.577996	17.123376	2.076836	0.595410	-32.214100	-28.231000	25.000000
17.181994	2.070830	0.577996	17.238619	2.093102	0.638146	-32.214100	-27.608800	25.000000
17.181994	2.070830	0.577996	17.149344	2.082673	0.604699	-32.214100	-26.511100	25.000000
17.181994	2.070830	0.577996	16.967616	2.129895	0.667141	-32.214100	-25.888900	25.000000
17.181994	2.070830	0.577996	17.355403	2.115975	0.694738	-32.214100	-24.791200	25.000000
17.181994	2.070830	0.577996	17.696327	2.052594	0.658806	-32.214100	-24.169100	25.000000
17.181515	2.070846	0.577941	16.737383	1.892999	0.463648	-32.214100	-23.071300	25.000000
17.181994	2.070830	0.577996	17.006175	1.784098	0.522877	-32.214100	-22.449200	25.000000
17.181994	2.070830	0.577996	17.289592	1.798324	0.522092	-32.214100	-21.351500	25.000000
17.181994	2.070830	0.577996	17.055204	1.783475	0.528074	-32.214100	-20.729300	25.000000
17.181994	2.070830	0.577996	17.304624	1.810002	0.564904	-32.214100	-19.631600	25.000000
17.181994	2.070830	0.577996	18.045498	2.005518	0.672833	-32.214100	-19.009400	25.000000
17.181994	2.070830	0.577996	16.288032	2.178485	0.456959	-32.214100	-17.911700	25.000000
17.181994	2.070830	0.577996	17.196802	2.227587	0.522789	-32.214100	-17.289500	25.000000
17.181994	2.070830	0.577996	17.211043	2.169524	0.539213	-32.214100	-16.191800	25.000000
17.181994	2.070830	0.577996	17.156048	2.129898	0.549853	-32.214100	-15.569600	25.000000
17.181994	2.070830	0.577996	17.116659	2.110777	0.552101	-32.214100	-14.471900	25.000000
17.181994	2.070830	0.577996	17.129507	2.090036	0.560025	-32.214100	-13.849800	25.000000
17.181994	2.070830	0.577996	17.295953	2.084544	0.567748	-32.214100	-12.752100	25.000000
17.181259	2.070854	0.578032	17.123376	2.076836	0.595410	-31.354100	-27.608800	25.000000
17.181259	2.070854	0.578032	17.199128	2.081048	0.610180	-31.354100	-26.511100	25.000000
17.181259	2.070854	0.578032	17.081862	2.118842	0.639386	-31.354100	-25.888900	25.000000
17.181259	2.070854	0.578032	17.308379	2.090784	0.634180	-31.354100	-24.791200	25.000000
17.181259	2.070854	0.578032	17.121040	2.159006	0.665969	-31.354100	-24.169100	25.000000
17.180780	2.070869	0.577977	17.330032	2.150985	0.687671	-31.354100	-23.071300	25.000000
17.181259	2.070854	0.578032	17.307802	2.158754	0.657389	-31.354100	-22.449200	25.000000
17.181259	2.070854	0.578032	17.069856	2.161008	0.660425	-31.354100	-21.351500	25.000000
17.181259	2.070854	0.578032	16.994411	2.163984	0.603749	-31.354100	-20.729300	25.000000
17.181259	2.070854	0.578032	17.281204	2.159781	0.607305	-31.354100	-19.631600	25.000000
17.181259	2.070854	0.578032	17.068392	2.204008	0.567844	-31.354100	-19.009400	25.000000
17.181259	2.070854	0.578032	17.328012	2.221762	0.583978	-31.354100	-17.911700	25.000000
17.181259	2.070854	0.578032	17.345893	2.171200	0.576375	-31.354100	-17.289500	25.000000
17.181259	2.070854	0.578032	17.014700	2.177418	0.524470	-31.354100	-16.191800	25.000000
17.181259	2.070854	0.578032	17.304913	2.110993	0.569313	-31.354100	-15.569600	25.000000
17.181259	2.070854	0.578032	17.123668	2.117353	0.546281	-31.354100	-14.471900	25.000000
17.181259	2.070854	0.578032	17.222659	2.086947	0.571337	-31.354100	-13.849800	25.000000
17.181259	2.070854	0.578032	17.175855	2.088494	0.565701	-31.354100	-12.752100	25.000000
17.181259	2.070854	0.578032	17.172070	2.081930	0.595410	-30.494200	-27.608800	25.000000
17.181259	2.070854	0.578032	17.149344	2.089375	0.599175	-30.494200	-25.888900	25.000000
17.181259	2.070854	0.578032	17.276863	2.091828	0.619474	-30.494200	-24.791200	25.000000
17.181259	2.070854	0.578032	17.304624	2.111003	0.651587	-30.494200	-24.169100	25.000000
17.180780	2.070869	0.577977	17.004117	2.142476	0.636508	-30.494200	-23.071300	25.000000
17.181259	2.070854	0.578032	17.332917	2.178724	0.675839	-30.494200	-22.449200	25.000000
17.181259	2.070854	0.578032	17.016756	2.191711	0.652171	-30.494200	-21.351500	25.000000
17.181259	2.070854	0.578032	17.216271	2.219407	0.640586	-30.494200	-20.729300	25.000000
17.181259	2.070854	0.578032	17.233108	2.218667	0.630401	-30.494200	-19.631600	25.000000
17.181259	2.070854	0.578032	17.224111	2.197388	0.601918	-30.494200	-19.009400	25.000000
17.181259	2.070854	0.578032	17.060188	2.211654	0.571777	-30.494200	-17.911700	25.000000
17.181259	2.070854	0.578032	17.181967	2.135831	0.559330	-30.494200	-17.289500	25.000000
17.181259	2.070854	0.578032	17.175273	2.170945	0.574305	-30.494200	-16.191800	25.000000
17.181259	2.070854	0.578032	17.202907	2.101023	0.569313	-30.494200	-15.569600	25.000000
17.181259	2.070854	0.578032	17.043767	2.113342	0.555694	-30.494200	-14.471900	25.000000
17.181259	2.070854	0.578032	17.222659	2.086947	0.571337	-30.494200	-13.849800	25.000000
17.181259	2.070854	0.578032	17.272232	2.091982	0.571337	-30.494200	-12.752100	25.000000
17.181994	2.070830	0.577996	17.195930	2.074500	0.591686	-29.634300	-27.608800	25.000000
17.181994	2.070830	0.577996	17.270206	2.085385	0.600917	-29.634300	-25.888900	25.000000
17.181994	2.070830	0.577996	17.137386	2.110052	0.616297	-29.634300	-24.169100	25.000000
17.181515	2.070846	0.577941	17.276863	2.091828	0.619474	-29.634300	-23.071300	25.000000
17.181994	2.070830	0.577996	17.226143	2.141087	0.643501	-29.634300	-22.449200	25.000000
17.181994	2.070830	0.577996	17.041714	2.141057	0.617008	-29.634300	-21.351500	25.000000
17.181994	2.070830	0.577996	17.249348	2.168009	0.621064	-29.634300	-20.729300	25.000000
17.181994	2.070830	0.577996	17.070149	2.160996	0.625167	-29.634300	-19.631600	25.000000
17.181994	2.070830	0.577996	17.281204	2.159781	0.607305	-29.634300	-19.009400	25.000000
17.181994	2.070830	0.577996	17.164207	2.164342	0.580205	-29.634300	-17.911700	25.000000
17.181994	2.070830	0.577996	17.039366	2.141146	0.566729	-29.634300	-17.289500	25.000000
17.181994	2.070830	0.577996	17.265573	2.125934	0.576661	-29.634300	-16.191800	25.000000
17.181994	2.070830	0.577996	17.152551	2.095993	0.569313	-29.634300	-15.569600	25.000000
17.181994	2.070830	0.577996	17.300289	2.104426	0.574968	-29.634300	-14.471900	25.000000
17.181994	2.070830	0.577996	17.173526	2.081883	0.571337	-29.634300	-13.849800	25.000000
17.181994	2.070830	0.577996	17.222659	2.086947	0.571337	-29.634300	-12.752100	25.000000
17.181259	2.070854	0.578032	17.123376	2.083526	0.589861	-28.774300	-25.888900	25.000000
17.181259	2.070854	0.578032	17.244419	2.079579	0.591686	-28.774300	-24.791200	25.000000
17.181259	2.070854	0.578032	17.248188	2.092783	0.604699	-28.774300	-24.169100	25.000000
17.180780	2.070869	0.577977	17.221208	2.086995	0.595410	-28.774300	-23.071300	25.000000
17.181259	2.070854	0.578032	17.178184	2.101866	0.602983	-28.774300	-22.449200	25.000000
17.181259	2.070854	0.578032	17.139720	2.116783	0.610726	-28.774300	-21.351500	25.000000
17.181259	2.070854	0.578032	17.191859	2.121754	0.610726	-28.774300	-20.729300	25.000000
17.181259	2.070854	0.578032	17.195930	2.128448	0.605111	-28.774300	-19.631600	25.000000
17.181259	2.070854	0.578032	17.271074	2.132563	0.595593	-28.774300	-19.009400	25.000000
17.181259	2.070854	0.578032	17.241230	2.126810	0.586109	-28.774300	-17.911700	25.000000
17.181259	2.070854	0.578032	17.306935	2.117674	0.588003	-28.774300	-17.289500	25.000000
17.181259	2.070854	0.578032	17.109354	2.111032	0.576661	-28.774300	-16.191800	25.000000
17.181259	2.070854	0.578032	17.246739	2.092831	0.580582	-28.774300	-15.569600	25.000000
17.181259	2.070854	0.578032	17.202907	2.101023	0.569313	-28.774300	-14.471900	25.000000
17.181259	2.070854	0.578032	17.173526	2.081883	0.571337	-28.774300	-13.849800	25.000000
17.181259	2.070854	0.578032	17.269916	2.085395	0.576933	-28.774300	-12.752100	25.000000
17.181994	2.070830	0.577996	17.172070	2.081930	0.595410	-27.914400	-24.169100	25.000000
17.181515	2.070846	0.577941	17.195930	2.081152	0.586154	-27.914400	-23.071300	25.000000
17.181994	2.070830	0.577996	17.221208	2.086995	0.595410	-27.914400	-22.449200	25.000000
17.181994	2.070830	0.577996	17.129507	2.103536	0.597401	-27.914400	-21.351500	25.000000
17.181994	2.070830	0.577996	17.200872	2.101092	0.593610	-27.914400	-20.729300	25.000000
17.181994	2.070830	0.577996	17.129507	2.103536	0.597401	-27.914400	-19.631600	25.000000
17.181994	2.070830	0.577996	17.132425	2.110225	0.591776	-27.914400	-19.009400	25.000000
17.181994	2.070830	0.577996	17.203779	2.107744	0.588003	-27.914400	-17.911700	25.000000
17.181994	2.070830	0.577996	17.177311	2.101896	0.578640	-27.914400	-17.289500	25.000000
17.181994	2.070830	0.577996	17.105262	2.104372	0.582353	-27.914400	-16.191800	25.000000
17.181994	2.070830	0.577996	17.149636	2.089365	0.574968	-27.914400	-15.569600	25.000000
17.181994	2.070830	0.577996	17.197093	2.087791	0.580582	-27.914400	-14.471900	25.000000
17.181994	2.070830	0.577996	17.100292	2.084286	0.574968	-27.914400	-12.752100	25.000000
17.180780	2.070869	0.577977	17.195930	2.081152	0.586154	-27.054400	-23.071300	25.000000
17.181259	2.070854	0.578032	17.244419	2.079579	0.591686	-27.054400	-22.449200	25.000000
17.181259	2.070854	0.578032	17.244999	2.086212	0.586154	-27.054400	-21.351500	25.000000
17.181259	2.070854	0.578032	17.270785	2.092030	0.595410	-27.054400	-20.729300	25.000000
17.181259	2.070854	0.578032	17.172653	2.088600	0.589861	-27.054400	-19.631600	25.000000
17.181259	2.070854	0.578032	17.222369	2.093645	0.589861	-27.054400	-19.009400	25.000000
17.181259	2.070854	0.578032	17.174400	2.095256	0.584271	-27.054400	-17.911700	25.000000
17.181259	2.070854	0.578032	17.246739	2.092831	0.580582	-27.054400	-17.289500	25.000000
17.181259	2.070854	0.578032	17.174400	2.095256	0.584271	-27.054400	-16.191800	25.000000
17.181259	2.070854	0.578032	17.149636	2.089365	0.574968	-27.054400	-15.569600	25.000000
17.181259	2.070854	0.578032	17.269916	2.085395	0.576933	-27.054400	-14.471900	25.000000
17.181259	2.070854	0.578032	17.100292	2.084286	0.574968	-27.054400	-13.849800	25.000000
17.181994	2.070830	0.577996	17.123376	2.083526	0.589861	-26.194500	-22.449200	25.000000
17.181994	2.070830	0.577996	17.123376	2.083526	0.589861	-26.194500	-20.729300	25.000000
17.181994	2.070830	0.577996	17.195930	2.081152	0.586154	-26.194500	-19.631600	25.000000
17.181994	2.070830	0.577996	17.195930	2.081152	0.586154	-26.194500	-19.009400	25.000000
17.181994	2.070830	0.577996	17.244999	2.086212	0.586154	-26.194500	-17.911700	25.000000
17.181994	2.070830	0.577996	17.149636	2.089365	0.574968	-26.194500	-17.289500	25.000000
17.181994	2.070830	0.577996	17.197093	2.087791	0.580582	-26.194500	-16.191800	25.000000
17.181994	2.070830	0.577996	17.147886	2.082721	0.580582	-26.194500	-15.569600	25.000000
17.181994	2.070830	0.577996	17.100292	2.084286	0.574968	-26.194500	-14.471900	25.000000
17.181994	2.070830	0.577996	17.173526	2.081883	0.571337	-26.194500	-11.032200	25.000000
17.181259	2.070854	0.578032	17.195930	2.081152	0.586154	-25.334500	-19.009400	25.000000
17.181259	2.070854	0.578032	17.147886	2.082721	0.580582	-25.334500	-17.911700	25.000000
17.181259	2.070854	0.578032	17.197093	2.087791	0.580582	-25.334500	-17.289500	25.000000
17.181259	2.070854	0.578032	17.147886	2.082721	0.580582	-24.474600	-17.911700	25.000000
17.181259	2.070854	0.578032	17.147886	2.082721	0.580582	-24.474600	-16.191800	25.000000
17.181259	2.070854	0.578032	17.147886	2.082721	0.580582	-24.474600	-15.569600	25.000000
