17.179716	1.755195	0.394691	17.234024	1.743405	0.405665	-143.427000	-66.191800	25.000000
17.179716	1.755195	0.394691	17.196849	1.748507	0.413425	-143.427000	-65.094100	25.000000
17.179716	1.755195	0.394691	17.233061	1.732822	0.424194	-143.427000	-64.471900	25.000000
17.179716	1.755195	0.394691	17.108948	1.706227	0.445180	-143.427000	-63.374200	25.000000
17.180094	1.755191	0.394746	17.528833	1.582206	0.532592	-143.427000	-62.752100	25.000000
17.180094	1.755191	0.394746	16.856124	1.640263	0.468967	-143.427000	-61.654400	25.000000
17.180094	1.755191	0.394746	16.719976	1.616267	0.412753	-143.427000	-61.032200	25.000000
17.180094	1.755191	0.394746	17.683215	1.616619	0.534594	-143.427000	-59.934500	25.000000
17.180094	1.755191	0.394746	17.630939	1.876126	0.468967	-143.427000	-59.312300	25.000000
17.180094	1.755191	0.394746	16.726625	1.905847	0.275691	-143.427000	-58.214600	25.000000
17.179716	1.755195	0.394691	17.391952	2.088035	0.451814	-143.427000	-57.592400	25.000000
17.179716	1.755195	0.394691	17.060481	2.133407	0.398522	-143.427000	-56.494700	25.000000
17.179716	1.755195	0.394691	17.353386	2.129581	0.472766	-143.427000	-55.872500	25.000000
17.180094	1.755191	0.394746	17.009997	1.925012	0.399131	-143.427000	-54.774900	25.000000
17.180094	1.755191	0.394746	16.886625	1.774130	0.319839	-143.427000	-54.152700	25.000000
17.180094	1.755191	0.394746	17.471691	1.605144	0.296394	-143.427000	-53.055000	25.000000
17.180094	1.755191	0.394746	17.146673	1.671276	0.279105	-143.427000	-52.432800	25.000000
17.180094	1.755191	0.394746	17.195278	1.702609	0.334737	-143.427000	-51.335100	25.000000
17.180094	1.755191	0.394746	17.161597	1.745325	0.362926	-143.427000	-50.712900	25.000000
17.180094	1.755191	0.394746	17.213858	1.738305	0.373942	-143.427000	-49.615200	25.000000
17.179716	1.755195	0.394691	17.107308	1.753012	0.383818	-143.427000	-48.993000	25.000000
17.179716	1.755195	0.394691	17.148764	1.746049	0.408002	-142.567000	-66.191800	25.000000
17.179716	1.755195	0.394691	17.253258	1.749686	0.405665	-142.567000	-65.094100	25.000000
17.179716	1.755195	0.394691	17.105847	1.735223	0.421233	-142.567000	-64.471900	25.000000
17.179716	1.755195	0.394691	17.187231	1.718535	0.437338	-142.567000	-63.374200	25.000000
17.180094	1.755191	0.394746	17.155979	1.585952	0.518423	-142.567000	-62.752100	25.000000
17.180094	1.755191	0.394746	17.216515	1.670867	0.479312	-142.567000	-61.654400	25.000000
17.180094	1.755191	0.394746	17.580390	1.714059	0.484210	-142.567000	-61.032200	25.000000
17.180094	1.755191	0.394746	16.726473	1.566611	0.471669	-142.567000	-59.934500	25.000000
17.180094	1.755191	0.394746	17.619875	2.035723	0.432408	-142.567000	-59.312300	25.000000
17.180094	1.755191	0.394746	16.770510	1.892339	0.254125	-142.567000	-58.214600	25.000000
17.179716	1.755195	0.394691	17.497714	2.250617	0.506385	-142.567000	-57.592400	25.000000
17.179716	1.755195	0.394691	16.994705	2.251845	0.372068	-142.567000	-56.494700	25.000000
17.179716	1.755195	0.394691	17.178475	2.320040	0.506326	-142.567000	-55.872500	25.000000
17.180094	1.755191	0.394746	17.205813	2.176785	0.501604	-142.567000	-54.774900	25.000000
17.180094	1.755191	0.394746	16.734694	1.702641	0.243517	-142.567000	-54.152700	25.000000
17.180094	1.755191	0.394746	17.577542	1.931276	0.528950	-142.567000	-53.055000	25.000000
17.180094	1.755191	0.394746	17.075951	1.664045	0.243552	-142.567000	-52.432800	25.000000
17.180094	1.755191	0.394746	17.276137	1.661799	0.307046	-142.567000	-51.335100	25.000000
17.180094	1.755191	0.394746	17.261877	1.734898	0.366331	-142.567000	-50.712900	25.000000
17.180094	1.755191	0.394746	17.031806	1.737135	0.346228	-142.567000	-49.615200	25.000000
17.179716	1.755195	0.394691	17.198546	1.752035	0.381604	-142.567000	-48.993000	25.000000
17.179716	1.755195	0.394691	17.255040	1.750257	0.405665	-141.707000	-65.094100	25.000000
17.179716	1.755195	0.394691	17.329942	1.737172	0.434860	-141.707000	-64.471900	25.000000
17.179716	1.755195	0.394691	17.080386	1.725982	0.421233	-141.707000	-63.374200	25.000000
17.180094	1.755191	0.394746	17.221002	1.615524	0.523472	-141.707000	-62.752100	25.000000
17.180094	1.755191	0.394746	17.006752	1.680384	0.466293	-141.707000	-61.654400	25.000000
17.180094	1.755191	0.394746	16.574755	1.670510	0.398522	-141.707000	-61.032200	25.000000
17.180094	1.755191	0.394746	17.697630	1.644885	0.554996	-141.707000	-59.934500	25.000000
17.180094	1.755191	0.394746	17.720609	2.096984	0.402321	-141.707000	-59.312300	25.000000
17.180094	1.755191	0.394746	16.545996	1.922496	0.207496	-141.707000	-58.214600	25.000000
17.179716	1.755195	0.394691	17.515993	2.309960	0.363291	-141.707000	-57.592400	25.000000
17.179716	1.755195	0.394691	16.863274	2.423582	0.487836	-141.707000	-56.494700	25.000000
17.179716	1.755195	0.394691	17.253695	2.424108	0.578223	-141.707000	-55.872500	25.000000
17.180094	1.755191	0.394746	17.048754	2.456326	0.600855	-141.707000	-54.774900	25.000000
17.180094	1.755191	0.394746	17.886867	1.842480	0.502589	-141.707000	-54.152700	25.000000
17.180094	1.755191	0.394746	16.393291	2.250170	0.498721	-141.707000	-53.055000	25.000000
17.180094	1.755191	0.394746	17.250507	1.675331	0.277499	-141.707000	-52.432800	25.000000
17.180094	1.755191	0.394746	17.180466	1.674589	0.284730	-141.707000	-51.335100	25.000000
17.180094	1.755191	0.394746	17.018898	1.734284	0.327400	-141.707000	-50.712900	25.000000
17.180094	1.755191	0.394746	17.242752	1.719229	0.353280	-141.707000	-49.615200	25.000000
17.179716	1.755195	0.394691	17.194953	1.750891	0.381604	-141.707000	-48.993000	25.000000
17.179716	1.755195	0.394691	17.243016	1.748026	0.373942	-141.707000	-47.895300	25.000000
17.179716	1.755195	0.394691	17.168285	1.752358	0.408002	-140.847000	-66.191800	25.000000
17.179716	1.755195	0.394691	17.240940	1.745691	0.405665	-140.847000	-65.094100	25.000000
17.179716	1.755195	0.394691	17.176041	1.741630	0.413425	-140.847000	-64.471900	25.000000
17.179716	1.755195	0.394691	17.231451	1.732249	0.424194	-140.847000	-63.374200	25.000000
17.180094	1.755191	0.394746	17.538304	1.662725	0.514885	-140.847000	-62.752100	25.000000
17.180094	1.755191	0.394746	16.856930	1.671221	0.450315	-140.847000	-61.654400	25.000000
17.180094	1.755191	0.394746	17.718705	1.743792	0.502090	-140.847000	-61.032200	25.000000
17.180094	1.755191	0.394746	16.593902	1.586465	0.469038	-140.847000	-59.934500	25.000000
17.180094	1.755191	0.394746	17.844047	2.138853	0.374334	-140.847000	-59.312300	25.000000
17.180094	1.755191	0.394746	16.424981	1.925201	0.163014	-140.847000	-58.214600	25.000000
17.179716	1.755195	0.394691	16.435936	2.556280	0.290402	-140.847000	-57.592400	25.000000
17.179716	1.755195	0.394691	17.987496	2.370522	0.367174	-140.847000	-56.494700	25.000000
17.179716	1.755195	0.394691	17.127171	2.558803	0.717832	-140.847000	-55.872500	25.000000
17.180094	1.755191	0.394746	17.254565	2.624652	0.685730	-140.847000	-54.774900	25.000000
17.180094	1.755191	0.394746	16.880758	2.507570	0.643501	-140.847000	-54.152700	25.000000
17.180094	1.755191	0.394746	17.511710	2.117240	0.628796	-140.847000	-53.055000	25.000000
17.180094	1.755191	0.394746	17.954857	1.717804	0.435947	-140.847000	-52.432800	25.000000
17.180094	1.755191	0.394746	16.430974	1.762462	0.231446	-140.847000	-51.335100	25.000000
17.180094	1.755191	0.394746	17.333044	1.693413	0.325427	-140.847000	-50.712900	25.000000
17.180094	1.755191	0.394746	17.071793	1.729026	0.301116	-140.847000	-49.615200	25.000000
17.179716	1.755195	0.394691	17.119100	1.750510	0.370584	-140.847000	-48.993000	25.000000
17.179716	1.755195	0.394691	17.234271	1.745170	0.373942	-140.847000	-47.895300	25.000000
17.188791	1.755097	0.394463	17.231370	1.746379	0.418823	-139.988000	-64.471900	25.000000
17.188791	1.755097	0.394463	17.070703	1.737346	0.415812	-139.988000	-63.374200	25.000000
17.189169	1.755093	0.394518	17.054691	1.703111	0.453066	-139.988000	-62.752100	25.000000
17.189169	1.755093	0.394518	17.262839	1.667105	0.497489	-139.988000	-61.654400	25.000000
17.189169	1.755093	0.394518	17.701201	1.755447	0.484210	-139.988000	-61.032200	25.000000
17.189169	1.755093	0.394518	16.692645	1.593563	0.493130	-139.988000	-59.934500	25.000000
17.189169	1.755093	0.394518	17.716094	1.958634	0.400889	-139.988000	-59.312300	25.000000
17.189169	1.755093	0.394518	16.545090	2.153175	0.050681	-139.988000	-58.214600	25.000000
17.188791	1.755097	0.394463	17.597886	2.624829	0.371963	-139.988000	-57.592400	25.000000
17.188791	1.755097	0.394463	16.779121	2.384876	0.058195	-139.988000	-56.494700	25.000000
17.188791	1.755097	0.394463	16.976749	2.707193	0.755704	-139.988000	-55.872500	25.000000
17.189169	1.755093	0.394518	17.454799	2.689343	0.971885	-139.988000	-54.774900	25.000000
17.189169	1.755093	0.394518	16.796131	2.446562	0.745945	-139.988000	-54.152700	25.000000
17.189169	1.755093	0.394518	17.570999	2.715509	0.902507	-139.988000	-53.055000	25.000000
17.189169	1.755093	0.394518	19.002631	1.766758	0.598419	-139.988000	-52.432800	25.000000
17.189169	1.755093	0.394518	15.062868	2.002311	0.266252	-139.988000	-51.335100	25.000000
17.189169	1.755093	0.394518	17.010891	1.717107	0.295441	-139.988000	-50.712900	25.000000
17.189169	1.755093	0.394518	17.284918	1.670470	0.264722	-139.988000	-49.615200	25.000000
17.188791	1.755097	0.394463	17.273451	1.738896	0.366331	-139.988000	-48.993000	25.000000
17.188791	1.755097	0.394463	17.080152	1.749734	0.365038	-139.988000	-47.895300	25.000000
17.179716	1.755195	0.394691	17.152262	1.747197	0.408002	-139.127000	-64.471900	25.000000
17.179716	1.755195	0.394691	17.181167	1.743351	0.413425	-139.127000	-63.374200	25.000000
17.180094	1.755191	0.394746	17.379079	1.704690	0.489616	-139.127000	-62.752100	25.000000
17.180094	1.755191	0.394746	16.997341	1.697033	0.447734	-139.127000	-61.654400	25.000000
17.180094	1.755191	0.394746	17.467000	1.638978	0.556166	-139.127000	-61.032200	25.000000
17.180094	1.755191	0.394746	16.875844	1.736884	0.434086	-139.127000	-59.934500	25.000000
17.180094	1.755191	0.394746	16.384444	1.849023	0.140102	-139.127000	-59.312300	25.000000
17.180094	1.755191	0.394746	17.951602	2.295473	0.309986	-139.127000	-58.214600	25.000000
17.179716	1.755195	0.394691	18.176499	2.613466	0.351308	-139.127000	-57.592400	25.000000
17.179716	1.755195	0.394691	16.002431	2.381671	6.040319	-139.127000	-56.494700	25.000000
17.179716	1.755195	0.394691	17.484991	2.787459	0.969528	-139.127000	-55.872500	25.000000
17.180094	1.755191	0.394746	16.832198	2.756584	1.203509	-139.127000	-54.774900	25.000000
17.180094	1.755191	0.394746	17.703570	2.820722	1.313655	-139.127000	-54.152700	25.000000
17.180094	1.755191	0.394746	16.649973	2.767754	0.965460	-139.127000	-53.055000	25.000000
17.180094	1.755191	0.394746	15.366847	1.957822	0.321751	-139.127000	-52.432800	25.000000
17.180094	1.755191	0.394746	18.681006	2.167681	0.964842	-139.127000	-51.335100	25.000000
17.180094	1.755191	0.394746	17.240769	1.704015	0.284730	-139.127000	-50.712900	25.000000
17.180094	1.755191	0.394746	17.161876	1.693468	0.273461	-139.127000	-49.615200	25.000000
17.179716	1.755195	0.394691	17.236717	1.738669	0.360837	-139.127000	-48.993000	25.000000
17.179716	1.755195	0.394691	17.136280	1.740254	0.344219	-139.127000	-47.895300	25.000000
17.180094	1.755191	0.394746	17.198546	1.752035	0.381604	-139.127000	-47.273200	25.000000
17.179716	1.755195	0.394691	17.107308	1.753012	0.383818	-139.127000	-46.175400	25.000000
17.188791	1.755097	0.394463	17.162893	1.750638	0.408002	-138.268000	-64.471900	25.000000
17.188791	1.755097	0.394463	17.182887	1.743924	0.413425	-138.268000	-63.374200	25.000000
17.189169	1.755093	0.394518	17.250858	1.709787	0.474118	-138.268000	-62.752100	25.000000
17.189169	1.755093	0.394518	17.094739	1.718158	0.439843	-138.268000	-61.654400	25.000000
17.189169	1.755093	0.394518	17.440195	1.744837	0.484478	-138.268000	-61.032200	25.000000
17.189169	1.755093	0.394518	16.919799	1.638224	0.514003	-138.268000	-59.934500	25.000000
17.189169	1.755093	0.394518	18.349594	2.248129	0.492426	-138.268000	-59.312300	25.000000
17.189169	1.755093	0.394518	15.859196	1.898194	6.235887	-138.268000	-58.214600	25.000000
17.188791	1.755097	0.394463	18.269168	2.626646	0.334052	-138.268000	-57.592400	25.000000
17.188791	1.755097	0.394463	15.951881	2.248345	5.873539	-138.268000	-56.494700	25.000000
17.188791	1.755097	0.394463	16.532601	2.940666	1.221249	-138.268000	-55.872500	25.000000
17.189169	1.755093	0.394518	17.954445	2.831845	1.407450	-138.268000	-54.774900	25.000000
17.189169	1.755093	0.394518	16.931025	2.826982	1.693257	-138.268000	-54.152700	25.000000
17.189169	1.755093	0.394518	17.400313	2.878152	1.688034	-138.268000	-53.055000	25.000000
17.189169	1.755093	0.394518	15.350896	2.213440	0.606059	-138.268000	-52.432800	25.000000
17.189169	1.755093	0.394518	18.817811	2.401879	1.323906	-138.268000	-51.335100	25.000000
17.189169	1.755093	0.394518	17.439323	1.697285	0.305299	-138.268000	-50.712900	25.000000
17.189169	1.755093	0.394518	16.878685	1.822273	0.408908	-138.268000	-49.615200	25.000000
17.188791	1.755097	0.394463	17.090901	1.737148	0.319874	-138.268000	-48.993000	25.000000
17.188791	1.755097	0.394463	17.326110	1.727853	0.345776	-138.268000	-47.895300	25.000000
17.189169	1.755093	0.394518	17.070735	1.753407	0.378294	-138.268000	-47.273200	25.000000
17.188791	1.755097	0.394463	17.198546	1.752035	0.381604	-138.268000	-46.175400	25.000000
17.179716	1.755195	0.394691	17.152262	1.747197	0.408002	-137.408000	-64.471900	25.000000
17.179716	1.755195	0.394691	17.166482	1.751785	0.408002	-137.408000	-63.374200	25.000000
17.180094	1.755191	0.394746	16.996544	1.715447	0.442374	-137.408000	-62.752100	25.000000
17.180094	1.755191	0.394746	17.359793	1.733964	0.453204	-137.408000	-61.654400	25.000000
17.180094	1.755191	0.394746	17.356106	1.679329	0.528492	-137.408000	-61.032200	25.000000
17.180094	1.755191	0.394746	17.039202	1.695539	0.479519	-137.408000	-59.934500	25.000000
17.180094	1.755191	0.394746	18.312291	2.299924	0.512788	-137.408000	-59.312300	25.000000
17.180094	1.755191	0.394746	15.769908	1.814157	6.257047	-137.408000	-58.214600	25.000000
17.179716	1.755195	0.394691	17.909274	2.450501	5.579025	-137.408000	-57.592400	25.000000
17.179716	1.755195	0.394691	16.064324	2.242726	0.302885	-137.408000	-56.494700	25.000000
17.179716	1.755195	0.394691	17.502437	3.124905	0.906750	-137.408000	-55.872500	25.000000
17.180094	1.755191	0.394746	16.879319	2.959418	2.212335	-137.408000	-54.774900	25.000000
17.180094	1.755191	0.394746	17.553963	2.731721	2.020378	-137.408000	-54.152700	25.000000
17.180094	1.755191	0.394746	16.809866	2.871401	2.315208	-137.408000	-53.055000	25.000000
17.180094	1.755191	0.394746	18.858515	2.407397	1.496331	-137.408000	-52.432800	25.000000
17.180094	1.755191	0.394746	15.283079	2.799989	1.482789	-137.408000	-51.335100	25.000000
17.180094	1.755191	0.394746	14.951923	1.998368	0.424194	-137.408000	-50.712900	25.000000
17.180094	1.755191	0.394746	19.215358	1.680303	0.484722	-137.408000	-49.615200	25.000000
17.179716	1.755195	0.394691	16.972790	1.738914	0.297181	-137.408000	-48.993000	25.000000
17.179716	1.755195	0.394691	17.360369	1.704835	0.307046	-137.408000	-47.895300	25.000000
17.180094	1.755191	0.394746	17.034671	1.753798	0.372746	-137.408000	-47.273200	25.000000
17.179716	1.755195	0.394691	17.205549	1.747826	0.368446	-137.408000	-46.175400	25.000000
17.179716	1.755195	0.394691	17.168285	1.752358	0.408002	-136.548000	-63.374200	25.000000
17.180094	1.755191	0.394746	17.159709	1.726438	0.445180	-136.548000	-62.752100	25.000000
17.180094	1.755191	0.394746	17.204069	1.740170	0.431996	-136.548000	-61.654400	25.000000
17.180094	1.755191	0.394746	17.261124	1.682260	0.518423	-136.548000	-61.032200	25.000000
17.180094	1.755191	0.394746	17.063704	1.676480	0.511105	-136.548000	-59.934500	25.000000
17.180094	1.755191	0.394746	16.983227	2.330787	6.242557	-136.548000	-59.312300	25.000000
17.180094	1.755191	0.394746	17.086252	1.759194	0.423669	-136.548000	-58.214600	25.000000
17.179716	1.755195	0.394691	18.562115	2.654121	5.944339	-136.548000	-57.592400	25.000000
17.179716	1.755195	0.394691	15.598077	2.000628	6.084407	-136.548000	-56.494700	25.000000
17.179716	1.755195	0.394691	18.251425	3.012689	3.413452	-136.548000	-55.872500	25.000000
17.180094	1.755191	0.394746	16.107095	2.866165	4.372590	-136.548000	-54.774900	25.000000
17.180094	1.755191	0.394746	16.282506	2.711557	2.356194	-136.548000	-54.152700	25.000000
17.180094	1.755191	0.394746	18.043836	2.698326	2.567926	-136.548000	-53.055000	25.000000
17.180094	1.755191	0.394746	15.643849	2.651174	1.888255	-136.548000	-52.432800	25.000000
17.180094	1.755191	0.394746	18.556939	2.654647	2.470449	-136.548000	-51.335100	25.000000
17.180094	1.755191	0.394746	12.539139	2.192200	0.371399	-136.548000	-50.712900	25.000000
17.180094	1.755191	0.394746	20.603155	1.825944	0.867067	-136.548000	-49.615200	25.000000
17.179716	1.755195	0.394691	17.353504	1.698495	0.288674	-136.548000	-48.993000	25.000000
17.179716	1.755195	0.394691	17.093241	1.727641	0.263655	-136.548000	-47.895300	25.000000
17.180094	1.755191	0.394746	17.241256	1.747455	0.373942	-136.548000	-47.273200	25.000000
17.179716	1.755195	0.394691	17.172117	1.748765	0.362926	-136.548000	-46.175400	25.000000
17.180094	1.755191	0.394746	17.198546	1.752035	0.381604	-136.548000	-45.553300	25.000000
17.180094	1.755191	0.394746	17.139942	1.732528	0.426627	-135.688000	-62.752100	25.000000
17.180094	1.755191	0.394746	17.310690	1.744979	0.429540	-135.688000	-61.654400	25.000000
17.180094	1.755191	0.394746	16.910648	1.659615	0.522092	-135.688000	-61.032200	25.000000
17.180094	1.755191	0.394746	17.433671	1.699061	0.520581	-135.688000	-59.934500	25.000000
17.180094	1.755191	0.394746	16.367651	2.039927	6.166477	-135.688000	-59.312300	25.000000
17.180094	1.755191	0.394746	17.894413	1.912720	0.535333	-135.688000	-58.214600	25.000000
17.179716	1.755195	0.394691	17.909495	2.514312	6.082058	-135.688000	-57.592400	25.000000
17.179716	1.755195	0.394691	16.458736	2.023566	5.895151	-135.688000	-56.494700	25.000000
17.179716	1.755195	0.394691	18.235320	2.771397	3.934493	-135.688000	-55.872500	25.000000
17.180094	1.755191	0.394746	16.084203	2.666108	4.923103	-135.688000	-54.774900	25.000000
17.180094	1.755191	0.394746	16.737085	2.550785	2.523837	-135.688000	-54.152700	25.000000
17.180094	1.755191	0.394746	17.662106	2.554023	2.545092	-135.688000	-53.055000	25.000000
17.180094	1.755191	0.394746	15.758490	2.612028	2.672327	-135.688000	-52.432800	25.000000
17.180094	1.755191	0.394746	18.410052	2.561660	2.829246	-135.688000	-51.335100	25.000000
17.180094	1.755191	0.394746	14.095744	2.002662	0.505581	-135.688000	-50.712900	25.000000
17.180094	1.755191	0.394746	19.305440	2.103227	1.444204	-135.688000	-49.615200	25.000000
17.179716	1.755195	0.394691	17.044577	1.763245	0.334982	-135.688000	-48.993000	25.000000
17.179716	1.755195	0.394691	17.351369	1.727039	0.314371	-135.688000	-47.895300	25.000000
17.180094	1.755191	0.394746	17.251982	1.743812	0.360837	-135.688000	-47.273200	25.000000
17.179716	1.755195	0.394691	17.097956	1.747763	0.351817	-135.688000	-46.175400	25.000000
17.180094	1.755191	0.394746	17.107308	1.753012	0.383818	-135.688000	-44.455600	25.000000
17.179716	1.755195	0.394691	17.258621	1.751397	0.405665	-134.828000	-64.471900	25.000000
17.180094	1.755191	0.394746	17.236635	1.748092	0.418823	-134.828000	-62.752100	25.000000
17.180094	1.755191	0.394746	17.161355	1.740004	0.426627	-134.828000	-61.654400	25.000000
17.180094	1.755191	0.394746	16.888268	1.685923	0.490308	-134.828000	-61.032200	25.000000
17.180094	1.755191	0.394746	17.528152	1.696066	0.530558	-134.828000	-59.934500	25.000000
17.180094	1.755191	0.394746	18.544541	2.071366	0.397628	-134.828000	-59.312300	25.000000
17.180094	1.755191	0.394746	15.711779	1.704855	0.148255	-134.828000	-58.214600	25.000000
17.179716	1.755195	0.394691	15.692355	1.976970	6.073545	-134.828000	-57.592400	25.000000
17.179716	1.755195	0.394691	18.363551	2.517322	5.690015	-134.828000	-56.494700	25.000000
17.179716	1.755195	0.394691	16.474078	2.269774	4.968369	-134.828000	-55.872500	25.000000
17.180094	1.755191	0.394746	17.615405	2.836139	4.121769	-134.828000	-54.774900	25.000000
17.180094	1.755191	0.394746	16.341665	2.413670	2.545937	-134.828000	-54.152700	25.000000
17.180094	1.755191	0.394746	18.108009	2.445910	2.817117	-134.828000	-53.055000	25.000000
17.180094	1.755191	0.394746	17.131550	2.405835	2.913490	-134.828000	-52.432800	25.000000
17.180094	1.755191	0.394746	17.258320	2.441602	2.901850	-134.828000	-51.335100	25.000000
17.180094	1.755191	0.394746	18.843241	2.181141	1.921731	-134.828000	-50.712900	25.000000
17.180094	1.755191	0.394746	15.160999	2.150119	1.134737	-134.828000	-49.615200	25.000000
17.179716	1.755195	0.394691	17.227304	1.739939	0.323613	-134.828000	-48.993000	25.000000
17.179716	1.755195	0.394691	17.114321	1.873389	0.598189	-134.828000	-47.895300	25.000000
17.180094	1.755191	0.394746	17.054337	1.746434	0.327400	-134.828000	-47.273200	25.000000
17.179716	1.755195	0.394691	17.318686	1.737281	0.340267	-134.828000	-46.175400	25.000000
17.180094	1.755191	0.394746	17.162168	1.752423	0.376106	-134.828000	-45.553300	25.000000
17.180094	1.755191	0.394746	17.198546	1.752035	0.381604	-134.828000	-44.455600	25.000000
17.180094	1.755191	0.394746	17.143232	1.747883	0.421233	-133.968000	-62.752100	25.000000
17.180094	1.755191	0.394746	17.101465	1.747726	0.415812	-133.968000	-61.654400	25.000000
17.180094	1.755191	0.394746	17.558704	1.718842	0.504861	-133.968000	-61.032200	25.000000
17.180094	1.755191	0.394746	16.860902	1.695669	0.485035	-133.968000	-59.934500	25.000000
17.180094	1.755191	0.394746	15.518698	1.693537	0.256002	-133.968000	-59.312300	25.000000
17.180094	1.755191	0.394746	18.607794	1.950680	0.417049	-133.968000	-58.214600	25.000000
17.179716	1.755195	0.394691	18.059347	2.073441	5.412791	-133.968000	-57.592400	25.000000
17.179716	1.755195	0.394691	15.544452	2.573158	0.253674	-133.968000	-56.494700	25.000000
17.179716	1.755195	0.394691	17.371382	1.991845	5.310713	-133.968000	-55.872500	25.000000
17.180094	1.755191	0.394746	15.618015	2.797023	4.031727	-133.968000	-54.774900	25.000000
17.180094	1.755191	0.394746	16.345706	2.351175	3.194130	-133.968000	-54.152700	25.000000
17.180094	1.755191	0.394746	17.953841	2.295363	2.915017	-133.968000	-53.055000	25.000000
17.180094	1.755191	0.394746	18.200000	2.219803	2.714965	-133.968000	-52.432800	25.000000
17.180094	1.755191	0.394746	16.127616	2.296228	2.975082	-133.968000	-51.335100	25.000000
17.180094	1.755191	0.394746	13.275918	2.326020	1.997424	-133.968000	-50.712900	25.000000
17.180094	1.755191	0.394746	20.203218	2.077241	2.158799	-133.968000	-49.615200	25.000000
17.179716	1.755195	0.394691	16.307667	1.888869	0.762571	-133.968000	-48.993000	25.000000
17.179716	1.755195	0.394691	17.909774	1.716483	0.357450	-133.968000	-47.895300	25.000000
17.180094	1.755191	0.394746	17.082298	1.743171	0.295441	-133.968000	-47.273200	25.000000
17.179716	1.755195	0.394691	17.263766	1.730184	0.316185	-133.968000	-46.175400	25.000000
17.180094	1.755191	0.394746	17.162168	1.752423	0.376106	-133.968000	-45.553300	25.000000
17.180094	1.755191	0.394746	17.089178	1.759161	0.378294	-133.968000	-44.455600	25.000000
17.180094	1.755191	0.394746	17.196849	1.748507	0.413425	-133.108000	-62.752100	25.000000
17.180094	1.755191	0.394746	17.162893	1.750638	0.408002	-133.108000	-61.654400	25.000000
17.180094	1.755191	0.394746	17.410043	1.735817	0.471460	-133.108000	-61.032200	25.000000
17.180094	1.755191	0.394746	16.931698	1.708250	0.476980	-133.108000	-59.934500	25.000000
17.180094	1.755191	0.394746	16.848739	1.960431	0.154601	-133.108000	-59.312300	25.000000
17.180094	1.755191	0.394746	17.373831	1.750186	0.500280	-133.108000	-58.214600	25.000000
17.179716	1.755195	0.394691	17.144387	1.878957	5.684996	-133.108000	-57.592400	25.000000
17.179716	1.755195	0.394691	15.653115	3.001609	6.004886	-133.108000	-56.494700	25.000000
17.179716	1.755195	0.394691	19.068823	2.092313	4.839745	-133.108000	-55.872500	25.000000
17.180094	1.755191	0.394746	11.289376	2.195209	0.186689	-133.108000	-54.774900	25.000000
17.180094	1.755191	0.394746	17.173235	2.206753	3.527475	-133.108000	-54.152700	25.000000
17.180094	1.755191	0.394746	17.307802	2.158754	3.309024	-133.108000	-53.055000	25.000000
17.180094	1.755191	0.394746	19.138965	2.084200	2.930080	-133.108000	-52.432800	25.000000
17.180094	1.755191	0.394746	14.976315	2.134330	2.902361	-133.108000	-51.335100	25.000000
17.180094	1.755191	0.394746	15.485800	2.091199	2.345669	-133.108000	-50.712900	25.000000
17.180094	1.755191	0.394746	18.681006	2.037175	2.702069	-133.108000	-49.615200	25.000000
17.179716	1.755195	0.394691	19.833557	1.825644	1.135113	-133.108000	-48.993000	25.000000
17.179716	1.755195	0.394691	13.425722	1.873326	0.358771	-133.108000	-47.895300	25.000000
17.180094	1.755191	0.394746	17.056579	1.739864	0.270947	-133.108000	-47.273200	25.000000
17.179716	1.755195	0.394691	17.328012	1.727251	0.290338	-133.108000	-46.175400	25.000000
17.180094	1.755191	0.394746	17.218014	1.751828	0.368446	-133.108000	-45.553300	25.000000
17.180094	1.755191	0.394746	17.034671	1.753798	0.372746	-133.108000	-44.455600	25.000000
17.180094	1.755191	0.394746	17.168285	1.752358	0.408002	-132.248000	-62.752100	25.000000
17.180094	1.755191	0.394746	17.150510	1.746623	0.408002	-132.248000	-61.654400	25.000000
17.180094	1.755191	0.394746	17.338469	1.741770	0.447942	-132.248000	-61.032200	25.000000
17.180094	1.755191	0.394746	17.105031	1.723981	0.466293	-132.248000	-59.934500	25.000000
17.180094	1.755191	0.394746	16.021236	1.695957	0.373497	-132.248000	-59.312300	25.000000
17.180094	1.755191	0.394746	18.326211	1.998417	0.285713	-132.248000	-58.214600	25.000000
17.179716	1.755195	0.394691	18.441529	1.885027	5.513915	-132.248000	-57.592400	25.000000
17.179716	1.755195	0.394691	13.409325	2.751121	0.604306	-132.248000	-56.494700	25.000000
17.179716	1.755195	0.394691	18.828436	1.736194	5.783409	-132.248000	-55.872500	25.000000
17.180094	1.755191	0.394746	12.789058	2.520418	4.604699	-132.248000	-54.774900	25.000000
17.180094	1.755191	0.394746	16.631296	2.005226	3.814263	-132.248000	-54.152700	25.000000
17.180094	1.755191	0.394746	17.705649	2.052319	3.676548	-132.248000	-53.055000	25.000000
17.180094	1.755191	0.394746	17.052859	1.942899	2.951604	-132.248000	-52.432800	25.000000
17.180094	1.755191	0.394746	17.336955	1.948895	2.864998	-132.248000	-51.335100	25.000000
17.180094	1.755191	0.394746	19.339338	1.891695	2.854311	-132.248000	-50.712900	25.000000
17.180094	1.755191	0.394746	14.755338	1.945470	2.921344	-132.248000	-49.615200	25.000000
17.179716	1.755195	0.394691	21.894520	1.740603	0.969941	-132.248000	-48.993000	25.000000
17.179716	1.755195	0.394691	8.519977	2.155131	1.613025	-132.248000	-47.895300	25.000000
17.180094	1.755191	0.394746	17.293640	1.751027	0.329185	-132.248000	-47.273200	25.000000
17.179716	1.755195	0.394691	17.059308	1.765466	0.353876	-132.248000	-46.175400	25.000000
17.180094	1.755191	0.394746	17.114029	1.752940	0.351817	-132.248000	-45.553300	25.000000
17.180094	1.755191	0.394746	17.182840	1.752202	0.362926	-132.248000	-44.455600	25.000000
17.180094	1.755191	0.394746	17.168285	1.752358	0.408002	-131.388000	-62.752100	25.000000
17.180094	1.755191	0.394746	17.168285	1.752358	0.408002	-131.388000	-61.654400	25.000000
17.180094	1.755191	0.394746	17.306360	1.745610	0.442653	-131.388000	-61.032200	25.000000
17.180094	1.755191	0.394746	17.008527	1.736172	0.436987	-131.388000	-59.934500	25.000000
17.180094	1.755191	0.394746	16.420719	1.779361	0.329624	-131.388000	-59.312300	25.000000
17.180094	1.755191	0.394746	17.895530	1.796220	0.476467	-131.388000	-58.214600	25.000000
17.179716	1.755195	0.394691	19.176287	1.818413	5.581560	-131.388000	-57.592400	25.000000
17.179716	1.755195	0.394691	13.191664	2.645277	0.241118	-131.388000	-56.494700	25.000000
17.179716	1.755195	0.394691	16.081356	1.796571	6.011897	-131.388000	-55.872500	25.000000
17.180094	1.755191	0.394746	17.704802	2.058727	5.113083	-131.388000	-54.774900	25.000000
17.180094	1.755191	0.394746	16.195678	1.970334	3.922252	-131.388000	-54.152700	25.000000
17.180094	1.755191	0.394746	18.111046	1.799157	4.136964	-131.388000	-53.055000	25.000000
17.180094	1.755191	0.394746	15.875453	1.806024	2.791161	-131.388000	-52.432800	25.000000
17.180094	1.755191	0.394746	18.397282	1.762209	2.797079	-131.388000	-51.335100	25.000000
17.180094	1.755191	0.394746	18.252463	1.758167	3.019728	-131.388000	-50.712900	25.000000
17.180094	1.755191	0.394746	16.004924	1.765719	3.126307	-131.388000	-49.615200	25.000000
17.179716	1.755195	0.394691	10.102720	1.924571	1.889444	-131.388000	-48.993000	25.000000
17.179716	1.755195	0.394691	21.785569	1.718216	1.453026	-131.388000	-47.895300	25.000000
17.180094	1.755191	0.394746	14.622243	1.890820	0.511997	-131.388000	-47.273200	25.000000
17.179716	1.755195	0.394691	19.333132	1.731838	0.576375	-131.388000	-46.175400	25.000000
17.180094	1.755191	0.394746	17.114029	1.752940	0.351817	-131.388000	-45.553300	25.000000
17.180094	1.755191	0.394746	17.107601	1.753009	0.333028	-131.388000	-44.455600	25.000000
17.180094	1.755191	0.394746	17.107308	1.753012	0.383818	-131.388000	-43.833400	25.000000
17.180094	1.755191	0.394746	17.216852	1.757748	0.381604	-131.388000	-42.735700	25.000000
17.180094	1.755191	0.394746	17.168285	1.752358	0.408002	-130.528000	-61.654400	25.000000
17.180094	1.755191	0.394746	17.222953	1.746465	0.431996	-130.528000	-61.032200	25.000000
17.180094	1.755191	0.394746	17.087141	1.746093	0.429087	-130.528000	-59.934500	25.000000
17.180094	1.755191	0.394746	17.157109	1.741821	0.479519	-130.528000	-59.312300	25.000000
17.180094	1.755191	0.394746	17.115107	1.725073	0.492740	-130.528000	-58.214600	25.000000
17.179716	1.755195	0.394691	17.498857	1.679589	5.979615	-130.528000	-57.592400	25.000000
17.179716	1.755195	0.394691	16.621973	2.403843	5.819538	-130.528000	-56.494700	25.000000
17.179716	1.755195	0.394691	19.343474	1.710836	5.782172	-130.528000	-55.872500	25.000000
17.180094	1.755191	0.394746	13.811589	2.224568	4.970641	-130.528000	-54.774900	25.000000
17.180094	1.755191	0.394746	12.611281	1.842127	4.621729	-130.528000	-54.152700	25.000000
17.180094	1.755191	0.394746	20.618247	1.686974	4.156895	-130.528000	-53.055000	25.000000
17.180094	1.755191	0.394746	14.759231	1.633850	2.929551	-130.528000	-52.432800	25.000000
17.180094	1.755191	0.394746	19.344467	1.608025	2.906651	-130.528000	-51.335100	25.000000
17.180094	1.755191	0.394746	16.440757	1.630440	3.024947	-130.528000	-50.712900	25.000000
17.180094	1.755191	0.394746	17.841581	1.577522	3.015708	-130.528000	-49.615200	25.000000
17.179716	1.755195	0.394691	18.532892	1.602637	2.233733	-130.528000	-48.993000	25.000000
17.179716	1.755195	0.394691	15.602167	1.682552	1.687151	-130.528000	-47.895300	25.000000
17.180094	1.755191	0.394746	19.074066	1.728734	0.432779	-130.528000	-47.273200	25.000000
17.179716	1.755195	0.394691	15.061540	1.818996	0.853255	-130.528000	-46.175400	25.000000
17.180094	1.755191	0.394746	17.075714	1.753353	0.327400	-130.528000	-45.553300	25.000000
17.180094	1.755191	0.394746	17.276574	1.745327	0.310599	-130.528000	-44.455600	25.000000
17.180094	1.755191	0.394746	17.180512	1.758148	0.376106	-130.528000	-43.833400	25.000000
17.180094	1.755191	0.394746	17.180512	1.758148	0.376106	-130.528000	-42.735700	25.000000
17.180094	1.755191	0.394746	17.168285	1.752358	0.408002	-129.668000	-61.654400	25.000000
17.180094	1.755191	0.394746	17.155702	1.751900	0.421233	-129.668000	-61.032200	25.000000
17.180094	1.755191	0.394746	17.181970	1.746889	0.426627	-129.668000	-59.934500	25.000000
17.180094	1.755191	0.394746	16.875204	1.716495	0.506517	-129.668000	-59.312300	25.000000
17.180094	1.755191	0.394746	17.454180	1.727271	0.515549	-129.668000	-58.214600	25.000000
17.179716	1.755195	0.394691	18.161996	2.026930	0.025148	-129.668000	-57.592400	25.000000
17.179716	1.755195	0.394691	16.095344	1.733045	6.093815	-129.668000	-56.494700	25.000000
17.179716	1.755195	0.394691	9.297311	2.113296	6.080864	-129.668000	-55.872500	25.000000
17.180094	1.755191	0.394746	20.472665	1.847863	4.809026	-129.668000	-54.774900	25.000000
17.180094	1.755191	0.394746	22.137635	1.622767	4.811157	-129.668000	-54.152700	25.000000
17.180094	1.755191	0.394746	5.241612	1.693202	4.081190	-129.668000	-53.055000	25.000000
17.180094	1.755191	0.394746	16.986892	1.448041	3.057860	-129.668000	-52.432800	25.000000
17.180094	1.755191	0.394746	17.262734	1.450012	3.308084	-129.668000	-51.335100	25.000000
17.180094	1.755191	0.394746	14.927240	1.480234	2.841115	-129.668000	-50.712900	25.000000
17.180094	1.755191	0.394746	19.187676	1.420658	2.972111	-129.668000	-49.615200	25.000000
17.179716	1.755195	0.394691	15.428623	1.494240	2.110101	-129.668000	-48.993000	25.000000
17.179716	1.755195	0.394691	18.740931	1.439691	2.501321	-129.668000	-47.895300	25.000000
17.180094	1.755191	0.394746	11.918477	1.740252	0.536040	-129.668000	-47.273200	25.000000
17.179716	1.755195	0.394691	21.054513	1.706576	0.795567	-129.668000	-46.175400	25.000000
17.180094	1.755191	0.394746	17.018226	1.753977	0.297181	-129.668000	-45.553300	25.000000
17.180094	1.755191	0.394746	17.349352	1.744587	0.284730	-129.668000	-44.455600	25.000000
17.180094	1.755191	0.394746	17.236299	1.757534	0.368446	-129.668000	-43.833400	25.000000
17.180094	1.755191	0.394746	17.070735	1.753407	0.378294	-129.668000	-42.735700	25.000000
17.180094	1.755191	0.394746	17.117535	1.752902	0.415812	-128.808000	-61.032200	25.000000
17.180094	1.755191	0.394746	17.247319	1.751517	0.418823	-128.808000	-59.934500	25.000000
17.180094	1.755191	0.394746	17.512638	1.734263	0.507661	-128.808000	-59.312300	25.000000
17.180094	1.755191	0.394746	16.844646	1.726368	0.487836	-128.808000	-58.214600	25.000000
17.179716	1.755195	0.394691	19.410464	2.006946	0.103062	-128.808000	-57.592400	25.000000
17.179716	1.755195	0.394691	14.594591	1.715186	6.206254	-128.808000	-56.494700	25.000000
17.179716	1.755195	0.394691	18.627131	1.754355	5.501648	-128.808000	-55.872500	25.000000
17.180094	1.755191	0.394746	10.608016	2.019318	3.978796	-128.808000	-54.774900	25.000000
17.180094	1.755191	0.394746	6.925030	1.643930	0.043451	-128.808000	-54.152700	25.000000
17.180094	1.755191	0.394746	19.923131	1.523396	4.813058	-128.808000	-53.055000	25.000000
17.180094	1.755191	0.394746	16.201543	1.282913	3.559163	-128.808000	-52.432800	25.000000
17.180094	1.755191	0.394746	18.128707	1.274109	3.434154	-128.808000	-51.335100	25.000000
17.180094	1.755191	0.394746	15.852006	1.302644	2.863922	-128.808000	-50.712900	25.000000
17.180094	1.755191	0.394746	18.452829	1.279474	3.049242	-128.808000	-49.615200	25.000000
17.179716	1.755195	0.394691	17.885469	1.258219	2.793826	-128.808000	-48.993000	25.000000
17.179716	1.755195	0.394691	16.515145	1.294830	2.436379	-128.808000	-47.895300	25.000000
17.180094	1.755191	0.394746	8.633655	1.501245	1.300471	-128.808000	-47.273200	25.000000
17.179716	1.755195	0.394691	22.113335	1.700493	0.811199	-128.808000	-46.175400	25.000000
17.180094	1.755191	0.394746	17.300578	1.750954	0.292020	-128.808000	-45.553300	25.000000
17.180094	1.755191	0.394746	17.102339	1.759015	0.289746	-128.808000	-44.455600	25.000000
17.180094	1.755191	0.394746	17.274837	1.751225	0.360837	-128.808000	-43.833400	25.000000
17.180094	1.755191	0.394746	17.236299	1.757534	0.368446	-128.808000	-42.735700	25.000000
17.180094	1.755191	0.394746	17.125712	1.758755	0.383818	-128.808000	-42.113500	25.000000
17.180094	1.755191	0.394746	17.297688	1.750985	0.411065	-127.948000	-61.032200	25.000000
17.180094	1.755191	0.394746	17.207556	1.751939	0.413425	-127.948000	-59.934500	25.000000
17.180094	1.755191	0.394746	17.004297	1.736810	0.463648	-127.948000	-59.312300	25.000000
17.180094	1.755191	0.394746	17.385940	1.742466	0.479312	-127.948000	-58.214600	25.000000
17.179716	1.755195	0.394691	17.597682	1.930844	5.956826	-127.948000	-57.592400	25.000000
17.179716	1.755195	0.394691	16.736562	1.905640	0.162029	-127.948000	-56.494700	25.000000
17.179716	1.755195	0.394691	7.665351	1.870077	4.033384	-127.948000	-55.872500	25.000000
17.180094	1.755191	0.394746	19.804908	1.728992	5.562912	-127.948000	-54.774900	25.000000
17.180094	1.755191	0.394746	19.657378	1.736891	5.692321	-127.948000	-54.152700	25.000000
17.180094	1.755191	0.394746	10.868045	1.052928	4.616935	-127.948000	-53.055000	25.000000
17.180094	1.755191	0.394746	17.369514	1.137046	3.796515	-127.948000	-52.432800	25.000000
17.180094	1.755191	0.394746	17.060188	1.122136	3.867154	-127.948000	-51.335100	25.000000
17.180094	1.755191	0.394746	17.127755	1.149774	2.856263	-127.948000	-50.712900	25.000000
17.180094	1.755191	0.394746	17.267889	1.140699	2.916704	-127.948000	-49.615200	25.000000
17.179716	1.755195	0.394691	18.638938	1.121231	2.763299	-127.948000	-48.993000	25.000000
17.179716	1.755195	0.394691	15.599038	1.076527	3.002785	-127.948000	-47.895300	25.000000
17.180094	1.755191	0.394746	19.998290	1.443441	1.510264	-127.948000	-47.273200	25.000000
17.179716	1.755195	0.394691	12.352526	1.646156	0.565484	-127.948000	-46.175400	25.000000
17.180094	1.755191	0.394746	17.916473	1.750366	0.433200	-127.948000	-45.553300	25.000000
17.180094	1.755191	0.394746	16.293864	1.755971	0.438513	-127.948000	-44.455600	25.000000
17.180094	1.755191	0.394746	17.109354	1.758936	0.365038	-127.948000	-43.833400	25.000000
17.180094	1.755191	0.394746	17.224692	1.757662	0.349781	-127.948000	-42.735700	25.000000
17.180094	1.755191	0.394746	17.198546	1.752035	0.381604	-127.948000	-42.113500	25.000000
17.180094	1.755191	0.394746	17.168285	1.752358	0.408002	-127.088000	-59.934500	25.000000
17.180094	1.755191	0.394746	17.359289	1.748582	0.447942	-127.088000	-59.312300	25.000000
17.180094	1.755191	0.394746	17.026007	1.743747	0.450315	-127.088000	-58.214600	25.000000
17.179716	1.755195	0.394691	18.576622	1.905373	0.199072	-127.088000	-57.592400	25.000000
17.179716	1.755195	0.394691	15.631062	1.776975	6.282532	-127.088000	-56.494700	25.000000
17.179716	1.755195	0.394691	5.488497	1.765149	5.902679	-127.088000	-55.872500	25.000000
17.180094	1.755191	0.394746	22.275639	1.673781	5.252808	-127.088000	-54.774900	25.000000
17.180094	1.755191	0.394746	21.537409	1.668456	5.468093	-127.088000	-54.152700	25.000000
17.180094	1.755191	0.394746	10.451990	1.048964	5.544628	-127.088000	-53.055000	25.000000
17.180094	1.755191	0.394746	17.200581	0.921494	4.061589	-127.088000	-52.432800	25.000000
17.180094	1.755191	0.394746	17.163042	1.105555	4.324619	-127.088000	-51.335100	25.000000
17.180094	1.755191	0.394746	15.909117	1.007135	2.784563	-127.088000	-50.712900	25.000000
17.180094	1.755191	0.394746	18.321845	0.993457	2.718739	-127.088000	-49.615200	25.000000
17.179716	1.755195	0.394691	16.146207	0.918574	2.913626	-127.088000	-48.993000	25.000000
17.179716	1.755195	0.394691	18.005069	0.968535	3.070765	-127.088000	-47.895300	25.000000
17.180094	1.755191	0.394746	19.343280	1.239050	1.777307	-127.088000	-47.273200	25.000000
17.179716	1.755195	0.394691	14.136209	1.464486	1.023056	-127.088000	-46.175400	25.000000
17.180094	1.755191	0.394746	17.871119	1.675626	0.889026	-127.088000	-45.553300	25.000000
17.180094	1.755191	0.394746	16.453647	1.744888	0.419477	-127.088000	-44.455600	25.000000
17.180094	1.755191	0.394746	17.126004	1.758751	0.333028	-127.088000	-43.833400	25.000000
17.180094	1.755191	0.394746	17.283807	1.757015	0.342232	-127.088000	-42.735700	25.000000
17.180094	1.755191	0.394746	17.107308	1.753012	0.383818	-127.088000	-42.113500	25.000000
17.180094	1.755191	0.394746	17.198546	1.752035	0.381604	-127.088000	-41.015800	25.000000
17.180094	1.755191	0.394746	17.276863	1.757091	0.405665	-126.228000	-61.032200	25.000000
17.180094	1.755191	0.394746	17.049680	1.750057	0.436987	-126.228000	-59.312300	25.000000
17.180094	1.755191	0.394746	17.280336	1.751167	0.437338	-126.228000	-58.214600	25.000000
17.179716	1.755195	0.394691	17.905586	1.784647	0.356095	-126.228000	-57.592400	25.000000
17.179716	1.755195	0.394691	18.527010	1.571336	5.409892	-126.228000	-55.872500	25.000000
17.180094	1.755191	0.394746	15.561944	1.713291	5.938851	-126.228000	-54.774900	25.000000
17.180094	1.755191	0.394746	19.734845	1.273026	4.909785	-126.228000	-54.152700	25.000000
17.180094	1.755191	0.394746	12.754846	1.585693	5.854611	-126.228000	-53.055000	25.000000
17.180094	1.755191	0.394746	20.083140	0.924172	4.352158	-126.228000	-52.432800	25.000000
17.180094	1.755191	0.394746	13.478015	1.007231	5.036637	-126.228000	-51.335100	25.000000
17.180094	1.755191	0.394746	16.433198	0.787120	2.986331	-126.228000	-50.712900	25.000000
17.180094	1.755191	0.394746	17.934882	0.845294	2.694610	-126.228000	-49.615200	25.000000
17.179716	1.755195	0.394691	16.768136	0.855281	2.903896	-126.228000	-48.993000	25.000000
17.179716	1.755195	0.394691	17.645467	0.783572	2.902456	-126.228000	-47.895300	25.000000
17.180094	1.755191	0.394746	15.875796	0.921415	2.018174	-126.228000	-47.273200	25.000000
17.179716	1.755195	0.394691	18.255544	1.264763	1.459695	-126.228000	-46.175400	25.000000
17.180094	1.755191	0.394746	14.138755	1.685627	0.348771	-126.228000	-45.553300	25.000000
17.180094	1.755191	0.394746	19.725679	1.637764	0.915101	-126.228000	-44.455600	25.000000
17.180094	1.755191	0.394746	17.187205	1.758074	0.325496	-126.228000	-43.833400	25.000000
17.180094	1.755191	0.394746	17.084789	1.765172	0.302885	-126.228000	-42.735700	25.000000
17.180094	1.755191	0.394746	17.180512	1.758148	0.376106	-126.228000	-42.113500	25.000000
17.180094	1.755191	0.394746	17.216852	1.757748	0.381604	-126.228000	-41.015800	25.000000
17.180094	1.755191	0.394746	17.265573	1.757214	0.418823	-125.368000	-59.312300	25.000000
17.180094	1.755191	0.394746	17.090641	1.747245	0.429087	-125.368000	-58.214600	25.000000
17.179716	1.755195	0.394691	17.356267	1.744517	0.500280	-125.368000	-57.592400	25.000000
17.179716	1.755195	0.394691	16.993896	1.745272	0.498393	-125.368000	-56.494700	25.000000
17.179716	1.755195	0.394691	18.284444	1.545089	6.079352	-125.368000	-55.872500	25.000000
17.180094	1.755191	0.394746	15.973231	1.805201	6.108513	-125.368000	-54.774900	25.000000
17.180094	1.755191	0.394746	11.330049	1.500129	5.744283	-125.368000	-54.152700	25.000000
17.180094	1.755191	0.394746	19.803788	1.171452	4.585995	-125.368000	-53.055000	25.000000
17.180094	1.755191	0.394746	19.711164	1.319572	5.110403	-125.368000	-52.432800	25.000000
17.180094	1.755191	0.394746	12.418535	0.289996	5.276958	-125.368000	-51.335100	25.000000
17.180094	1.755191	0.394746	18.867592	0.578260	3.190679	-125.368000	-50.712900	25.000000
17.180094	1.755191	0.394746	15.403075	0.612839	3.025414	-125.368000	-49.615200	25.000000
17.179716	1.755195	0.394691	16.229911	0.738654	2.624717	-125.368000	-48.993000	25.000000
17.179716	1.755195	0.394691	18.065713	0.666453	2.850993	-125.368000	-47.895300	25.000000
17.180094	1.755191	0.394746	17.333782	0.756993	2.189093	-125.368000	-47.273200	25.000000
17.179716	1.755195	0.394691	17.087422	0.995290	1.640613	-125.368000	-46.175400	25.000000
17.180094	1.755191	0.394746	15.621831	1.696593	0.342156	-125.368000	-45.553300	25.000000
17.180094	1.755191	0.394746	18.494597	1.570256	0.850440	-125.368000	-44.455600	25.000000
17.180094	1.755191	0.394746	17.197965	1.769805	0.301116	-125.368000	-43.833400	25.000000
17.180094	1.755191	0.394746	17.093566	1.765071	0.284033	-125.368000	-42.735700	25.000000
17.180094	1.755191	0.394746	17.271943	1.757145	0.373942	-125.368000	-42.113500	25.000000
17.180094	1.755191	0.394746	17.089178	1.759161	0.378294	-125.368000	-41.015800	25.000000
17.189169	1.755093	0.394518	17.078056	1.753328	0.410365	-124.509000	-59.312300	25.000000
17.189169	1.755093	0.394518	17.247319	1.751517	0.418823	-124.509000	-58.214600	25.000000
17.188791	1.755097	0.394463	17.462062	1.746943	0.510488	-124.509000	-57.592400	25.000000
17.188791	1.755097	0.394463	16.865657	1.748419	0.495981	-124.509000	-56.494700	25.000000
17.188791	1.755097	0.394463	15.875393	1.831366	5.816622	-124.509000	-55.872500	25.000000
17.189169	1.755093	0.394518	18.366603	1.537578	6.085790	-124.509000	-54.774900	25.000000
17.189169	1.755093	0.394518	19.609691	1.560597	5.301806	-124.509000	-54.152700	25.000000
17.189169	1.755093	0.394518	9.451455	0.310325	4.467410	-124.509000	-53.055000	25.000000
17.189169	1.755093	0.394518	12.506798	0.312778	5.854407	-124.509000	-52.432800	25.000000
17.189169	1.755093	0.394518	19.216139	1.414036	5.363266	-124.509000	-51.335100	25.000000
17.189169	1.755093	0.394518	18.330576	0.368503	3.754800	-124.509000	-50.712900	25.000000
17.189169	1.755093	0.394518	15.955250	0.445201	3.513991	-124.509000	-49.615200	25.000000
17.188791	1.755097	0.394463	15.790187	0.532985	2.744884	-124.509000	-48.993000	25.000000
17.188791	1.755097	0.394463	18.442614	0.602047	2.609383	-124.509000	-47.895300	25.000000
17.189169	1.755093	0.394518	18.321026	0.774136	1.880202	-124.509000	-47.273200	25.000000
17.188791	1.755097	0.394463	15.865371	0.503038	2.300696	-124.509000	-46.175400	25.000000
17.189169	1.755093	0.394518	18.749029	1.687870	0.652094	-124.509000	-45.553300	25.000000
17.189169	1.755093	0.394518	15.344054	1.279957	0.979020	-124.509000	-44.455600	25.000000
17.189169	1.755093	0.394518	17.254854	1.775055	0.288055	-124.509000	-43.833400	25.000000
17.189169	1.755093	0.394518	17.085959	1.771127	0.278300	-124.509000	-42.735700	25.000000
17.189169	1.755093	0.394518	17.166537	1.758302	0.357383	-124.509000	-42.113500	25.000000
17.189169	1.755093	0.394518	17.144678	1.758544	0.370584	-124.509000	-41.015800	25.000000
17.189169	1.755093	0.394518	17.225853	1.757649	0.413425	-123.649000	-59.312300	25.000000
17.189169	1.755093	0.394518	17.078056	1.753328	0.410365	-123.649000	-58.214600	25.000000
17.188791	1.755097	0.394463	16.905620	1.749197	0.474400	-123.649000	-57.592400	25.000000
17.188791	1.755097	0.394463	17.363467	1.750294	0.474118	-123.649000	-56.494700	25.000000
17.188791	1.755097	0.394463	16.012670	1.780924	5.991729	-123.649000	-55.872500	25.000000
17.189169	1.755093	0.394518	18.295890	1.590474	5.890497	-123.649000	-54.774900	25.000000
17.189169	1.755093	0.394518	9.454628	0.541914	0.269849	-123.649000	-54.152700	25.000000
17.189169	1.755093	0.394518	19.778018	1.545513	5.390289	-123.649000	-53.055000	25.000000
17.189169	1.755093	0.394518	12.848735	0.703286	5.404046	-123.649000	-52.432800	25.000000
17.189169	1.755093	0.394518	20.472909	1.148015	5.322676	-123.649000	-51.335100	25.000000
17.189169	1.755093	0.394518	16.248212	0.440086	4.361396	-123.649000	-50.712900	25.000000
17.189169	1.755093	0.394518	17.997778	0.258455	4.712389	-123.649000	-49.615200	25.000000
17.188791	1.755097	0.394463	17.626684	0.508090	2.589174	-123.649000	-48.993000	25.000000
17.188791	1.755097	0.394463	16.705089	0.441957	2.385889	-123.649000	-47.895300	25.000000
17.189169	1.755093	0.394518	15.006998	0.329435	2.135946	-123.649000	-47.273200	25.000000
17.188791	1.755097	0.394463	19.006841	0.560361	2.123100	-123.649000	-46.175400	25.000000
17.189169	1.755093	0.394518	18.707485	1.164115	1.214069	-123.649000	-45.553300	25.000000
17.189169	1.755093	0.394518	15.255491	1.577351	0.598911	-123.649000	-44.455600	25.000000
17.189169	1.755093	0.394518	17.134611	1.750939	0.338635	-123.649000	-43.833400	25.000000
17.189169	1.755093	0.394518	17.347913	1.745187	0.390289	-123.649000	-42.735700	25.000000
17.189169	1.755093	0.394518	17.109354	1.758936	0.365038	-123.649000	-42.113500	25.000000
17.189169	1.755093	0.394518	17.243550	1.763360	0.349781	-123.649000	-41.015800	25.000000
17.189169	1.755093	0.394518	17.216852	1.757748	0.381604	-123.649000	-40.393600	25.000000
17.180094	1.755191	0.394746	17.078056	1.753328	0.410365	-122.789000	-58.214600	25.000000
17.179716	1.755195	0.394691	17.322240	1.750726	0.442653	-122.789000	-57.592400	25.000000
17.179716	1.755195	0.394691	17.099123	1.753100	0.455669	-122.789000	-56.494700	25.000000
17.179716	1.755195	0.394691	18.929292	1.660725	0.074860	-122.789000	-55.872500	25.000000
17.180094	1.755191	0.394746	15.150795	1.784284	0.030396	-122.789000	-54.774900	25.000000
17.180094	1.755191	0.394746	14.221463	1.570796	0.176709	-122.789000	-54.152700	25.000000
17.180094	1.755191	0.394746	18.469434	1.170346	5.431219	-122.789000	-53.055000	25.000000
17.180094	1.755191	0.394746	16.865646	1.194357	5.412025	-122.789000	-52.432800	25.000000
17.180094	1.755191	0.394746	17.552493	0.778241	5.336412	-122.789000	-51.335100	25.000000
17.180094	1.755191	0.394746	17.773013	0.332426	5.522173	-122.789000	-50.712900	25.000000
17.180094	1.755191	0.394746	16.449620	0.629148	5.060277	-122.789000	-49.615200	25.000000
17.179716	1.755195	0.394691	17.762320	0.379277	2.061648	-122.789000	-48.993000	25.000000
17.179716	1.755195	0.394691	16.583425	0.380072	2.367688	-122.789000	-47.895300	25.000000
17.180094	1.755191	0.394746	15.990813	0.335359	1.725324	-122.789000	-47.273200	25.000000
17.179716	1.755195	0.394691	18.415160	0.394595	2.337216	-122.789000	-46.175400	25.000000
17.180094	1.755191	0.394746	14.827677	1.462679	0.631290	-122.789000	-45.553300	25.000000
17.180094	1.755191	0.394746	18.982887	1.034464	1.252922	-122.789000	-44.455600	25.000000
17.180094	1.755191	0.394746	15.353814	1.547347	0.548241	-122.789000	-43.833400	25.000000
17.180094	1.755191	0.394746	18.851196	1.770517	0.490276	-122.789000	-42.735700	25.000000
17.180094	1.755191	0.394746	17.321951	1.768362	0.342232	-122.789000	-42.113500	25.000000
17.180094	1.755191	0.394746	17.084789	1.765172	0.340616	-122.789000	-41.015800	25.000000
17.180094	1.755191	0.394746	17.216852	1.757748	0.381604	-122.789000	-40.393600	25.000000
17.180094	1.755191	0.394746	17.168285	1.752358	0.408002	-121.929000	-58.214600	25.000000
17.179716	1.755195	0.394691	17.078934	1.759276	0.436987	-121.929000	-57.592400	25.000000
17.179716	1.755195	0.394691	17.346469	1.756335	0.429540	-121.929000	-56.494700	25.000000
17.179716	1.755195	0.394691	17.753073	1.738310	0.417644	-121.929000	-55.872500	25.000000
17.180094	1.755191	0.394746	16.492632	1.761736	0.386240	-121.929000	-54.774900	25.000000
17.180094	1.755191	0.394746	18.184678	1.180416	6.122534	-121.929000	-54.152700	25.000000
17.180094	1.755191	0.394746	15.959539	1.832555	0.045423	-121.929000	-53.055000	25.000000
17.180094	1.755191	0.394746	15.488383	1.214668	5.551394	-121.929000	-52.432800	25.000000
17.180094	1.755191	0.394746	18.573906	0.602827	5.112293	-121.929000	-51.335100	25.000000
17.180094	1.755191	0.394746	18.309833	0.422472	5.554331	-121.929000	-50.712900	25.000000
17.180094	1.755191	0.394746	15.890249	0.881998	5.572791	-121.929000	-49.615200	25.000000
17.179716	1.755195	0.394691	18.082588	0.206072	1.570796	-121.929000	-48.993000	25.000000
17.179716	1.755195	0.394691	16.182487	0.291459	1.961286	-121.929000	-47.895300	25.000000
17.180094	1.755191	0.394746	16.950425	0.318109	1.546273	-121.929000	-47.273200	25.000000
17.179716	1.755195	0.394691	17.462978	0.350708	2.125509	-121.929000	-46.175400	25.000000
17.180094	1.755191	0.394746	13.013839	0.984527	0.654571	-121.929000	-45.553300	25.000000
17.180094	1.755191	0.394746	20.397549	1.151726	1.162381	-121.929000	-44.455600	25.000000
17.180094	1.755191	0.394746	20.298187	1.765138	0.603322	-121.929000	-43.833400	25.000000
17.180094	1.755191	0.394746	13.147836	1.328076	0.561922	-121.929000	-42.735700	25.000000
17.180094	1.755191	0.394746	17.090933	1.777042	0.316080	-121.929000	-42.113500	25.000000
17.180094	1.755191	0.394746	17.309246	1.774404	0.336675	-121.929000	-41.015800	25.000000
17.180094	1.755191	0.394746	17.089178	1.759161	0.378294	-121.929000	-40.393600	25.000000
17.180094	1.755191	0.394746	17.216852	1.757748	0.381604	-121.929000	-39.295900	25.000000
17.180094	1.755191	0.394746	17.186623	1.758081	0.408002	-121.069000	-58.214600	25.000000
17.179716	1.755195	0.394691	17.265573	1.757214	0.418823	-121.069000	-57.592400	25.000000
17.179716	1.755195	0.394691	17.126879	1.758742	0.429087	-121.069000	-56.494700	25.000000
17.179716	1.755195	0.394691	17.144387	1.764488	0.495552	-121.069000	-55.872500	25.000000
17.180094	1.755191	0.394746	17.213367	1.763702	0.527222	-121.069000	-54.774900	25.000000
17.180094	1.755191	0.394746	16.437834	1.686642	0.299670	-121.069000	-54.152700	25.000000
17.180094	1.755191	0.394746	17.639821	1.325717	5.920585	-121.069000	-53.055000	25.000000
17.180094	1.755191	0.394746	18.623909	1.096848	5.230038	-121.069000	-52.432800	25.000000
17.180094	1.755191	0.394746	14.735332	0.748174	0.069886	-121.069000	-51.335100	25.000000
17.180094	1.755191	0.394746	15.698726	0.896619	5.665779	-121.069000	-50.712900	25.000000
17.180094	1.755191	0.394746	18.558825	0.520618	5.589834	-121.069000	-49.615200	25.000000
17.179716	1.755195	0.394691	16.619531	0.162717	0.232367	-121.069000	-48.993000	25.000000
17.179716	1.755195	0.394691	17.693855	0.236820	1.084523	-121.069000	-47.895300	25.000000
17.180094	1.755191	0.394746	16.610629	0.293565	1.623040	-121.069000	-47.273200	25.000000
17.179716	1.755195	0.394691	17.669272	0.365837	1.489547	-121.069000	-46.175400	25.000000
17.180094	1.755191	0.394746	16.396646	1.176428	0.813428	-121.069000	-45.553300	25.000000
17.180094	1.755191	0.394746	17.725970	0.730756	1.171454	-121.069000	-44.455600	25.000000
17.180094	1.755191	0.394746	13.665468	1.534566	0.228994	-121.069000	-43.833400	25.000000
17.180094	1.755191	0.394746	19.947062	1.585436	0.806672	-121.069000	-42.735700	25.000000
17.180094	1.755191	0.394746	17.403735	1.790913	0.304992	-121.069000	-42.113500	25.000000
17.180094	1.755191	0.394746	16.981755	1.772374	0.298941	-121.069000	-41.015800	25.000000
17.180094	1.755191	0.394746	17.271943	1.757145	0.373942	-121.069000	-40.393600	25.000000
17.180094	1.755191	0.394746	17.180512	1.758148	0.376106	-121.069000	-39.295900	25.000000
17.179716	1.755195	0.394691	17.078056	1.753328	0.410365	-120.209000	-57.592400	25.000000
17.179716	1.755195	0.394691	17.225853	1.757649	0.413425	-120.209000	-56.494700	25.000000
17.179716	1.755195	0.394691	17.135052	1.770546	0.516930	-120.209000	-55.872500	25.000000
17.180094	1.755191	0.394746	17.180803	1.764072	0.474257	-120.209000	-54.774900	25.000000
17.180094	1.755191	0.394746	16.741413	1.176588	0.142812	-120.209000	-54.152700	25.000000
17.180094	1.755191	0.394746	17.280859	1.692036	5.764762	-120.209000	-53.055000	25.000000
17.180094	1.755191	0.394746	17.041153	0.553136	6.174625	-120.209000	-52.432800	25.000000
17.180094	1.755191	0.394746	16.040574	1.601972	5.959462	-120.209000	-51.335100	25.000000
17.180094	1.755191	0.394746	15.866947	0.610584	5.701280	-120.209000	-50.712900	25.000000
17.180094	1.755191	0.394746	18.395923	0.816283	5.662069	-120.209000	-49.615200	25.000000
17.179716	1.755195	0.394691	16.080224	0.245007	0.015383	-120.209000	-48.993000	25.000000
17.179716	1.755195	0.394691	18.290500	0.406502	0.094165	-120.209000	-47.895300	25.000000
17.180094	1.755191	0.394746	17.469219	0.334671	1.225897	-120.209000	-47.273200	25.000000
17.179716	1.755195	0.394691	16.869265	0.357957	1.245300	-120.209000	-46.175400	25.000000
17.180094	1.755191	0.394746	16.522409	1.044484	0.805198	-120.209000	-45.553300	25.000000
17.180094	1.755191	0.394746	17.826385	0.639856	1.102947	-120.209000	-44.455600	25.000000
17.180094	1.755191	0.394746	15.807748	1.286750	0.710771	-120.209000	-43.833400	25.000000
17.180094	1.755191	0.394746	18.359360	1.773162	0.436291	-120.209000	-42.735700	25.000000
17.180094	1.755191	0.394746	17.088007	1.783061	0.291457	-120.209000	-42.113500	25.000000
17.180094	1.755191	0.394746	17.259780	1.798724	0.270947	-120.209000	-41.015800	25.000000
17.180094	1.755191	0.394746	17.220046	1.763626	0.362926	-120.209000	-40.393600	25.000000
17.180094	1.755191	0.394746	17.144678	1.758544	0.370584	-120.209000	-39.295900	25.000000
17.179716	1.755195	0.394691	17.225853	1.757649	0.413425	-119.349000	-57.592400	25.000000
17.179716	1.755195	0.394691	17.135927	1.758641	0.415812	-119.349000	-56.494700	25.000000
17.179716	1.755195	0.394691	17.093566	1.765071	0.450315	-119.349000	-55.872500	25.000000
17.180094	1.755191	0.394746	17.313001	1.762578	0.476805	-119.349000	-54.774900	25.000000
17.180094	1.755191	0.394746	17.534412	1.508136	0.283794	-119.349000	-54.152700	25.000000
17.180094	1.755191	0.394746	16.762831	1.618300	6.052402	-119.349000	-53.055000	25.000000
17.180094	1.755191	0.394746	16.575708	1.522514	5.860607	-119.349000	-52.432800	25.000000
17.180094	1.755191	0.394746	17.135113	1.045010	0.408701	-119.349000	-51.335100	25.000000
17.180094	1.755191	0.394746	18.178284	0.773973	5.671170	-119.349000	-50.712900	25.000000
17.180094	1.755191	0.394746	15.973415	0.767072	5.904354	-119.349000	-49.615200	25.000000
17.179716	1.755195	0.394691	18.019015	0.524145	0.063249	-119.349000	-48.993000	25.000000
17.179716	1.755195	0.394691	16.326546	0.528381	5.998711	-119.349000	-47.895300	25.000000
17.180094	1.755191	0.394746	17.137678	0.366422	0.924038	-119.349000	-47.273200	25.000000
17.179716	1.755195	0.394691	17.371528	0.428634	0.932835	-119.349000	-46.175400	25.000000
17.180094	1.755191	0.394746	18.862396	0.710368	1.088969	-119.349000	-45.553300	25.000000
17.180094	1.755191	0.394746	15.216438	0.844967	0.629442	-119.349000	-44.455600	25.000000
17.180094	1.755191	0.394746	15.441260	1.271691	0.597401	-119.349000	-43.833400	25.000000
17.180094	1.755191	0.394746	18.631396	1.660550	0.601455	-119.349000	-42.735700	25.000000
17.180094	1.755191	0.394746	17.280336	1.810345	0.265207	-119.349000	-42.113500	25.000000
17.180094	1.755191	0.394746	17.054325	1.789489	0.279950	-119.349000	-41.015800	25.000000
17.180094	1.755191	0.394746	17.163624	1.764268	0.370584	-119.349000	-40.393600	25.000000
17.180094	1.755191	0.394746	17.204941	1.769723	0.357383	-119.349000	-39.295900	25.000000
17.179716	1.755195	0.394691	17.125712	1.758755	0.383818	-119.349000	-38.673700	25.000000
17.179716	1.755195	0.394691	17.258621	1.751397	0.405665	-118.489000	-57.592400	25.000000
17.179716	1.755195	0.394691	17.186623	1.758081	0.408002	-118.489000	-56.494700	25.000000
17.179716	1.755195	0.394691	17.340415	1.756400	0.442653	-118.489000	-55.872500	25.000000
17.180094	1.755191	0.394746	17.051100	1.765561	0.444933	-118.489000	-54.774900	25.000000
17.180094	1.755191	0.394746	16.814208	1.704414	0.260989	-118.489000	-54.152700	25.000000
17.180094	1.755191	0.394746	17.607669	1.724746	0.445655	-118.489000	-53.055000	25.000000
17.180094	1.755191	0.394746	16.642190	1.456379	0.063551	-118.489000	-52.432800	25.000000
17.180094	1.755191	0.394746	17.640366	1.265635	6.161042	-118.489000	-51.335100	25.000000
17.180094	1.755191	0.394746	17.009409	0.852027	6.267562	-118.489000	-50.712900	25.000000
17.180094	1.755191	0.394746	17.245579	0.848594	5.645866	-118.489000	-49.615200	25.000000
17.179716	1.755195	0.394691	17.563701	0.685150	6.232778	-118.489000	-48.993000	25.000000
17.179716	1.755195	0.394691	16.920606	0.617076	6.038702	-118.489000	-47.895300	25.000000
17.180094	1.755191	0.394746	16.893194	0.464934	0.738703	-118.489000	-47.273200	25.000000
17.179716	1.755195	0.394691	17.315022	0.499441	0.588003	-118.489000	-46.175400	25.000000
17.180094	1.755191	0.394746	17.182840	0.891129	0.790689	-118.489000	-45.553300	25.000000
17.180094	1.755191	0.394746	17.008821	0.561195	0.769774	-118.489000	-44.455600	25.000000
17.180094	1.755191	0.394746	18.447222	1.341105	0.769651	-118.489000	-43.833400	25.000000
17.180094	1.755191	0.394746	15.915087	1.444796	0.480643	-118.489000	-42.735700	25.000000
17.180094	1.755191	0.394746	17.175273	1.787924	0.284033	-118.489000	-42.113500	25.000000
17.180094	1.755191	0.394746	17.166537	1.788037	0.302885	-118.489000	-41.015800	25.000000
17.180094	1.755191	0.394746	17.190986	1.775825	0.351817	-118.489000	-40.393600	25.000000
17.180094	1.755191	0.394746	17.093566	1.765071	0.359469	-118.489000	-39.295900	25.000000
17.179716	1.755195	0.394691	17.125712	1.758755	0.383818	-118.489000	-38.673700	25.000000
17.179716	1.755195	0.394691	17.216852	1.757748	0.381604	-118.489000	-37.576000	25.000000
17.179716	1.755195	0.394691	17.276863	1.757091	0.405665	-117.629000	-56.494700	25.000000
17.179716	1.755195	0.394691	17.175855	1.758199	0.421233	-117.629000	-55.872500	25.000000
17.180094	1.755191	0.394746	17.186914	1.764003	0.434478	-117.629000	-54.774900	25.000000
17.180094	1.755191	0.394746	17.230786	1.775345	0.500766	-117.629000	-54.152700	25.000000
17.180094	1.755191	0.394746	17.097953	1.776956	0.498393	-117.629000	-53.055000	25.000000
17.180094	1.755191	0.394746	18.604767	1.059714	0.058083	-117.629000	-52.432800	25.000000
17.180094	1.755191	0.394746	15.463679	1.713550	6.254304	-117.629000	-51.335100	25.000000
17.180094	1.755191	0.394746	18.166676	0.708048	6.233227	-117.629000	-50.712900	25.000000
17.180094	1.755191	0.394746	16.088866	1.332355	6.152325	-117.629000	-49.615200	25.000000
17.179716	1.755195	0.394691	17.514565	0.717186	6.143745	-117.629000	-48.993000	25.000000
17.179716	1.755195	0.394691	16.825995	0.742242	6.169518	-117.629000	-47.895300	25.000000
17.180094	1.755191	0.394746	16.529065	0.571773	0.463648	-117.629000	-47.273200	25.000000
17.179716	1.755195	0.394691	17.827226	0.630465	0.463648	-117.629000	-46.175400	25.000000
17.180094	1.755191	0.394746	18.243081	0.745830	0.813962	-117.629000	-45.553300	25.000000
17.180094	1.755191	0.394746	16.100000	0.766278	0.535811	-117.629000	-44.455600	25.000000
17.180094	1.755191	0.394746	15.769274	1.241461	0.526627	-117.629000	-43.833400	25.000000
17.180094	1.755191	0.394746	18.423355	1.368589	0.742288	-117.629000	-42.735700	25.000000
17.180094	1.755191	0.394746	17.473695	1.766624	0.382673	-117.629000	-42.113500	25.000000
17.180094	1.755191	0.394746	16.854970	1.737693	0.274167	-117.629000	-41.015800	25.000000
17.180094	1.755191	0.394746	16.992351	1.766243	0.342620	-117.629000	-40.393600	25.000000
17.180094	1.755191	0.394746	17.324549	1.786024	0.349781	-117.629000	-39.295900	25.000000
17.179716	1.755195	0.394691	17.125712	1.758755	0.383818	-117.629000	-38.673700	25.000000
17.179716	1.755195	0.394691	17.235719	1.763449	0.381604	-117.629000	-37.576000	25.000000
17.179716	1.755195	0.394691	17.105262	1.764937	0.423669	-116.769000	-55.872500	25.000000
17.180094	1.755191	0.394746	17.207556	1.751939	0.413425	-116.769000	-54.774900	25.000000
17.180094	1.755191	0.394746	17.612779	1.776644	0.515549	-116.769000	-54.152700	25.000000
17.180094	1.755191	0.394746	16.829438	1.792460	0.488166	-116.769000	-53.055000	25.000000
17.180094	1.755191	0.394746	18.240285	1.068600	0.294452	-116.769000	-52.432800	25.000000
17.180094	1.755191	0.394746	15.490594	1.776233	6.135600	-116.769000	-51.335100	25.000000
17.180094	1.755191	0.394746	17.901609	0.923167	6.125637	-116.769000	-50.712900	25.000000
17.180094	1.755191	0.394746	16.333695	1.404732	0.196178	-116.769000	-49.615200	25.000000
17.179716	1.755195	0.394691	16.867650	0.836693	6.222460	-116.769000	-48.993000	25.000000
17.179716	1.755195	0.394691	17.554988	0.802433	6.222941	-116.769000	-47.895300	25.000000
17.180094	1.755191	0.394746	17.796910	0.768109	0.329423	-116.769000	-47.273200	25.000000
17.179716	1.755195	0.394691	16.561703	0.724674	0.353440	-116.769000	-46.175400	25.000000
17.180094	1.755191	0.394746	17.152551	0.762771	0.550549	-116.769000	-45.553300	25.000000
17.180094	1.755191	0.394746	17.142637	0.881698	0.602677	-116.769000	-44.455600	25.000000
17.180094	1.755191	0.394746	16.828844	1.391573	0.574603	-116.769000	-43.833400	25.000000
17.180094	1.755191	0.394746	17.507998	1.134414	0.673757	-116.769000	-42.735700	25.000000
17.180094	1.755191	0.394746	17.677186	1.699566	0.461097	-116.769000	-42.113500	25.000000
17.180094	1.755191	0.394746	16.587528	1.741022	0.234593	-116.769000	-41.015800	25.000000
17.180094	1.755191	0.394746	17.028799	1.777806	0.323648	-116.769000	-40.393600	25.000000
17.180094	1.755191	0.394746	17.270495	1.798580	0.333028	-116.769000	-39.295900	25.000000
17.179716	1.755195	0.394691	17.180512	1.758148	0.376106	-116.769000	-38.673700	25.000000
17.179716	1.755195	0.394691	17.235719	1.763449	0.381604	-116.769000	-37.576000	25.000000
17.179716	1.755195	0.394691	17.225853	1.757649	0.413425	-115.909000	-55.872500	25.000000
17.180094	1.755191	0.394746	17.186623	1.758081	0.408002	-115.909000	-54.774900	25.000000
17.180094	1.755191	0.394746	17.002059	1.790172	0.482513	-115.909000	-54.152700	25.000000
17.180094	1.755191	0.394746	17.375270	1.767748	0.455774	-115.909000	-53.055000	25.000000
17.180094	1.755191	0.394746	17.710416	1.375525	0.092223	-115.909000	-52.432800	25.000000
17.180094	1.755191	0.394746	16.577103	1.783094	0.419477	-115.909000	-51.335100	25.000000
17.180094	1.755191	0.394746	16.900994	1.207873	6.279388	-115.909000	-50.712900	25.000000
17.180094	1.755191	0.394746	17.505966	1.153187	0.013812	-115.909000	-49.615200	25.000000
17.179716	1.755195	0.394691	16.893300	0.929955	6.204828	-115.909000	-48.993000	25.000000
17.179716	1.755195	0.394691	17.514097	0.970049	0.143072	-115.909000	-47.895300	25.000000
17.180094	1.755191	0.394746	17.578965	0.887392	0.305511	-115.909000	-47.273200	25.000000
17.179716	1.755195	0.394691	16.868313	0.891305	0.254221	-115.909000	-46.175400	25.000000
17.180094	1.755191	0.394746	17.080398	0.952544	0.502214	-115.909000	-45.553300	25.000000
17.180094	1.755191	0.394746	17.275995	0.910225	0.480040	-115.909000	-44.455600	25.000000
17.180094	1.755191	0.394746	17.074835	1.116041	0.571729	-115.909000	-43.833400	25.000000
17.180094	1.755191	0.394746	17.249638	1.366475	0.583077	-115.909000	-42.735700	25.000000
17.180094	1.755191	0.394746	16.139529	1.532372	0.321751	-115.909000	-42.113500	25.000000
17.180094	1.755191	0.394746	18.229920	1.848631	0.392158	-115.909000	-41.015800	25.000000
17.180094	1.755191	0.394746	17.066341	1.795339	0.298941	-115.909000	-40.393600	25.000000
17.180094	1.755191	0.394746	17.270495	1.798580	0.333028	-115.909000	-39.295900	25.000000
17.179716	1.755195	0.394691	17.199419	1.763860	0.376106	-115.909000	-38.673700	25.000000
17.179716	1.755195	0.394691	17.072200	1.765317	0.372746	-115.909000	-37.576000	25.000000
17.179716	1.755195	0.394691	17.186623	1.758081	0.408002	-115.049000	-55.872500	25.000000
17.180094	1.755191	0.394746	17.276863	1.757091	0.405665	-115.049000	-54.774900	25.000000
17.180094	1.755191	0.394746	17.045234	1.777603	0.452924	-115.049000	-54.152700	25.000000
17.180094	1.755191	0.394746	17.270495	1.763056	0.445180	-115.049000	-53.055000	25.000000
17.180094	1.755191	0.394746	18.031985	1.673573	0.443700	-115.049000	-52.432800	25.000000
17.180094	1.755191	0.394746	16.344369	1.804182	0.407369	-115.049000	-51.335100	25.000000
17.180094	1.755191	0.394746	18.010333	1.159530	0.114738	-115.049000	-50.712900	25.000000
17.180094	1.755191	0.394746	16.281265	1.354134	6.274381	-115.049000	-49.615200	25.000000
17.179716	1.755195	0.394691	17.512670	1.227175	0.217616	-115.049000	-48.993000	25.000000
17.179716	1.755195	0.394691	16.892531	0.987786	0.017020	-115.049000	-47.895300	25.000000
17.180094	1.755191	0.394746	17.413213	0.986868	0.243309	-115.049000	-47.273200	25.000000
17.179716	1.755195	0.394691	17.111400	1.030632	0.304511	-115.049000	-46.175400	25.000000
17.180094	1.755191	0.394746	17.208138	1.074106	0.422251	-115.049000	-45.553300	25.000000
17.180094	1.755191	0.394746	17.044354	1.075570	0.418901	-115.049000	-44.455600	25.000000
17.180094	1.755191	0.394746	16.627086	1.182189	0.443302	-115.049000	-43.833400	25.000000
17.180094	1.755191	0.394746	17.803651	1.321068	0.583179	-115.049000	-42.735700	25.000000
17.180094	1.755191	0.394746	18.588892	1.808104	0.471073	-115.049000	-42.113500	25.000000
17.180094	1.755191	0.394746	15.601247	1.549643	0.226318	-115.049000	-41.015800	25.000000
17.180094	1.755191	0.394746	17.230786	1.805076	0.321751	-115.049000	-40.393600	25.000000
17.180094	1.755191	0.394746	17.194476	1.823560	0.279950	-115.049000	-39.295900	25.000000
17.179716	1.755195	0.394691	17.199419	1.763860	0.376106	-115.049000	-38.673700	25.000000
17.179716	1.755195	0.394691	17.128339	1.764672	0.365038	-115.049000	-37.576000	25.000000
17.180094	1.755191	0.394746	17.216852	1.757748	0.381604	-115.049000	-36.953900	25.000000
17.179716	1.755195	0.394691	17.186623	1.758081	0.408002	-114.189000	-55.872500	25.000000
17.180094	1.755191	0.394746	17.258621	1.751397	0.405665	-114.189000	-54.774900	25.000000
17.180094	1.755191	0.394746	17.145845	1.764471	0.429087	-114.189000	-54.152700	25.000000
17.180094	1.755191	0.394746	17.275995	1.762994	0.431996	-114.189000	-53.055000	25.000000
17.180094	1.755191	0.394746	17.115490	1.794683	0.493130	-114.189000	-52.432800	25.000000
17.180094	1.755191	0.394746	17.241230	1.798973	0.516930	-114.189000	-51.335100	25.000000
17.180094	1.755191	0.394746	18.729840	1.193513	0.405570	-114.189000	-50.712900	25.000000
17.180094	1.755191	0.394746	15.307936	1.544663	6.167260	-114.189000	-49.615200	25.000000
17.179716	1.755195	0.394691	17.364746	1.104942	0.121477	-114.189000	-48.993000	25.000000
17.179716	1.755195	0.394691	17.076970	1.236688	0.170040	-114.189000	-47.895300	25.000000
17.180094	1.755191	0.394746	17.420390	1.074180	0.284578	-114.189000	-47.273200	25.000000
17.179716	1.755195	0.394691	16.879870	1.169080	0.287141	-114.189000	-46.175400	25.000000
17.180094	1.755191	0.394746	17.252536	1.227936	0.378221	-114.189000	-45.553300	25.000000
17.180094	1.755191	0.394746	17.200291	1.226851	0.386240	-114.189000	-44.455600	25.000000
17.180094	1.755191	0.394746	16.591865	1.296139	0.385158	-114.189000	-43.833400	25.000000
17.180094	1.755191	0.394746	17.718352	1.296463	0.508237	-114.189000	-42.735700	25.000000
17.180094	1.755191	0.394746	17.544689	1.553126	0.499347	-114.189000	-42.113500	25.000000
17.180094	1.755191	0.394746	16.745937	1.807075	0.216670	-114.189000	-41.015800	25.000000
17.180094	1.755191	0.394746	17.169741	1.842023	0.256708	-114.189000	-40.393600	25.000000
17.180094	1.755191	0.394746	17.242680	1.822838	0.310387	-114.189000	-39.295900	25.000000
17.179716	1.755195	0.394691	17.224982	1.775414	0.357383	-114.189000	-38.673700	25.000000
17.179716	1.755195	0.394691	17.163624	1.764268	0.370584	-114.189000	-37.576000	25.000000
17.180094	1.755191	0.394746	17.284386	1.762899	0.418823	-113.329000	-54.152700	25.000000
17.180094	1.755191	0.394746	17.154883	1.764368	0.415812	-113.329000	-53.055000	25.000000
17.180094	1.755191	0.394746	17.285832	1.780595	0.479519	-113.329000	-52.432800	25.000000
17.180094	1.755191	0.394746	17.010879	1.820277	0.520651	-113.329000	-51.335100	25.000000
17.180094	1.755191	0.394746	18.422066	1.524640	0.548807	-113.329000	-50.712900	25.000000
17.180094	1.755191	0.394746	15.810958	1.534105	6.276856	-113.329000	-49.615200	25.000000
17.179716	1.755195	0.394691	16.675506	1.202733	0.086878	-113.329000	-48.993000	25.000000
17.179716	1.755195	0.394691	17.692792	1.170176	0.189571	-113.329000	-47.895300	25.000000
17.180094	1.755191	0.394746	17.133009	1.237823	0.333469	-113.329000	-47.273200	25.000000
17.179716	1.755195	0.394691	17.184586	1.220335	0.282555	-113.329000	-46.175400	25.000000
17.180094	1.755191	0.394746	17.332340	1.361569	0.387078	-113.329000	-45.553300	25.000000
17.180094	1.755191	0.394746	16.980283	1.345096	0.358063	-113.329000	-44.455600	25.000000
17.180094	1.755191	0.394746	17.561606	1.346854	0.395690	-113.329000	-43.833400	25.000000
17.180094	1.755191	0.394746	16.797024	1.385176	0.385006	-113.329000	-42.735700	25.000000
17.180094	1.755191	0.394746	18.349431	1.709666	0.505495	-113.329000	-42.113500	25.000000
17.180094	1.755191	0.394746	15.898113	1.602252	0.222082	-113.329000	-41.015800	25.000000
17.180094	1.755191	0.394746	17.170032	1.842018	0.300721	-113.329000	-40.393600	25.000000
17.180094	1.755191	0.394746	17.176728	1.854015	0.244979	-113.329000	-39.295900	25.000000
17.179716	1.755195	0.394691	17.315022	1.780236	0.368446	-113.329000	-38.673700	25.000000
17.179716	1.755195	0.394691	17.113153	1.770805	0.359469	-113.329000	-37.576000	25.000000
17.180094	1.755191	0.394746	17.272522	1.763033	0.387078	-113.329000	-36.953900	25.000000
17.180094	1.755191	0.394746	17.216852	1.757748	0.381604	-113.329000	-35.856200	25.000000
17.180094	1.755191	0.394746	17.225853	1.757649	0.413425	-112.469000	-54.152700	25.000000
17.180094	1.755191	0.394746	17.186623	1.758081	0.408002	-112.469000	-53.055000	25.000000
17.180094	1.755191	0.394746	17.223821	1.799208	0.490308	-112.469000	-52.432800	25.000000
17.180094	1.755191	0.394746	17.133301	1.776525	0.450315	-112.469000	-51.335100	25.000000
17.180094	1.755191	0.394746	17.850165	1.558471	0.360738	-112.469000	-50.712900	25.000000
17.180094	1.755191	0.394746	16.516734	1.849883	0.449564	-112.469000	-49.615200	25.000000
17.179716	1.755195	0.394691	17.029433	1.147187	0.126592	-112.469000	-48.993000	25.000000
17.179716	1.755195	0.394691	17.268842	1.295153	0.195625	-112.469000	-47.895300	25.000000
17.180094	1.755191	0.394746	17.427564	1.267804	0.317948	-112.469000	-47.273200	25.000000
17.179716	1.755195	0.394691	16.900296	1.307411	0.317875	-112.469000	-46.175400	25.000000
17.180094	1.755191	0.394746	17.334431	1.405634	0.421787	-112.469000	-45.553300	25.000000
17.180094	1.755191	0.394746	16.950292	1.412021	0.353876	-112.469000	-44.455600	25.000000
17.180094	1.755191	0.394746	17.107253	1.429450	0.368446	-112.469000	-43.833400	25.000000
17.180094	1.755191	0.394746	17.319899	1.416021	0.345776	-112.469000	-42.735700	25.000000
17.180094	1.755191	0.394746	17.972579	1.629809	0.493564	-112.469000	-42.113500	25.000000
17.180094	1.755191	0.394746	16.264529	1.658831	0.249470	-112.469000	-41.015800	25.000000
17.180094	1.755191	0.394746	17.210752	1.865562	0.239088	-112.469000	-40.393600	25.000000
17.180094	1.755191	0.394746	17.233398	1.847022	0.287413	-112.469000	-39.295900	25.000000
17.179716	1.755195	0.394691	17.301156	1.786320	0.362926	-112.469000	-38.673700	25.000000
17.179716	1.755195	0.394691	17.032322	1.777762	0.342620	-112.469000	-37.576000	25.000000
17.180094	1.755191	0.394746	17.144678	1.764485	0.383818	-112.469000	-36.953900	25.000000
17.180094	1.755191	0.394746	17.125712	1.758755	0.383818	-112.469000	-35.856200	25.000000
17.180094	1.755191	0.394746	17.186623	1.758081	0.408002	-111.609000	-54.152700	25.000000
17.180094	1.755191	0.394746	17.096491	1.776974	0.431573	-111.609000	-52.432800	25.000000
17.180094	1.755191	0.394746	17.240070	1.781160	0.460995	-111.609000	-51.335100	25.000000
17.180094	1.755191	0.394746	17.444197	1.761118	0.453204	-111.609000	-50.712900	25.000000
17.180094	1.755191	0.394746	16.906803	1.821846	0.496423	-111.609000	-49.615200	25.000000
17.179716	1.755195	0.394691	17.021751	1.559046	0.292020	-111.609000	-48.993000	25.000000
17.179716	1.755195	0.394691	17.231077	1.146098	0.159913	-111.609000	-47.895300	25.000000
17.180094	1.755191	0.394746	17.711578	1.201086	0.352392	-111.609000	-47.273200	25.000000
17.179716	1.755195	0.394691	16.481808	1.306848	0.254125	-111.609000	-46.175400	25.000000
17.180094	1.755191	0.394746	17.040954	1.411090	0.383818	-111.609000	-45.553300	25.000000
17.180094	1.755191	0.394746	17.331154	1.406772	0.421787	-111.609000	-44.455600	25.000000
17.180094	1.755191	0.394746	17.210706	1.412090	0.360837	-111.609000	-43.833400	25.000000
17.180094	1.755191	0.394746	17.108258	1.450683	0.342232	-111.609000	-42.735700	25.000000
17.180094	1.755191	0.394746	17.799876	1.579785	0.466160	-111.609000	-42.113500	25.000000
17.180094	1.755191	0.394746	16.546688	1.675540	0.283308	-111.609000	-41.015800	25.000000
17.180094	1.755191	0.394746	17.087422	1.849444	0.277464	-111.609000	-40.393600	25.000000
17.180094	1.755191	0.394746	17.205813	1.877821	0.271600	-111.609000	-39.295900	25.000000
17.179716	1.755195	0.394691	17.210752	1.799384	0.340616	-111.609000	-38.673700	25.000000
17.179716	1.755195	0.394691	17.099123	1.776942	0.353876	-111.609000	-37.576000	25.000000
17.180094	1.755191	0.394746	17.235719	1.763449	0.381604	-111.609000	-36.953900	25.000000
17.180094	1.755191	0.394746	17.125712	1.758755	0.383818	-111.609000	-35.856200	25.000000
17.180094	1.755191	0.394746	17.186623	1.758081	0.408002	-110.749000	-54.152700	25.000000
17.180094	1.755191	0.394746	17.235139	1.763455	0.426627	-110.749000	-52.432800	25.000000
17.180094	1.755191	0.394746	17.096491	1.776974	0.431573	-110.749000	-51.335100	25.000000
17.180094	1.755191	0.394746	17.223821	1.799208	0.490308	-110.749000	-50.712900	25.000000
17.180094	1.755191	0.394746	17.189241	1.847750	0.525898	-110.749000	-49.615200	25.000000
17.179716	1.755195	0.394691	17.272417	1.332328	0.240643	-110.749000	-48.993000	25.000000
17.179716	1.755195	0.394691	17.064656	1.744541	0.397079	-110.749000	-47.895300	25.000000
17.180094	1.755191	0.394746	17.039073	1.279103	0.337253	-110.749000	-47.273200	25.000000
17.179716	1.755195	0.394691	17.263256	1.191002	0.258594	-110.749000	-46.175400	25.000000
17.180094	1.755191	0.394746	17.387639	1.385702	0.434860	-110.749000	-45.553300	25.000000
17.180094	1.755191	0.394746	17.049328	1.402251	0.397079	-110.749000	-44.455600	25.000000
17.180094	1.755191	0.394746	17.291689	1.422787	0.377249	-110.749000	-43.833400	25.000000
17.180094	1.755191	0.394746	17.069610	1.391747	0.346228	-110.749000	-42.735700	25.000000
17.180094	1.755191	0.394746	17.567894	1.512133	0.435594	-110.749000	-42.113500	25.000000
17.180094	1.755191	0.394746	16.847851	1.689189	0.334982	-110.749000	-41.015800	25.000000
17.180094	1.755191	0.394746	17.198837	1.865773	0.283308	-110.749000	-40.393600	25.000000
17.180094	1.755191	0.394746	17.172362	1.866241	0.277464	-110.749000	-39.295900	25.000000
17.179716	1.755195	0.394691	17.141178	1.788363	0.353876	-110.749000	-38.673700	25.000000
17.179716	1.755195	0.394691	17.169741	1.805925	0.329326	-110.749000	-37.576000	25.000000
17.180094	1.755191	0.394746	17.216852	1.757748	0.381604	-110.749000	-36.953900	25.000000
17.180094	1.755191	0.394746	17.218885	1.769560	0.376106	-110.749000	-35.856200	25.000000
17.189169	1.755093	0.394518	17.284386	1.762899	0.418823	-109.890000	-52.432800	25.000000
17.189169	1.755093	0.394518	17.084789	1.771141	0.418224	-109.890000	-51.335100	25.000000
17.189169	1.755093	0.394518	17.044354	1.801656	0.455562	-109.890000	-50.712900	25.000000
17.189169	1.755093	0.394518	17.348487	1.815322	0.508830	-109.890000	-49.615200	25.000000
17.188791	1.755097	0.394463	16.424981	1.867362	0.426627	-109.890000	-48.993000	25.000000
17.188791	1.755097	0.394463	17.816015	1.541605	0.385720	-109.890000	-47.895300	25.000000
17.189169	1.755093	0.394518	16.948746	1.326467	0.258252	-109.890000	-47.273200	25.000000
17.188791	1.755097	0.394463	17.553917	1.258102	0.348259	-109.890000	-46.175400	25.000000
17.189169	1.755093	0.394518	16.970563	1.332855	0.398522	-109.890000	-45.553300	25.000000
17.189169	1.755093	0.394518	17.337243	1.385158	0.455774	-109.890000	-44.455600	25.000000
17.189169	1.755093	0.394518	17.271943	1.384448	0.373942	-109.890000	-43.833400	25.000000
17.189169	1.755093	0.394518	17.163624	1.377325	0.370584	-109.890000	-42.735700	25.000000
17.189169	1.755093	0.394518	17.235382	1.670757	0.414080	-109.890000	-42.113500	25.000000
17.189169	1.755093	0.394518	17.092464	1.452457	0.373942	-109.890000	-41.015800	25.000000
17.189169	1.755093	0.394518	17.021751	1.844441	0.290872	-109.890000	-40.393600	25.000000
17.189169	1.755093	0.394518	17.312423	1.875869	0.294937	-109.890000	-39.295900	25.000000
17.188791	1.755097	0.394463	17.371528	1.820928	0.351817	-109.890000	-38.673700	25.000000
17.188791	1.755097	0.394463	16.969679	1.796640	0.319839	-109.890000	-37.576000	25.000000
17.189169	1.755093	0.394518	17.091811	1.771058	0.372746	-109.890000	-36.953900	25.000000
17.189169	1.755093	0.394518	17.108185	1.764903	0.378294	-109.890000	-35.856200	25.000000
17.189169	1.755093	0.394518	17.205522	1.763791	0.408002	-109.030000	-52.432800	25.000000
17.189169	1.755093	0.394518	17.244709	1.763347	0.413425	-109.030000	-51.335100	25.000000
17.189169	1.755093	0.394518	17.350792	1.773910	0.463648	-109.030000	-50.712900	25.000000
17.189169	1.755093	0.394518	16.871870	1.804060	0.447300	-109.030000	-49.615200	25.000000
17.188791	1.755097	0.394463	17.782295	1.763182	0.502090	-109.030000	-48.993000	25.000000
17.188791	1.755097	0.394463	16.563816	1.827160	0.424561	-109.030000	-47.895300	25.000000
17.189169	1.755093	0.394518	16.663208	1.306682	0.270614	-109.030000	-47.273200	25.000000
17.188791	1.755097	0.394463	17.656243	1.529439	0.377348	-109.030000	-46.175400	25.000000
17.189169	1.755093	0.394518	17.362603	1.290692	0.439524	-109.030000	-45.553300	25.000000
17.189169	1.755093	0.394518	17.015875	1.375623	0.426132	-109.030000	-44.455600	25.000000
17.189169	1.755093	0.394518	17.369514	1.362023	0.392528	-109.030000	-43.833400	25.000000
17.189169	1.755093	0.394518	17.020870	1.363689	0.374932	-109.030000	-42.735700	25.000000
17.189169	1.755093	0.394518	16.940909	1.415518	0.353876	-109.030000	-42.113500	25.000000
17.189169	1.755093	0.394518	17.360671	1.644016	0.435231	-109.030000	-41.015800	25.000000
17.189169	1.755093	0.394518	17.060188	1.837727	0.283308	-109.030000	-40.393600	25.000000
17.189169	1.755093	0.394518	17.399713	1.892409	0.314088	-109.030000	-39.295900	25.000000
17.188791	1.755097	0.394463	17.377572	1.844671	0.334982	-109.030000	-38.673700	25.000000
17.188791	1.755097	0.394463	17.092981	1.794983	0.323648	-109.030000	-37.576000	25.000000
17.189169	1.755093	0.394518	17.203197	1.775677	0.370584	-109.030000	-36.953900	25.000000
17.189169	1.755093	0.394518	17.218885	1.769560	0.376106	-109.030000	-35.856200	25.000000
17.189169	1.755093	0.394518	17.181676	1.764062	0.389317	-109.030000	-34.136300	25.000000
17.180094	1.755191	0.394746	17.205522	1.763791	0.408002	-108.170000	-51.335100	25.000000
17.180094	1.755191	0.394746	17.144970	1.776383	0.423669	-108.170000	-50.712900	25.000000
17.180094	1.755191	0.394746	17.284675	1.780609	0.453066	-108.170000	-49.615200	25.000000
17.179716	1.755195	0.394691	17.404023	1.844244	0.525068	-108.170000	-48.993000	25.000000
17.179716	1.755195	0.394691	17.032322	1.850370	0.482771	-108.170000	-47.895300	25.000000
17.180094	1.755191	0.394746	17.859336	1.676878	0.486314	-108.170000	-47.273200	25.000000
17.179716	1.755195	0.394691	16.445549	1.492702	0.246458	-108.170000	-46.175400	25.000000
17.180094	1.755191	0.394746	17.353386	1.344120	0.439843	-108.170000	-45.553300	25.000000
17.180094	1.755191	0.394746	17.001176	1.345378	0.409646	-108.170000	-44.455600	25.000000
17.180094	1.755191	0.394746	16.895857	1.337870	0.406489	-108.170000	-43.833400	25.000000
17.180094	1.755191	0.394746	17.471691	1.345682	0.397953	-108.170000	-42.735700	25.000000
17.180094	1.755191	0.394746	17.571355	1.402111	0.422327	-108.170000	-42.113500	25.000000
17.180094	1.755191	0.394746	16.908995	1.642417	0.357383	-108.170000	-41.015800	25.000000
17.180094	1.755191	0.394746	16.941369	1.845773	0.273245	-108.170000	-40.393600	25.000000
17.180094	1.755191	0.394746	17.374119	1.898974	0.340979	-108.170000	-39.295900	25.000000
17.179716	1.755195	0.394691	16.985288	1.808527	0.314088	-108.170000	-38.673700	25.000000
17.179716	1.755195	0.394691	17.310690	1.857782	0.331274	-108.170000	-37.576000	25.000000
17.180094	1.755191	0.394746	17.223821	1.781362	0.370584	-108.170000	-36.953900	25.000000
17.180094	1.755191	0.394746	17.183131	1.769979	0.370584	-108.170000	-35.856200	25.000000
17.180094	1.755191	0.394746	17.096491	1.759080	0.410365	-107.310000	-52.432800	25.000000
17.180094	1.755191	0.394746	17.168285	1.752358	0.408002	-107.310000	-51.335100	25.000000
17.180094	1.755191	0.394746	17.096491	1.776974	0.431573	-107.310000	-50.712900	25.000000
17.180094	1.755191	0.394746	17.284386	1.762899	0.418823	-107.310000	-49.615200	25.000000
17.179716	1.755195	0.394691	17.464249	1.801887	0.489957	-107.310000	-48.993000	25.000000
17.179716	1.755195	0.394691	16.874537	1.865419	0.483036	-107.310000	-47.895300	25.000000
17.180094	1.755191	0.394746	16.247834	1.858478	0.374547	-107.310000	-47.273200	25.000000
17.179716	1.755195	0.394691	17.993524	1.647009	0.493564	-107.310000	-46.175400	25.000000
17.180094	1.755191	0.394746	17.681598	1.467113	0.428039	-107.310000	-45.553300	25.000000
17.180094	1.755191	0.394746	16.711580	1.382388	0.387294	-107.310000	-44.455600	25.000000
17.180094	1.755191	0.394746	17.315022	1.337677	0.402554	-107.310000	-43.833400	25.000000
17.180094	1.755191	0.394746	17.113153	1.346878	0.439524	-107.310000	-42.735700	25.000000
17.180094	1.755191	0.394746	17.986817	1.506260	0.506016	-107.310000	-42.113500	25.000000
17.180094	1.755191	0.394746	16.255633	1.549879	0.261395	-107.310000	-41.015800	25.000000
17.180094	1.755191	0.394746	17.334936	1.930386	0.300311	-107.310000	-40.393600	25.000000
17.180094	1.755191	0.394746	17.022338	1.832249	0.321751	-107.310000	-39.295900	25.000000
17.179716	1.755195	0.394691	17.272522	1.828375	0.348259	-107.310000	-38.673700	25.000000
17.179716	1.755195	0.394691	17.076885	1.855717	0.290872	-107.310000	-37.576000	25.000000
17.180094	1.755191	0.394746	17.259490	1.780920	0.376106	-107.310000	-36.953900	25.000000
17.180094	1.755191	0.394746	17.113153	1.770805	0.359469	-107.310000	-35.856200	25.000000
17.180094	1.755191	0.394746	17.125712	1.758755	0.383818	-107.310000	-35.234000	25.000000
17.180094	1.755191	0.394746	17.125712	1.758755	0.383818	-107.310000	-34.136300	25.000000
17.180094	1.755191	0.394746	17.115490	1.764819	0.410365	-106.450000	-50.712900	25.000000
17.180094	1.755191	0.394746	17.194767	1.763913	0.421233	-106.450000	-49.615200	25.000000
17.179716	1.755195	0.394691	17.459954	1.801945	0.476805	-106.450000	-48.993000	25.000000
17.179716	1.755195	0.394691	16.965259	1.814883	0.439196	-106.450000	-47.895300	25.000000
17.180094	1.755191	0.394746	16.864163	1.871808	0.491418	-106.450000	-47.273200	25.000000
17.179716	1.755195	0.394691	17.469974	1.825399	0.479519	-106.450000	-46.175400	25.000000
17.180094	1.755191	0.394746	17.682572	1.654649	0.458572	-106.450000	-45.553300	25.000000
17.180094	1.755191	0.394746	16.792797	1.499575	0.372746	-106.450000	-44.455600	25.000000
17.180094	1.755191	0.394746	17.437388	1.412428	0.450661	-106.450000	-43.833400	25.000000
17.180094	1.755191	0.394746	17.069868	1.395321	0.397079	-106.450000	-42.735700	25.000000
17.180094	1.755191	0.394746	18.087251	1.585282	0.508173	-106.450000	-42.113500	25.000000
17.180094	1.755191	0.394746	16.174994	1.521688	0.262995	-106.450000	-41.015800	25.000000
17.180094	1.755191	0.394746	17.338397	1.936480	0.333469	-106.450000	-40.393600	25.000000
17.180094	1.755191	0.394746	16.894378	1.846558	0.306188	-106.450000	-39.295900	25.000000
17.179716	1.755195	0.394691	17.247029	1.883150	0.315970	-106.450000	-38.673700	25.000000
17.179716	1.755195	0.394691	17.150510	1.824222	0.331274	-106.450000	-37.576000	25.000000
17.180094	1.755191	0.394746	17.113153	1.770805	0.359469	-106.450000	-36.953900	25.000000
17.180094	1.755191	0.394746	17.231657	1.793148	0.365038	-106.450000	-35.856200	25.000000
17.180094	1.755191	0.394746	17.144678	1.764485	0.383818	-106.450000	-35.234000	25.000000
17.180094	1.755191	0.394746	17.255144	1.769137	0.381604	-106.450000	-34.136300	25.000000
