17.181681	1.939975	5.109676	17.239780	1.932462	5.120538	-39.529100	70.113000	25.000000
17.181681	1.939975	5.109676	17.239780	1.932462	5.120538	-39.529100	72.455000	25.000000
17.182541	1.939955	5.109652	17.204651	1.927026	5.120538	-39.529100	73.552800	25.000000
17.181681	1.939975	5.109676	17.167702	1.927827	5.114832	-39.529100	75.272600	25.000000
17.181681	1.939975	5.109676	17.204651	1.927026	5.120538	-39.529100	75.894800	25.000000
17.181681	1.939975	5.109676	17.275416	1.937876	5.120538	-38.669200	63.855600	25.000000
17.181681	1.939975	5.109676	17.154008	1.934354	5.123014	-38.669200	64.953300	25.000000
17.181681	1.939975	5.109676	17.239780	1.932462	5.120538	-38.669200	65.575500	25.000000
17.181681	1.939975	5.109676	17.154008	1.934354	5.123014	-38.669200	66.673200	25.000000
17.181681	1.939975	5.109676	17.204651	1.927026	5.120538	-38.669200	67.295400	25.000000
17.181681	1.939975	5.109676	17.239780	1.932462	5.120538	-38.669200	68.393100	25.000000
17.181681	1.939975	5.109676	17.242100	1.926218	5.126216	-38.669200	69.015300	25.000000
17.181681	1.939975	5.109676	17.204651	1.927026	5.120538	-38.669200	70.113000	25.000000
17.181681	1.939975	5.109676	17.170032	1.921567	5.120538	-38.669200	70.735200	25.000000
17.181681	1.939975	5.109676	17.204651	1.927026	5.120538	-38.669200	71.832900	25.000000
17.181681	1.939975	5.109676	17.204651	1.927026	5.120538	-38.669200	72.455000	25.000000
17.182541	1.939955	5.109652	17.204651	1.927026	5.120538	-38.669200	73.552800	25.000000
17.181681	1.939975	5.109676	17.204651	1.927026	5.120538	-38.669200	74.174900	25.000000
17.181681	1.939975	5.109676	17.204651	1.927026	5.120538	-38.669200	75.272600	25.000000
17.181681	1.939975	5.109676	17.167702	1.927827	5.114832	-38.669200	75.894800	25.000000
17.181681	1.939975	5.109676	17.204651	1.927026	5.120538	-38.669200	76.992500	25.000000
17.181321	1.939983	5.109619	17.275416	1.937876	5.120538	-37.809200	62.135800	25.000000
17.181321	1.939983	5.109619	17.154008	1.934354	5.123014	-37.809200	63.233500	25.000000
17.181321	1.939983	5.109619	17.191568	1.933523	5.128718	-37.809200	63.855600	25.000000
17.181321	1.939983	5.109619	17.154008	1.934354	5.123014	-37.809200	64.953300	25.000000
17.181321	1.939983	5.109619	17.242100	1.926218	5.126216	-37.809200	65.575500	25.000000
17.181321	1.939983	5.109619	17.194476	1.927246	5.134394	-37.809200	66.673200	25.000000
17.181321	1.939983	5.109619	17.164498	1.915488	5.140041	-37.809200	67.295400	25.000000
17.181321	1.939983	5.109619	17.194476	1.927246	5.134394	-37.809200	68.393100	25.000000
17.181321	1.939983	5.109619	17.125712	1.916302	5.134394	-37.809200	69.015300	25.000000
17.181321	1.939983	5.109619	17.250217	1.913705	5.137488	-37.809200	70.113000	25.000000
17.181321	1.939983	5.109619	17.125712	1.916302	5.134394	-37.809200	70.735200	25.000000
17.181321	1.939983	5.109619	17.173526	1.915300	5.126216	-37.809200	71.832900	25.000000
17.181321	1.939983	5.109619	17.140012	1.909808	5.126216	-37.809200	72.455000	25.000000
17.182181	1.939964	5.109595	17.173526	1.915300	5.126216	-37.809200	73.552800	25.000000
17.181321	1.939983	5.109619	17.170032	1.921567	5.120538	-37.809200	74.174900	25.000000
17.181321	1.939983	5.109619	17.259780	1.913507	5.123743	-37.809200	75.272600	25.000000
17.181321	1.939983	5.109619	17.098830	1.916867	5.114832	-37.809200	75.894800	25.000000
17.181321	1.939983	5.109619	17.219466	1.920517	5.112411	-37.809200	76.992500	25.000000
17.181681	1.939975	5.109676	17.275416	1.937876	5.120538	-36.949300	58.696000	25.000000
17.181681	1.939975	5.109676	17.104385	1.941724	5.125518	-36.949300	60.415900	25.000000
17.181681	1.939975	5.109676	17.277153	1.931644	5.126216	-36.949300	61.513600	25.000000
17.181681	1.939975	5.109676	17.144387	1.934568	5.136950	-36.949300	62.135800	25.000000
17.181681	1.939975	5.109676	17.233108	1.926411	5.140041	-36.949300	63.233500	25.000000
17.181681	1.939975	5.109676	17.198546	1.920961	5.140041	-36.949300	63.855600	25.000000
17.181681	1.939975	5.109676	17.152551	1.921940	5.148266	-36.949300	64.953300	25.000000
17.181681	1.939975	5.109676	17.243550	1.913843	5.151248	-36.949300	65.575500	25.000000
17.181681	1.939975	5.109676	17.124836	1.910121	5.153880	-36.949300	66.673200	25.000000
17.181681	1.939975	5.109676	17.311846	1.894101	5.159689	-36.949300	67.295400	25.000000
17.181681	1.939975	5.109676	17.217723	1.902068	5.156808	-36.949300	68.393100	25.000000
17.181681	1.939975	5.109676	17.185459	1.896566	5.156808	-36.949300	69.015300	25.000000
17.181681	1.939975	5.109676	17.239490	1.889393	5.154182	-36.949300	70.113000	25.000000
17.181681	1.939975	5.109676	17.245579	1.889277	5.140532	-36.949300	70.735200	25.000000
17.181681	1.939975	5.109676	17.190986	1.896457	5.143081	-36.949300	71.832900	25.000000
17.181681	1.939975	5.109676	17.238039	1.895536	5.134964	-36.949300	72.455000	25.000000
17.182541	1.939955	5.109652	17.112861	1.897999	5.131866	-36.949300	73.552800	25.000000
17.181681	1.939975	5.109676	17.140012	1.909808	5.126216	-36.949300	74.174900	25.000000
17.181681	1.939975	5.109676	17.226433	1.908040	5.123743	-36.949300	75.272600	25.000000
17.181681	1.939975	5.109676	17.135927	1.916087	5.120538	-36.949300	75.894800	25.000000
17.181681	1.939975	5.109676	17.219466	1.920517	5.112411	-36.949300	76.992500	25.000000
17.181321	1.939983	5.109619	17.189823	1.939792	5.123014	-36.089300	56.976100	25.000000
17.181321	1.939983	5.109619	17.189823	1.939792	5.123014	-36.089300	58.073800	25.000000
17.181321	1.939983	5.109619	17.227304	1.938950	5.128718	-36.089300	58.696000	25.000000
17.181321	1.939983	5.109619	17.144387	1.934568	5.136950	-36.089300	59.793700	25.000000
17.181321	1.939983	5.109619	17.144387	1.934568	5.136950	-36.089300	60.415900	25.000000
17.181321	1.939983	5.109619	17.142345	1.928379	5.156540	-36.089300	61.513600	25.000000
17.181321	1.939983	5.109619	17.281204	1.913065	5.170542	-36.089300	62.135800	25.000000
17.181321	1.939983	5.109619	16.979399	1.925679	5.167610	-36.089300	63.233500	25.000000
17.181321	1.939983	5.109619	17.299711	1.900439	5.181501	-36.089300	63.855600	25.000000
17.181321	1.939983	5.109619	17.026450	1.893523	5.195425	-36.089300	64.953300	25.000000
17.181321	1.939983	5.109619	17.336090	1.881492	5.197713	-36.089300	65.575500	25.000000
17.181321	1.939983	5.109619	17.133301	1.860839	5.200555	-36.089300	66.673200	25.000000
17.181321	1.939983	5.109619	17.117535	1.848941	5.192339	-36.089300	67.295400	25.000000
17.181321	1.939983	5.109619	17.202907	1.847524	5.189549	-36.089300	68.393100	25.000000
17.181321	1.939983	5.109619	17.244999	1.846831	5.167951	-36.089300	69.015300	25.000000
17.181321	1.939983	5.109619	17.131842	1.842638	5.184166	-36.089300	70.113000	25.000000
17.181321	1.939983	5.109619	17.102339	1.855282	5.159689	-36.089300	70.735200	25.000000
17.181321	1.939983	5.109619	17.289592	1.846101	5.159909	-36.089300	71.832900	25.000000
17.181321	1.939983	5.109619	17.211624	1.865547	5.138011	-36.089300	72.455000	25.000000
17.182181	1.939964	5.109595	17.105847	1.879674	5.129367	-36.089300	73.552800	25.000000
17.181321	1.939983	5.109619	17.216562	1.889832	5.121297	-36.089300	74.174900	25.000000
17.181321	1.939983	5.109619	17.042594	1.893206	5.126216	-36.089300	75.272600	25.000000
17.181321	1.939983	5.109619	17.188950	1.908804	5.118090	-36.089300	75.894800	25.000000
17.181321	1.939983	5.109619	17.156048	1.903305	5.118090	-36.089300	76.992500	25.000000
17.182541	1.939955	5.109652	17.189823	1.939792	5.123014	-35.229400	55.256300	25.000000
17.181681	1.939975	5.109676	17.104385	1.941724	5.125518	-35.229400	56.353900	25.000000
17.181681	1.939975	5.109676	17.265283	1.938102	5.134394	-35.229400	56.976100	25.000000
17.181681	1.939975	5.109676	17.142054	1.940869	5.131249	-35.229400	58.073800	25.000000
17.181681	1.939975	5.109676	17.386777	1.929266	5.156808	-35.229400	58.696000	25.000000
17.181681	1.939975	5.109676	16.968795	1.938511	5.156265	-35.229400	59.793700	25.000000
17.181681	1.939975	5.109676	16.981755	1.925627	5.195697	-35.229400	60.415900	25.000000
17.181681	1.939975	5.109676	17.401724	1.916700	5.195160	-35.229400	61.513600	25.000000
17.181681	1.939975	5.109676	17.232818	1.883416	5.236074	-35.229400	62.135800	25.000000
17.181681	1.939975	5.109676	17.233688	1.901750	5.225447	-35.229400	63.233500	25.000000
17.181681	1.939975	5.109676	17.142929	1.866764	5.236074	-35.229400	63.855600	25.000000
17.181681	1.939975	5.109676	17.255144	1.870842	5.233040	-35.229400	64.953300	25.000000
17.181681	1.939975	5.109676	17.298844	1.845950	5.213653	-35.229400	65.575500	25.000000
17.181681	1.939975	5.109676	17.074250	1.855763	5.222451	-35.229400	66.673200	25.000000
17.181681	1.939975	5.109676	17.075421	1.807248	5.208370	-35.229400	67.295400	25.000000
17.181681	1.939975	5.109676	17.343875	1.827291	5.202697	-35.229400	68.393100	25.000000
17.181681	1.939975	5.109676	17.175273	1.787924	5.189369	-35.229400	69.015300	25.000000
17.181681	1.939975	5.109676	17.178184	1.799825	5.197424	-35.229400	70.113000	25.000000
17.181681	1.939975	5.109676	16.957004	1.802867	5.170617	-35.229400	70.735200	25.000000
17.181681	1.939975	5.109676	17.376133	1.803080	5.152232	-35.229400	71.832900	25.000000
17.181681	1.939975	5.109676	17.087422	1.849444	5.132467	-35.229400	72.455000	25.000000
17.182541	1.939955	5.109652	17.262966	1.828521	5.138521	-35.229400	73.552800	25.000000
17.181681	1.939975	5.109676	17.242390	1.877148	5.118878	-35.229400	74.174900	25.000000
17.181681	1.939975	5.109676	17.046114	1.868496	5.129367	-35.229400	75.272600	25.000000
17.181681	1.939975	5.109676	17.032029	1.905821	5.114832	-35.229400	75.894800	25.000000
17.181681	1.939975	5.109676	17.242970	1.901565	5.115670	-35.229400	76.992500	25.000000
17.181681	1.939975	5.109676	17.104385	1.941724	5.125518	-34.369500	53.536400	25.000000
17.181681	1.939975	5.109676	17.189823	1.939792	5.123014	-34.369500	54.634100	25.000000
17.182541	1.939955	5.109652	17.142054	1.940869	5.131249	-34.369500	55.256300	25.000000
17.181681	1.939975	5.109676	17.218885	1.939139	5.142623	-34.369500	56.353900	25.000000
17.181681	1.939975	5.109676	17.213367	1.939263	5.156540	-34.369500	56.976100	25.000000
17.181681	1.939975	5.109676	17.168867	1.940264	5.178830	-34.369500	58.073800	25.000000
17.181681	1.939975	5.109676	17.205522	1.920813	5.223093	-34.369500	58.696000	25.000000
17.181681	1.939975	5.109676	17.140012	1.934665	5.206753	-34.369500	59.793700	25.000000
17.181681	1.939975	5.109676	16.877500	1.966143	5.135828	-34.369500	60.415900	25.000000
17.181681	1.939975	5.109676	17.407182	1.916587	5.208812	-34.369500	61.513600	25.000000
17.181681	1.939975	5.109676	17.433588	2.009171	5.008093	-34.369500	62.135800	25.000000
17.181681	1.939975	5.109676	16.931037	2.016575	5.052771	-34.369500	63.233500	25.000000
17.181681	1.939975	5.109676	17.658426	2.034628	4.935866	-34.369500	63.855600	25.000000
17.181681	1.939975	5.109676	16.745746	2.035183	4.989771	-34.369500	64.953300	25.000000
17.181681	1.939975	5.109676	17.414362	2.107228	4.934681	-34.369500	65.575500	25.000000
17.181681	1.939975	5.109676	17.094151	2.125270	4.984072	-34.369500	66.673200	25.000000
17.181681	1.939975	5.109676	16.995293	1.982434	5.135828	-34.369500	67.295400	25.000000
17.181681	1.939975	5.109676	17.342145	2.083041	5.042508	-34.369500	68.393100	25.000000
17.181681	1.939975	5.109676	16.337993	1.830785	5.193032	-34.369500	69.015300	25.000000
17.181681	1.939975	5.109676	17.940736	1.835863	5.147620	-34.369500	70.113000	25.000000
17.181681	1.939975	5.109676	17.010879	1.754057	5.170689	-34.369500	70.735200	25.000000
17.181681	1.939975	5.109676	17.411203	1.749797	5.152542	-34.369500	71.832900	25.000000
17.181681	1.939975	5.109676	16.981755	1.826796	5.132467	-34.369500	72.455000	25.000000
17.182541	1.939955	5.109652	17.405172	1.785011	5.136583	-34.369500	73.552800	25.000000
17.181681	1.939975	5.109676	16.969679	1.869878	5.118090	-34.369500	74.174900	25.000000
17.181681	1.939975	5.109676	17.275127	1.846337	5.114121	-34.369500	75.272600	25.000000
17.181681	1.939975	5.109676	17.091811	1.892244	5.118090	-34.369500	75.894800	25.000000
17.181681	1.939975	5.109676	17.224982	1.895791	5.101996	-34.369500	76.992500	25.000000
17.181321	1.939983	5.109619	17.227304	1.938950	5.128718	-33.509500	52.914200	25.000000
17.181321	1.939983	5.109619	17.170614	1.946477	5.145234	-33.509500	53.536400	25.000000
17.181321	1.939983	5.109619	17.178475	1.946297	5.131249	-33.509500	54.634100	25.000000
17.182181	1.939964	5.109595	16.997353	1.950501	5.178869	-33.509500	55.256300	25.000000
17.181321	1.939983	5.109619	17.289881	1.943758	5.162149	-33.509500	56.353900	25.000000
17.181321	1.939983	5.109619	17.212205	1.945524	5.206753	-33.509500	56.976100	25.000000
17.181321	1.939983	5.109619	17.093859	1.941963	5.209732	-33.509500	58.073800	25.000000
17.181321	1.939983	5.109619	16.816658	2.039727	4.725722	-33.509500	58.696000	25.000000
17.181321	1.939983	5.109619	17.766722	2.037875	4.622756	-33.509500	60.415900	25.000000
17.181321	1.939983	5.109619	16.576236	2.047089	4.647175	-33.509500	61.513600	25.000000
17.181321	1.939983	5.109619	17.557050	2.142533	4.279035	-33.509500	62.135800	25.000000
17.181321	1.939983	5.109619	16.679029	2.023808	4.598786	-33.509500	63.233500	25.000000
17.181321	1.939983	5.109619	17.585505	2.473068	4.129475	-33.509500	63.855600	25.000000
17.181321	1.939983	5.109619	16.787198	2.317317	4.047787	-33.509500	64.953300	25.000000
17.181321	1.939983	5.109619	14.753308	2.761433	4.340363	-33.509500	65.575500	25.000000
17.181321	1.939983	5.109619	19.338431	2.518118	4.585397	-33.509500	66.673200	25.000000
17.181321	1.939983	5.109619	14.637281	2.452780	5.156808	-33.509500	67.295400	25.000000
17.181321	1.939983	5.109619	19.323819	2.329898	4.957368	-33.509500	68.393100	25.000000
17.181321	1.939983	5.109619	18.361372	2.039843	5.094029	-33.509500	69.015300	25.000000
17.181321	1.939983	5.109619	15.923567	1.890200	5.193786	-33.509500	70.113000	25.000000
17.181321	1.939983	5.109619	17.323363	1.734895	5.147249	-33.509500	70.735200	25.000000
17.181321	1.939983	5.109619	17.067867	1.724318	5.146867	-33.509500	71.832900	25.000000
17.181321	1.939983	5.109619	17.099708	1.747151	5.128201	-33.509500	72.455000	25.000000
17.182181	1.939964	5.109595	17.277153	1.804436	5.109468	-33.509500	73.552800	25.000000
17.181321	1.939983	5.109619	17.477986	1.837122	5.101706	-33.509500	74.174900	25.000000
17.181321	1.939983	5.109619	16.883720	1.852898	5.118090	-33.509500	75.272600	25.000000
17.181321	1.939983	5.109619	17.293351	1.900565	5.107650	-33.509500	75.894800	25.000000
17.181321	1.939983	5.109619	17.131550	1.879195	5.101996	-33.509500	76.992500	25.000000
17.181681	1.939975	5.109676	17.103801	1.948018	5.119758	-32.649600	51.194300	25.000000
17.181681	1.939975	5.109676	17.178475	1.946297	5.131249	-32.649600	51.816500	25.000000
17.181681	1.939975	5.109676	17.168867	1.952786	5.139536	-32.649600	52.914200	25.000000
17.181681	1.939975	5.109676	17.114321	1.960375	5.184511	-32.649600	53.536400	25.000000
17.181681	1.939975	5.109676	17.200291	1.958324	5.153568	-32.649600	54.634100	25.000000
17.182541	1.939955	5.109652	17.326569	1.949133	5.189925	-32.649600	55.256300	25.000000
17.181681	1.939975	5.109676	17.161002	1.959259	5.204198	-32.649600	56.353900	25.000000
17.181681	1.939975	5.109676	17.699450	1.916643	4.993031	-32.649600	56.976100	25.000000
17.181681	1.939975	5.109676	16.611226	1.876539	4.450323	-32.649600	58.073800	25.000000
17.181681	1.939975	5.109676	16.640012	1.857145	4.446137	-32.649600	58.696000	25.000000
17.181681	1.939975	5.109676	17.727098	1.856731	4.288195	-32.649600	59.793700	25.000000
17.181681	1.939975	5.109676	19.654516	1.791360	3.967559	-32.649600	60.415900	25.000000
17.181681	1.939975	5.109676	14.273752	1.869463	4.265133	-32.649600	61.513600	25.000000
17.181681	1.939975	5.109676	15.541557	1.946319	3.364763	-32.649600	62.135800	25.000000
17.181681	1.939975	5.109676	18.640279	2.068559	3.356950	-32.649600	63.233500	25.000000
17.181681	1.939975	5.109676	17.352547	2.529285	3.729317	-32.649600	63.855600	25.000000
17.181681	1.939975	5.109676	16.777142	2.301743	2.512502	-32.649600	64.953300	25.000000
17.181681	1.939975	5.109676	20.255510	2.665183	4.373276	-32.649600	65.575500	25.000000
17.181681	1.939975	5.109676	12.293039	2.758075	1.140211	-32.649600	66.673200	25.000000
17.181681	1.939975	5.109676	20.306179	2.562910	4.850593	-32.649600	67.295400	25.000000
17.181681	1.939975	5.109676	13.205397	2.643361	5.368568	-32.649600	68.393100	25.000000
17.181681	1.939975	5.109676	16.580109	2.256592	5.095790	-32.649600	69.015300	25.000000
17.181681	1.939975	5.109676	17.636610	1.972766	5.104337	-32.649600	70.113000	25.000000
17.181681	1.939975	5.109676	16.461276	1.750361	5.145659	-32.649600	70.735200	25.000000
17.181681	1.939975	5.109676	17.886836	1.729681	5.107616	-32.649600	71.832900	25.000000
17.181681	1.939975	5.109676	16.849332	1.719720	5.119645	-32.649600	72.455000	25.000000
17.182541	1.939955	5.109652	17.513709	1.777825	5.095062	-32.649600	73.552800	25.000000
17.181681	1.939975	5.109676	17.340415	1.815438	5.096207	-32.649600	74.174900	25.000000
17.181681	1.939975	5.109676	17.014406	1.856793	5.101996	-32.649600	75.272600	25.000000
17.181681	1.939975	5.109676	17.219756	1.877564	5.099683	-32.649600	75.894800	25.000000
17.181681	1.939975	5.109676	17.137386	1.897514	5.104337	-32.649600	76.992500	25.000000
17.181321	1.939983	5.109619	17.226143	1.945206	5.123014	-31.789600	49.474400	25.000000
17.181321	1.939983	5.109619	17.215400	1.951701	5.131249	-31.789600	50.096600	25.000000
17.181321	1.939983	5.109619	17.055791	1.949134	5.128051	-31.789600	51.194300	25.000000
17.181321	1.939983	5.109619	16.990291	1.963374	5.167490	-31.789600	51.816500	25.000000
17.181321	1.939983	5.109619	17.361452	1.960758	5.156540	-31.789600	52.914200	25.000000
17.181321	1.939983	5.109619	17.275995	1.969063	5.195697	-31.789600	53.536400	25.000000
17.181321	1.939983	5.109619	17.156631	1.971992	5.207188	-31.789600	54.634100	25.000000
17.182181	1.939964	5.109595	19.319928	1.690127	4.574326	-31.789600	55.256300	25.000000
17.181321	1.939983	5.109619	14.548484	1.943676	5.068223	-31.789600	56.353900	25.000000
17.181321	1.939983	5.109619	17.519372	1.611905	4.294745	-31.789600	56.976100	25.000000
17.181321	1.939983	5.109619	16.734408	1.601875	4.240720	-31.789600	58.073800	25.000000
17.181321	1.939983	5.109619	16.209840	1.436524	3.887364	-31.789600	58.696000	25.000000
17.181321	1.939983	5.109619	18.069355	1.568583	4.320578	-31.789600	59.793700	25.000000
17.181321	1.939983	5.109619	15.126126	1.404087	3.266613	-31.789600	60.415900	25.000000
17.181321	1.939983	5.109619	18.988009	1.444593	3.204276	-31.789600	61.513600	25.000000
17.181321	1.939983	5.109619	17.063118	1.777383	3.135605	-31.789600	62.135800	25.000000
17.181321	1.939983	5.109619	16.410363	1.742259	2.153653	-31.789600	63.233500	25.000000
17.181321	1.939983	5.109619	19.902010	2.156407	2.240829	-31.789600	63.855600	25.000000
17.181321	1.939983	5.109619	8.015610	2.686561	5.679436	-31.789600	64.953300	25.000000
17.181321	1.939983	5.109619	20.814932	2.757714	2.327165	-31.789600	65.575500	25.000000
17.181321	1.939983	5.109619	11.280957	2.679932	5.095852	-31.789600	66.673200	25.000000
17.181321	1.939983	5.109619	18.055491	2.814811	4.182178	-31.789600	67.295400	25.000000
17.181321	1.939983	5.109619	16.186794	2.482859	4.962459	-31.789600	68.393100	25.000000
17.181321	1.939983	5.109619	17.464822	2.033772	5.127364	-31.789600	69.015300	25.000000
17.181321	1.939983	5.109619	16.836270	2.398685	5.061910	-31.789600	70.113000	25.000000
17.181321	1.939983	5.109619	16.122035	1.757968	5.142151	-31.789600	70.735200	25.000000
17.181321	1.939983	5.109619	18.258970	1.741402	5.093927	-31.789600	71.832900	25.000000
17.181321	1.939983	5.109619	17.804775	1.745799	5.073830	-31.789600	72.455000	25.000000
17.182181	1.939964	5.109595	16.552948	1.723018	5.107650	-31.789600	73.552800	25.000000
17.181321	1.939983	5.109619	17.362891	1.856894	5.087321	-31.789600	74.174900	25.000000
17.181321	1.939983	5.109619	16.944616	1.821274	5.099683	-31.789600	75.272600	25.000000
17.181321	1.939983	5.109619	17.105555	1.891977	5.104337	-31.789600	75.894800	25.000000
17.181321	1.939983	5.109619	17.369226	1.886931	5.097395	-31.789600	76.992500	25.000000
17.181681	1.939975	5.109676	17.140887	1.947161	5.125518	-30.929700	48.376700	25.000000
17.181681	1.939975	5.109676	17.263545	1.944355	5.128718	-30.929700	49.474400	25.000000
17.181681	1.939975	5.109676	17.238329	1.963695	5.153568	-30.929700	50.096600	25.000000
17.181681	1.939975	5.109676	17.084496	1.954771	5.142151	-30.929700	51.194300	25.000000
17.181681	1.939975	5.109676	17.067513	1.974208	5.181735	-30.929700	51.816500	25.000000
17.181681	1.939975	5.109676	17.283807	1.987779	5.221331	-30.929700	52.914200	25.000000
17.181681	1.939975	5.109676	20.876063	1.827485	4.993410	-30.929700	53.536400	25.000000
17.181681	1.939975	5.109676	12.377803	1.832294	4.957368	-30.929700	54.634100	25.000000
17.182541	1.939955	5.109652	14.930841	1.422912	4.388497	-30.929700	55.256300	25.000000
17.181681	1.939975	5.109676	19.075387	1.387335	4.329902	-30.929700	56.353900	25.000000
17.181681	1.939975	5.109676	16.209257	1.237697	4.193243	-30.929700	56.976100	25.000000
17.181681	1.939975	5.109676	18.109114	1.387544	4.374654	-30.929700	58.073800	25.000000
17.181681	1.939975	5.109676	19.886176	0.929287	3.520934	-30.929700	58.696000	25.000000
17.181681	1.939975	5.109676	13.970326	0.925701	3.460510	-30.929700	59.793700	25.000000
17.181681	1.939975	5.109676	14.486891	1.010408	2.835305	-30.929700	60.415900	25.000000
17.181681	1.939975	5.109676	19.403350	1.088474	2.327396	-30.929700	61.513600	25.000000
17.181681	1.939975	5.109676	19.389525	1.350552	2.133877	-30.929700	62.135800	25.000000
17.181681	1.939975	5.109676	4.307380	2.642522	0.244979	-30.929700	63.233500	25.000000
17.181681	1.939975	5.109676	20.602427	2.044581	2.558129	-30.929700	63.855600	25.000000
17.181681	1.939975	5.109676	9.398936	2.443460	1.070129	-30.929700	64.953300	25.000000
17.181681	1.939975	5.109676	16.100078	2.637829	4.013532	-30.929700	65.575500	25.000000
17.181681	1.939975	5.109676	17.818227	2.430503	2.658793	-30.929700	66.673200	25.000000
17.181681	1.939975	5.109676	14.279597	3.035958	1.484346	-30.929700	67.295400	25.000000
17.181681	1.939975	5.109676	19.357748	2.482227	4.812058	-30.929700	68.393100	25.000000
17.181681	1.939975	5.109676	14.049555	2.051776	5.280350	-30.929700	69.015300	25.000000
17.181681	1.939975	5.109676	19.840867	2.305455	5.139579	-30.929700	70.113000	25.000000
17.181681	1.939975	5.109676	16.617461	1.801513	5.112411	-30.929700	70.735200	25.000000
17.181681	1.939975	5.109676	17.728508	1.695211	5.066502	-30.929700	71.832900	25.000000
17.181681	1.939975	5.109676	17.456944	1.776752	5.071160	-30.929700	72.455000	25.000000
17.182541	1.939955	5.109652	16.946944	1.699196	5.077427	-30.929700	73.552800	25.000000
17.181681	1.939975	5.109676	16.914491	1.852371	5.090610	-30.929700	74.174900	25.000000
17.181681	1.939975	5.109676	17.489711	1.831017	5.075315	-30.929700	75.272600	25.000000
17.181681	1.939975	5.109676	17.133885	1.903752	5.098629	-30.929700	75.894800	25.000000
17.181681	1.939975	5.109676	17.245579	1.889277	5.094029	-30.929700	76.992500	25.000000
17.181321	1.939983	5.109619	17.262966	1.950598	5.123014	-30.069700	46.656800	25.000000
17.181321	1.939983	5.109619	17.103801	1.948018	5.119758	-30.069700	47.754500	25.000000
17.181321	1.939983	5.109619	17.282940	1.962625	5.145234	-30.069700	48.376700	25.000000
17.181321	1.939983	5.109619	17.130674	1.953682	5.133808	-30.069700	49.474400	25.000000
17.181321	1.939983	5.109619	17.147886	1.991293	5.190321	-30.069700	50.096600	25.000000
17.181321	1.939983	5.109619	17.233398	1.970103	5.161953	-30.069700	51.194300	25.000000
17.181321	1.939983	5.109619	16.260996	1.915835	5.143884	-30.069700	51.816500	25.000000
17.181321	1.939983	5.109619	18.046883	1.981180	5.189549	-30.069700	52.914200	25.000000
17.181321	1.939983	5.109619	14.462797	1.261668	4.511435	-30.069700	53.536400	25.000000
17.181321	1.939983	5.109619	19.409544	1.591406	4.816673	-30.069700	54.634100	25.000000
17.182181	1.939964	5.109595	17.509426	1.214950	4.396419	-30.069700	55.256300	25.000000
17.181321	1.939983	5.109619	16.855563	1.213190	4.462802	-30.069700	56.353900	25.000000
17.181321	1.939983	5.109619	13.816295	0.889641	4.248741	-30.069700	56.976100	25.000000
17.181321	1.939983	5.109619	20.032224	0.739494	4.068888	-30.069700	58.073800	25.000000
17.181321	1.939983	5.109619	17.223821	0.437715	2.733104	-30.069700	58.696000	25.000000
17.181321	1.939983	5.109619	17.187495	0.485667	2.744884	-30.069700	59.793700	25.000000
17.181321	1.939983	5.109619	22.091175	0.706737	2.187804	-30.069700	60.415900	25.000000
17.181321	1.939983	5.109619	4.688283	1.289827	1.526381	-30.069700	61.513600	25.000000
17.181321	1.939983	5.109619	18.787240	1.300307	2.861776	-30.069700	62.135800	25.000000
17.181321	1.939983	5.109619	13.476335	1.685321	1.812152	-30.069700	63.233500	25.000000
17.181321	1.939983	5.109619	16.736487	2.008900	3.227474	-30.069700	63.855600	25.000000
17.181321	1.939983	5.109619	16.960542	1.845454	2.269456	-30.069700	64.953300	25.000000
17.181321	1.939983	5.109619	11.035964	2.281560	1.002692	-30.069700	65.575500	25.000000
17.181321	1.939983	5.109619	18.825199	2.450020	3.274419	-30.069700	66.673200	25.000000
17.181321	1.939983	5.109619	21.867327	2.813373	5.264973	-30.069700	67.295400	25.000000
17.181321	1.939983	5.109619	9.052624	2.280679	6.062937	-30.069700	68.393100	25.000000
17.181321	1.939983	5.109619	19.584177	2.154916	5.134964	-30.069700	69.015300	25.000000
17.181321	1.939983	5.109619	14.393749	2.185405	5.298033	-30.069700	70.113000	25.000000
17.181321	1.939983	5.109619	18.188183	1.758837	5.025290	-30.069700	70.735200	25.000000
17.181321	1.939983	5.109619	16.191356	1.833195	5.078645	-30.069700	71.832900	25.000000
17.181321	1.939983	5.109619	16.958184	1.790749	5.070452	-30.069700	72.455000	25.000000
17.182181	1.939964	5.109595	17.445343	1.726190	5.043314	-30.069700	73.552800	25.000000
17.181321	1.939983	5.109619	16.844584	1.853571	5.079119	-30.069700	74.174900	25.000000
17.181321	1.939983	5.109619	17.501429	1.860524	5.071857	-30.069700	75.272600	25.000000
17.181321	1.939983	5.109619	17.166828	1.909257	5.098629	-30.069700	75.894800	25.000000
17.181321	1.939983	5.109619	17.122208	1.891653	5.090610	-30.069700	76.992500	25.000000
17.181321	1.939983	5.109619	17.140887	1.947161	5.125518	-29.209800	44.937000	25.000000
17.181321	1.939983	5.109619	17.177893	1.952575	5.125518	-29.209800	46.656800	25.000000
17.181321	1.939983	5.109619	17.252826	1.957081	5.131249	-29.209800	47.754500	25.000000
17.181321	1.939983	5.109619	17.312134	1.980747	5.161953	-29.209800	48.376700	25.000000
17.181321	1.939983	5.109619	17.076592	1.967623	5.144797	-29.209800	49.474400	25.000000
17.181321	1.939983	5.109619	17.011467	2.027374	5.225849	-29.209800	50.096600	25.000000
17.181321	1.939983	5.109619	17.314445	2.006020	5.195977	-29.209800	51.194300	25.000000
17.181321	1.939983	5.109619	18.338211	1.962449	5.170760	-29.209800	51.816500	25.000000
17.181321	1.939983	5.109619	15.897170	1.533045	4.902377	-29.209800	52.914200	25.000000
17.181321	1.939983	5.109619	16.596460	1.148643	4.576564	-29.209800	53.536400	25.000000
17.181321	1.939983	5.109619	17.734151	1.302566	4.711804	-29.209800	54.634100	25.000000
17.182181	1.939964	5.109595	18.189197	1.065801	4.546414	-29.209800	55.256300	25.000000
17.181321	1.939983	5.109619	16.144968	0.829651	4.483702	-29.209800	56.353900	25.000000
17.181321	1.939983	5.109619	19.084287	0.338709	4.049963	-29.209800	56.976100	25.000000
17.181321	1.939983	5.109619	14.971306	0.322389	4.106844	-29.209800	58.073800	25.000000
17.181321	1.939983	5.109619	16.606023	0.496618	1.852568	-29.209800	58.696000	25.000000
17.181321	1.939983	5.109619	17.740631	0.360544	2.915991	-29.209800	59.793700	25.000000
17.181321	1.939983	5.109619	18.391846	0.881296	3.028601	-29.209800	60.415900	25.000000
17.181321	1.939983	5.109619	15.734675	0.922584	2.191973	-29.209800	61.513600	25.000000
17.181321	1.939983	5.109619	11.459058	1.314939	2.762761	-29.209800	62.135800	25.000000
17.181321	1.939983	5.109619	21.281212	1.195530	2.503142	-29.209800	63.233500	25.000000
17.181321	1.939983	5.109619	12.603686	2.042752	1.119100	-29.209800	63.855600	25.000000
17.181321	1.939983	5.109619	15.158196	1.436472	2.830368	-29.209800	64.953300	25.000000
17.181321	1.939983	5.109619	21.464855	2.391210	1.433730	-29.209800	65.575500	25.000000
17.181321	1.939983	5.109619	10.540398	2.211426	0.693223	-29.209800	66.673200	25.000000
17.181321	1.939983	5.109619	9.954396	2.439484	6.015569	-29.209800	67.295400	25.000000
17.181321	1.939983	5.109619	21.923959	2.526047	5.514545	-29.209800	68.393100	25.000000
17.181321	1.939983	5.109619	16.241305	2.509149	5.096764	-29.209800	69.015300	25.000000
17.181321	1.939983	5.109619	18.014161	2.126290	5.038272	-29.209800	70.113000	25.000000
17.181321	1.939983	5.109619	16.537533	1.765524	5.051682	-29.209800	70.735200	25.000000
17.181321	1.939983	5.109619	17.768230	1.909276	5.034140	-29.209800	71.832900	25.000000
17.181321	1.939983	5.109619	16.729913	1.799934	5.063258	-29.209800	72.455000	25.000000
17.182181	1.939964	5.109595	17.648229	1.770440	5.035968	-29.209800	73.552800	25.000000
17.181321	1.939983	5.109619	17.470260	1.873025	5.073967	-29.209800	74.174900	25.000000
17.181321	1.939983	5.109619	16.871574	1.877884	5.081349	-29.209800	75.272600	25.000000
17.181321	1.939983	5.109619	17.219175	1.908187	5.090610	-29.209800	75.894800	25.000000
17.181321	1.939983	5.109619	17.044061	1.911794	5.095207	-29.209800	76.992500	25.000000
17.181681	1.939975	5.109676	17.177893	1.952575	5.125518	-28.349900	44.937000	25.000000
17.181681	1.939975	5.109676	17.038192	1.968568	5.139016	-28.349900	46.656800	25.000000
17.181681	1.939975	5.109676	17.366923	1.966861	5.136950	-28.349900	47.754500	25.000000
17.181681	1.939975	5.109676	17.193313	2.015732	5.187563	-28.349900	48.376700	25.000000
17.181681	1.939975	5.109676	17.147886	1.991293	5.161752	-28.349900	49.474400	25.000000
17.181681	1.939975	5.109676	17.067513	1.974208	5.181735	-28.349900	50.096600	25.000000
17.181681	1.939975	5.109676	17.336666	2.037465	5.210705	-28.349900	51.194300	25.000000
17.181681	1.939975	5.109676	13.092685	1.400413	4.963007	-28.349900	51.816500	25.000000
17.181681	1.939975	5.109676	20.341829	1.634748	4.956173	-28.349900	52.914200	25.000000
17.181681	1.939975	5.109676	16.545540	1.140620	4.783602	-28.349900	53.536400	25.000000
17.181681	1.939975	5.109676	17.844912	1.042173	4.746791	-28.349900	54.634100	25.000000
17.182541	1.939955	5.109652	17.682825	0.809397	4.708639	-28.349900	55.256300	25.000000
17.181681	1.939975	5.109676	16.758022	0.525133	4.695010	-28.349900	56.353900	25.000000
17.181681	1.939975	5.109676	16.628352	0.199057	3.795434	-28.349900	56.976100	25.000000
17.181681	1.939975	5.109676	17.682783	0.179080	4.382606	-28.349900	58.073800	25.000000
17.181681	1.939975	5.109676	19.548210	0.344446	2.966482	-28.349900	58.696000	25.000000
17.181681	1.939975	5.109676	14.508218	0.475309	3.032931	-28.349900	59.793700	25.000000
17.181681	1.939975	5.109676	15.003333	0.561460	2.543174	-28.349900	60.415900	25.000000
17.181681	1.939975	5.109676	19.047572	0.611127	2.571355	-28.349900	61.513600	25.000000
17.181681	1.939975	5.109676	9.812365	1.713962	1.185510	-28.349900	62.135800	25.000000
17.181681	1.939975	5.109676	18.634795	0.505964	2.400053	-28.349900	63.233500	25.000000
17.181681	1.939975	5.109676	18.561812	2.004066	1.168243	-28.349900	63.855600	25.000000
17.181681	1.939975	5.109676	14.212499	0.957348	0.987567	-28.349900	64.953300	25.000000
17.181681	1.939975	5.109676	13.881643	2.428580	6.083630	-28.349900	65.575500	25.000000
17.181681	1.939975	5.109676	19.196093	2.219670	1.110073	-28.349900	66.673200	25.000000
17.181681	1.939975	5.109676	18.768242	3.007596	2.148844	-28.349900	67.295400	25.000000
17.181681	1.939975	5.109676	14.513042	2.359878	5.091079	-28.349900	68.393100	25.000000
17.181681	1.939975	5.109676	19.285746	2.478589	5.119493	-28.349900	69.015300	25.000000
17.181681	1.939975	5.109676	14.770579	2.056855	5.189734	-28.349900	70.113000	25.000000
17.181681	1.939975	5.109676	17.400287	1.886347	5.051346	-28.349900	70.735200	25.000000
17.181681	1.939975	5.109676	16.884608	1.773549	5.032227	-28.349900	71.832900	25.000000
17.181681	1.939975	5.109676	16.694011	1.831310	5.053745	-28.349900	72.455000	25.000000
17.182541	1.939955	5.109652	17.640295	1.817037	5.039685	-28.349900	73.552800	25.000000
17.181681	1.939975	5.109676	17.079813	1.880160	5.076915	-28.349900	74.174900	25.000000
17.181681	1.939975	5.109676	17.239780	1.901628	5.082645	-28.349900	75.272600	25.000000
17.181681	1.939975	5.109676	17.286411	1.919105	5.090610	-28.349900	75.894800	25.000000
17.181681	1.939975	5.109676	17.077763	1.917312	5.095207	-28.349900	76.992500	25.000000
17.181321	1.939983	5.109619	17.226143	1.951451	5.117281	-27.489900	43.217100	25.000000
17.181321	1.939983	5.109619	17.130674	1.959983	5.128051	-27.489900	44.937000	25.000000
17.181321	1.939983	5.109619	17.262966	1.950598	5.123014	-27.489900	46.034700	25.000000
17.181321	1.939983	5.109619	17.356555	1.985923	5.147875	-27.489900	46.656800	25.000000
17.181321	1.939983	5.109619	16.949926	1.983603	5.144347	-27.489900	47.754500	25.000000
17.181321	1.939983	5.109619	17.534537	2.038166	5.190321	-27.489900	48.376700	25.000000
17.181321	1.939983	5.109619	16.850519	2.045370	5.205878	-27.489900	49.474400	25.000000
17.181321	1.939983	5.109619	16.748134	1.781327	5.094029	-27.489900	50.096600	25.000000
17.181321	1.939983	5.109619	17.556195	2.056772	5.201967	-27.489900	51.194300	25.000000
17.181321	1.939983	5.109619	15.792720	1.532795	5.048167	-27.489900	51.816500	25.000000
17.181321	1.939983	5.109619	18.616659	1.248316	4.964236	-27.489900	52.914200	25.000000
17.181321	1.939983	5.109619	17.924843	0.978961	4.991612	-27.489900	53.536400	25.000000
17.181321	1.939983	5.109619	16.415237	1.089437	5.012404	-27.489900	54.634100	25.000000
17.182181	1.939964	5.109595	17.763358	0.543906	4.917252	-27.489900	55.256300	25.000000
17.181321	1.939983	5.109619	16.515375	0.748588	5.051583	-27.489900	56.353900	25.000000
17.181321	1.939983	5.109619	16.307081	0.250033	4.580656	-27.489900	56.976100	25.000000
17.181321	1.939983	5.109619	18.048737	0.307889	4.552651	-27.489900	58.073800	25.000000
17.181321	1.939983	5.109619	16.227122	0.057825	2.731380	-27.489900	58.696000	25.000000
17.181321	1.939983	5.109619	18.069301	0.087610	3.790154	-27.489900	59.793700	25.000000
17.181321	1.939983	5.109619	15.211509	0.384650	0.052583	-27.489900	60.415900	25.000000
17.181321	1.939983	5.109619	18.756865	0.607579	1.373401	-27.489900	61.513600	25.000000
17.181321	1.939983	5.109619	19.658332	0.914195	0.890037	-27.489900	62.135800	25.000000
17.181321	1.939983	5.109619	8.377947	1.630512	5.824885	-27.489900	63.233500	25.000000
17.181321	1.939983	5.109619	20.812540	1.800165	1.442157	-27.489900	63.855600	25.000000
17.181321	1.939983	5.109619	9.642788	1.032694	0.648332	-27.489900	64.953300	25.000000
17.181321	1.939983	5.109619	17.702794	2.130564	1.559463	-27.489900	65.575500	25.000000
17.181321	1.939983	5.109619	12.745760	2.612038	3.852240	-27.489900	66.673200	25.000000
17.181321	1.939983	5.109619	19.558142	2.565368	5.056991	-27.489900	67.295400	25.000000
17.181321	1.939983	5.109619	12.917337	2.533261	0.789230	-27.489900	68.393100	25.000000
17.181321	1.939983	5.109619	18.824187	2.015619	5.104917	-27.489900	69.015300	25.000000
17.181321	1.939983	5.109619	15.313066	2.273793	5.376435	-27.489900	70.113000	25.000000
17.181321	1.939983	5.109619	17.024982	1.801924	5.018874	-27.489900	70.735200	25.000000
17.181321	1.939983	5.109619	17.297688	1.827992	5.028469	-27.489900	71.832900	25.000000
17.181321	1.939983	5.109619	17.319353	1.839621	5.041715	-27.489900	72.455000	25.000000
17.182181	1.939964	5.109595	17.135344	1.879125	5.069009	-27.489900	73.552800	25.000000
17.181321	1.939983	5.109619	17.042887	1.918051	5.089419	-27.489900	74.174900	25.000000
17.181321	1.939983	5.109619	17.205813	1.902307	5.076915	-27.489900	75.272600	25.000000
17.181321	1.939983	5.109619	17.181967	1.927517	5.100969	-27.489900	75.894800	25.000000
17.181321	1.939983	5.109619	17.181967	1.927517	5.100969	-27.489900	76.992500	25.000000
17.181681	1.939975	5.109676	17.140887	1.953442	5.119758	-26.630000	43.217100	25.000000
17.181681	1.939975	5.109676	17.263545	1.956829	5.117281	-26.630000	44.314800	25.000000
17.181681	1.939975	5.109676	17.046114	1.962019	5.130613	-26.630000	44.937000	25.000000
17.181681	1.939975	5.109676	17.284097	1.975151	5.133808	-26.630000	46.034700	25.000000
17.181681	1.939975	5.109676	16.904733	1.997734	5.155691	-26.630000	46.656800	25.000000
17.181681	1.939975	5.109676	17.520845	2.013143	5.156265	-26.630000	47.754500	25.000000
17.181681	1.939975	5.109676	17.210171	2.074044	5.202736	-26.630000	48.376700	25.000000
17.181681	1.939975	5.109676	17.104385	2.057502	5.193786	-26.630000	49.474400	25.000000
17.181681	1.939975	5.109676	16.862384	1.985878	5.161545	-26.630000	50.096600	25.000000
17.181681	1.939975	5.109676	17.379586	1.605326	5.065095	-26.630000	51.194300	25.000000
17.181681	1.939975	5.109676	18.616659	1.282112	5.103301	-26.630000	51.816500	25.000000
17.181681	1.939975	5.109676	15.546382	1.350314	5.140653	-26.630000	52.914200	25.000000
17.181681	1.939975	5.109676	17.247319	1.196869	5.184393	-26.630000	53.536400	25.000000
17.181681	1.939975	5.109676	17.098246	1.090507	5.155391	-26.630000	54.634100	25.000000
17.182541	1.939955	5.109652	15.683750	0.887663	5.172360	-26.630000	55.256300	25.000000
17.181681	1.939975	5.109676	18.603763	0.727017	5.041812	-26.630000	56.353900	25.000000
17.181681	1.939975	5.109676	16.447796	0.437305	5.396098	-26.630000	56.976100	25.000000
17.181681	1.939975	5.109676	17.864770	0.448231	5.332638	-26.630000	58.073800	25.000000
17.181681	1.939975	5.109676	16.279647	0.614657	6.082656	-26.630000	58.696000	25.000000
17.181681	1.939975	5.109676	18.078617	0.393055	6.199324	-26.630000	59.793700	25.000000
17.181681	1.939975	5.109676	17.930421	0.822477	0.645023	-26.630000	60.415900	25.000000
17.181681	1.939975	5.109676	16.399390	0.368242	0.187429	-26.630000	61.513600	25.000000
17.181681	1.939975	5.109676	4.139142	0.341587	0.447520	-26.630000	62.135800	25.000000
17.181681	1.939975	5.109676	21.974032	0.891798	1.576059	-26.630000	63.233500	25.000000
17.181681	1.939975	5.109676	14.596561	1.946804	1.209439	-26.630000	63.855600	25.000000
17.181681	1.939975	5.109676	13.159650	1.215324	2.845478	-26.630000	64.953300	25.000000
17.181681	1.939975	5.109676	16.319926	1.901550	1.078171	-26.630000	65.575500	25.000000
17.181681	1.939975	5.109676	17.704519	2.560648	1.415800	-26.630000	66.673200	25.000000
17.181681	1.939975	5.109676	9.542012	2.305973	5.876438	-26.630000	67.295400	25.000000
17.181681	1.939975	5.109676	22.035880	2.344599	5.587635	-26.630000	68.393100	25.000000
17.181681	1.939975	5.109676	19.188278	1.972366	5.077124	-26.630000	69.015300	25.000000
17.181681	1.939975	5.109676	14.906039	2.113636	5.228620	-26.630000	70.113000	25.000000
17.181681	1.939975	5.109676	17.541095	1.830237	5.011755	-26.630000	70.735200	25.000000
17.181681	1.939975	5.109676	16.749030	1.836618	5.020442	-26.630000	71.832900	25.000000
17.181681	1.939975	5.109676	17.471405	1.897079	5.070452	-26.630000	72.455000	25.000000
17.182541	1.939955	5.109652	16.980283	1.882034	5.059574	-26.630000	73.552800	25.000000
17.181681	1.939975	5.109676	17.130382	1.916203	5.087135	-26.630000	74.174900	25.000000
17.181681	1.939975	5.109676	17.233688	1.926399	5.092895	-26.630000	75.272600	25.000000
17.181681	1.939975	5.109676	17.217143	1.932960	5.100969	-26.630000	75.894800	25.000000
17.181681	1.939975	5.109676	17.217143	1.932960	5.100969	-26.630000	76.992500	25.000000
17.181681	1.939975	5.109676	17.140887	1.953442	5.119758	-25.770100	41.497200	25.000000
17.181681	1.939975	5.109676	17.178475	1.958842	5.119758	-25.770100	43.217100	25.000000
17.181681	1.939975	5.109676	17.178475	1.958842	5.119758	-25.770100	44.314800	25.000000
17.181681	1.939975	5.109676	16.995293	1.982434	5.135828	-25.770100	44.937000	25.000000
17.181681	1.939975	5.109676	17.407470	1.978369	5.131249	-25.770100	46.034700	25.000000
17.181681	1.939975	5.109676	17.419816	2.047944	5.167366	-25.770100	46.656800	25.000000
17.181681	1.939975	5.109676	16.949631	2.016051	5.158495	-25.770100	47.754500	25.000000
17.181681	1.939975	5.109676	17.333782	2.044019	5.176037	-25.770100	48.376700	25.000000
17.181681	1.939975	5.109676	17.051100	2.079187	5.194053	-25.770100	49.474400	25.000000
17.181681	1.939975	5.109676	19.335514	1.565107	5.071765	-25.770100	50.096600	25.000000
17.181681	1.939975	5.109676	14.629699	1.818720	5.204420	-25.770100	51.194300	25.000000
17.181681	1.939975	5.109676	18.096961	1.250371	5.157809	-25.770100	51.816500	25.000000
17.181681	1.939975	5.109676	16.233915	1.264177	5.196265	-25.770100	52.914200	25.000000
17.181681	1.939975	5.109676	16.895266	1.214068	5.170387	-25.770100	53.536400	25.000000
17.181681	1.939975	5.109676	17.438750	1.213443	5.134964	-25.770100	54.634100	25.000000
17.182541	1.939955	5.109652	15.875138	0.864772	5.350923	-25.770100	55.256300	25.000000
17.181681	1.939975	5.109676	18.442071	0.991230	5.161545	-25.770100	56.353900	25.000000
17.181681	1.939975	5.109676	17.602273	0.632226	5.620456	-25.770100	56.976100	25.000000
17.181681	1.939975	5.109676	16.774683	0.635485	5.697968	-25.770100	58.073800	25.000000
17.181681	1.939975	5.109676	19.378574	0.365287	6.202779	-25.770100	58.696000	25.000000
17.181681	1.939975	5.109676	14.672622	0.193071	0.104263	-25.770100	59.793700	25.000000
17.181681	1.939975	5.109676	16.846531	0.298814	2.565894	-25.770100	60.415900	25.000000
17.181681	1.939975	5.109676	17.417302	0.521739	1.707154	-25.770100	61.513600	25.000000
17.181681	1.939975	5.109676	15.745733	0.264050	3.044103	-25.770100	62.135800	25.000000
17.181681	1.939975	5.109676	14.384589	1.466328	1.400821	-25.770100	63.233500	25.000000
17.181681	1.939975	5.109676	20.374356	1.787464	1.222025	-25.770100	63.855600	25.000000
17.181681	1.939975	5.109676	10.594886	0.905517	0.528074	-25.770100	64.953300	25.000000
17.181681	1.939975	5.109676	19.967433	2.055288	5.858525	-25.770100	65.575500	25.000000
17.181681	1.939975	5.109676	12.649506	2.147753	0.624635	-25.770100	66.673200	25.000000
17.181681	1.939975	5.109676	19.604846	2.373461	5.717582	-25.770100	67.295400	25.000000
17.181681	1.939975	5.109676	14.337364	2.113127	5.241636	-25.770100	68.393100	25.000000
17.181681	1.939975	5.109676	17.141178	1.848547	5.001522	-25.770100	69.015300	25.000000
17.181681	1.939975	5.109676	17.272811	2.007141	5.098826	-25.770100	70.113000	25.000000
17.181681	1.939975	5.109676	17.221208	1.889743	5.055413	-25.770100	70.735200	25.000000
17.181681	1.939975	5.109676	17.161876	1.854267	5.020705	-25.770100	71.832900	25.000000
17.181681	1.939975	5.109676	17.172362	1.902977	5.071160	-25.770100	72.455000	25.000000
17.182541	1.939955	5.109652	17.130382	1.916203	5.087135	-25.770100	73.552800	25.000000
17.181681	1.939975	5.109676	17.146720	1.928283	5.095207	-25.770100	74.174900	25.000000
17.181681	1.939975	5.109676	17.233688	1.926399	5.092895	-25.770100	75.272600	25.000000
17.181681	1.939975	5.109676	17.217143	1.932960	5.100969	-25.770100	75.894800	25.000000
17.181681	1.939975	5.109676	17.217143	1.932960	5.100969	-25.770100	76.992500	25.000000
17.181321	1.939983	5.109619	17.103801	1.948018	5.119758	-24.910100	41.497200	25.000000
17.181321	1.939983	5.109619	17.226143	1.951451	5.117281	-24.910100	42.594900	25.000000
17.181321	1.939983	5.109619	17.215400	1.957966	5.125518	-24.910100	43.217100	25.000000
17.181321	1.939983	5.109619	17.207556	1.970737	5.128051	-24.910100	44.314800	25.000000
17.181321	1.939983	5.109619	16.952286	1.989991	5.138482	-24.910100	44.937000	25.000000
17.181321	1.939983	5.109619	17.362316	1.998400	5.136397	-24.910100	46.034700	25.000000
17.181321	1.939983	5.109619	17.264414	2.085575	5.167108	-24.910100	46.656800	25.000000
17.181321	1.939983	5.109619	17.206394	2.034773	5.155691	-24.910100	47.754500	25.000000
17.181321	1.939983	5.109619	17.782013	2.075599	5.164543	-24.910100	48.376700	25.000000
17.181321	1.939983	5.109619	16.626184	2.065936	5.203553	-24.910100	49.474400	25.000000
17.181321	1.939983	5.109619	14.166584	1.578561	5.245545	-24.910100	50.096600	25.000000
17.181321	1.939983	5.109619	19.707331	1.740584	5.097675	-24.910100	51.194300	25.000000
17.181321	1.939983	5.109619	18.186259	1.252000	5.098272	-24.910100	51.816500	25.000000
17.181321	1.939983	5.109619	16.104037	1.261623	5.164375	-24.910100	52.914200	25.000000
17.181321	1.939983	5.109619	16.914786	1.150614	5.132586	-24.910100	53.536400	25.000000
17.181321	1.939983	5.109619	17.376996	1.193613	5.092895	-24.910100	54.634100	25.000000
17.182181	1.939964	5.109595	15.096026	0.864294	5.293145	-24.910100	55.256300	25.000000
17.181321	1.939983	5.109619	19.103403	0.857495	5.163653	-24.910100	56.353900	25.000000
17.181321	1.939983	5.109619	15.691147	0.318903	5.219685	-24.910100	56.976100	25.000000
17.181321	1.939983	5.109619	18.581197	0.428665	5.178353	-24.910100	58.073800	25.000000
17.181321	1.939983	5.109619	17.200171	0.004457	0.130827	-24.910100	58.696000	25.000000
17.181321	1.939983	5.109619	17.087678	0.101346	5.015481	-24.910100	59.793700	25.000000
17.181321	1.939983	5.109619	20.090047	0.437246	1.260198	-24.910100	60.415900	25.000000
17.181321	1.939983	5.109619	13.313903	0.481521	0.146484	-24.910100	61.513600	25.000000
17.181321	1.939983	5.109619	10.852189	1.422821	5.690015	-24.910100	62.135800	25.000000
17.181321	1.939983	5.109619	18.949670	1.027268	0.842106	-24.910100	63.233500	25.000000
17.181321	1.939983	5.109619	13.013854	1.925510	0.581185	-24.910100	63.855600	25.000000
17.181321	1.939983	5.109619	19.378633	1.631209	5.831098	-24.910100	64.953300	25.000000
17.181321	1.939983	5.109619	9.306449	2.472528	0.244979	-24.910100	65.575500	25.000000
17.181321	1.939983	5.109619	21.939426	2.199359	5.891168	-24.910100	66.673200	25.000000
17.181321	1.939983	5.109619	18.470788	2.390412	5.553908	-24.910100	67.295400	25.000000
17.181321	1.939983	5.109619	15.654392	1.991969	5.122795	-24.910100	68.393100	25.000000
17.181321	1.939983	5.109619	17.317621	1.863689	4.999802	-24.910100	69.015300	25.000000
17.181321	1.939983	5.109619	17.007645	1.869190	5.018577	-24.910100	70.113000	25.000000
17.181321	1.939983	5.109619	16.962311	1.907252	5.069698	-24.910100	70.735200	25.000000
17.181321	1.939983	5.109619	17.374119	1.898974	5.053368	-24.910100	71.832900	25.000000
17.181321	1.939983	5.109619	17.164498	1.921685	5.087135	-24.910100	72.455000	25.000000
17.182181	1.939964	5.109595	17.147303	1.934503	5.089419	-24.910100	73.552800	25.000000
17.181321	1.939983	5.109619	17.217143	1.932960	5.100969	-24.910100	74.174900	25.000000
17.181321	1.939983	5.109619	17.181967	1.933735	5.095207	-24.910100	75.272600	25.000000
17.181321	1.939983	5.109619	17.217143	1.932960	5.100969	-24.910100	76.992500	25.000000
17.181681	1.939975	5.109676	17.140887	1.953442	5.119758	-24.050200	41.497200	25.000000
17.181681	1.939975	5.109676	17.142054	1.959711	5.113970	-24.050200	42.594900	25.000000
17.181681	1.939975	5.109676	17.209881	1.976997	5.122264	-24.050200	43.217100	25.000000
17.181681	1.939975	5.109676	17.093566	1.960874	5.122264	-24.050200	44.314800	25.000000
17.181681	1.939975	5.109676	17.039073	1.994150	5.129960	-24.050200	44.937000	25.000000
17.181681	1.939975	5.109676	17.332917	2.018285	5.127364	-24.050200	46.034700	25.000000
17.181681	1.939975	5.109676	17.221498	2.047361	5.143884	-24.050200	46.656800	25.000000
17.181681	1.939975	5.109676	17.133009	2.103416	5.160886	-24.050200	47.754500	25.000000
17.181681	1.939975	5.109676	17.521701	2.130306	5.157966	-24.050200	48.376700	25.000000
17.181681	1.939975	5.109676	16.805951	2.080504	5.163842	-24.050200	49.474400	25.000000
17.181681	1.939975	5.109676	19.134631	1.585953	5.042404	-24.050200	50.096600	25.000000
17.181681	1.939975	5.109676	14.995813	1.883977	5.169767	-24.050200	51.194300	25.000000
17.181681	1.939975	5.109676	17.812636	1.332767	5.072512	-24.050200	51.816500	25.000000
17.181681	1.939975	5.109676	16.475436	1.223986	5.124060	-24.050200	52.914200	25.000000
17.181681	1.939975	5.109676	17.189823	1.201801	5.123014	-24.050200	53.536400	25.000000
17.181681	1.939975	5.109676	17.174982	1.144620	5.113083	-24.050200	54.634100	25.000000
17.182541	1.939955	5.109652	18.530785	0.770267	5.019435	-24.050200	55.256300	25.000000
17.181681	1.939975	5.109676	15.800316	0.964766	5.124359	-24.050200	56.353900	25.000000
17.181681	1.939975	5.109676	16.439586	0.464193	5.353173	-24.050200	56.976100	25.000000
17.181681	1.939975	5.109676	17.921216	0.479520	5.273552	-24.050200	58.073800	25.000000
17.181681	1.939975	5.109676	17.412205	0.655821	5.940288	-24.050200	58.696000	25.000000
17.181681	1.939975	5.109676	16.946693	0.401352	6.204560	-24.050200	59.793700	25.000000
17.181681	1.939975	5.109676	16.944351	1.125393	5.960091	-24.050200	60.415900	25.000000
17.181681	1.939975	5.109676	17.216787	0.877714	0.379946	-24.050200	61.513600	25.000000
17.181681	1.939975	5.109676	13.538833	1.578183	0.394223	-24.050200	62.135800	25.000000
17.181681	1.939975	5.109676	20.165875	1.327910	0.086960	-24.050200	63.233500	25.000000
17.181681	1.939975	5.109676	21.460196	1.725182	0.218669	-24.050200	63.855600	25.000000
17.181681	1.939975	5.109676	8.266801	2.536707	0.906022	-24.050200	64.953300	25.000000
17.181681	1.939975	5.109676	21.792200	2.342695	6.161213	-24.050200	65.575500	25.000000
17.181681	1.939975	5.109676	9.761660	2.207019	5.470767	-24.050200	66.673200	25.000000
17.181681	1.939975	5.109676	16.872759	1.998596	5.135243	-24.050200	67.295400	25.000000
17.181681	1.939975	5.109676	17.523413	1.890058	5.011330	-24.050200	68.393100	25.000000
17.181681	1.939975	5.109676	17.317621	1.906194	5.055413	-24.050200	69.015300	25.000000
17.181681	1.939975	5.109676	17.098246	1.885961	5.018577	-24.050200	70.113000	25.000000
17.181681	1.939975	5.109676	17.286411	1.925266	5.084877	-24.050200	70.735200	25.000000
17.181681	1.939975	5.109676	17.062532	1.917635	5.075536	-24.050200	71.832900	25.000000
17.181681	1.939975	5.109676	17.268758	1.931827	5.092895	-24.050200	72.455000	25.000000
17.182541	1.939955	5.109652	17.217143	1.932960	5.100969	-24.050200	73.552800	25.000000
17.181681	1.939975	5.109676	17.217143	1.932960	5.100969	-24.050200	75.272600	25.000000
17.181321	1.939983	5.109619	17.189823	1.952297	5.111520	-23.190200	40.875000	25.000000
17.181321	1.939983	5.109619	17.263545	1.956829	5.117281	-23.190200	41.497200	25.000000
17.181321	1.939983	5.109619	17.055791	1.955451	5.122264	-23.190200	42.594900	25.000000
17.181321	1.939983	5.109619	17.297688	1.981110	5.113970	-23.190200	43.217100	25.000000
17.181321	1.939983	5.109619	17.047287	1.968344	5.124799	-23.190200	44.314800	25.000000
17.181321	1.939983	5.109619	17.086252	2.025225	5.135243	-23.190200	44.937000	25.000000
17.181321	1.939983	5.109619	17.288435	2.000348	5.124799	-23.190200	46.034700	25.000000
17.181321	1.939983	5.109619	16.872759	2.064780	5.142916	-23.190200	46.656800	25.000000
17.181321	1.939983	5.109619	17.473981	2.105201	5.137365	-23.190200	47.754500	25.000000
17.181321	1.939983	5.109619	17.924843	2.116282	5.114710	-23.190200	48.376700	25.000000
17.181321	1.939983	5.109619	16.405487	2.073214	5.120020	-23.190200	49.474400	25.000000
17.181321	1.939983	5.109619	19.878692	1.586895	4.992762	-23.190200	50.096600	25.000000
17.181321	1.939983	5.109619	14.014407	1.745795	5.114426	-23.190200	51.194300	25.000000
17.181321	1.939983	5.109619	17.854971	1.263548	5.060156	-23.190200	51.816500	25.000000
17.181321	1.939983	5.109619	16.524527	1.166519	5.111231	-23.190200	52.914200	25.000000
17.181321	1.939983	5.109619	17.029680	1.185521	5.048167	-23.190200	53.536400	25.000000
17.181321	1.939983	5.109619	17.417233	1.194528	5.065379	-23.190200	54.634100	25.000000
17.182181	1.939964	5.109595	15.155857	0.943162	5.223446	-23.190200	55.256300	25.000000
17.181321	1.939983	5.109619	18.970503	0.939254	5.129287	-23.190200	56.353900	25.000000
17.181321	1.939983	5.109619	18.177734	0.717169	5.604523	-23.190200	56.976100	25.000000
17.181321	1.939983	5.109619	16.068292	0.755189	5.717849	-23.190200	58.073800	25.000000
17.181321	1.939983	5.109619	16.142503	0.941584	6.130886	-23.190200	58.696000	25.000000
17.181321	1.939983	5.109619	18.255892	0.786085	6.148076	-23.190200	59.793700	25.000000
17.181321	1.939983	5.109619	19.865800	0.953437	0.352990	-23.190200	60.415900	25.000000
17.181321	1.939983	5.109619	14.073379	1.169286	0.265575	-23.190200	61.513600	25.000000
17.181321	1.939983	5.109619	12.616929	1.422035	5.826706	-23.190200	62.135800	25.000000
17.181321	1.939983	5.109619	17.883188	1.474468	0.932913	-23.190200	63.233500	25.000000
17.181321	1.939983	5.109619	7.980866	2.460457	0.100500	-23.190200	63.855600	25.000000
17.181321	1.939983	5.109619	22.134425	1.845302	6.260058	-23.190200	64.953300	25.000000
17.181321	1.939983	5.109619	18.592741	2.063833	5.424326	-23.190200	65.575500	25.000000
17.181321	1.939983	5.109619	15.640013	1.950714	5.071160	-23.190200	66.673200	25.000000
17.181321	1.939983	5.109619	16.952876	1.907447	5.030187	-23.190200	67.295400	25.000000
17.181321	1.939983	5.109619	17.286700	1.894588	5.003261	-23.190200	68.393100	25.000000
17.181321	1.939983	5.109619	17.130382	1.922414	5.081349	-23.190200	69.015300	25.000000
17.181321	1.939983	5.109619	17.207556	1.920770	5.059574	-23.190200	70.113000	25.000000
17.181321	1.939983	5.109619	17.181967	1.933735	5.095207	-23.190200	70.735200	25.000000
17.181321	1.939983	5.109619	17.233688	1.926399	5.092895	-23.190200	71.832900	25.000000
17.181321	1.939983	5.109619	17.217143	1.932960	5.100969	-23.190200	72.455000	25.000000
17.182181	1.939964	5.109595	17.131258	1.941114	5.097546	-23.190200	73.552800	25.000000
17.181681	1.939975	5.109676	17.104385	1.954301	5.113970	-22.330300	39.777300	25.000000
17.181681	1.939975	5.109676	17.275416	1.950310	5.109098	-22.330300	40.875000	25.000000
17.181681	1.939975	5.109676	17.104385	1.954301	5.113970	-22.330300	41.497200	25.000000
17.181681	1.939975	5.109676	17.180221	1.965097	5.113970	-22.330300	42.594900	25.000000
17.181681	1.939975	5.109676	17.134176	1.972548	5.116448	-22.330300	43.217100	25.000000
17.181681	1.939975	5.109676	17.129215	1.985393	5.118956	-22.330300	44.314800	25.000000
17.181681	1.939975	5.109676	17.122208	2.004800	5.129960	-22.330300	44.937000	25.000000
17.181681	1.939975	5.109676	17.222369	2.027828	5.118130	-22.330300	46.034700	25.000000
17.181681	1.939975	5.109676	16.707184	2.090695	5.139016	-22.330300	46.656800	25.000000
17.181681	1.939975	5.109676	17.571852	2.082220	5.114710	-22.330300	47.754500	25.000000
17.181681	1.939975	5.109676	17.864210	2.098789	5.097709	-22.330300	48.376700	25.000000
17.181681	1.939975	5.109676	16.440499	2.072045	5.126388	-22.330300	49.474400	25.000000
17.181681	1.939975	5.109676	17.995599	1.854662	5.067095	-22.330300	50.096600	25.000000
17.181681	1.939975	5.109676	16.271524	1.500062	5.104337	-22.330300	51.194300	25.000000
17.181681	1.939975	5.109676	18.337393	1.288960	5.035935	-22.330300	51.816500	25.000000
17.181681	1.939975	5.109676	16.001875	1.233209	5.078136	-22.330300	52.914200	25.000000
17.181681	1.939975	5.109676	16.757685	1.185378	5.019884	-22.330300	53.536400	25.000000
17.181681	1.939975	5.109676	17.553632	1.135626	5.071895	-22.330300	54.634100	25.000000
17.182541	1.939955	5.109652	18.809572	0.892663	5.323115	-22.330300	55.256300	25.000000
17.181681	1.939975	5.109676	15.408115	0.962917	5.289427	-22.330300	56.353900	25.000000
17.181681	1.939975	5.109676	16.867424	0.736129	5.776087	-22.330300	56.976100	25.000000
17.181681	1.939975	5.109676	17.534537	0.785301	5.859228	-22.330300	58.073800	25.000000
17.181681	1.939975	5.109676	15.045348	0.870143	0.013043	-22.330300	58.696000	25.000000
17.181681	1.939975	5.109676	19.075925	0.715328	0.042375	-22.330300	59.793700	25.000000
17.181681	1.939975	5.109676	16.760445	1.146496	0.667072	-22.330300	60.415900	25.000000
17.181681	1.939975	5.109676	16.383898	1.195860	5.814258	-22.330300	61.513600	25.000000
17.181681	1.939975	5.109676	21.463180	1.449830	6.113407	-22.330300	62.135800	25.000000
17.181681	1.939975	5.109676	9.426792	2.244333	5.965727	-22.330300	63.233500	25.000000
17.181681	1.939975	5.109676	13.272905	2.065364	5.376435	-22.330300	63.855600	25.000000
17.181681	1.939975	5.109676	20.354361	1.906218	5.353809	-22.330300	64.953300	25.000000
17.181681	1.939975	5.109676	17.349640	1.911660	5.016733	-22.330300	65.575500	25.000000
17.181681	1.939975	5.109676	16.962901	1.913492	5.004445	-22.330300	66.673200	25.000000
17.181681	1.939975	5.109676	17.098538	1.929336	5.069698	-22.330300	67.295400	25.000000
17.181681	1.939975	5.109676	17.230496	1.914113	5.051682	-22.330300	68.393100	25.000000
17.181681	1.939975	5.109676	17.268758	1.931827	5.092895	-22.330300	69.015300	25.000000
17.181681	1.939975	5.109676	17.111984	1.929042	5.089419	-22.330300	70.113000	25.000000
17.181681	1.939975	5.109676	17.131258	1.941114	5.097546	-22.330300	70.735200	25.000000
17.181681	1.939975	5.109676	17.181967	1.933735	5.095207	-22.330300	71.832900	25.000000
17.181321	1.939983	5.109619	17.189823	1.952297	5.111520	-21.470300	39.777300	25.000000
17.181321	1.939983	5.109619	17.142054	1.959711	5.113970	-21.470300	41.497200	25.000000
17.181321	1.939983	5.109619	17.227304	1.957684	5.111520	-21.470300	42.594900	25.000000
17.181321	1.939983	5.109619	17.302312	1.987305	5.108152	-21.470300	43.217100	25.000000
17.181321	1.939983	5.109619	17.098246	1.973441	5.110603	-21.470300	44.314800	25.000000
17.181321	1.939983	5.109619	17.085667	2.005791	5.124060	-21.470300	44.937000	25.000000
17.181321	1.939983	5.109619	17.309246	2.018941	5.107180	-21.470300	46.034700	25.000000
17.181321	1.939983	5.109619	16.940779	2.096415	5.111904	-21.470300	46.656800	25.000000
17.181321	1.939983	5.109619	17.379873	2.055624	5.106180	-21.470300	47.754500	25.000000
17.181321	1.939983	5.109619	17.266441	2.105585	5.091645	-21.470300	48.376700	25.000000
17.181321	1.939983	5.109619	17.111984	2.117768	5.105601	-21.470300	49.474400	25.000000
17.181321	1.939983	5.109619	19.162985	1.807838	5.046024	-21.470300	50.096600	25.000000
17.181321	1.939983	5.109619	14.933854	1.933602	5.140795	-21.470300	51.194300	25.000000
17.181321	1.939983	5.109619	15.711321	1.400672	5.138482	-21.470300	51.816500	25.000000
17.181321	1.939983	5.109619	18.467637	1.492743	5.061624	-21.470300	52.914200	25.000000
17.181321	1.939983	5.109619	17.745422	1.231864	5.210782	-21.470300	53.536400	25.000000
17.181321	1.939983	5.109619	16.558684	1.283001	5.161953	-21.470300	54.634100	25.000000
17.182181	1.939964	5.109595	16.150542	1.136206	5.391394	-21.470300	55.256300	25.000000
17.181321	1.939983	5.109619	18.166177	1.090099	5.414281	-21.470300	56.353900	25.000000
17.181321	1.939983	5.109619	16.683225	1.015169	5.683442	-21.470300	56.976100	25.000000
17.181321	1.939983	5.109619	17.673709	1.023305	5.676802	-21.470300	58.073800	25.000000
17.181321	1.939983	5.109619	18.073738	1.273179	5.775525	-21.470300	58.696000	25.000000
17.181321	1.939983	5.109619	16.283734	1.043070	6.024414	-21.470300	59.793700	25.000000
17.181321	1.939983	5.109619	20.320495	1.563415	5.595378	-21.470300	60.415900	25.000000
17.181321	1.939983	5.109619	13.137157	1.641647	6.004886	-21.470300	61.513600	25.000000
17.181321	1.939983	5.109619	19.165072	1.840151	5.316907	-21.470300	62.135800	25.000000
17.181321	1.939983	5.109619	14.819582	1.995025	5.172725	-21.470300	63.233500	25.000000
17.181321	1.939983	5.109619	17.094444	1.923186	4.996682	-21.470300	63.855600	25.000000
17.181321	1.939983	5.109619	17.293640	1.918953	5.018577	-21.470300	64.953300	25.000000
17.181321	1.939983	5.109619	17.066048	1.930050	5.063834	-21.470300	65.575500	25.000000
17.181321	1.939983	5.109619	17.237459	1.926318	5.040010	-21.470300	66.673200	25.000000
17.181321	1.939983	5.109619	17.147303	1.934503	5.089419	-21.470300	67.295400	25.000000
17.181321	1.939983	5.109619	17.200291	1.933331	5.081349	-21.470300	68.393100	25.000000
17.181321	1.939983	5.109619	17.217143	1.932960	5.100969	-21.470300	69.015300	25.000000
17.181321	1.939983	5.109619	17.189823	1.952297	5.111520	-20.610400	39.777300	25.000000
17.181321	1.939983	5.109619	17.189823	1.952297	5.111520	-20.610400	40.875000	25.000000
17.181321	1.939983	5.109619	17.191568	1.958531	5.105730	-20.610400	41.497200	25.000000
17.181321	1.939983	5.109619	17.056963	1.961756	5.116448	-20.610400	42.594900	25.000000
17.181321	1.939983	5.109619	17.177602	1.984153	5.110603	-20.610400	43.217100	25.000000
17.181321	1.939983	5.109619	17.218885	1.970459	5.113970	-20.610400	44.314800	25.000000
17.181321	1.939983	5.109619	17.223821	1.995685	5.104729	-20.610400	44.937000	25.000000
17.181321	1.939983	5.109619	17.056670	2.013058	5.112170	-20.610400	46.034700	25.000000
17.181321	1.939983	5.109619	17.418668	2.041526	5.095288	-20.610400	46.656800	25.000000
17.181321	1.939983	5.109619	16.986465	2.067864	5.104089	-20.610400	47.754500	25.000000
17.181321	1.939983	5.109619	16.985288	2.122317	5.080059	-20.610400	48.376700	25.000000
17.181321	1.939983	5.109619	17.364619	2.102239	5.074287	-20.610400	49.474400	25.000000
17.181321	1.939983	5.109619	18.154338	1.960673	5.039789	-20.610400	50.096600	25.000000
17.181321	1.939983	5.109619	16.190120	2.073476	5.087660	-20.610400	51.194300	25.000000
17.181321	1.939983	5.109619	17.920949	1.625508	5.151042	-20.610400	51.816500	25.000000
17.181321	1.939983	5.109619	16.460951	1.799379	5.123014	-20.610400	52.914200	25.000000
17.181321	1.939983	5.109619	17.515091	1.558235	5.232243	-20.610400	53.536400	25.000000
17.181321	1.939983	5.109619	16.898097	1.556830	5.274125	-20.610400	54.634100	25.000000
17.182181	1.939964	5.109595	17.393771	1.558838	5.317934	-20.610400	55.256300	25.000000
17.181321	1.939983	5.109619	16.977030	1.556423	5.313463	-20.610400	56.353900	25.000000
17.181321	1.939983	5.109619	17.678973	1.616630	5.349095	-20.610400	56.976100	25.000000
17.181321	1.939983	5.109619	16.682809	1.582186	5.370278	-20.610400	58.073800	25.000000
17.181321	1.939983	5.109619	18.339575	1.718556	5.289689	-20.610400	58.696000	25.000000
17.181321	1.939983	5.109619	15.929846	1.850646	5.293145	-20.610400	59.793700	25.000000
17.181321	1.939983	5.109619	17.720892	1.922211	5.011330	-20.610400	60.415900	25.000000
17.181321	1.939983	5.109619	16.969679	1.944813	4.988080	-20.610400	62.135800	25.000000
17.181321	1.939983	5.109619	17.245579	1.932335	5.014534	-20.610400	63.233500	25.000000
17.181321	1.939983	5.109619	17.184004	1.933690	5.042013	-20.610400	63.855600	25.000000
17.181321	1.939983	5.109619	17.133885	1.934801	5.069698	-20.610400	64.953300	25.000000
17.181321	1.939983	5.109619	17.147303	1.934503	5.089419	-20.610400	65.575500	25.000000
17.181321	1.939983	5.109619	17.166828	1.934070	5.075536	-20.610400	66.673200	25.000000
17.181321	1.939983	5.109619	17.181967	1.933735	5.095207	-20.610400	67.295400	25.000000
17.181321	1.939983	5.109619	17.217723	1.939165	5.095207	-20.610400	68.393100	25.000000
17.181321	1.939983	5.109619	17.217143	1.932960	5.100969	-20.610400	70.113000	25.000000
17.181681	1.939975	5.109676	17.154008	1.953134	5.105730	-19.750500	39.777300	25.000000
17.181681	1.939975	5.109676	17.227304	1.957684	5.111520	-19.750500	40.875000	25.000000
17.181681	1.939975	5.109676	17.106139	1.960572	5.108152	-19.750500	41.497200	25.000000
17.181681	1.939975	5.109676	17.191568	1.958531	5.105730	-19.750500	42.594900	25.000000
17.181681	1.939975	5.109676	17.183131	1.971338	5.108152	-19.750500	43.217100	25.000000
17.181681	1.939975	5.109676	17.137678	1.978810	5.110603	-19.750500	44.314800	25.000000
17.181681	1.939975	5.109676	17.308091	1.993484	5.102307	-19.750500	44.937000	25.000000
17.181681	1.939975	5.109676	17.062825	2.006413	5.103699	-19.750500	46.034700	25.000000
17.181681	1.939975	5.109676	17.224692	2.040743	5.085640	-19.750500	46.656800	25.000000
17.181681	1.939975	5.109676	17.114029	2.017942	5.097709	-19.750500	47.754500	25.000000
17.181681	1.939975	5.109676	17.315311	2.064135	5.067322	-19.750500	48.376700	25.000000
17.181681	1.939975	5.109676	16.941369	2.089584	5.066386	-19.750500	49.474400	25.000000
17.181681	1.939975	5.109676	17.396839	2.081275	5.034140	-19.750500	50.096600	25.000000
17.181681	1.939975	5.109676	16.968500	2.081902	5.042686	-19.750500	51.194300	25.000000
17.181681	1.939975	5.109676	16.466329	1.989844	5.086723	-19.750500	51.816500	25.000000
17.181681	1.939975	5.109676	17.922611	1.965992	5.051346	-19.750500	52.914200	25.000000
17.181681	1.939975	5.109676	17.112861	1.897999	5.131866	-19.750500	53.536400	25.000000
17.181681	1.939975	5.109676	17.242970	1.901565	5.115670	-19.750500	54.634100	25.000000
17.182541	1.939955	5.109652	17.531115	1.932274	5.080438	-19.750500	55.256300	25.000000
17.181681	1.939975	5.109676	16.751418	1.930727	5.118956	-19.750500	56.353900	25.000000
17.181681	1.939975	5.109676	17.368362	1.960594	5.022329	-19.750500	56.976100	25.000000
17.181681	1.939975	5.109676	16.933399	1.984030	4.993346	-19.750500	58.073800	25.000000
17.181681	1.939975	5.109676	17.045234	1.974766	4.983677	-19.750500	58.696000	25.000000
17.181681	1.939975	5.109676	17.311557	1.968199	4.978641	-19.750500	59.793700	25.000000
17.181681	1.939975	5.109676	16.940484	1.958208	5.030107	-19.750500	60.415900	25.000000
17.181681	1.939975	5.109676	17.363755	1.954484	5.008605	-19.750500	61.513600	25.000000
17.181681	1.939975	5.109676	17.206104	1.945664	5.069698	-19.750500	62.135800	25.000000
17.181681	1.939975	5.109676	17.162168	1.940415	5.049948	-19.750500	63.233500	25.000000
17.181681	1.939975	5.109676	17.183131	1.939942	5.089419	-19.750500	63.855600	25.000000
17.181681	1.939975	5.109676	17.200291	1.933331	5.081349	-19.750500	64.953300	25.000000
17.181681	1.939975	5.109676	17.217723	1.939165	5.095207	-19.750500	65.575500	25.000000
17.181681	1.939975	5.109676	17.131258	1.941114	5.097546	-19.750500	66.673200	25.000000
17.181321	1.939983	5.109619	17.189823	1.952297	5.111520	-18.890500	39.777300	25.000000
17.181321	1.939983	5.109619	17.104385	1.954301	5.113970	-18.890500	40.875000	25.000000
17.181321	1.939983	5.109619	17.144387	1.965967	5.108152	-18.890500	41.497200	25.000000
17.181321	1.939983	5.109619	17.227304	1.957684	5.111520	-18.890500	42.594900	25.000000
17.181321	1.939983	5.109619	17.144387	1.965967	5.108152	-18.890500	43.217100	25.000000
17.181321	1.939983	5.109619	17.147886	1.972209	5.102307	-18.890500	44.314800	25.000000
17.181321	1.939983	5.109619	17.267310	1.988202	5.102307	-18.890500	44.937000	25.000000
17.181321	1.939983	5.109619	17.142345	1.985056	5.104729	-18.890500	46.034700	25.000000
17.181321	1.939983	5.109619	16.994705	2.008280	5.091689	-18.890500	46.656800	25.000000
17.181321	1.939983	5.109619	17.289881	2.006681	5.084602	-18.890500	47.754500	25.000000
17.181321	1.939983	5.109619	17.336090	2.031033	5.060610	-18.890500	48.376700	25.000000
17.181321	1.939983	5.109619	17.102631	2.031274	5.079563	-18.890500	49.474400	25.000000
17.181321	1.939983	5.109619	17.242100	2.053280	5.032069	-18.890500	50.096600	25.000000
17.181321	1.939983	5.109619	17.168867	2.048944	5.046587	-18.890500	51.194300	25.000000
17.181321	1.939983	5.109619	17.298844	2.051563	5.023831	-18.890500	51.816500	25.000000
17.181321	1.939983	5.109619	17.199419	2.048023	5.011369	-18.890500	52.914200	25.000000
17.181321	1.939983	5.109619	17.073078	2.032133	4.990689	-18.890500	53.536400	25.000000
17.181321	1.939983	5.109619	17.298555	2.038575	5.001364	-18.890500	54.634100	25.000000
17.182181	1.939964	5.109595	17.036432	2.007135	5.001364	-18.890500	55.256300	25.000000
17.181321	1.939983	5.109619	17.356843	2.011244	4.989814	-18.890500	56.353900	25.000000
17.181321	1.939983	5.109619	17.027625	1.975208	5.024039	-18.890500	56.976100	25.000000
17.181321	1.939983	5.109619	17.355115	1.985960	5.006258	-18.890500	58.073800	25.000000
17.181321	1.939983	5.109619	17.323106	1.949212	5.047891	-18.890500	58.696000	25.000000
17.181321	1.939983	5.109619	16.949926	1.964360	5.044240	-18.890500	59.793700	25.000000
17.181321	1.939983	5.109619	17.123668	1.953847	5.066001	-18.890500	60.415900	25.000000
17.181321	1.939983	5.109619	17.325992	1.942943	5.073335	-18.890500	61.513600	25.000000
17.181321	1.939983	5.109619	17.149052	1.940711	5.083604	-18.890500	62.135800	25.000000
17.181321	1.939983	5.109619	17.217723	1.939165	5.095207	-18.890500	63.233500	25.000000
17.181321	1.939983	5.109619	17.131258	1.941114	5.097546	-18.890500	63.855600	25.000000
17.181681	1.939975	5.109676	17.189823	1.952297	5.111520	-18.030600	39.777300	25.000000
17.181681	1.939975	5.109676	17.275416	1.950310	5.109098	-18.030600	40.875000	25.000000
17.181681	1.939975	5.109676	17.154008	1.953134	5.105730	-18.030600	41.497200	25.000000
17.181681	1.939975	5.109676	17.227304	1.957684	5.111520	-18.030600	42.594900	25.000000
17.181681	1.939975	5.109676	17.191568	1.958531	5.105730	-18.030600	43.217100	25.000000
17.181681	1.939975	5.109676	17.109062	1.966828	5.102307	-18.030600	44.314800	25.000000
17.181681	1.939975	5.109676	17.233108	1.970110	5.099913	-18.030600	44.937000	25.000000
17.181681	1.939975	5.109676	17.113153	1.973070	5.096433	-18.030600	46.034700	25.000000
17.181681	1.939975	5.109676	17.243550	1.982476	5.088195	-18.030600	46.656800	25.000000
17.181681	1.939975	5.109676	17.158380	1.984645	5.090531	-18.030600	47.754500	25.000000
17.181681	1.939975	5.109676	17.173526	1.997011	5.078645	-18.030600	48.376700	25.000000
17.181681	1.939975	5.109676	17.258621	1.994773	5.076368	-18.030600	49.474400	25.000000
17.181681	1.939975	5.109676	17.119871	2.004863	5.060610	-18.030600	50.096600	25.000000
17.181681	1.939975	5.109676	17.151093	2.004019	5.066648	-18.030600	51.194300	25.000000
17.181681	1.939975	5.109676	17.188950	1.996604	5.044240	-18.030600	51.816500	25.000000
17.181681	1.939975	5.109676	17.174691	2.003384	5.052393	-18.030600	52.914200	25.000000
17.181681	1.939975	5.109676	17.223821	1.982977	5.048167	-18.030600	53.536400	25.000000
17.181681	1.939975	5.109676	17.147886	1.991293	5.044240	-18.030600	54.634100	25.000000
17.182541	1.939955	5.109652	17.318776	1.968024	5.044040	-18.030600	55.256300	25.000000
17.181681	1.939975	5.109676	17.119871	1.972903	5.062245	-18.030600	56.353900	25.000000
17.181681	1.939975	5.109676	17.248188	1.957191	5.063834	-18.030600	56.976100	25.000000
17.181681	1.939975	5.109676	17.107016	1.960551	5.074118	-18.030600	58.073800	25.000000
17.181681	1.939975	5.109676	17.151968	1.946906	5.077763	-18.030600	58.696000	25.000000
17.181681	1.939975	5.109676	17.185459	1.946136	5.083604	-18.030600	59.793700	25.000000
17.181681	1.939975	5.109676	17.183131	1.939942	5.089419	-18.030600	60.415900	25.000000
17.181681	1.939975	5.109676	17.183131	1.939942	5.089419	-18.030600	61.513600	25.000000
17.181681	1.939975	5.109676	17.131258	1.941114	5.097546	-18.030600	63.233500	25.000000
17.181681	1.939975	5.109676	17.131258	1.941114	5.097546	-18.030600	64.953300	25.000000
17.181321	1.939983	5.109619	17.189823	1.952297	5.111520	-17.170600	39.777300	25.000000
17.181321	1.939983	5.109619	17.154008	1.953134	5.105730	-17.170600	40.875000	25.000000
17.181321	1.939983	5.109619	17.277153	1.956509	5.103336	-17.170600	41.497200	25.000000
17.181321	1.939983	5.109619	17.189823	1.952297	5.111520	-17.170600	42.594900	25.000000
17.181321	1.939983	5.109619	17.191568	1.958531	5.105730	-17.170600	43.217100	25.000000
17.181321	1.939983	5.109619	17.191568	1.958531	5.105730	-17.170600	44.314800	25.000000
17.181321	1.939983	5.109619	17.156340	1.959370	5.099913	-17.170600	44.937000	25.000000
17.181321	1.939983	5.109619	17.245579	1.963521	5.091730	-17.170600	46.034700	25.000000
17.181321	1.939983	5.109619	17.198546	1.970959	5.094068	-17.170600	46.656800	25.000000
17.181321	1.939983	5.109619	17.198546	1.970959	5.094068	-17.170600	47.754500	25.000000
17.181321	1.939983	5.109619	17.164498	1.971798	5.088195	-17.170600	48.376700	25.000000
17.181321	1.939983	5.109619	17.164498	1.971798	5.088195	-17.170600	49.474400	25.000000
17.181321	1.939983	5.109619	17.216852	1.970509	5.080016	-17.170600	50.096600	25.000000
17.181321	1.939983	5.109619	17.097953	1.973448	5.076368	-17.170600	51.194300	25.000000
17.181321	1.939983	5.109619	17.216852	1.970509	5.080016	-17.170600	51.816500	25.000000
17.181321	1.939983	5.109619	17.231657	1.963855	5.071895	-17.170600	52.914200	25.000000
17.181321	1.939983	5.109619	17.231657	1.963855	5.071895	-17.170600	53.536400	25.000000
17.181321	1.939983	5.109619	17.140012	1.959760	5.080016	-17.170600	54.634100	25.000000
17.182181	1.939964	5.109595	17.102339	1.954349	5.080016	-17.170600	55.256300	25.000000
17.181321	1.939983	5.109619	17.222369	1.951539	5.083604	-17.170600	56.353900	25.000000
17.181321	1.939983	5.109619	17.133009	1.947343	5.091730	-17.170600	56.976100	25.000000
17.181321	1.939983	5.109619	17.185459	1.946136	5.083604	-17.170600	58.073800	25.000000
17.181321	1.939983	5.109619	17.183131	1.939942	5.089419	-17.170600	58.696000	25.000000
17.181321	1.939983	5.109619	17.217723	1.939165	5.095207	-17.170600	59.793700	25.000000
17.181321	1.939983	5.109619	17.167702	1.946544	5.097546	-17.170600	60.415900	25.000000
17.181321	1.939983	5.109619	17.189823	1.952297	5.111520	-16.310700	42.594900	25.000000
17.181321	1.939983	5.109619	17.154008	1.953134	5.105730	-16.310700	43.217100	25.000000
17.181321	1.939983	5.109619	17.277153	1.956509	5.103336	-16.310700	44.314800	25.000000
17.181321	1.939983	5.109619	17.118703	1.953964	5.099913	-16.310700	44.937000	25.000000
17.181321	1.939983	5.109619	17.242100	1.957334	5.097546	-16.310700	46.034700	25.000000
17.181321	1.939983	5.109619	17.156340	1.959370	5.099913	-16.310700	46.656800	25.000000
17.181321	1.939983	5.109619	17.242100	1.957334	5.097546	-16.310700	47.754500	25.000000
17.181321	1.939983	5.109619	17.121624	1.960200	5.094068	-16.310700	48.376700	25.000000
17.181321	1.939983	5.109619	17.121624	1.960200	5.094068	-16.310700	49.474400	25.000000
17.181321	1.939983	5.109619	17.170032	1.952759	5.091730	-16.310700	50.096600	25.000000
17.181321	1.939983	5.109619	17.207556	1.958152	5.091730	-16.310700	51.194300	25.000000
17.181321	1.939983	5.109619	17.207556	1.958152	5.091730	-16.310700	51.816500	25.000000
17.181321	1.939983	5.109619	17.170032	1.952759	5.091730	-16.310700	52.914200	25.000000
17.181321	1.939983	5.109619	17.170032	1.952759	5.091730	-16.310700	53.536400	25.000000
17.181321	1.939983	5.109619	17.133009	1.947343	5.091730	-16.310700	54.634100	25.000000
17.182181	1.939964	5.109595	17.167702	1.946544	5.097546	-16.310700	55.256300	25.000000
17.181321	1.939983	5.109619	17.253985	1.944572	5.095207	-16.310700	56.353900	25.000000
17.181321	1.939983	5.109619	17.253985	1.944572	5.095207	-16.310700	56.976100	25.000000
17.181681	1.939975	5.109676	17.239780	1.951134	5.103336	-15.450800	44.937000	25.000000
17.181681	1.939975	5.109676	17.239780	1.951134	5.103336	-15.450800	46.034700	25.000000
17.181681	1.939975	5.109676	17.118703	1.953964	5.099913	-15.450800	46.656800	25.000000
17.181681	1.939975	5.109676	17.118703	1.953964	5.099913	-15.450800	47.754500	25.000000
17.181681	1.939975	5.109676	17.167702	1.946544	5.097546	-15.450800	48.376700	25.000000
17.181681	1.939975	5.109676	17.204651	1.951951	5.097546	-15.450800	49.474400	25.000000
17.181681	1.939975	5.109676	17.167702	1.946544	5.097546	-15.450800	50.096600	25.000000
17.181681	1.939975	5.109676	17.081569	1.948534	5.099913	-15.450800	51.194300	25.000000
17.181681	1.939975	5.109676	17.167702	1.946544	5.097546	-15.450800	51.816500	25.000000
17.181681	1.939975	5.109676	17.131258	1.941114	5.097546	-15.450800	56.353900	25.000000
17.181321	1.939983	5.109619	17.239780	1.951134	5.103336	-14.590800	46.656800	25.000000
