8.152489	2.606032	0.785347	8.199390	2.617779	0.785398	-30.178000	-5.120820	25.000000
8.152489	2.606032	0.785347	8.199390	2.617779	0.785398	-28.458100	1.758710	25.000000
8.152237	2.606084	0.785568	8.199390	2.617779	0.785398	-27.598100	-26.857100	25.000000
8.151876	2.606159	0.785398	8.199390	2.617779	0.785398	-27.598100	-22.319600	25.000000
8.152598	2.606010	0.785398	8.063498	2.597714	0.768451	-26.738200	-11.378200	25.000000
8.152237	2.606084	0.785568	8.100000	2.590307	0.785398	-25.018300	-16.537800	25.000000
8.151876	2.606159	0.785398	8.063498	2.597714	0.768451	-25.018300	-13.098000	25.000000
8.151876	2.606159	0.785398	8.222530	2.589291	0.769006	-25.018300	-12.000300	25.000000
8.152237	2.606084	0.785568	8.222530	2.589291	0.769006	-25.018300	-11.378200	25.000000
8.152273	2.606077	0.785585	8.222530	2.589291	0.769006	-25.018300	-10.280500	25.000000
8.152598	2.606010	0.785398	8.199390	2.617779	0.785398	-24.158400	-25.137200	25.000000
8.152598	2.606010	0.785398	8.100000	2.590307	0.785398	-24.158400	-17.160000	25.000000
8.152598	2.606010	0.785398	8.063498	2.597714	0.768451	-24.158400	-15.440100	25.000000
8.152237	2.606084	0.785228	8.186574	2.596460	0.752077	-24.158400	-14.817900	25.000000
8.152237	2.606084	0.785228	8.100000	2.590307	0.785398	-24.158400	-13.720200	25.000000
8.152237	2.606084	0.785228	8.101234	2.590059	0.752077	-24.158400	-13.098000	25.000000
8.152237	2.606084	0.785228	8.222530	2.589291	0.769006	-24.158400	-12.000300	25.000000
8.152598	2.606010	0.785398	8.101234	2.590059	0.752077	-24.158400	-11.378200	25.000000
8.152634	2.606002	0.785415	8.186574	2.596460	0.752077	-24.158400	-10.280500	25.000000
8.152489	2.606032	0.785347	8.063498	2.597714	0.768451	-24.158400	-9.658280	25.000000
8.152489	2.606032	0.785347	8.063498	2.597714	0.768451	-24.158400	-8.560580	25.000000
8.152489	2.606032	0.785347	8.186574	2.596460	0.752077	-24.158400	-6.840700	25.000000
8.152489	2.606032	0.785347	8.186574	2.596460	0.752077	-24.158400	-6.218520	25.000000
8.152237	2.606084	0.785568	8.199390	2.617779	0.785398	-23.298400	-25.759400	25.000000
8.152237	2.606084	0.785568	8.063498	2.597714	0.768451	-23.298400	-19.977600	25.000000
8.152237	2.606084	0.785568	8.100000	2.590307	0.785398	-23.298400	-18.257700	25.000000
8.152237	2.606084	0.785568	8.100000	2.590307	0.785398	-23.298400	-16.537800	25.000000
8.152237	2.606084	0.785568	8.100000	2.590307	0.785398	-23.298400	-15.440100	25.000000
8.151876	2.606159	0.785398	8.137567	2.582844	0.769006	-23.298400	-14.817900	25.000000
8.151876	2.606159	0.785398	8.137567	2.582844	0.769006	-23.298400	-13.098000	25.000000
8.151876	2.606159	0.785398	8.176185	2.575335	0.753151	-23.298400	-12.000300	25.000000
8.152237	2.606084	0.785568	8.176185	2.575335	0.753151	-23.298400	-11.378200	25.000000
8.152273	2.606077	0.785585	8.101234	2.590059	0.752077	-23.298400	-10.280500	25.000000
8.152129	2.606107	0.785517	8.176185	2.575335	0.753151	-23.298400	-9.658280	25.000000
8.152129	2.606107	0.785517	8.186574	2.596460	0.752077	-23.298400	-8.560580	25.000000
8.152129	2.606107	0.785517	8.151687	2.603559	0.734594	-23.298400	-7.938400	25.000000
8.152129	2.606107	0.785517	8.186574	2.596460	0.752077	-23.298400	-6.840700	25.000000
8.152129	2.606107	0.785517	8.186574	2.596460	0.752077	-23.298400	-6.218520	25.000000
8.152598	2.606010	0.785398	8.101234	2.590059	0.752077	-22.438500	-16.537800	25.000000
8.152598	2.606010	0.785398	8.137567	2.582844	0.801790	-22.438500	-15.440100	25.000000
8.152237	2.606084	0.785228	8.213404	2.568246	0.769526	-22.438500	-14.817900	25.000000
8.152237	2.606084	0.785228	8.137567	2.582844	0.769006	-22.438500	-13.720200	25.000000
8.152237	2.606084	0.785228	8.132035	2.561112	0.737815	-22.438500	-13.098000	25.000000
8.152237	2.606084	0.785228	8.173127	2.553490	0.722979	-22.438500	-12.000300	25.000000
8.152598	2.606010	0.785398	8.173127	2.553490	0.722979	-22.438500	-11.378200	25.000000
8.152634	2.606002	0.785415	8.136953	2.560191	0.706199	-22.438500	-10.280500	25.000000
8.152489	2.606032	0.785347	8.185964	2.573458	0.688924	-22.438500	-9.658280	25.000000
8.152489	2.606032	0.785347	8.144937	2.581399	0.703614	-22.438500	-8.560580	25.000000
8.152489	2.606032	0.785347	8.104937	2.589317	0.718830	-22.438500	-7.938400	25.000000
8.152489	2.606032	0.785347	8.140025	2.582362	0.736257	-22.438500	-6.840700	25.000000
8.152489	2.606032	0.785347	8.101234	2.590059	0.752077	-22.438500	-6.218520	25.000000
8.152489	2.606032	0.785347	8.186574	2.596460	0.752077	-22.438500	-5.120820	25.000000
8.152237	2.606084	0.785228	8.100000	2.590307	0.785398	-21.578600	-21.697400	25.000000
8.152598	2.606010	0.785398	8.174962	2.575570	0.785398	-21.578600	-16.537800	25.000000
8.152598	2.606010	0.785398	8.213404	2.568246	0.801270	-21.578600	-15.440100	25.000000
8.152237	2.606084	0.785228	8.207923	2.547163	0.770015	-21.578600	-14.817900	25.000000
8.152237	2.606084	0.785228	8.127730	2.539829	0.739277	-21.578600	-13.720200	25.000000
8.152237	2.606084	0.785228	8.139410	2.516433	0.681298	-21.578600	-13.098000	25.000000
8.152237	2.606084	0.785228	8.215230	2.503756	0.713061	-21.578600	-12.000300	25.000000
8.152598	2.606010	0.785398	8.068457	2.507494	0.651869	-21.578600	-11.378200	25.000000
8.152634	2.606002	0.785415	8.232254	2.500971	0.655696	-21.578600	-10.280500	25.000000
8.152489	2.606032	0.785347	8.162108	2.533723	0.617756	-21.578600	-9.658280	25.000000
8.152489	2.606032	0.785347	8.230431	2.521892	0.651869	-21.578600	-8.560580	25.000000
8.152489	2.606032	0.785347	8.162108	2.578054	0.638914	-21.578600	-7.938400	25.000000
8.152489	2.606032	0.785347	8.179242	2.552370	0.691921	-21.578600	-6.840700	25.000000
8.152489	2.606032	0.785347	8.196341	2.594498	0.685730	-21.578600	-6.218520	25.000000
8.152489	2.606032	0.785347	8.151687	2.603559	0.734594	-21.578600	-5.120820	25.000000
8.152489	2.606032	0.785347	8.186574	2.596460	0.752077	-21.578600	-3.400930	25.000000
8.152489	2.606032	0.785347	8.077747	2.619101	0.767856	-21.578600	-2.778750	25.000000
8.152237	2.606084	0.785568	8.100000	2.590307	0.785398	-20.718600	-19.977600	25.000000
8.152237	2.606084	0.785568	8.100000	2.590307	0.785398	-20.718600	-18.879900	25.000000
8.152237	2.606084	0.785568	8.137567	2.582844	0.801790	-20.718600	-18.257700	25.000000
8.152237	2.606084	0.785568	8.174962	2.575570	0.785398	-20.718600	-17.160000	25.000000
8.152237	2.606084	0.785568	8.168231	2.554390	0.785398	-20.718600	-16.537800	25.000000
8.152237	2.606084	0.785568	8.046117	2.554762	0.769526	-20.718600	-15.440100	25.000000
8.151876	2.606159	0.785398	8.090117	2.503863	0.726642	-20.718600	-14.817900	25.000000
8.151876	2.606159	0.785398	8.268011	2.456038	0.758378	-20.718600	-13.720200	25.000000
8.151876	2.606159	0.785398	8.003749	2.399646	0.588003	-20.718600	-13.098000	25.000000
8.151876	2.606159	0.785398	8.331867	2.340779	0.666908	-20.718600	-12.000300	25.000000
8.152237	2.606084	0.785568	8.206095	2.305320	0.515073	-20.718600	-11.378200	25.000000
8.152273	2.606077	0.785585	8.070316	2.320620	0.493941	-20.718600	-10.280500	25.000000
8.152129	2.606107	0.785517	7.995930	2.382367	0.385567	-20.718600	-9.658280	25.000000
8.152129	2.606107	0.785517	8.290259	2.380004	0.507438	-20.718600	-8.560580	25.000000
8.152129	2.606107	0.785517	8.149730	2.514680	0.452423	-20.718600	-7.938400	25.000000
8.152129	2.606107	0.785517	8.169602	2.511330	0.590307	-20.718600	-6.840700	25.000000
8.152129	2.606107	0.785517	8.237718	2.563691	0.643501	-20.718600	-6.218520	25.000000
8.152129	2.606107	0.785517	8.173738	2.599055	0.634023	-20.718600	-5.120820	25.000000
8.152129	2.606107	0.785517	8.151687	2.603559	0.734594	-20.718600	-4.498630	25.000000
8.152129	2.606107	0.785517	8.190238	2.595723	0.718830	-20.718600	-3.400930	25.000000
8.152129	2.606107	0.785517	8.151687	2.603559	0.734594	-20.718600	-1.681050	25.000000
8.152598	2.606010	0.785398	8.199390	2.617779	0.785398	-19.858700	-24.039500	25.000000
8.152598	2.606010	0.785398	8.100000	2.590307	0.785398	-19.858700	-19.977600	25.000000
8.152598	2.606010	0.785398	8.137567	2.582844	0.801790	-19.858700	-18.257700	25.000000
8.152598	2.606010	0.785398	8.090735	2.568942	0.785398	-19.858700	-17.160000	25.000000
8.152598	2.606010	0.785398	8.125269	2.540270	0.770015	-19.858700	-16.537800	25.000000
8.152598	2.606010	0.785398	8.170067	2.490772	0.785398	-19.858700	-15.440100	25.000000
8.152237	2.606084	0.785228	8.242572	2.269209	0.706908	-19.858700	-14.817900	25.000000
8.152237	2.606084	0.785228	8.010618	2.417357	0.745419	-19.858700	-13.720200	25.000000
8.152237	2.606084	0.785228	8.623804	2.053113	0.646119	-19.858700	-13.098000	25.000000
8.152237	2.606084	0.785228	7.758866	1.967797	0.463648	-19.858700	-12.000300	25.000000
8.152598	2.606010	0.785398	7.841556	1.963380	0.352309	-19.858700	-11.378200	25.000000
8.152634	2.606002	0.785415	8.502353	2.101039	0.451453	-19.858700	-10.280500	25.000000
8.152489	2.606032	0.785347	8.181986	2.243778	0.306428	-19.858700	-9.658280	25.000000
8.152489	2.606032	0.785347	8.128721	2.249013	0.270270	-19.858700	-8.560580	25.000000
8.152489	2.606032	0.785347	8.054074	2.322500	0.363147	-19.858700	-7.938400	25.000000
8.152489	2.606032	0.785347	8.241608	2.368680	0.137719	-19.858700	-6.840700	25.000000
8.152489	2.606032	0.785347	8.243719	2.519636	0.506492	-19.858700	-6.218520	25.000000
8.152489	2.606032	0.785347	8.090834	2.592152	0.503880	-19.858700	-5.120820	25.000000
8.152489	2.606032	0.785347	8.124038	2.609289	0.682317	-19.858700	-4.498630	25.000000
8.152489	2.606032	0.785347	8.163945	2.601048	0.667306	-19.858700	-3.400930	25.000000
8.152489	2.606032	0.785347	8.114185	2.611355	0.750929	-19.858700	-2.778750	25.000000
8.152489	2.606032	0.785347	8.186574	2.596460	0.752077	-19.858700	-1.681050	25.000000
8.152489	2.606032	0.785347	8.199390	2.617779	0.785398	-19.858700	5.820650	25.000000
8.151876	2.606159	0.785398	8.199390	2.617779	0.785398	-18.998700	-29.199100	25.000000
8.152237	2.606084	0.785568	8.100000	2.590307	0.785398	-18.998700	-18.879900	25.000000
8.152237	2.606084	0.785568	8.213404	2.568246	0.801270	-18.998700	-18.257700	25.000000
8.152237	2.606084	0.785568	8.207923	2.547163	0.800782	-18.998700	-17.160000	25.000000
8.152237	2.606084	0.785568	8.129576	2.419383	0.785398	-18.998700	-16.537800	25.000000
8.152237	2.606084	0.785568	8.215838	2.483491	0.827627	-18.998700	-15.440100	25.000000
8.151876	2.606159	0.785398	7.798077	2.217693	0.785398	-18.998700	-14.817900	25.000000
8.151876	2.606159	0.785398	8.430302	1.998925	0.693069	-18.998700	-13.720200	25.000000
8.151876	2.606159	0.785398	7.973707	2.481763	0.536911	-18.998700	-13.098000	25.000000
8.151876	2.606159	0.785398	8.286133	2.554792	1.283515	-18.998700	-12.000300	25.000000
8.152237	2.606084	0.785568	8.190245	2.698695	1.495283	-18.998700	-11.378200	25.000000
8.152273	2.606077	0.785585	8.102048	2.787710	1.644875	-18.998700	-10.280500	25.000000
8.152129	2.606107	0.785517	8.033387	2.775139	2.457085	-18.998700	-9.658280	25.000000
8.152129	2.606107	0.785517	8.336834	2.856362	2.458863	-18.998700	-8.560580	25.000000
8.152129	2.606107	0.785517	9.316142	2.388995	0.726512	-18.998700	-7.938400	25.000000
8.152129	2.606107	0.785517	6.738583	3.034531	1.403365	-18.998700	-6.840700	25.000000
8.152129	2.606107	0.785517	8.237044	2.541953	0.144635	-18.998700	-6.218520	25.000000
8.152129	2.606107	0.785517	8.208538	2.390504	0.269227	-18.998700	-5.120820	25.000000
8.152129	2.606107	0.785517	8.183984	2.596982	0.556599	-18.998700	-4.498630	25.000000
8.152129	2.606107	0.785517	8.141922	2.605572	0.654083	-18.998700	-3.400930	25.000000
8.152129	2.606107	0.785517	8.117881	2.610578	0.716542	-18.998700	-2.778750	25.000000
8.152129	2.606107	0.785517	8.117881	2.610578	0.716542	-18.998700	-1.681050	25.000000
8.152598	2.606010	0.785398	8.199390	2.617779	0.785398	-18.138800	-28.577000	25.000000
8.152237	2.606084	0.785228	8.063498	2.597714	0.802346	-18.138800	-21.697400	25.000000
8.152598	2.606010	0.785398	8.137567	2.582844	0.801790	-18.138800	-19.977600	25.000000
8.152598	2.606010	0.785398	8.222530	2.589291	0.801790	-18.138800	-18.879900	25.000000
8.152598	2.606010	0.785398	8.166395	2.532969	0.815692	-18.138800	-18.257700	25.000000
8.152598	2.606010	0.785398	8.129576	2.561573	0.801270	-18.138800	-17.160000	25.000000
8.152598	2.606010	0.785398	8.259540	2.299491	0.842806	-18.138800	-16.537800	25.000000
8.152598	2.606010	0.785398	8.041766	2.431866	0.839400	-18.138800	-15.440100	25.000000
8.152237	2.606084	0.785228	8.209750	2.136427	0.805803	-18.138800	-14.817900	25.000000
8.152237	2.606084	0.785228	8.181076	2.489007	0.699893	-18.138800	-13.720200	25.000000
8.152237	2.606084	0.785228	8.512867	2.369658	3.254668	-18.138800	-13.098000	25.000000
8.152237	2.606084	0.785228	7.715731	3.077726	4.294165	-18.138800	-12.000300	25.000000
8.152598	2.606010	0.785398	7.765307	2.157651	2.587911	-18.138800	-11.378200	25.000000
8.152634	2.606002	0.785415	8.528189	2.112896	2.806856	-18.138800	-10.280500	25.000000
8.152489	2.606032	0.785347	7.832375	2.034052	3.097336	-18.138800	-9.658280	25.000000
8.152489	2.606032	0.785347	8.469953	1.996790	2.812872	-18.138800	-8.560580	25.000000
8.152489	2.606032	0.785347	6.655073	2.253764	2.591207	-18.138800	-7.938400	25.000000
8.152489	2.606032	0.785347	9.415413	2.009576	2.113228	-18.138800	-6.840700	25.000000
8.152489	2.606032	0.785347	8.329616	2.505392	0.318556	-18.138800	-6.218520	25.000000
8.152489	2.606032	0.785347	7.918232	2.511989	0.496266	-18.138800	-5.120820	25.000000
8.152489	2.606032	0.785347	8.161648	2.601517	0.378294	-18.138800	-4.498630	25.000000
8.152489	2.606032	0.785347	8.116625	2.586985	0.524370	-18.138800	-3.400930	25.000000
8.152489	2.606032	0.785347	8.117881	2.610578	0.716542	-18.138800	-2.778750	25.000000
8.152489	2.606032	0.785347	8.124038	2.609289	0.682317	-18.138800	-1.681050	25.000000
8.152475	2.606035	0.785340	8.164558	2.625213	0.767856	-18.138800	-1.058870	25.000000
8.152485	2.606033	0.785345	8.200610	2.617522	0.750929	-18.138800	0.038827	25.000000
8.152237	2.606084	0.785228	8.222530	2.589291	0.801790	-17.278900	-21.697400	25.000000
8.152237	2.606084	0.785228	8.100000	2.590307	0.785398	-17.278900	-20.599700	25.000000
8.152598	2.606010	0.785398	8.222530	2.589291	0.801790	-17.278900	-19.977600	25.000000
8.152598	2.606010	0.785398	8.137567	2.582844	0.801790	-17.278900	-18.879900	25.000000
8.152598	2.606010	0.785398	8.252272	2.539259	0.845930	-17.278900	-18.257700	25.000000
8.152598	2.606010	0.785398	8.127115	2.518532	0.830144	-17.278900	-17.160000	25.000000
8.152598	2.606010	0.785398	7.431016	2.273052	0.860258	-17.278900	-16.537800	25.000000
8.152598	2.606010	0.785398	8.820998	2.173448	0.971344	-17.278900	-15.440100	25.000000
8.152237	2.606084	0.785228	7.432362	2.663792	5.924415	-17.278900	-14.817900	25.000000
8.152237	2.606084	0.785228	8.733413	2.539973	0.892896	-17.278900	-13.720200	25.000000
8.152237	2.606084	0.785228	8.817029	1.718778	3.605240	-17.278900	-13.098000	25.000000
8.152237	2.606084	0.785228	7.237403	2.352758	4.595280	-17.278900	-12.000300	25.000000
8.152598	2.606010	0.785398	8.990250	1.358988	2.998891	-17.278900	-11.378200	25.000000
8.152634	2.606002	0.785415	7.284847	1.428932	3.084710	-17.278900	-10.280500	25.000000
8.152489	2.606032	0.785347	7.919545	1.362204	3.030365	-17.278900	-9.658280	25.000000
8.152489	2.606032	0.785347	8.327455	1.421335	2.746428	-17.278900	-8.560580	25.000000
8.152489	2.606032	0.785347	7.787612	1.489810	2.237489	-17.278900	-7.938400	25.000000
8.152489	2.606032	0.785347	8.531008	1.284398	2.573926	-17.278900	-6.840700	25.000000
8.152489	2.606032	0.785347	6.977105	2.047264	1.570796	-17.278900	-6.218520	25.000000
8.152489	2.606032	0.785347	9.114275	2.499662	0.240534	-17.278900	-5.120820	25.000000
8.152489	2.606032	0.785347	8.111819	2.521161	0.222349	-17.278900	-4.498630	25.000000
8.152489	2.606032	0.785347	8.161648	2.625841	0.112029	-17.278900	-3.400930	25.000000
8.152489	2.606032	0.785347	8.093633	2.615702	0.622825	-17.278900	-2.778750	25.000000
8.152489	2.606032	0.785347	8.159265	2.626357	0.690280	-17.278900	-1.681050	25.000000
8.152475	2.606035	0.785340	8.151687	2.603559	0.734594	-17.278900	-1.058870	25.000000
8.152485	2.606033	0.785345	8.114185	2.611355	0.750929	-17.278900	0.038827	25.000000
8.152489	2.606032	0.785347	8.199390	2.617779	0.785398	-17.278900	3.478590	25.000000
8.151876	2.606159	0.785398	8.137567	2.582844	0.801790	-16.418900	-21.697400	25.000000
8.151876	2.606159	0.785398	8.137567	2.582844	0.801790	-16.418900	-20.599700	25.000000
8.152237	2.606084	0.785568	8.137567	2.582844	0.801790	-16.418900	-19.977600	25.000000
8.152237	2.606084	0.785568	8.176185	2.575335	0.817645	-16.418900	-18.879900	25.000000
8.152237	2.606084	0.785568	7.925907	2.510662	0.845930	-16.418900	-18.257700	25.000000
8.152237	2.606084	0.785568	8.302409	2.530531	0.889498	-16.418900	-17.160000	25.000000
8.152237	2.606084	0.785568	7.968689	2.201618	0.995724	-16.418900	-16.537800	25.000000
8.152237	2.606084	0.785568	8.315648	1.927023	0.986352	-16.418900	-15.440100	25.000000
8.151876	2.606159	0.785398	6.918208	2.443539	5.948633	-16.418900	-14.817900	25.000000
8.151876	2.606159	0.785398	9.161070	3.026062	5.142151	-16.418900	-13.720200	25.000000
8.151876	2.606159	0.785398	2.467104	2.719921	4.851485	-16.418900	-13.098000	25.000000
8.151876	2.606159	0.785398	11.016580	1.407774	4.488831	-16.418900	-12.000300	25.000000
8.152237	2.606084	0.785568	7.628401	0.820763	3.460510	-16.418900	-11.378200	25.000000
8.152273	2.606077	0.785585	8.644472	0.737194	3.337301	-16.418900	-10.280500	25.000000
8.152129	2.606107	0.785517	8.339161	0.912750	2.839974	-16.418900	-9.658280	25.000000
8.152129	2.606107	0.785517	7.982080	0.956613	2.738311	-16.418900	-8.560580	25.000000
8.152129	2.606107	0.785517	7.454529	1.020228	2.062606	-16.418900	-7.938400	25.000000
8.152129	2.606107	0.785517	8.798864	0.895561	2.407695	-16.418900	-6.840700	25.000000
8.152129	2.606107	0.785517	2.947694	2.823696	0.449086	-16.418900	-6.218520	25.000000
8.152129	2.606107	0.785517	11.004731	2.002041	1.287962	-16.418900	-5.120820	25.000000
8.152129	2.606107	0.785517	7.962300	2.570786	0.031385	-16.418900	-4.498630	25.000000
8.152129	2.606107	0.785517	8.358087	2.585789	6.216014	-16.418900	-3.400930	25.000000
8.152129	2.606107	0.785517	8.123183	2.634256	0.625257	-16.418900	-2.778750	25.000000
8.152129	2.606107	0.785517	8.152570	2.627809	0.557541	-16.418900	-1.681050	25.000000
8.152114	2.606110	0.785510	8.151687	2.603559	0.734594	-16.418900	-1.058870	25.000000
8.152125	2.606108	0.785515	8.114185	2.611355	0.750929	-16.418900	0.038827	25.000000
8.152129	2.606107	0.785517	8.200610	2.617522	0.750929	-16.418900	1.758710	25.000000
8.152237	2.606084	0.785228	8.199390	2.617779	0.785398	-15.559000	-29.199100	25.000000
8.152237	2.606084	0.785228	8.186574	2.596460	0.818719	-15.559000	-21.697400	25.000000
8.152237	2.606084	0.785228	8.063498	2.597714	0.802346	-15.559000	-20.599700	25.000000
8.152598	2.606010	0.785398	8.137567	2.582844	0.801790	-15.559000	-19.977600	25.000000
8.152598	2.606010	0.785398	8.140025	2.582362	0.834539	-15.559000	-18.879900	25.000000
8.152598	2.606010	0.785398	8.312641	2.508162	0.915101	-15.559000	-18.257700	25.000000
8.152598	2.606010	0.785398	7.970571	2.503031	0.859887	-15.559000	-17.160000	25.000000
8.152598	2.606010	0.785398	8.677557	2.143168	1.070356	-15.559000	-16.537800	25.000000
8.152598	2.606010	0.785398	7.658982	2.016249	1.022933	-15.559000	-15.440100	25.000000
8.152237	2.606084	0.785228	7.401365	2.563824	1.697299	-15.559000	-14.817900	25.000000
8.152237	2.606084	0.785228	8.579679	2.313139	4.628460	-15.559000	-13.720200	25.000000
8.152237	2.606084	0.785228	8.220669	2.201826	5.077508	-15.559000	-13.098000	25.000000
8.152237	2.606084	0.785228	7.685083	0.717567	4.394393	-15.559000	-12.000300	25.000000
8.152598	2.606010	0.785398	8.413234	0.414731	4.062988	-15.559000	-11.378200	25.000000
8.152634	2.606002	0.785415	7.928310	0.540044	4.174073	-15.559000	-10.280500	25.000000
8.152489	2.606032	0.785347	8.209750	0.501201	2.609869	-15.559000	-9.658280	25.000000
8.152489	2.606032	0.785347	8.165715	0.516629	2.573532	-15.559000	-8.560580	25.000000
8.152489	2.606032	0.785347	6.853466	0.709419	1.842942	-15.559000	-7.938400	25.000000
8.152489	2.606032	0.785347	9.336536	0.785690	1.963957	-15.559000	-6.840700	25.000000
8.152489	2.606032	0.785347	4.589347	1.828580	1.963438	-15.559000	-6.218520	25.000000
8.152489	2.606032	0.785347	10.528206	1.728167	1.433320	-15.559000	-5.120820	25.000000
8.152489	2.606032	0.785347	8.679407	2.452687	1.019498	-15.559000	-4.498630	25.000000
8.152489	2.606032	0.785347	7.569339	2.874026	0.774798	-15.559000	-3.400930	25.000000
8.152489	2.606032	0.785347	8.106966	2.664046	0.482853	-15.559000	-2.778750	25.000000
8.152489	2.606032	0.785347	8.251666	2.631196	0.519146	-15.559000	-1.681050	25.000000
8.152475	2.606035	0.785340	8.080223	2.618569	0.732815	-15.559000	-1.058870	25.000000
8.152485	2.606033	0.785345	8.204267	2.616751	0.716542	-15.559000	0.038827	25.000000
8.152486	2.606033	0.785345	8.114185	2.611355	0.750929	-15.559000	0.661008	25.000000
8.152489	2.606032	0.785347	8.199390	2.617779	0.785398	-15.559000	4.100770	25.000000
8.151876	2.606159	0.785398	8.137567	2.582844	0.801790	-14.699000	-21.697400	25.000000
8.151876	2.606159	0.785398	8.063498	2.597714	0.802346	-14.699000	-20.599700	25.000000
8.152237	2.606084	0.785568	8.052950	2.576261	0.801790	-14.699000	-19.977600	25.000000
8.152237	2.606084	0.785568	8.176185	2.575335	0.817645	-14.699000	-18.879900	25.000000
8.152237	2.606084	0.785568	8.249848	2.478177	0.939106	-14.699000	-18.257700	25.000000
8.152237	2.606084	0.785568	7.978095	2.501761	0.889498	-14.699000	-17.160000	25.000000
8.152237	2.606084	0.785568	8.402381	2.178845	1.055247	-14.699000	-16.537800	25.000000
8.152237	2.606084	0.785568	7.953616	2.187505	1.072680	-14.699000	-15.440100	25.000000
8.151876	2.606159	0.785398	6.049173	2.434778	1.757708	-14.699000	-14.817900	25.000000
8.151876	2.606159	0.785398	9.326805	1.967071	4.505192	-14.699000	-13.720200	25.000000
8.151876	2.606159	0.785398	10.076626	1.393218	4.651857	-14.699000	-13.098000	25.000000
8.151876	2.606159	0.785398	5.383540	1.045431	3.658076	-14.699000	-12.000300	25.000000
8.152237	2.606084	0.785568	8.300873	0.382824	4.690779	-14.699000	-11.378200	25.000000
8.152273	2.606077	0.785585	7.918066	0.486330	4.691851	-14.699000	-10.280500	25.000000
8.152129	2.606107	0.785517	8.181748	0.211171	1.341375	-14.699000	-9.658280	25.000000
8.152129	2.606107	0.785517	8.083514	0.309270	1.256758	-14.699000	-8.560580	25.000000
8.152129	2.606107	0.785517	8.617424	0.733731	1.414194	-14.699000	-7.938400	25.000000
8.152129	2.606107	0.785517	7.663061	0.533023	1.350735	-14.699000	-6.840700	25.000000
8.152129	2.606107	0.785517	8.050068	1.657862	1.640682	-14.699000	-6.218520	25.000000
8.152129	2.606107	0.785517	8.268446	1.112248	1.632879	-14.699000	-5.120820	25.000000
8.152129	2.606107	0.785517	8.840752	1.953329	1.550068	-14.699000	-4.498630	25.000000
8.152129	2.606107	0.785517	7.316345	2.695384	0.459398	-14.699000	-3.400930	25.000000
8.152129	2.606107	0.785517	8.210780	2.666117	0.373095	-14.699000	-2.778750	25.000000
8.152129	2.606107	0.785517	8.061017	2.675181	0.426627	-14.699000	-1.681050	25.000000
8.152114	2.606110	0.785510	8.171903	2.623632	0.697903	-14.699000	-1.058870	25.000000
8.152125	2.606108	0.785515	8.134494	2.631760	0.714091	-14.699000	0.038827	25.000000
8.152129	2.606107	0.785517	8.164558	2.625213	0.767856	-14.699000	1.758710	25.000000
8.152129	2.606107	0.785517	8.199390	2.617779	0.785398	-14.699000	2.380890	25.000000
8.152129	2.606107	0.785517	8.199390	2.617779	0.785398	-14.699000	4.100770	25.000000
8.152237	2.606084	0.785228	8.101234	2.590059	0.818719	-13.839100	-20.599700	25.000000
8.152598	2.606010	0.785398	8.215838	2.567787	0.832981	-13.839100	-19.977600	25.000000
8.152598	2.606010	0.785398	8.137567	2.582844	0.801790	-13.839100	-18.879900	25.000000
8.152598	2.606010	0.785398	7.988116	2.500078	0.918927	-13.839100	-18.257700	25.000000
8.152598	2.606010	0.785398	8.293371	2.491151	0.955176	-13.839100	-17.160000	25.000000
8.152598	2.606010	0.785398	8.394046	2.108620	1.156797	-13.839100	-16.537800	25.000000
8.152598	2.606010	0.785398	7.837091	2.091665	1.113728	-13.839100	-15.440100	25.000000
8.152237	2.606084	0.785228	9.602505	1.561424	4.733219	-13.839100	-14.817900	25.000000
8.152237	2.606084	0.785228	5.499245	2.609873	0.655696	-13.839100	-13.720200	25.000000
8.152237	2.606084	0.785228	10.184896	0.891325	4.536035	-13.839100	-13.098000	25.000000
8.152237	2.606084	0.785228	5.506687	0.905323	4.465171	-13.839100	-12.000300	25.000000
8.152598	2.606010	0.785398	7.655880	0.383417	4.841941	-13.839100	-11.378200	25.000000
8.152634	2.606002	0.785415	8.689148	0.209035	5.493866	-13.839100	-10.280500	25.000000
8.152489	2.606032	0.785347	8.702873	0.709987	0.710538	-13.839100	-9.658280	25.000000
8.152489	2.606032	0.785347	7.648529	0.555121	0.408149	-13.839100	-8.560580	25.000000
8.152489	2.606032	0.785347	8.697701	0.743910	0.701260	-13.839100	-7.938400	25.000000
8.152489	2.606032	0.785347	7.547185	0.558599	0.927295	-13.839100	-6.840700	25.000000
8.152489	2.606032	0.785347	9.537526	1.126435	1.409848	-13.839100	-6.218520	25.000000
8.152489	2.606032	0.785347	6.582712	1.080451	1.378467	-13.839100	-5.120820	25.000000
8.152489	2.606032	0.785347	9.807140	2.619376	0.713061	-13.839100	-4.498630	25.000000
8.152489	2.606032	0.785347	5.611595	1.427747	1.163540	-13.839100	-3.400930	25.000000
8.152489	2.606032	0.785347	8.151202	2.708904	0.263429	-13.839100	-2.778750	25.000000
8.152489	2.606032	0.785347	8.136953	2.712711	0.331096	-13.839100	-1.681050	25.000000
8.152475	2.606035	0.785340	8.134494	2.631760	0.714091	-13.839100	-1.058870	25.000000
8.152485	2.606033	0.785345	8.190849	2.644620	0.694738	-13.839100	0.038827	25.000000
8.152486	2.606033	0.785345	8.114185	2.611355	0.750929	-13.839100	0.661008	25.000000
8.152489	2.606032	0.785347	8.164558	2.625213	0.767856	-13.839100	1.758710	25.000000
8.152598	2.606010	0.785398	8.224962	2.588812	0.834539	-12.979200	-19.977600	25.000000
8.152598	2.606010	0.785398	8.055433	2.575775	0.834539	-12.979200	-18.879900	25.000000
8.152598	2.606010	0.785398	8.033057	2.513511	0.935770	-12.979200	-18.257700	25.000000
8.152598	2.606010	0.785398	8.290356	2.511831	0.960070	-12.979200	-17.160000	25.000000
8.152598	2.606010	0.785398	8.042444	2.007282	1.288539	-12.979200	-16.537800	25.000000
8.152598	2.606010	0.785398	8.193223	2.094873	1.236117	-12.979200	-15.440100	25.000000
8.152237	2.606084	0.785228	7.750645	2.668687	0.654832	-12.979200	-14.817900	25.000000
8.152237	2.606084	0.785228	8.147171	1.435367	5.627792	-12.979200	-13.720200	25.000000
8.152237	2.606084	0.785228	8.290356	0.688844	5.700446	-12.979200	-13.098000	25.000000
8.152237	2.606084	0.785228	7.965551	1.157391	5.212830	-12.979200	-12.000300	25.000000
8.152598	2.606010	0.785398	7.864280	0.413968	6.082690	-12.979200	-11.378200	25.000000
8.152634	2.606002	0.785415	8.382273	0.374925	6.069817	-12.979200	-10.280500	25.000000
8.152489	2.606032	0.785347	8.162108	0.762875	0.647047	-12.979200	-9.658280	25.000000
8.152489	2.606032	0.785347	8.144937	0.686472	0.799096	-12.979200	-8.560580	25.000000
8.152489	2.606032	0.785347	8.395481	0.626713	0.465464	-12.979200	-7.938400	25.000000
8.152489	2.606032	0.785347	7.766235	0.602220	0.571611	-12.979200	-6.840700	25.000000
8.152489	2.606032	0.785347	6.908690	1.056257	0.750119	-12.979200	-6.218520	25.000000
8.152489	2.606032	0.785347	9.148224	1.248230	1.117458	-12.979200	-5.120820	25.000000
8.152489	2.606032	0.785347	5.728001	1.605720	0.338324	-12.979200	-4.498630	25.000000
8.152489	2.606032	0.785347	9.956405	2.633778	0.902507	-12.979200	-3.400930	25.000000
8.152489	2.606032	0.785347	8.136117	2.743535	0.184958	-12.979200	-2.778750	25.000000
8.152489	2.606032	0.785347	8.273385	2.735340	0.206394	-12.979200	-1.681050	25.000000
8.152475	2.606035	0.785340	8.190849	2.644620	0.694738	-12.979200	-1.058870	25.000000
8.152485	2.606033	0.785345	8.190849	2.644620	0.694738	-12.979200	0.038827	25.000000
8.152486	2.606033	0.785345	8.200610	2.617522	0.750929	-12.979200	0.661008	25.000000
8.152489	2.606032	0.785347	8.164558	2.625213	0.767856	-12.979200	1.758710	25.000000
8.152489	2.606032	0.785347	8.199390	2.617779	0.785398	-12.979200	6.918350	25.000000
8.152237	2.606084	0.785568	8.065978	2.597206	0.836202	-12.119200	-19.977600	25.000000
8.152237	2.606084	0.785568	8.224962	2.588812	0.834539	-12.119200	-18.879900	25.000000
8.152237	2.606084	0.785568	8.022468	2.536922	0.909753	-12.119200	-18.257700	25.000000
8.152237	2.606084	0.785568	8.290356	2.511831	0.960070	-12.119200	-17.160000	25.000000
8.152237	2.606084	0.785568	7.868316	2.195212	1.330377	-12.119200	-16.537800	25.000000
8.152237	2.606084	0.785568	8.416626	2.192205	1.252743	-12.119200	-15.440100	25.000000
8.151876	2.606159	0.785398	4.219005	1.570796	6.188234	-12.119200	-14.817900	25.000000
8.151876	2.606159	0.785398	10.482843	2.227515	4.869617	-12.119200	-13.720200	25.000000
8.151876	2.606159	0.785398	9.284934	1.101403	5.455078	-12.119200	-13.098000	25.000000
8.151876	2.606159	0.785398	6.833740	1.099960	5.768112	-12.119200	-12.000300	25.000000
8.152237	2.606084	0.785568	8.570671	0.727660	6.269151	-12.119200	-11.378200	25.000000
8.152273	2.606077	0.785585	7.784600	0.649404	6.069125	-12.119200	-10.280500	25.000000
8.152129	2.606107	0.785517	8.425556	0.651459	0.868539	-12.119200	-9.658280	25.000000
8.152129	2.606107	0.785517	7.823682	0.490839	0.862170	-12.119200	-8.560580	25.000000
8.152129	2.606107	0.785517	7.637408	0.577224	0.528074	-12.119200	-7.938400	25.000000
8.152129	2.606107	0.785517	8.538150	0.498270	0.942000	-12.119200	-6.840700	25.000000
8.152129	2.606107	0.785517	8.658522	0.997008	1.020943	-12.119200	-6.218520	25.000000
8.152129	2.606107	0.785517	7.705193	1.348336	1.130954	-12.119200	-5.120820	25.000000
8.152129	2.606107	0.785517	2.829859	2.461356	5.817025	-12.119200	-4.498630	25.000000
8.152129	2.606107	0.785517	10.943350	2.055602	1.376439	-12.119200	-3.400930	25.000000
8.152129	2.606107	0.785517	8.148061	2.772728	0.160672	-12.119200	-2.778750	25.000000
8.152129	2.606107	0.785517	8.052633	2.768961	0.147203	-12.119200	-1.681050	25.000000
8.152114	2.606110	0.785510	8.160907	2.651427	0.715402	-12.119200	-1.058870	25.000000
8.152125	2.606108	0.785515	8.133566	2.657764	0.697446	-12.119200	0.038827	25.000000
8.152125	2.606107	0.785515	8.114185	2.611355	0.750929	-12.119200	0.661008	25.000000
8.152129	2.606107	0.785517	8.200610	2.617522	0.750929	-12.119200	1.758710	25.000000
8.152129	2.606107	0.785517	8.199390	2.617779	0.785398	-12.119200	3.478590	25.000000
8.152598	2.606010	0.785398	8.186574	2.596460	0.818719	-11.259300	-19.977600	25.000000
8.152598	2.606010	0.785398	8.101234	2.590059	0.818719	-11.259300	-18.879900	25.000000
8.152598	2.606010	0.785398	8.000625	2.540885	0.958259	-11.259300	-18.257700	25.000000
8.152598	2.606010	0.785398	8.315047	2.549583	0.922985	-11.259300	-17.160000	25.000000
8.152598	2.606010	0.785398	7.554892	2.242236	1.300392	-11.259300	-16.537800	25.000000
8.152598	2.606010	0.785398	8.785334	2.261949	1.287829	-11.259300	-15.440100	25.000000
8.152237	2.606084	0.785228	11.176319	2.085310	4.973322	-11.259300	-14.817900	25.000000
8.152237	2.606084	0.785228	1.360147	1.869295	3.536384	-11.259300	-13.720200	25.000000
8.152237	2.606084	0.785228	5.835950	1.293077	4.778702	-11.259300	-13.098000	25.000000
8.152237	2.606084	0.785228	9.878133	0.692932	4.655767	-11.259300	-12.000300	25.000000
8.152598	2.606010	0.785398	7.807881	0.362670	5.359500	-11.259300	-11.378200	25.000000
8.152634	2.606002	0.785415	8.488545	0.340923	5.627705	-11.259300	-10.280500	25.000000
8.152489	2.606032	0.785347	8.434453	0.547859	0.849825	-11.259300	-9.658280	25.000000
8.152489	2.606032	0.785347	7.880355	0.529806	0.678662	-11.259300	-8.560580	25.000000
8.152489	2.606032	0.785347	7.867655	0.501196	0.916714	-11.259300	-7.938400	25.000000
8.152489	2.606032	0.785347	8.355238	0.555254	0.688924	-11.259300	-6.840700	25.000000
8.152489	2.606032	0.785347	9.016784	0.842732	1.373401	-11.259300	-6.218520	25.000000
8.152489	2.606032	0.785347	7.111287	1.119729	1.567671	-11.259300	-5.120820	25.000000
8.152489	2.606032	0.785347	11.124212	2.007000	1.380209	-11.259300	-4.498630	25.000000
8.152489	2.606032	0.785347	1.392839	2.609111	4.854286	-11.259300	-3.400930	25.000000
8.152489	2.606032	0.785347	8.203048	2.789565	0.141897	-11.259300	-2.778750	25.000000
8.152489	2.606032	0.785347	8.184717	2.795713	0.232742	-11.259300	-1.681050	25.000000
8.152475	2.606035	0.785340	8.151693	2.653549	0.709478	-11.259300	-1.058870	25.000000
8.152485	2.606033	0.785345	8.054291	2.649863	0.703492	-11.259300	0.038827	25.000000
8.152486	2.606033	0.785345	8.200610	2.617522	0.750929	-11.259300	0.661008	25.000000
8.152489	2.606032	0.785347	8.200610	2.617522	0.750929	-11.259300	1.758710	25.000000
8.152237	2.606084	0.785568	8.151687	2.603559	0.836202	-10.399300	-19.977600	25.000000
8.152237	2.606084	0.785568	8.101234	2.590059	0.818719	-10.399300	-18.879900	25.000000
8.152237	2.606084	0.785568	8.110487	2.565175	0.913721	-10.399300	-18.257700	25.000000
8.152237	2.606084	0.785568	8.228001	2.565504	0.896055	-10.399300	-17.160000	25.000000
8.152237	2.606084	0.785568	7.335946	2.302239	1.328483	-10.399300	-16.537800	25.000000
8.152237	2.606084	0.785568	8.894358	2.326537	1.279340	-10.399300	-15.440100	25.000000
8.151876	2.606159	0.785398	9.808670	1.968619	5.220562	-10.399300	-14.817900	25.000000
8.151876	2.606159	0.785398	5.780138	2.243141	0.314758	-10.399300	-13.720200	25.000000
8.151876	2.606159	0.785398	5.936329	1.332718	5.300392	-10.399300	-13.098000	25.000000
8.151876	2.606159	0.785398	9.846827	0.689094	5.176037	-10.399300	-12.000300	25.000000
8.152237	2.606084	0.785568	8.147392	0.293070	5.569951	-10.399300	-11.378200	25.000000
8.152273	2.606077	0.785585	8.212095	0.276577	5.659307	-10.399300	-10.280500	25.000000
8.152129	2.606107	0.785517	8.360150	0.483977	1.063448	-10.399300	-9.658280	25.000000
8.152129	2.606107	0.785517	8.000156	0.600623	0.998130	-10.399300	-8.560580	25.000000
8.152129	2.606107	0.785517	8.112022	0.422110	0.672391	-10.399300	-7.938400	25.000000
8.152129	2.606107	0.785517	8.161330	0.405341	0.809569	-10.399300	-6.840700	25.000000
8.152129	2.606107	0.785517	7.897063	1.111628	1.200783	-10.399300	-6.218520	25.000000
8.152129	2.606107	0.785517	8.304150	0.745760	1.175459	-10.399300	-5.120820	25.000000
8.152129	2.606107	0.785517	8.720665	2.794293	0.569313	-10.399300	-4.498630	25.000000
8.152129	2.606107	0.785517	7.290405	1.419335	1.063698	-10.399300	-3.400930	25.000000
8.152129	2.606107	0.785517	8.148503	2.808265	0.223144	-10.399300	-2.778750	25.000000
8.152129	2.606107	0.785517	8.185988	2.795283	0.360456	-10.399300	-1.681050	25.000000
8.152114	2.606110	0.785510	8.154753	2.652843	0.711459	-10.399300	-1.058870	25.000000
8.152125	2.606108	0.785515	8.154753	2.652843	0.711459	-10.399300	0.038827	25.000000
8.152125	2.606107	0.785515	8.199390	2.617779	0.785398	-10.399300	0.661008	25.000000
8.152129	2.606107	0.785517	8.080223	2.618569	0.732815	-10.399300	1.758710	25.000000
8.152129	2.606107	0.785517	8.164558	2.625213	0.767856	-10.399300	2.380890	25.000000
8.152489	2.606032	0.785449	8.101234	2.590059	0.818719	-9.539400	-19.977600	25.000000
8.152489	2.606032	0.785449	8.186574	2.596460	0.818719	-9.539400	-18.879900	25.000000
8.152489	2.606032	0.785449	8.144937	2.581399	0.867183	-9.539400	-18.257700	25.000000
8.152489	2.606032	0.785449	8.194510	2.571826	0.913721	-9.539400	-17.160000	25.000000
8.152489	2.606032	0.785449	7.743100	2.478022	1.174715	-9.539400	-16.537800	25.000000
8.152489	2.606032	0.785449	8.630533	2.406179	1.252869	-9.539400	-15.440100	25.000000
8.152129	2.606107	0.785279	8.347598	2.407933	1.185639	-9.539400	-14.817900	25.000000
8.152129	2.606107	0.785279	7.867554	2.292870	6.245914	-9.539400	-13.720200	25.000000
8.152129	2.606107	0.785279	8.363402	1.403821	0.106908	-9.539400	-13.098000	25.000000
8.152129	2.606107	0.785279	7.808585	1.593850	5.494164	-9.539400	-12.000300	25.000000
8.152489	2.606032	0.785449	8.494728	0.559380	6.064035	-9.539400	-11.378200	25.000000
8.152526	2.606025	0.785466	7.729166	0.867284	6.025862	-9.539400	-10.280500	25.000000
8.152381	2.606055	0.785398	8.726832	0.536665	1.165316	-9.539400	-9.658280	25.000000
8.152381	2.606055	0.785398	7.528406	0.338979	0.861737	-9.539400	-8.560580	25.000000
8.152381	2.606055	0.785398	7.976371	0.264010	1.150133	-9.539400	-7.938400	25.000000
8.152381	2.606055	0.785398	8.348149	0.530673	1.066916	-9.539400	-6.840700	25.000000
8.152381	2.606055	0.785398	6.500000	1.176005	0.643501	-9.539400	-6.218520	25.000000
8.152381	2.606055	0.785398	9.508943	1.271906	1.151455	-9.539400	-5.120820	25.000000
8.152381	2.606055	0.785398	9.468368	2.298790	1.132460	-9.539400	-4.498630	25.000000
8.152381	2.606055	0.785398	6.530697	2.419316	6.049442	-9.539400	-3.400930	25.000000
8.152381	2.606055	0.785398	8.140221	2.811216	0.372068	-9.539400	-2.778750	25.000000
8.152381	2.606055	0.785398	8.114506	2.783578	0.539213	-9.539400	-1.681050	25.000000
8.152367	2.606057	0.785391	8.119729	2.661017	0.728855	-9.539400	-1.058870	25.000000
8.152377	2.606055	0.785396	8.185964	2.645721	0.730907	-9.539400	0.038827	25.000000
8.152378	2.606055	0.785396	8.164558	2.625213	0.767856	-9.539400	0.661008	25.000000
8.152381	2.606055	0.785398	8.200610	2.617522	0.750929	-9.539400	1.758710	25.000000
8.152381	2.606055	0.785398	8.199390	2.617779	0.785398	-9.539400	3.478590	25.000000
8.152129	2.606107	0.785279	8.199390	2.617779	0.785398	-8.679460	-30.296800	25.000000
8.152489	2.606032	0.785449	8.199390	2.617779	0.785398	-8.679460	-28.577000	25.000000
8.152489	2.606032	0.785449	8.063498	2.597714	0.802346	-8.679460	-19.977600	25.000000
8.152489	2.606032	0.785449	8.186574	2.596460	0.818719	-8.679460	-18.879900	25.000000
8.152489	2.606032	0.785449	8.111104	2.588085	0.885067	-8.679460	-18.257700	25.000000
8.152489	2.606032	0.785449	8.104937	2.589317	0.851966	-8.679460	-17.160000	25.000000
8.152489	2.606032	0.785449	7.898101	2.560100	1.117458	-8.679460	-16.537800	25.000000
8.152489	2.606032	0.785449	8.398696	2.514351	1.059954	-8.679460	-15.440100	25.000000
8.152129	2.606107	0.785279	7.952081	2.388195	1.449177	-8.679460	-14.817900	25.000000
8.152129	2.606107	0.785279	8.265960	2.653310	0.970634	-8.679460	-13.720200	25.000000
8.152129	2.606107	0.785279	7.265095	2.678531	5.982874	-8.679460	-13.098000	25.000000
8.152129	2.606107	0.785279	8.809137	1.479856	5.990637	-8.679460	-12.000300	25.000000
8.152489	2.606032	0.785449	7.601316	1.235668	5.957029	-8.679460	-11.378200	25.000000
8.152526	2.606025	0.785466	8.667756	0.837736	5.798707	-8.679460	-10.280500	25.000000
8.152381	2.606055	0.785398	8.671338	0.591112	0.517349	-8.679460	-9.658280	25.000000
8.152381	2.606055	0.785398	7.608476	0.520735	0.314232	-8.679460	-8.560580	25.000000
8.152381	2.606055	0.785398	7.720751	0.759300	0.718830	-8.679460	-7.938400	25.000000
8.152381	2.606055	0.785398	8.646965	0.665832	0.904827	-8.679460	-6.840700	25.000000
8.152381	2.606055	0.785398	6.031716	1.397508	0.761593	-8.679460	-6.218520	25.000000
8.152381	2.606055	0.785398	9.830036	1.607427	1.184619	-8.679460	-5.120820	25.000000
8.152381	2.606055	0.785398	7.904182	2.606662	0.839826	-8.679460	-4.498630	25.000000
8.152381	2.606055	0.785398	8.266105	2.804174	0.787982	-8.679460	-3.400930	25.000000
8.152381	2.606055	0.785398	8.273923	2.801491	0.605086	-8.679460	-2.778750	25.000000
8.152381	2.606055	0.785398	8.051615	2.736511	0.599366	-8.679460	-1.681050	25.000000
8.152367	2.606057	0.785391	8.130806	2.632572	0.749699	-8.679460	-1.058870	25.000000
8.152377	2.606055	0.785396	8.151074	2.653693	0.748378	-8.679460	0.038827	25.000000
8.152378	2.606055	0.785396	8.199390	2.617779	0.785398	-8.679460	0.661008	25.000000
8.152381	2.606055	0.785398	8.077747	2.619101	0.767856	-8.679460	1.758710	25.000000
8.152489	2.606032	0.785449	8.190238	2.595723	0.851966	-7.819520	-18.257700	25.000000
8.152489	2.606032	0.785449	8.190238	2.595723	0.851966	-7.819520	-17.160000	25.000000
8.152489	2.606032	0.785449	8.146318	2.581128	0.941151	-7.819520	-16.537800	25.000000
8.152489	2.606032	0.785449	8.119366	2.563495	1.028444	-7.819520	-15.440100	25.000000
8.152129	2.606107	0.785279	8.782232	2.404061	1.526757	-7.819520	-14.817900	25.000000
8.152129	2.606107	0.785279	7.503759	2.475549	1.445371	-7.819520	-13.720200	25.000000
8.152129	2.606107	0.785279	7.495225	2.982020	0.714091	-7.819520	-13.098000	25.000000
8.152129	2.606107	0.785279	8.440527	1.618204	5.835451	-7.819520	-12.000300	25.000000
8.152489	2.606032	0.785449	8.346257	1.164307	5.749477	-7.819520	-11.378200	25.000000
8.152526	2.606025	0.785466	8.003124	1.239919	6.015775	-7.819520	-10.280500	25.000000
8.152381	2.606055	0.785398	7.658616	1.110800	0.277499	-7.819520	-9.658280	25.000000
8.152381	2.606055	0.785398	8.633655	1.022521	0.317459	-7.819520	-8.560580	25.000000
8.152381	2.606055	0.785398	7.805767	1.190150	0.488334	-7.819520	-7.938400	25.000000
8.152381	2.606055	0.785398	8.414868	1.193514	0.566729	-7.819520	-6.840700	25.000000
8.152381	2.606055	0.785398	5.902576	1.912876	0.657889	-7.819520	-6.218520	25.000000
8.152381	2.606055	0.785398	9.871824	1.695718	1.093451	-7.819520	-5.120820	25.000000
8.152381	2.606055	0.785398	8.019333	2.907174	0.728426	-7.819520	-4.498630	25.000000
8.152381	2.606055	0.785398	8.283242	2.999703	0.547740	-7.819520	-3.400930	25.000000
8.152381	2.606055	0.785398	8.124642	2.716037	0.650060	-7.819520	-2.778750	25.000000
8.152381	2.606055	0.785398	8.232163	2.747143	0.742918	-7.819520	-1.681050	25.000000
8.152367	2.606057	0.785391	8.062878	2.647879	0.748378	-7.819520	-1.058870	25.000000
8.152377	2.606055	0.785396	8.217055	2.638771	0.785398	-7.819520	0.038827	25.000000
8.152381	2.606055	0.785398	8.199390	2.617779	0.785398	-7.819520	1.758710	25.000000
8.152489	2.606032	0.785449	8.186574	2.596460	0.818719	-6.959580	-18.257700	25.000000
8.152489	2.606032	0.785449	8.065978	2.597206	0.836202	-6.959580	-17.160000	25.000000
8.152489	2.606032	0.785449	8.162108	2.578054	0.931882	-6.959580	-16.537800	25.000000
8.152489	2.606032	0.785449	8.124038	2.609289	0.888480	-6.959580	-15.440100	25.000000
8.152129	2.606107	0.785279	8.117691	2.541632	1.379819	-6.959580	-14.817900	25.000000
8.152129	2.606107	0.785279	8.126654	2.562122	1.117199	-6.959580	-13.720200	25.000000
8.152129	2.606107	0.785279	8.760342	2.441543	1.111903	-6.959580	-13.098000	25.000000
8.152129	2.606107	0.785279	7.468795	2.550120	6.106983	-6.959580	-12.000300	25.000000
8.152489	2.606032	0.785449	8.104402	1.546116	6.261337	-6.959580	-11.378200	25.000000
8.152526	2.606025	0.785466	8.156771	1.905576	0.031937	-6.959580	-10.280500	25.000000
8.152381	2.606055	0.785398	7.588551	1.728261	0.325970	-6.959580	-9.658280	25.000000
8.152381	2.606055	0.785398	8.655917	1.620494	0.520581	-6.959580	-8.560580	25.000000
8.152381	2.606055	0.785398	8.128844	1.745135	0.452475	-6.959580	-7.938400	25.000000
8.152381	2.606055	0.785398	8.101537	1.765821	0.373497	-6.959580	-6.840700	25.000000
8.152381	2.606055	0.785398	6.237788	2.288006	0.021273	-6.959580	-6.218520	25.000000
8.152381	2.606055	0.785398	9.576534	2.261362	1.137442	-6.959580	-5.120820	25.000000
8.152381	2.606055	0.785398	8.272098	3.009468	0.746457	-6.959580	-4.498630	25.000000
8.152381	2.606055	0.785398	7.994073	2.869511	0.626743	-6.959580	-3.400930	25.000000
8.152381	2.606055	0.785398	8.187283	2.671722	0.754873	-6.959580	-2.778750	25.000000
8.152381	2.606055	0.785398	8.157058	2.707352	0.711155	-6.959580	-1.681050	25.000000
8.152367	2.606057	0.785391	8.129576	2.632843	0.785398	-6.959580	-1.058870	25.000000
8.152377	2.606055	0.785396	8.095678	2.640402	0.767218	-6.959580	0.038827	25.000000
8.152378	2.606055	0.785396	8.164558	2.625213	0.767856	-6.959580	0.661008	25.000000
8.152489	2.606032	0.785449	8.156592	2.602552	0.869942	-6.099640	-16.537800	25.000000
8.152489	2.606032	0.785449	8.156592	2.602552	0.869942	-6.099640	-15.440100	25.000000
8.152129	2.606107	0.785279	8.156691	2.602532	1.083649	-6.099640	-14.817900	25.000000
8.152129	2.606107	0.785279	8.054943	2.599473	0.958099	-6.099640	-13.720200	25.000000
8.152129	2.606107	0.785279	8.570881	2.547017	1.549966	-6.099640	-13.098000	25.000000
8.152129	2.606107	0.785279	7.769530	2.636674	1.394275	-6.099640	-12.000300	25.000000
8.152489	2.606032	0.785449	8.420214	2.596511	1.220068	-6.099640	-11.378200	25.000000
8.152526	2.606025	0.785466	7.897468	2.473592	0.713061	-6.099640	-10.280500	25.000000
8.152381	2.606055	0.785398	8.556869	2.508784	0.911486	-6.099640	-9.658280	25.000000
8.152381	2.606055	0.785398	7.762087	2.517746	0.722979	-6.099640	-8.560580	25.000000
8.152381	2.606055	0.785398	8.240534	2.585756	0.635222	-6.099640	-7.938400	25.000000
8.152381	2.606055	0.785398	8.039627	2.627394	0.484007	-6.099640	-6.840700	25.000000
8.152381	2.606055	0.785398	8.112632	2.863073	0.880650	-6.099640	-6.218520	25.000000
8.152381	2.606055	0.785398	8.263111	2.942570	1.148221	-6.099640	-5.120820	25.000000
8.152381	2.606055	0.785398	8.165078	2.841428	0.835210	-6.099640	-4.498630	25.000000
8.152381	2.606055	0.785398	8.119840	2.748330	0.771763	-6.099640	-3.400930	25.000000
8.152381	2.606055	0.785398	8.149847	2.653976	0.785398	-6.099640	-2.778750	25.000000
8.152381	2.606055	0.785398	8.112336	2.690254	0.745419	-6.099640	-1.681050	25.000000
8.152367	2.606057	0.785391	8.164558	2.625213	0.767856	-6.099640	-1.058870	25.000000
8.152377	2.606055	0.785396	8.129576	2.632843	0.785398	-6.099640	0.038827	25.000000
8.152381	2.606055	0.785398	8.199390	2.617779	0.785398	-6.099640	1.758710	25.000000
8.152489	2.606032	0.785449	8.199390	2.617779	0.785398	-5.239700	-24.039500	25.000000
8.152489	2.606032	0.785449	8.151687	2.603559	0.836202	-5.239700	-16.537800	25.000000
8.152489	2.606032	0.785449	8.151687	2.603559	0.836202	-5.239700	-15.440100	25.000000
8.152129	2.606107	0.785279	8.053571	2.624337	0.892134	-5.239700	-14.817900	25.000000
8.152129	2.606107	0.785279	8.204877	2.592793	0.917950	-5.239700	-13.720200	25.000000
8.152129	2.606107	0.785279	8.313657	2.594454	1.123693	-5.239700	-13.098000	25.000000
8.152129	2.606107	0.785279	7.954521	2.673819	1.102161	-5.239700	-12.000300	25.000000
8.152489	2.606032	0.785449	7.806602	2.744777	1.464202	-5.239700	-11.378200	25.000000
8.152526	2.606025	0.785466	8.509091	2.625306	1.586985	-5.239700	-10.280500	25.000000
8.152381	2.606055	0.785398	8.064174	2.765317	1.904286	-5.239700	-9.658280	25.000000
8.152381	2.606055	0.785398	8.264236	2.737922	1.962744	-5.239700	-8.560580	25.000000
8.152381	2.606055	0.785398	8.222627	2.908363	1.549747	-5.239700	-7.938400	25.000000
8.152381	2.606055	0.785398	8.198665	2.828464	1.956450	-5.239700	-6.840700	25.000000
8.152381	2.606055	0.785398	8.117912	2.860808	1.216708	-5.239700	-6.218520	25.000000
8.152381	2.606055	0.785398	8.077580	2.796003	0.886352	-5.239700	-5.120820	25.000000
8.152381	2.606055	0.785398	8.182995	2.730125	0.845930	-5.239700	-4.498630	25.000000
8.152381	2.606055	0.785398	8.132804	2.685089	0.783426	-5.239700	-3.400930	25.000000
8.152381	2.606055	0.785398	8.151074	2.653693	0.748378	-5.239700	-2.778750	25.000000
8.152381	2.606055	0.785398	8.183520	2.646273	0.803578	-5.239700	-1.681050	25.000000
8.152367	2.606057	0.785391	8.164558	2.625213	0.802940	-5.239700	-1.058870	25.000000
8.152377	2.606055	0.785396	8.129576	2.632843	0.785398	-5.239700	0.038827	25.000000
8.152381	2.606055	0.785398	8.199390	2.617779	0.785398	-5.239700	4.100770	25.000000
8.152381	2.606055	0.785398	8.199390	2.617779	0.785398	-5.239700	5.198470	25.000000
8.152129	2.606107	0.785279	8.151687	2.603559	0.836202	-4.379750	-14.817900	25.000000
8.152129	2.606107	0.785279	8.114185	2.611355	0.819867	-4.379750	-13.720200	25.000000
8.152129	2.606107	0.785279	8.131476	2.632424	0.898025	-4.379750	-13.098000	25.000000
8.152129	2.606107	0.785279	8.168776	2.624304	0.956014	-4.379750	-12.000300	25.000000
8.152489	2.606032	0.785449	8.084089	2.697517	1.042722	-4.379750	-11.378200	25.000000
8.152526	2.606025	0.785466	8.173763	2.648488	1.021512	-4.379750	-10.280500	25.000000
8.152381	2.606055	0.785398	8.088263	2.726071	1.093451	-4.379750	-9.658280	25.000000
8.152381	2.606055	0.785398	8.212210	2.722047	1.112496	-4.379750	-8.560580	25.000000
8.152381	2.606055	0.785398	8.198957	2.725686	1.007077	-4.379750	-7.938400	25.000000
8.152381	2.606055	0.785398	8.083990	2.759160	1.038904	-4.379750	-6.840700	25.000000
8.152381	2.606055	0.785398	8.182231	2.700765	0.840110	-4.379750	-6.218520	25.000000
8.152381	2.606055	0.785398	8.220712	2.719735	0.930860	-4.379750	-5.120820	25.000000
8.152381	2.606055	0.785398	8.117266	2.661600	0.804264	-4.379750	-4.498630	25.000000
8.152381	2.606055	0.785398	8.149847	2.653976	0.785398	-4.379750	-3.400930	25.000000
8.152381	2.606055	0.785398	8.164558	2.625213	0.802940	-4.379750	-2.778750	25.000000
8.152381	2.606055	0.785398	8.183520	2.646273	0.803578	-4.379750	-1.681050	25.000000
8.152367	2.606057	0.785391	8.199390	2.617779	0.785398	-4.379750	-1.058870	25.000000
8.152377	2.606055	0.785396	8.199390	2.617779	0.785398	-4.379750	0.038827	25.000000
8.152129	2.606107	0.785279	8.199390	2.617779	0.785398	-3.519810	-21.697400	25.000000
8.152489	2.606032	0.785449	8.186574	2.596460	0.818719	-3.519810	-15.440100	25.000000
8.152129	2.606107	0.785279	8.114185	2.611355	0.819867	-3.519810	-14.817900	25.000000
8.152129	2.606107	0.785279	8.200610	2.617522	0.819867	-3.519810	-13.720200	25.000000
8.152129	2.606107	0.785279	8.134494	2.631760	0.856706	-3.519810	-13.098000	25.000000
8.152129	2.606107	0.785279	8.085172	2.617508	0.872894	-3.519810	-12.000300	25.000000
8.152489	2.606032	0.785449	8.128444	2.633093	0.900002	-3.519810	-11.378200	25.000000
8.152526	2.606025	0.785466	8.090834	2.641496	0.883979	-3.519810	-10.280500	25.000000
8.152381	2.606055	0.785398	8.132035	2.658123	0.916714	-3.519810	-9.658280	25.000000
8.152381	2.606055	0.785398	8.143439	2.655462	0.908370	-3.519810	-8.560580	25.000000
8.152381	2.606055	0.785398	8.201805	2.668247	0.887701	-3.519810	-7.938400	25.000000
8.152381	2.606055	0.785398	8.166982	2.676640	0.870464	-3.519810	-6.840700	25.000000
8.152381	2.606055	0.785398	8.119729	2.661017	0.841942	-3.519810	-6.218520	25.000000
8.152381	2.606055	0.785398	8.151074	2.653693	0.822418	-3.519810	-5.120820	25.000000
8.152381	2.606055	0.785398	8.183520	2.646273	0.803578	-3.519810	-4.498630	25.000000
8.152381	2.606055	0.785398	8.129576	2.632843	0.785398	-3.519810	-3.400930	25.000000
8.152381	2.606055	0.785398	8.164558	2.625213	0.802940	-3.519810	-2.778750	25.000000
8.152381	2.606055	0.785398	8.129576	2.632843	0.785398	-3.519810	-1.681050	25.000000
8.152377	2.606055	0.785396	8.077747	2.619101	0.802940	-3.519810	0.038827	25.000000
8.152129	2.606107	0.785279	8.200610	2.617522	0.819867	-2.659870	-13.720200	25.000000
8.152129	2.606107	0.785279	8.167007	2.624685	0.837981	-2.659870	-13.098000	25.000000
8.152129	2.606107	0.785279	8.200610	2.617522	0.819867	-2.659870	-12.000300	25.000000
8.152489	2.606032	0.785449	8.134494	2.631760	0.856706	-2.659870	-11.378200	25.000000
8.152526	2.606025	0.785466	8.114185	2.611355	0.819867	-2.659870	-10.280500	25.000000
8.152381	2.606055	0.785398	8.167007	2.624685	0.837981	-2.659870	-9.658280	25.000000
8.152381	2.606055	0.785398	8.167007	2.624685	0.837981	-2.659870	-8.560580	25.000000
8.152381	2.606055	0.785398	8.098148	2.639846	0.839890	-2.659870	-7.938400	25.000000
8.152381	2.606055	0.785398	8.130806	2.632572	0.821097	-2.659870	-6.840700	25.000000
8.152381	2.606055	0.785398	8.164558	2.625213	0.802940	-2.659870	-6.218520	25.000000
8.152381	2.606055	0.785398	8.130806	2.632572	0.821097	-2.659870	-5.120820	25.000000
8.152381	2.606055	0.785398	8.164558	2.625213	0.802940	-2.659870	-4.498630	25.000000
8.152381	2.606055	0.785398	8.129576	2.632843	0.785398	-2.659870	-3.400930	25.000000
8.152381	2.606055	0.785398	8.077747	2.619101	0.802940	-2.659870	-2.778750	25.000000
8.152381	2.606055	0.785398	8.199390	2.617779	0.785398	-2.659870	-1.681050	25.000000
8.152381	2.606055	0.785398	8.199390	2.617779	0.785398	-2.659870	2.380890	25.000000
8.152381	2.606055	0.785398	8.199390	2.617779	0.785398	-2.659870	5.198470	25.000000
8.152129	2.606107	0.785279	8.200610	2.617522	0.819867	-1.799930	-13.098000	25.000000
8.152489	2.606032	0.785449	8.200610	2.617522	0.819867	-1.799930	-11.378200	25.000000
8.152526	2.606025	0.785466	8.200610	2.617522	0.819867	-1.799930	-10.280500	25.000000
8.152381	2.606055	0.785398	8.077747	2.619101	0.802940	-1.799930	-9.658280	25.000000
8.152381	2.606055	0.785398	8.200610	2.617522	0.819867	-1.799930	-8.560580	25.000000
8.152381	2.606055	0.785398	8.077747	2.619101	0.802940	-1.799930	-7.938400	25.000000
8.152381	2.606055	0.785398	8.200610	2.617522	0.819867	-1.799930	-6.840700	25.000000
8.152381	2.606055	0.785398	8.164558	2.625213	0.802940	-1.799930	-6.218520	25.000000
8.152381	2.606055	0.785398	8.164558	2.625213	0.802940	-1.799930	-5.120820	25.000000
8.152381	2.606055	0.785398	8.077747	2.619101	0.767856	-1.799930	-4.498630	25.000000
8.152381	2.606055	0.785398	8.199390	2.617779	0.785398	-1.799930	-3.400930	25.000000
8.152381	2.606055	0.785398	8.199390	2.617779	0.785398	-1.799930	-2.778750	25.000000
8.152381	2.606055	0.785398	8.199390	2.617779	0.785398	-1.799930	-1.681050	25.000000
8.152381	2.606055	0.785398	8.199390	2.617779	0.785398	-1.799930	6.918350	25.000000
8.152378	2.606055	0.785400	8.114185	2.611355	0.819867	-0.939993	-9.658280	25.000000
8.152378	2.606055	0.785400	8.077747	2.619101	0.802940	-0.939993	-7.938400	25.000000
8.152378	2.606055	0.785400	8.199390	2.617779	0.785398	-0.939993	-6.840700	25.000000
8.152378	2.606055	0.785400	8.199390	2.617779	0.785398	-0.939993	-6.218520	25.000000
8.152374	2.606056	0.785398	8.199390	2.617779	0.785398	-0.939993	0.661008	25.000000
8.152378	2.606055	0.785400	8.199390	2.617779	0.785398	-0.939993	4.100770	25.000000
8.152124	2.606108	0.785281	8.199390	2.617779	0.785398	-0.080053	-23.417300	25.000000
8.152485	2.606033	0.785451	8.199390	2.617779	0.785398	-0.080053	-18.879900	25.000000
8.152124	2.606108	0.785281	8.199390	2.617779	0.785398	-0.080053	-13.098000	25.000000
8.152376	2.606055	0.785400	8.077747	2.619101	0.802940	-0.080053	-9.658280	25.000000
8.152376	2.606055	0.785400	8.077747	2.619101	0.802940	-0.080053	-8.560580	25.000000
8.152376	2.606055	0.785400	8.199390	2.617779	0.785398	-0.080053	-6.840700	25.000000
8.152376	2.606055	0.785400	8.199390	2.617779	0.785398	-0.080053	-6.218520	25.000000
8.152376	2.606055	0.785400	8.199390	2.617779	0.785398	-0.080053	-4.498630	25.000000
8.152497	2.606031	0.785446	8.199390	2.617779	0.785398	0.779888	-18.879900	25.000000
8.152388	2.606053	0.785395	8.199390	2.617779	0.785398	0.779888	-4.498630	25.000000
8.152388	2.606053	0.785395	8.199390	2.617779	0.785398	0.779888	1.758710	25.000000
8.152381	2.606055	0.785398	8.199390	2.617779	0.785398	2.499770	-2.778750	25.000000
8.152367	2.606057	0.785391	8.199390	2.617779	0.785398	2.499770	-1.058870	25.000000
8.152381	2.606055	0.785398	8.199390	2.617779	0.785398	3.359710	2.380890	25.000000
8.152381	2.606055	0.785398	8.199390	2.617779	0.785398	4.219650	-6.218520	25.000000
8.152381	2.606055	0.785398	8.199390	2.617779	0.785398	4.219650	-2.778750	25.000000
8.152378	2.606055	0.785396	8.199390	2.617779	0.785398	4.219650	0.661008	25.000000
8.152381	2.606055	0.785398	8.199390	2.617779	0.785398	5.079590	-8.560580	25.000000
8.152381	2.606055	0.785398	8.199390	2.617779	0.785398	6.799470	-5.120820	25.000000
