9.936513	2.707998	4.260804	9.978101	2.718923	4.270596	-5.519390	5.963190	25.000000
9.936513	2.707998	4.260804	10.012138	2.711427	4.285167	-5.519390	7.060890	25.000000
9.936550	2.707989	4.260814	10.008701	2.712176	4.289535	-5.519390	7.532260	25.000000
9.936550	2.707989	4.260814	9.919597	2.707602	4.287349	-5.519390	8.629960	25.000000
9.936513	2.707998	4.260804	10.010415	2.711803	4.287349	-5.519390	9.101320	25.000000
9.936437	2.708014	4.260783	9.917868	2.707978	4.289535	-5.519390	10.199000	25.000000
9.936437	2.708014	4.260783	9.919597	2.707602	4.287349	-5.519390	10.670400	25.000000
9.936815	2.707932	4.260888	9.978101	2.718923	4.270596	-5.519390	12.239500	25.000000
9.936569	2.707985	4.260793	9.981628	2.718138	4.266188	-4.734850	3.922760	25.000000
9.936531	2.707994	4.260782	9.976352	2.719313	4.272807	-4.734850	4.394120	25.000000
9.936531	2.707994	4.260782	9.879985	2.716335	4.279467	-4.734850	5.491820	25.000000
9.936531	2.707994	4.260782	9.878259	2.716721	4.281696	-4.734850	5.963190	25.000000
9.936531	2.707994	4.260782	9.873140	2.717869	4.288412	-4.734850	7.060890	25.000000
9.936569	2.707985	4.260793	9.961049	2.722745	4.292912	-4.734850	7.532260	25.000000
9.936569	2.707985	4.260793	9.996980	2.714744	4.304959	-4.734850	8.629960	25.000000
9.936531	2.707994	4.260782	9.906039	2.710565	4.304959	-4.734850	9.101320	25.000000
9.936455	2.708010	4.260761	9.906039	2.710565	4.304959	-4.734850	10.199000	25.000000
9.936455	2.708010	4.260761	9.998625	2.714382	4.302743	-4.734850	10.670400	25.000000
9.936455	2.708010	4.260761	10.003619	2.713287	4.296120	-4.734850	11.768100	25.000000
9.936833	2.707928	4.260866	10.006998	2.712548	4.291726	-4.734850	12.239500	25.000000
9.936833	2.707928	4.260866	10.012138	2.711427	4.285167	-4.734850	13.337200	25.000000
9.936550	2.707989	4.260814	9.976352	2.719313	4.272807	-3.950320	2.825060	25.000000
9.936550	2.707989	4.260814	9.976352	2.719313	4.272807	-3.950320	3.922760	25.000000
9.936513	2.707998	4.260804	9.868110	2.719000	4.295168	-3.950320	4.394120	25.000000
9.936513	2.707998	4.260804	9.967753	2.721237	4.283930	-3.950320	5.491820	25.000000
9.936513	2.707998	4.260804	9.859924	2.720850	4.306519	-3.950320	5.963190	25.000000
9.936513	2.707998	4.260804	9.946537	2.726035	4.313383	-3.950320	7.060890	25.000000
9.936550	2.707989	4.260814	9.932819	2.729176	4.334215	-3.950320	7.532260	25.000000
9.936550	2.707989	4.260814	9.938818	2.727799	4.324912	-3.950320	8.629960	25.000000
9.936513	2.707998	4.260804	9.970501	2.720621	4.343277	-3.950320	9.101320	25.000000
9.936437	2.708014	4.260783	9.932819	2.729176	4.334215	-3.950320	10.199000	25.000000
9.936437	2.708014	4.260783	9.885348	2.715139	4.334153	-3.950320	10.670400	25.000000
9.936437	2.708014	4.260783	9.984167	2.717574	4.322841	-3.950320	11.768100	25.000000
9.936815	2.707932	4.260888	9.990495	2.716173	4.313867	-3.950320	12.239500	25.000000
9.936815	2.707932	4.260888	9.909369	2.709834	4.300531	-3.950320	13.337200	25.000000
9.936437	2.708014	4.260783	9.919597	2.707602	4.287349	-3.950320	13.808500	25.000000
9.936437	2.708014	4.260783	9.916148	2.708353	4.291726	-3.950320	14.906200	25.000000
9.936550	2.707989	4.260814	9.974613	2.719701	4.275022	-3.165790	2.825060	25.000000
9.936550	2.707989	4.260814	9.964382	2.721995	4.288412	-3.165790	3.922760	25.000000
9.936513	2.707998	4.260804	9.912941	2.733784	4.298813	-3.165790	4.394120	25.000000
9.936513	2.707998	4.260804	9.946537	2.726035	4.313383	-3.165790	5.491820	25.000000
9.936513	2.707998	4.260804	10.013096	2.735818	4.353026	-3.165790	5.963190	25.000000
9.936513	2.707998	4.260804	9.931385	2.755417	4.351741	-3.165790	7.060890	25.000000
9.936550	2.707989	4.260814	9.979198	2.743798	4.418454	-3.165790	7.532260	25.000000
9.936550	2.707989	4.260814	9.857099	2.747102	4.395647	-3.165790	8.629960	25.000000
9.936513	2.707998	4.260804	9.923815	2.731255	4.428191	-3.165790	9.101320	25.000000
9.936437	2.708014	4.260783	10.012312	2.736000	4.435480	-3.165790	10.199000	25.000000
9.936437	2.708014	4.260783	9.988113	2.716700	4.386030	-3.165790	10.670400	25.000000
9.936437	2.708014	4.260783	9.970577	2.720604	4.418581	-3.165790	11.768100	25.000000
9.936815	2.707932	4.260888	9.924218	2.706598	4.342983	-3.165790	12.239500	25.000000
9.936815	2.707932	4.260888	9.912361	2.709180	4.360944	-3.165790	13.337200	25.000000
9.936437	2.708014	4.260783	9.901116	2.711647	4.311633	-3.165790	13.808500	25.000000
9.936437	2.708014	4.260783	9.951502	2.700735	4.305642	-3.165790	14.906200	25.000000
9.936437	2.708014	4.260783	9.919597	2.707602	4.287349	-3.165790	16.475300	25.000000
9.936531	2.707994	4.260782	9.974613	2.719701	4.275022	-2.381250	2.353690	25.000000
9.936569	2.707985	4.260793	10.014470	2.735498	4.284925	-2.381250	2.825060	25.000000
9.936569	2.707985	4.260793	9.922681	2.731517	4.284925	-2.381250	3.922760	25.000000
9.936531	2.707994	4.260782	9.922197	2.757701	4.296897	-2.381250	4.394120	25.000000
9.936531	2.707994	4.260782	9.924863	2.757036	4.364306	-2.381250	5.491820	25.000000
9.936531	2.707994	4.260782	9.892927	2.793619	4.503366	-2.381250	5.963190	25.000000
9.936531	2.707994	4.260782	9.900182	2.763244	4.418313	-2.381250	7.060890	25.000000
9.936569	2.707985	4.260793	9.937525	2.781450	4.678117	-2.381250	7.532260	25.000000
9.936569	2.707985	4.260793	9.913647	2.787902	4.572139	-2.381250	8.629960	25.000000
9.936531	2.707994	4.260782	9.862452	2.745801	4.677140	-2.381250	9.101320	25.000000
9.936455	2.708010	4.260761	9.901282	2.736518	4.680605	-2.381250	10.199000	25.000000
9.936455	2.708010	4.260761	10.073138	2.698413	4.617328	-2.381250	10.670400	25.000000
9.936455	2.708010	4.260761	9.884958	2.740387	4.535316	-2.381250	11.768100	25.000000
9.936833	2.707928	4.260866	10.072239	2.698601	4.478646	-2.381250	12.239500	25.000000
9.936833	2.707928	4.260866	9.889267	2.714268	4.399897	-2.381250	13.337200	25.000000
9.936455	2.708010	4.260761	9.922701	2.706927	4.345215	-2.381250	13.808500	25.000000
9.936455	2.708010	4.260761	9.879904	2.692447	4.342705	-2.381250	14.906200	25.000000
9.936455	2.708010	4.260761	9.825477	2.704080	4.291726	-2.381250	15.377600	25.000000
9.936455	2.708010	4.260761	9.954898	2.700013	4.301324	-2.381250	16.475300	25.000000
9.936538	2.707992	4.260784	9.981628	2.718138	4.266188	-1.596720	-0.313075	25.000000
9.936535	2.707993	4.260783	9.939698	2.727597	4.262163	-1.596720	1.255990	25.000000
9.936531	2.707994	4.260782	9.969453	2.720856	4.281696	-1.596720	2.353690	25.000000
9.936569	2.707985	4.260793	9.952432	2.750248	4.314761	-1.596720	2.825060	25.000000
9.936569	2.707985	4.260793	9.980606	2.743463	4.271859	-1.596720	3.922760	25.000000
9.936531	2.707994	4.260782	9.944667	2.779548	4.448129	-1.596720	4.394120	25.000000
9.936531	2.707994	4.260782	9.841692	2.808267	4.340533	-1.596720	5.491820	25.000000
9.936531	2.707994	4.260782	9.854025	2.872728	4.596374	-1.596720	5.963190	25.000000
9.936531	2.707994	4.260782	10.007416	2.821785	4.883913	-1.596720	7.060890	25.000000
9.936569	2.707985	4.260793	9.862195	2.834229	5.152053	-1.596720	7.532260	25.000000
9.936569	2.707985	4.260793	10.022974	2.787165	5.034140	-1.596720	8.629960	25.000000
9.936531	2.707994	4.260782	9.701696	2.707039	5.149756	-1.596720	9.101320	25.000000
9.936455	2.708010	4.260761	10.148049	2.705901	5.138437	-1.596720	10.199000	25.000000
9.936455	2.708010	4.260761	10.212815	2.628956	4.921530	-1.596720	10.670400	25.000000
9.936455	2.708010	4.260761	9.678331	2.712269	4.965796	-1.596720	11.768100	25.000000
9.936833	2.707928	4.260866	9.794570	2.687039	4.726342	-1.596720	12.239500	25.000000
9.936833	2.707928	4.260866	10.047268	2.659039	4.548651	-1.596720	13.337200	25.000000
9.936455	2.708010	4.260761	9.921693	2.707146	4.420932	-1.596720	13.808500	25.000000
9.936455	2.708010	4.260761	10.069479	2.676522	4.401842	-1.596720	14.906200	25.000000
9.936455	2.708010	4.260761	9.941549	2.702862	4.318691	-1.596720	15.377600	25.000000
9.936455	2.708010	4.260761	9.987773	2.693100	4.319019	-1.596720	16.475300	25.000000
9.936833	2.707928	4.260866	9.967091	2.697432	4.286341	-1.596720	16.946700	25.000000
9.936833	2.707928	4.260866	9.921336	2.707224	4.285167	-1.596720	18.044400	25.000000
9.936531	2.707994	4.260793	9.981628	2.718138	4.266188	-0.812186	0.784625	25.000000
9.936527	2.707994	4.260792	9.937953	2.727997	4.264418	-0.812186	1.255990	25.000000
9.936524	2.707995	4.260791	9.893553	2.738344	4.264869	-0.812186	2.353690	25.000000
9.936561	2.707987	4.260801	9.917706	2.758823	4.304307	-0.812186	2.825060	25.000000
9.936561	2.707987	4.260801	9.932880	2.782694	4.302604	-0.812186	3.922760	25.000000
9.936524	2.707995	4.260791	10.060239	2.837943	4.639187	-0.812186	4.394120	25.000000
9.936524	2.707995	4.260791	9.755209	2.912350	4.386359	-0.812186	5.491820	25.000000
9.936524	2.707995	4.260791	9.059382	2.858981	3.548563	-0.812186	5.963190	25.000000
9.936524	2.707995	4.260791	10.798630	2.608462	4.532861	-0.812186	7.060890	25.000000
9.936561	2.707987	4.260801	9.869650	2.449696	3.711976	-0.812186	7.532260	25.000000
9.936561	2.707987	4.260801	9.952889	2.455370	3.619424	-0.812186	8.629960	25.000000
9.936524	2.707995	4.260791	10.178900	2.475011	3.938226	-0.812186	9.101320	25.000000
9.936448	2.708012	4.260770	9.708244	2.503848	3.792014	-0.812186	10.199000	25.000000
9.936448	2.708012	4.260770	10.058827	2.656850	4.124386	-0.812186	10.670400	25.000000
9.936448	2.708012	4.260770	9.904040	2.461414	3.881568	-0.812186	11.768100	25.000000
9.936826	2.707930	4.260875	10.218376	2.627990	4.622036	-0.812186	12.239500	25.000000
9.936826	2.707930	4.260875	9.617969	2.654639	4.728610	-0.812186	13.337200	25.000000
9.936448	2.708012	4.260770	10.200397	2.631123	4.528767	-0.812186	13.808500	25.000000
9.936448	2.708012	4.260770	9.692992	2.684990	4.526466	-0.812186	14.906200	25.000000
9.936448	2.708012	4.260770	9.870669	2.694392	4.355812	-0.812186	15.377600	25.000000
9.936448	2.708012	4.260770	9.970456	2.673958	4.348410	-0.812186	16.475300	25.000000
9.936826	2.707930	4.260875	9.961807	2.698548	4.292738	-0.812186	16.946700	25.000000
9.936826	2.707930	4.260875	9.958333	2.699284	4.297023	-0.812186	18.044400	25.000000
9.936531	2.707994	4.260794	9.944994	2.726387	4.255430	-0.027653	-0.313075	25.000000
9.936531	2.707994	4.260794	9.948573	2.725571	4.250966	-0.027653	0.784625	25.000000
9.936527	2.707995	4.260793	10.026171	2.732793	4.268941	-0.027653	1.255990	25.000000
9.936523	2.707995	4.260792	9.947643	2.751417	4.258197	-0.027653	2.353690	25.000000
9.936561	2.707987	4.260802	10.019726	2.818096	4.369787	-0.027653	2.825060	25.000000
9.936561	2.707987	4.260802	9.856470	2.803964	4.235044	-0.027653	3.922760	25.000000
9.936523	2.707995	4.260792	9.903908	2.893222	4.650739	-0.027653	4.394120	25.000000
9.936523	2.707995	4.260792	10.017729	2.889062	4.470317	-0.027653	5.491820	25.000000
9.936523	2.707995	4.260792	10.539924	2.335890	4.248741	-0.027653	5.963190	25.000000
9.936523	2.707995	4.260792	9.148770	1.802400	3.710906	-0.027653	7.060890	25.000000
9.936561	2.707987	4.260802	9.802041	1.652503	3.541108	-0.027653	7.532260	25.000000
9.936561	2.707987	4.260802	10.146058	1.774246	3.501541	-0.027653	8.629960	25.000000
9.936523	2.707995	4.260792	9.926732	1.641372	3.492089	-0.027653	9.101320	25.000000
9.936447	2.708012	4.260771	9.968530	1.820149	3.614499	-0.027653	10.199000	25.000000
9.936447	2.708012	4.260771	9.868713	1.938767	3.099661	-0.027653	10.670400	25.000000
9.936447	2.708012	4.260771	10.042434	1.656538	3.174880	-0.027653	11.768100	25.000000
9.936825	2.707930	4.260875	9.005893	2.880212	2.328846	-0.027653	12.239500	25.000000
9.936825	2.707930	4.260875	10.713991	2.270535	3.776309	-0.027653	13.337200	25.000000
9.936447	2.708012	4.260771	10.291409	2.542649	4.686188	-0.027653	13.808500	25.000000
9.936447	2.708012	4.260771	9.543511	2.625392	4.645680	-0.027653	14.906200	25.000000
9.936447	2.708012	4.260771	9.830692	2.679577	4.423118	-0.027653	15.377600	25.000000
9.936447	2.708012	4.260771	10.009815	2.666231	4.360261	-0.027653	16.475300	25.000000
9.936825	2.707930	4.260875	9.917868	2.707978	4.289535	-0.027653	16.946700	25.000000
9.936825	2.707930	4.260875	9.996204	2.691350	4.308403	-0.027653	18.044400	25.000000
9.936447	2.708012	4.260771	9.970662	2.696680	4.282097	-0.027653	18.515700	25.000000
9.936447	2.708012	4.260771	9.968872	2.697057	4.284217	-0.027653	19.613400	25.000000
9.936531	2.707994	4.260793	9.855374	2.721883	4.253196	0.756880	0.784625	25.000000
9.936527	2.707994	4.260792	9.898692	2.737128	4.257926	0.756880	1.255990	25.000000
9.936524	2.707995	4.260791	9.908930	2.761029	4.253602	0.756880	2.353690	25.000000
9.936561	2.707987	4.260801	9.913531	2.889423	4.335636	0.756880	2.825060	25.000000
9.936561	2.707987	4.260801	9.871454	2.831288	4.251709	0.756880	3.922760	25.000000
9.936524	2.707995	4.260791	10.779314	2.759008	4.602829	0.756880	4.394120	25.000000
9.936524	2.707995	4.260791	9.023281	2.494659	4.263543	0.756880	5.491820	25.000000
9.936524	2.707995	4.260791	8.244641	1.852254	4.061312	0.756880	5.963190	25.000000
9.936524	2.707995	4.260791	11.450397	1.435894	4.102385	0.756880	7.060890	25.000000
9.936561	2.707987	4.260801	9.970456	1.244066	3.567344	0.756880	7.532260	25.000000
9.936561	2.707987	4.260801	9.929250	1.232001	3.667361	0.756880	8.629960	25.000000
9.936524	2.707995	4.260791	10.665196	1.072203	3.458617	0.756880	9.101320	25.000000
9.936448	2.708012	4.260770	9.202223	1.215635	3.371953	0.756880	10.199000	25.000000
9.936448	2.708012	4.260770	9.633795	1.275897	2.643978	0.756880	10.670400	25.000000
9.936448	2.708012	4.260770	10.168087	1.155761	2.779048	0.756880	11.768100	25.000000
9.936826	2.707930	4.260875	9.682195	1.570796	2.763963	0.756880	12.239500	25.000000
9.936826	2.707930	4.260875	9.610931	2.989511	1.849096	0.756880	13.337200	25.000000
9.936448	2.708012	4.260770	9.513196	2.609921	4.614783	0.756880	13.808500	25.000000
9.936448	2.708012	4.260770	10.440958	2.629187	4.626328	0.756880	14.906200	25.000000
9.936448	2.708012	4.260770	10.085653	2.631146	4.407325	0.756880	15.377600	25.000000
9.936448	2.708012	4.260770	9.759631	2.649150	4.489489	0.756880	16.475300	25.000000
9.936826	2.707930	4.260875	9.984468	2.693789	4.323292	0.756880	16.946700	25.000000
9.936826	2.707930	4.260875	9.950523	2.677941	4.313104	0.756880	18.044400	25.000000
9.936448	2.708012	4.260770	9.875100	2.693458	4.288469	0.756880	18.515700	25.000000
9.936448	2.708012	4.260770	9.972462	2.696301	4.279981	0.756880	19.613400	25.000000
9.936520	2.707996	4.260806	9.859006	2.721058	4.248741	1.541410	-0.313075	25.000000
9.936520	2.707996	4.260806	9.946778	2.725980	4.253196	1.541410	0.784625	25.000000
9.936516	2.707997	4.260805	10.000220	2.765154	4.256041	1.541410	1.255990	25.000000
9.936513	2.707998	4.260804	9.867264	2.744635	4.241707	1.541410	2.353690	25.000000
9.936550	2.707989	4.260814	9.976177	2.953380	4.121415	1.541410	2.825060	25.000000
9.936550	2.707989	4.260814	9.914842	2.888910	4.279418	1.541410	3.922760	25.000000
9.936513	2.707998	4.260804	6.377899	2.551690	3.547225	1.541410	4.394120	25.000000
9.936513	2.707998	4.260804	12.518502	2.396334	4.566994	1.541410	5.491820	25.000000
9.936513	2.707998	4.260804	10.113975	1.605409	4.262015	1.541410	5.963190	25.000000
9.936513	2.707998	4.260804	9.733083	1.121202	4.105401	1.541410	7.060890	25.000000
9.936550	2.707989	4.260814	10.107918	0.805811	3.878485	1.541410	7.532260	25.000000
9.936550	2.707989	4.260814	9.673676	0.776635	3.790993	1.541410	8.629960	25.000000
9.936513	2.707998	4.260804	10.530451	0.662933	3.299638	1.541410	9.101320	25.000000
9.936437	2.708014	4.260783	9.320413	0.670957	3.401639	1.541410	10.199000	25.000000
9.936437	2.708014	4.260783	9.065319	1.126070	2.468760	1.541410	10.670400	25.000000
9.936437	2.708014	4.260783	10.703738	0.918183	2.422763	1.541410	11.768100	25.000000
9.936815	2.707932	4.260888	11.506954	2.303875	1.759018	1.541410	12.239500	25.000000
9.936815	2.707932	4.260888	7.202083	1.417463	3.211899	1.541410	13.337200	25.000000
9.936437	2.708014	4.260783	11.242157	2.647953	4.263854	1.541410	13.808500	25.000000
9.936437	2.708014	4.260783	8.552923	2.952208	4.081310	1.541410	14.906200	25.000000
9.936437	2.708014	4.260783	9.879479	2.568311	4.564422	1.541410	15.377600	25.000000
9.936437	2.708014	4.260783	9.992342	2.607359	4.439759	1.541410	16.475300	25.000000
9.936815	2.707932	4.260888	9.807936	2.684258	4.319019	1.541410	16.946700	25.000000
9.936815	2.707932	4.260888	9.983607	2.671357	4.331883	1.541410	18.044400	25.000000
9.936437	2.708014	4.260783	9.970662	2.696680	4.282097	1.541410	18.515700	25.000000
9.936437	2.708014	4.260783	9.965320	2.697805	4.288469	1.541410	19.613400	25.000000
9.936538	2.707992	4.260784	9.950377	2.725161	4.248741	2.325950	-0.313075	25.000000
9.936538	2.707992	4.260784	9.948573	2.725571	4.250966	2.325950	0.784625	25.000000
9.936535	2.707993	4.260783	9.898364	2.763706	4.209546	2.325950	1.255990	25.000000
9.936531	2.707994	4.260782	9.974247	2.771797	4.233854	2.325950	2.353690	25.000000
9.936569	2.707985	4.260793	9.996850	2.942816	4.078006	2.325950	2.825060	25.000000
9.936569	2.707985	4.260793	9.852228	2.914828	4.016495	2.325950	3.922760	25.000000
9.936531	2.707994	4.260782	7.757577	2.639469	3.497229	2.325950	4.394120	25.000000
9.936531	2.707994	4.260782	11.521719	1.879448	4.309890	2.325950	5.491820	25.000000
9.936531	2.707994	4.260782	9.562949	1.349394	4.171969	2.325950	5.963190	25.000000
9.936531	2.707994	4.260782	10.301942	0.849885	4.271859	2.325950	7.060890	25.000000
9.936569	2.707985	4.260793	10.112586	0.473495	4.408469	2.325950	7.532260	25.000000
9.936569	2.707985	4.260793	9.734274	0.487565	4.211467	2.325950	8.629960	25.000000
9.936531	2.707994	4.260782	9.133942	0.309483	3.384828	2.325950	9.101320	25.000000
9.936455	2.708010	4.260761	10.623389	0.420023	3.881271	2.325950	10.199000	25.000000
9.936455	2.708010	4.260761	10.696261	0.711667	2.729182	2.325950	10.670400	25.000000
9.936455	2.708010	4.260761	9.101099	1.078705	2.515546	2.325950	11.768100	25.000000
9.936833	2.707928	4.260866	10.958234	1.362135	2.828691	2.325950	12.239500	25.000000
9.936833	2.707928	4.260866	8.746662	2.220314	2.457883	2.325950	13.337200	25.000000
9.936455	2.708010	4.260761	9.965786	2.537143	4.388963	2.325950	13.808500	25.000000
9.936455	2.708010	4.260761	9.858722	2.435261	2.965653	2.325950	14.906200	25.000000
9.936455	2.708010	4.260761	10.392305	2.512039	4.514993	2.325950	15.377600	25.000000
9.936455	2.708010	4.260761	9.465854	2.539257	4.558889	2.325950	16.475300	25.000000
9.936833	2.707928	4.260866	9.855963	2.674454	4.319331	2.325950	16.946700	25.000000
9.936833	2.707928	4.260866	9.929094	2.660056	4.350055	2.325950	18.044400	25.000000
9.936455	2.708010	4.260761	9.968872	2.697057	4.284217	2.325950	18.515700	25.000000
9.936455	2.708010	4.260761	9.878684	2.692703	4.284217	2.325950	19.613400	25.000000
9.936538	2.707992	4.260784	9.826617	2.728490	4.232870	3.110480	-0.313075	25.000000
9.936538	2.707992	4.260784	9.952191	2.724749	4.246522	3.110480	0.784625	25.000000
9.936535	2.707993	4.260783	9.929129	2.783703	4.181831	3.110480	1.255990	25.000000
9.936531	2.707994	4.260782	9.994919	2.766498	4.204760	3.110480	2.353690	25.000000
9.936569	2.707985	4.260793	9.934928	2.811946	4.072619	3.110480	2.825060	25.000000
9.936569	2.707985	4.260793	9.936342	2.844140	4.080563	3.110480	3.922760	25.000000
9.936531	2.707994	4.260782	10.666307	2.167092	4.365554	3.110480	4.394120	25.000000
9.936531	2.707994	4.260782	9.021203	1.334716	4.213042	3.110480	5.491820	25.000000
9.936531	2.707994	4.260782	8.619165	0.751114	4.096092	3.110480	5.963190	25.000000
9.936531	2.707994	4.260782	11.144954	0.868421	4.401790	3.110480	7.060890	25.000000
9.936569	2.707985	4.260793	9.814912	0.410373	4.622885	3.110480	7.532260	25.000000
9.936569	2.707985	4.260793	10.199515	0.372510	4.299362	3.110480	8.629960	25.000000
9.936531	2.707994	4.260782	9.308362	0.419832	4.489146	3.110480	9.101320	25.000000
9.936455	2.708010	4.260761	10.472158	0.411013	3.976021	3.110480	10.199000	25.000000
9.936455	2.708010	4.260761	9.940322	0.483694	2.463473	3.110480	10.670400	25.000000
9.936455	2.708010	4.260761	9.811218	0.634782	2.716388	3.110480	11.768100	25.000000
9.936833	2.707928	4.260866	10.090590	1.017797	2.683153	3.110480	12.239500	25.000000
9.936833	2.707928	4.260866	9.689685	1.488140	2.127200	3.110480	13.337200	25.000000
9.936455	2.708010	4.260761	9.907921	1.774052	2.786923	3.110480	13.808500	25.000000
9.936455	2.708010	4.260761	9.615222	2.986626	2.140110	3.110480	14.906200	25.000000
9.936455	2.708010	4.260761	10.395191	2.495506	4.486788	3.110480	15.377600	25.000000
9.936455	2.708010	4.260761	9.488920	2.482251	4.514993	3.110480	16.475300	25.000000
9.936833	2.707928	4.260866	9.804025	2.662450	4.333937	3.110480	16.946700	25.000000
9.936833	2.707928	4.260866	9.987913	2.648905	4.339744	3.110480	18.044400	25.000000
9.936455	2.708010	4.260761	9.918589	2.684422	4.293701	3.110480	18.515700	25.000000
9.936455	2.708010	4.260761	9.972462	2.696301	4.279981	3.110480	19.613400	25.000000
9.936520	2.707996	4.260806	9.828474	2.728060	4.230623	3.895010	-0.313075	25.000000
9.936520	2.707996	4.260806	9.955848	2.723921	4.242097	3.895010	0.784625	25.000000
9.936516	2.707997	4.260805	9.976096	2.771319	4.174345	3.895010	1.255990	25.000000
9.936513	2.707998	4.260804	9.881073	2.768139	4.176727	3.895010	2.353690	25.000000
9.936550	2.707989	4.260814	9.791813	2.763439	4.171969	3.895010	2.825060	25.000000
9.936550	2.707989	4.260814	10.100619	2.766943	4.188209	3.895010	3.922760	25.000000
9.936513	2.707998	4.260804	5.937550	1.908993	4.521996	3.895010	4.394120	25.000000
9.936513	2.707998	4.260804	12.723573	1.541712	4.658897	3.895010	5.491820	25.000000
9.936513	2.707998	4.260804	10.135364	0.611279	4.511622	3.895010	5.963190	25.000000
9.936513	2.707998	4.260804	9.685458	0.889488	4.633884	3.895010	7.060890	25.000000
9.936550	2.707989	4.260814	9.589578	0.458298	3.926991	3.895010	7.532260	25.000000
9.936550	2.707989	4.260814	10.354226	0.476674	4.182799	3.895010	8.629960	25.000000
9.936513	2.707998	4.260804	10.657528	0.490695	4.352220	3.895010	9.101320	25.000000
9.936437	2.708014	4.260783	9.163673	0.319473	4.067498	3.895010	10.199000	25.000000
9.936437	2.708014	4.260783	10.000058	0.283814	1.582939	3.895010	10.670400	25.000000
9.936437	2.708014	4.260783	9.835723	0.331568	1.604221	3.895010	11.768100	25.000000
9.936815	2.707932	4.260888	11.041744	1.180595	1.618799	3.895010	12.239500	25.000000
9.936815	2.707932	4.260888	8.689074	0.690256	1.679458	3.895010	13.337200	25.000000
9.936437	2.708014	4.260783	6.080304	1.200573	1.933284	3.895010	13.808500	25.000000
9.936437	2.708014	4.260783	12.237990	2.586426	1.850374	3.895010	14.906200	25.000000
9.936437	2.708014	4.260783	9.908703	2.510479	4.420932	3.895010	15.377600	25.000000
9.936437	2.708014	4.260783	9.925568	2.525382	4.424272	3.895010	16.475300	25.000000
9.936815	2.707932	4.260888	10.086545	2.651658	4.327970	3.895010	16.946700	25.000000
9.936815	2.707932	4.260888	9.812156	2.639264	4.339744	3.895010	18.044400	25.000000
9.936437	2.708014	4.260783	9.972462	2.696301	4.279981	3.895010	18.515700	25.000000
9.936437	2.708014	4.260783	9.974272	2.695921	4.277869	3.895010	19.613400	25.000000
9.936538	2.707992	4.260784	9.957690	2.723504	4.239892	4.679550	-0.313075	25.000000
9.936538	2.707992	4.260784	9.921976	2.731681	4.228382	4.679550	0.784625	25.000000
9.936535	2.707993	4.260783	9.827736	2.754342	4.181211	4.679550	1.255990	25.000000
9.936531	2.707994	4.260782	9.997080	2.765949	4.148587	4.679550	2.353690	25.000000
9.936569	2.707985	4.260793	9.915321	2.817776	4.025767	4.679550	2.825060	25.000000
9.936569	2.707985	4.260793	9.947990	2.840344	4.035003	4.679550	3.922760	25.000000
9.936531	2.707994	4.260782	7.380623	2.391529	4.823924	4.679550	4.394120	25.000000
9.936531	2.707994	4.260782	11.863073	1.587656	4.877538	4.679550	5.491820	25.000000
9.936531	2.707994	4.260782	9.161878	0.734440	4.826643	4.679550	5.963190	25.000000
9.936531	2.707994	4.260782	10.713337	1.137310	4.780326	4.679550	7.060890	25.000000
9.936569	2.707985	4.260793	9.834633	0.462820	4.187593	4.679550	7.532260	25.000000
9.936569	2.707985	4.260793	10.048463	0.503797	4.389335	4.679550	8.629960	25.000000
9.936531	2.707994	4.260782	9.012353	0.264047	3.827621	4.679550	9.101320	25.000000
9.936455	2.708010	4.260761	10.710429	0.198554	4.888432	4.679550	10.199000	25.000000
9.936455	2.708010	4.260761	10.487135	0.480420	1.190290	4.679550	10.670400	25.000000
9.936455	2.708010	4.260761	9.427619	0.668217	0.664046	4.679550	11.768100	25.000000
9.936833	2.707928	4.260866	9.155326	1.494263	1.141449	4.679550	12.239500	25.000000
9.936833	2.707928	4.260866	10.692521	0.997463	0.761781	4.679550	13.337200	25.000000
9.936455	2.708010	4.260761	6.040066	1.821764	0.102730	4.679550	13.808500	25.000000
9.936455	2.708010	4.260761	12.211507	2.399432	1.819301	4.679550	14.906200	25.000000
9.936455	2.708010	4.260761	9.903656	2.528513	4.387309	4.679550	15.377600	25.000000
9.936455	2.708010	4.260761	9.962209	2.520207	4.389548	4.679550	16.475300	25.000000
9.936833	2.707928	4.260866	9.963880	2.653417	4.310026	4.679550	16.946700	25.000000
9.936833	2.707928	4.260866	9.879049	2.627073	4.324243	4.679550	18.044400	25.000000
9.936455	2.708010	4.260761	9.885970	2.691176	4.275762	4.679550	18.515700	25.000000
9.936455	2.708010	4.260761	10.017430	2.686987	4.283316	4.679550	19.613400	25.000000
9.936538	2.707992	4.260784	9.872026	2.718119	4.233307	5.464080	-0.313075	25.000000
9.936538	2.707992	4.260784	9.959543	2.723085	4.237692	5.464080	0.784625	25.000000
9.936535	2.707993	4.260783	9.972482	2.745404	4.171969	5.464080	1.255990	25.000000
9.936531	2.707994	4.260782	9.931948	2.755277	4.167387	5.464080	2.353690	25.000000
9.936569	2.707985	4.260793	9.964622	2.835018	3.706537	5.464080	2.825060	25.000000
9.936569	2.707985	4.260793	9.815630	2.849545	3.791463	5.464080	3.922760	25.000000
9.936531	2.707994	4.260782	4.393416	2.420559	5.422137	5.464080	4.394120	25.000000
9.936531	2.707994	4.260782	13.217371	2.240043	4.599282	5.464080	5.491820	25.000000
9.936531	2.707994	4.260782	9.786833	1.437571	4.856181	5.464080	5.963190	25.000000
9.936531	2.707994	4.260782	10.054497	0.968046	4.922808	5.464080	7.060890	25.000000
9.936569	2.707985	4.260793	9.783706	0.497009	5.162615	5.464080	7.532260	25.000000
9.936569	2.707985	4.260793	10.026470	0.577587	5.084415	5.464080	8.629960	25.000000
9.936531	2.707994	4.260782	10.035656	0.295732	5.662936	5.464080	9.101320	25.000000
9.936455	2.708010	4.260761	9.819842	0.255927	6.214744	5.464080	10.199000	25.000000
9.936455	2.708010	4.260761	10.652230	0.646902	0.917950	5.464080	10.670400	25.000000
9.936455	2.708010	4.260761	9.196195	0.956571	1.130954	5.464080	11.768100	25.000000
9.936833	2.707928	4.260866	6.923215	2.284080	0.497822	5.464080	12.239500	25.000000
9.936833	2.707928	4.260866	12.051427	1.330340	0.992272	5.464080	13.337200	25.000000
9.936455	2.708010	4.260761	10.302917	2.241048	0.379356	5.464080	13.808500	25.000000
9.936455	2.708010	4.260761	9.235345	2.799435	3.826414	5.464080	14.906200	25.000000
9.936455	2.708010	4.260761	9.532702	2.459532	4.341153	5.464080	15.377600	25.000000
9.936455	2.708010	4.260761	10.283331	2.462206	4.376445	5.464080	16.475300	25.000000
9.936833	2.707928	4.260866	9.930478	2.659789	4.291517	5.464080	16.946700	25.000000
9.936833	2.707928	4.260866	9.983231	2.628970	4.307229	5.464080	18.044400	25.000000
9.936455	2.708010	4.260761	9.889671	2.690403	4.271559	5.464080	18.515700	25.000000
9.936455	2.708010	4.260761	9.979760	2.694772	4.271559	5.464080	19.613400	25.000000
9.936520	2.707996	4.260806	9.965159	2.721820	4.231122	6.248610	-0.313075	25.000000
9.936520	2.707996	4.260806	9.868257	2.718967	4.237692	6.248610	0.784625	25.000000
9.936516	2.707997	4.260805	9.908204	2.734892	4.191661	6.248610	1.255990	25.000000
9.936513	2.707998	4.260804	9.978482	2.743969	4.165312	6.248610	2.353690	25.000000
9.936550	2.707989	4.260814	10.040065	2.782594	3.840687	6.248610	2.825060	25.000000
9.936550	2.707989	4.260814	9.747820	2.837301	3.805639	6.248610	3.922760	25.000000
9.936513	2.707998	4.260804	12.377803	2.525213	4.248741	6.248610	4.394120	25.000000
9.936513	2.707998	4.260804	6.443012	2.365922	4.783381	6.248610	5.491820	25.000000
9.936513	2.707998	4.260804	11.347268	1.536420	4.869999	6.248610	5.963190	25.000000
9.936513	2.707998	4.260804	8.348952	1.147432	5.116073	6.248610	7.060890	25.000000
9.936550	2.707989	4.260814	9.980982	0.861581	5.544482	6.248610	7.532260	25.000000
9.936550	2.707989	4.260814	9.878259	0.839098	5.691409	6.248610	8.629960	25.000000
9.936513	2.707998	4.260804	10.696747	0.620941	5.959402	6.248610	9.101320	25.000000
9.936437	2.708014	4.260783	9.202831	0.755342	6.025135	6.248610	10.199000	25.000000
9.936437	2.708014	4.260783	10.504761	0.828633	0.950547	6.248610	10.670400	25.000000
9.936437	2.708014	4.260783	9.254188	0.893430	0.982794	6.248610	11.768100	25.000000
9.936815	2.707932	4.260888	11.785623	1.528359	1.354246	6.248610	12.239500	25.000000
9.936815	2.707932	4.260888	6.041556	2.924694	4.697006	6.248610	13.337200	25.000000
9.936437	2.708014	4.260783	8.855191	2.900936	2.120154	6.248610	13.808500	25.000000
9.936437	2.708014	4.260783	10.781189	2.611210	4.986634	6.248610	14.906200	25.000000
9.936437	2.708014	4.260783	10.476741	2.454575	4.344459	6.248610	15.377600	25.000000
9.936437	2.708014	4.260783	9.388291	2.461579	4.256317	6.248610	16.475300	25.000000
9.936815	2.707932	4.260888	9.823441	2.658660	4.258545	6.248610	16.946700	25.000000
9.936815	2.707932	4.260888	10.024290	2.642188	4.300933	6.248610	18.044400	25.000000
9.936437	2.708014	4.260783	9.981608	2.694385	4.269464	6.248610	18.515700	25.000000
9.936437	2.708014	4.260783	9.893412	2.689623	4.267373	6.248610	19.613400	25.000000
9.936538	2.707992	4.260784	9.959543	2.723085	4.237692	7.033150	-0.313075	25.000000
9.936535	2.707993	4.260783	9.920186	2.732096	4.178483	7.033150	1.255990	25.000000
9.936531	2.707994	4.260782	9.937122	2.728187	4.210643	7.033150	2.353690	25.000000
9.936569	2.707985	4.260793	9.927240	2.784212	3.904591	7.033150	2.825060	25.000000
9.936569	2.707985	4.260793	9.937912	2.753805	4.023102	7.033150	3.922760	25.000000
9.936531	2.707994	4.260782	9.659193	2.716618	4.033726	7.033150	4.394120	25.000000
9.936531	2.707994	4.260782	10.168756	2.597432	4.204552	7.033150	5.491820	25.000000
9.936531	2.707994	4.260782	7.732846	1.458051	5.387130	7.033150	5.963190	25.000000
9.936531	2.707994	4.260782	11.694875	1.743524	4.948947	7.033150	7.060890	25.000000
9.936569	2.707985	4.260793	10.443658	1.269424	5.815053	7.033150	7.532260	25.000000
9.936569	2.707985	4.260793	9.319335	1.127173	5.867374	7.033150	8.629960	25.000000
9.936531	2.707994	4.260782	9.163515	1.214067	6.024083	7.033150	9.101320	25.000000
9.936455	2.708010	4.260761	10.581588	1.121072	5.791376	7.033150	10.199000	25.000000
9.936455	2.708010	4.260761	10.169071	1.123328	0.463648	7.033150	10.670400	25.000000
9.936455	2.708010	4.260761	9.664885	1.144096	0.550166	7.033150	11.768100	25.000000
9.936833	2.707928	4.260866	12.206478	2.001831	1.443310	7.033150	12.239500	25.000000
9.936833	2.707928	4.260866	5.555574	2.275749	5.461014	7.033150	13.337200	25.000000
9.936455	2.708010	4.260761	9.059365	2.526698	4.075011	7.033150	13.808500	25.000000
9.936455	2.708010	4.260761	10.778219	2.875893	4.153790	7.033150	14.906200	25.000000
9.936455	2.708010	4.260761	9.946356	2.472213	4.241495	7.033150	15.377600	25.000000
9.936455	2.708010	4.260761	9.909087	2.563699	4.273530	7.033150	16.475300	25.000000
9.936833	2.707928	4.260866	9.920262	2.661762	4.250694	7.033150	16.946700	25.000000
9.936833	2.707928	4.260866	10.024874	2.663321	4.285582	7.033150	18.044400	25.000000
9.936455	2.708010	4.260761	9.856313	2.697439	4.255077	7.033150	18.515700	25.000000
9.936455	2.708010	4.260761	9.891537	2.690013	4.269464	7.033150	19.613400	25.000000
9.936538	2.707992	4.260784	9.963278	2.722243	4.233307	7.817680	0.784625	25.000000
9.936535	2.707993	4.260783	9.976653	2.719246	4.218116	7.817680	1.255990	25.000000
9.936531	2.707994	4.260782	9.942962	2.726850	4.204078	7.817680	2.353690	25.000000
9.936569	2.707985	4.260793	9.820005	2.756277	4.090565	7.817680	2.825060	25.000000
9.936569	2.707985	4.260793	10.039168	2.729814	4.062915	7.817680	3.922760	25.000000
9.936531	2.707994	4.260782	9.952995	2.777345	3.703779	7.817680	4.394120	25.000000
9.936531	2.707994	4.260782	9.967728	2.697298	3.670003	7.817680	5.491820	25.000000
9.936531	2.707994	4.260782	11.592239	1.913922	5.147356	7.817680	5.963190	25.000000
9.936531	2.707994	4.260782	7.789737	2.749976	5.055413	7.817680	7.060890	25.000000
9.936569	2.707985	4.260793	9.860147	1.718388	6.013336	7.817680	7.532260	25.000000
9.936569	2.707985	4.260793	9.919294	1.690039	5.864961	7.817680	8.629960	25.000000
9.936531	2.707994	4.260782	9.934284	1.671629	5.810488	7.817680	9.101320	25.000000
9.936455	2.708010	4.260761	9.915664	1.823589	5.898810	7.817680	10.199000	25.000000
9.936455	2.708010	4.260761	9.134796	1.732422	0.160408	7.817680	10.670400	25.000000
9.936455	2.708010	4.260761	10.624147	1.774573	0.028838	7.817680	11.768100	25.000000
9.936833	2.707928	4.260866	9.282354	2.609703	5.081850	7.817680	12.239500	25.000000
9.936833	2.707928	4.260866	10.194729	2.314231	1.008666	7.817680	13.337200	25.000000
9.936455	2.708010	4.260761	10.175952	2.459635	4.171969	7.817680	13.808500	25.000000
9.936455	2.708010	4.260761	9.719053	2.519801	4.090086	7.817680	14.906200	25.000000
9.936455	2.708010	4.260761	9.739348	2.590997	4.183749	7.817680	15.377600	25.000000
9.936455	2.708010	4.260761	10.154945	2.580883	4.278559	7.817680	16.475300	25.000000
9.936833	2.707928	4.260866	9.983391	2.671399	4.276430	7.817680	16.946700	25.000000
9.936833	2.707928	4.260866	9.918211	2.662160	4.252651	7.817680	18.044400	25.000000
9.936455	2.708010	4.260761	9.895297	2.689231	4.265286	7.817680	18.515700	25.000000
9.936516	2.707997	4.260805	9.972783	2.720110	4.222432	8.602210	1.255990	25.000000
9.936513	2.707998	4.260804	9.881619	2.715970	4.222432	8.602210	2.353690	25.000000
9.936550	2.707989	4.260814	9.978397	2.718857	4.121676	8.602210	2.825060	25.000000
9.936550	2.707989	4.260814	9.832645	2.727094	4.174135	8.602210	3.922760	25.000000
9.936513	2.707998	4.260804	9.902020	2.762777	3.752319	8.602210	4.394120	25.000000
9.936513	2.707998	4.260804	9.980481	2.694621	3.910599	8.602210	5.491820	25.000000
9.936513	2.707998	4.260804	11.203129	2.518835	4.233684	8.602210	5.963190	25.000000
9.936513	2.707998	4.260804	8.503976	2.985057	4.909785	8.602210	7.060890	25.000000
9.936550	2.707989	4.260814	10.507616	2.379344	5.764039	8.602210	7.532260	25.000000
9.936550	2.707989	4.260814	9.331667	2.560500	5.608444	8.602210	8.629960	25.000000
9.936513	2.707998	4.260804	10.693456	2.430229	5.619630	8.602210	9.101320	25.000000
9.936437	2.708014	4.260783	9.102747	2.519982	5.658550	8.602210	10.199000	25.000000
9.936437	2.708014	4.260783	10.298544	2.475948	5.642829	8.602210	10.670400	25.000000
9.936437	2.708014	4.260783	9.619252	2.571890	5.802298	8.602210	11.768100	25.000000
9.936815	2.707932	4.260888	10.372290	2.531319	4.206598	8.602210	12.239500	25.000000
9.936815	2.707932	4.260888	9.432476	2.919115	5.545370	8.602210	13.337200	25.000000
9.936437	2.708014	4.260783	10.309704	2.443809	4.208223	8.602210	13.808500	25.000000
9.936437	2.708014	4.260783	9.468896	2.484984	4.061968	8.602210	14.906200	25.000000
9.936437	2.708014	4.260783	10.030234	2.620705	4.264869	8.602210	15.377600	25.000000
9.936437	2.708014	4.260783	9.775193	2.625083	4.196840	8.602210	16.475300	25.000000
9.936815	2.707932	4.260888	9.916673	2.684815	4.242606	8.602210	16.946700	25.000000
9.936815	2.707932	4.260888	9.946602	2.678730	4.262839	8.602210	18.044400	25.000000
9.936437	2.708014	4.260783	9.983466	2.693997	4.267373	8.602210	18.515700	25.000000
9.936513	2.707998	4.260804	9.920428	2.707421	4.231594	9.386740	2.353690	25.000000
9.936550	2.707989	4.260814	9.982530	2.717938	4.211681	9.386740	2.825060	25.000000
9.936550	2.707989	4.260814	9.977695	2.719014	4.167778	9.386740	3.922760	25.000000
9.936513	2.707998	4.260804	9.908204	2.710090	3.986749	9.386740	4.394120	25.000000
9.936513	2.707998	4.260804	9.944767	2.726438	4.107790	9.386740	5.491820	25.000000
9.936513	2.707998	4.260804	9.930257	2.618023	3.740768	9.386740	5.963190	25.000000
9.936513	2.707998	4.260804	9.881801	2.715930	3.770389	9.386740	7.060890	25.000000
9.936550	2.707989	4.260814	9.875728	2.627668	3.706742	9.386740	7.532260	25.000000
9.936550	2.707989	4.260814	9.950879	2.700868	3.893670	9.386740	8.629960	25.000000
9.936513	2.707998	4.260804	9.675226	2.622353	3.764263	9.386740	9.101320	25.000000
9.936437	2.708014	4.260783	10.195097	2.593177	3.993559	9.386740	10.199000	25.000000
9.936437	2.708014	4.260783	9.884837	2.496766	3.950796	9.386740	10.670400	25.000000
9.936437	2.708014	4.260783	10.008496	2.496961	3.962270	9.386740	11.768100	25.000000
9.936815	2.707932	4.260888	10.042908	2.476120	4.052760	9.386740	12.239500	25.000000
9.936815	2.707932	4.260888	9.869650	2.449696	3.960686	9.386740	13.337200	25.000000
9.936437	2.708014	4.260783	9.853933	2.553779	4.109159	9.386740	13.808500	25.000000
9.936437	2.708014	4.260783	10.068267	2.594747	4.214567	9.386740	14.906200	25.000000
9.936437	2.708014	4.260783	10.005019	2.667163	4.254612	9.386740	15.377600	25.000000
9.936437	2.708014	4.260783	9.967828	2.652672	4.208610	9.386740	16.475300	25.000000
9.936815	2.707932	4.260888	9.912699	2.685632	4.246692	9.386740	16.946700	25.000000
9.936815	2.707932	4.260888	9.990996	2.692430	4.259050	9.386740	18.044400	25.000000
9.936605	2.707977	4.260750	9.861541	2.720484	4.193243	10.171300	2.825060	25.000000
9.936605	2.707977	4.260750	9.922379	2.706997	4.229472	10.171300	3.922760	25.000000
9.936568	2.707986	4.260739	9.882307	2.715817	4.171969	10.171300	4.394120	25.000000
9.936568	2.707986	4.260739	9.933725	2.704543	4.125046	10.171300	5.491820	25.000000
9.936568	2.707986	4.260739	9.873702	2.717742	4.049186	10.171300	5.963190	25.000000
9.936568	2.707986	4.260739	9.954898	2.677063	3.974574	10.171300	7.060890	25.000000
9.936605	2.707977	4.260750	9.930257	2.659832	3.880870	10.171300	7.532260	25.000000
9.936605	2.707977	4.260750	9.956907	2.593805	3.831393	10.171300	8.629960	25.000000
9.936568	2.707986	4.260739	9.824968	2.539991	3.799481	10.171300	9.101320	25.000000
9.936492	2.708002	4.260718	10.100000	2.552929	3.838614	10.171300	10.199000	25.000000
9.936492	2.708002	4.260718	10.169071	2.508779	3.962270	10.171300	10.670400	25.000000
9.936492	2.708002	4.260718	9.762172	2.549426	3.888049	10.171300	11.768100	25.000000
9.936870	2.707920	4.260823	10.130153	2.584793	4.139929	10.171300	12.239500	25.000000
9.936870	2.707920	4.260823	9.820896	2.577617	4.007895	10.171300	13.337200	25.000000
9.936492	2.708002	4.260718	9.958835	2.654372	4.216123	10.171300	13.808500	25.000000
9.936492	2.708002	4.260718	9.867872	2.629080	4.152475	10.171300	14.906200	25.000000
9.936492	2.708002	4.260718	9.854040	2.674841	4.216462	10.171300	15.377600	25.000000
9.936492	2.708002	4.260718	9.914681	2.685224	4.244647	10.171300	16.475300	25.000000
9.936870	2.707920	4.260823	9.987212	2.693217	4.263203	10.171300	16.946700	25.000000
9.936870	2.707920	4.260823	9.960100	2.698909	4.240356	10.171300	18.044400	25.000000
9.936587	2.707981	4.260771	9.916557	2.708264	4.235853	10.955800	2.825060	25.000000
9.936587	2.707981	4.260771	9.920428	2.707421	4.231594	10.955800	3.922760	25.000000
9.936549	2.707990	4.260761	9.984508	2.717499	4.209546	10.955800	4.394120	25.000000
9.936549	2.707990	4.260761	9.918165	2.707914	4.184315	10.955800	5.491820	25.000000
9.936549	2.707990	4.260761	9.992802	2.715664	4.153276	10.955800	5.963190	25.000000
9.936549	2.707990	4.260761	9.895959	2.689093	4.124386	10.955800	7.060890	25.000000
9.936587	2.707981	4.260771	9.875728	2.670501	4.037648	10.955800	7.532260	25.000000
9.936587	2.707981	4.260771	9.920685	2.683993	4.105401	10.955800	8.629960	25.000000
9.936549	2.707990	4.260761	9.888883	2.646187	4.047614	10.955800	9.101320	25.000000
9.936474	2.708006	4.260740	9.948367	2.656362	4.064578	10.955800	10.199000	25.000000
9.936474	2.708006	4.260740	10.063797	2.635038	4.101663	10.955800	10.670400	25.000000
9.936474	2.708006	4.260740	9.860020	2.651631	4.064578	10.955800	11.768100	25.000000
9.936852	2.707924	4.260844	9.905837	2.664568	4.171969	10.955800	12.239500	25.000000
9.936852	2.707924	4.260844	9.922197	2.640008	4.136014	10.955800	13.337200	25.000000
9.936474	2.708006	4.260740	9.935034	2.681069	4.224430	10.955800	13.808500	25.000000
9.936474	2.708006	4.260740	9.882692	2.669120	4.191037	10.955800	14.906200	25.000000
9.936474	2.708006	4.260740	9.877773	2.692895	4.232041	10.955800	15.377600	25.000000
9.936474	2.708006	4.260740	9.912699	2.685632	4.246692	10.955800	16.475300	25.000000
9.936852	2.707924	4.260844	9.860127	2.696627	4.250849	10.955800	18.044400	25.000000
9.936366	2.708030	4.260976	9.930277	2.705287	4.221030	11.740300	4.394120	25.000000
9.936366	2.708030	4.260976	9.883567	2.715536	4.220272	11.740300	5.491820	25.000000
9.936366	2.708030	4.260976	9.950698	2.700906	4.200256	11.740300	5.963190	25.000000
9.936366	2.708030	4.260976	9.909773	2.709746	4.192645	11.740300	7.060890	25.000000
9.936404	2.708021	4.260987	9.969900	2.696840	4.181965	11.740300	7.532260	25.000000
9.936404	2.708021	4.260987	9.953271	2.700359	4.151795	11.740300	8.629960	25.000000
9.936366	2.708030	4.260976	9.953838	2.677275	4.162351	11.740300	9.101320	25.000000
9.936290	2.708046	4.260955	9.909087	2.686375	4.156223	11.740300	10.199000	25.000000
9.936290	2.708046	4.260955	9.985489	2.670986	4.179545	11.740300	10.670400	25.000000
9.936290	2.708046	4.260955	9.937686	2.680531	4.175848	11.740300	11.768100	25.000000
9.936668	2.707964	4.261060	9.915422	2.685072	4.195513	11.740300	12.239500	25.000000
9.936668	2.707964	4.261060	9.952010	2.677642	4.208562	11.740300	13.337200	25.000000
9.936290	2.708046	4.260955	9.892042	2.689908	4.217663	11.740300	13.808500	25.000000
9.936290	2.708046	4.260955	9.916673	2.684815	4.242606	11.740300	14.906200	25.000000
9.936290	2.708046	4.260955	9.869833	2.694569	4.240356	11.740300	15.377600	25.000000
9.936549	2.707990	4.260761	9.918488	2.707843	4.233721	12.524900	5.491820	25.000000
9.936549	2.707990	4.260761	9.926308	2.706145	4.225241	12.524900	5.963190	25.000000
9.936549	2.707990	4.260761	9.926308	2.706145	4.225241	12.524900	7.060890	25.000000
9.936587	2.707981	4.260771	9.942414	2.702676	4.208509	12.524900	7.532260	25.000000
9.936587	2.707981	4.260771	9.901535	2.711555	4.201055	12.524900	8.629960	25.000000
9.936549	2.707990	4.260761	9.948613	2.701351	4.202312	12.524900	9.101320	25.000000
9.936474	2.708006	4.260740	9.948613	2.701351	4.202312	12.524900	10.199000	25.000000
9.936474	2.708006	4.260740	9.892042	2.689908	4.217663	12.524900	10.670400	25.000000
9.936474	2.708006	4.260740	9.986236	2.693420	4.213596	12.524900	11.768100	25.000000
9.936852	2.707924	4.260844	9.885869	2.691197	4.223799	12.524900	12.239500	25.000000
9.936852	2.707924	4.260844	9.971961	2.696407	4.227911	12.524900	13.337200	25.000000
9.936474	2.708006	4.260740	9.996744	2.691239	4.252852	12.524900	13.808500	25.000000
9.936474	2.708006	4.260740	9.873783	2.693735	4.236190	12.524900	14.906200	25.000000
9.936549	2.707990	4.260761	9.916557	2.708264	4.235853	13.309400	5.963190	25.000000
9.936587	2.707981	4.260771	9.922379	2.706997	4.229472	13.309400	7.532260	25.000000
9.936587	2.707981	4.260771	9.958157	2.699321	4.242446	13.309400	8.629960	25.000000
9.936549	2.707990	4.260761	9.964015	2.698081	4.236190	13.309400	9.101320	25.000000
9.936474	2.708006	4.260740	9.926308	2.706145	4.225241	13.309400	10.199000	25.000000
9.936474	2.708006	4.260740	9.962053	2.698496	4.238271	13.309400	10.670400	25.000000
9.936474	2.708006	4.260740	9.964015	2.698081	4.236190	13.309400	11.768100	25.000000
9.936852	2.707924	4.260844	9.958157	2.699321	4.242446	13.309400	12.239500	25.000000
9.936852	2.707924	4.260844	9.960100	2.698909	4.240356	13.309400	13.337200	25.000000
