9.939196	1.755153	5.888615	9.952191	1.753684	5.906474	-134.309000	45.052700	25.000000
9.939196	1.755153	5.888615	9.994143	1.744774	5.919658	-134.309000	45.524100	25.000000
9.939196	1.755153	5.888615	9.912825	1.752366	5.916011	-134.309000	46.621800	25.000000
9.939196	1.755153	5.888615	9.986276	1.717523	6.005303	-134.309000	47.093200	25.000000
9.939196	1.755153	5.888615	9.953994	1.709882	6.053953	-134.309000	48.190900	25.000000
9.939196	1.755153	5.888615	10.492993	1.640423	5.952372	-134.309000	48.662200	25.000000
9.939196	1.755153	5.888615	9.331136	1.899246	6.007996	-134.309000	49.759900	25.000000
9.939196	1.755153	5.888615	11.749166	2.038789	5.076071	-134.309000	50.231300	25.000000
9.939196	1.755153	5.888615	7.785242	2.660073	5.051682	-134.309000	51.329000	25.000000
9.939196	1.755153	5.888615	9.642095	2.672375	3.780507	-134.309000	51.800400	25.000000
9.939196	1.755153	5.888615	10.214695	2.609021	3.734943	-134.309000	52.898100	25.000000
9.939196	1.755153	5.888615	9.573923	2.541278	4.124386	-134.309000	53.369400	25.000000
9.939196	1.755153	5.888615	10.354226	2.586581	3.991835	-134.309000	54.467100	25.000000
9.939196	1.755153	5.888615	10.487879	3.012049	2.113747	-134.309000	54.938500	25.000000
9.939196	1.755153	5.888615	9.344330	2.739756	2.107931	-134.309000	56.036200	25.000000
9.939196	1.755153	5.888615	10.351328	2.130969	0.769271	-134.309000	56.507600	25.000000
9.939196	1.755153	5.888615	9.385713	2.591277	5.872408	-134.309000	57.605300	25.000000
9.939196	1.755153	5.888615	10.813418	2.776315	5.912294	-134.309000	58.076600	25.000000
9.939196	1.755153	5.888615	8.860023	1.845103	0.082168	-134.309000	59.174300	25.000000
9.939196	1.755153	5.888615	9.905256	1.650637	5.692374	-134.309000	59.645700	25.000000
9.939196	1.755153	5.888615	9.907517	1.604111	5.619485	-134.309000	60.743400	25.000000
9.930122	1.755324	5.888221	9.859006	1.754400	5.902679	-133.524000	43.955000	25.000000
9.930122	1.755324	5.888221	9.860837	1.755397	5.902679	-133.524000	45.052700	25.000000
9.930122	1.755324	5.888221	9.959563	1.745384	5.929188	-133.524000	45.524100	25.000000
9.930122	1.755324	5.888221	9.896590	1.748560	5.948448	-133.524000	46.621800	25.000000
9.930122	1.755324	5.888221	9.918538	1.707329	6.122721	-133.524000	47.093200	25.000000
9.930122	1.755324	5.888221	9.997325	1.684069	6.066045	-133.524000	48.190900	25.000000
9.930122	1.755324	5.888221	11.013542	1.745100	5.674725	-133.524000	48.662200	25.000000
9.930122	1.755324	5.888221	8.724815	1.823334	6.176450	-133.524000	49.759900	25.000000
9.930122	1.755324	5.888221	8.347119	2.611130	4.318691	-133.524000	50.231300	25.000000
9.930122	1.755324	5.888221	11.271309	2.196364	4.622522	-133.524000	51.329000	25.000000
9.930122	1.755324	5.888221	9.553010	2.544484	3.646883	-133.524000	51.800400	25.000000
9.930122	1.755324	5.888221	10.296116	2.460670	3.806695	-133.524000	52.898100	25.000000
9.930122	1.755324	5.888221	10.448445	2.442870	3.958559	-133.524000	53.369400	25.000000
9.930122	1.755324	5.888221	9.355747	2.576242	3.640939	-133.524000	54.467100	25.000000
9.930122	1.755324	5.888221	10.565742	2.710709	2.296874	-133.524000	54.938500	25.000000
9.930122	1.755324	5.888221	9.251789	2.615344	1.318511	-133.524000	56.036200	25.000000
9.930122	1.755324	5.888221	10.773115	2.691460	0.588003	-133.524000	56.507600	25.000000
9.930122	1.755324	5.888221	9.032165	2.005034	0.414507	-133.524000	57.605300	25.000000
9.930122	1.755324	5.888221	9.304300	1.721838	6.075129	-133.524000	58.076600	25.000000
9.930122	1.755324	5.888221	10.370829	2.779947	0.194723	-133.524000	59.174300	25.000000
9.930122	1.755324	5.888221	9.745994	1.583109	5.606842	-133.524000	59.645700	25.000000
9.930122	1.755324	5.888221	10.139630	1.630993	5.623875	-133.524000	60.743400	25.000000
9.939196	1.755153	5.888615	9.952191	1.753684	5.906474	-132.740000	43.955000	25.000000
9.939196	1.755153	5.888615	9.948573	1.751707	5.906474	-132.740000	45.052700	25.000000
9.939196	1.755153	5.888615	9.918977	1.742012	5.938785	-132.740000	45.524100	25.000000
9.939196	1.755153	5.888615	9.859432	1.746146	5.958177	-132.740000	46.621800	25.000000
9.939196	1.755153	5.888615	9.903484	1.705499	6.130768	-132.740000	47.093200	25.000000
9.939196	1.755153	5.888615	10.029835	1.670665	6.156593	-132.740000	48.190900	25.000000
9.939196	1.755153	5.888615	9.692265	1.726183	6.157535	-132.740000	48.662200	25.000000
9.939196	1.755153	5.888615	10.044401	1.980385	5.161475	-132.740000	49.759900	25.000000
9.939196	1.755153	5.888615	11.349009	2.258050	3.959238	-132.740000	50.231300	25.000000
9.939196	1.755153	5.888615	8.229824	2.481296	4.124386	-132.740000	51.329000	25.000000
9.939196	1.755153	5.888615	8.545174	2.435131	3.734595	-132.740000	51.800400	25.000000
9.939196	1.755153	5.888615	11.211155	2.340240	3.633011	-132.740000	52.898100	25.000000
9.939196	1.755153	5.888615	10.960310	2.458343	3.327651	-132.740000	53.369400	25.000000
9.939196	1.755153	5.888615	8.835050	2.449108	3.583039	-132.740000	54.467100	25.000000
9.939196	1.755153	5.888615	8.898928	2.881665	0.905957	-132.740000	54.938500	25.000000
9.939196	1.755153	5.888615	10.846392	2.272312	1.714315	-132.740000	56.036200	25.000000
9.939196	1.755153	5.888615	9.345587	2.558236	0.136403	-132.740000	56.507600	25.000000
9.939196	1.755153	5.888615	10.500000	2.088905	0.777646	-132.740000	57.605300	25.000000
9.939196	1.755153	5.888615	9.080396	1.670074	0.173518	-132.740000	58.076600	25.000000
9.939196	1.755153	5.888615	10.590094	2.586498	5.713570	-132.740000	59.174300	25.000000
9.939196	1.755153	5.888615	10.274186	1.587343	5.559777	-132.740000	59.645700	25.000000
9.939196	1.755153	5.888615	9.628297	1.644604	5.660515	-132.740000	60.743400	25.000000
9.930122	1.755324	5.888221	9.822932	1.755082	5.912294	-131.955000	43.955000	25.000000
9.930122	1.755324	5.888221	9.912825	1.752366	5.916011	-131.955000	45.052700	25.000000
9.930122	1.755324	5.888221	9.997605	1.732539	5.974255	-131.955000	45.524100	25.000000
9.930122	1.755324	5.888221	9.865237	1.747071	5.990742	-131.955000	46.621800	25.000000
9.930122	1.755324	5.888221	9.862434	1.799920	6.030631	-131.955000	47.093200	25.000000
9.930122	1.755324	5.888221	9.980481	1.721661	5.974255	-131.955000	48.190900	25.000000
9.930122	1.755324	5.888221	11.822859	1.906962	4.929114	-131.955000	48.662200	25.000000
9.930122	1.755324	5.888221	7.446476	1.985452	6.031089	-131.955000	49.759900	25.000000
9.930122	1.755324	5.888221	8.637129	2.338765	3.720667	-131.955000	50.231300	25.000000
9.930122	1.755324	5.888221	11.118003	2.206361	3.580245	-131.955000	51.329000	25.000000
9.930122	1.755324	5.888221	10.171529	2.251329	3.463343	-131.955000	51.800400	25.000000
9.930122	1.755324	5.888221	9.704638	2.237325	3.740504	-131.955000	52.898100	25.000000
9.930122	1.755324	5.888221	9.912437	2.326783	3.199860	-131.955000	53.369400	25.000000
9.930122	1.755324	5.888221	9.897474	2.385407	2.903757	-131.955000	54.467100	25.000000
9.930122	1.755324	5.888221	7.317247	2.846049	6.141952	-131.955000	54.938500	25.000000
9.930122	1.755324	5.888221	11.822356	2.073889	1.465363	-131.955000	56.036200	25.000000
9.930122	1.755324	5.888221	11.156164	2.572859	1.249046	-131.955000	56.507600	25.000000
9.930122	1.755324	5.888221	8.401786	2.026821	0.254625	-131.955000	57.605300	25.000000
9.930122	1.755324	5.888221	9.053927	1.603937	6.179118	-131.955000	58.076600	25.000000
9.930122	1.755324	5.888221	10.647178	2.527190	6.172168	-131.955000	59.174300	25.000000
9.930122	1.755324	5.888221	10.524809	1.662136	5.626326	-131.955000	59.645700	25.000000
9.930122	1.755324	5.888221	9.337028	1.625445	5.665430	-131.955000	60.743400	25.000000
9.939196	1.755153	5.888615	9.952191	1.753684	5.906474	-131.171000	42.386000	25.000000
9.939196	1.755153	5.888615	9.862677	1.756394	5.902679	-131.171000	43.483700	25.000000
9.939196	1.755153	5.888615	9.916456	1.754350	5.916011	-131.171000	43.955000	25.000000
9.939196	1.755153	5.888615	10.002920	1.749697	5.919658	-131.171000	45.052700	25.000000
9.939196	1.755153	5.888615	9.849365	1.744265	6.033207	-131.171000	45.524100	25.000000
9.939196	1.755153	5.888615	10.089148	1.723032	6.009018	-131.171000	46.621800	25.000000
9.939196	1.755153	5.888615	9.243511	1.953290	5.730766	-131.171000	47.093200	25.000000
9.939196	1.755153	5.888615	10.609317	1.689841	5.934414	-131.171000	48.190900	25.000000
9.939196	1.755153	5.888615	12.591858	1.869039	4.789734	-131.171000	48.662200	25.000000
9.939196	1.755153	5.888615	6.045866	2.362042	4.865933	-131.171000	49.759900	25.000000
9.939196	1.755153	5.888615	9.134818	2.149998	3.484441	-131.171000	50.231300	25.000000
9.939196	1.755153	5.888615	10.687020	2.111388	3.381807	-131.171000	51.329000	25.000000
9.939196	1.755153	5.888615	10.004999	2.117343	3.641873	-131.171000	51.800400	25.000000
9.939196	1.755153	5.888615	9.962931	2.108189	3.667985	-131.171000	52.898100	25.000000
9.939196	1.755153	5.888615	10.511422	2.261918	2.788602	-131.171000	53.369400	25.000000
9.939196	1.755153	5.888615	9.336488	2.214044	2.653998	-131.171000	54.467100	25.000000
9.939196	1.755153	5.888615	9.183137	1.790346	0.190831	-131.171000	54.938500	25.000000
9.939196	1.755153	5.888615	9.824968	2.393264	1.954080	-131.171000	56.036200	25.000000
9.939196	1.755153	5.888615	7.993748	2.052017	0.155868	-131.171000	56.507600	25.000000
9.939196	1.755153	5.888615	11.292918	2.522956	1.693257	-131.171000	57.605300	25.000000
9.939196	1.755153	5.888615	9.754199	2.038780	0.217672	-131.171000	58.076600	25.000000
9.939196	1.755153	5.888615	10.082162	1.872927	5.773060	-131.171000	59.174300	25.000000
9.939196	1.755153	5.888615	9.573531	1.649218	5.669026	-131.171000	59.645700	25.000000
9.939196	1.755153	5.888615	10.305246	1.708050	5.714202	-131.171000	60.743400	25.000000
9.939196	1.755153	5.888615	9.952191	1.753684	5.906474	-130.386000	43.483700	25.000000
9.939196	1.755153	5.888615	10.060736	1.748658	5.932689	-130.386000	43.955000	25.000000
9.939196	1.755153	5.888615	9.938310	1.752919	5.938785	-130.386000	45.052700	25.000000
9.939196	1.755153	5.888615	9.999365	1.713287	6.082818	-130.386000	45.524100	25.000000
9.939196	1.755153	5.888615	9.772860	1.743559	6.065418	-130.386000	46.621800	25.000000
9.939196	1.755153	5.888615	10.224480	1.718034	6.033411	-130.386000	47.093200	25.000000
9.939196	1.755153	5.888615	9.699283	1.811269	5.633315	-130.386000	48.190900	25.000000
9.939196	1.755153	5.888615	10.038426	1.926938	4.669861	-130.386000	48.662200	25.000000
9.939196	1.755153	5.888615	9.808670	1.968619	4.044556	-130.386000	49.759900	25.000000
9.939196	1.755153	5.888615	9.831073	2.012209	3.438437	-130.386000	50.231300	25.000000
9.939196	1.755153	5.888615	10.009995	1.981877	3.428874	-130.386000	51.329000	25.000000
9.939196	1.755153	5.888615	9.905554	1.986478	3.526197	-130.386000	51.800400	25.000000
9.939196	1.755153	5.888615	9.937303	1.974102	3.787282	-130.386000	52.898100	25.000000
9.939196	1.755153	5.888615	9.539916	2.134826	2.338652	-130.386000	53.369400	25.000000
9.939196	1.755153	5.888615	10.334409	2.075811	2.529055	-130.386000	54.467100	25.000000
9.939196	1.755153	5.888615	12.400403	1.782034	0.955341	-130.386000	54.938500	25.000000
9.939196	1.755153	5.888615	5.644466	2.698756	5.231535	-130.386000	56.036200	25.000000
9.939196	1.755153	5.888615	10.704672	1.884177	0.952830	-130.386000	56.507600	25.000000
9.939196	1.755153	5.888615	8.608136	2.982921	4.413890	-130.386000	57.605300	25.000000
9.939196	1.755153	5.888615	8.614523	1.734037	6.129642	-130.386000	58.076600	25.000000
9.939196	1.755153	5.888615	11.008179	1.923246	5.832524	-130.386000	59.174300	25.000000
9.939196	1.755153	5.888615	10.303883	1.707089	5.714202	-130.386000	59.645700	25.000000
9.939196	1.755153	5.888615	9.622520	1.703165	5.767940	-130.386000	60.743400	25.000000
9.939196	1.755153	5.888615	9.824770	1.756083	5.912294	-129.602000	42.386000	25.000000
9.939196	1.755153	5.888615	9.966589	1.749337	5.929188	-129.602000	43.955000	25.000000
9.939196	1.755153	5.888615	9.905554	1.753528	5.948448	-129.602000	45.052700	25.000000
9.939196	1.755153	5.888615	9.999210	1.722388	6.152305	-129.602000	45.524100	25.000000
9.939196	1.755153	5.888615	9.952753	1.724118	6.116700	-129.602000	46.621800	25.000000
9.939196	1.755153	5.888615	6.359316	1.969698	5.153140	-129.602000	47.093200	25.000000
9.939196	1.755153	5.888615	12.477616	1.688882	5.841195	-129.602000	48.190900	25.000000
9.939196	1.755153	5.888615	7.865113	1.934783	4.120613	-129.602000	48.662200	25.000000
9.939196	1.755153	5.888615	11.562872	1.806478	3.920702	-129.602000	49.759900	25.000000
9.939196	1.755153	5.888615	10.965856	1.828994	3.579929	-129.602000	50.231300	25.000000
9.939196	1.755153	5.888615	8.809086	1.894261	3.433049	-129.602000	51.329000	25.000000
9.939196	1.755153	5.888615	9.087354	1.872467	3.620703	-129.602000	51.800400	25.000000
9.939196	1.755153	5.888615	10.630146	1.856900	3.338988	-129.602000	52.898100	25.000000
9.939196	1.755153	5.888615	10.700935	1.864704	2.047544	-129.602000	53.369400	25.000000
9.939196	1.755153	5.888615	9.158603	2.097007	2.356194	-129.602000	54.467100	25.000000
9.939196	1.755153	5.888615	8.741281	1.813409	0.141897	-129.602000	54.938500	25.000000
9.939196	1.755153	5.888615	10.802315	2.094271	1.388075	-129.602000	56.036200	25.000000
9.939196	1.755153	5.888615	9.539916	2.647735	2.183334	-129.602000	56.507600	25.000000
9.939196	1.755153	5.888615	9.529953	1.728852	0.257865	-129.602000	57.605300	25.000000
9.939196	1.755153	5.888615	9.342639	1.670505	5.728007	-129.602000	58.076600	25.000000
9.939196	1.755153	5.888615	10.531268	1.787078	5.819538	-129.602000	59.174300	25.000000
9.939196	1.755153	5.888615	10.160492	1.734910	5.783839	-129.602000	59.645700	25.000000
9.939196	1.755153	5.888615	9.769831	1.710454	5.764039	-129.602000	60.743400	25.000000
9.939196	1.755153	5.888615	9.862677	1.756394	5.902679	-128.817000	42.386000	25.000000
9.939196	1.755153	5.888615	9.918286	1.755341	5.916011	-128.817000	43.483700	25.000000
9.939196	1.755153	5.888615	9.932693	1.750976	5.971143	-128.817000	43.955000	25.000000
9.939196	1.755153	5.888615	9.871884	1.753128	5.958177	-128.817000	45.052700	25.000000
9.939196	1.755153	5.888615	9.908966	1.749361	6.055618	-128.817000	45.524100	25.000000
9.939196	1.755153	5.888615	9.892987	1.759934	6.027224	-128.817000	46.621800	25.000000
9.939196	1.755153	5.888615	12.738823	1.707815	5.695183	-128.817000	47.093200	25.000000
9.939196	1.755153	5.888615	5.194468	1.894042	4.610700	-128.817000	48.190900	25.000000
9.939196	1.755153	5.888615	9.097274	1.738667	3.530380	-128.817000	48.662200	25.000000
9.939196	1.755153	5.888615	10.674779	1.714620	3.853299	-128.817000	49.759900	25.000000
9.939196	1.755153	5.888615	10.317097	1.721603	3.631550	-128.817000	50.231300	25.000000
9.939196	1.755153	5.888615	9.480026	1.732897	3.324314	-128.817000	51.329000	25.000000
9.939196	1.755153	5.888615	11.105030	1.725396	3.256678	-128.817000	51.800400	25.000000
9.939196	1.755153	5.888615	8.534928	1.748653	3.149926	-128.817000	52.898100	25.000000
9.939196	1.755153	5.888615	6.105735	2.122451	1.965587	-128.817000	53.369400	25.000000
9.939196	1.755153	5.888615	12.624183	1.745959	1.915444	-128.817000	54.467100	25.000000
9.939196	1.755153	5.888615	12.414910	1.831494	1.066127	-128.817000	54.938500	25.000000
9.939196	1.755153	5.888615	6.484597	2.140925	0.147078	-128.817000	56.036200	25.000000
9.939196	1.755153	5.888615	11.044456	2.155933	1.418147	-128.817000	56.507600	25.000000
9.939196	1.755153	5.888615	7.877182	1.920652	5.952888	-128.817000	57.605300	25.000000
9.939196	1.755153	5.888615	9.977720	1.678242	5.633636	-128.817000	58.076600	25.000000
9.939196	1.755153	5.888615	9.922303	1.682900	5.641713	-128.817000	59.174300	25.000000
9.939196	1.755153	5.888615	9.783788	1.729892	5.810279	-128.817000	59.645700	25.000000
9.939196	1.755153	5.888615	10.072542	1.739377	5.801522	-128.817000	60.743400	25.000000
9.939196	1.755153	5.888615	9.954014	1.754672	5.906474	-128.033000	41.914600	25.000000
9.939196	1.755153	5.888615	9.955848	1.755659	5.906474	-128.033000	42.386000	25.000000
9.939196	1.755153	5.888615	10.010115	1.753629	5.919658	-128.033000	43.483700	25.000000
9.939196	1.755153	5.888615	9.822932	1.755082	6.010575	-128.033000	43.955000	25.000000
9.939196	1.755153	5.888615	9.995144	1.748821	5.983939	-128.033000	45.052700	25.000000
9.939196	1.755153	5.888615	10.325328	1.747988	5.867958	-128.033000	45.524100	25.000000
9.939196	1.755153	5.888615	9.512623	1.858586	5.622142	-128.033000	46.621800	25.000000
9.939196	1.755153	5.888615	4.946807	1.768161	4.462410	-128.033000	47.093200	25.000000
9.939196	1.755153	5.888615	13.039314	1.685316	5.156012	-128.033000	48.190900	25.000000
9.939196	1.755153	5.888615	10.109080	1.588900	3.614090	-128.033000	48.662200	25.000000
9.939196	1.755153	5.888615	9.787709	1.588268	3.336984	-128.033000	49.759900	25.000000
9.939196	1.755153	5.888615	10.576370	1.604841	3.550211	-128.033000	50.231300	25.000000
9.939196	1.755153	5.888615	9.369957	1.591075	3.422825	-128.033000	51.329000	25.000000
9.939196	1.755153	5.888615	9.748872	1.588235	3.042945	-128.033000	51.800400	25.000000
9.939196	1.755153	5.888615	10.067621	1.607556	2.837759	-128.033000	52.898100	25.000000
9.939196	1.755153	5.888615	13.543685	1.669156	1.678586	-128.033000	53.369400	25.000000
9.939196	1.755153	5.888615	2.430658	2.429501	1.078987	-128.033000	54.467100	25.000000
9.939196	1.755153	5.888615	8.200000	2.196128	1.940130	-128.033000	54.938500	25.000000
9.939196	1.755153	5.888615	11.016805	1.716544	0.582914	-128.033000	56.036200	25.000000
9.939196	1.755153	5.888615	6.850547	2.527771	6.130536	-128.033000	56.507600	25.000000
9.939196	1.755153	5.888615	12.045331	1.805398	0.876058	-128.033000	57.605300	25.000000
9.939196	1.755153	5.888615	10.024969	1.700839	5.647732	-128.033000	58.076600	25.000000
9.939196	1.755153	5.888615	9.875343	1.653927	5.548104	-128.033000	59.174300	25.000000
9.939196	1.755153	5.888615	9.993878	1.745795	5.842261	-128.033000	59.645700	25.000000
9.939196	1.755153	5.888615	9.886334	1.737452	5.814951	-128.033000	60.743400	25.000000
9.939196	1.755153	5.888615	9.864527	1.757390	5.902679	-127.248000	41.914600	25.000000
9.939196	1.755153	5.888615	9.883441	1.756000	5.925619	-127.248000	42.386000	25.000000
9.939196	1.755153	5.888615	10.011938	1.754612	5.919658	-127.248000	43.483700	25.000000
9.939196	1.755153	5.888615	10.127142	1.746476	6.049396	-127.248000	43.955000	25.000000
9.939196	1.755153	5.888615	9.780532	1.757971	6.028616	-127.248000	45.052700	25.000000
9.939196	1.755153	5.888615	9.600464	1.762586	5.948013	-127.248000	45.524100	25.000000
9.939196	1.755153	5.888615	10.300121	1.761264	5.476811	-127.248000	46.621800	25.000000
9.939196	1.755153	5.888615	6.025610	1.632905	4.780616	-127.248000	47.093200	25.000000
9.939196	1.755153	5.888615	12.696225	1.555909	4.496454	-127.248000	48.190900	25.000000
9.939196	1.755153	5.888615	9.628359	1.448979	3.452093	-127.248000	48.662200	25.000000
9.939196	1.755153	5.888615	10.163198	1.463340	3.285589	-127.248000	49.759900	25.000000
9.939196	1.755153	5.888615	10.225947	1.453177	3.578815	-127.248000	50.231300	25.000000
9.939196	1.755153	5.888615	9.689298	1.493314	3.614499	-127.248000	51.329000	25.000000
9.939196	1.755153	5.888615	10.209804	1.471710	2.638318	-127.248000	51.800400	25.000000
9.939196	1.755153	5.888615	9.590620	1.455848	2.696722	-127.248000	52.898100	25.000000
9.939196	1.755153	5.888615	11.220348	1.580600	1.769066	-127.248000	53.369400	25.000000
9.939196	1.755153	5.888615	6.978259	1.772790	6.195307	-127.248000	54.467100	25.000000
9.939196	1.755153	5.888615	13.126466	1.754667	1.352884	-127.248000	54.938500	25.000000
9.939196	1.755153	5.888615	3.515053	2.885032	3.484617	-127.248000	56.036200	25.000000
9.939196	1.755153	5.888615	10.012992	1.660801	0.369334	-127.248000	56.507600	25.000000
9.939196	1.755153	5.888615	9.936297	2.270647	0.569756	-127.248000	57.605300	25.000000
9.939196	1.755153	5.888615	9.931672	1.680768	5.591041	-127.248000	58.076600	25.000000
9.939196	1.755153	5.888615	10.063379	1.716391	5.697968	-127.248000	59.174300	25.000000
9.939196	1.755153	5.888615	9.999145	1.748749	5.842261	-127.248000	59.645700	25.000000
9.939196	1.755153	5.888615	9.810917	1.745987	5.833426	-127.248000	60.743400	25.000000
9.930122	1.755324	5.888221	9.864527	1.757390	5.902679	-126.463000	41.914600	25.000000
9.930122	1.755324	5.888221	9.979258	1.756240	5.929188	-126.463000	42.386000	25.000000
9.930122	1.755324	5.888221	9.943787	1.755886	5.938785	-126.463000	43.483700	25.000000
9.930122	1.755324	5.888221	10.016312	1.753515	6.108690	-126.463000	43.955000	25.000000
9.930122	1.755324	5.888221	9.859457	1.757488	6.085790	-126.463000	45.052700	25.000000
9.930122	1.755324	5.888221	11.541009	1.707256	5.590687	-126.463000	45.524100	25.000000
9.930122	1.755324	5.888221	7.971129	1.718108	6.013596	-126.463000	46.621800	25.000000
9.930122	1.755324	5.888221	10.201377	1.481474	4.534296	-126.463000	47.093200	25.000000
9.930122	1.755324	5.888221	9.619584	1.369854	3.994557	-126.463000	48.190900	25.000000
9.930122	1.755324	5.888221	9.909773	1.322016	3.394147	-126.463000	48.662200	25.000000
9.930122	1.755324	5.888221	9.930403	1.344302	3.456807	-126.463000	49.759900	25.000000
9.930122	1.755324	5.888221	11.001436	1.337815	3.659580	-126.463000	50.231300	25.000000
9.930122	1.755324	5.888221	8.743003	1.338823	3.552657	-126.463000	51.329000	25.000000
9.930122	1.755324	5.888221	9.881012	1.327538	2.452195	-126.463000	51.800400	25.000000
9.930122	1.755324	5.888221	10.055068	1.358363	2.349000	-126.463000	52.898100	25.000000
9.930122	1.755324	5.888221	12.704739	1.730470	0.621176	-126.463000	53.369400	25.000000
9.930122	1.755324	5.888221	4.294229	1.218932	2.373737	-126.463000	54.467100	25.000000
9.930122	1.755324	5.888221	12.264004	1.756964	1.845563	-126.463000	54.938500	25.000000
9.930122	1.755324	5.888221	5.160862	2.002628	6.197741	-126.463000	56.036200	25.000000
9.930122	1.755324	5.888221	8.736269	1.720156	0.095061	-126.463000	56.507600	25.000000
9.930122	1.755324	5.888221	11.043211	1.951171	0.102580	-126.463000	57.605300	25.000000
9.930122	1.755324	5.888221	9.625742	1.719908	5.730154	-126.463000	58.076600	25.000000
9.930122	1.755324	5.888221	10.272045	1.724240	5.686986	-126.463000	59.174300	25.000000
9.930122	1.755324	5.888221	9.906690	1.748376	5.837884	-126.463000	59.645700	25.000000
9.930122	1.755324	5.888221	9.961129	1.751476	5.851490	-126.463000	60.743400	25.000000
9.939196	1.755153	5.888615	9.955848	1.755659	5.906474	-125.679000	40.816900	25.000000
9.939196	1.755153	5.888615	9.955848	1.755659	5.906474	-125.679000	41.914600	25.000000
9.939196	1.755153	5.888615	10.009476	1.757707	5.951789	-125.679000	42.386000	25.000000
9.939196	1.755153	5.888615	9.820163	1.759280	5.945043	-125.679000	43.483700	25.000000
9.939196	1.755153	5.888615	9.794110	1.764988	6.131723	-125.679000	43.955000	25.000000
9.939196	1.755153	5.888615	10.007922	1.760788	6.121717	-125.679000	45.052700	25.000000
9.939196	1.755153	5.888615	8.057891	1.491287	5.042013	-125.679000	45.524100	25.000000
9.939196	1.755153	5.888615	11.342350	1.763301	5.944391	-125.679000	46.621800	25.000000
9.939196	1.755153	5.888615	11.317685	1.256392	3.874408	-125.679000	47.093200	25.000000
9.939196	1.755153	5.888615	8.378544	1.255270	4.215046	-125.679000	48.190900	25.000000
9.939196	1.755153	5.888615	10.852189	1.193305	3.453939	-125.679000	48.662200	25.000000
9.939196	1.755153	5.888615	8.897753	1.238806	3.637144	-125.679000	49.759900	25.000000
9.939196	1.755153	5.888615	11.378049	1.183247	3.490364	-125.679000	50.231300	25.000000
9.939196	1.755153	5.888615	8.434453	1.168804	3.402195	-125.679000	51.329000	25.000000
9.939196	1.755153	5.888615	11.161541	1.307960	2.042743	-125.679000	51.800400	25.000000
9.939196	1.755153	5.888615	8.476438	1.145150	2.209116	-125.679000	52.898100	25.000000
9.939196	1.755153	5.888615	5.575048	1.112604	1.570796	-125.679000	53.369400	25.000000
9.939196	1.755153	5.888615	12.627852	1.740201	0.677250	-125.679000	54.467100	25.000000
9.939196	1.755153	5.888615	2.719209	2.137579	4.425108	-125.679000	54.938500	25.000000
9.939196	1.755153	5.888615	12.858869	1.690063	1.222293	-125.679000	56.036200	25.000000
9.939196	1.755153	5.888615	10.008117	1.753666	5.842261	-125.679000	56.507600	25.000000
9.939196	1.755153	5.888615	9.883952	1.779720	6.095931	-125.679000	57.605300	25.000000
9.939196	1.755153	5.888615	10.230269	1.739727	5.752970	-125.679000	58.076600	25.000000
9.939196	1.755153	5.888615	9.665071	1.732911	5.767940	-125.679000	59.174300	25.000000
9.939196	1.755153	5.888615	9.827151	1.751898	5.856558	-125.679000	59.645700	25.000000
9.939196	1.755153	5.888615	9.962931	1.752464	5.851490	-125.679000	60.743400	25.000000
9.930122	1.755324	5.888221	9.955848	1.755659	5.906474	-124.894000	40.816900	25.000000
9.930122	1.755324	5.888221	9.921976	1.757323	5.916011	-124.894000	41.914600	25.000000
9.930122	1.755324	5.888221	9.979825	1.759289	5.961435	-124.894000	42.386000	25.000000
9.930122	1.755324	5.888221	9.923311	1.762428	5.980913	-124.894000	43.483700	25.000000
9.930122	1.755324	5.888221	9.904287	1.766916	5.925619	-124.894000	43.955000	25.000000
9.930122	1.755324	5.888221	9.960668	1.765792	5.971143	-124.894000	45.052700	25.000000
9.930122	1.755324	5.888221	8.165530	1.707366	6.134295	-124.894000	45.524100	25.000000
9.930122	1.755324	5.888221	11.161553	1.473308	4.948634	-124.894000	46.621800	25.000000
9.930122	1.755324	5.888221	8.670063	1.038523	3.629188	-124.894000	47.093200	25.000000
9.930122	1.755324	5.888221	11.024518	1.130373	3.905717	-124.894000	48.190900	25.000000
9.930122	1.755324	5.888221	10.679888	1.083578	3.409703	-124.894000	48.662200	25.000000
9.930122	1.755324	5.888221	9.058697	1.101113	3.688381	-124.894000	49.759900	25.000000
9.930122	1.755324	5.888221	10.231637	1.037671	3.361246	-124.894000	50.231300	25.000000
9.930122	1.755324	5.888221	9.656236	1.002126	3.046816	-124.894000	51.329000	25.000000
9.930122	1.755324	5.888221	6.146877	0.924878	1.629911	-124.894000	51.800400	25.000000
9.930122	1.755324	5.888221	12.588979	1.255819	1.851850	-124.894000	52.898100	25.000000
9.930122	1.755324	5.888221	10.368457	1.771791	0.503274	-124.894000	53.369400	25.000000
9.930122	1.755324	5.888221	9.223752	1.209555	1.489580	-124.894000	54.467100	25.000000
9.930122	1.755324	5.888221	8.385249	1.772513	0.060900	-124.894000	54.938500	25.000000
9.930122	1.755324	5.888221	10.525094	1.593601	1.723446	-124.894000	56.036200	25.000000
9.930122	1.755324	5.888221	9.579165	1.730148	5.701048	-124.894000	56.507600	25.000000
9.930122	1.755324	5.888221	10.249785	1.726551	5.673268	-124.894000	57.605300	25.000000
9.930122	1.755324	5.888221	9.809811	1.742902	5.787142	-124.894000	58.076600	25.000000
9.930122	1.755324	5.888221	10.086273	1.747196	5.801522	-124.894000	59.174300	25.000000
9.930122	1.755324	5.888221	9.922197	1.753218	5.860799	-124.894000	59.645700	25.000000
9.930122	1.755324	5.888221	9.974272	1.753274	5.874277	-124.894000	60.743400	25.000000
9.939196	1.755153	5.888615	9.959543	1.757633	5.906474	-124.110000	40.816900	25.000000
9.939196	1.755153	5.888615	9.923835	1.758313	5.916011	-124.110000	41.914600	25.000000
9.939196	1.755153	5.888615	10.096118	1.766171	5.996564	-124.110000	42.386000	25.000000
9.939196	1.755153	5.888615	9.800617	1.764857	5.987744	-124.110000	43.483700	25.000000
9.939196	1.755153	5.888615	11.626801	1.739309	5.658879	-124.110000	43.955000	25.000000
9.939196	1.755153	5.888615	7.988216	1.701359	5.632109	-124.110000	45.052700	25.000000
9.939196	1.755153	5.888615	12.029086	1.626523	5.397533	-124.110000	45.524100	25.000000
9.939196	1.755153	5.888615	7.067531	1.052705	4.598135	-124.110000	46.621800	25.000000
9.939196	1.755153	5.888615	8.585453	0.875493	3.530550	-124.110000	47.093200	25.000000
9.939196	1.755153	5.888615	11.093692	0.988597	3.648691	-124.110000	48.190900	25.000000
9.939196	1.755153	5.888615	9.610931	0.948786	3.467392	-124.110000	48.662200	25.000000
9.939196	1.755153	5.888615	10.173495	0.999622	3.667985	-124.110000	49.759900	25.000000
9.939196	1.755153	5.888615	10.852285	0.845370	2.969560	-124.110000	50.231300	25.000000
9.939196	1.755153	5.888615	9.005559	0.856414	2.841689	-124.110000	51.329000	25.000000
9.939196	1.755153	5.888615	9.787242	0.788374	2.097626	-124.110000	51.800400	25.000000
9.939196	1.755153	5.888615	9.772252	1.529853	0.892057	-124.110000	52.898100	25.000000
9.939196	1.755153	5.888615	10.965546	1.702497	0.827041	-124.110000	53.369400	25.000000
9.939196	1.755153	5.888615	8.159865	1.054249	2.078579	-124.110000	54.467100	25.000000
9.939196	1.755153	5.888615	12.144859	1.756299	0.546167	-124.110000	54.938500	25.000000
9.939196	1.755153	5.888615	6.853466	1.394795	1.451956	-124.110000	56.036200	25.000000
9.939196	1.755153	5.888615	10.370733	1.726671	5.608444	-124.110000	56.507600	25.000000
9.939196	1.755153	5.888615	9.559942	1.723059	5.595222	-124.110000	57.605300	25.000000
9.939196	1.755153	5.888615	9.953537	1.749573	5.805840	-124.110000	58.076600	25.000000
9.939196	1.755153	5.888615	9.819756	1.751001	5.833426	-124.110000	59.174300	25.000000
9.939196	1.755153	5.888615	9.882307	1.753963	5.870186	-124.110000	59.645700	25.000000
9.939196	1.755153	5.888615	9.884134	1.754957	5.870186	-124.110000	60.743400	25.000000
9.930122	1.755324	5.888221	9.887143	1.757988	5.925619	-123.325000	40.816900	25.000000
9.930122	1.755324	5.888221	10.021198	1.759517	5.919658	-123.325000	41.914600	25.000000
9.930122	1.755324	5.888221	9.907825	1.768904	6.028219	-123.325000	42.386000	25.000000
9.930122	1.755324	5.888221	10.079782	1.776616	6.050006	-123.325000	43.483700	25.000000
9.930122	1.755324	5.888221	12.481490	1.751240	5.584276	-123.325000	43.955000	25.000000
9.930122	1.755324	5.888221	6.474481	1.519805	5.729504	-123.325000	45.052700	25.000000
9.930122	1.755324	5.888221	6.117320	0.941603	5.029024	-123.325000	45.524100	25.000000
9.930122	1.755324	5.888221	12.624484	1.330868	4.813680	-123.325000	46.621800	25.000000
9.930122	1.755324	5.888221	10.816654	0.866956	3.540115	-123.325000	47.093200	25.000000
9.930122	1.755324	5.888221	9.057593	0.754418	3.504137	-123.325000	48.190900	25.000000
9.930122	1.755324	5.888221	9.875728	0.905012	3.743880	-123.325000	48.662200	25.000000
9.930122	1.755324	5.888221	10.092076	0.844792	3.700192	-123.325000	49.759900	25.000000
9.930122	1.755324	5.888221	10.475686	0.671700	2.574863	-123.325000	50.231300	25.000000
9.930122	1.755324	5.888221	9.421783	0.764495	2.519561	-123.325000	51.329000	25.000000
9.930122	1.755324	5.888221	6.901449	1.556306	6.268694	-123.325000	51.800400	25.000000
9.930122	1.755324	5.888221	11.662333	1.030399	1.580796	-123.325000	52.898100	25.000000
9.930122	1.755324	5.888221	6.880988	1.617318	0.603336	-123.325000	53.369400	25.000000
9.930122	1.755324	5.888221	11.740464	1.193984	2.027070	-123.325000	54.467100	25.000000
9.930122	1.755324	5.888221	9.144534	1.422626	0.612538	-123.325000	54.938500	25.000000
9.930122	1.755324	5.888221	10.579584	1.786074	0.493941	-123.325000	56.036200	25.000000
9.930122	1.755324	5.888221	9.705406	1.733276	5.579089	-123.325000	56.507600	25.000000
9.930122	1.755324	5.888221	10.133529	1.741356	5.675741	-123.325000	57.605300	25.000000
9.930122	1.755324	5.888221	10.048686	1.751908	5.833112	-123.325000	58.076600	25.000000
9.930122	1.755324	5.888221	9.782847	1.754806	5.842789	-123.325000	59.174300	25.000000
9.930122	1.755324	5.888221	9.884134	1.754957	5.870186	-123.325000	59.645700	25.000000
9.930122	1.755324	5.888221	9.974272	1.753274	5.874277	-123.325000	60.743400	25.000000
9.939196	1.755153	5.888615	9.956907	1.762796	5.938785	-122.541000	40.816900	25.000000
9.939196	1.755153	5.888615	9.890885	1.759975	5.925619	-122.541000	41.914600	25.000000
9.939196	1.755153	5.888615	10.041364	1.788621	6.078788	-122.541000	42.386000	25.000000
9.939196	1.755153	5.888615	9.873870	1.782007	6.104073	-122.541000	43.483700	25.000000
9.939196	1.755153	5.888615	11.602332	1.725694	5.615256	-122.541000	43.955000	25.000000
9.939196	1.755153	5.888615	7.810659	1.581039	6.050628	-122.541000	45.052700	25.000000
9.939196	1.755153	5.888615	10.584630	1.203588	4.903035	-122.541000	45.524100	25.000000
9.939196	1.755153	5.888615	9.216617	0.832947	4.359797	-122.541000	46.621800	25.000000
9.939196	1.755153	5.888615	10.146921	0.724251	3.671808	-122.541000	47.093200	25.000000
9.939196	1.755153	5.888615	9.788258	0.744281	3.544504	-122.541000	48.190900	25.000000
9.939196	1.755153	5.888615	10.373524	0.690082	3.700192	-122.541000	48.662200	25.000000
9.939196	1.755153	5.888615	9.468896	0.799565	3.906160	-122.541000	49.759900	25.000000
9.939196	1.755153	5.888615	10.241582	0.555801	2.251318	-122.541000	50.231300	25.000000
9.939196	1.755153	5.888615	9.577578	0.720076	1.977767	-122.541000	51.329000	25.000000
9.939196	1.755153	5.888615	10.686908	1.608234	0.765533	-122.541000	51.800400	25.000000
9.939196	1.755153	5.888615	8.725824	0.489776	1.619538	-122.541000	52.898100	25.000000
9.939196	1.755153	5.888615	6.268852	1.593131	0.176428	-122.541000	53.369400	25.000000
9.939196	1.755153	5.888615	11.836131	1.155077	1.884369	-122.541000	54.467100	25.000000
9.939196	1.755153	5.888615	9.815651	1.671827	6.167213	-122.541000	54.938500	25.000000
9.939196	1.755153	5.888615	10.026669	1.666688	0.237688	-122.541000	56.036200	25.000000
9.939196	1.755153	5.888615	9.934430	1.749921	5.746275	-122.541000	56.507600	25.000000
9.939196	1.755153	5.888615	9.977600	1.747101	5.664119	-122.541000	57.605300	25.000000
9.939196	1.755153	5.888615	9.873702	1.754124	5.847180	-122.541000	58.076600	25.000000
9.939196	1.755153	5.888615	9.924016	1.754209	5.860799	-122.541000	59.174300	25.000000
9.939196	1.755153	5.888615	9.976091	1.754260	5.874277	-122.541000	59.645700	25.000000
9.939196	1.755153	5.888615	9.974272	1.753274	5.874277	-122.541000	60.743400	25.000000
9.930122	1.755324	5.888221	10.058951	1.765889	5.942206	-121.756000	40.816900	25.000000
9.930122	1.755324	5.888221	9.827736	1.763278	5.945043	-121.756000	41.914600	25.000000
9.930122	1.755324	5.888221	10.008337	1.804731	6.116010	-121.756000	42.386000	25.000000
9.930122	1.755324	5.888221	9.942686	1.790818	6.137353	-121.756000	43.483700	25.000000
9.930122	1.755324	5.888221	8.756649	1.360260	5.456488	-121.756000	43.955000	25.000000
9.930122	1.755324	5.888221	10.937408	1.789216	5.899201	-121.756000	45.052700	25.000000
9.930122	1.755324	5.888221	8.029078	0.605861	4.534296	-121.756000	45.524100	25.000000
9.930122	1.755324	5.888221	11.584576	0.954085	4.533671	-121.756000	46.621800	25.000000
9.930122	1.755324	5.888221	9.118662	0.642574	3.744823	-121.756000	47.093200	25.000000
9.930122	1.755324	5.888221	10.732195	0.641286	3.794439	-121.756000	48.190900	25.000000
9.930122	1.755324	5.888221	11.044456	0.552708	3.705676	-121.756000	48.662200	25.000000
9.930122	1.755324	5.888221	8.676405	0.591981	3.809882	-121.756000	49.759900	25.000000
9.930122	1.755324	5.888221	10.204635	0.828254	1.640550	-121.756000	50.231300	25.000000
9.930122	1.755324	5.888221	9.718107	0.413261	1.533122	-121.756000	51.329000	25.000000
9.930122	1.755324	5.888221	7.788453	0.691373	1.134169	-121.756000	51.800400	25.000000
9.930122	1.755324	5.888221	11.667905	1.319618	1.031894	-121.756000	52.898100	25.000000
9.930122	1.755324	5.888221	8.788771	0.729858	2.011547	-121.756000	53.369400	25.000000
9.930122	1.755324	5.888221	9.988674	1.778521	0.344400	-121.756000	54.467100	25.000000
9.930122	1.755324	5.888221	9.194134	1.746815	6.003368	-121.756000	54.938500	25.000000
9.930122	1.755324	5.888221	10.573594	1.710274	5.785363	-121.756000	56.036200	25.000000
9.930122	1.755324	5.888221	9.746594	1.757587	5.782172	-121.756000	56.507600	25.000000
9.930122	1.755324	5.888221	10.131086	1.752425	5.734160	-121.756000	57.605300	25.000000
9.930122	1.755324	5.888221	9.834434	1.755899	5.856558	-121.756000	58.076600	25.000000
9.930122	1.755324	5.888221	9.966564	1.754437	5.851490	-121.756000	59.174300	25.000000
9.939196	1.755153	5.888615	9.972467	1.771694	5.971143	-120.972000	40.816900	25.000000
9.939196	1.755153	5.888615	9.933907	1.768377	5.948448	-120.972000	41.914600	25.000000
9.939196	1.755153	5.888615	9.923815	1.784021	6.034206	-120.972000	42.386000	25.000000
9.939196	1.755153	5.888615	9.851035	1.780428	6.018572	-120.972000	43.483700	25.000000
9.939196	1.755153	5.888615	6.161177	1.241909	5.896310	-120.972000	43.955000	25.000000
9.939196	1.755153	5.888615	12.560736	1.562039	5.362259	-120.972000	45.052700	25.000000
9.939196	1.755153	5.888615	8.247521	0.484056	4.571229	-120.972000	45.524100	25.000000
9.939196	1.755153	5.888615	11.385785	0.741047	4.354837	-120.972000	46.621800	25.000000
9.939196	1.755153	5.888615	9.660745	0.613319	4.054500	-120.972000	47.093200	25.000000
9.939196	1.755153	5.888615	10.144949	0.520789	3.729595	-120.972000	48.190900	25.000000
9.939196	1.755153	5.888615	9.186947	0.416919	3.774341	-120.972000	48.662200	25.000000
9.939196	1.755153	5.888615	10.582060	0.303000	3.332777	-120.972000	49.759900	25.000000
9.939196	1.755153	5.888615	9.459514	0.375620	0.891555	-120.972000	50.231300	25.000000
9.939196	1.755153	5.888615	10.488093	0.973338	1.277130	-120.972000	51.329000	25.000000
9.939196	1.755153	5.888615	11.625403	1.264987	1.191965	-120.972000	51.800400	25.000000
9.939196	1.755153	5.888615	7.716865	0.569240	1.096396	-120.972000	52.898100	25.000000
9.939196	1.755153	5.888615	6.143256	0.510498	5.759907	-120.972000	53.369400	25.000000
9.939196	1.755153	5.888615	12.073707	1.643747	0.844154	-120.972000	54.467100	25.000000
9.939196	1.755153	5.888615	10.193964	1.755283	5.653655	-120.972000	54.938500	25.000000
9.939196	1.755153	5.888615	9.643630	1.764886	5.662936	-120.972000	56.036200	25.000000
9.939196	1.755153	5.888615	10.096975	1.753046	5.801522	-120.972000	56.507600	25.000000
9.939196	1.755153	5.888615	9.794003	1.760829	5.796286	-120.972000	57.605300	25.000000
9.939196	1.755153	5.888615	9.925845	1.755199	5.860799	-120.972000	58.076600	25.000000
9.939196	1.755153	5.888615	9.885970	1.755952	5.870186	-120.972000	59.174300	25.000000
9.939196	1.755153	5.888615	9.976091	1.754260	5.874277	-120.972000	59.645700	25.000000
9.939196	1.755153	5.888615	9.976091	1.754260	5.874277	-120.972000	60.743400	25.000000
9.930122	1.755324	5.888221	9.845349	1.772251	5.977827	-120.187000	40.816900	25.000000
9.930122	1.755324	5.888221	9.941046	1.785704	5.990742	-120.187000	41.914600	25.000000
9.930122	1.755324	5.888221	10.074145	1.648300	5.667565	-120.187000	42.386000	25.000000
9.930122	1.755324	5.888221	9.783399	1.731969	5.912294	-120.187000	43.483700	25.000000
9.930122	1.755324	5.888221	8.611016	1.612615	5.939380	-120.187000	43.955000	25.000000
9.930122	1.755324	5.888221	11.028713	1.175201	5.105668	-120.187000	45.052700	25.000000
9.930122	1.755324	5.888221	8.683024	0.335118	4.380672	-120.187000	45.524100	25.000000
9.930122	1.755324	5.888221	10.992270	0.627224	4.380835	-120.187000	46.621800	25.000000
9.930122	1.755324	5.888221	10.393267	0.504188	3.912907	-120.187000	47.093200	25.000000
9.930122	1.755324	5.888221	9.415944	0.468816	4.196158	-120.187000	48.190900	25.000000
9.930122	1.755324	5.888221	8.951715	0.184370	3.105024	-120.187000	48.662200	25.000000
9.930122	1.755324	5.888221	10.865930	0.110216	2.935992	-120.187000	49.759900	25.000000
9.930122	1.755324	5.888221	10.796759	0.410449	1.190290	-120.187000	50.231300	25.000000
9.930122	1.755324	5.888221	8.917959	1.167485	0.785398	-120.187000	51.329000	25.000000
9.930122	1.755324	5.888221	12.054149	0.811295	1.668188	-120.187000	51.800400	25.000000
9.930122	1.755324	5.888221	6.973837	1.110160	0.674241	-120.187000	52.898100	25.000000
9.930122	1.755324	5.888221	11.326323	1.407620	0.810709	-120.187000	53.369400	25.000000
9.930122	1.755324	5.888221	8.062233	1.337994	5.985624	-120.187000	54.467100	25.000000
9.930122	1.755324	5.888221	9.914257	1.779072	5.548838	-120.187000	54.938500	25.000000
9.930122	1.755324	5.888221	9.905963	1.764825	5.643799	-120.187000	56.036200	25.000000
9.930122	1.755324	5.888221	10.011773	1.755631	5.842261	-120.187000	56.507600	25.000000
9.930122	1.755324	5.888221	9.925200	1.759313	5.814951	-120.187000	57.605300	25.000000
9.930122	1.755324	5.888221	9.887816	1.756946	5.870186	-120.187000	58.076600	25.000000
9.930122	1.755324	5.888221	9.977921	1.755245	5.874277	-120.187000	59.174300	25.000000
9.939196	1.755153	5.888615	9.968576	1.799497	6.030213	-119.403000	40.816900	25.000000
9.939196	1.755153	5.888615	9.801326	1.782551	5.999725	-119.403000	41.914600	25.000000
9.939196	1.755153	5.888615	10.757788	1.814899	5.879551	-119.403000	42.386000	25.000000
9.939196	1.755153	5.888615	9.066979	1.349517	5.457808	-119.403000	43.483700	25.000000
9.939196	1.755153	5.888615	10.456577	0.994274	5.073830	-119.403000	43.955000	25.000000
9.939196	1.755153	5.888615	9.355747	1.495906	5.742766	-119.403000	45.052700	25.000000
9.939196	1.755153	5.888615	9.048099	0.349851	4.741413	-119.403000	45.524100	25.000000
9.939196	1.755153	5.888615	10.732176	0.483897	4.220075	-119.403000	46.621800	25.000000
9.939196	1.755153	5.888615	9.910681	0.455546	4.112936	-119.403000	47.093200	25.000000
9.939196	1.755153	5.888615	10.038172	0.435784	4.457107	-119.403000	48.190900	25.000000
9.939196	1.755153	5.888615	10.496809	0.193950	0.757433	-119.403000	48.662200	25.000000
9.939196	1.755153	5.888615	9.404244	0.149032	1.765383	-119.403000	49.759900	25.000000
9.939196	1.755153	5.888615	12.176617	0.864810	1.063698	-119.403000	50.231300	25.000000
9.939196	1.755153	5.888615	6.833740	0.528899	0.515549	-119.403000	51.329000	25.000000
9.939196	1.755153	5.888615	7.485319	0.398087	6.248716	-119.403000	51.800400	25.000000
9.939196	1.755153	5.888615	11.583609	1.171815	1.305366	-119.403000	52.898100	25.000000
9.939196	1.755153	5.888615	9.637853	1.655981	0.356236	-119.403000	53.369400	25.000000
9.939196	1.755153	5.888615	10.273053	1.384775	5.968482	-119.403000	54.467100	25.000000
9.939196	1.755153	5.888615	10.253955	1.761139	5.681409	-119.403000	54.938500	25.000000
9.939196	1.755153	5.888615	9.494635	1.792738	5.620248	-119.403000	56.036200	25.000000
9.939196	1.755153	5.888615	9.970236	1.756410	5.851490	-119.403000	56.507600	25.000000
9.939196	1.755153	5.888615	9.838171	1.761001	5.833426	-119.403000	57.605300	25.000000
9.939196	1.755153	5.888615	9.887816	1.756946	5.870186	-119.403000	59.174300	25.000000
9.939196	1.755153	5.888615	10.065252	1.823855	6.058617	-118.618000	40.816900	25.000000
9.939196	1.755153	5.888615	9.784467	1.790245	6.053953	-118.618000	41.914600	25.000000
9.939196	1.755153	5.888615	7.869728	1.170330	5.595514	-118.618000	42.386000	25.000000
9.939196	1.755153	5.888615	11.568679	1.871540	5.843824	-118.618000	43.483700	25.000000
9.939196	1.755153	5.888615	9.036592	1.290487	5.669629	-118.618000	43.955000	25.000000
9.939196	1.755153	5.888615	10.750349	0.933121	5.067095	-118.618000	45.052700	25.000000
9.939196	1.755153	5.888615	9.466256	0.347633	4.836744	-118.618000	45.524100	25.000000
9.939196	1.755153	5.888615	10.367275	0.435405	4.357366	-118.618000	46.621800	25.000000
9.939196	1.755153	5.888615	10.087066	0.446080	4.557818	-118.618000	47.093200	25.000000
9.939196	1.755153	5.888615	9.843048	0.301175	4.595680	-118.618000	48.190900	25.000000
9.939196	1.755153	5.888615	9.713645	0.292881	1.048112	-118.618000	48.662200	25.000000
9.939196	1.755153	5.888615	10.133607	0.432621	0.463648	-118.618000	49.759900	25.000000
9.939196	1.755153	5.888615	10.857716	0.917430	0.908736	-118.618000	50.231300	25.000000
9.939196	1.755153	5.888615	8.819864	0.509416	0.950547	-118.618000	51.329000	25.000000
9.939196	1.755153	5.888615	11.421909	0.965408	1.245679	-118.618000	51.800400	25.000000
9.939196	1.755153	5.888615	7.645914	1.153330	5.947861	-118.618000	52.898100	25.000000
9.939196	1.755153	5.888615	10.670989	1.655237	5.739540	-118.618000	53.369400	25.000000
9.939196	1.755153	5.888615	9.117242	1.712763	6.116215	-118.618000	54.467100	25.000000
9.939196	1.755153	5.888615	10.046711	1.763086	5.751461	-118.618000	54.938500	25.000000
9.939196	1.755153	5.888615	9.819185	1.784244	5.698073	-118.618000	56.036200	25.000000
9.939196	1.755153	5.888615	9.926711	1.759284	5.837884	-118.618000	56.507600	25.000000
9.939196	1.755153	5.888615	9.841875	1.759894	5.856558	-118.618000	57.605300	25.000000
9.939196	1.755153	5.888615	9.977921	1.755245	5.874277	-118.618000	58.076600	25.000000
9.939196	1.755153	5.888615	9.926248	1.825395	6.075582	-117.834000	40.816900	25.000000
9.939196	1.755153	5.888615	9.956229	1.832922	6.127611	-117.834000	41.914600	25.000000
9.939196	1.755153	5.888615	9.540042	1.762748	6.165453	-117.834000	42.386000	25.000000
9.939196	1.755153	5.888615	10.305901	1.469711	5.504684	-117.834000	43.483700	25.000000
9.939196	1.755153	5.888615	11.361778	1.004053	5.120020	-117.834000	43.955000	25.000000
9.939196	1.755153	5.888615	8.083316	0.903890	5.699549	-117.834000	45.052700	25.000000
9.939196	1.755153	5.888615	10.099021	0.425144	4.889773	-117.834000	45.524100	25.000000
9.939196	1.755153	5.888615	9.756627	0.368970	4.609044	-117.834000	46.621800	25.000000
9.939196	1.755153	5.888615	10.121606	0.379887	4.881042	-117.834000	47.093200	25.000000
9.939196	1.755153	5.888615	9.785832	0.242289	5.176037	-117.834000	48.190900	25.000000
9.939196	1.755153	5.888615	10.138461	0.456565	0.804383	-117.834000	48.662200	25.000000
9.939196	1.755153	5.888615	9.868455	0.607991	0.347559	-117.834000	49.759900	25.000000
9.939196	1.755153	5.888615	10.960839	0.557699	0.944535	-117.834000	50.231300	25.000000
9.939196	1.755153	5.888615	8.848164	0.900015	0.805803	-117.834000	51.329000	25.000000
9.939196	1.755153	5.888615	9.847462	0.442261	0.083141	-117.834000	51.800400	25.000000
9.939196	1.755153	5.888615	9.436572	1.795214	0.256051	-117.834000	52.898100	25.000000
9.939196	1.755153	5.888615	9.302306	1.817311	5.655204	-117.834000	53.369400	25.000000
9.939196	1.755153	5.888615	10.417433	1.737637	5.741096	-117.834000	54.467100	25.000000
9.939196	1.755153	5.888615	10.118206	1.760704	5.779019	-117.834000	54.938500	25.000000
9.939196	1.755153	5.888615	9.704169	1.781541	5.777110	-117.834000	56.036200	25.000000
9.939196	1.755153	5.888615	9.973946	1.758380	5.851490	-117.834000	56.507600	25.000000
9.939196	1.755153	5.888615	9.927684	1.756190	5.860799	-117.834000	57.605300	25.000000
9.939196	1.755153	5.888615	9.903454	1.836444	6.102209	-117.049000	40.816900	25.000000
9.939196	1.755153	5.888615	9.958835	1.845349	6.149255	-117.049000	41.914600	25.000000
9.939196	1.755153	5.888615	8.540221	1.449071	5.983819	-117.049000	42.386000	25.000000
9.939196	1.755153	5.888615	11.204797	1.653534	5.605647	-117.049000	43.483700	25.000000
9.939196	1.755153	5.888615	8.324062	0.832879	5.717701	-117.049000	43.955000	25.000000
9.939196	1.755153	5.888615	11.215168	0.885282	5.139970	-117.049000	45.052700	25.000000
9.939196	1.755153	5.888615	10.167227	0.390972	5.013734	-117.049000	45.524100	25.000000
9.939196	1.755153	5.888615	9.756762	0.422204	4.934313	-117.049000	46.621800	25.000000
9.939196	1.755153	5.888615	10.546080	0.351848	5.372950	-117.049000	47.093200	25.000000
9.939196	1.755153	5.888615	9.351005	0.274859	5.777235	-117.049000	48.190900	25.000000
9.939196	1.755153	5.888615	10.429765	0.618110	0.679909	-117.049000	48.662200	25.000000
9.939196	1.755153	5.888615	9.419660	0.595166	0.327739	-117.049000	49.759900	25.000000
9.939196	1.755153	5.888615	10.133607	0.912430	0.989714	-117.049000	50.231300	25.000000
9.939196	1.755153	5.888615	9.747820	0.467923	0.300171	-117.049000	51.329000	25.000000
9.939196	1.755153	5.888615	10.193827	0.807101	0.130757	-117.049000	51.800400	25.000000
9.939196	1.755153	5.888615	9.367630	1.896792	6.084685	-117.049000	52.898100	25.000000
9.939196	1.755153	5.888615	10.087026	1.812051	5.584525	-117.049000	53.369400	25.000000
9.939196	1.755153	5.888615	9.692182	1.808263	5.633315	-117.049000	54.467100	25.000000
9.939196	1.755153	5.888615	9.949920	1.770105	5.792022	-117.049000	54.938500	25.000000
9.939196	1.755153	5.888615	9.890809	1.765126	5.824146	-117.049000	56.036200	25.000000
9.939196	1.755153	5.888615	10.019261	1.755491	5.864961	-117.049000	56.507600	25.000000
9.939196	1.755153	5.888615	9.981608	1.757215	5.874277	-117.049000	57.605300	25.000000
9.939196	1.755153	5.888615	9.977921	1.755245	5.874277	-117.049000	58.076600	25.000000
9.939196	1.755153	5.888615	10.009316	1.823236	6.083766	-116.265000	40.816900	25.000000
9.939196	1.755153	5.888615	9.932532	1.821072	6.067447	-116.265000	41.914600	25.000000
9.939196	1.755153	5.888615	10.889885	1.465920	5.543507	-116.265000	42.386000	25.000000
9.939196	1.755153	5.888615	8.875928	1.413546	5.834843	-116.265000	43.483700	25.000000
9.939196	1.755153	5.888615	9.994498	0.988070	5.480840	-116.265000	43.955000	25.000000
9.939196	1.755153	5.888615	9.901010	0.538462	5.273076	-116.265000	45.052700	25.000000
9.939196	1.755153	5.888615	10.142860	0.434592	5.132040	-116.265000	45.524100	25.000000
9.939196	1.755153	5.888615	9.741376	0.443249	5.244598	-116.265000	46.621800	25.000000
9.939196	1.755153	5.888615	10.583898	0.434601	6.017524	-116.265000	47.093200	25.000000
9.939196	1.755153	5.888615	9.306046	0.331295	5.893477	-116.265000	48.190900	25.000000
9.939196	1.755153	5.888615	10.901835	0.583169	0.523278	-116.265000	48.662200	25.000000
9.939196	1.755153	5.888615	8.875246	0.662088	0.455451	-116.265000	49.759900	25.000000
9.939196	1.755153	5.888615	11.063905	0.520267	0.927295	-116.265000	50.231300	25.000000
9.939196	1.755153	5.888615	8.658522	1.090578	0.143739	-116.265000	51.329000	25.000000
9.939196	1.755153	5.888615	10.059309	1.237605	6.247411	-116.265000	51.800400	25.000000
9.939196	1.755153	5.888615	9.699304	1.855041	5.767636	-116.265000	52.898100	25.000000
9.939196	1.755153	5.888615	10.394042	1.783085	5.651495	-116.265000	53.369400	25.000000
9.939196	1.755153	5.888615	9.441531	1.844276	5.591264	-116.265000	54.467100	25.000000
9.939196	1.755153	5.888615	9.934284	1.763239	5.837884	-116.265000	54.938500	25.000000
9.939196	1.755153	5.888615	9.982730	1.765355	5.828670	-116.265000	56.036200	25.000000
9.939196	1.755153	5.888615	9.891537	1.758933	5.870186	-116.265000	56.507600	25.000000
9.939196	1.755153	5.888615	9.889671	1.757939	5.870186	-116.265000	57.605300	25.000000
9.939196	1.755153	5.888615	9.977921	1.755245	5.874277	-116.265000	58.076600	25.000000
9.939196	1.755153	5.888615	9.886172	1.663990	5.919658	-115.480000	40.816900	25.000000
9.939196	1.755153	5.888615	10.001500	1.823438	6.000630	-115.480000	41.914600	25.000000
9.939196	1.755153	5.888615	9.133723	1.413587	5.735161	-115.480000	42.386000	25.000000
9.939196	1.755153	5.888615	10.691473	1.260946	5.497787	-115.480000	43.483700	25.000000
9.939196	1.755153	5.888615	9.719053	0.918447	5.561919	-115.480000	43.955000	25.000000
9.939196	1.755153	5.888615	10.115335	0.554442	5.310808	-115.480000	45.052700	25.000000
9.939196	1.755153	5.888615	10.046890	0.523770	5.455559	-115.480000	45.524100	25.000000
9.939196	1.755153	5.888615	9.875728	0.448267	5.365236	-115.480000	46.621800	25.000000
9.939196	1.755153	5.888615	9.929879	0.459476	6.065748	-115.480000	47.093200	25.000000
9.939196	1.755153	5.888615	9.986010	0.571341	0.003704	-115.480000	48.190900	25.000000
9.939196	1.755153	5.888615	9.807757	0.542414	0.323624	-115.480000	48.662200	25.000000
9.939196	1.755153	5.888615	10.019361	0.724923	0.509438	-115.480000	49.759900	25.000000
9.939196	1.755153	5.888615	10.728005	0.729194	5.927362	-115.480000	50.231300	25.000000
9.939196	1.755153	5.888615	9.034467	1.290419	0.550297	-115.480000	51.329000	25.000000
9.939196	1.755153	5.888615	9.013440	1.923078	5.708297	-115.480000	51.800400	25.000000
9.939196	1.755153	5.888615	10.737919	1.549375	5.840368	-115.480000	52.898100	25.000000
9.939196	1.755153	5.888615	9.992242	1.779468	5.746275	-115.480000	53.369400	25.000000
9.939196	1.755153	5.888615	9.904792	1.818662	5.660515	-115.480000	54.467100	25.000000
9.939196	1.755153	5.888615	9.888599	1.762079	5.847180	-115.480000	54.938500	25.000000
9.939196	1.755153	5.888615	9.894347	1.765055	5.847180	-115.480000	56.036200	25.000000
9.939196	1.755153	5.888615	9.891537	1.758933	5.870186	-115.480000	56.507600	25.000000
9.939196	1.755153	5.888615	9.979760	1.756230	5.874277	-115.480000	57.605300	25.000000
9.930122	1.755324	5.888221	10.518061	1.679395	5.695183	-114.695000	40.816900	25.000000
9.930122	1.755324	5.888221	9.238376	1.653155	6.130536	-114.695000	41.914600	25.000000
9.930122	1.755324	5.888221	9.565041	1.402730	5.686359	-114.695000	42.386000	25.000000
9.930122	1.755324	5.888221	10.322790	1.130463	5.528081	-114.695000	43.483700	25.000000
9.930122	1.755324	5.888221	10.303397	0.617610	5.402835	-114.695000	43.955000	25.000000
9.930122	1.755324	5.888221	9.522080	0.847819	5.636883	-114.695000	45.052700	25.000000
9.930122	1.755324	5.888221	9.704638	0.524518	5.643799	-114.695000	45.524100	25.000000
9.930122	1.755324	5.888221	10.136074	0.593974	5.572647	-114.695000	46.621800	25.000000
9.930122	1.755324	5.888221	10.254025	0.627601	6.199217	-114.695000	47.093200	25.000000
9.930122	1.755324	5.888221	9.632699	0.609170	0.065180	-114.695000	48.190900	25.000000
9.930122	1.755324	5.888221	9.796101	0.649750	0.094632	-114.695000	48.662200	25.000000
9.930122	1.755324	5.888221	10.133232	0.722723	0.494346	-114.695000	49.759900	25.000000
9.930122	1.755324	5.888221	9.455311	1.698052	6.038724	-114.695000	50.231300	25.000000
9.930122	1.755324	5.888221	10.190407	0.772225	0.053470	-114.695000	51.329000	25.000000
9.930122	1.755324	5.888221	9.381050	1.863853	5.624095	-114.695000	51.800400	25.000000
9.930122	1.755324	5.888221	10.502590	1.725662	5.802298	-114.695000	52.898100	25.000000
9.930122	1.755324	5.888221	9.715580	1.804505	5.762727	-114.695000	53.369400	25.000000
9.930122	1.755324	5.888221	10.183320	1.768481	5.770250	-114.695000	54.467100	25.000000
9.930122	1.755324	5.888221	9.937022	1.761135	5.860799	-114.695000	54.938500	25.000000
9.930122	1.755324	5.888221	9.937022	1.761135	5.860799	-114.695000	56.036200	25.000000
