9.936775	2.186276	5.497787	9.932774	2.169764	5.515027	-35.570400	22.118400	25.000000
9.936775	2.186276	5.497787	9.875728	2.173712	5.523868	-35.570400	23.216100	25.000000
9.937353	2.186235	5.497700	9.997500	2.153325	5.531672	-35.570400	23.687500	25.000000
9.937353	2.186235	5.497700	9.879777	2.173430	5.541238	-35.570400	24.785200	25.000000
9.936775	2.186276	5.497787	9.946859	2.156683	5.557545	-35.570400	25.256500	25.000000
9.936775	2.186276	5.497787	10.004499	2.140945	5.539779	-35.570400	26.354200	25.000000
9.936775	2.186276	5.497787	9.960924	2.120037	5.547746	-35.570400	26.825600	25.000000
9.936775	2.186276	5.497787	9.950879	2.132485	5.539779	-35.570400	27.923300	25.000000
9.937353	2.186235	5.497700	9.909087	2.111430	5.547746	-35.570400	28.394700	25.000000
9.937353	2.186235	5.497700	9.909087	2.111430	5.547746	-35.570400	29.492400	25.000000
9.936775	2.186276	5.497787	9.901010	2.111919	5.514452	-35.570400	29.963700	25.000000
9.936775	2.186276	5.497787	9.893938	2.124186	5.522992	-35.570400	31.061400	25.000000
9.936775	2.186276	5.497787	9.939819	2.145123	5.514735	-35.570400	31.532800	25.000000
9.936775	2.186276	5.497787	10.004499	2.129116	5.497787	-35.570400	32.630500	25.000000
9.937353	2.186235	5.497700	9.879777	2.149060	5.506334	-35.570400	33.101900	25.000000
9.937353	2.186235	5.497700	9.993498	2.153589	5.497787	-35.570400	34.199600	25.000000
9.936775	2.186276	5.497787	9.932774	2.182005	5.523868	-34.785800	20.549300	25.000000
9.936775	2.186276	5.497787	9.932774	2.182005	5.523868	-34.785800	21.647000	25.000000
9.936775	2.186276	5.497787	9.936800	2.181721	5.541238	-34.785800	22.118400	25.000000
9.936775	2.186276	5.497787	9.940825	2.157086	5.540496	-34.785800	23.216100	25.000000
9.937353	2.186235	5.497700	9.900000	2.147728	5.574559	-34.785800	23.687500	25.000000
9.937353	2.186235	5.497700	10.002500	2.152996	5.548591	-34.785800	24.785200	25.000000
9.936775	2.186276	5.497787	9.831073	2.104344	5.606599	-34.785800	25.256500	25.000000
9.936775	2.186276	5.497787	9.980982	2.107111	5.572031	-34.785800	26.354200	25.000000
9.936775	2.186276	5.497787	10.069260	2.079024	5.578258	-34.785800	26.825600	25.000000
9.936775	2.186276	5.497787	9.860527	2.067634	5.595832	-34.785800	27.923300	25.000000
9.937353	2.186235	5.497700	10.030952	2.058445	5.569663	-34.785800	28.394700	25.000000
9.937353	2.186235	5.497700	9.898485	2.065556	5.554636	-34.785800	29.492400	25.000000
9.936775	2.186276	5.497787	9.802551	2.094245	5.531108	-34.785800	29.963700	25.000000
9.936775	2.186276	5.497787	9.952387	2.062636	5.530034	-34.785800	31.061400	25.000000
9.936775	2.186276	5.497787	9.891916	2.124313	5.489384	-34.785800	31.532800	25.000000
9.936775	2.186276	5.497787	9.901010	2.111919	5.514452	-34.785800	32.630500	25.000000
9.937353	2.186235	5.497700	9.884837	2.136695	5.497787	-34.785800	33.101900	25.000000
9.937353	2.186235	5.497700	9.934787	2.157490	5.489240	-34.785800	34.199600	25.000000
9.937353	2.186235	5.497700	9.932774	2.182005	5.523868	-34.001300	18.980300	25.000000
9.936775	2.186276	5.497787	9.819369	2.177669	5.532860	-34.001300	20.549300	25.000000
9.936775	2.186276	5.497787	9.935794	2.169557	5.532256	-34.001300	21.647000	25.000000
9.936775	2.186276	5.497787	9.893938	2.172446	5.575889	-34.001300	22.118400	25.000000
9.936775	2.186276	5.497787	10.010494	2.140561	5.556543	-34.001300	23.216100	25.000000
9.937353	2.186235	5.497700	9.810199	2.105602	5.649163	-34.001300	23.687500	25.000000
9.937353	2.186235	5.497700	10.057336	2.102604	5.595832	-34.001300	24.785200	25.000000
9.936775	2.186276	5.497787	10.186265	1.995795	5.635374	-34.001300	25.256500	25.000000
9.936775	2.186276	5.497787	9.831582	2.034806	5.692028	-34.001300	26.354200	25.000000
9.936775	2.186276	5.497787	9.937303	1.930726	5.650436	-34.001300	26.825600	25.000000
9.936775	2.186276	5.497787	9.938813	1.963123	5.667999	-34.001300	27.923300	25.000000
9.937353	2.186235	5.497700	10.160709	1.932968	5.572276	-34.001300	28.394700	25.000000
9.937353	2.186235	5.497700	9.806121	1.946705	5.622142	-34.001300	29.492400	25.000000
9.936775	2.186276	5.497787	9.714937	2.029312	5.554636	-34.001300	29.963700	25.000000
9.936775	2.186276	5.497787	10.173003	1.996385	5.520684	-34.001300	31.061400	25.000000
9.936775	2.186276	5.497787	10.058330	2.068281	5.489787	-34.001300	31.532800	25.000000
9.936775	2.186276	5.497787	9.849873	2.103217	5.514452	-34.001300	32.630500	25.000000
9.937353	2.186235	5.497700	10.005498	2.129053	5.481122	-34.001300	33.101900	25.000000
9.937353	2.186235	5.497700	9.825477	2.140537	5.506334	-34.001300	34.199600	25.000000
9.937353	2.186235	5.497700	9.817332	2.190269	5.524330	-33.216800	18.980300	25.000000
9.937353	2.186235	5.497700	9.876740	2.185986	5.532860	-33.216800	20.078000	25.000000
9.936775	2.186276	5.497787	10.057833	2.161301	5.548591	-33.216800	20.549300	25.000000
9.936775	2.186276	5.497787	9.778037	2.180607	5.577265	-33.216800	21.647000	25.000000
9.936775	2.186276	5.497787	9.750385	2.145479	5.671458	-33.216800	22.118400	25.000000
9.936775	2.186276	5.497787	10.070253	2.101850	5.612041	-33.216800	23.216100	25.000000
9.937353	2.186235	5.497700	9.852918	2.056541	5.727019	-33.216800	23.687500	25.000000
9.937353	2.186235	5.497700	9.986491	1.939586	5.766702	-33.216800	24.785200	25.000000
9.936775	2.186276	5.497787	10.114346	1.861599	5.740996	-33.216800	25.256500	25.000000
9.936775	2.186276	5.497787	9.762684	1.829758	5.833755	-33.216800	26.354200	25.000000
9.936775	2.186276	5.497787	9.628790	1.733528	5.753596	-33.216800	26.825600	25.000000
9.936775	2.186276	5.497787	10.226358	1.745747	5.717218	-33.216800	27.923300	25.000000
9.937353	2.186235	5.497700	10.364922	1.712126	5.622142	-33.216800	28.394700	25.000000
9.937353	2.186235	5.497700	9.567152	1.779261	5.641821	-33.216800	29.492400	25.000000
9.936775	2.186276	5.497787	9.430801	1.939623	5.578258	-33.216800	29.963700	25.000000
9.936775	2.186276	5.497787	10.479504	1.861131	5.497787	-33.216800	31.061400	25.000000
9.936775	2.186276	5.497787	9.922197	2.087299	5.481395	-33.216800	31.532800	25.000000
9.936775	2.186276	5.497787	10.020479	2.014316	5.497787	-33.216800	32.630500	25.000000
9.937353	2.186235	5.497700	9.938813	2.145188	5.497787	-33.216800	33.101900	25.000000
9.937353	2.186235	5.497700	9.901010	2.111919	5.481122	-33.216800	34.199600	25.000000
9.936775	2.186276	5.497787	9.931767	2.194425	5.515329	-32.432200	17.411200	25.000000
9.936775	2.186276	5.497787	9.932774	2.182005	5.523868	-32.432200	18.508900	25.000000
9.937353	2.186235	5.497700	9.997500	2.177476	5.549465	-32.432200	18.980300	25.000000
9.937353	2.186235	5.497700	9.881801	2.185624	5.550370	-32.432200	20.078000	25.000000
9.936775	2.186276	5.497787	9.904040	2.171746	5.593149	-32.432200	20.549300	25.000000
9.936775	2.186276	5.497787	9.966444	2.131503	5.649163	-32.432200	21.647000	25.000000
9.936775	2.186276	5.497787	10.042908	2.080486	5.717331	-32.432200	22.118400	25.000000
9.936775	2.186276	5.497787	9.928243	2.029939	5.829588	-32.432200	23.216100	25.000000
9.937353	2.186235	5.497700	10.457533	2.005067	5.677641	-32.432200	23.687500	25.000000
9.937353	2.186235	5.497700	9.416475	2.143140	5.825187	-32.432200	24.785200	25.000000
9.936775	2.186276	5.497787	9.758074	2.169577	5.629759	-32.432200	25.256500	25.000000
9.936775	2.186276	5.497787	9.910096	2.147065	5.591529	-32.432200	26.354200	25.000000
9.936775	2.186276	5.497787	9.633795	1.987584	5.594261	-32.432200	26.825600	25.000000
9.936775	2.186276	5.497787	10.082162	2.055753	5.545370	-32.432200	27.923300	25.000000
9.937353	2.186235	5.497700	10.224559	1.872684	5.526765	-32.432200	28.394700	25.000000
9.937353	2.186235	5.497700	9.580939	1.715335	5.624917	-32.432200	29.492400	25.000000
9.936775	2.186276	5.497787	10.706302	1.704763	5.471127	-32.432200	29.963700	25.000000
9.936775	2.186276	5.497787	9.093756	1.801568	5.553729	-32.432200	31.061400	25.000000
9.936775	2.186276	5.497787	10.007997	1.938756	5.467493	-32.432200	31.532800	25.000000
9.936775	2.186276	5.497787	9.905554	2.053737	5.465540	-32.432200	32.630500	25.000000
9.937353	2.186235	5.497700	9.893938	2.124186	5.472582	-32.432200	33.101900	25.000000
9.937353	2.186235	5.497700	9.974969	2.095845	5.465012	-32.432200	34.199600	25.000000
9.936775	2.186276	5.497787	9.931767	2.194425	5.515329	-31.647700	15.842100	25.000000
9.936775	2.186276	5.497787	9.876740	2.185986	5.532860	-31.647700	17.411200	25.000000
9.936775	2.186276	5.497787	9.990495	2.190203	5.523868	-31.647700	18.508900	25.000000
9.937353	2.186235	5.497700	9.947864	2.168729	5.566644	-31.647700	18.980300	25.000000
9.937353	2.186235	5.497700	9.845811	2.188208	5.594827	-31.647700	20.078000	25.000000
9.936775	2.186276	5.497787	9.729851	2.171558	5.747039	-31.647700	20.549300	25.000000
9.936775	2.186276	5.497787	10.194116	2.083436	5.738905	-31.647700	21.647000	25.000000
9.936775	2.186276	5.497787	10.279105	2.255380	5.328259	-31.647700	22.118400	25.000000
9.936775	2.186276	5.497787	9.588535	2.095086	5.900442	-31.647700	23.216100	25.000000
9.937353	2.186235	5.497700	10.293343	2.476592	4.994798	-31.647700	23.687500	25.000000
9.937353	2.186235	5.497700	9.535219	2.694990	4.952656	-31.647700	24.785200	25.000000
9.936775	2.186276	5.497787	9.581383	2.421064	5.079676	-31.647700	25.256500	25.000000
9.936775	2.186276	5.497787	10.323488	2.555398	4.909785	-31.647700	26.354200	25.000000
9.936775	2.186276	5.497787	9.602604	2.536929	5.208812	-31.647700	26.825600	25.000000
9.936775	2.186276	5.497787	10.315333	2.473878	5.062364	-31.647700	27.923300	25.000000
9.937353	2.186235	5.497700	10.831436	2.071547	5.423298	-31.647700	28.394700	25.000000
9.937353	2.186235	5.497700	9.009439	2.360814	5.620759	-31.647700	29.492400	25.000000
9.936775	2.186276	5.497787	10.094870	1.727958	5.490695	-31.647700	29.963700	25.000000
9.936775	2.186276	5.497787	9.723009	1.712170	5.453698	-31.647700	31.061400	25.000000
9.936775	2.186276	5.497787	10.473777	1.911519	5.404533	-31.647700	31.532800	25.000000
9.936775	2.186276	5.497787	9.347727	1.966135	5.497787	-31.647700	32.630500	25.000000
9.937353	2.186235	5.497700	9.799490	2.094425	5.481122	-31.647700	33.101900	25.000000
9.937353	2.186235	5.497700	10.081667	2.112723	5.448646	-31.647700	34.199600	25.000000
9.937353	2.186235	5.497700	9.873702	2.186204	5.515329	-30.863200	14.273100	25.000000
9.936775	2.186276	5.497787	9.932774	2.182005	5.523868	-30.863200	15.842100	25.000000
9.936775	2.186276	5.497787	9.942837	2.181296	5.558582	-30.863200	17.411200	25.000000
9.936775	2.186276	5.497787	9.934787	2.194206	5.532860	-30.863200	18.508900	25.000000
9.937353	2.186235	5.497700	9.768316	2.206516	5.642229	-30.863200	18.980300	25.000000
9.937353	2.186235	5.497700	10.100000	2.158505	5.675383	-30.863200	20.078000	25.000000
9.936775	2.186276	5.497787	9.496842	2.188470	5.662936	-30.863200	20.549300	25.000000
9.936775	2.186276	5.497787	10.317946	2.121586	5.692028	-30.863200	21.647000	25.000000
9.936775	2.186276	5.497787	10.040040	2.342292	4.152906	-30.863200	22.118400	25.000000
9.936775	2.186276	5.497787	9.744378	2.314901	5.034581	-30.863200	23.216100	25.000000
9.937353	2.186235	5.497700	10.338762	2.396607	3.876529	-30.863200	23.687500	25.000000
9.937353	2.186235	5.497700	9.562949	2.439299	4.205290	-30.863200	24.785200	25.000000
9.936775	2.186276	5.497787	11.075198	2.314732	4.199331	-30.863200	25.256500	25.000000
9.936775	2.186276	5.497787	8.607555	2.481611	4.240267	-30.863200	26.354200	25.000000
9.936775	2.186276	5.497787	8.762328	2.815299	3.220003	-30.863200	26.825600	25.000000
9.936775	2.186276	5.497787	10.996731	2.783714	4.072522	-30.863200	27.923300	25.000000
9.937353	2.186235	5.497700	11.321661	2.447194	5.169864	-30.863200	28.394700	25.000000
9.937353	2.186235	5.497700	8.142481	2.495234	6.242392	-30.863200	29.492400	25.000000
9.936775	2.186276	5.497787	10.707941	1.768192	5.355890	-30.863200	29.963700	25.000000
9.936775	2.186276	5.497787	9.108787	1.941517	5.531108	-30.863200	31.061400	25.000000
9.936775	2.186276	5.497787	9.283318	1.821160	5.442725	-30.863200	31.532800	25.000000
9.936775	2.186276	5.497787	10.548934	1.939306	5.368085	-30.863200	32.630500	25.000000
9.937353	2.186235	5.497700	10.088607	2.112309	5.432307	-30.863200	33.101900	25.000000
9.937353	2.186235	5.497700	9.752948	2.085364	5.464466	-30.863200	34.199600	25.000000
9.937353	2.186235	5.497700	9.931767	2.194425	5.515329	-30.078600	15.370800	25.000000
9.936775	2.186276	5.497787	9.990495	2.190203	5.523868	-30.078600	15.842100	25.000000
9.936775	2.186276	5.497787	9.990495	2.190203	5.523868	-30.078600	16.939800	25.000000
9.936775	2.186276	5.497787	9.955903	2.192682	5.585282	-30.078600	17.411200	25.000000
9.936775	2.186276	5.497787	10.000500	2.189489	5.558582	-30.078600	18.508900	25.000000
9.937353	2.186235	5.497700	10.046890	2.138242	5.750863	-30.078600	18.980300	25.000000
9.937353	2.186235	5.497700	9.754486	2.194871	5.825187	-30.078600	20.078000	25.000000
9.936775	2.186276	5.497787	5.819794	2.571691	5.633315	-30.078600	20.549300	25.000000
9.936775	2.186276	5.497787	12.774193	2.007249	5.055994	-30.078600	21.647000	25.000000
9.936775	2.186276	5.497787	11.322985	1.922430	3.860423	-30.078600	22.118400	25.000000
9.936775	2.186276	5.497787	8.285530	2.074611	3.660739	-30.078600	23.216100	25.000000
9.937353	2.186235	5.497700	10.619322	1.998013	3.637636	-30.078600	23.687500	25.000000
9.937353	2.186235	5.497700	9.257429	2.017600	3.960876	-30.078600	24.785200	25.000000
9.936775	2.186276	5.497787	9.064767	2.003366	3.621543	-30.078600	25.256500	25.000000
9.936775	2.186276	5.497787	10.712143	2.067005	3.301506	-30.078600	26.354200	25.000000
9.936775	2.186276	5.497787	11.247666	2.253950	2.652310	-30.078600	26.825600	25.000000
9.936775	2.186276	5.497787	8.360024	2.945618	2.312744	-30.078600	27.923300	25.000000
9.937353	2.186235	5.497700	8.195053	2.274088	0.381992	-30.078600	28.394700	25.000000
9.937353	2.186235	5.497700	11.176050	2.678713	4.996744	-30.078600	29.492400	25.000000
9.936775	2.186276	5.497787	10.730331	2.245157	5.336799	-30.078600	29.963700	25.000000
9.936775	2.186276	5.497787	9.039358	1.874120	5.497787	-30.078600	31.061400	25.000000
9.936775	2.186276	5.497787	9.454628	1.773134	5.375326	-30.078600	31.532800	25.000000
9.936775	2.186276	5.497787	10.420653	1.933779	5.337412	-30.078600	32.630500	25.000000
9.937353	2.186235	5.497700	9.774457	2.072415	5.440000	-30.078600	33.101900	25.000000
9.937353	2.186235	5.497700	10.024470	2.116162	5.440000	-30.078600	34.199600	25.000000
9.937353	2.186235	5.497700	9.931767	2.194425	5.515329	-29.294100	14.273100	25.000000
9.936775	2.186276	5.497787	9.932774	2.182005	5.523868	-29.294100	15.842100	25.000000
9.936775	2.186276	5.497787	9.939819	2.193842	5.550370	-29.294100	16.939800	25.000000
9.936775	2.186276	5.497787	9.962931	2.204577	5.594827	-29.294100	17.411200	25.000000
9.936775	2.186276	5.497787	9.910600	2.208463	5.667315	-29.294100	18.508900	25.000000
9.937353	2.186235	5.497700	9.780082	2.155728	5.698584	-29.294100	18.980300	25.000000
9.937353	2.186235	5.497700	10.114346	2.193619	5.732328	-29.294100	20.078000	25.000000
9.936775	2.186276	5.497787	8.489152	2.036227	4.863234	-29.294100	20.549300	25.000000
9.936775	2.186276	5.497787	11.221252	1.630540	4.225583	-29.294100	21.647000	25.000000
9.936775	2.186276	5.497787	9.773064	1.522482	3.655656	-29.294100	22.118400	25.000000
9.936775	2.186276	5.497787	10.111109	1.595920	3.591967	-29.294100	23.216100	25.000000
9.937353	2.186235	5.497700	8.997929	1.619605	3.745026	-29.294100	23.687500	25.000000
9.937353	2.186235	5.497700	10.904352	1.564377	3.875089	-29.294100	24.785200	25.000000
9.936775	2.186276	5.497787	9.870179	1.534822	3.027801	-29.294100	25.256500	25.000000
9.936775	2.186276	5.497787	10.027901	1.655862	2.860681	-29.294100	26.354200	25.000000
9.936775	2.186276	5.497787	12.251122	1.886174	1.976816	-29.294100	26.825600	25.000000
9.936775	2.186276	5.497787	5.683309	2.824515	4.426338	-29.294100	27.923300	25.000000
9.937353	2.186235	5.497700	8.192533	2.242752	5.922954	-29.294100	28.394700	25.000000
9.937353	2.186235	5.497700	11.284613	2.743002	1.245436	-29.294100	29.492400	25.000000
9.936775	2.186276	5.497787	11.318127	2.420383	5.140124	-29.294100	29.963700	25.000000
9.936775	2.186276	5.497787	8.453402	2.050316	5.639684	-29.294100	31.061400	25.000000
9.936775	2.186276	5.497787	9.305375	1.933319	5.367384	-29.294100	31.532800	25.000000
9.936775	2.186276	5.497787	10.509995	1.810967	5.281372	-29.294100	32.630500	25.000000
9.937353	2.186235	5.497700	10.118300	2.087658	5.417316	-29.294100	33.101900	25.000000
9.937353	2.186235	5.497700	9.736529	2.110090	5.446983	-29.294100	34.199600	25.000000
9.937353	2.186235	5.497700	9.873702	2.186204	5.515329	-28.509600	14.273100	25.000000
9.937353	2.186235	5.497700	9.817332	2.190269	5.524330	-28.509600	15.370800	25.000000
9.936775	2.186276	5.497787	9.998500	2.201965	5.550370	-28.509600	15.842100	25.000000
9.936775	2.186276	5.497787	9.832599	2.201700	5.569095	-28.509600	16.939800	25.000000
9.936775	2.186276	5.497787	10.219100	2.210455	5.759501	-28.509600	17.411200	25.000000
9.936775	2.186276	5.497787	9.683491	2.239044	5.713429	-28.509600	18.508900	25.000000
9.937353	2.186235	5.497700	8.112336	1.858258	5.026010	-28.509600	18.980300	25.000000
9.937353	2.186235	5.497700	11.400877	2.188179	5.728007	-28.509600	20.078000	25.000000
9.936775	2.186276	5.497787	12.286664	1.333357	4.233761	-28.509600	20.549300	25.000000
9.936775	2.186276	5.497787	6.791620	1.301031	4.111675	-28.509600	21.647000	25.000000
9.936775	2.186276	5.497787	8.479387	1.271516	3.760407	-28.509600	22.118400	25.000000
9.936775	2.186276	5.497787	11.182576	1.176101	3.761842	-28.509600	23.216100	25.000000
9.937353	2.186235	5.497700	10.046890	1.214968	3.874408	-28.509600	23.687500	25.000000
9.937353	2.186235	5.497700	9.794897	1.058648	3.463343	-28.509600	24.785200	25.000000
9.936775	2.186276	5.497787	9.650389	1.221800	2.418613	-28.509600	25.256500	25.000000
9.936775	2.186276	5.497787	10.220078	1.168659	2.529996	-28.509600	26.354200	25.000000
9.936775	2.186276	5.497787	4.614770	2.250313	5.240864	-28.509600	26.825600	25.000000
9.936775	2.186276	5.497787	12.126900	1.706449	1.621586	-28.509600	27.923300	25.000000
9.937353	2.186235	5.497700	10.717528	2.345897	1.404145	-28.509600	28.394700	25.000000
9.937353	2.186235	5.497700	8.804101	2.710878	4.928992	-28.509600	29.492400	25.000000
9.936775	2.186276	5.497787	9.676776	2.826378	5.639684	-28.509600	29.963700	25.000000
9.936775	2.186276	5.497787	10.161693	2.073964	5.378358	-28.509600	31.061400	25.000000
9.936775	2.186276	5.497787	10.634378	1.936206	5.275257	-28.509600	31.532800	25.000000
9.936775	2.186276	5.497787	9.143304	1.859136	5.319377	-28.509600	32.630500	25.000000
9.937353	2.186235	5.497700	9.731393	2.122427	5.438029	-28.509600	33.101900	25.000000
9.937353	2.186235	5.497700	10.163169	2.107902	5.408594	-28.509600	34.199600	25.000000
9.937353	2.186235	5.497700	9.931767	2.194425	5.515329	-27.725000	14.273100	25.000000
9.937353	2.186235	5.497700	9.990495	2.190203	5.523868	-27.725000	15.370800	25.000000
9.936775	2.186276	5.497787	9.788258	2.217756	5.588447	-27.725000	15.842100	25.000000
9.936775	2.186276	5.497787	10.073728	2.208820	5.585282	-27.725000	16.939800	25.000000
9.936775	2.186276	5.497787	9.706699	2.263648	5.825526	-27.725000	17.411200	25.000000
9.936775	2.186276	5.497787	10.082658	2.245717	5.836582	-27.725000	18.508900	25.000000
9.937353	2.186235	5.497700	4.011234	1.954060	5.650436	-27.725000	18.980300	25.000000
9.937353	2.186235	5.497700	13.316907	1.860170	5.123454	-27.725000	20.078000	25.000000
9.936775	2.186276	5.497787	11.838074	1.019568	4.182173	-27.725000	20.549300	25.000000
9.936775	2.186276	5.497787	7.632824	0.873739	4.133865	-27.725000	21.647000	25.000000
9.936775	2.186276	5.497787	10.869223	0.963782	3.863584	-27.725000	22.118400	25.000000
9.936775	2.186276	5.497787	8.960469	0.923982	3.976455	-27.725000	23.216100	25.000000
9.937353	2.186235	5.497700	11.250462	0.658226	3.555834	-27.725000	23.687500	25.000000
9.937353	2.186235	5.497700	8.333553	0.616376	3.226802	-27.725000	24.785200	25.000000
9.936775	2.186276	5.497787	12.007081	0.988820	1.927233	-27.725000	25.256500	25.000000
9.936775	2.186276	5.497787	7.344386	0.840385	1.886767	-27.725000	26.354200	25.000000
9.936775	2.186276	5.497787	9.557453	2.293299	0.591871	-27.725000	26.825600	25.000000
9.936775	2.186276	5.497787	9.416103	1.128528	1.882514	-27.725000	27.923300	25.000000
9.937353	2.186235	5.497700	9.331415	2.241524	1.226116	-27.725000	28.394700	25.000000
9.937353	2.186235	5.497700	9.989565	2.435332	3.509209	-27.725000	29.492400	25.000000
9.936775	2.186276	5.497787	7.772387	2.111387	5.832960	-27.725000	29.963700	25.000000
9.936775	2.186276	5.497787	11.601724	2.818113	5.421015	-27.725000	31.061400	25.000000
9.936775	2.186276	5.497787	9.888883	2.020648	5.322195	-27.725000	31.532800	25.000000
9.936775	2.186276	5.497787	9.934284	1.867028	5.241979	-27.725000	32.630500	25.000000
9.937353	2.186235	5.497700	9.947864	2.144600	5.446983	-27.725000	33.101900	25.000000
9.937353	2.186235	5.497700	9.925220	2.110454	5.414646	-27.725000	34.199600	25.000000
9.937353	2.186235	5.497700	9.934787	2.194206	5.532860	-26.940500	14.273100	25.000000
9.937353	2.186235	5.497700	9.938813	2.206361	5.542006	-26.940500	15.370800	25.000000
9.936775	2.186276	5.497787	10.106434	2.231244	5.622142	-26.940500	15.842100	25.000000
9.936775	2.186276	5.497787	9.776502	2.244577	5.637066	-26.940500	16.939800	25.000000
9.936775	2.186276	5.497787	10.692521	2.189334	5.554636	-26.940500	17.411200	25.000000
9.936775	2.186276	5.497787	9.101099	2.276111	5.497787	-26.940500	18.508900	25.000000
9.937353	2.186235	5.497700	7.209362	1.935295	5.424236	-26.940500	18.980300	25.000000
9.937353	2.186235	5.497700	12.017670	1.413715	4.881693	-26.940500	20.078000	25.000000
9.936775	2.186276	5.497787	8.406545	0.686913	4.307497	-26.940500	20.549300	25.000000
9.936775	2.186276	5.497787	11.272089	0.877929	4.346871	-26.940500	21.647000	25.000000
9.936775	2.186276	5.497787	9.350936	0.691992	4.021943	-26.940500	22.118400	25.000000
9.936775	2.186276	5.497787	10.411532	0.723989	4.196840	-26.940500	23.216100	25.000000
9.937353	2.186235	5.497700	8.920790	0.268989	2.472780	-26.940500	23.687500	25.000000
9.937353	2.186235	5.497700	10.805323	0.238289	3.121987	-26.940500	24.785200	25.000000
9.936775	2.186276	5.497787	4.909274	0.913362	1.360027	-26.940500	25.256500	25.000000
9.936775	2.186276	5.497787	13.116539	0.845597	1.627877	-26.940500	26.354200	25.000000
9.936775	2.186276	5.497787	8.241237	2.040205	1.309318	-26.940500	26.825600	25.000000
9.936775	2.186276	5.497787	11.016101	1.201341	2.418184	-26.940500	27.923300	25.000000
9.937353	2.186235	5.497700	10.931720	1.925820	2.276777	-26.940500	28.394700	25.000000
9.937353	2.186235	5.497700	7.414850	2.406479	6.018697	-26.940500	29.492400	25.000000
9.936775	2.186276	5.497787	9.859026	2.534977	0.085505	-26.940500	29.963700	25.000000
9.936775	2.186276	5.497787	10.002045	2.265124	5.491347	-26.940500	31.061400	25.000000
9.936775	2.186276	5.497787	9.233093	1.959589	5.280914	-26.940500	31.532800	25.000000
9.936775	2.186276	5.497787	10.636259	2.028495	5.288764	-26.940500	32.630500	25.000000
9.937353	2.186235	5.497700	9.823441	2.165044	5.454336	-26.940500	33.101900	25.000000
9.937353	2.186235	5.497700	9.954898	2.144143	5.430094	-26.940500	34.199600	25.000000
9.937353	2.186235	5.497700	9.884837	2.210395	5.551307	-26.156000	14.273100	25.000000
9.937353	2.186235	5.497700	9.934787	2.206660	5.524330	-26.156000	15.370800	25.000000
9.936775	2.186276	5.497787	10.044899	2.261577	5.662936	-26.156000	15.842100	25.000000
9.936775	2.186276	5.497787	9.743716	2.273877	5.698914	-26.156000	16.939800	25.000000
9.936775	2.186276	5.497787	7.479305	1.855398	5.038545	-26.156000	17.411200	25.000000
9.936775	2.186276	5.497787	11.854535	2.223533	5.550370	-26.156000	18.508900	25.000000
9.937353	2.186235	5.497700	8.847599	1.706846	5.186240	-26.156000	18.980300	25.000000
9.937353	2.186235	5.497700	10.797481	1.175290	4.894038	-26.156000	20.078000	25.000000
9.936775	2.186276	5.497787	10.546606	0.793089	4.649804	-26.156000	20.549300	25.000000
9.936775	2.186276	5.497787	9.273775	0.628803	4.570751	-26.156000	21.647000	25.000000
9.936775	2.186276	5.497787	9.738460	0.569775	4.470180	-26.156000	22.118400	25.000000
9.936775	2.186276	5.497787	10.095960	0.373474	4.499020	-26.156000	23.216100	25.000000
9.937353	2.186235	5.497700	9.978717	0.189545	1.560158	-26.156000	23.687500	25.000000
9.937353	2.186235	5.497700	9.831058	0.260251	1.335405	-26.156000	24.785200	25.000000
9.936775	2.186276	5.497787	12.523482	0.813843	1.542233	-26.156000	25.256500	25.000000
9.936775	2.186276	5.497787	6.170162	0.753474	2.351169	-26.156000	26.354200	25.000000
9.936775	2.186276	5.497787	12.140016	1.396940	1.815775	-26.156000	26.825600	25.000000
9.936775	2.186276	5.497787	6.794851	1.080435	2.655561	-26.156000	27.923300	25.000000
9.937353	2.186235	5.497700	1.974842	2.865406	2.761086	-26.156000	28.394700	25.000000
9.937353	2.186235	5.497700	13.429896	1.896717	1.283104	-26.156000	29.492400	25.000000
9.936775	2.186276	5.497787	7.879721	2.258210	5.768112	-26.156000	29.963700	25.000000
9.936775	2.186276	5.497787	10.455142	2.058580	5.297389	-26.156000	31.532800	25.000000
9.936775	2.186276	5.497787	9.390421	2.070553	5.334049	-26.156000	32.630500	25.000000
9.937353	2.186235	5.497700	9.946859	2.156683	5.438029	-26.156000	33.101900	25.000000
9.937353	2.186235	5.497700	9.879777	2.161196	5.463318	-26.156000	34.199600	25.000000
9.937353	2.186235	5.497700	10.012492	2.225897	5.569095	-25.371400	14.273100	25.000000
9.937353	2.186235	5.497700	9.825477	2.214897	5.542802	-25.371400	15.370800	25.000000
9.936775	2.186276	5.497787	10.149384	2.318346	5.747374	-25.371400	15.842100	25.000000
9.936775	2.186276	5.497787	9.726767	2.288927	5.721692	-25.371400	16.939800	25.000000
9.936775	2.186276	5.497787	11.665762	1.778006	5.042450	-25.371400	17.411200	25.000000
9.936775	2.186276	5.497787	7.672027	2.263583	5.827113	-25.371400	18.508900	25.000000
9.937353	2.186235	5.497700	9.976472	1.045835	5.030477	-25.371400	18.980300	25.000000
9.937353	2.186235	5.497700	9.886354	1.499932	5.107960	-25.371400	20.078000	25.000000
9.936775	2.186276	5.497787	10.220078	0.671687	4.999328	-25.371400	20.549300	25.000000
9.936775	2.186276	5.497787	9.666561	0.761001	5.045524	-25.371400	21.647000	25.000000
9.936775	2.186276	5.497787	10.789272	0.453222	5.085034	-25.371400	22.118400	25.000000
9.936775	2.186276	5.497787	9.034025	0.376878	5.335436	-25.371400	23.216100	25.000000
9.937353	2.186235	5.497700	9.214651	0.301134	1.223588	-25.371400	23.687500	25.000000
9.937353	2.186235	5.497700	10.602075	0.195555	0.937004	-25.371400	24.785200	25.000000
9.936775	2.186276	5.497787	7.763659	0.666950	1.862253	-25.371400	25.256500	25.000000
9.936775	2.186276	5.497787	11.657483	0.539787	1.934255	-25.371400	26.354200	25.000000
9.936775	2.186276	5.497787	13.161550	0.945870	1.751655	-25.371400	26.825600	25.000000
9.936775	2.186276	5.497787	3.692438	1.489460	0.710395	-25.371400	27.923300	25.000000
9.937353	2.186235	5.497700	8.335466	2.307470	0.434670	-25.371400	28.394700	25.000000
9.937353	2.186235	5.497700	11.105854	1.552787	0.900275	-25.371400	29.492400	25.000000
9.936775	2.186276	5.497787	10.088607	1.989306	5.210004	-25.371400	29.963700	25.000000
9.936775	2.186276	5.497787	9.726767	2.098747	5.379695	-25.371400	31.061400	25.000000
9.936775	2.186276	5.497787	10.120771	2.098921	5.335298	-25.371400	31.532800	25.000000
9.936775	2.186276	5.497787	9.748846	2.133407	5.394706	-25.371400	32.630500	25.000000
9.937353	2.186235	5.497700	9.819369	2.177669	5.462714	-25.371400	33.101900	25.000000
9.937353	2.186235	5.497700	9.996499	2.165419	5.455078	-25.371400	34.199600	25.000000
9.937353	2.186235	5.497700	9.839715	2.226571	5.570387	-24.586900	14.273100	25.000000
9.937353	2.186235	5.497700	10.014490	2.238396	5.560767	-24.586900	15.370800	25.000000
9.936775	2.186276	5.497787	9.984488	2.347718	5.769266	-24.586900	15.842100	25.000000
9.936775	2.186276	5.497787	9.864583	2.317465	5.714337	-24.586900	16.939800	25.000000
9.936775	2.186276	5.497787	5.784194	1.767421	5.572647	-24.586900	17.411200	25.000000
9.936775	2.186276	5.497787	12.794124	1.859287	5.132269	-24.586900	18.508900	25.000000
9.937353	2.186235	5.497700	9.063112	1.314214	5.160732	-24.586900	18.980300	25.000000
9.937353	2.186235	5.497700	10.724738	1.043141	5.219487	-24.586900	20.078000	25.000000
9.936775	2.186276	5.497787	10.060318	0.855233	5.413873	-24.586900	20.549300	25.000000
9.936775	2.186276	5.497787	9.833107	0.862076	5.393406	-24.586900	21.647000	25.000000
9.936775	2.186276	5.497787	8.862280	0.602863	5.739353	-24.586900	22.118400	25.000000
9.936775	2.186276	5.497787	10.874741	0.627982	5.409131	-24.586900	23.216100	25.000000
9.937353	2.186235	5.497700	9.942480	0.299460	0.355179	-24.586900	23.687500	25.000000
9.937353	2.186235	5.497700	9.958639	0.108573	0.513399	-24.586900	24.785200	25.000000
9.936775	2.186276	5.497787	9.204651	0.364477	0.776778	-24.586900	25.256500	25.000000
9.936775	2.186276	5.497787	10.608789	0.575488	1.410773	-24.586900	26.354200	25.000000
9.936775	2.186276	5.497787	10.427847	1.686128	1.033688	-24.586900	26.825600	25.000000
9.936775	2.186276	5.497787	8.832893	0.743822	5.924415	-24.586900	27.923300	25.000000
9.937353	2.186235	5.497700	10.029761	2.002869	5.660766	-24.586900	28.394700	25.000000
9.937353	2.186235	5.497700	9.692105	2.007577	0.332913	-24.586900	29.492400	25.000000
9.936775	2.186276	5.497787	10.191173	2.050125	5.220562	-24.586900	29.963700	25.000000
9.936775	2.186276	5.497787	9.688137	2.030678	5.139970	-24.586900	31.061400	25.000000
9.936775	2.186276	5.497787	9.782127	2.155590	5.419685	-24.586900	31.532800	25.000000
9.936775	2.186276	5.497787	10.001000	2.129334	5.372398	-24.586900	32.630500	25.000000
9.937353	2.186235	5.497700	9.932774	2.182005	5.471706	-24.586900	33.101900	25.000000
9.937353	2.186235	5.497700	9.935794	2.169557	5.463318	-24.586900	34.199600	25.000000
9.937353	2.186235	5.497700	9.841748	2.239295	5.561919	-23.802400	14.273100	25.000000
9.937353	2.186235	5.497700	10.038426	2.262110	5.580169	-23.802400	15.370800	25.000000
9.936775	2.186276	5.497787	9.945351	2.365850	5.723064	-23.802400	15.842100	25.000000
9.936775	2.186276	5.497787	9.880789	2.343851	5.699104	-23.802400	16.939800	25.000000
9.936775	2.186276	5.497787	12.295776	1.759789	5.157520	-23.802400	17.411200	25.000000
9.936775	2.186276	5.497787	6.667991	1.662406	5.636672	-23.802400	18.508900	25.000000
9.937353	2.186235	5.497700	8.738993	1.146207	5.328259	-23.802400	18.980300	25.000000
9.937353	2.186235	5.497700	11.029506	1.048741	5.364258	-23.802400	20.078000	25.000000
9.936775	2.186276	5.497787	9.590099	1.010074	5.619982	-23.802400	20.549300	25.000000
9.936775	2.186276	5.497787	10.249390	1.027332	5.530034	-23.802400	21.647000	25.000000
9.936775	2.186276	5.497787	8.474668	0.767293	5.728190	-23.802400	22.118400	25.000000
9.936775	2.186276	5.497787	11.193748	0.836565	5.404046	-23.802400	23.216100	25.000000
9.937353	2.186235	5.497700	9.726068	0.415123	6.175906	-23.802400	23.687500	25.000000
9.937353	2.186235	5.497700	10.132344	0.432351	6.136625	-23.802400	24.785200	25.000000
9.936775	2.186276	5.497787	11.219073	0.577447	0.374442	-23.802400	25.256500	25.000000
9.936775	2.186276	5.497787	8.479387	1.038965	0.291457	-23.802400	26.354200	25.000000
9.936775	2.186276	5.497787	11.350793	1.179409	6.046528	-23.802400	26.825600	25.000000
9.936775	2.186276	5.497787	7.973362	2.277938	0.231374	-23.802400	27.923300	25.000000
9.937353	2.186235	5.497700	11.013628	2.052244	5.374331	-23.802400	28.394700	25.000000
9.937353	2.186235	5.497700	8.663717	2.258587	6.041830	-23.802400	29.492400	25.000000
9.936775	2.186276	5.497787	9.257429	2.103310	5.237756	-23.802400	29.963700	25.000000
9.936775	2.186276	5.497787	10.564090	2.063831	5.204875	-23.802400	31.061400	25.000000
9.936775	2.186276	5.497787	9.885848	2.173008	5.436993	-23.802400	31.532800	25.000000
9.936775	2.186276	5.497787	10.010494	2.164474	5.421015	-23.802400	32.630500	25.000000
9.937353	2.186235	5.497700	9.932774	2.182005	5.471706	-23.802400	33.101900	25.000000
9.937353	2.186235	5.497700	9.816313	2.177885	5.480245	-23.802400	34.199600	25.000000
9.937353	2.186235	5.497700	10.044401	2.274606	5.571726	-23.017800	14.273100	25.000000
9.937353	2.186235	5.497700	9.849873	2.238644	5.580169	-23.017800	15.370800	25.000000
9.936775	2.186276	5.497787	9.924213	2.368024	5.703183	-23.017800	15.842100	25.000000
9.936775	2.186276	5.497787	9.994498	2.389706	5.727692	-23.017800	16.939800	25.000000
9.936775	2.186276	5.497787	7.161704	1.767547	5.794066	-23.017800	17.411200	25.000000
9.936775	2.186276	5.497787	12.128792	1.756547	5.239860	-23.017800	18.508900	25.000000
9.937353	2.186235	5.497700	10.922912	0.978269	5.450946	-23.017800	18.980300	25.000000
9.937353	2.186235	5.497700	8.742425	1.133796	5.515642	-23.017800	20.078000	25.000000
9.936775	2.186276	5.497787	9.312894	1.016727	5.497787	-23.017800	20.549300	25.000000
9.936775	2.186276	5.497787	10.583478	0.921387	5.556543	-23.017800	21.647000	25.000000
9.936775	2.186276	5.497787	9.891916	0.812852	5.606270	-23.017800	22.118400	25.000000
9.936775	2.186276	5.497787	9.964939	1.009995	5.422301	-23.017800	23.216100	25.000000
9.937353	2.186235	5.497700	9.537762	0.863149	6.168414	-23.017800	23.687500	25.000000
9.937353	2.186235	5.497700	10.325386	0.729159	5.997298	-23.017800	24.785200	25.000000
9.936775	2.186276	5.497787	11.235203	1.129371	6.106449	-23.017800	25.256500	25.000000
9.936775	2.186276	5.497787	8.324243	1.462467	0.206283	-23.017800	26.354200	25.000000
9.936775	2.186276	5.497787	11.600539	1.735323	6.076364	-23.017800	26.825600	25.000000
9.936775	2.186276	5.497787	7.926134	2.114461	0.156908	-23.017800	27.923300	25.000000
9.937353	2.186235	5.497700	11.886968	2.264456	5.637496	-23.017800	28.394700	25.000000
9.937353	2.186235	5.497700	7.475961	2.267976	5.460767	-23.017800	29.492400	25.000000
9.936775	2.186276	5.497787	9.624968	2.141544	5.286694	-23.017800	29.963700	25.000000
9.936775	2.186276	5.497787	10.259630	2.136585	5.342034	-23.017800	31.061400	25.000000
9.936775	2.186276	5.497787	9.940825	2.169211	5.446109	-23.017800	31.532800	25.000000
9.936775	2.186276	5.497787	9.879777	2.173430	5.454336	-23.017800	32.630500	25.000000
9.937353	2.186235	5.497700	9.873702	2.186204	5.480245	-23.017800	34.199600	25.000000
9.937353	2.186235	5.497700	9.739610	2.247605	5.581702	-22.233300	14.273100	25.000000
9.937353	2.186235	5.497700	10.102475	2.282738	5.553286	-22.233300	15.370800	25.000000
9.936775	2.186276	5.497787	9.774457	2.414101	5.750681	-22.233300	15.842100	25.000000
9.936775	2.186276	5.497787	10.090590	2.438873	5.661153	-22.233300	16.939800	25.000000
9.936775	2.186276	5.497787	8.465223	1.558983	5.606599	-22.233300	17.411200	25.000000
9.936775	2.186276	5.497787	11.227644	2.255402	5.489657	-22.233300	18.508900	25.000000
9.937353	2.186235	5.497700	10.421612	1.308730	5.427481	-22.233300	18.980300	25.000000
9.937353	2.186235	5.497700	9.392550	0.905222	5.593646	-22.233300	20.078000	25.000000
9.936775	2.186276	5.497787	10.356640	0.841642	5.433655	-22.233300	20.549300	25.000000
9.936775	2.186276	5.497787	9.454628	0.923691	5.385060	-22.233300	21.647000	25.000000
9.936775	2.186276	5.497787	9.878259	0.905213	5.727314	-22.233300	22.118400	25.000000
9.936775	2.186276	5.497787	10.052860	0.931233	5.462714	-22.233300	23.216100	25.000000
9.937353	2.186235	5.497700	9.559085	1.150546	6.204041	-22.233300	23.687500	25.000000
9.937353	2.186235	5.497700	10.335454	0.939488	6.097543	-22.233300	24.785200	25.000000
9.936775	2.186276	5.497787	9.058019	1.599504	0.109560	-22.233300	25.256500	25.000000
9.936775	2.186276	5.497787	10.736969	1.257411	0.205076	-22.233300	26.354200	25.000000
9.936775	2.186276	5.497787	9.234780	2.079778	5.609025	-22.233300	26.825600	25.000000
9.936775	2.186276	5.497787	10.430844	1.793123	0.463648	-22.233300	27.923300	25.000000
9.937353	2.186235	5.497700	10.164153	2.142562	5.212669	-22.233300	28.394700	25.000000
9.937353	2.186235	5.497700	9.719053	2.172319	5.220700	-22.233300	29.492400	25.000000
9.936775	2.186276	5.497787	9.880283	2.173395	5.358347	-22.233300	29.963700	25.000000
9.936775	2.186276	5.497787	10.066777	2.172708	5.421015	-22.233300	31.061400	25.000000
9.936775	2.186276	5.497787	9.879777	2.173430	5.454336	-22.233300	31.532800	25.000000
9.936775	2.186276	5.497787	9.932774	2.182005	5.471706	-22.233300	32.630500	25.000000
9.937353	2.186235	5.497700	9.873702	2.186204	5.480245	-22.233300	34.199600	25.000000
9.937353	2.186235	5.497700	9.960924	2.255536	5.543627	-21.448800	14.273100	25.000000
9.937353	2.186235	5.497700	9.946356	2.296363	5.564355	-21.448800	15.370800	25.000000
9.936775	2.186276	5.497787	10.153325	2.494381	5.613546	-21.448800	15.842100	25.000000
9.936775	2.186276	5.497787	9.771387	2.429985	5.721264	-21.448800	16.939800	25.000000
9.936775	2.186276	5.497787	11.122500	2.468983	5.497787	-21.448800	17.411200	25.000000
9.936775	2.186276	5.497787	8.619745	1.769319	5.589962	-21.448800	18.508900	25.000000
9.937353	2.186235	5.497700	11.527793	1.334384	5.320191	-21.448800	18.980300	25.000000
9.937353	2.186235	5.497700	8.021222	1.279975	5.673525	-21.448800	20.078000	25.000000
9.936775	2.186276	5.497787	9.884837	1.004897	5.497787	-21.448800	20.549300	25.000000
9.936775	2.186276	5.497787	9.989494	0.963561	5.480547	-21.448800	21.647000	25.000000
9.936775	2.186276	5.497787	9.022749	0.970075	5.747374	-21.448800	22.118400	25.000000
9.936775	2.186276	5.497787	10.797222	0.992693	5.775013	-21.448800	23.216100	25.000000
9.937353	2.186235	5.497700	9.396936	1.107439	0.038077	-21.448800	23.687500	25.000000
9.937353	2.186235	5.497700	10.473949	1.105450	6.169697	-21.448800	24.785200	25.000000
9.936775	2.186276	5.497787	9.237482	1.534740	0.543763	-21.448800	25.256500	25.000000
9.936775	2.186276	5.497787	10.540813	1.571840	5.857476	-21.448800	26.354200	25.000000
9.936775	2.186276	5.497787	9.198913	2.239078	5.350350	-21.448800	26.825600	25.000000
9.936775	2.186276	5.497787	10.649413	2.017449	6.030631	-21.448800	27.923300	25.000000
9.937353	2.186235	5.497700	9.508943	2.200517	5.275126	-21.448800	28.394700	25.000000
9.937353	2.186235	5.497700	10.412012	2.150104	5.268555	-21.448800	29.492400	25.000000
9.936775	2.186276	5.497787	9.888883	2.185119	5.427727	-21.448800	29.963700	25.000000
9.936775	2.186276	5.497787	9.997500	2.177476	5.446109	-21.448800	31.061400	25.000000
9.936775	2.186276	5.497787	9.873702	2.186204	5.480245	-21.448800	31.532800	25.000000
9.936775	2.186276	5.497787	9.876740	2.185986	5.462714	-21.448800	32.630500	25.000000
9.937353	2.186235	5.497700	10.084642	2.271224	5.525303	-20.664200	14.273100	25.000000
9.937353	2.186235	5.497700	9.807650	2.268364	5.573116	-20.664200	15.370800	25.000000
9.936775	2.186276	5.497787	9.697938	2.438813	5.690758	-20.664200	15.842100	25.000000
9.936775	2.186276	5.497787	10.157756	2.446331	5.519523	-20.664200	16.939800	25.000000
9.936775	2.186276	5.497787	10.931148	2.130097	5.321347	-20.664200	17.411200	25.000000
9.936775	2.186276	5.497787	8.741281	2.480559	5.819538	-20.664200	18.508900	25.000000
9.937353	2.186235	5.497700	8.958934	1.408232	5.626110	-20.664200	18.980300	25.000000
9.937353	2.186235	5.497700	10.802891	1.720107	5.378358	-20.664200	20.078000	25.000000
9.936775	2.186276	5.497787	9.940000	1.310315	5.608444	-20.664200	20.549300	25.000000
9.936775	2.186276	5.497787	9.971765	1.337019	5.629375	-20.664200	21.647000	25.000000
9.936775	2.186276	5.497787	10.218121	1.293223	5.737530	-20.664200	22.118400	25.000000
9.936775	2.186276	5.497787	9.606768	1.318298	5.814730	-20.664200	23.216100	25.000000
9.937353	2.186235	5.497700	10.431131	1.448743	5.954715	-20.664200	23.687500	25.000000
9.937353	2.186235	5.497700	9.303580	1.322099	6.121683	-20.664200	24.785200	25.000000
9.936775	2.186276	5.497787	9.349332	1.721105	6.185670	-20.664200	25.256500	25.000000
9.936775	2.186276	5.497787	10.413933	2.071595	5.443577	-20.664200	26.354200	25.000000
9.936775	2.186276	5.497787	9.861541	2.224870	5.176037	-20.664200	26.825600	25.000000
9.936775	2.186276	5.497787	10.113852	2.181533	5.230038	-20.664200	27.923300	25.000000
9.937353	2.186235	5.497700	9.752948	2.207679	5.371195	-20.664200	28.394700	25.000000
9.937353	2.186235	5.497700	10.088607	2.171222	5.387130	-20.664200	29.492400	25.000000
9.936775	2.186276	5.497787	9.992497	2.177823	5.463318	-20.664200	29.963700	25.000000
9.936775	2.186276	5.497787	9.881801	2.185624	5.445204	-20.664200	31.061400	25.000000
9.936775	2.186276	5.497787	9.873702	2.186204	5.480245	-20.664200	32.630500	25.000000
9.937353	2.186235	5.497700	10.018483	2.263759	5.506961	-19.879700	14.273100	25.000000
9.937353	2.186235	5.497700	9.736529	2.261108	5.554331	-19.879700	15.370800	25.000000
9.936775	2.186276	5.497787	10.186756	2.383914	5.487686	-19.879700	15.842100	25.000000
9.936775	2.186276	5.497787	9.762172	2.415515	5.618083	-19.879700	16.939800	25.000000
9.936775	2.186276	5.497787	9.814275	2.336256	5.457808	-19.879700	17.411200	25.000000
9.936775	2.186276	5.497787	10.129659	2.497478	5.521039	-19.879700	18.508900	25.000000
9.937353	2.186235	5.497700	8.602906	2.015386	5.680898	-19.879700	18.980300	25.000000
9.937353	2.186235	5.497700	11.181234	1.842431	5.432092	-19.879700	20.078000	25.000000
9.936775	2.186276	5.497787	9.621377	1.783382	5.671588	-19.879700	20.549300	25.000000
9.936775	2.186276	5.497787	10.212424	1.761923	5.603772	-19.879700	21.647000	25.000000
9.936775	2.186276	5.497787	9.980501	1.821912	5.600367	-19.879700	22.118400	25.000000
9.936775	2.186276	5.497787	9.907315	1.818598	5.608444	-19.879700	23.216100	25.000000
9.937353	2.186235	5.497700	9.958916	1.824542	5.637610	-19.879700	23.687500	25.000000
9.937353	2.186235	5.497700	9.852918	2.103035	5.531108	-19.879700	24.785200	25.000000
9.936775	2.186276	5.497787	10.160709	2.227101	5.176037	-19.879700	25.256500	25.000000
9.936775	2.186276	5.497787	9.766780	2.245372	5.311300	-19.879700	26.354200	25.000000
9.936775	2.186276	5.497787	10.269372	2.182819	5.320191	-19.879700	26.825600	25.000000
9.936775	2.186276	5.497787	9.660745	2.240904	5.300392	-19.879700	27.923300	25.000000
9.937353	2.186235	5.497700	10.061809	2.185158	5.428931	-19.879700	28.394700	25.000000
9.937353	2.186235	5.497700	9.825477	2.202229	5.444267	-19.879700	29.492400	25.000000
9.936775	2.186276	5.497787	9.932774	2.182005	5.471706	-19.879700	29.963700	25.000000
9.936775	2.186276	5.497787	9.989494	2.178032	5.480547	-19.879700	31.061400	25.000000
9.936775	2.186276	5.497787	10.046890	2.186206	5.480547	-19.879700	31.532800	25.000000
9.937353	2.186235	5.497700	10.010494	2.251499	5.515967	-19.095200	14.273100	25.000000
9.937353	2.186235	5.497700	9.840732	2.252394	5.534807	-19.095200	15.370800	25.000000
9.936775	2.186276	5.497787	10.143471	2.360034	5.468093	-19.095200	15.842100	25.000000
9.936775	2.186276	5.497787	9.771898	2.340431	5.568377	-19.095200	16.939800	25.000000
9.936775	2.186276	5.497787	10.075713	2.456150	5.431219	-19.095200	17.411200	25.000000
9.936775	2.186276	5.497787	9.799490	2.543789	5.497787	-19.095200	18.508900	25.000000
9.937353	2.186235	5.497700	10.301456	2.241160	5.445204	-19.095200	18.980300	25.000000
9.937353	2.186235	5.497700	9.640021	2.496017	5.473402	-19.095200	20.078000	25.000000
9.936775	2.186276	5.497787	9.605727	2.314040	5.477790	-19.095200	20.549300	25.000000
9.936775	2.186276	5.497787	10.109896	2.218516	5.480245	-19.095200	21.647000	25.000000
9.936775	2.186276	5.497787	9.947864	2.351344	5.150726	-19.095200	22.118400	25.000000
9.936775	2.186276	5.497787	9.861541	2.345757	5.316138	-19.095200	23.216100	25.000000
9.937353	2.186235	5.497700	9.841748	2.319614	5.126388	-19.095200	23.687500	25.000000
9.937353	2.186235	5.497700	10.032447	2.343029	5.082560	-19.095200	24.785200	25.000000
9.936775	2.186276	5.497787	9.557196	2.290536	5.269513	-19.095200	25.256500	25.000000
9.936775	2.186276	5.497787	10.360502	2.212332	5.256941	-19.095200	26.354200	25.000000
9.936775	2.186276	5.497787	9.839715	2.213811	5.416883	-19.095200	26.825600	25.000000
9.936775	2.186276	5.497787	10.018483	2.188212	5.402425	-19.095200	27.923300	25.000000
9.937353	2.186235	5.497700	9.876740	2.185986	5.462714	-19.095200	28.394700	25.000000
9.937353	2.186235	5.497700	9.939819	2.193842	5.445204	-19.095200	29.492400	25.000000
9.937353	2.186235	5.497700	9.954898	2.256030	5.506961	-18.310600	14.273100	25.000000
9.937353	2.186235	5.497700	9.940825	2.231448	5.506796	-18.310600	15.370800	25.000000
9.936775	2.186276	5.497787	9.764220	2.299222	5.526905	-18.310600	15.842100	25.000000
9.936775	2.186276	5.497787	10.070253	2.312108	5.469223	-18.310600	16.939800	25.000000
9.936775	2.186276	5.497787	9.751410	2.401424	5.508539	-18.310600	17.411200	25.000000
9.936775	2.186276	5.497787	10.140513	2.403283	5.393995	-18.310600	18.508900	25.000000
9.937353	2.186235	5.497700	10.136567	2.464435	5.296025	-18.310600	18.980300	25.000000
9.937353	2.186235	5.497700	9.753461	2.514895	5.348897	-18.310600	20.078000	25.000000
9.936775	2.186276	5.497787	9.757561	2.480190	5.161112	-18.310600	20.549300	25.000000
9.936775	2.186276	5.497787	10.108412	2.467906	5.190220	-18.310600	21.647000	25.000000
9.936775	2.186276	5.497787	9.705153	2.422157	5.183029	-18.310600	22.118400	25.000000
9.936775	2.186276	5.497787	10.183320	2.356098	5.157405	-18.310600	23.216100	25.000000
9.937353	2.186235	5.497700	10.007997	2.317818	5.224778	-18.310600	23.687500	25.000000
9.937353	2.186235	5.497700	9.873702	2.262771	5.329580	-18.310600	24.785200	25.000000
9.936775	2.186276	5.497787	9.788258	2.230622	5.415405	-18.310600	25.256500	25.000000
9.936775	2.186276	5.497787	10.108412	2.218627	5.365815	-18.310600	26.354200	25.000000
9.936775	2.186276	5.497787	10.000500	2.189489	5.436993	-18.310600	26.825600	25.000000
9.936775	2.186276	5.497787	9.938813	2.206361	5.453568	-18.310600	27.923300	25.000000
9.937353	2.186235	5.497700	9.932774	2.182005	5.471706	-18.310600	28.394700	25.000000
9.937353	2.186235	5.497700	9.875728	2.198513	5.471245	-18.310600	29.492400	25.000000
9.936775	2.186276	5.497787	9.873702	2.186204	5.480245	-18.310600	31.061400	25.000000
9.937353	2.186235	5.497700	10.002500	2.239342	5.506796	-17.526100	14.273100	25.000000
9.937353	2.186235	5.497700	9.940825	2.231448	5.506796	-17.526100	15.370800	25.000000
9.936775	2.186276	5.497787	10.020479	2.263594	5.470271	-17.526100	15.842100	25.000000
9.936775	2.186276	5.497787	9.792344	2.269675	5.516653	-17.526100	16.939800	25.000000
9.936775	2.186276	5.497787	9.896464	2.314488	5.488079	-17.526100	17.411200	25.000000
9.936775	2.186276	5.497787	9.942837	2.337780	5.428591	-17.526100	18.508900	25.000000
9.937353	2.186235	5.497700	10.030454	2.343222	5.389304	-17.526100	18.980300	25.000000
9.937353	2.186235	5.497700	9.946356	2.365747	5.396098	-17.526100	20.078000	25.000000
9.936775	2.186276	5.497787	9.875222	2.330342	5.339132	-17.526100	20.549300	25.000000
9.936775	2.186276	5.497787	9.829039	2.349000	5.355890	-17.526100	21.647000	25.000000
9.936775	2.186276	5.497787	10.027961	2.262974	5.350709	-17.526100	22.118400	25.000000
9.936775	2.186276	5.497787	9.826495	2.307235	5.361385	-17.526100	23.216100	25.000000
9.937353	2.186235	5.497700	9.873196	2.249729	5.387130	-17.526100	23.687500	25.000000
9.937353	2.186235	5.497700	9.960924	2.217243	5.408738	-17.526100	24.785200	25.000000
9.936775	2.186276	5.497787	9.891916	2.222518	5.434807	-17.526100	25.256500	25.000000
9.936775	2.186276	5.497787	10.058827	2.197588	5.436993	-17.526100	26.354200	25.000000
9.936775	2.186276	5.497787	9.934787	2.194206	5.462714	-17.526100	26.825600	25.000000
9.936775	2.186276	5.497787	9.990495	2.190203	5.471706	-17.526100	27.923300	25.000000
9.937353	2.186235	5.497700	9.879777	2.223455	5.506796	-16.741600	14.273100	25.000000
9.937353	2.186235	5.497700	9.935794	2.219153	5.497787	-16.741600	15.370800	25.000000
9.936775	2.186276	5.497787	9.996499	2.227127	5.497787	-16.741600	15.842100	25.000000
9.936775	2.186276	5.497787	9.891916	2.248203	5.488613	-16.741600	16.939800	25.000000
9.936775	2.186276	5.497787	9.964939	2.268229	5.479271	-16.741600	17.411200	25.000000
9.936775	2.186276	5.497787	9.967949	2.267976	5.460767	-16.741600	18.508900	25.000000
9.937353	2.186235	5.497700	9.922197	2.271844	5.432460	-16.741600	18.980300	25.000000
9.937353	2.186235	5.497700	9.865090	2.276740	5.441244	-16.741600	20.078000	25.000000
9.936775	2.186276	5.497787	9.988994	2.266213	5.405458	-16.741600	20.549300	25.000000
9.936775	2.186276	5.497787	9.916148	2.259229	5.423848	-16.741600	21.647000	25.000000
9.936775	2.186276	5.497787	10.022475	2.237768	5.416883	-16.741600	22.118400	25.000000
9.936775	2.186276	5.497787	9.893938	2.235136	5.443296	-16.741600	23.216100	25.000000
9.937353	2.186235	5.497700	9.951884	2.217929	5.426480	-16.741600	23.687500	25.000000
9.937353	2.186235	5.497700	9.879777	2.210776	5.462088	-16.741600	24.785200	25.000000
9.936775	2.186276	5.497787	9.990495	2.190203	5.471706	-16.741600	25.256500	25.000000
9.936775	2.186276	5.497787	9.993498	2.202331	5.462714	-16.741600	26.354200	25.000000
9.936775	2.186276	5.497787	9.873702	2.186204	5.480245	-16.741600	26.825600	25.000000
9.936775	2.186276	5.497787	9.931767	2.194425	5.480245	-16.741600	27.923300	25.000000
9.937353	2.186235	5.497700	9.932774	2.206810	5.506636	-15.957000	14.273100	25.000000
9.937353	2.186235	5.497700	9.935794	2.219153	5.497787	-15.957000	15.370800	25.000000
9.936775	2.186276	5.497787	9.940825	2.231448	5.488778	-15.957000	15.842100	25.000000
9.936775	2.186276	5.497787	9.992497	2.214861	5.488938	-15.957000	16.939800	25.000000
9.936775	2.186276	5.497787	9.950879	2.243446	5.461440	-15.957000	17.411200	25.000000
9.936775	2.186276	5.497787	9.942837	2.231290	5.470767	-15.957000	18.508900	25.000000
9.937353	2.186235	5.497700	9.950879	2.243446	5.461440	-15.957000	18.980300	25.000000
9.937353	2.186235	5.497700	9.946859	2.230976	5.452773	-15.957000	20.078000	25.000000
9.936775	2.186276	5.497787	9.946859	2.230976	5.452773	-15.957000	20.549300	25.000000
9.936775	2.186276	5.497787	9.946859	2.230976	5.452773	-15.957000	21.647000	25.000000
9.936775	2.186276	5.497787	9.998500	2.214410	5.453568	-15.957000	22.118400	25.000000
9.936775	2.186276	5.497787	9.939819	2.218846	5.462088	-15.957000	23.216100	25.000000
9.937353	2.186235	5.497700	10.048881	2.198305	5.471706	-15.957000	23.687500	25.000000
9.937353	2.186235	5.497700	9.879777	2.210776	5.462088	-15.957000	24.785200	25.000000
9.936775	2.186276	5.497787	9.990495	2.190203	5.471706	-15.957000	25.256500	25.000000
9.936775	2.186276	5.497787	9.990495	2.202551	5.480245	-15.957000	26.354200	25.000000
