4.714926	2.947067	4.712389	4.781783	2.956379	4.749191	-10.570400	-3.134930	25.000000
4.714926	2.947067	4.712389	4.780183	2.958174	4.777813	-10.570400	-2.663560	25.000000
4.714926	2.947067	4.712389	4.685666	2.950080	4.777465	-10.570400	-1.565860	25.000000
4.714907	2.947088	4.712389	4.684282	2.951610	4.814307	-10.570400	-1.094500	25.000000
4.714923	2.947070	4.712389	4.678985	2.957589	4.831818	-10.570400	0.003205	25.000000
4.714922	2.947071	4.712389	4.681506	2.954718	4.862416	-10.570400	0.474571	25.000000
4.714926	2.947067	4.712389	4.686150	2.949548	4.892242	-10.570400	1.572270	25.000000
4.714926	2.947067	4.712389	4.786023	2.951709	4.940184	-10.570400	2.043640	25.000000
4.714926	2.947067	4.712389	4.686799	2.948837	4.911969	-10.570400	3.141340	25.000000
4.714926	2.947067	4.712389	4.691919	2.943324	4.941621	-10.570400	3.612700	25.000000
4.714926	2.947067	4.712389	4.693847	2.941290	4.939188	-10.570400	4.710400	25.000000
4.714926	2.947067	4.712389	4.796420	2.940744	4.900562	-10.570400	5.181770	25.000000
4.714926	2.947067	4.712389	4.699535	2.935414	4.927112	-10.570400	6.279470	25.000000
4.714926	2.947067	4.712389	4.699832	2.935111	4.880268	-10.570400	6.750840	25.000000
4.714926	2.947067	4.712389	4.702984	2.931936	4.846628	-10.570400	7.848540	25.000000
4.714926	2.947067	4.712389	4.702288	2.932633	4.818178	-10.570400	8.319900	25.000000
4.714926	2.947067	4.712389	4.695924	2.939123	4.807843	-10.570400	9.417600	25.000000
4.714926	2.947067	4.712389	4.693415	2.941743	4.773603	-10.570400	9.888970	25.000000
4.715042	2.946942	4.712389	4.699464	2.935485	4.772732	-10.570400	10.986700	25.000000
4.714849	2.947150	4.712389	4.697189	2.937815	4.747112	-10.570400	11.458000	25.000000
4.714926	2.947067	4.712389	4.779979	2.958404	4.753859	-9.785830	-4.232630	25.000000
4.714926	2.947067	4.712389	4.781943	2.956201	4.770052	-9.785830	-3.134930	25.000000
4.714926	2.947067	4.712389	4.776686	2.962164	4.788711	-9.785830	-2.663560	25.000000
4.714926	2.947067	4.712389	4.779079	2.959423	4.828148	-9.785830	-1.565860	25.000000
4.714907	2.947088	4.712389	4.770086	2.969960	4.902563	-9.785830	-1.094500	25.000000
4.714923	2.947070	4.712389	4.683763	2.952187	4.876419	-9.785830	0.003205	25.000000
4.714922	2.947071	4.712389	4.673408	2.964116	5.005007	-9.785830	0.474571	25.000000
4.714926	2.947067	4.712389	4.786429	2.951268	4.993268	-9.785830	1.572270	25.000000
4.714926	2.947067	4.712389	4.687366	2.948218	5.111450	-9.785830	2.043640	25.000000
4.714926	2.947067	4.712389	4.695029	2.940053	5.071160	-9.785830	3.141340	25.000000
4.714926	2.947067	4.712389	4.704519	2.930408	5.107960	-9.785830	3.612700	25.000000
4.714926	2.947067	4.712389	4.800458	2.936653	5.111904	-9.785830	4.710400	25.000000
4.714926	2.947067	4.712389	4.706644	2.928312	5.050011	-9.785830	5.181770	25.000000
4.714926	2.947067	4.712389	4.718326	2.917167	5.052210	-9.785830	6.279470	25.000000
4.714926	2.947067	4.712389	4.801719	2.935393	4.972664	-9.785830	6.750840	25.000000
4.714926	2.947067	4.712389	4.719909	2.915702	4.939471	-9.785830	7.848540	25.000000
4.714926	2.947067	4.712389	4.799083	2.938036	4.857201	-9.785830	8.319900	25.000000
4.714926	2.947067	4.712389	4.712326	2.922814	4.870465	-9.785830	9.417600	25.000000
4.714926	2.947067	4.712389	4.700192	2.934747	4.817212	-9.785830	9.888970	25.000000
4.715042	2.946942	4.712389	4.701637	2.933287	4.781352	-9.785830	10.986700	25.000000
4.714849	2.947150	4.712389	4.695335	2.939735	4.766273	-9.785830	11.458000	25.000000
4.714849	2.947150	4.712389	4.697221	2.937782	4.751527	-9.785830	12.555700	25.000000
4.714926	2.947067	4.712389	4.682028	2.954129	4.789249	-9.001290	-4.232630	25.000000
4.714926	2.947067	4.712389	4.678141	2.958562	4.771145	-9.001290	-3.134930	25.000000
4.714926	2.947067	4.712389	4.767871	2.972661	4.882870	-9.001290	-2.663560	25.000000
4.714926	2.947067	4.712389	4.679052	2.957513	4.835296	-9.001290	-1.565860	25.000000
4.714907	2.947088	4.712389	4.663190	2.976780	5.016365	-9.001290	-1.094500	25.000000
4.714923	2.947070	4.712389	4.681123	2.955152	5.008261	-9.001290	0.003205	25.000000
4.714922	2.947071	4.712389	4.774149	2.965117	5.336799	-9.001290	0.474571	25.000000
4.714926	2.947067	4.712389	4.687025	2.948591	5.161112	-9.001290	1.572270	25.000000
4.714926	2.947067	4.712389	4.628488	2.905416	5.452067	-9.001290	2.043640	25.000000
4.714926	2.947067	4.712389	4.702436	2.932485	5.374331	-9.001290	3.141340	25.000000
4.714926	2.947067	4.712389	4.746293	2.892666	5.431219	-9.001290	3.612700	25.000000
4.714926	2.947067	4.712389	4.657177	2.881051	5.409262	-9.001290	4.710400	25.000000
4.714926	2.947067	4.712389	4.742489	2.895841	5.300392	-9.001290	5.181770	25.000000
4.714926	2.947067	4.712389	4.777468	2.868173	5.276740	-9.001290	6.279470	25.000000
4.714926	2.947067	4.712389	4.726235	2.909950	5.060373	-9.001290	6.750840	25.000000
4.714926	2.947067	4.712389	4.759433	2.882028	5.143081	-9.001290	7.848540	25.000000
4.714926	2.947067	4.712389	4.710656	2.924415	4.934905	-9.001290	8.319900	25.000000
4.714926	2.947067	4.712389	4.734688	2.902499	4.949148	-9.001290	9.417600	25.000000
4.714926	2.947067	4.712389	4.704254	2.930671	4.812058	-9.001290	9.888970	25.000000
4.715042	2.946942	4.712389	4.713961	2.921260	4.853600	-9.001290	10.986700	25.000000
4.714849	2.947150	4.712389	4.703520	2.931401	4.765400	-9.001290	11.458000	25.000000
4.714849	2.947150	4.712389	4.697537	2.937457	4.781751	-9.001290	12.555700	25.000000
4.714849	2.947150	4.712389	4.697177	2.937827	4.745219	-9.001290	13.027100	25.000000
4.714926	2.947067	4.712389	4.779919	2.958472	4.743414	-8.216760	-5.801690	25.000000
4.714926	2.947067	4.712389	4.681751	2.954442	4.762347	-8.216760	-4.703990	25.000000
4.714926	2.947067	4.712389	4.771982	2.967683	4.830134	-8.216760	-4.232630	25.000000
4.714926	2.947067	4.712389	4.676426	2.960553	4.781327	-8.216760	-3.134930	25.000000
4.714926	2.947067	4.712389	4.771006	2.968851	4.983989	-8.216760	-2.663560	25.000000
4.714926	2.947067	4.712389	4.661185	2.979387	4.896758	-8.216760	-1.565860	25.000000
4.714907	2.947088	4.712389	4.668212	2.970434	5.408738	-8.216760	-1.094500	25.000000
4.714923	2.947070	4.712389	4.761943	2.980123	5.129287	-8.216760	0.003205	25.000000
4.714922	2.947071	4.712389	4.687270	2.948323	5.568535	-8.216760	0.474571	25.000000
4.714926	2.947067	4.712389	4.750421	2.889270	5.857256	-8.216760	1.572270	25.000000
4.714926	2.947067	4.712389	4.676537	2.737562	6.030291	-8.216760	2.043640	25.000000
4.714926	2.947067	4.712389	4.742889	2.820176	5.804613	-8.216760	3.141340	25.000000
4.714926	2.947067	4.712389	4.770335	2.693798	5.880201	-8.216760	3.612700	25.000000
4.714926	2.947067	4.712389	4.786700	2.686732	5.851442	-8.216760	4.710400	25.000000
4.714926	2.947067	4.712389	4.726955	2.664909	5.691346	-8.216760	5.181770	25.000000
4.714926	2.947067	4.712389	4.632548	2.760382	5.575818	-8.216760	6.279470	25.000000
4.714926	2.947067	4.712389	4.734564	2.825499	5.200348	-8.216760	6.750840	25.000000
4.714926	2.947067	4.712389	4.688934	2.788708	5.458506	-8.216760	7.848540	25.000000
4.714926	2.947067	4.712389	4.793266	2.856657	5.052917	-8.216760	8.319900	25.000000
4.714926	2.947067	4.712389	4.638750	2.896393	5.056608	-8.216760	9.417600	25.000000
4.714926	2.947067	4.712389	4.735338	2.901936	4.870517	-8.216760	9.888970	25.000000
4.715042	2.946942	4.712389	4.713208	2.921975	4.893549	-8.216760	10.986700	25.000000
4.714849	2.947150	4.712389	4.705684	2.929256	4.770908	-8.216760	11.458000	25.000000
4.714849	2.947150	4.712389	4.708503	2.926497	4.812058	-8.216760	12.555700	25.000000
4.714849	2.947150	4.712389	4.697276	2.937726	4.758252	-8.216760	13.027100	25.000000
4.714849	2.947150	4.712389	4.699189	2.935766	4.741443	-8.216760	14.124800	25.000000
4.714926	2.947067	4.712389	4.676368	2.960621	4.775519	-7.432230	-5.801690	25.000000
4.714926	2.947067	4.712389	4.679816	2.956638	4.750510	-7.432230	-4.703990	25.000000
4.714926	2.947067	4.712389	4.670941	2.967086	4.877132	-7.432230	-4.232630	25.000000
4.714926	2.947067	4.712389	4.766506	2.974349	4.805787	-7.432230	-3.134930	25.000000
4.714926	2.947067	4.712389	4.752680	2.992563	5.210265	-7.432230	-2.663560	25.000000
4.714926	2.947067	4.712389	4.657295	2.984573	4.992009	-7.432230	-1.565860	25.000000
4.714907	2.947088	4.712389	4.783231	2.954770	6.079167	-7.432230	-1.094500	25.000000
4.714923	2.947070	4.712389	4.679028	2.957541	5.539086	-7.432230	0.003205	25.000000
4.714922	2.947071	4.712389	4.745788	2.499276	0.045743	-7.432230	0.474571	25.000000
4.714926	2.947067	4.712389	4.609985	2.772785	0.162577	-7.432230	1.572270	25.000000
4.714926	2.947067	4.712389	4.691524	0.790632	0.144442	-7.432230	2.043640	25.000000
4.714926	2.947067	4.712389	4.725727	1.086555	0.485035	-7.432230	3.141340	25.000000
4.714926	2.947067	4.712389	5.559865	0.452625	0.161092	-7.432230	3.612700	25.000000
4.714926	2.947067	4.712389	3.614263	1.017264	0.425820	-7.432230	4.710400	25.000000
4.714926	2.947067	4.712389	5.550586	0.593941	0.297316	-7.432230	5.181770	25.000000
4.714926	2.947067	4.712389	3.602346	0.036095	1.176005	-7.432230	6.279470	25.000000
4.714926	2.947067	4.712389	4.983463	2.349452	5.684237	-7.432230	6.750840	25.000000
4.714926	2.947067	4.712389	4.419061	2.605892	5.500922	-7.432230	7.848540	25.000000
4.714926	2.947067	4.712389	4.598587	2.779253	5.349755	-7.432230	8.319900	25.000000
4.714926	2.947067	4.712389	4.782677	2.796061	5.065379	-7.432230	9.417600	25.000000
4.714926	2.947067	4.712389	4.677543	2.865191	4.952048	-7.432230	9.888970	25.000000
4.715042	2.946942	4.712389	4.634005	2.900519	4.931058	-7.432230	10.986700	25.000000
4.714849	2.947150	4.712389	4.816645	2.921069	4.795057	-7.432230	11.458000	25.000000
4.714849	2.947150	4.712389	4.709048	2.925968	4.834774	-7.432230	12.555700	25.000000
4.714849	2.947150	4.712389	4.701268	2.933658	4.745367	-7.432230	13.027100	25.000000
4.714849	2.947150	4.712389	4.701481	2.933444	4.769029	-7.432230	14.124800	25.000000
4.714926	2.947067	4.712389	4.776465	2.962419	4.766454	-6.647690	-5.801690	25.000000
4.714926	2.947067	4.712389	4.672851	2.964782	4.780576	-6.647690	-4.703990	25.000000
4.714926	2.947067	4.712389	4.658492	2.982959	4.839104	-6.647690	-4.232630	25.000000
4.714926	2.947067	4.712389	4.761265	2.981000	4.949722	-6.647690	-3.134930	25.000000
4.714926	2.947067	4.712389	4.663153	2.976828	5.442289	-6.647690	-2.663560	25.000000
4.714926	2.947067	4.712389	4.726182	3.036284	5.412282	-6.647690	-1.565860	25.000000
4.714907	2.947088	4.712389	4.795686	2.854939	0.499935	-6.647690	-1.094500	25.000000
4.714923	2.947070	4.712389	4.542918	2.696344	0.081868	-6.647690	0.003205	25.000000
4.714922	2.947071	4.712389	4.823287	2.296214	0.341906	-6.647690	0.474571	25.000000
4.714926	2.947067	4.712389	4.734353	2.006937	0.430292	-6.647690	1.572270	25.000000
4.714926	2.947067	4.712389	4.640280	3.009736	0.016392	-6.647690	2.043640	25.000000
4.714926	2.947067	4.712389	4.766760	2.746755	0.463648	-6.647690	3.141340	25.000000
4.714926	2.947067	4.712389	4.502277	2.664730	5.800060	-6.647690	3.612700	25.000000
4.714926	2.947067	4.712389	4.956017	2.991100	5.218180	-6.647690	4.710400	25.000000
4.714926	2.947067	4.712389	4.789165	2.221232	5.499642	-6.647690	5.181770	25.000000
4.714926	2.947067	4.712389	4.543127	2.352318	5.764039	-6.647690	6.279470	25.000000
4.714926	2.947067	4.712389	4.125118	1.050710	5.759535	-6.647690	6.750840	25.000000
4.714926	2.947067	4.712389	5.147475	1.050276	5.875647	-6.647690	7.848540	25.000000
4.714926	2.947067	4.712389	4.854997	2.437349	5.448278	-6.647690	8.319900	25.000000
4.714926	2.947067	4.712389	4.539890	2.648934	5.244821	-6.647690	9.417600	25.000000
4.714926	2.947067	4.712389	4.662789	2.804261	5.042336	-6.647690	9.888970	25.000000
4.715042	2.946942	4.712389	4.770461	2.873460	4.976559	-6.647690	10.986700	25.000000
4.714849	2.947150	4.712389	4.718032	2.917440	4.841475	-6.647690	11.458000	25.000000
4.714849	2.947150	4.712389	4.644296	2.891666	4.835448	-6.647690	12.555700	25.000000
4.714849	2.947150	4.712389	4.707849	2.927133	4.774310	-6.647690	13.027100	25.000000
4.714849	2.947150	4.712389	4.703420	2.931500	4.755220	-6.647690	14.124800	25.000000
4.714926	2.947067	4.712389	4.665998	2.973201	4.784061	-5.863160	-5.801690	25.000000
4.714926	2.947067	4.712389	4.672927	2.964692	4.787855	-5.863160	-4.703990	25.000000
4.714926	2.947067	4.712389	4.653278	2.990123	4.898612	-5.863160	-4.232630	25.000000
4.714926	2.947067	4.712389	4.744385	3.004699	5.054166	-5.863160	-3.134930	25.000000
4.714926	2.947067	4.712389	4.620174	3.048109	6.053953	-5.863160	-2.663560	25.000000
4.714926	2.947067	4.712389	4.778265	2.960350	6.121091	-5.863160	-1.565860	25.000000
4.714907	2.947088	4.712389	3.847402	1.688027	0.748378	-5.863160	-1.094500	25.000000
4.714923	2.947070	4.712389	5.551540	1.966523	0.674741	-5.863160	0.003205	25.000000
4.714922	2.947071	4.712389	5.414128	2.747928	6.215720	-5.863160	0.474571	25.000000
4.714926	2.947067	4.712389	3.852856	2.422932	3.516975	-5.863160	1.572270	25.000000
4.714926	2.947067	4.712389	4.743429	2.176339	3.144413	-5.863160	2.043640	25.000000
4.714926	2.947067	4.712389	4.722245	2.205499	3.178418	-5.863160	3.141340	25.000000
4.714926	2.947067	4.712389	4.729958	2.230792	3.569328	-5.863160	3.612700	25.000000
4.714926	2.947067	4.712389	4.727579	2.231182	3.275914	-5.863160	4.710400	25.000000
4.714926	2.947067	4.712389	5.160581	2.316132	3.536789	-5.863160	5.181770	25.000000
4.714926	2.947067	4.712389	4.293029	2.281306	3.450710	-5.863160	6.279470	25.000000
4.714926	2.947067	4.712389	3.746318	2.776948	0.642004	-5.863160	6.750840	25.000000
4.714926	2.947067	4.712389	5.456418	2.367069	4.804235	-5.863160	7.848540	25.000000
4.714926	2.947067	4.712389	4.563705	0.586908	5.672135	-5.863160	8.319900	25.000000
4.714926	2.947067	4.712389	4.873982	0.643223	5.699927	-5.863160	9.417600	25.000000
4.714926	2.947067	4.712389	4.732653	2.710672	5.162463	-5.863160	9.888970	25.000000
4.715042	2.946942	4.712389	4.691460	2.787249	4.979719	-5.863160	10.986700	25.000000
4.714849	2.947150	4.712389	4.738656	2.899088	4.830422	-5.863160	11.458000	25.000000
4.714849	2.947150	4.712389	4.766640	2.876393	4.888591	-5.863160	12.555700	25.000000
4.714849	2.947150	4.712389	4.707717	2.927262	4.763345	-5.863160	13.027100	25.000000
4.714849	2.947150	4.712389	4.716576	2.918798	4.776723	-5.863160	14.124800	25.000000
4.714926	2.947067	4.712389	4.764989	2.976244	4.817132	-5.078630	-5.801690	25.000000
4.714926	2.947067	4.712389	4.662597	2.977547	4.774152	-5.078630	-4.703990	25.000000
4.714926	2.947067	4.712389	4.738287	3.014382	4.978349	-5.078630	-4.232630	25.000000
4.714926	2.947067	4.712389	4.731095	3.026878	5.232222	-5.078630	-3.134930	25.000000
4.714926	2.947067	4.712389	4.555491	2.879567	0.292268	-5.078630	-2.663560	25.000000
4.714926	2.947067	4.712389	4.858374	2.885558	0.785398	-5.078630	-1.565860	25.000000
4.714907	2.947088	4.712389	3.797486	2.525824	0.363573	-5.078630	-1.094500	25.000000
4.714923	2.947070	4.712389	5.497800	2.712767	0.371571	-5.078630	0.003205	25.000000
4.714922	2.947071	4.712389	5.580323	1.732785	4.200000	-5.078630	0.474571	25.000000
4.714926	2.947067	4.712389	3.747332	2.214831	3.590316	-5.078630	1.572270	25.000000
4.714926	2.947067	4.712389	4.699117	1.494111	3.332710	-5.078630	2.043640	25.000000
4.714926	2.947067	4.712389	4.729112	1.469122	3.186244	-5.078630	3.141340	25.000000
4.714926	2.947067	4.712389	4.917109	1.627282	3.352971	-5.078630	3.612700	25.000000
4.714926	2.947067	4.712389	4.484814	1.515671	3.424494	-5.078630	4.710400	25.000000
4.714926	2.947067	4.712389	5.010305	1.526873	3.094827	-5.078630	5.181770	25.000000
4.714926	2.947067	4.712389	4.434951	1.451005	3.103656	-5.078630	6.279470	25.000000
4.714926	2.947067	4.712389	5.017938	2.600072	0.908736	-5.078630	6.750840	25.000000
4.714926	2.947067	4.712389	4.295451	1.829766	3.384819	-5.078630	7.848540	25.000000
4.714926	2.947067	4.712389	5.007834	1.514855	5.355890	-5.078630	8.319900	25.000000
4.714926	2.947067	4.712389	4.469497	2.014822	5.550370	-5.078630	9.417600	25.000000
4.714926	2.947067	4.712389	4.360333	2.584052	5.234223	-5.078630	9.888970	25.000000
4.715042	2.946942	4.712389	5.057559	2.550694	5.037507	-5.078630	10.986700	25.000000
4.714849	2.947150	4.712389	4.698750	2.849702	4.930817	-5.078630	11.458000	25.000000
4.714849	2.947150	4.712389	4.677903	2.864919	4.822960	-5.078630	12.555700	25.000000
4.714849	2.947150	4.712389	4.723296	2.912603	4.775855	-5.078630	13.027100	25.000000
4.714849	2.947150	4.712389	4.714326	2.920915	4.773478	-5.078630	14.124800	25.000000
4.714926	2.947067	4.712389	4.661042	2.979575	4.782938	-4.294090	-5.801690	25.000000
4.714926	2.947067	4.712389	4.754015	2.990705	4.825982	-4.294090	-4.703990	25.000000
4.714926	2.947067	4.712389	4.728450	3.031840	5.400700	-4.294090	-4.232630	25.000000
4.714926	2.947067	4.712389	4.713840	3.064944	5.193383	-4.294090	-3.134930	25.000000
4.714926	2.947067	4.712389	4.364550	2.393782	0.844993	-4.294090	-2.663560	25.000000
4.714926	2.947067	4.712389	4.996169	2.607360	1.052625	-4.294090	-1.565860	25.000000
4.714907	2.947088	4.712389	4.991523	2.649814	5.113381	-4.294090	-1.094500	25.000000
4.714923	2.947070	4.712389	4.499389	2.498273	4.793992	-4.294090	0.003205	25.000000
4.714922	2.947071	4.712389	3.239707	1.583143	4.126955	-4.294090	0.474571	25.000000
4.714926	2.947067	4.712389	5.833644	1.354848	4.291135	-4.294090	1.572270	25.000000
4.714926	2.947067	4.712389	4.657521	1.021911	3.334052	-4.294090	2.043640	25.000000
4.714926	2.947067	4.712389	4.763539	1.059702	3.557862	-4.294090	3.141340	25.000000
4.714926	2.947067	4.712389	4.794434	1.058533	3.435341	-4.294090	3.612700	25.000000
4.714926	2.947067	4.712389	4.611128	1.117345	3.289290	-4.294090	4.710400	25.000000
4.714926	2.947067	4.712389	4.613285	0.945588	2.780945	-4.294090	5.181770	25.000000
4.714926	2.947067	4.712389	4.819751	0.976175	2.756435	-4.294090	6.279470	25.000000
4.714926	2.947067	4.712389	5.440560	1.793191	1.620567	-4.294090	6.750840	25.000000
4.714926	2.947067	4.712389	3.584014	1.924080	4.672529	-4.294090	7.848540	25.000000
4.714926	2.947067	4.712389	6.109214	2.474621	5.330485	-4.294090	8.319900	25.000000
4.714926	2.947067	4.712389	2.628935	2.721172	0.074628	-4.294090	9.417600	25.000000
4.714926	2.947067	4.712389	5.480265	2.113436	5.124555	-4.294090	9.888970	25.000000
4.715042	2.946942	4.712389	3.820694	2.028989	5.152542	-4.294090	10.986700	25.000000
4.714849	2.947150	4.712389	4.667186	2.801585	4.929316	-4.294090	11.458000	25.000000
4.714849	2.947150	4.712389	4.715778	2.837916	4.832522	-4.294090	12.555700	25.000000
4.714849	2.947150	4.712389	4.723553	2.912369	4.790733	-4.294090	13.027100	25.000000
4.714849	2.947150	4.712389	4.732315	2.904565	4.759202	-4.294090	14.124800	25.000000
4.714926	2.947067	4.712389	4.654708	2.988123	4.778490	-3.509560	-5.801690	25.000000
4.714926	2.947067	4.712389	4.748140	2.999074	4.826812	-3.509560	-4.703990	25.000000
4.714926	2.947067	4.712389	4.709210	3.079041	6.091786	-3.509560	-4.232630	25.000000
4.714926	2.947067	4.712389	4.712393	3.069052	5.491576	-3.509560	-3.134930	25.000000
4.714926	2.947067	4.712389	4.549571	1.669869	1.188239	-3.509560	-2.663560	25.000000
4.714926	2.947067	4.712389	4.885867	1.195699	1.178036	-3.509560	-1.565860	25.000000
4.714907	2.947088	4.712389	5.110239	2.853753	0.173195	-3.509560	-1.094500	25.000000
4.714923	2.947070	4.712389	4.278683	1.830805	4.381078	-3.509560	0.003205	25.000000
4.714922	2.947071	4.712389	5.586895	1.100842	4.374767	-3.509560	0.474571	25.000000
4.714926	2.947067	4.712389	3.684142	1.565368	4.394930	-3.509560	1.572270	25.000000
4.714926	2.947067	4.712389	4.854091	0.704024	3.787003	-3.509560	2.043640	25.000000
4.714926	2.947067	4.712389	4.612212	0.639795	3.653982	-3.509560	3.141340	25.000000
4.714926	2.947067	4.712389	4.708036	0.631521	3.381336	-3.509560	3.612700	25.000000
4.714926	2.947067	4.712389	4.711730	0.595761	3.324153	-3.509560	4.710400	25.000000
4.714926	2.947067	4.712389	4.549736	0.657938	2.506718	-3.509560	5.181770	25.000000
4.714926	2.947067	4.712389	4.873859	0.798755	2.297439	-3.509560	6.279470	25.000000
4.714926	2.947067	4.712389	5.547609	2.685281	0.903403	-3.509560	6.750840	25.000000
4.714926	2.947067	4.712389	3.369498	0.395027	3.398916	-3.509560	7.848540	25.000000
4.714926	2.947067	4.712389	5.774255	2.617768	3.836774	-3.509560	8.319900	25.000000
4.714926	2.947067	4.712389	3.372961	2.450949	0.447621	-3.509560	9.417600	25.000000
4.714926	2.947067	4.712389	4.283608	0.691362	5.417441	-3.509560	9.888970	25.000000
4.715042	2.946942	4.712389	5.088693	0.186978	1.805519	-3.509560	10.986700	25.000000
4.714849	2.947150	4.712389	4.581332	2.789322	4.909785	-3.509560	11.458000	25.000000
4.714849	2.947150	4.712389	4.844254	2.762324	4.835361	-3.509560	12.555700	25.000000
4.714849	2.947150	4.712389	4.732304	2.904574	4.758303	-3.509560	13.027100	25.000000
4.714849	2.947150	4.712389	4.742181	2.896101	4.778380	-3.509560	14.124800	25.000000
4.714926	2.947067	4.712389	4.748017	2.999255	4.815012	-2.725030	-5.801690	25.000000
4.714926	2.947067	4.712389	4.744856	3.003981	4.764649	-2.725030	-4.703990	25.000000
4.714926	2.947067	4.712389	4.711601	3.071403	0.512389	-2.725030	-4.232630	25.000000
4.714926	2.947067	4.712389	4.703974	3.100485	0.056933	-2.725030	-3.134930	25.000000
4.714926	2.947067	4.712389	5.347981	2.100020	1.345783	-2.725030	-2.663560	25.000000
4.714926	2.947067	4.712389	3.982261	2.423924	1.268367	-2.725030	-1.565860	25.000000
4.714907	2.947088	4.712389	3.267935	1.336084	3.069164	-2.725030	-1.094500	25.000000
4.714923	2.947070	4.712389	5.696288	2.817643	5.603276	-2.725030	0.003205	25.000000
4.714922	2.947071	4.712389	5.297141	0.846483	4.420932	-2.725030	0.474571	25.000000
4.714926	2.947067	4.712389	4.041460	1.439277	4.204078	-2.725030	1.572270	25.000000
4.714926	2.947067	4.712389	4.463776	0.345497	4.139064	-2.725030	2.043640	25.000000
4.714926	2.947067	4.712389	5.010399	0.353840	4.538718	-2.725030	3.141340	25.000000
4.714926	2.947067	4.712389	4.667783	0.170627	3.656044	-2.725030	3.612700	25.000000
4.714926	2.947067	4.712389	4.670760	0.174287	4.359399	-2.725030	4.710400	25.000000
4.714926	2.947067	4.712389	5.130088	0.458605	2.091581	-2.725030	5.181770	25.000000
4.714926	2.947067	4.712389	4.196975	0.703699	2.371818	-2.725030	6.279470	25.000000
4.714926	2.947067	4.712389	3.413132	1.464241	3.443774	-2.725030	6.750840	25.000000
4.714926	2.947067	4.712389	5.664943	1.586861	1.796934	-2.725030	7.848540	25.000000
4.714926	2.947067	4.712389	5.132105	2.315949	5.593539	-2.725030	8.319900	25.000000
4.714926	2.947067	4.712389	4.126803	1.643556	3.578073	-2.725030	9.417600	25.000000
4.714926	2.947067	4.712389	4.259061	0.884156	5.138011	-2.725030	9.888970	25.000000
4.715042	2.946942	4.712389	5.098637	0.866849	5.023562	-2.725030	10.986700	25.000000
4.714849	2.947150	4.712389	4.845741	2.709315	4.812058	-2.725030	11.458000	25.000000
4.714849	2.947150	4.712389	4.562890	2.740076	4.874034	-2.725030	12.555700	25.000000
4.714849	2.947150	4.712389	4.739333	2.898510	4.748338	-2.725030	13.027100	25.000000
4.714849	2.947150	4.712389	4.754350	2.886085	4.764010	-2.725030	14.124800	25.000000
4.714926	2.947067	4.712389	4.642984	3.005415	4.744124	-1.940500	-5.801690	25.000000
4.714926	2.947067	4.712389	4.742240	3.008024	4.782117	-1.940500	-4.703990	25.000000
4.714926	2.947067	4.712389	4.609247	3.078240	0.965685	-1.940500	-4.232630	25.000000
4.714926	2.947067	4.712389	4.716516	3.057882	1.150255	-1.940500	-3.134930	25.000000
4.714926	2.947067	4.712389	3.642883	2.988002	0.162199	-1.940500	-2.663560	25.000000
4.714926	2.947067	4.712389	5.594899	2.876869	2.370686	-1.940500	-1.565860	25.000000
4.714907	2.947088	4.712389	3.680285	1.133071	3.283065	-1.940500	-1.094500	25.000000
4.714923	2.947070	4.712389	5.494588	2.185763	4.600748	-1.940500	0.003205	25.000000
4.714922	2.947071	4.712389	5.108464	0.570298	4.372292	-1.940500	0.474571	25.000000
4.714926	2.947067	4.712389	4.224926	1.077671	4.176578	-1.940500	1.572270	25.000000
4.714926	2.947067	4.712389	4.874556	0.394573	5.501561	-1.940500	2.043640	25.000000
4.714926	2.947067	4.712389	4.607516	0.057125	4.865038	-1.940500	3.141340	25.000000
4.714926	2.947067	4.712389	4.891922	0.403012	5.171375	-1.940500	3.612700	25.000000
4.714926	2.947067	4.712389	4.445863	0.256865	5.930632	-1.940500	4.710400	25.000000
4.714926	2.947067	4.712389	4.594736	0.360123	1.884735	-1.940500	5.181770	25.000000
4.714926	2.947067	4.712389	4.757279	0.390028	2.997350	-1.940500	6.279470	25.000000
4.714926	2.947067	4.712389	5.551621	1.129732	2.002369	-1.940500	6.750840	25.000000
4.714926	2.947067	4.712389	3.690610	1.125392	3.006065	-1.940500	7.848540	25.000000
4.714926	2.947067	4.712389	3.600125	0.971733	5.055413	-1.940500	8.319900	25.000000
4.714926	2.947067	4.712389	5.552639	1.746389	5.081007	-1.940500	9.417600	25.000000
4.714926	2.947067	4.712389	5.551802	1.666406	4.810257	-1.940500	9.888970	25.000000
4.715042	2.946942	4.712389	3.695673	1.953478	4.841085	-1.940500	10.986700	25.000000
4.714849	2.947150	4.712389	4.509443	2.661663	4.820182	-1.940500	11.458000	25.000000
4.714849	2.947150	4.712389	4.876623	2.695787	4.763297	-1.940500	12.555700	25.000000
4.714849	2.947150	4.712389	4.649760	2.887103	4.744002	-1.940500	13.027100	25.000000
4.714849	2.947150	4.712389	4.759110	2.882283	4.734517	-1.940500	14.124800	25.000000
4.714926	2.947067	4.712389	4.740726	3.010422	4.726743	-1.155960	-5.801690	25.000000
4.714926	2.947067	4.712389	4.640271	3.009750	4.719110	-1.155960	-4.703990	25.000000
4.714926	2.947067	4.712389	4.722618	3.043683	1.486216	-1.155960	-4.232630	25.000000
4.714926	2.947067	4.712389	4.714643	3.062757	1.487208	-1.155960	-3.134930	25.000000
4.714926	2.947067	4.712389	4.624461	2.709793	4.637916	-1.155960	-2.663560	25.000000
4.714926	2.947067	4.712389	4.782622	2.955446	4.527180	-1.155960	-1.565860	25.000000
4.714907	2.947088	4.712389	5.946495	1.857216	4.673812	-1.155960	-1.094500	25.000000
4.714923	2.947070	4.712389	2.997866	0.493614	4.147820	-1.155960	0.003205	25.000000
4.714922	2.947071	4.712389	5.113316	0.451916	4.604699	-1.155960	0.474571	25.000000
4.714926	2.947067	4.712389	4.205675	0.706133	4.543023	-1.155960	1.572270	25.000000
4.714926	2.947067	4.712389	4.726702	0.106345	0.295275	-1.155960	2.043640	25.000000
4.714926	2.947067	4.712389	4.612932	0.074897	4.916603	-1.155960	3.141340	25.000000
4.714926	2.947067	4.712389	4.577882	0.279682	4.943933	-1.155960	3.612700	25.000000
4.714926	2.947067	4.712389	4.812858	0.417223	4.939956	-1.155960	4.710400	25.000000
4.714926	2.947067	4.712389	4.818421	0.087470	3.075024	-1.155960	5.181770	25.000000
4.714926	2.947067	4.712389	4.615120	0.080968	2.073992	-1.155960	6.279470	25.000000
4.714926	2.947067	4.712389	4.753146	0.387907	2.044394	-1.155960	6.750840	25.000000
4.714926	2.947067	4.712389	4.551099	1.091193	1.707439	-1.155960	7.848540	25.000000
4.714926	2.947067	4.712389	2.529214	2.164533	2.060473	-1.155960	8.319900	25.000000
4.714926	2.947067	4.712389	6.025168	1.348733	4.808672	-1.155960	9.417600	25.000000
4.714926	2.947067	4.712389	3.192379	2.288712	4.773106	-1.155960	9.888970	25.000000
4.715042	2.946942	4.712389	5.873873	2.319899	4.686511	-1.155960	10.986700	25.000000
4.714849	2.947150	4.712389	4.487861	2.623996	4.734908	-1.155960	11.458000	25.000000
4.714849	2.947150	4.712389	4.812082	2.676064	4.723037	-1.155960	12.555700	25.000000
4.714849	2.947150	4.712389	4.753954	2.886403	4.719889	-1.155960	13.027100	25.000000
4.714849	2.947150	4.712389	4.759035	2.882342	4.715832	-1.155960	14.124800	25.000000
4.714926	2.947067	4.712389	4.742080	3.008274	4.679702	-0.371428	-5.801690	25.000000
4.714926	2.947067	4.712389	4.738180	3.014560	4.681399	-0.371428	-4.703990	25.000000
4.714926	2.947067	4.712389	4.720280	3.048863	1.851296	-0.371428	-4.232630	25.000000
4.714926	2.947067	4.712389	4.711722	3.071041	1.842065	-0.371428	-3.134930	25.000000
4.714926	2.947067	4.712389	4.633854	2.759680	5.012165	-0.371428	-2.663560	25.000000
4.714926	2.947067	4.712389	4.721440	3.046256	1.007480	-0.371428	-1.565860	25.000000
4.714907	2.947088	4.712389	1.827296	2.039779	0.000000	-0.371428	-1.094500	25.000000
4.714923	2.947070	4.712389	6.370008	1.446458	4.908233	-0.371428	0.003205	25.000000
4.714922	2.947071	4.712389	3.917920	0.774651	5.287234	-0.371428	0.474571	25.000000
4.714926	2.947067	4.712389	5.296310	0.590312	4.893153	-0.371428	1.572270	25.000000
4.714926	2.947067	4.712389	4.746251	0.323537	3.866034	-0.371428	2.043640	25.000000
4.714926	2.947067	4.712389	4.712261	0.072152	2.314552	-0.371428	3.141340	25.000000
4.714926	2.947067	4.712389	4.889540	0.451302	4.358009	-0.371428	3.612700	25.000000
4.714926	2.947067	4.712389	4.489243	0.291391	3.733896	-0.371428	4.710400	25.000000
4.714926	2.947067	4.712389	4.729450	0.312770	0.249979	-0.371428	5.181770	25.000000
4.714926	2.947067	4.712389	4.732114	0.116568	1.139658	-0.371428	6.279470	25.000000
4.714926	2.947067	4.712389	5.725068	0.637672	0.914385	-0.371428	6.750840	25.000000
4.714926	2.947067	4.712389	3.328498	1.265647	1.016871	-0.371428	7.848540	25.000000
4.714926	2.947067	4.712389	5.519779	1.244556	5.880303	-0.371428	8.319900	25.000000
4.714926	2.947067	4.712389	3.453515	2.008241	3.276257	-0.371428	9.417600	25.000000
4.714926	2.947067	4.712389	5.368752	1.938515	4.649671	-0.371428	9.888970	25.000000
4.715042	2.946942	4.712389	4.007805	2.435673	4.713158	-0.371428	10.986700	25.000000
4.714849	2.947150	4.712389	4.631441	2.706534	4.667291	-0.371428	11.458000	25.000000
4.714849	2.947150	4.712389	4.824161	2.627253	4.659695	-0.371428	12.555700	25.000000
4.714849	2.947150	4.712389	4.654758	2.883008	4.690628	-0.371428	13.027100	25.000000
4.714849	2.947150	4.712389	4.662467	2.876829	4.700914	-0.371428	14.124800	25.000000
4.714926	2.947067	4.712389	4.740960	3.010047	4.635124	0.413105	-5.801690	25.000000
4.714926	2.947067	4.712389	4.647246	2.998878	4.657898	0.413105	-4.703990	25.000000
4.714926	2.947067	4.712389	4.711737	3.070995	2.183001	0.413105	-4.232630	25.000000
4.714926	2.947067	4.712389	4.607339	3.085143	2.648693	0.413105	-3.134930	25.000000
4.714926	2.947067	4.712389	5.621487	2.629366	1.410779	0.413105	-2.663560	25.000000
4.714926	2.947067	4.712389	3.517741	2.592158	2.095344	0.413105	-1.565860	25.000000
4.714907	2.947088	4.712389	4.534545	1.300683	5.507496	0.413105	-1.094500	25.000000
4.714923	2.947070	4.712389	4.770283	3.075921	0.463648	0.413105	0.003205	25.000000
4.714922	2.947071	4.712389	5.538014	1.040723	4.893366	0.413105	0.474571	25.000000
4.714926	2.947067	4.712389	3.782539	0.917185	5.554331	0.413105	1.572270	25.000000
4.714926	2.947067	4.712389	4.695592	0.356715	4.821160	0.413105	2.043640	25.000000
4.714926	2.947067	4.712389	4.807612	0.211980	4.022208	0.413105	3.141340	25.000000
4.714926	2.947067	4.712389	4.647376	0.142909	4.788002	0.413105	3.612700	25.000000
4.714926	2.947067	4.712389	4.669111	0.269963	3.892913	0.413105	4.710400	25.000000
4.714926	2.947067	4.712389	4.576680	0.591157	1.142222	0.413105	5.181770	25.000000
4.714926	2.947067	4.712389	4.930406	0.368174	0.344919	0.413105	6.279470	25.000000
4.714926	2.947067	4.712389	5.728604	1.191709	1.102947	0.413105	6.750840	25.000000
4.714926	2.947067	4.712389	3.400735	1.585500	6.268480	0.413105	7.848540	25.000000
4.714926	2.947067	4.712389	3.516024	1.158165	5.970762	0.413105	8.319900	25.000000
4.714926	2.947067	4.712389	5.525872	2.306875	3.970862	0.413105	9.417600	25.000000
4.714926	2.947067	4.712389	3.938985	0.915626	4.331883	0.413105	9.888970	25.000000
4.715042	2.946942	4.712389	5.299396	0.991743	4.585797	0.413105	10.986700	25.000000
4.714849	2.947150	4.712389	4.782909	2.738729	4.638194	0.413105	11.458000	25.000000
4.714849	2.947150	4.712389	4.624645	2.660640	4.577366	0.413105	12.555700	25.000000
4.714849	2.947150	4.712389	4.644802	2.891240	4.676752	0.413105	13.027100	25.000000
4.714849	2.947150	4.712389	4.759246	2.882175	4.675520	0.413105	14.124800	25.000000
4.714926	2.947067	4.712389	4.653318	2.990068	4.629721	1.197640	-5.801690	25.000000
4.714926	2.947067	4.712389	4.745088	3.003627	4.623394	1.197640	-4.703990	25.000000
4.714926	2.947067	4.712389	4.802671	3.108240	3.185315	1.197640	-4.232630	25.000000
4.714926	2.947067	4.712389	4.713422	3.066109	3.316917	1.197640	-3.134930	25.000000
4.714926	2.947067	4.712389	4.839225	1.736874	1.910438	1.197640	-2.663560	25.000000
4.714926	2.947067	4.712389	4.563869	1.866507	1.921524	1.197640	-1.565860	25.000000
4.714907	2.947088	4.712389	5.357406	2.534470	1.859433	1.197640	-1.094500	25.000000
4.714923	2.947070	4.712389	3.861752	1.779467	4.973418	1.197640	0.003205	25.000000
4.714922	2.947071	4.712389	5.502772	1.410187	4.933254	1.197640	0.474571	25.000000
4.714926	2.947067	4.712389	3.895895	0.945631	5.258237	1.197640	1.572270	25.000000
4.714926	2.947067	4.712389	4.997159	0.493880	5.420100	1.197640	2.043640	25.000000
4.714926	2.947067	4.712389	4.443433	0.499756	5.527679	1.197640	3.141340	25.000000
4.714926	2.947067	4.712389	4.727727	0.374530	6.019976	1.197640	3.612700	25.000000
4.714926	2.947067	4.712389	4.691141	0.354160	5.918659	1.197640	4.710400	25.000000
4.714926	2.947067	4.712389	4.964736	0.729877	1.013798	1.197640	5.181770	25.000000
4.714926	2.947067	4.712389	4.460381	0.592539	0.671606	1.197640	6.279470	25.000000
4.714926	2.947067	4.712389	5.258156	2.432298	1.690805	1.197640	6.750840	25.000000
4.714926	2.947067	4.712389	3.907134	0.753301	0.097435	1.197640	7.848540	25.000000
4.714926	2.947067	4.712389	5.980117	2.135430	4.805558	1.197640	8.319900	25.000000
4.714926	2.947067	4.712389	2.825456	2.463285	1.377826	1.197640	9.417600	25.000000
4.714926	2.947067	4.712389	5.363292	0.418701	4.199500	1.197640	9.888970	25.000000
4.715042	2.946942	4.712389	3.989035	1.291420	4.360944	1.197640	10.986700	25.000000
4.714849	2.947150	4.712389	4.712632	2.720007	4.540420	1.197640	11.458000	25.000000
4.714849	2.947150	4.712389	4.706166	2.778896	4.604377	1.197640	12.555700	25.000000
4.714849	2.947150	4.712389	4.736974	2.900527	4.672587	1.197640	13.027100	25.000000
4.714849	2.947150	4.712389	4.749498	2.890025	4.650603	1.197640	14.124800	25.000000
4.714926	2.947067	4.712389	4.756586	2.987191	4.648094	1.982170	-5.801690	25.000000
4.714926	2.947067	4.712389	4.752567	2.992723	4.594369	1.982170	-4.703990	25.000000
4.714926	2.947067	4.712389	4.707620	3.084688	3.985126	1.982170	-4.232630	25.000000
4.714926	2.947067	4.712389	4.722468	3.044008	3.880870	1.982170	-3.134930	25.000000
4.714926	2.947067	4.712389	4.498366	1.836219	2.121093	1.982170	-2.663560	25.000000
4.714926	2.947067	4.712389	4.941913	2.246266	2.004291	1.982170	-1.565860	25.000000
4.714907	2.947088	4.712389	4.673553	2.739058	4.204760	1.982170	-1.094500	25.000000
4.714923	2.947070	4.712389	4.782844	2.145528	4.797185	1.982170	0.003205	25.000000
4.714922	2.947071	4.712389	5.010050	1.082573	5.204340	1.982170	0.474571	25.000000
4.714926	2.947067	4.712389	4.360665	1.623565	4.979648	1.982170	1.572270	25.000000
4.714926	2.947067	4.712389	4.601087	0.831519	5.793228	1.982170	2.043640	25.000000
4.714926	2.947067	4.712389	4.933447	0.891348	5.929294	1.982170	3.141340	25.000000
4.714926	2.947067	4.712389	4.775029	0.864250	6.012828	1.982170	3.612700	25.000000
4.714926	2.947067	4.712389	4.634695	0.866770	6.146893	1.982170	4.710400	25.000000
4.714926	2.947067	4.712389	4.350678	0.809932	0.600326	1.982170	5.181770	25.000000
4.714926	2.947067	4.712389	5.071528	0.836036	0.554092	1.982170	6.279470	25.000000
4.714926	2.947067	4.712389	5.151705	2.170591	4.326642	1.982170	6.750840	25.000000
4.714926	2.947067	4.712389	3.932434	0.694730	1.264120	1.982170	7.848540	25.000000
4.714926	2.947067	4.712389	5.713257	3.073457	0.767218	1.982170	8.319900	25.000000
4.714926	2.947067	4.712389	3.266680	2.309685	3.833150	1.982170	9.417600	25.000000
4.714926	2.947067	4.712389	5.122851	1.182410	4.229876	1.982170	9.888970	25.000000
4.715042	2.946942	4.712389	4.376220	1.103852	4.312873	1.982170	10.986700	25.000000
4.714849	2.947150	4.712389	4.759254	2.810004	4.602445	1.982170	11.458000	25.000000
4.714849	2.947150	4.712389	4.685563	2.790666	4.486986	1.982170	12.555700	25.000000
4.714849	2.947150	4.712389	4.725529	2.910584	4.652276	1.982170	13.027100	25.000000
4.714849	2.947150	4.712389	4.739630	2.898258	4.653685	1.982170	14.124800	25.000000
4.714926	2.947067	4.712389	4.764741	2.976557	4.627975	2.766700	-5.801690	25.000000
4.714926	2.947067	4.712389	4.756812	2.986886	4.622223	2.766700	-4.703990	25.000000
4.714926	2.947067	4.712389	4.635237	3.018210	4.333510	2.766700	-4.232630	25.000000
4.714926	2.947067	4.712389	4.721218	3.046750	4.116322	2.766700	-3.134930	25.000000
4.714926	2.947067	4.712389	4.592080	2.674412	2.486487	2.766700	-2.663560	25.000000
4.714926	2.947067	4.712389	4.743416	2.819842	2.214297	2.766700	-1.565860	25.000000
4.714907	2.947088	4.712389	5.059743	2.819784	4.374829	2.766700	-1.094500	25.000000
4.714923	2.947070	4.712389	4.365146	2.729662	3.669255	2.766700	0.003205	25.000000
4.714922	2.947071	4.712389	5.751958	1.484632	5.222877	2.766700	0.474571	25.000000
4.714926	2.947067	4.712389	3.400347	1.863456	5.541238	2.766700	1.572270	25.000000
4.714926	2.947067	4.712389	4.593191	1.156255	6.060130	2.766700	2.043640	25.000000
4.714926	2.947067	4.712389	4.904671	1.338315	6.108392	2.766700	3.141340	25.000000
4.714926	2.947067	4.712389	4.861337	1.353091	5.959436	2.766700	3.612700	25.000000
4.714926	2.947067	4.712389	4.624381	1.297085	6.129853	2.766700	4.710400	25.000000
4.714926	2.947067	4.712389	4.653397	1.175951	0.211093	2.766700	5.181770	25.000000
4.714926	2.947067	4.712389	4.814499	1.198790	0.195209	2.766700	6.279470	25.000000
4.714926	2.947067	4.712389	4.779738	2.756674	3.712595	2.766700	6.750840	25.000000
4.714926	2.947067	4.712389	4.475835	1.393363	0.727585	2.766700	7.848540	25.000000
4.714926	2.947067	4.712389	2.675238	2.166025	3.885481	2.766700	8.319900	25.000000
4.714926	2.947067	4.712389	6.154673	2.236251	4.044100	2.766700	9.417600	25.000000
4.714926	2.947067	4.712389	4.545602	2.521756	4.384650	2.766700	9.888970	25.000000
4.715042	2.946942	4.712389	4.848464	2.291619	4.214357	2.766700	10.986700	25.000000
4.714849	2.947150	4.712389	4.687172	2.858038	4.580845	2.766700	11.458000	25.000000
4.714849	2.947150	4.712389	4.737288	2.823746	4.509032	2.766700	12.555700	25.000000
4.714849	2.947150	4.712389	4.725939	2.910216	4.629248	2.766700	13.027100	25.000000
4.714849	2.947150	4.712389	4.723011	2.912862	4.671291	2.766700	14.124800	25.000000
4.714926	2.947067	4.712389	4.764939	2.976308	4.611451	3.551240	-5.801690	25.000000
4.714926	2.947067	4.712389	4.667551	2.971254	4.656750	3.551240	-4.703990	25.000000
4.714926	2.947067	4.712389	4.745683	3.002728	4.485134	3.551240	-4.232630	25.000000
4.714926	2.947067	4.712389	4.736902	3.016688	4.297262	3.551240	-3.134930	25.000000
4.714926	2.947067	4.712389	4.730465	3.028040	2.896614	3.551240	-2.663560	25.000000
4.714926	2.947067	4.712389	4.725354	2.910742	2.943290	3.551240	-1.565860	25.000000
4.714907	2.947088	4.712389	5.105095	2.073586	2.400469	3.551240	-1.094500	25.000000
4.714923	2.947070	4.712389	4.276225	2.152622	2.567564	3.551240	0.003205	25.000000
4.714922	2.947071	4.712389	4.178397	2.658381	0.108382	3.551240	0.474571	25.000000
4.714926	2.947067	4.712389	5.142548	2.056346	5.175053	3.551240	1.572270	25.000000
4.714926	2.947067	4.712389	4.863260	1.826490	6.236411	3.551240	2.043640	25.000000
4.714926	2.947067	4.712389	4.612375	1.780465	6.212194	3.551240	3.141340	25.000000
4.714926	2.947067	4.712389	4.700000	1.877720	5.927549	3.551240	3.612700	25.000000
4.714926	2.947067	4.712389	4.673296	1.872801	6.116563	3.551240	4.710400	25.000000
4.714926	2.947067	4.712389	4.810665	1.807907	6.102567	3.551240	5.181770	25.000000
4.714926	2.947067	4.712389	4.682948	1.919484	6.260462	3.551240	6.279470	25.000000
4.714926	2.947067	4.712389	4.159435	2.487133	1.610301	3.551240	6.750840	25.000000
4.714926	2.947067	4.712389	5.100980	2.354273	5.104200	3.551240	7.848540	25.000000
4.714926	2.947067	4.712389	5.034739	0.465070	3.782437	3.551240	8.319900	25.000000
4.714926	2.947067	4.712389	4.378356	0.934985	3.898886	3.551240	9.417600	25.000000
4.714926	2.947067	4.712389	4.611778	2.620638	4.217562	3.551240	9.888970	25.000000
4.715042	2.946942	4.712389	4.809085	2.726143	4.441166	3.551240	10.986700	25.000000
4.714849	2.947150	4.712389	4.774120	2.870685	4.603374	3.551240	11.458000	25.000000
4.714849	2.947150	4.712389	4.661665	2.877464	4.501296	3.551240	12.555700	25.000000
4.714849	2.947150	4.712389	4.716305	2.919051	4.670107	3.551240	13.027100	25.000000
4.714849	2.947150	4.712389	4.714636	2.920622	4.631980	3.551240	14.124800	25.000000
4.714926	2.947067	4.712389	4.769439	2.970745	4.665510	4.335770	-5.801690	25.000000
4.714926	2.947067	4.712389	4.771539	2.968212	4.624809	4.335770	-4.703990	25.000000
4.714926	2.947067	4.712389	4.756125	2.987815	4.559427	4.335770	-4.232630	25.000000
4.714926	2.947067	4.712389	4.750160	2.996140	4.423715	4.335770	-3.134930	25.000000
4.714926	2.947067	4.712389	4.642090	3.006828	3.995067	4.335770	-2.663560	25.000000
4.714926	2.947067	4.712389	4.741561	3.009093	3.433049	4.335770	-1.565860	25.000000
4.714907	2.947088	4.712389	4.212220	2.433639	2.799060	4.335770	-1.094500	25.000000
4.714923	2.947070	4.712389	5.183136	2.549212	2.461455	4.335770	0.003205	25.000000
4.714922	2.947071	4.712389	5.464101	2.290080	2.463052	4.335770	0.474571	25.000000
4.714926	2.947067	4.712389	3.739198	2.781970	3.959238	4.335770	1.572270	25.000000
4.714926	2.947067	4.712389	4.725156	2.714136	6.188088	4.335770	2.043640	25.000000
4.714926	2.947067	4.712389	4.662184	2.692555	0.208540	4.335770	3.141340	25.000000
4.714926	2.947067	4.712389	4.161694	2.785076	5.561117	4.335770	3.612700	25.000000
4.714926	2.947067	4.712389	5.186810	2.621122	5.897639	4.335770	4.710400	25.000000
4.714926	2.947067	4.712389	4.861378	2.613863	5.137664	4.335770	5.181770	25.000000
4.714926	2.947067	4.712389	4.601011	2.777865	5.167840	4.335770	6.279470	25.000000
4.714926	2.947067	4.712389	4.922977	1.953853	3.597405	4.335770	6.750840	25.000000
4.714926	2.947067	4.712389	4.406813	2.301171	4.237843	4.335770	7.848540	25.000000
4.714926	2.947067	4.712389	4.743248	2.053095	3.839378	4.335770	8.319900	25.000000
4.714926	2.947067	4.712389	4.678675	2.323966	4.156895	4.335770	9.417600	25.000000
4.714926	2.947067	4.712389	4.702786	2.780795	4.283767	4.335770	9.888970	25.000000
4.715042	2.946942	4.712389	4.737003	2.823929	4.480524	4.335770	10.986700	25.000000
4.714849	2.947150	4.712389	4.630551	2.903572	4.565311	4.335770	11.458000	25.000000
4.714849	2.947150	4.712389	4.751369	2.888498	4.584281	4.335770	12.555700	25.000000
4.714849	2.947150	4.712389	4.707976	2.927009	4.641508	4.335770	13.027100	25.000000
4.714849	2.947150	4.712389	4.709754	2.925285	4.671817	4.335770	14.124800	25.000000
4.714926	2.947067	4.712389	4.776595	2.962268	4.644259	5.120300	-5.801690	25.000000
4.714926	2.947067	4.712389	4.676205	2.960812	4.669558	5.120300	-4.703990	25.000000
4.714926	2.947067	4.712389	4.757720	2.985667	4.557476	5.120300	-4.232630	25.000000
4.714926	2.947067	4.712389	4.672417	2.965304	4.560482	5.120300	-3.134930	25.000000
4.714926	2.947067	4.712389	4.734195	3.021329	4.256615	5.120300	-2.663560	25.000000
4.714926	2.947067	4.712389	4.663754	2.976055	4.149652	5.120300	-1.565860	25.000000
4.714907	2.947088	4.712389	4.693581	2.853390	3.399298	5.120300	-1.094500	25.000000
4.714923	2.947070	4.712389	4.676006	2.961046	2.989758	5.120300	0.003205	25.000000
4.714922	2.947071	4.712389	3.634405	2.153516	2.745788	5.120300	0.474571	25.000000
4.714926	2.947067	4.712389	5.580762	1.999524	2.810497	5.120300	1.572270	25.000000
4.714926	2.947067	4.712389	5.370909	1.429193	2.931287	5.120300	2.043640	25.000000
4.714926	2.947067	4.712389	3.965350	1.774196	2.832871	5.120300	3.141340	25.000000
4.714926	2.947067	4.712389	4.539295	2.061718	3.181571	5.120300	3.612700	25.000000
4.714926	2.947067	4.712389	4.854328	1.657425	3.263896	5.120300	4.710400	25.000000
4.714926	2.947067	4.712389	5.244588	0.235357	2.092985	5.120300	5.181770	25.000000
4.714926	2.947067	4.712389	4.059532	0.424038	3.123631	5.120300	6.279470	25.000000
4.714926	2.947067	4.712389	4.941670	1.772498	3.809882	5.120300	6.750840	25.000000
4.714926	2.947067	4.712389	4.511004	1.441641	3.493037	5.120300	7.848540	25.000000
4.714926	2.947067	4.712389	4.906017	2.683410	4.279659	5.120300	8.319900	25.000000
4.714926	2.947067	4.712389	4.582587	2.730070	3.969436	5.120300	9.417600	25.000000
4.714926	2.947067	4.712389	4.805466	2.848114	4.442982	5.120300	9.888970	25.000000
4.715042	2.946942	4.712389	4.649398	2.887403	4.452889	5.120300	10.986700	25.000000
4.714849	2.947150	4.712389	4.714822	2.920446	4.622342	5.120300	11.458000	25.000000
4.714849	2.947150	4.712389	4.727399	2.908908	4.576200	5.120300	12.555700	25.000000
4.714849	2.947150	4.712389	4.705488	2.929449	4.673015	5.120300	13.027100	25.000000
4.714849	2.947150	4.712389	4.701493	2.933432	4.654721	5.120300	14.124800	25.000000
4.714926	2.947067	4.712389	4.678025	2.958695	4.668065	5.904840	-5.801690	25.000000
4.714926	2.947067	4.712389	4.681728	2.954467	4.665297	5.904840	-4.703990	25.000000
4.714926	2.947067	4.712389	4.773195	2.966242	4.631841	5.904840	-4.232630	25.000000
4.714926	2.947067	4.712389	4.670414	2.967727	4.572067	5.904840	-3.134930	25.000000
4.714926	2.947067	4.712389	4.651804	2.992213	4.405713	5.904840	-2.663560	25.000000
4.714926	2.947067	4.712389	4.769689	2.970441	4.429186	5.904840	-1.565860	25.000000
4.714907	2.947088	4.712389	4.665555	2.973761	4.127945	5.904840	-1.094500	25.000000
4.714923	2.947070	4.712389	4.670268	2.967905	3.733032	5.904840	0.003205	25.000000
4.714922	2.947071	4.712389	4.660354	2.878506	3.612620	5.904840	0.474571	25.000000
4.714926	2.947067	4.712389	4.776652	2.799583	3.191551	5.904840	1.572270	25.000000
4.714926	2.947067	4.712389	4.570353	2.593127	3.406115	5.904840	2.043640	25.000000
4.714926	2.947067	4.712389	4.894253	2.427959	3.093505	5.904840	3.141340	25.000000
4.714926	2.947067	4.712389	4.711306	2.288945	3.305815	5.904840	3.612700	25.000000
4.714926	2.947067	4.712389	4.750621	2.254278	3.354961	5.904840	4.710400	25.000000
4.714926	2.947067	4.712389	4.366062	2.500826	3.433049	5.904840	5.181770	25.000000
4.714926	2.947067	4.712389	5.110039	2.380474	3.694177	5.904840	6.279470	25.000000
4.714926	2.947067	4.712389	4.547934	2.694039	3.771883	5.904840	6.750840	25.000000
4.714926	2.947067	4.712389	4.848134	2.708246	4.129836	5.904840	7.848540	25.000000
4.714926	2.947067	4.712389	4.826448	2.834055	4.399296	5.904840	8.319900	25.000000
4.714926	2.947067	4.712389	4.589052	2.853557	4.190388	5.904840	9.417600	25.000000
4.714926	2.947067	4.712389	4.730051	2.906554	4.567539	5.904840	9.888970	25.000000
4.715042	2.946942	4.712389	4.742836	2.895550	4.464891	5.904840	10.986700	25.000000
4.714849	2.947150	4.712389	4.711028	2.924057	4.597061	5.904840	11.458000	25.000000
4.714849	2.947150	4.712389	4.712192	2.922942	4.647773	5.904840	12.555700	25.000000
4.714849	2.947150	4.712389	4.697235	2.937767	4.671359	5.904840	13.027100	25.000000
4.714849	2.947150	4.712389	4.701329	2.933597	4.671278	5.904840	14.124800	25.000000
4.714926	2.947067	4.712389	4.781736	2.956432	4.684555	6.689370	-5.801690	25.000000
4.714926	2.947067	4.712389	4.681708	2.954490	4.668050	6.689370	-4.703990	25.000000
4.714926	2.947067	4.712389	4.774736	2.964430	4.652935	6.689370	-4.232630	25.000000
4.714926	2.947067	4.712389	4.678646	2.957980	4.612720	6.689370	-3.134930	25.000000
4.714926	2.947067	4.712389	4.665036	2.974418	4.507414	6.689370	-2.663560	25.000000
4.714926	2.947067	4.712389	4.776354	2.962548	4.554198	6.689370	-1.565860	25.000000
4.714907	2.947088	4.712389	4.681410	2.954827	4.310518	6.689370	-1.094500	25.000000
4.714923	2.947070	4.712389	4.754366	2.990220	4.311160	6.689370	0.003205	25.000000
4.714922	2.947071	4.712389	4.709873	2.925170	3.906015	6.689370	0.474571	25.000000
4.714926	2.947067	4.712389	4.670086	2.968128	4.058963	6.689370	1.572270	25.000000
4.714926	2.947067	4.712389	4.658133	2.880283	3.879967	6.689370	2.043640	25.000000
4.714926	2.947067	4.712389	4.759800	2.881737	3.663781	6.689370	3.141340	25.000000
4.714926	2.947067	4.712389	4.727843	2.829875	3.785094	6.689370	3.612700	25.000000
4.714926	2.947067	4.712389	4.733455	2.826216	3.801441	6.689370	4.710400	25.000000
4.714926	2.947067	4.712389	4.702467	2.847082	4.030783	6.689370	5.181770	25.000000
4.714926	2.947067	4.712389	4.761323	2.808744	3.917900	6.689370	6.279470	25.000000
4.714926	2.947067	4.712389	4.710170	2.841738	4.274459	6.689370	6.750840	25.000000
4.714926	2.947067	4.712389	4.652623	2.884748	4.150202	6.689370	7.848540	25.000000
4.714926	2.947067	4.712389	4.755218	2.885387	4.409009	6.689370	8.319900	25.000000
4.714926	2.947067	4.712389	4.721070	2.914635	4.465127	6.689370	9.417600	25.000000
4.714926	2.947067	4.712389	4.711079	2.924009	4.595108	6.689370	9.888970	25.000000
4.715042	2.946942	4.712389	4.721634	2.914118	4.545388	6.689370	10.986700	25.000000
4.714849	2.947150	4.712389	4.701928	2.932994	4.624983	6.689370	11.458000	25.000000
4.714849	2.947150	4.712389	4.703509	2.931412	4.660395	6.689370	12.555700	25.000000
4.714849	2.947150	4.712389	4.697240	2.937763	4.670834	6.689370	13.027100	25.000000
4.714926	2.947067	4.712389	4.680048	2.956373	4.646207	7.473900	-4.232630	25.000000
4.714926	2.947067	4.712389	4.683615	2.952352	4.663564	7.473900	-3.134930	25.000000
4.714926	2.947067	4.712389	4.779515	2.958930	4.574890	7.473900	-2.663560	25.000000
4.714926	2.947067	4.712389	4.674965	2.962269	4.616300	7.473900	-1.565860	25.000000
4.714907	2.947088	4.712389	4.674562	2.962746	4.435906	7.473900	-1.094500	25.000000
4.714923	2.947070	4.712389	4.773353	2.966055	4.531463	7.473900	0.003205	25.000000
4.714922	2.947071	4.712389	4.768291	2.972145	4.343429	7.473900	0.474571	25.000000
4.714926	2.947067	4.712389	4.689147	2.946288	4.317598	7.473900	1.572270	25.000000
4.714926	2.947067	4.712389	4.688038	2.947488	4.204216	7.473900	2.043640	25.000000
4.714926	2.947067	4.712389	4.707122	2.927844	4.199454	7.473900	3.141340	25.000000
4.714926	2.947067	4.712389	4.720943	2.914751	4.189738	7.473900	3.612700	25.000000
4.714926	2.947067	4.712389	4.617683	2.915343	4.175281	7.473900	4.710400	25.000000
4.714926	2.947067	4.712389	4.728742	2.907713	4.228336	7.473900	5.181770	25.000000
4.714926	2.947067	4.712389	4.726140	2.910035	4.314761	7.473900	6.279470	25.000000
4.714926	2.947067	4.712389	4.714170	2.921062	4.366103	7.473900	6.750840	25.000000
4.714926	2.947067	4.712389	4.732325	2.904556	4.439034	7.473900	7.848540	25.000000
4.714926	2.947067	4.712389	4.714149	2.921082	4.565417	7.473900	8.319900	25.000000
4.714926	2.947067	4.712389	4.715140	2.920147	4.489426	7.473900	9.417600	25.000000
4.714926	2.947067	4.712389	4.706076	2.928870	4.627743	7.473900	9.888970	25.000000
4.715042	2.946942	4.712389	4.702615	2.932305	4.592350	7.473900	10.986700	25.000000
4.714849	2.947150	4.712389	4.697261	2.937741	4.668207	7.473900	11.458000	25.000000
4.714849	2.947150	4.712389	4.701530	2.933395	4.651639	7.473900	12.555700	25.000000
4.714926	2.947067	4.712389	4.683626	2.952339	4.662204	8.258440	-3.134930	25.000000
4.714926	2.947067	4.712389	4.780513	2.957803	4.620693	8.258440	-2.663560	25.000000
4.714926	2.947067	4.712389	4.680048	2.956373	4.646207	8.258440	-1.565860	25.000000
4.714907	2.947088	4.712389	4.679879	2.956566	4.552587	8.258440	-1.094500	25.000000
4.714923	2.947070	4.712389	4.680769	2.955553	4.596630	8.258440	0.003205	25.000000
4.714922	2.947071	4.712389	4.684386	2.951495	4.527180	8.258440	0.474571	25.000000
4.714926	2.947067	4.712389	4.680780	2.955541	4.467410	8.258440	1.572270	25.000000
4.714926	2.947067	4.712389	4.684390	2.951490	4.429589	8.258440	2.043640	25.000000
4.714926	2.947067	4.712389	4.692241	2.942983	4.433347	8.258440	3.141340	25.000000
4.714926	2.947067	4.712389	4.696914	2.938099	4.423959	8.258440	3.612700	25.000000
4.714926	2.947067	4.712389	4.794893	2.942314	4.423959	8.258440	4.710400	25.000000
4.714926	2.947067	4.712389	4.700321	2.934615	4.438782	8.258440	5.181770	25.000000
4.714926	2.947067	4.712389	4.707384	2.927588	4.467896	8.258440	6.279470	25.000000
4.714926	2.947067	4.712389	4.707919	2.927065	4.501296	8.258440	6.750840	25.000000
4.714926	2.947067	4.712389	4.699936	2.935006	4.541442	8.258440	7.848540	25.000000
4.714926	2.947067	4.712389	4.700170	2.934768	4.608597	8.258440	8.319900	25.000000
4.714926	2.947067	4.712389	4.705286	2.929648	4.571492	8.258440	9.417600	25.000000
4.714926	2.947067	4.712389	4.699452	2.935498	4.653084	8.258440	9.888970	25.000000
4.715042	2.946942	4.712389	4.697772	2.937216	4.627332	8.258440	10.986700	25.000000
4.714849	2.947150	4.712389	4.695276	2.939796	4.664659	8.258440	11.458000	25.000000
4.714926	2.947067	4.712389	4.683754	2.952198	4.648725	9.042970	-1.565860	25.000000
4.714907	2.947088	4.712389	4.682302	2.953821	4.616136	9.042970	-1.094500	25.000000
4.714923	2.947070	4.712389	4.782171	2.955946	4.634140	9.042970	0.003205	25.000000
4.714922	2.947071	4.712389	4.781530	2.956662	4.567436	9.042970	0.474571	25.000000
4.714926	2.947067	4.712389	4.684485	2.951385	4.599238	9.042970	1.572270	25.000000
4.714926	2.947067	4.712389	4.687309	2.948280	4.559655	9.042970	2.043640	25.000000
4.714926	2.947067	4.712389	4.687870	2.947670	4.539961	9.042970	3.141340	25.000000
4.714926	2.947067	4.712389	4.691876	2.943370	4.538344	9.042970	3.612700	25.000000
4.714926	2.947067	4.712389	4.693826	2.941312	4.540198	9.042970	4.710400	25.000000
4.714926	2.947067	4.712389	4.695628	2.939430	4.547240	9.042970	5.181770	25.000000
4.714926	2.947067	4.712389	4.695069	2.940012	4.566129	9.042970	6.279470	25.000000
4.714926	2.947067	4.712389	4.696147	2.938891	4.605353	9.042970	6.750840	25.000000
4.714926	2.947067	4.712389	4.698790	2.936173	4.579493	9.042970	7.848540	25.000000
4.714926	2.947067	4.712389	4.695568	2.939492	4.639116	9.042970	8.319900	25.000000
4.714926	2.947067	4.712389	4.697861	2.937124	4.622109	9.042970	9.417600	25.000000
4.714926	2.947067	4.712389	4.695404	2.939664	4.652143	9.042970	9.888970	25.000000
4.715042	2.946942	4.712389	4.695227	2.939847	4.670392	9.042970	10.986700	25.000000
