4.715213	1.939865	3.538990	5.442803	2.423844	2.094447	49.014600	14.273100	25.000000
4.715213	1.939865	3.538990	3.769828	2.226993	1.926432	49.014600	15.370800	25.000000
4.714852	1.939895	3.538780	5.594113	2.074475	2.282522	49.014600	15.842100	25.000000
4.714852	1.939895	3.538780	3.584745	2.342559	3.755507	49.014600	16.939800	25.000000
4.714852	1.939895	3.538780	4.487070	1.213338	3.182047	49.014600	17.411200	25.000000
4.714852	1.939895	3.538780	4.867001	1.351243	3.527963	49.014600	18.508900	25.000000
4.715213	1.939865	3.538990	5.037708	1.098905	3.338988	49.014600	18.980300	25.000000
4.715213	1.939865	3.538990	4.434557	1.097848	3.416065	49.014600	20.078000	25.000000
4.714852	1.939895	3.538780	5.060672	1.160200	3.789404	49.014600	20.549300	25.000000
4.714852	1.939895	3.538780	4.302104	1.314640	3.756256	49.014600	21.647000	25.000000
4.714852	1.939895	3.538780	4.916930	1.215596	3.743433	49.014600	22.118400	25.000000
4.714852	1.939895	3.538780	4.437184	1.299285	3.563380	49.014600	23.216100	25.000000
4.715213	1.939865	3.538990	5.262708	1.221721	3.384610	49.014600	23.687500	25.000000
4.715213	1.939865	3.538990	3.998500	1.691132	3.329107	49.014600	24.785200	25.000000
4.714852	1.939895	3.538780	6.470773	1.721268	3.577276	49.014600	25.256500	25.000000
4.714852	1.939895	3.538780	1.553963	2.253181	3.041924	49.014600	26.354200	25.000000
4.714852	1.939895	3.538780	5.404665	2.137168	4.372610	49.014600	26.825600	25.000000
4.714852	1.939895	3.538780	3.805260	2.111893	4.309107	49.014600	27.923300	25.000000
4.715213	1.939865	3.538990	4.658991	1.993207	3.655777	49.014600	28.394700	25.000000
4.715213	1.939865	3.538990	4.806932	1.965853	3.683945	49.014600	29.492400	25.000000
4.714852	1.939895	3.538780	4.753367	1.950089	3.578904	49.014600	29.963700	25.000000
4.714852	1.939895	3.538780	4.750263	1.943560	3.582999	49.014600	31.061400	25.000000
4.714852	1.939895	3.538780	4.781945	1.936488	3.549131	49.014600	31.532800	25.000000
4.714852	1.939895	3.538780	4.707706	1.944814	3.562366	49.014600	32.630500	25.000000
4.715213	1.939865	3.538990	4.681624	1.942413	3.551903	49.014600	33.101900	25.000000
4.715213	1.939865	3.538990	5.108121	2.380868	1.927573	49.799100	14.273100	25.000000
4.715213	1.939865	3.538990	4.267564	2.196681	2.333703	49.799100	15.370800	25.000000
4.714852	1.939895	3.538780	2.380210	1.667577	3.298414	49.799100	15.842100	25.000000
4.714852	1.939895	3.538780	6.187899	2.418633	2.170316	49.799100	16.939800	25.000000
4.714852	1.939895	3.538780	4.600533	1.180578	3.302105	49.799100	17.411200	25.000000
4.714852	1.939895	3.538780	4.826676	1.302392	3.534070	49.799100	18.508900	25.000000
4.715213	1.939865	3.538990	4.588028	1.359998	3.430915	49.799100	18.980300	25.000000
4.715213	1.939865	3.538990	4.742299	1.260061	3.223630	49.799100	20.078000	25.000000
4.714852	1.939895	3.538780	5.072179	1.418399	3.598104	49.799100	20.549300	25.000000
4.714852	1.939895	3.538780	4.299360	1.503293	3.758048	49.799100	21.647000	25.000000
4.714852	1.939895	3.538780	4.603922	1.261815	3.664415	49.799100	22.118400	25.000000
4.714852	1.939895	3.538780	4.905599	1.260046	3.724251	49.799100	23.216100	25.000000
4.715213	1.939865	3.538990	4.048950	1.311028	3.223461	49.799100	23.687500	25.000000
4.715213	1.939865	3.538990	5.294384	1.515994	3.617084	49.799100	24.785200	25.000000
4.714852	1.939895	3.538780	1.997699	2.608011	2.963500	49.799100	25.256500	25.000000
4.714852	1.939895	3.538780	6.339061	1.611823	3.691489	49.799100	26.354200	25.000000
4.714852	1.939895	3.538780	4.191943	1.941853	4.653994	49.799100	26.825600	25.000000
4.714852	1.939895	3.538780	5.125585	2.139423	4.806298	49.799100	27.923300	25.000000
4.715213	1.939865	3.538990	4.632548	1.991040	3.694177	49.799100	28.394700	25.000000
4.715213	1.939865	3.538990	4.798145	1.998457	3.782345	49.799100	29.492400	25.000000
4.714852	1.939895	3.538780	4.765921	1.944528	3.589113	49.799100	29.963700	25.000000
4.714852	1.939895	3.538780	4.705529	1.958732	3.603187	49.799100	31.061400	25.000000
4.714852	1.939895	3.538780	4.715347	1.944178	3.566524	49.799100	31.532800	25.000000
4.714852	1.939895	3.538780	4.703913	1.945131	3.560281	49.799100	32.630500	25.000000
4.715213	1.939865	3.538990	4.685350	1.942103	3.554003	49.799100	33.101900	25.000000
4.715213	1.939865	3.538990	3.991090	2.280292	2.215618	50.583600	14.273100	25.000000
4.715213	1.939865	3.538990	5.304460	2.291378	2.453921	50.583600	15.370800	25.000000
4.714852	1.939895	3.538780	6.075467	2.156810	2.166470	50.583600	15.842100	25.000000
4.714852	1.939895	3.538780	2.662142	1.887861	3.732885	50.583600	16.939800	25.000000
4.714852	1.939895	3.538780	4.881526	1.254154	3.628380	50.583600	17.411200	25.000000
4.714852	1.939895	3.538780	4.575205	1.142544	3.421542	50.583600	18.508900	25.000000
4.715213	1.939865	3.538990	4.606995	1.262028	3.343456	50.583600	18.980300	25.000000
4.715213	1.939865	3.538990	4.874721	1.574899	3.316859	50.583600	20.078000	25.000000
4.714852	1.939895	3.538780	4.238648	1.611150	3.598905	50.583600	20.549300	25.000000
4.714852	1.939895	3.538780	5.118729	1.622981	3.545714	50.583600	21.647000	25.000000
4.714852	1.939895	3.538780	4.874638	1.170412	3.703025	50.583600	22.118400	25.000000
4.714852	1.939895	3.538780	4.552296	1.223361	3.619868	50.583600	23.216100	25.000000
4.715213	1.939865	3.538990	3.803538	1.337317	3.155105	50.583600	23.687500	25.000000
4.715213	1.939865	3.538990	5.529901	1.271591	3.693372	50.583600	24.785200	25.000000
4.714852	1.939895	3.538780	4.865068	1.640492	3.393568	50.583600	25.256500	25.000000
4.714852	1.939895	3.538780	4.626128	1.494156	3.215372	50.583600	26.354200	25.000000
4.714852	1.939895	3.538780	2.665052	1.702506	3.656044	50.583600	26.825600	25.000000
4.714852	1.939895	3.538780	6.091018	2.248689	3.850905	50.583600	27.923300	25.000000
4.715213	1.939865	3.538990	5.020966	1.978321	3.850219	50.583600	28.394700	25.000000
4.715213	1.939865	3.538990	4.387528	2.049238	3.872499	50.583600	29.492400	25.000000
4.714852	1.939895	3.538780	4.715676	1.948710	3.615444	50.583600	29.963700	25.000000
4.714852	1.939895	3.538780	4.660483	1.967333	3.628129	50.583600	31.061400	25.000000
4.714852	1.939895	3.538780	4.715178	1.946471	3.564447	50.583600	31.532800	25.000000
4.714852	1.939895	3.538780	4.726944	1.943217	3.572731	50.583600	32.630500	25.000000
4.715213	1.939865	3.538990	4.692728	1.943778	3.556100	50.583600	33.101900	25.000000
4.715213	1.939865	3.538990	4.688987	1.944090	3.554003	50.583600	34.199600	25.000000
4.715213	1.939865	3.538990	5.131627	2.219428	2.647320	51.368200	14.273100	25.000000
4.715213	1.939865	3.538990	4.240943	2.291922	2.525723	51.368200	15.370800	25.000000
4.714852	1.939895	3.538780	4.571313	1.432540	2.387434	51.368200	15.842100	25.000000
4.714852	1.939895	3.538780	4.827059	2.500981	3.664178	51.368200	16.939800	25.000000
4.714852	1.939895	3.538780	4.898367	1.250982	3.755842	51.368200	17.411200	25.000000
4.714852	1.939895	3.538780	4.523339	1.090493	3.538301	51.368200	18.508900	25.000000
4.715213	1.939865	3.538990	4.848319	1.386181	3.308121	51.368200	18.980300	25.000000
4.715213	1.939865	3.538990	4.636216	1.288831	3.480387	51.368200	20.078000	25.000000
4.714852	1.939895	3.538780	4.843325	1.494328	3.450901	51.368200	20.549300	25.000000
4.714852	1.939895	3.538780	4.609775	1.571881	3.566425	51.368200	21.647000	25.000000
4.714852	1.939895	3.538780	5.164514	1.107071	3.665304	51.368200	22.118400	25.000000
4.714852	1.939895	3.538780	4.218839	1.116857	3.460841	51.368200	23.216100	25.000000
4.715213	1.939865	3.538990	4.208800	1.271738	3.246209	51.368200	23.687500	25.000000
4.715213	1.939865	3.538990	5.240324	0.778756	3.534712	51.368200	24.785200	25.000000
4.714852	1.939895	3.538780	5.723163	1.816122	3.907885	51.368200	25.256500	25.000000
4.714852	1.939895	3.538780	3.433511	1.433479	3.168057	51.368200	26.354200	25.000000
4.714852	1.939895	3.538780	2.231972	1.687550	2.815563	51.368200	26.825600	25.000000
4.714852	1.939895	3.538780	6.220490	2.061248	3.921836	51.368200	27.923300	25.000000
4.715213	1.939865	3.538990	4.051888	2.022872	4.108406	51.368200	28.394700	25.000000
4.715213	1.939865	3.538990	5.339251	2.007859	4.193243	51.368200	29.492400	25.000000
4.714852	1.939895	3.538780	4.767033	1.946691	3.637520	51.368200	29.963700	25.000000
4.714852	1.939895	3.538780	4.641045	1.973767	3.663935	51.368200	31.061400	25.000000
4.714852	1.939895	3.538780	4.658304	1.951291	3.588696	51.368200	31.532800	25.000000
4.714852	1.939895	3.538780	4.719195	1.943859	3.568597	51.368200	32.630500	25.000000
4.715213	1.939865	3.538990	4.692728	1.943778	3.556100	51.368200	33.101900	25.000000
4.715213	1.939865	3.538990	4.692728	1.943778	3.556100	51.368200	34.199600	25.000000
4.715213	1.939865	3.538990	5.119141	2.173050	2.818343	52.152700	14.273100	25.000000
4.715213	1.939865	3.538990	4.355456	2.239427	2.782822	52.152700	15.370800	25.000000
4.714852	1.939895	3.538780	4.040829	1.498967	3.944361	52.152700	15.842100	25.000000
4.714852	1.939895	3.538780	5.271251	2.026532	2.502824	52.152700	16.939800	25.000000
4.714852	1.939895	3.538780	4.612169	1.026058	3.673317	52.152700	17.411200	25.000000
4.714852	1.939895	3.538780	4.797760	1.305057	3.855139	52.152700	18.508900	25.000000
4.715213	1.939865	3.538990	4.825236	1.138857	3.430864	52.152700	18.980300	25.000000
4.715213	1.939865	3.538990	4.667098	1.204860	3.549799	52.152700	20.078000	25.000000
4.714852	1.939895	3.538780	4.702063	1.275147	3.565460	52.152700	20.549300	25.000000
4.714852	1.939895	3.538780	4.713608	1.210906	3.452591	52.152700	21.647000	25.000000
4.714852	1.939895	3.538780	4.581223	0.913232	3.496490	52.152700	22.118400	25.000000
4.714852	1.939895	3.538780	4.862242	1.089702	3.455273	52.152700	23.216100	25.000000
4.715213	1.939865	3.538990	4.234194	0.968163	3.367102	52.152700	23.687500	25.000000
4.715213	1.939865	3.538990	5.164843	0.551168	3.082403	52.152700	24.785200	25.000000
4.714852	1.939895	3.538780	2.876294	1.723319	2.823179	52.152700	25.256500	25.000000
4.714852	1.939895	3.538780	6.036661	1.469741	3.983534	52.152700	26.354200	25.000000
4.714852	1.939895	3.538780	4.858457	1.746654	3.328738	52.152700	26.825600	25.000000
4.714852	1.939895	3.538780	4.561633	1.889656	3.388811	52.152700	27.923300	25.000000
4.715213	1.939865	3.538990	5.117665	1.785428	5.163515	52.152700	28.394700	25.000000
4.715213	1.939865	3.538990	4.216646	1.747205	4.869617	52.152700	29.492400	25.000000
4.714852	1.939895	3.538780	4.643242	1.966553	3.670003	52.152700	29.963700	25.000000
4.714852	1.939895	3.538780	4.769748	1.955497	3.720813	52.152700	31.061400	25.000000
4.714852	1.939895	3.538780	4.670814	1.947916	3.597002	52.152700	31.532800	25.000000
4.714852	1.939895	3.538780	4.658304	1.951291	3.588696	52.152700	32.630500	25.000000
4.715213	1.939865	3.538990	4.696488	1.943465	3.558192	52.152700	33.101900	25.000000
4.715213	1.939865	3.538990	4.700436	1.940853	3.562366	52.152700	34.199600	25.000000
4.715213	1.939865	3.538990	4.858765	2.111260	2.963027	52.937200	14.273100	25.000000
4.715213	1.939865	3.538990	4.594399	2.182927	2.962453	52.937200	15.370800	25.000000
4.714852	1.939895	3.538780	4.261713	1.331526	2.799219	52.937200	15.842100	25.000000
4.714852	1.939895	3.538780	5.065817	1.965932	3.987523	52.937200	16.939800	25.000000
4.714852	1.939895	3.538780	5.185258	1.038855	3.847792	52.937200	17.411200	25.000000
4.714852	1.939895	3.538780	4.188747	1.368890	3.892522	52.937200	18.508900	25.000000
4.715213	1.939865	3.538990	4.842520	1.145042	3.717017	52.937200	18.980300	25.000000
4.715213	1.939865	3.538990	4.592875	0.912440	3.501652	52.937200	20.078000	25.000000
4.714852	1.939895	3.538780	4.630723	0.974638	3.560877	52.937200	20.549300	25.000000
4.714852	1.939895	3.538780	4.818392	0.898717	3.588634	52.937200	21.647000	25.000000
4.714852	1.939895	3.538780	4.704296	0.851345	3.422222	52.937200	22.118400	25.000000
4.714852	1.939895	3.538780	4.712791	0.880760	3.414601	52.937200	23.216100	25.000000
4.715213	1.939865	3.538990	4.089755	0.782591	2.899978	52.937200	23.687500	25.000000
4.715213	1.939865	3.538990	5.237070	0.498389	3.193546	52.937200	24.785200	25.000000
4.714852	1.939895	3.538780	5.402703	1.219333	3.865615	52.937200	25.256500	25.000000
4.714852	1.939895	3.538780	3.844802	1.047918	2.375300	52.937200	26.354200	25.000000
4.714852	1.939895	3.538780	3.170836	1.757958	3.241261	52.937200	26.825600	25.000000
4.714852	1.939895	3.538780	5.857901	1.796333	3.960436	52.937200	27.923300	25.000000
4.715213	1.939865	3.538990	4.048037	2.101822	3.823492	52.937200	28.394700	25.000000
4.715213	1.939865	3.538990	5.265814	1.964495	4.551297	52.937200	29.492400	25.000000
4.714852	1.939895	3.538780	4.576123	1.970316	3.732885	52.937200	29.963700	25.000000
4.714852	1.939895	3.538780	4.867135	1.951832	3.790406	52.937200	31.061400	25.000000
4.714852	1.939895	3.538780	4.783179	1.938629	3.601232	52.937200	31.532800	25.000000
4.714852	1.939895	3.538780	4.666733	1.948262	3.594931	52.937200	32.630500	25.000000
4.715213	1.939865	3.538990	4.700436	1.940853	3.562366	52.937200	33.101900	25.000000
4.715213	1.939865	3.538990	4.707876	1.942519	3.564447	52.937200	34.199600	25.000000
4.715213	1.939865	3.538990	4.719566	2.124066	3.053819	53.721800	14.273100	25.000000
4.715213	1.939865	3.538990	4.590352	2.083068	3.118097	53.721800	15.370800	25.000000
4.714852	1.939895	3.538780	5.131537	1.458312	4.033973	53.721800	15.842100	25.000000
4.714852	1.939895	3.538780	4.242686	1.830867	3.139154	53.721800	16.939800	25.000000
4.714852	1.939895	3.538780	3.731233	1.329947	3.829264	53.721800	17.411200	25.000000
4.714852	1.939895	3.538780	5.484742	1.162042	3.997297	53.721800	18.508900	25.000000
4.715213	1.939865	3.538990	4.535207	1.162665	3.667592	53.721800	18.980300	25.000000
4.715213	1.939865	3.538990	4.817562	0.757569	3.856444	53.721800	20.078000	25.000000
4.714852	1.939895	3.538780	4.627407	0.679363	3.663725	53.721800	20.549300	25.000000
4.714852	1.939895	3.538780	4.825857	0.697106	3.773474	53.721800	21.647000	25.000000
4.714852	1.939895	3.538780	4.800635	0.722884	3.360603	53.721800	22.118400	25.000000
4.714852	1.939895	3.538780	4.708301	0.666733	3.525288	53.721800	23.216100	25.000000
4.715213	1.939865	3.538990	5.350720	0.498320	2.948798	53.721800	23.687500	25.000000
4.715213	1.939865	3.538990	3.956071	0.748000	2.752805	53.721800	24.785200	25.000000
4.714852	1.939895	3.538780	4.552988	0.935996	3.781820	53.721800	25.256500	25.000000
4.714852	1.939895	3.538780	4.876577	0.799298	1.992216	53.721800	26.354200	25.000000
4.714852	1.939895	3.538780	4.572680	1.224975	4.742612	53.721800	26.825600	25.000000
4.714852	1.939895	3.538780	4.755471	2.685802	5.484274	53.721800	27.923300	25.000000
4.715213	1.939865	3.538990	6.231260	2.204552	3.807003	53.721800	28.394700	25.000000
4.715213	1.939865	3.538990	2.263272	1.659279	4.340120	53.721800	29.492400	25.000000
4.714852	1.939895	3.538780	4.804467	1.939152	3.816334	53.721800	29.963700	25.000000
4.714852	1.939895	3.538780	4.671017	1.961753	3.976132	53.721800	31.061400	25.000000
4.714852	1.939895	3.538780	4.608687	1.953261	3.617792	53.721800	31.532800	25.000000
4.714852	1.939895	3.538780	4.738491	1.942265	3.629552	53.721800	32.630500	25.000000
4.715213	1.939865	3.538990	4.711942	1.939906	3.568597	53.721800	33.101900	25.000000
4.715213	1.939865	3.538990	4.707876	1.942519	3.564447	53.721800	34.199600	25.000000
4.715213	1.939865	3.538990	4.785366	2.069790	3.171346	54.506300	14.273100	25.000000
4.715213	1.939865	3.538990	4.692182	2.030063	3.194876	54.506300	15.370800	25.000000
4.714852	1.939895	3.538780	4.978695	1.480288	3.773799	54.506300	15.842100	25.000000
4.714852	1.939895	3.538780	4.428160	1.962375	3.583386	54.506300	16.939800	25.000000
4.714852	1.939895	3.538780	3.764957	1.181196	3.825302	54.506300	17.411200	25.000000
4.714852	1.939895	3.538780	5.473801	1.396359	4.005775	54.506300	18.508900	25.000000
4.715213	1.939865	3.538990	4.460729	0.668705	3.903977	54.506300	18.980300	25.000000
4.715213	1.939865	3.538990	4.879795	1.170859	3.819808	54.506300	20.078000	25.000000
4.714852	1.939895	3.538780	4.791096	0.501991	3.939260	54.506300	20.549300	25.000000
4.714852	1.939895	3.538780	4.632623	0.528743	3.981482	54.506300	21.647000	25.000000
4.714852	1.939895	3.538780	4.433836	0.495777	3.464842	54.506300	22.118400	25.000000
4.714852	1.939895	3.538780	5.012873	0.539839	3.725290	54.506300	23.216100	25.000000
4.715213	1.939865	3.538990	5.145688	0.506354	2.798299	54.506300	23.687500	25.000000
4.715213	1.939865	3.538990	4.181208	0.770595	2.705588	54.506300	24.785200	25.000000
4.714852	1.939895	3.538780	5.443097	0.823361	1.818813	54.506300	25.256500	25.000000
4.714852	1.939895	3.538780	3.808674	0.663769	3.739051	54.506300	26.354200	25.000000
4.714852	1.939895	3.538780	6.237732	2.229892	4.481182	54.506300	26.825600	25.000000
4.714852	1.939895	3.538780	2.024278	0.271735	1.460139	54.506300	27.923300	25.000000
4.715213	1.939865	3.538990	4.866631	2.060712	3.626071	54.506300	28.394700	25.000000
4.715213	1.939865	3.538990	4.617976	1.922297	3.689923	54.506300	29.492400	25.000000
4.714852	1.939895	3.538780	4.138502	1.905640	4.251030	54.506300	29.963700	25.000000
4.714852	1.939895	3.538780	5.219397	1.902557	4.086721	54.506300	31.061400	25.000000
4.714852	1.939895	3.538780	4.739251	1.939940	3.631550	54.506300	31.532800	25.000000
4.714852	1.939895	3.538780	4.684410	1.944473	3.654482	54.506300	32.630500	25.000000
4.715213	1.939865	3.538990	4.715814	1.939589	3.570666	54.506300	33.101900	25.000000
4.715213	1.939865	3.538990	4.727536	1.938631	3.576850	54.506300	34.199600	25.000000
4.715213	1.939865	3.538990	4.662800	2.004626	3.262430	55.290800	14.273100	25.000000
4.715213	1.939865	3.538990	4.733635	2.037530	3.255385	55.290800	15.370800	25.000000
4.714852	1.939895	3.538780	4.917937	1.796376	3.644436	55.290800	15.842100	25.000000
4.714852	1.939895	3.538780	4.514167	1.983361	3.272546	55.290800	16.939800	25.000000
4.714852	1.939895	3.538780	4.909175	1.672823	3.883540	55.290800	17.411200	25.000000
4.714852	1.939895	3.538780	4.536342	1.167571	3.943938	55.290800	18.508900	25.000000
4.715213	1.939865	3.538990	4.492928	1.134168	3.677800	55.290800	18.980300	25.000000
4.715213	1.939865	3.538990	4.917001	0.778716	4.224135	55.290800	20.078000	25.000000
4.714852	1.939895	3.538780	4.745914	0.384161	4.155578	55.290800	20.549300	25.000000
4.714852	1.939895	3.538780	4.632451	0.435528	4.400347	55.290800	21.647000	25.000000
4.714852	1.939895	3.538780	4.896570	0.405233	3.735342	55.290800	22.118400	25.000000
4.714852	1.939895	3.538780	4.588213	0.414323	4.258426	55.290800	23.216100	25.000000
4.715213	1.939865	3.538990	4.842231	0.477774	2.896614	55.290800	23.687500	25.000000
4.715213	1.939865	3.538990	4.596956	0.738291	2.605608	55.290800	24.785200	25.000000
4.714852	1.939895	3.538780	5.684277	0.255325	2.025098	55.290800	25.256500	25.000000
4.714852	1.939895	3.538780	3.432375	1.305486	2.313485	55.290800	26.354200	25.000000
4.714852	1.939895	3.538780	2.648736	1.070741	6.066383	55.290800	26.825600	25.000000
4.714852	1.939895	3.538780	6.061196	1.461691	1.662208	55.290800	27.923300	25.000000
4.715213	1.939865	3.538990	3.979359	2.006643	4.776191	55.290800	28.394700	25.000000
4.715213	1.939865	3.538990	5.363823	1.647309	3.986523	55.290800	29.492400	25.000000
4.714852	1.939895	3.538780	4.116073	1.562536	4.950296	55.290800	29.963700	25.000000
4.714852	1.939895	3.538780	5.262881	1.563386	5.085838	55.290800	31.061400	25.000000
4.714852	1.939895	3.538780	4.776882	1.932413	3.695447	55.290800	31.532800	25.000000
4.714852	1.939895	3.538780	4.681730	1.940112	3.656477	55.290800	32.630500	25.000000
4.715213	1.939865	3.538990	4.659399	1.944272	3.594931	55.290800	33.101900	25.000000
4.715213	1.939865	3.538990	4.720021	1.936974	3.574793	55.290800	34.199600	25.000000
4.715213	1.939865	3.538990	4.665544	1.985539	3.322912	56.075400	14.273100	25.000000
4.715213	1.939865	3.538990	4.802395	2.002635	3.309757	56.075400	15.370800	25.000000
4.714852	1.939895	3.538780	4.513502	2.027397	2.613874	56.075400	15.842100	25.000000
4.714852	1.939895	3.538780	4.940901	1.996410	3.148259	56.075400	16.939800	25.000000
4.714852	1.939895	3.538780	5.281156	1.590301	4.061312	56.075400	17.411200	25.000000
4.714852	1.939895	3.538780	4.004912	1.605511	3.368392	56.075400	18.508900	25.000000
4.715213	1.939865	3.538990	3.972770	0.695511	3.821242	56.075400	18.980300	25.000000
4.715213	1.939865	3.538990	5.355717	1.186076	4.078557	56.075400	20.078000	25.000000
4.714852	1.939895	3.538780	4.673342	0.343712	4.345443	56.075400	20.549300	25.000000
4.714852	1.939895	3.538780	4.741158	0.381672	4.964784	56.075400	21.647000	25.000000
4.714852	1.939895	3.538780	4.272575	0.359128	4.759022	56.075400	22.118400	25.000000
4.714852	1.939895	3.538780	5.044006	0.422727	4.357012	56.075400	23.216100	25.000000
4.715213	1.939865	3.538990	4.571531	0.505401	2.365779	56.075400	23.687500	25.000000
4.715213	1.939865	3.538990	4.901398	0.456268	3.006899	56.075400	24.785200	25.000000
4.714852	1.939895	3.538780	2.578759	0.548853	3.336073	56.075400	25.256500	25.000000
4.714852	1.939895	3.538780	6.124941	0.942508	2.026321	56.075400	26.354200	25.000000
4.714852	1.939895	3.538780	4.656954	1.793815	4.126829	56.075400	26.825600	25.000000
4.714852	1.939895	3.538780	4.521246	0.966203	1.337489	56.075400	27.923300	25.000000
4.715213	1.939865	3.538990	4.822914	1.771185	3.741919	56.075400	28.394700	25.000000
4.715213	1.939865	3.538990	4.615734	1.598965	2.714786	56.075400	29.492400	25.000000
4.714852	1.939895	3.538780	3.785301	1.738008	4.287092	56.075400	29.963700	25.000000
4.714852	1.939895	3.538780	5.417878	1.899699	4.608839	56.075400	31.061400	25.000000
4.714852	1.939895	3.538780	4.614813	1.929482	3.727670	56.075400	31.532800	25.000000
4.714852	1.939895	3.538780	4.845503	1.922662	3.723498	56.075400	32.630500	25.000000
4.715213	1.939865	3.538990	4.743859	1.935048	3.587079	56.075400	33.101900	25.000000
4.715213	1.939865	3.538990	4.744344	1.932754	3.589113	56.075400	34.199600	25.000000
4.715213	1.939865	3.538990	4.712971	1.983427	3.375336	56.859900	14.273100	25.000000
4.715213	1.939865	3.538990	4.668929	1.973550	3.352686	56.859900	15.370800	25.000000
4.714852	1.939895	3.538780	5.187726	1.864129	2.133665	56.859900	15.842100	25.000000
4.714852	1.939895	3.538780	4.187756	1.856439	2.220270	56.859900	16.939800	25.000000
4.714852	1.939895	3.538780	3.919821	1.430019	2.758694	56.859900	17.411200	25.000000
4.714852	1.939895	3.538780	5.279110	1.981973	3.989865	56.859900	18.508900	25.000000
4.715213	1.939865	3.538990	5.434713	1.205780	4.231122	56.859900	18.980300	25.000000
4.715213	1.939865	3.538990	3.803814	0.864069	3.727678	56.859900	20.078000	25.000000
4.714852	1.939895	3.538780	4.396374	0.209770	5.412722	56.859900	20.549300	25.000000
4.714852	1.939895	3.538780	5.020847	0.459525	4.975884	56.859900	21.647000	25.000000
4.714852	1.939895	3.538780	4.904335	0.501681	4.797291	56.859900	22.118400	25.000000
4.714852	1.939895	3.538780	4.474651	0.412123	5.238455	56.859900	23.216100	25.000000
4.715213	1.939865	3.538990	4.583983	0.353841	2.476684	56.859900	23.687500	25.000000
4.715213	1.939865	3.538990	4.822821	0.097320	2.446854	56.859900	24.785200	25.000000
4.714852	1.939895	3.538780	5.724640	0.512196	2.000964	56.859900	25.256500	25.000000
4.714852	1.939895	3.538780	3.359821	1.630359	2.750013	56.859900	26.354200	25.000000
4.714852	1.939895	3.538780	4.818018	1.758699	2.085488	56.859900	26.825600	25.000000
4.714852	1.939895	3.538780	4.356604	0.804876	5.284492	56.859900	27.923300	25.000000
4.715213	1.939865	3.538990	4.658854	2.047807	2.534825	56.859900	28.394700	25.000000
4.715213	1.939865	3.538990	4.726944	1.018490	2.490139	56.859900	29.492400	25.000000
4.714852	1.939895	3.538780	5.614490	1.724577	4.580433	56.859900	29.963700	25.000000
4.714852	1.939895	3.538780	3.670150	2.052395	3.926991	56.859900	31.061400	25.000000
4.714852	1.939895	3.538780	4.444108	1.912694	3.842447	56.859900	31.532800	25.000000
4.714852	1.939895	3.538780	4.918018	1.908620	3.789404	56.859900	32.630500	25.000000
4.715213	1.939865	3.538990	4.756564	1.931782	3.595190	56.859900	33.101900	25.000000
4.715213	1.939865	3.538990	4.681805	1.935529	3.611375	56.859900	34.199600	25.000000
4.715213	1.939865	3.538990	4.723494	1.968633	3.408852	57.644400	14.273100	25.000000
4.715213	1.939865	3.538990	4.690800	1.964628	3.388811	57.644400	15.370800	25.000000
4.714852	1.939895	3.538780	4.739209	1.727582	1.977091	57.644400	15.842100	25.000000
4.714852	1.939895	3.538780	4.643145	1.895206	2.391550	57.644400	16.939800	25.000000
4.714852	1.939895	3.538780	3.383164	1.020220	4.431231	57.644400	17.411200	25.000000
4.714852	1.939895	3.538780	5.759340	2.078494	3.507340	57.644400	18.508900	25.000000
4.715213	1.939865	3.538990	5.642056	1.323698	4.294536	57.644400	18.980300	25.000000
4.715213	1.939865	3.538990	3.667765	1.010238	3.720667	57.644400	20.078000	25.000000
4.714852	1.939895	3.538780	4.433148	0.325759	5.907914	57.644400	20.549300	25.000000
4.714852	1.939895	3.538780	4.923099	0.508587	5.189096	57.644400	21.647000	25.000000
4.714852	1.939895	3.538780	4.984987	0.605057	5.500281	57.644400	22.118400	25.000000
4.714852	1.939895	3.538780	4.415665	0.488114	5.109037	57.644400	23.216100	25.000000
4.715213	1.939865	3.538990	4.350783	0.152938	1.117945	57.644400	23.687500	25.000000
4.715213	1.939865	3.538990	4.949395	0.141397	5.911997	57.644400	24.785200	25.000000
4.714852	1.939895	3.538780	3.460939	1.334565	3.195113	57.644400	25.256500	25.000000
4.714852	1.939895	3.538780	5.660989	0.867769	1.842735	57.644400	26.354200	25.000000
4.714852	1.939895	3.538780	4.754167	2.134438	3.021867	57.644400	26.825600	25.000000
4.714852	1.939895	3.538780	4.419785	0.603121	0.388654	57.644400	27.923300	25.000000
4.715213	1.939865	3.538990	2.282603	1.692008	3.364091	57.644400	28.394700	25.000000
4.715213	1.939865	3.538990	6.152481	1.483077	1.776192	57.644400	29.492400	25.000000
4.714852	1.939895	3.538780	4.619015	1.954696	4.139929	57.644400	29.963700	25.000000
4.714852	1.939895	3.538780	4.872217	1.838758	4.120844	57.644400	31.061400	25.000000
4.714852	1.939895	3.538780	4.304649	1.877585	3.892522	57.644400	31.532800	25.000000
4.714852	1.939895	3.538780	5.027087	1.865469	3.956394	57.644400	32.630500	25.000000
4.715213	1.939865	3.538990	4.717934	1.928079	3.631550	57.644400	33.101900	25.000000
4.715213	1.939865	3.538990	4.678248	1.933533	3.611375	57.644400	34.199600	25.000000
4.715213	1.939865	3.538990	4.639019	1.959934	3.441976	58.429000	14.273100	25.000000
4.715213	1.939865	3.538990	4.716821	1.957754	3.419892	58.429000	15.370800	25.000000
4.714852	1.939895	3.538780	4.483436	1.950076	2.859335	58.429000	15.842100	25.000000
4.714852	1.939895	3.538780	4.993526	1.943862	2.751103	58.429000	16.939800	25.000000
4.714852	1.939895	3.538780	2.703701	1.563399	4.764194	58.429000	17.411200	25.000000
4.714852	1.939895	3.538780	6.119845	1.826860	4.058753	58.429000	18.508900	25.000000
4.715213	1.939865	3.538990	4.992995	1.201987	4.451787	58.429000	18.980300	25.000000
4.715213	1.939865	3.538990	4.387482	1.593590	3.564447	58.429000	20.078000	25.000000
4.714852	1.939895	3.538780	5.232141	0.638936	5.531788	58.429000	20.549300	25.000000
4.714852	1.939895	3.538780	4.122523	0.398187	5.729891	58.429000	21.647000	25.000000
4.714852	1.939895	3.538780	4.191897	0.537874	5.723599	58.429000	22.118400	25.000000
4.714852	1.939895	3.538780	5.177345	0.746652	5.531979	58.429000	23.216100	25.000000
4.715213	1.939865	3.538990	5.211430	0.446732	5.777812	58.429000	23.687500	25.000000
4.715213	1.939865	3.538990	4.229066	0.330638	0.065599	58.429000	24.785200	25.000000
4.714852	1.939895	3.538780	5.143199	1.233927	1.895804	58.429000	25.256500	25.000000
4.714852	1.939895	3.538780	4.329261	0.326895	2.228685	58.429000	26.354200	25.000000
4.714852	1.939895	3.538780	4.514100	0.921317	1.623672	58.429000	26.825600	25.000000
4.714852	1.939895	3.538780	4.746641	2.036149	3.487947	58.429000	27.923300	25.000000
4.715213	1.939865	3.538990	4.800885	1.955119	3.320039	58.429000	28.394700	25.000000
4.715213	1.939865	3.538990	4.376220	1.316713	0.793745	58.429000	29.492400	25.000000
4.714852	1.939895	3.538780	5.794739	1.627775	4.540420	58.429000	29.963700	25.000000
4.714852	1.939895	3.538780	3.287020	1.659137	4.229618	58.429000	31.061400	25.000000
4.714852	1.939895	3.538780	4.441768	1.816405	4.014085	58.429000	31.532800	25.000000
4.714852	1.939895	3.538780	4.888200	1.731049	4.241327	58.429000	32.630500	25.000000
4.715213	1.939865	3.538990	4.754840	1.922941	3.649344	58.429000	33.101900	25.000000
4.715213	1.939865	3.538990	4.695285	1.920796	3.627549	58.429000	34.199600	25.000000
4.715213	1.939865	3.538990	4.636044	1.953212	3.448638	59.213500	14.273100	25.000000
4.715213	1.939865	3.538990	4.752599	1.950154	3.454747	59.213500	15.370800	25.000000
4.714852	1.939895	3.538780	4.742362	1.946477	3.068993	59.213500	15.842100	25.000000
4.714852	1.939895	3.538780	4.758067	1.958761	3.096623	59.213500	16.939800	25.000000
4.714852	1.939895	3.538780	4.415858	1.910164	3.847093	59.213500	17.411200	25.000000
4.714852	1.939895	3.538780	4.918953	1.912866	4.591246	59.213500	18.508900	25.000000
4.715213	1.939865	3.538990	5.538592	1.890367	2.992703	59.213500	18.980300	25.000000
4.715213	1.939865	3.538990	3.697364	1.305341	4.369365	59.213500	20.078000	25.000000
4.714852	1.939895	3.538780	5.260276	0.790648	5.709277	59.213500	20.549300	25.000000
4.714852	1.939895	3.538780	4.099780	0.675284	5.381646	59.213500	21.647000	25.000000
4.714852	1.939895	3.538780	4.004360	0.760907	5.939674	59.213500	22.118400	25.000000
4.714852	1.939895	3.538780	5.344988	0.856853	5.668403	59.213500	23.216100	25.000000
4.715213	1.939865	3.538990	3.877422	0.600080	5.996103	59.213500	23.687500	25.000000
4.715213	1.939865	3.538990	5.388887	0.734347	5.692879	59.213500	24.785200	25.000000
4.714852	1.939895	3.538780	4.618106	0.565162	1.096299	59.213500	25.256500	25.000000
4.714852	1.939895	3.538780	4.788538	1.069784	1.568415	59.213500	26.354200	25.000000
4.714852	1.939895	3.538780	3.172290	0.298508	2.601173	59.213500	26.825600	25.000000
4.714852	1.939895	3.538780	5.811196	2.166373	3.075024	59.213500	27.923300	25.000000
4.715213	1.939865	3.538990	4.906210	2.368021	4.329716	59.213500	28.394700	25.000000
4.715213	1.939865	3.538990	4.277020	1.046795	0.452778	59.213500	29.492400	25.000000
4.714852	1.939895	3.538780	2.569202	1.774602	3.559010	59.213500	29.963700	25.000000
4.714852	1.939895	3.538780	6.181553	1.994237	3.621112	59.213500	31.061400	25.000000
4.714852	1.939895	3.538780	5.231155	1.461617	4.710658	59.213500	31.532800	25.000000
4.714852	1.939895	3.538780	4.095796	1.396568	4.841910	59.213500	32.630500	25.000000
4.715213	1.939865	3.538990	4.723018	1.916402	3.641478	59.213500	33.101900	25.000000
4.715213	1.939865	3.538990	4.711146	1.910547	3.685873	59.213500	34.199600	25.000000
4.715213	1.939865	3.538990	4.756154	1.943075	3.465485	59.998000	14.273100	25.000000
4.715213	1.939865	3.538990	4.661373	1.948718	3.470642	59.998000	15.370800	25.000000
4.714852	1.939895	3.538780	4.751274	1.948000	3.229998	59.998000	15.842100	25.000000
4.714852	1.939895	3.538780	4.737520	1.940081	3.232253	59.998000	16.939800	25.000000
4.714852	1.939895	3.538780	4.348517	1.826535	3.984167	59.998000	17.411200	25.000000
4.714852	1.939895	3.538780	5.062104	2.250030	3.491448	59.998000	18.508900	25.000000
4.715213	1.939865	3.538990	1.662197	1.888977	2.950408	59.998000	18.980300	25.000000
4.715213	1.939865	3.538990	6.371028	1.655657	1.693979	59.998000	20.078000	25.000000
4.714852	1.939895	3.538780	5.437288	1.031976	5.497787	59.998000	20.549300	25.000000
4.714852	1.939895	3.538780	3.791517	0.905659	5.402835	59.998000	21.647000	25.000000
4.714852	1.939895	3.538780	5.349065	0.997802	5.809588	59.998000	22.118400	25.000000
4.714852	1.939895	3.538780	4.007505	0.989665	5.983150	59.998000	23.216100	25.000000
4.715213	1.939865	3.538990	3.777565	0.981335	5.633315	59.998000	23.687500	25.000000
4.715213	1.939865	3.538990	5.529385	0.931275	5.740833	59.998000	24.785200	25.000000
4.714852	1.939895	3.538780	5.306750	1.014988	0.854470	59.998000	25.256500	25.000000
4.714852	1.939895	3.538780	4.008503	0.897362	1.038587	59.998000	26.354200	25.000000
4.714852	1.939895	3.538780	5.271442	1.202065	3.225072	59.998000	26.825600	25.000000
4.714852	1.939895	3.538780	3.966585	2.379719	2.503935	59.998000	27.923300	25.000000
4.715213	1.939865	3.538990	2.598403	2.314936	4.822469	59.998000	28.394700	25.000000
4.715213	1.939865	3.538990	6.076092	1.833855	4.409504	59.998000	29.492400	25.000000
4.714852	1.939895	3.538780	4.136133	1.967993	3.478267	59.998000	29.963700	25.000000
4.714852	1.939895	3.538780	5.294006	2.187087	2.599188	59.998000	31.061400	25.000000
4.714852	1.939895	3.538780	5.038899	1.313958	5.049064	59.998000	31.532800	25.000000
4.714852	1.939895	3.538780	4.254938	1.415054	4.671935	59.998000	32.630500	25.000000
4.715213	1.939865	3.538990	4.601619	1.891365	3.701648	59.998000	33.101900	25.000000
4.715213	1.939865	3.538990	4.832701	1.906050	3.687649	59.998000	34.199600	25.000000
4.715213	1.939865	3.538990	4.767075	1.937682	3.478267	60.782600	14.273100	25.000000
4.715213	1.939865	3.538990	4.676633	1.947423	3.481523	60.782600	15.370800	25.000000
4.714852	1.939895	3.538780	4.698138	1.945614	3.323287	60.782600	15.842100	25.000000
4.714852	1.939895	3.538780	4.773971	1.930405	3.317043	60.782600	16.939800	25.000000
4.714852	1.939895	3.538780	5.529674	1.995796	2.907206	60.782600	17.411200	25.000000
4.714852	1.939895	3.538780	3.662308	1.702239	2.594088	60.782600	18.508900	25.000000
4.715213	1.939865	3.538990	0.866487	0.773410	3.009041	60.782600	18.980300	25.000000
4.715213	1.939865	3.538990	6.554548	1.864893	2.750725	60.782600	20.078000	25.000000
4.714852	1.939895	3.538780	3.654011	1.256393	5.181185	60.782600	20.549300	25.000000
4.714852	1.939895	3.538780	5.617152	1.263330	5.381296	60.782600	21.647000	25.000000
4.714852	1.939895	3.538780	4.495253	1.190169	6.095188	60.782600	22.118400	25.000000
4.714852	1.939895	3.538780	4.924429	1.170281	5.960040	60.782600	23.216100	25.000000
4.715213	1.939865	3.538990	4.512217	1.278547	5.512516	60.782600	23.687500	25.000000
4.715213	1.939865	3.538990	4.950091	1.161491	5.789990	60.782600	24.785200	25.000000
4.714852	1.939895	3.538780	4.943076	1.163080	0.536640	60.782600	25.256500	25.000000
4.714852	1.939895	3.538780	4.538656	1.150961	0.608749	60.782600	26.354200	25.000000
4.714852	1.939895	3.538780	6.296713	2.006935	2.721056	60.782600	26.825600	25.000000
4.714852	1.939895	3.538780	2.016755	1.040530	1.356491	60.782600	27.923300	25.000000
4.715213	1.939865	3.538990	4.413400	1.778476	1.379759	60.782600	28.394700	25.000000
4.715213	1.939865	3.538990	4.764651	1.812402	4.144052	60.782600	29.492400	25.000000
4.714852	1.939895	3.538780	5.053078	2.182066	2.160139	60.782600	29.963700	25.000000
4.714852	1.939895	3.538780	4.293309	2.163987	3.655512	60.782600	31.061400	25.000000
4.714852	1.939895	3.538780	5.543212	1.455082	4.665151	60.782600	31.532800	25.000000
4.714852	1.939895	3.538780	3.795071	1.668182	4.326966	60.782600	32.630500	25.000000
4.715213	1.939865	3.538990	4.714838	1.892332	3.697348	60.782600	33.101900	25.000000
4.715213	1.939865	3.538990	4.747104	1.859160	3.763119	60.782600	34.199600	25.000000
4.715213	1.939865	3.538990	4.691929	1.943844	3.494470	61.567100	14.273100	25.000000
4.715213	1.939865	3.538990	4.775992	1.934724	3.486727	61.567100	15.370800	25.000000
4.714852	1.939895	3.538780	4.653343	1.944782	3.388811	61.567100	15.842100	25.000000
4.714852	1.939895	3.538780	4.726500	1.931921	3.376698	61.567100	16.939800	25.000000
4.714852	1.939895	3.538780	3.482126	1.467226	1.762529	61.567100	17.411200	25.000000
4.714852	1.939895	3.538780	5.743631	1.392261	1.870726	61.567100	18.508900	25.000000
4.715213	1.939865	3.538990	4.894997	1.795355	3.410969	61.567100	18.980300	25.000000
4.715213	1.939865	3.538990	4.582139	1.849366	3.191551	61.567100	20.078000	25.000000
4.714852	1.939895	3.538780	3.168821	1.537655	5.198632	61.567100	20.549300	25.000000
4.714852	1.939895	3.538780	5.803207	1.535636	5.035230	61.567100	21.647000	25.000000
4.714852	1.939895	3.538780	4.929919	1.409856	6.118037	61.567100	22.118400	25.000000
4.714852	1.939895	3.538780	4.511607	1.372225	6.181267	61.567100	23.216100	25.000000
4.715213	1.939865	3.538990	4.698776	1.459902	5.740930	61.567100	23.687500	25.000000
4.715213	1.939865	3.538990	4.722457	1.400572	5.705909	61.567100	24.785200	25.000000
4.714852	1.939895	3.538780	4.643630	1.402024	0.350077	61.567100	25.256500	25.000000
4.714852	1.939895	3.538780	4.912443	1.386547	0.231921	61.567100	26.354200	25.000000
4.714852	1.939895	3.538780	3.516735	1.350638	5.423544	61.567100	26.825600	25.000000
4.714852	1.939895	3.538780	5.464156	1.797845	2.764574	61.567100	27.923300	25.000000
4.715213	1.939865	3.538990	3.647862	2.846326	0.745419	61.567100	28.394700	25.000000
4.715213	1.939865	3.538990	5.527468	1.639598	2.537998	61.567100	29.492400	25.000000
4.714852	1.939895	3.538780	4.510938	2.359424	1.877528	61.567100	29.963700	25.000000
4.714852	1.939895	3.538780	4.816857	1.924846	3.992143	61.567100	31.061400	25.000000
4.714852	1.939895	3.538780	3.958851	1.565744	4.428191	61.567100	31.532800	25.000000
4.714852	1.939895	3.538780	5.333123	1.283734	4.788711	61.567100	32.630500	25.000000
4.715213	1.939865	3.538990	4.781046	1.828824	3.819712	61.567100	33.101900	25.000000
4.715213	1.939865	3.538990	4.609295	1.865772	3.717017	61.567100	34.199600	25.000000
4.715213	1.939865	3.538990	4.698042	1.941051	3.500898	62.351600	14.273100	25.000000
4.715213	1.939865	3.538990	4.792035	1.933449	3.497229	62.351600	15.370800	25.000000
4.714852	1.939895	3.538780	4.766026	1.933275	3.407254	62.351600	15.842100	25.000000
4.714852	1.939895	3.538780	4.784538	1.927344	3.428777	62.351600	16.939800	25.000000
4.714852	1.939895	3.538780	4.426805	1.833592	2.854617	62.351600	17.411200	25.000000
4.714852	1.939895	3.538780	4.890123	1.739277	2.720630	62.351600	18.508900	25.000000
4.715213	1.939865	3.538990	4.743079	1.672170	3.447259	62.351600	18.980300	25.000000
4.715213	1.939865	3.538990	4.693506	2.318099	3.519402	62.351600	20.078000	25.000000
4.714852	1.939895	3.538780	5.182554	1.684887	5.082617	62.351600	20.549300	25.000000
4.714852	1.939895	3.538780	4.292086	1.907991	4.358935	62.351600	21.647000	25.000000
4.714852	1.939895	3.538780	4.759652	1.619769	6.028003	62.351600	22.118400	25.000000
4.714852	1.939895	3.538780	4.512749	1.626001	6.232119	62.351600	23.216100	25.000000
4.715213	1.939865	3.538990	5.014439	1.648650	5.747912	62.351600	23.687500	25.000000
4.715213	1.939865	3.538990	4.473712	1.635665	6.011039	62.351600	24.785200	25.000000
4.714852	1.939895	3.538780	4.589353	1.664629	0.174216	62.351600	25.256500	25.000000
4.714852	1.939895	3.538780	4.835351	1.620451	6.172802	62.351600	26.354200	25.000000
4.714852	1.939895	3.538780	6.276663	1.727572	1.209760	62.351600	26.825600	25.000000
4.714852	1.939895	3.538780	1.963466	2.659848	2.559688	62.351600	27.923300	25.000000
4.715213	1.939865	3.538990	4.346378	2.093548	3.519634	62.351600	28.394700	25.000000
4.715213	1.939865	3.538990	5.052772	1.890915	2.220136	62.351600	29.492400	25.000000
4.714852	1.939895	3.538780	3.356546	2.568355	1.548822	62.351600	29.963700	25.000000
4.714852	1.939895	3.538780	5.658427	1.641546	4.116033	62.351600	31.061400	25.000000
4.714852	1.939895	3.538780	4.600402	1.431225	4.555901	62.351600	31.532800	25.000000
4.714852	1.939895	3.538780	4.822831	1.433516	4.438977	62.351600	32.630500	25.000000
4.715213	1.939865	3.538990	4.472762	1.759722	3.862564	62.351600	33.101900	25.000000
4.715213	1.939865	3.538990	4.940253	1.839175	3.822891	62.351600	34.199600	25.000000
4.715213	1.939865	3.538990	4.711072	1.937703	3.511542	63.136200	14.273100	25.000000
4.715213	1.939865	3.538990	4.704636	1.940507	3.505166	63.136200	15.370800	25.000000
4.714852	1.939895	3.538780	4.617618	1.943166	3.448638	63.136200	15.842100	25.000000
4.714852	1.939895	3.538780	4.725812	1.931976	3.459051	63.136200	16.939800	25.000000
4.714852	1.939895	3.538780	4.760351	1.829972	3.117250	63.136200	17.411200	25.000000
4.714852	1.939895	3.538780	4.651913	1.901383	3.138411	63.136200	18.508900	25.000000
4.715213	1.939865	3.538990	4.949879	2.409014	3.856444	63.136200	18.980300	25.000000
4.715213	1.939865	3.538990	4.396965	1.700797	2.975690	63.136200	20.078000	25.000000
4.714852	1.939895	3.538780	4.276751	1.906771	4.849032	63.136200	20.549300	25.000000
4.714852	1.939895	3.538780	5.118017	1.919765	3.525188	63.136200	21.647000	25.000000
4.714852	1.939895	3.538780	4.104290	1.929278	6.009174	63.136200	22.118400	25.000000
4.714852	1.939895	3.538780	5.213406	1.834715	5.917438	63.136200	23.216100	25.000000
4.715213	1.939865	3.538990	3.990150	1.910620	6.101430	63.136200	23.687500	25.000000
4.715213	1.939865	3.538990	5.336103	1.844044	5.779489	63.136200	24.785200	25.000000
4.714852	1.939895	3.538780	4.670011	1.859590	5.817540	63.136200	25.256500	25.000000
4.714852	1.939895	3.538780	4.875746	1.905146	6.233227	63.136200	26.354200	25.000000
4.714852	1.939895	3.538780	3.394952	2.545792	1.102454	63.136200	26.825600	25.000000
4.714852	1.939895	3.538780	5.722071	1.901868	1.016115	63.136200	27.923300	25.000000
4.715213	1.939865	3.538990	4.505866	1.758317	2.446565	63.136200	28.394700	25.000000
4.715213	1.939865	3.538990	4.901700	1.949009	3.933510	63.136200	29.492400	25.000000
4.714852	1.939895	3.538780	6.025645	1.856807	4.399391	63.136200	29.963700	25.000000
4.714852	1.939895	3.538780	2.643691	2.037705	2.138825	63.136200	31.061400	25.000000
4.714852	1.939895	3.538780	4.263684	1.483908	4.447995	63.136200	31.532800	25.000000
4.714852	1.939895	3.538780	5.065866	1.349890	4.397676	63.136200	32.630500	25.000000
4.715213	1.939865	3.538990	4.741529	1.807091	3.850219	63.136200	33.101900	25.000000
4.715213	1.939865	3.538990	4.622077	1.666136	3.973112	63.136200	34.199600	25.000000
4.715213	1.939865	3.538990	4.711072	1.937703	3.511542	63.920700	14.273100	25.000000
4.715213	1.939865	3.538990	4.721451	1.939127	3.515775	63.920700	15.370800	25.000000
4.714852	1.939895	3.538780	4.637165	1.939208	3.466267	63.920700	15.842100	25.000000
4.714852	1.939895	3.538780	4.664740	1.936927	3.485852	63.920700	16.939800	25.000000
4.714852	1.939895	3.538780	4.625581	1.919392	3.289345	63.920700	17.411200	25.000000
4.714852	1.939895	3.538780	4.751263	1.872098	3.269775	63.920700	18.508900	25.000000
4.715213	1.939865	3.538990	4.615712	2.048004	3.146471	63.920700	18.980300	25.000000
4.715213	1.939865	3.538990	4.814821	1.568719	2.551286	63.920700	20.078000	25.000000
4.714852	1.939895	3.538780	2.948491	1.880988	1.183676	63.920700	20.549300	25.000000
4.714852	1.939895	3.538780	6.002350	1.045499	2.053391	63.920700	21.647000	25.000000
4.714852	1.939895	3.538780	4.525760	2.148098	5.887989	63.920700	22.118400	25.000000
4.714852	1.939895	3.538780	4.931541	2.104783	5.464466	63.920700	23.216100	25.000000
4.715213	1.939865	3.538990	3.834905	2.217253	5.957303	63.920700	23.687500	25.000000
4.715213	1.939865	3.538990	5.401602	2.047804	5.823266	63.920700	24.785200	25.000000
4.714852	1.939895	3.538780	4.536100	2.151880	5.963937	63.920700	25.256500	25.000000
4.714852	1.939895	3.538780	4.914224	2.057856	5.474990	63.920700	26.354200	25.000000
4.714852	1.939895	3.538780	5.096077	2.152493	0.808650	63.920700	26.825600	25.000000
4.714852	1.939895	3.538780	4.383435	2.619746	0.775690	63.920700	27.923300	25.000000
4.715213	1.939865	3.538990	1.829672	2.467960	6.089226	63.920700	28.394700	25.000000
4.715213	1.939865	3.538990	6.326745	0.687383	4.627593	63.920700	29.492400	25.000000
4.714852	1.939895	3.538780	5.383930	2.591617	4.765719	63.920700	29.963700	25.000000
4.714852	1.939895	3.538780	3.835101	1.387243	3.269237	63.920700	31.061400	25.000000
4.714852	1.939895	3.538780	4.684442	1.425120	4.275762	63.920700	31.532800	25.000000
4.714852	1.939895	3.538780	4.759674	1.509830	4.273219	63.920700	32.630500	25.000000
4.715213	1.939865	3.538990	5.082086	1.720904	3.969219	63.920700	33.101900	25.000000
4.715213	1.939865	3.538990	4.281133	1.549772	4.059542	63.920700	34.199600	25.000000
4.715213	1.939865	3.538990	4.634879	1.946346	3.524252	64.705200	14.273100	25.000000
4.715213	1.939865	3.538990	4.724722	1.936593	3.519995	64.705200	15.370800	25.000000
4.714852	1.939895	3.538780	4.755975	1.929582	3.480387	64.705200	15.842100	25.000000
4.714852	1.939895	3.538780	4.681463	1.940134	3.492321	64.705200	16.939800	25.000000
4.714852	1.939895	3.538780	4.748726	1.887739	3.365069	64.705200	17.411200	25.000000
4.714852	1.939895	3.538780	4.692217	1.923304	3.359030	64.705200	18.508900	25.000000
4.715213	1.939865	3.538990	3.975487	1.248293	1.123755	64.705200	18.980300	25.000000
4.715213	1.939865	3.538990	5.259591	1.111854	1.651472	64.705200	20.078000	25.000000
4.714852	1.939895	3.538780	5.210232	1.367096	3.172955	64.705200	20.549300	25.000000
4.714852	1.939895	3.538780	4.115497	1.740730	2.203943	64.705200	21.647000	25.000000
4.714852	1.939895	3.538780	3.974368	2.597277	5.311173	64.705200	22.118400	25.000000
4.714852	1.939895	3.538780	5.441507	2.199470	5.084457	64.705200	23.216100	25.000000
4.715213	1.939865	3.538990	5.010798	2.316562	5.890066	64.705200	23.687500	25.000000
4.715213	1.939865	3.538990	4.401136	2.418566	6.004886	64.705200	24.785200	25.000000
4.714852	1.939895	3.538780	5.320940	2.239783	5.409581	64.705200	25.256500	25.000000
4.714852	1.939895	3.538780	4.039418	2.371613	5.439917	64.705200	26.354200	25.000000
4.714852	1.939895	3.538780	4.820830	2.478750	0.336675	64.705200	26.825600	25.000000
4.714852	1.939895	3.538780	4.588039	2.727356	0.750929	64.705200	27.923300	25.000000
4.715213	1.939865	3.538990	5.055621	0.264351	3.179453	64.705200	28.394700	25.000000
4.715213	1.939865	3.538990	4.161959	1.921531	5.676023	64.705200	29.492400	25.000000
4.714852	1.939895	3.538780	2.926653	2.153300	2.501365	64.705200	29.963700	25.000000
4.714852	1.939895	3.538780	5.943282	2.069002	4.184452	64.705200	31.061400	25.000000
4.714852	1.939895	3.538780	4.957873	1.280315	4.326019	64.705200	31.532800	25.000000
4.714852	1.939895	3.538780	4.444873	1.487458	4.218448	64.705200	32.630500	25.000000
4.715213	1.939865	3.538990	5.138726	1.613622	4.066551	64.705200	33.101900	25.000000
4.715213	1.939865	3.538990	4.321169	1.382232	4.200256	64.705200	34.199600	25.000000
4.715213	1.939865	3.538990	4.731765	1.938286	3.522099	65.489800	14.273100	25.000000
4.715213	1.939865	3.538990	4.728181	1.936312	3.522099	65.489800	15.370800	25.000000
4.714852	1.939895	3.538780	4.788246	1.929285	3.499319	65.489800	15.842100	25.000000
4.714852	1.939895	3.538780	4.681079	1.937876	3.494470	65.489800	16.939800	25.000000
4.714852	1.939895	3.538780	4.647203	1.929167	3.406636	65.489800	17.411200	25.000000
4.714852	1.939895	3.538780	4.741318	1.903832	3.426637	65.489800	18.508900	25.000000
4.715213	1.939865	3.538990	4.736085	1.734103	2.868584	65.489800	18.980300	25.000000
4.715213	1.939865	3.538990	4.732832	1.547552	2.765011	65.489800	20.078000	25.000000
4.714852	1.939895	3.538780	3.728016	1.422724	2.821557	65.489800	20.549300	25.000000
4.714852	1.939895	3.538780	5.559577	1.404551	2.388441	65.489800	21.647000	25.000000
4.714852	1.939895	3.538780	5.041666	2.233025	3.959008	65.489800	22.118400	25.000000
4.714852	1.939895	3.538780	4.281927	2.527660	4.945569	65.489800	23.216100	25.000000
4.715213	1.939865	3.538990	4.669540	2.642529	5.873593	65.489800	23.687500	25.000000
4.715213	1.939865	3.538990	4.726489	2.620853	6.094964	65.489800	24.785200	25.000000
4.714852	1.939895	3.538780	4.614596	2.538304	5.365057	65.489800	25.256500	25.000000
4.714852	1.939895	3.538780	4.858693	2.468830	5.230716	65.489800	26.354200	25.000000
4.714852	1.939895	3.538780	4.860628	2.753960	5.956271	65.489800	26.825600	25.000000
4.714852	1.939895	3.538780	4.599438	2.933276	0.295485	65.489800	27.923300	25.000000
4.715213	1.939865	3.538990	3.460246	2.365737	2.291956	65.489800	28.394700	25.000000
4.715213	1.939865	3.538990	5.626624	1.735042	3.767078	65.489800	29.492400	25.000000
4.714852	1.939895	3.538780	5.241422	2.661959	3.660739	65.489800	29.963700	25.000000
4.714852	1.939895	3.538780	4.003011	1.580789	3.594068	65.489800	31.061400	25.000000
4.714852	1.939895	3.538780	3.710472	1.370014	4.162536	65.489800	31.532800	25.000000
4.714852	1.939895	3.538780	5.469452	1.176725	4.396274	65.489800	32.630500	25.000000
4.715213	1.939865	3.538990	5.479872	1.291630	4.287804	65.489800	33.101900	25.000000
4.715213	1.939865	3.538990	3.792941	1.331228	4.316763	65.489800	34.199600	25.000000
4.715213	1.939865	3.538990	4.731659	1.936031	3.524200	66.274300	14.273100	25.000000
4.715213	1.939865	3.538990	4.731765	1.938286	3.522099	66.274300	15.370800	25.000000
4.714852	1.939895	3.538780	4.694135	1.936807	3.503034	66.274300	15.842100	25.000000
4.714852	1.939895	3.538780	4.710881	1.935445	3.513660	66.274300	16.939800	25.000000
4.714852	1.939895	3.538780	4.695285	1.927606	3.443935	66.274300	17.411200	25.000000
4.714852	1.939895	3.538780	4.691833	1.914265	3.456901	66.274300	18.508900	25.000000
4.715213	1.939865	3.538990	4.687867	1.851791	3.183790	66.274300	18.980300	25.000000
4.715213	1.939865	3.538990	4.778686	1.751748	3.158400	66.274300	20.078000	25.000000
4.714852	1.939895	3.538780	3.883372	1.950957	3.083325	66.274300	20.549300	25.000000
4.714852	1.939895	3.538780	5.455942	1.354673	2.478575	66.274300	21.647000	25.000000
4.714852	1.939895	3.538780	5.646034	1.729089	3.638935	66.274300	22.118400	25.000000
4.714852	1.939895	3.538780	3.493365	2.344049	2.857799	66.274300	23.216100	25.000000
4.715213	1.939865	3.538990	4.336369	3.011987	4.983336	66.274300	23.687500	25.000000
4.715213	1.939865	3.538990	5.107054	2.793065	5.570828	66.274300	24.785200	25.000000
4.714852	1.939895	3.538780	5.316540	2.616394	5.162615	66.274300	25.256500	25.000000
4.714852	1.939895	3.538780	3.989248	2.832337	4.794846	66.274300	26.354200	25.000000
4.714852	1.939895	3.538780	5.259959	2.894343	4.819014	66.274300	26.825600	25.000000
4.714852	1.939895	3.538780	4.046453	2.790781	4.741877	66.274300	27.923300	25.000000
4.715213	1.939865	3.538990	5.444493	2.221966	3.687953	66.274300	28.394700	25.000000
4.715213	1.939865	3.538990	3.843228	2.349749	2.569816	66.274300	29.492400	25.000000
4.714852	1.939895	3.538780	4.409898	1.767070	3.685977	66.274300	29.963700	25.000000
4.714852	1.939895	3.538780	4.955250	2.438471	3.397169	66.274300	31.061400	25.000000
4.714852	1.939895	3.538780	4.592385	1.461704	4.209546	66.274300	31.532800	25.000000
4.714852	1.939895	3.538780	4.811039	0.987454	4.313383	66.274300	32.630500	25.000000
4.715213	1.939865	3.538990	5.216560	1.026773	4.543557	66.274300	33.101900	25.000000
4.715213	1.939865	3.538990	4.132917	1.057354	4.715167	66.274300	34.199600	25.000000
4.715213	1.939865	3.538990	4.735156	1.935749	3.526297	67.058800	14.273100	25.000000
4.715213	1.939865	3.538990	4.731659	1.936031	3.524200	67.058800	15.370800	25.000000
4.714852	1.939895	3.538780	4.717711	1.934893	3.517887	67.058800	15.842100	25.000000
4.714852	1.939895	3.538780	4.704126	1.935993	3.509420	67.058800	16.939800	25.000000
4.714852	1.939895	3.538780	4.710425	1.917365	3.465485	67.058800	17.411200	25.000000
4.714852	1.939895	3.538780	4.654901	1.935437	3.481523	67.058800	18.508900	25.000000
4.715213	1.939865	3.538990	4.722129	1.823360	3.319686	67.058800	18.980300	25.000000
4.715213	1.939865	3.538990	4.697744	1.891300	3.303791	67.058800	20.078000	25.000000
4.714852	1.939895	3.538780	5.349364	1.092950	1.957167	67.058800	20.549300	25.000000
4.714852	1.939895	3.538780	3.895485	1.141901	2.014245	67.058800	21.647000	25.000000
4.714852	1.939895	3.538780	3.509373	1.774518	2.343849	67.058800	22.118400	25.000000
4.714852	1.939895	3.538780	5.650522	1.170876	3.099310	67.058800	23.216100	25.000000
4.715213	1.939865	3.538990	4.847783	2.541210	3.844278	67.058800	23.687500	25.000000
4.715213	1.939865	3.538990	4.556589	2.983828	4.279981	67.058800	24.785200	25.000000
4.714852	1.939895	3.538780	4.474159	2.959269	4.182540	67.058800	25.256500	25.000000
4.714852	1.939895	3.538780	4.950768	2.623070	4.503004	67.058800	26.354200	25.000000
4.714852	1.939895	3.538780	4.914275	2.487510	4.317598	67.058800	26.825600	25.000000
4.714852	1.939895	3.538780	4.587428	2.676426	3.937300	67.058800	27.923300	25.000000
4.715213	1.939865	3.538990	4.544106	2.561201	3.630370	67.058800	28.394700	25.000000
4.715213	1.939865	3.538990	4.863127	2.086917	3.260083	67.058800	29.492400	25.000000
4.714852	1.939895	3.538780	5.193197	2.110794	3.732086	67.058800	29.963700	25.000000
4.714852	1.939895	3.538780	4.150036	1.894489	3.403832	67.058800	31.061400	25.000000
4.714852	1.939895	3.538780	3.909437	1.362094	4.086668	67.058800	31.532800	25.000000
4.714852	1.939895	3.538780	5.386474	1.131681	4.267088	67.058800	32.630500	25.000000
4.715213	1.939865	3.538990	4.658283	0.842658	5.114260	67.058800	33.101900	25.000000
4.715213	1.939865	3.538990	4.842520	0.792435	5.227938	67.058800	34.199600	25.000000
4.715213	1.939865	3.538990	4.735156	1.935749	3.526297	67.843400	14.273100	25.000000
4.715213	1.939865	3.538990	4.738734	1.937720	3.526297	67.843400	15.370800	25.000000
4.714852	1.939895	3.538780	4.714287	1.935169	3.515775	67.843400	15.842100	25.000000
4.714852	1.939895	3.538780	4.724722	1.936593	3.519995	67.843400	16.939800	25.000000
4.714852	1.939895	3.538780	4.661169	1.934923	3.485852	67.843400	17.411200	25.000000
4.714852	1.939895	3.538780	4.757920	1.920465	3.490937	67.843400	18.508900	25.000000
4.715213	1.939865	3.538990	4.649871	1.894720	3.363460	67.843400	18.980300	25.000000
4.715213	1.939865	3.538990	4.692899	1.880436	3.418048	67.843400	20.078000	25.000000
4.714852	1.939895	3.538780	5.467440	1.248845	2.548243	67.843400	20.549300	25.000000
4.714852	1.939895	3.538780	3.833849	1.365915	2.412738	67.843400	21.647000	25.000000
4.714852	1.939895	3.538780	4.652795	1.283145	2.871606	67.843400	22.118400	25.000000
4.714852	1.939895	3.538780	4.809626	1.305729	2.458440	67.843400	23.216100	25.000000
4.715213	1.939865	3.538990	5.389147	2.053184	3.637095	67.843400	23.687500	25.000000
4.715213	1.939865	3.538990	3.975437	2.425892	3.060998	67.843400	24.785200	25.000000
4.714852	1.939895	3.538780	4.537808	2.649790	3.910491	67.843400	25.256500	25.000000
4.714852	1.939895	3.538780	4.873910	2.747339	3.737003	67.843400	26.354200	25.000000
4.714852	1.939895	3.538780	4.839225	2.379302	3.844377	67.843400	26.825600	25.000000
4.714852	1.939895	3.538780	4.584038	2.374439	4.020468	67.843400	27.923300	25.000000
4.715213	1.939865	3.538990	4.109234	2.278060	3.423850	67.843400	28.394700	25.000000
4.715213	1.939865	3.538990	5.240172	2.040111	3.595671	67.843400	29.492400	25.000000
4.714852	1.939895	3.538780	4.812255	1.752584	3.705567	67.843400	29.963700	25.000000
4.714852	1.939895	3.538780	4.690267	1.966986	3.532828	67.843400	31.061400	25.000000
4.714852	1.939895	3.538780	4.129952	1.286091	4.039618	67.843400	31.532800	25.000000
4.714852	1.939895	3.538780	5.268396	1.218071	4.196253	67.843400	32.630500	25.000000
4.715213	1.939865	3.538990	4.492983	0.778138	5.255527	67.843400	33.101900	25.000000
4.715213	1.939865	3.538990	4.880789	0.741308	5.323115	67.843400	34.199600	25.000000
4.715213	1.939865	3.538990	4.738671	1.935465	3.528391	68.627900	14.273100	25.000000
4.715213	1.939865	3.538990	4.742246	1.937435	3.528391	68.627900	15.370800	25.000000
4.714852	1.939895	3.538780	4.724722	1.936593	3.519995	68.627900	15.842100	25.000000
4.714852	1.939895	3.538780	4.728097	1.934056	3.524200	68.627900	16.939800	25.000000
4.714852	1.939895	3.538780	4.765081	1.926625	3.488833	68.627900	17.411200	25.000000
4.714852	1.939895	3.538780	4.781098	1.923151	3.501407	68.627900	18.508900	25.000000
4.715213	1.939865	3.538990	4.709565	1.894944	3.413739	68.627900	18.980300	25.000000
4.715213	1.939865	3.538990	4.771729	1.901628	3.450029	68.627900	20.078000	25.000000
4.714852	1.939895	3.538780	4.860842	1.715307	3.076539	68.627900	20.549300	25.000000
4.714852	1.939895	3.538780	4.544976	1.694323	3.209333	68.627900	21.647000	25.000000
4.714852	1.939895	3.538780	3.296908	0.772995	2.541542	68.627900	22.118400	25.000000
4.714852	1.939895	3.538780	5.829237	1.328257	2.331200	68.627900	23.216100	25.000000
4.715213	1.939865	3.538990	5.816419	1.496628	3.129438	68.627900	23.687500	25.000000
4.715213	1.939865	3.538990	3.384380	1.794561	3.143138	68.627900	24.785200	25.000000
4.714852	1.939895	3.538780	4.603792	2.581353	3.594272	68.627900	25.256500	25.000000
4.714852	1.939895	3.538780	4.763203	2.279464	3.395961	68.627900	26.354200	25.000000
4.714852	1.939895	3.538780	4.464258	2.370005	3.593747	68.627900	26.825600	25.000000
4.714852	1.939895	3.538780	4.855924	2.160388	3.874408	68.627900	27.923300	25.000000
4.715213	1.939865	3.538990	5.076455	1.809440	3.563522	68.627900	28.394700	25.000000
4.715213	1.939865	3.538990	4.336173	1.998863	3.621112	68.627900	29.492400	25.000000
4.714852	1.939895	3.538780	4.640388	1.519053	3.670910	68.627900	29.963700	25.000000
4.714852	1.939895	3.538780	4.738660	1.740433	3.724251	68.627900	31.061400	25.000000
4.714852	1.939895	3.538780	4.570536	1.266370	4.035857	68.627900	31.532800	25.000000
4.714852	1.939895	3.538780	4.833901	1.209217	4.139723	68.627900	32.630500	25.000000
4.715213	1.939865	3.538990	4.726267	0.704863	5.129287	68.627900	33.101900	25.000000
4.715213	1.939865	3.538990	4.702127	0.731244	5.362259	68.627900	34.199600	25.000000
