4.715511	2.396494	5.497853	4.671370	2.385960	5.508824	-26.878900	7.150640	25.000000
4.715511	2.396494	5.497853	4.735240	2.402587	5.513307	-26.878900	8.248340	25.000000
4.715511	2.396494	5.497853	4.671884	2.385843	5.522065	-26.878900	8.719700	25.000000
4.715511	2.396494	5.497853	4.749632	2.399268	5.515406	-26.878900	9.817400	25.000000
4.715655	2.396461	5.497787	4.765973	2.395538	5.543707	-26.878900	10.288800	25.000000
4.715655	2.396461	5.497787	4.672440	2.385717	5.530888	-26.878900	11.386500	25.000000
4.715175	2.396571	5.498008	4.701000	2.379294	5.567543	-26.878900	11.857800	25.000000
4.715175	2.396571	5.498008	4.722806	2.374470	5.547422	-26.878900	12.955500	25.000000
4.715655	2.396461	5.497787	4.705784	2.347966	5.599134	-26.878900	13.426900	25.000000
4.715655	2.396461	5.497787	4.746883	2.369224	5.576851	-26.878900	14.524600	25.000000
4.715655	2.396461	5.497787	4.733540	2.313154	5.644271	-26.878900	14.996000	25.000000
4.715655	2.396461	5.497787	4.788779	2.331058	5.603944	-26.878900	16.093700	25.000000
4.715175	2.396571	5.498008	4.730581	2.285390	5.612815	-26.878900	16.565000	25.000000
4.715175	2.396571	5.498008	4.693570	2.292252	5.630604	-26.878900	17.662700	25.000000
4.715655	2.396461	5.497787	4.754251	2.281079	5.601945	-26.878900	18.134100	25.000000
4.715655	2.396461	5.497787	4.635558	2.274664	5.581925	-26.878900	19.231800	25.000000
4.715655	2.396461	5.497787	4.765302	2.279086	5.554478	-26.878900	19.703200	25.000000
4.715655	2.396461	5.497787	4.705752	2.289977	5.579767	-26.878900	20.800900	25.000000
4.715175	2.396571	5.498008	4.758928	2.308270	5.521879	-26.878900	21.272200	25.000000
4.715175	2.396571	5.498008	4.682147	2.323271	5.537104	-26.878900	22.369900	25.000000
4.715655	2.396461	5.497787	4.754430	2.337951	5.510183	-26.878900	22.841300	25.000000
4.715655	2.396461	5.497787	4.698691	2.349452	5.508358	-26.878900	23.939000	25.000000
4.715655	2.396461	5.497787	4.678515	2.353716	5.504184	-26.878900	24.410400	25.000000
4.715655	2.396461	5.497787	4.734765	2.371854	5.493495	-26.878900	25.508100	25.000000
4.715031	2.396604	5.497632	4.735240	2.402587	5.513307	-26.094300	7.150640	25.000000
4.715031	2.396604	5.497632	4.749632	2.399268	5.515406	-26.094300	8.248340	25.000000
4.715031	2.396604	5.497632	4.731258	2.403511	5.528888	-26.094300	8.719700	25.000000
4.715031	2.396604	5.497632	4.687174	2.382388	5.532860	-26.094300	9.817400	25.000000
4.715175	2.396571	5.497566	4.665458	2.387306	5.557583	-26.094300	10.288800	25.000000
4.715175	2.396571	5.497566	4.786157	2.390987	5.551964	-26.094300	11.386500	25.000000
4.714696	2.396682	5.497787	4.713809	2.376452	5.584525	-26.094300	11.857800	25.000000
4.714696	2.396682	5.497787	4.689030	2.351487	5.612664	-26.094300	12.955500	25.000000
4.715175	2.396571	5.497566	4.696818	2.291643	5.677103	-26.094300	13.426900	25.000000
4.715175	2.396571	5.497566	4.657263	2.358267	5.625078	-26.094300	14.524600	25.000000
4.715175	2.396571	5.497566	4.626619	2.248246	5.747523	-26.094300	14.996000	25.000000
4.715175	2.396571	5.497566	4.753904	2.226888	5.678984	-26.094300	16.093700	25.000000
4.714696	2.396682	5.497787	4.836900	2.188155	5.703621	-26.094300	16.565000	25.000000
4.714696	2.396682	5.497787	4.661588	2.162469	5.733901	-26.094300	17.662700	25.000000
4.715175	2.396571	5.497566	4.740844	2.151277	5.651793	-26.094300	18.134100	25.000000
4.715175	2.396571	5.497566	4.756354	2.149139	5.688915	-26.094300	19.231800	25.000000
4.715175	2.396571	5.497566	4.737130	2.177260	5.592394	-26.094300	19.703200	25.000000
4.715175	2.396571	5.497566	4.620000	2.221895	5.578691	-26.094300	20.800900	25.000000
4.714696	2.396682	5.497787	4.704253	2.290256	5.537766	-26.094300	21.272200	25.000000
4.714696	2.396682	5.497787	4.701159	2.235555	5.530280	-26.094300	22.369900	25.000000
4.715175	2.396571	5.497566	4.722298	2.315340	5.520187	-26.094300	22.841300	25.000000
4.715175	2.396571	5.497566	4.769581	2.334893	5.491627	-26.094300	23.939000	25.000000
4.715175	2.396571	5.497566	4.668458	2.355862	5.499928	-26.094300	24.410400	25.000000
4.715175	2.396571	5.497566	4.723812	2.344219	5.493603	-26.094300	25.508100	25.000000
4.715511	2.396494	5.497853	4.671370	2.385960	5.508824	-25.309800	5.581570	25.000000
4.715511	2.396494	5.497853	4.730412	2.403708	5.511120	-25.309800	6.679270	25.000000
4.715511	2.396494	5.497853	4.676858	2.384715	5.524213	-25.309800	7.150640	25.000000
4.715511	2.396494	5.497853	4.730750	2.403629	5.520006	-25.309800	8.248340	25.000000
4.715511	2.396494	5.497853	4.664901	2.387433	5.553163	-25.309800	8.719700	25.000000
4.715511	2.396494	5.497853	4.765553	2.395633	5.539339	-25.309800	9.817400	25.000000
4.715655	2.396461	5.497787	4.674409	2.385270	5.606010	-25.309800	10.288800	25.000000
4.715655	2.396461	5.497787	4.737056	2.371355	5.577190	-25.309800	11.386500	25.000000
4.715175	2.396571	5.498008	4.619134	2.366591	5.647110	-25.309800	11.857800	25.000000
4.715175	2.396571	5.498008	4.792171	2.301986	5.711511	-25.309800	12.955500	25.000000
4.715655	2.396461	5.497787	4.670557	2.268320	5.759535	-25.309800	13.426900	25.000000
4.715655	2.396461	5.497787	4.772641	2.172108	5.867283	-25.309800	14.524600	25.000000
4.715655	2.396461	5.497787	4.701330	1.906776	6.032742	-25.309800	14.996000	25.000000
4.715655	2.396461	5.497787	4.753157	2.021390	5.859266	-25.309800	16.093700	25.000000
4.715175	2.396571	5.498008	4.501222	1.630816	6.079242	-25.309800	16.565000	25.000000
4.715175	2.396571	5.498008	4.875951	1.636472	5.893137	-25.309800	17.662700	25.000000
4.715655	2.396461	5.497787	4.343098	1.774829	5.817435	-25.309800	18.134100	25.000000
4.715655	2.396461	5.497787	5.151941	1.574678	5.861216	-25.309800	19.231800	25.000000
4.715655	2.396461	5.497787	4.345400	2.036163	5.680898	-25.309800	19.703200	25.000000
4.715655	2.396461	5.497787	5.102166	1.891835	5.614896	-25.309800	20.800900	25.000000
4.715175	2.396571	5.498008	4.523273	2.183162	5.612664	-25.309800	21.272200	25.000000
4.715175	2.396571	5.498008	4.851804	2.160956	5.480245	-25.309800	22.369900	25.000000
4.715655	2.396461	5.497787	4.671360	2.296442	5.526120	-25.309800	22.841300	25.000000
4.715655	2.396461	5.497787	4.777531	2.276896	5.478334	-25.309800	23.939000	25.000000
4.715655	2.396461	5.497787	4.649398	2.329886	5.504076	-25.309800	24.410400	25.000000
4.715655	2.396461	5.497787	4.739420	2.341009	5.479078	-25.309800	25.508100	25.000000
4.715511	2.396494	5.497853	4.661813	2.388138	5.513307	-24.525300	5.581570	25.000000
4.715511	2.396494	5.497853	4.744945	2.400346	5.517652	-24.525300	6.679270	25.000000
4.715511	2.396494	5.497853	4.648441	2.391210	5.533486	-24.525300	7.150640	25.000000
4.715511	2.396494	5.497853	4.677136	2.384653	5.528614	-24.525300	8.248340	25.000000
4.715511	2.396494	5.497853	4.648839	2.391118	5.575927	-24.525300	8.719700	25.000000
4.715511	2.396494	5.497853	4.704902	2.378426	5.560884	-24.525300	9.817400	25.000000
4.715655	2.396461	5.497787	4.654987	2.389703	5.669883	-24.525300	10.288800	25.000000
4.715655	2.396461	5.497787	4.792797	2.359440	5.638500	-24.525300	11.386500	25.000000
4.715175	2.396571	5.498008	4.692292	2.321249	5.913501	-24.525300	11.857800	25.000000
4.715175	2.396571	5.498008	4.801916	2.245608	5.788521	-24.525300	12.955500	25.000000
4.715655	2.396461	5.497787	5.310915	1.565148	0.063875	-24.525300	13.426900	25.000000
4.715655	2.396461	5.497787	4.085330	1.775387	0.008000	-24.525300	14.524600	25.000000
4.715655	2.396461	5.497787	4.574232	0.590360	0.601074	-24.525300	14.996000	25.000000
4.715655	2.396461	5.497787	4.807037	0.896836	0.645631	-24.525300	16.093700	25.000000
4.715175	2.396571	5.498008	4.492327	0.472557	0.695364	-24.525300	16.565000	25.000000
4.715175	2.396571	5.498008	4.887341	0.646860	0.419603	-24.525300	17.662700	25.000000
4.715655	2.396461	5.497787	4.085305	0.492387	0.180131	-24.525300	18.134100	25.000000
4.715655	2.396461	5.497787	5.228881	1.093939	6.143023	-24.525300	19.231800	25.000000
4.715655	2.396461	5.497787	5.057628	0.935814	5.577756	-24.525300	19.703200	25.000000
4.715655	2.396461	5.497787	4.344249	0.505939	0.071307	-24.525300	20.800900	25.000000
4.715175	2.396571	5.498008	5.167204	1.906039	5.512279	-24.525300	21.272200	25.000000
4.715175	2.396571	5.498008	4.286024	2.030075	5.608444	-24.525300	22.369900	25.000000
4.715655	2.396461	5.497787	4.916299	2.227128	5.443296	-24.525300	22.841300	25.000000
4.715655	2.396461	5.497787	4.563989	2.203823	5.536230	-24.525300	23.939000	25.000000
4.715655	2.396461	5.497787	4.739420	2.341009	5.479078	-24.525300	24.410400	25.000000
4.715655	2.396461	5.497787	4.727050	2.314414	5.485593	-24.525300	25.508100	25.000000
4.715031	2.396604	5.497632	4.740506	2.401369	5.524330	-23.740700	5.581570	25.000000
4.715031	2.396604	5.497632	4.740084	2.401466	5.515484	-23.740700	6.679270	25.000000
4.715031	2.396604	5.497632	4.714297	2.407475	5.551547	-23.740700	7.150640	25.000000
4.715031	2.396604	5.497632	4.678226	2.384406	5.541812	-23.740700	8.248340	25.000000
4.715031	2.396604	5.497632	4.700777	2.379344	5.631058	-23.740700	8.719700	25.000000
4.715031	2.396604	5.497632	4.724881	2.404996	5.589254	-23.740700	9.817400	25.000000
4.715175	2.396571	5.497566	4.755250	2.337785	5.722728	-23.740700	10.288800	25.000000
4.715175	2.396571	5.497566	4.671413	2.355230	5.849299	-23.740700	11.386500	25.000000
4.714696	2.396682	5.497787	4.025916	1.904850	0.042080	-23.740700	11.857800	25.000000
4.714696	2.396682	5.497787	5.312410	1.810259	0.153681	-23.740700	12.955500	25.000000
4.715175	2.396571	5.497566	5.191679	0.482079	1.271540	-23.740700	13.426900	25.000000
4.715175	2.396571	5.497566	4.317607	0.769886	1.836275	-23.740700	14.524600	25.000000
4.715175	2.396571	5.497566	5.043392	1.899900	6.108392	-23.740700	14.996000	25.000000
4.715175	2.396571	5.497566	4.434242	2.313868	6.082787	-23.740700	16.093700	25.000000
4.714696	2.396682	5.497787	5.041825	1.923156	5.681116	-23.740700	16.565000	25.000000
4.714696	2.396682	5.497787	4.318391	1.952847	6.051523	-23.740700	17.662700	25.000000
4.715175	2.396571	5.497566	4.036285	0.732870	0.014814	-23.740700	18.134100	25.000000
4.715175	2.396571	5.497566	5.320188	0.526381	6.049096	-23.740700	19.231800	25.000000
4.715175	2.396571	5.497566	3.261227	1.259143	5.648705	-23.740700	19.703200	25.000000
4.715175	2.396571	5.497566	5.838570	0.717261	5.929294	-23.740700	20.800900	25.000000
4.714696	2.396682	5.497787	5.085273	0.963957	5.548591	-23.740700	21.272200	25.000000
4.714696	2.396682	5.497787	4.234100	0.816309	5.461106	-23.740700	22.369900	25.000000
4.715175	2.396571	5.497566	4.505552	2.159004	5.516653	-23.740700	22.841300	25.000000
4.715175	2.396571	5.497566	4.918333	2.151924	5.428931	-23.740700	23.939000	25.000000
4.715175	2.396571	5.497566	4.680481	2.323604	5.483295	-23.740700	24.410400	25.000000
4.715175	2.396571	5.497566	4.736222	2.284357	5.458282	-23.740700	25.508100	25.000000
4.715511	2.396494	5.497853	4.735620	2.402499	5.522173	-22.956200	5.581570	25.000000
4.715511	2.396494	5.497853	4.726658	2.404582	5.531182	-22.956200	6.679270	25.000000
4.715511	2.396494	5.497853	4.758498	2.397239	5.561437	-22.956200	7.150640	25.000000
4.715511	2.396494	5.497853	4.628920	2.395744	5.572142	-22.956200	8.248340	25.000000
4.715511	2.396494	5.497853	4.823370	2.382751	5.662586	-22.956200	8.719700	25.000000
4.715511	2.396494	5.497853	4.739631	2.401571	5.718616	-22.956200	9.817400	25.000000
4.715655	2.396461	5.497787	4.596781	2.225749	5.999611	-22.956200	10.288800	25.000000
4.715655	2.396461	5.497787	4.772222	2.250597	6.204967	-22.956200	11.386500	25.000000
4.715175	2.396571	5.498008	4.863250	1.521427	0.526296	-22.956200	11.857800	25.000000
4.715175	2.396571	5.498008	4.618939	1.486261	0.297700	-22.956200	12.955500	25.000000
4.715655	2.396461	5.497787	5.343791	2.416642	5.519740	-22.956200	13.426900	25.000000
4.715655	2.396461	5.497787	4.049914	2.984430	4.823046	-22.956200	14.524600	25.000000
4.715655	2.396461	5.497787	4.912906	2.782765	4.299049	-22.956200	14.996000	25.000000
4.715655	2.396461	5.497787	4.407157	2.766040	5.077386	-22.956200	16.093700	25.000000
4.715175	2.396571	5.498008	4.640485	2.302359	5.230458	-22.956200	16.565000	25.000000
4.715175	2.396571	5.498008	4.711730	2.346726	5.181356	-22.956200	17.662700	25.000000
4.715655	2.396461	5.497787	4.576298	2.257123	5.648159	-22.956200	18.134100	25.000000
4.715655	2.396461	5.497787	4.771803	2.197873	5.259466	-22.956200	19.231800	25.000000
4.715655	2.396461	5.497787	4.502410	0.213693	5.520006	-22.956200	19.703200	25.000000
4.715655	2.396461	5.497787	4.957015	0.520727	5.892137	-22.956200	20.800900	25.000000
4.715175	2.396571	5.498008	2.702147	0.982296	4.918510	-22.956200	21.272200	25.000000
4.715175	2.396571	5.498008	6.130816	0.419191	5.735206	-22.956200	22.369900	25.000000
4.715655	2.396461	5.497787	4.874177	1.940229	5.404310	-22.956200	22.841300	25.000000
4.715655	2.396461	5.497787	4.554075	2.115561	5.443296	-22.956200	23.939000	25.000000
4.715655	2.396461	5.497787	4.745198	2.282721	5.432790	-22.956200	24.410400	25.000000
4.715655	2.396461	5.497787	4.540220	2.263650	5.485642	-22.956200	25.508100	25.000000
4.715511	2.396494	5.497853	4.737309	2.402108	5.544317	-22.171700	5.581570	25.000000
4.715511	2.396494	5.497853	4.648441	2.391210	5.533486	-22.171700	6.679270	25.000000
4.715511	2.396494	5.497853	4.743005	2.400792	5.584047	-22.171700	7.150640	25.000000
4.715511	2.396494	5.497853	4.697361	2.411480	5.615423	-22.171700	8.248340	25.000000
4.715511	2.396494	5.497853	4.864812	2.344650	5.811826	-22.171700	8.719700	25.000000
4.715511	2.396494	5.497853	4.672515	2.417440	5.842655	-22.171700	9.817400	25.000000
4.715655	2.396461	5.497787	4.489399	0.808595	1.399977	-22.171700	10.288800	25.000000
4.715655	2.396461	5.497787	4.893044	0.857950	1.600247	-22.171700	11.386500	25.000000
4.715175	2.396571	5.498008	6.156696	2.024778	5.800138	-22.171700	11.857800	25.000000
4.715175	2.396571	5.498008	2.544091	2.803420	0.936774	-22.171700	12.955500	25.000000
4.715655	2.396461	5.497787	4.379281	2.390163	3.834618	-22.171700	13.426900	25.000000
4.715655	2.396461	5.497787	5.090393	2.250593	3.425791	-22.171700	14.524600	25.000000
4.715655	2.396461	5.497787	5.630702	2.241570	3.749718	-22.171700	14.996000	25.000000
4.715655	2.396461	5.497787	3.690867	2.519768	4.068888	-22.171700	16.093700	25.000000
4.715175	2.396571	5.498008	4.183969	2.519439	3.857336	-22.171700	16.565000	25.000000
4.715175	2.396571	5.498008	5.219425	2.230768	4.155332	-22.171700	17.662700	25.000000
4.715655	2.396461	5.497787	3.865100	2.848256	2.381506	-22.171700	18.134100	25.000000
4.715655	2.396461	5.497787	5.379126	2.716326	4.461946	-22.171700	19.231800	25.000000
4.715655	2.396461	5.497787	5.245484	1.210766	5.700832	-22.171700	19.703200	25.000000
4.715655	2.396461	5.497787	4.113670	1.985905	5.403726	-22.171700	20.800900	25.000000
4.715175	2.396571	5.498008	6.003815	0.586643	5.489277	-22.171700	21.272200	25.000000
4.715175	2.396571	5.498008	2.709207	1.152698	4.781107	-22.171700	22.369900	25.000000
4.715655	2.396461	5.497787	5.046781	1.670032	5.328009	-22.171700	22.841300	25.000000
4.715655	2.396461	5.497787	4.397681	1.952954	5.341185	-22.171700	23.939000	25.000000
4.715655	2.396461	5.497787	4.712070	2.233741	5.429193	-22.171700	24.410400	25.000000
4.715655	2.396461	5.497787	4.796415	2.301193	5.426480	-22.171700	25.508100	25.000000
4.715031	2.396604	5.497632	4.705380	2.409578	5.556279	-21.387100	5.581570	25.000000
4.715031	2.396604	5.497632	4.727801	2.404316	5.544524	-21.387100	6.679270	25.000000
4.715031	2.396604	5.497632	4.749632	2.399268	5.661488	-21.387100	7.150640	25.000000
4.715031	2.396604	5.497632	4.654374	2.421858	5.631862	-21.387100	8.248340	25.000000
4.715031	2.396604	5.497632	4.778922	2.304476	6.116184	-21.387100	8.719700	25.000000
4.715031	2.396604	5.497632	4.648656	2.423263	6.085790	-21.387100	9.817400	25.000000
4.715175	2.396571	5.497566	5.036517	1.998705	0.283096	-21.387100	10.288800	25.000000
4.715175	2.396571	5.497566	4.432629	1.991426	0.151334	-21.387100	11.386500	25.000000
4.714696	2.396682	5.497787	3.218462	2.269420	4.088366	-21.387100	11.857800	25.000000
4.714696	2.396682	5.497787	5.766637	1.917592	4.498720	-21.387100	12.955500	25.000000
4.715175	2.396571	5.497566	4.797187	1.787190	3.332710	-21.387100	13.426900	25.000000
4.715175	2.396571	5.497566	4.612299	1.738527	3.473079	-21.387100	14.524600	25.000000
4.715175	2.396571	5.497566	4.513580	1.835303	3.697759	-21.387100	14.996000	25.000000
4.715175	2.396571	5.497566	4.902816	1.830708	3.912067	-21.387100	16.093700	25.000000
4.714696	2.396682	5.497787	4.122778	1.808301	3.373255	-21.387100	16.565000	25.000000
4.714696	2.396682	5.497787	5.289858	1.888007	3.243241	-21.387100	17.662700	25.000000
4.715175	2.396571	5.497566	4.431591	2.225926	1.522401	-21.387100	18.134100	25.000000
4.715175	2.396571	5.497566	4.951161	2.384888	3.592083	-21.387100	19.231800	25.000000
4.715175	2.396571	5.497566	4.085193	2.462943	5.337172	-21.387100	19.703200	25.000000
4.715175	2.396571	5.497566	5.295904	1.234022	5.710165	-21.387100	20.800900	25.000000
4.714696	2.396682	5.497787	4.766358	0.492453	4.884979	-21.387100	21.272200	25.000000
4.714696	2.396682	5.497787	4.621355	0.096172	4.127511	-21.387100	22.369900	25.000000
4.715175	2.396571	5.497566	5.259135	1.356190	5.174296	-21.387100	22.841300	25.000000
4.715175	2.396571	5.497566	4.112238	1.149946	5.149821	-21.387100	23.939000	25.000000
4.715175	2.396571	5.497566	4.560088	2.231944	5.434878	-21.387100	24.410400	25.000000
4.715175	2.396571	5.497566	4.847226	2.264697	5.391321	-21.387100	25.508100	25.000000
4.715511	2.396494	5.497853	4.759254	2.428620	5.572817	-20.602600	5.581570	25.000000
4.715511	2.396494	5.497853	4.734976	2.402648	5.564355	-20.602600	6.679270	25.000000
4.715511	2.396494	5.497853	4.743248	2.400737	5.715977	-20.602600	7.150640	25.000000
4.715511	2.396494	5.497853	4.703456	2.442451	5.745599	-20.602600	8.248340	25.000000
4.715511	2.396494	5.497853	5.395906	2.058812	0.535022	-20.602600	8.719700	25.000000
4.715511	2.396494	5.497853	3.910256	1.964495	0.590307	-20.602600	9.817400	25.000000
4.715655	2.396461	5.497787	1.333642	1.995888	0.603983	-20.602600	10.288800	25.000000
4.715655	2.396461	5.497787	6.544968	2.173471	5.952637	-20.602600	11.386500	25.000000
4.715175	2.396571	5.498008	5.536027	1.341184	4.005775	-20.602600	11.857800	25.000000
4.715175	2.396571	5.498008	3.624652	1.595629	4.224055	-20.602600	12.955500	25.000000
4.715655	2.396461	5.497787	4.799396	1.363029	3.650966	-20.602600	13.426900	25.000000
4.715655	2.396461	5.497787	4.628520	1.295091	3.405088	-20.602600	14.524600	25.000000
4.715655	2.396461	5.497787	4.760053	1.484556	3.971737	-20.602600	14.996000	25.000000
4.715655	2.396461	5.497787	4.687099	1.283086	3.704909	-20.602600	16.093700	25.000000
4.715175	2.396571	5.498008	4.644825	1.380186	2.875341	-20.602600	16.565000	25.000000
4.715175	2.396571	5.498008	4.776212	1.253538	2.894476	-20.602600	17.662700	25.000000
4.715655	2.396461	5.497787	6.365061	0.586883	1.411245	-20.602600	18.134100	25.000000
4.715655	2.396461	5.497787	1.743703	1.279968	3.165540	-20.602600	19.231800	25.000000
4.715655	2.396461	5.497787	5.735652	2.249331	5.378736	-20.602600	19.703200	25.000000
4.715655	2.396461	5.497787	3.381627	2.132098	0.666558	-20.602600	20.800900	25.000000
4.715175	2.396571	5.498008	5.208195	1.480431	4.981685	-20.602600	21.272200	25.000000
4.715175	2.396571	5.498008	4.100939	0.992956	5.330270	-20.602600	22.369900	25.000000
4.715655	2.396461	5.497787	2.570078	0.614441	3.855343	-20.602600	22.841300	25.000000
4.715655	2.396461	5.497787	6.083700	0.306593	3.223377	-20.602600	23.939000	25.000000
4.715655	2.396461	5.497787	4.636173	2.246589	5.397924	-20.602600	24.410400	25.000000
4.715655	2.396461	5.497787	4.832815	2.214378	5.352786	-20.602600	25.508100	25.000000
4.715511	2.396494	5.497853	4.661084	2.420218	5.601341	-19.818100	5.581570	25.000000
4.715511	2.396494	5.497853	4.704349	2.409822	5.581115	-19.818100	6.679270	25.000000
4.715511	2.396494	5.497853	4.616016	2.465292	5.831921	-19.818100	7.150640	25.000000
4.715511	2.396494	5.497853	4.877499	2.431936	5.861766	-19.818100	8.248340	25.000000
4.715511	2.396494	5.497853	5.360672	2.262668	0.644470	-19.818100	8.719700	25.000000
4.715511	2.396494	5.497853	3.953442	1.836991	0.746457	-19.818100	9.817400	25.000000
4.715655	2.396461	5.497787	6.015073	1.545856	1.310087	-19.818100	10.288800	25.000000
4.715655	2.396461	5.497787	2.694995	2.007557	5.637227	-19.818100	11.386500	25.000000
4.715175	2.396571	5.498008	4.598315	0.896764	3.836331	-19.818100	11.857800	25.000000
4.715175	2.396571	5.498008	4.791461	1.128690	4.319019	-19.818100	12.955500	25.000000
4.715655	2.396461	5.497787	5.357667	0.965169	3.715113	-19.818100	13.426900	25.000000
4.715655	2.396461	5.497787	4.018084	1.075433	3.698993	-19.818100	14.524600	25.000000
4.715655	2.396461	5.497787	3.746745	0.909848	3.638511	-19.818100	14.996000	25.000000
4.715655	2.396461	5.497787	5.544763	0.910702	3.859134	-19.818100	16.093700	25.000000
4.715175	2.396571	5.498008	4.685093	0.982492	2.267177	-19.818100	16.565000	25.000000
4.715175	2.396571	5.498008	4.714541	0.795452	2.552766	-19.818100	17.662700	25.000000
4.715655	2.396461	5.497787	3.509573	2.508778	5.395407	-19.818100	18.134100	25.000000
4.715655	2.396461	5.497787	5.561421	1.775407	1.684901	-19.818100	19.231800	25.000000
4.715655	2.396461	5.497787	4.427193	2.014365	5.648487	-19.818100	19.703200	25.000000
4.715655	2.396461	5.497787	4.867765	2.572287	2.115660	-19.818100	20.800900	25.000000
4.715175	2.396571	5.498008	3.377716	2.019715	4.880779	-19.818100	21.272200	25.000000
4.715175	2.396571	5.498008	5.704649	1.296357	5.138564	-19.818100	22.369900	25.000000
4.715655	2.396461	5.497787	3.830470	0.990543	4.665548	-19.818100	22.841300	25.000000
4.715655	2.396461	5.497787	5.482700	0.465226	4.248741	-19.818100	23.939000	25.000000
4.715655	2.396461	5.497787	4.740000	2.202744	5.338110	-19.818100	24.410400	25.000000
4.715655	2.396461	5.497787	4.606343	2.280061	5.400534	-19.818100	25.508100	25.000000
4.715031	2.396604	5.497632	4.720953	2.438054	5.632481	-19.033500	5.581570	25.000000
4.715031	2.396604	5.497632	4.740738	2.433149	5.598824	-19.033500	6.679270	25.000000
4.715031	2.396604	5.497632	4.630594	2.496483	6.036464	-19.033500	7.150640	25.000000
4.715031	2.396604	5.497632	4.748568	2.464156	6.056135	-19.033500	8.248340	25.000000
4.715031	2.396604	5.497632	5.026331	2.637038	0.352990	-19.033500	8.719700	25.000000
4.715031	2.396604	5.497632	4.358865	2.361992	5.031044	-19.033500	9.817400	25.000000
4.715175	2.396571	5.497566	4.123797	1.221839	4.909785	-19.033500	10.288800	25.000000
4.715175	2.396571	5.497566	5.215602	2.265797	5.609224	-19.033500	11.386500	25.000000
4.714696	2.396682	5.497787	5.363404	0.931494	4.403129	-19.033500	11.857800	25.000000
4.714696	2.396682	5.497787	4.014088	0.605699	4.123173	-19.033500	12.955500	25.000000
4.715175	2.396571	5.497566	4.400818	0.722945	3.834572	-19.033500	13.426900	25.000000
4.715175	2.396571	5.497566	5.012873	0.797913	3.972325	-19.033500	14.524600	25.000000
4.715175	2.396571	5.497566	4.392095	0.366757	3.352686	-19.033500	14.996000	25.000000
4.715175	2.396571	5.497566	5.008762	0.576216	3.856976	-19.033500	16.093700	25.000000
4.714696	2.396682	5.497787	4.232541	0.399045	1.803976	-19.033500	16.565000	25.000000
4.714696	2.396682	5.497787	5.107925	0.943050	1.699352	-19.033500	17.662700	25.000000
4.715175	2.396571	5.497566	4.163772	0.697995	5.585098	-19.033500	18.134100	25.000000
4.715175	2.396571	5.497566	5.052029	2.701206	0.311472	-19.033500	19.231800	25.000000
4.715175	2.396571	5.497566	4.566695	1.718042	3.683531	-19.033500	19.703200	25.000000
4.715175	2.396571	5.497566	4.666262	1.747443	6.041375	-19.033500	20.800900	25.000000
4.714696	2.396682	5.497787	6.157670	1.671655	4.985083	-19.033500	21.272200	25.000000
4.714696	2.396682	5.497787	2.613886	2.557127	5.300392	-19.033500	22.369900	25.000000
4.715175	2.396571	5.497566	4.376357	0.876556	4.517909	-19.033500	22.841300	25.000000
4.715175	2.396571	5.497566	5.064277	0.834741	4.543736	-19.033500	23.939000	25.000000
4.715175	2.396571	5.497566	4.905099	2.254922	5.329580	-19.033500	24.410400	25.000000
4.715175	2.396571	5.497566	4.559265	2.232085	5.345885	-19.033500	25.508100	25.000000
4.715511	2.396494	5.497853	4.693080	2.445084	5.662936	-18.249000	5.581570	25.000000
4.715511	2.396494	5.497853	4.691482	2.445492	5.625058	-18.249000	6.679270	25.000000
4.715511	2.396494	5.497853	4.749484	2.534205	0.088656	-18.249000	7.150640	25.000000
4.715511	2.396494	5.497853	4.719788	2.471773	0.143828	-18.249000	8.248340	25.000000
4.715511	2.396494	5.497853	3.330165	3.006894	1.390943	-18.249000	8.719700	25.000000
4.715511	2.396494	5.497853	5.780796	1.961209	4.946479	-18.249000	9.817400	25.000000
4.715655	2.396461	5.497787	5.894727	1.347910	4.940492	-18.249000	10.288800	25.000000
4.715655	2.396461	5.497787	3.233542	1.889766	5.135243	-18.249000	11.386500	25.000000
4.715175	2.396571	5.498008	3.883928	0.602524	4.744196	-18.249000	11.857800	25.000000
4.715175	2.396571	5.498008	5.489991	0.780753	4.530221	-18.249000	12.955500	25.000000
4.715655	2.396461	5.497787	4.823868	0.554924	4.282180	-18.249000	13.426900	25.000000
4.715655	2.396461	5.497787	4.657639	0.494356	4.273028	-18.249000	14.524600	25.000000
4.715655	2.396461	5.497787	5.041702	0.128707	3.876705	-18.249000	14.996000	25.000000
4.715655	2.396461	5.497787	4.432498	0.121168	2.898425	-18.249000	16.093700	25.000000
4.715175	2.396571	5.498008	5.516126	0.436035	1.730723	-18.249000	16.565000	25.000000
4.715175	2.396571	5.498008	3.690562	1.152240	1.363804	-18.249000	17.662700	25.000000
4.715655	2.396461	5.497787	5.191002	1.493663	1.617185	-18.249000	18.134100	25.000000
4.715655	2.396461	5.497787	3.878624	1.728985	4.586739	-18.249000	19.231800	25.000000
4.715655	2.396461	5.497787	4.690628	1.549476	5.391193	-18.249000	19.703200	25.000000
4.715655	2.396461	5.497787	4.613499	0.706235	3.275592	-18.249000	20.800900	25.000000
4.715175	2.396571	5.498008	6.241346	2.473633	5.006323	-18.249000	21.272200	25.000000
4.715175	2.396571	5.498008	2.423675	1.951245	5.725999	-18.249000	22.369900	25.000000
4.715655	2.396461	5.497787	4.402227	0.756992	4.245783	-18.249000	22.841300	25.000000
4.715655	2.396461	5.497787	4.944987	0.662141	4.107052	-18.249000	23.939000	25.000000
4.715655	2.396461	5.497787	4.727198	2.231245	5.303363	-18.249000	24.410400	25.000000
4.715655	2.396461	5.497787	4.693570	2.292252	5.364970	-18.249000	25.508100	25.000000
4.715511	2.396494	5.497853	4.717181	2.472471	5.692339	-17.464500	5.581570	25.000000
4.715511	2.396494	5.497853	4.730962	2.468796	5.651895	-17.464500	6.679270	25.000000
4.715511	2.396494	5.497853	4.977590	2.504119	0.499886	-17.464500	7.150640	25.000000
4.715511	2.396494	5.497853	4.538116	2.384992	0.701314	-17.464500	8.248340	25.000000
4.715511	2.396494	5.497853	5.807220	2.540707	6.164119	-17.464500	8.719700	25.000000
4.715511	2.396494	5.497853	3.065029	1.265936	4.141463	-17.464500	9.817400	25.000000
4.715655	2.396461	5.497787	4.915628	1.621676	4.923767	-17.464500	10.288800	25.000000
4.715655	2.396461	5.497787	4.413853	0.998603	4.957368	-17.464500	11.386500	25.000000
4.715175	2.396571	5.498008	5.278106	0.650568	4.958885	-17.464500	11.857800	25.000000
4.715175	2.396571	5.498008	4.076629	0.743798	5.150110	-17.464500	12.955500	25.000000
4.715655	2.396461	5.497787	4.658680	0.494771	5.072747	-17.464500	13.426900	25.000000
4.715655	2.396461	5.497787	4.793673	0.457826	5.089390	-17.464500	14.524600	25.000000
4.715655	2.396461	5.497787	4.735431	0.122405	0.168561	-17.464500	14.996000	25.000000
4.715655	2.396461	5.497787	4.747020	0.140865	0.282834	-17.464500	16.093700	25.000000
4.715175	2.396571	5.498008	5.153610	0.925394	1.512468	-17.464500	16.565000	25.000000
4.715175	2.396571	5.498008	4.208480	0.316077	2.933703	-17.464500	17.662700	25.000000
4.715655	2.396461	5.497787	5.975023	1.240118	1.881915	-17.464500	18.134100	25.000000
4.715655	2.396461	5.497787	2.841866	1.099629	3.727405	-17.464500	19.231800	25.000000
4.715655	2.396461	5.497787	3.057268	1.938848	4.618650	-17.464500	19.703200	25.000000
4.715655	2.396461	5.497787	5.759855	1.736488	1.552313	-17.464500	20.800900	25.000000
4.715175	2.396571	5.498008	2.490482	2.322109	5.634190	-17.464500	21.272200	25.000000
4.715175	2.396571	5.498008	6.165201	2.118425	5.135243	-17.464500	22.369900	25.000000
4.715655	2.396461	5.497787	4.946292	0.556477	3.322473	-17.464500	22.841300	25.000000
4.715655	2.396461	5.497787	4.434997	0.583983	3.406410	-17.464500	23.939000	25.000000
4.715655	2.396461	5.497787	4.751252	2.309739	5.360446	-17.464500	24.410400	25.000000
4.715655	2.396461	5.497787	4.771960	2.277892	5.309566	-17.464500	25.508100	25.000000
4.715031	2.396604	5.497632	4.757478	2.495999	5.706810	-16.679900	5.581570	25.000000
4.715031	2.396604	5.497632	4.580273	2.475075	5.691265	-16.679900	6.679270	25.000000
4.715031	2.396604	5.497632	4.428318	2.346250	0.965252	-16.679900	7.150640	25.000000
4.715031	2.396604	5.497632	5.025177	2.459241	0.812177	-16.679900	8.248340	25.000000
4.715031	2.396604	5.497632	5.921773	1.769681	4.883768	-16.679900	8.719700	25.000000
4.715031	2.396604	5.497632	2.821400	2.169473	1.132096	-16.679900	9.817400	25.000000
4.715175	2.396571	5.497566	5.033587	1.344375	4.919780	-16.679900	10.288800	25.000000
4.715175	2.396571	5.497566	4.478415	0.869357	5.073897	-16.679900	11.386500	25.000000
4.714696	2.396682	5.497787	4.808461	0.842641	5.397138	-16.679900	11.857800	25.000000
4.714696	2.396682	5.497787	4.625419	0.745029	5.603962	-16.679900	12.955500	25.000000
4.715175	2.396571	5.497566	4.544931	0.725623	5.643663	-16.679900	13.426900	25.000000
4.715175	2.396571	5.497566	4.880830	0.800145	5.528081	-16.679900	14.524600	25.000000
4.715175	2.396571	5.497566	5.058359	0.378676	5.893742	-16.679900	14.996000	25.000000
4.715175	2.396571	5.497566	4.364860	0.172606	6.122423	-16.679900	16.093700	25.000000
4.714696	2.396682	5.497787	3.070603	0.496393	1.701088	-16.679900	16.565000	25.000000
4.714696	2.396682	5.497787	5.918716	0.272702	1.983925	-16.679900	17.662700	25.000000
4.715175	2.396571	5.497566	4.284577	1.561460	1.397206	-16.679900	18.134100	25.000000
4.715175	2.396571	5.497566	5.027944	0.197705	3.355868	-16.679900	19.231800	25.000000
4.715175	2.396571	5.497566	2.600481	2.139289	5.829741	-16.679900	19.703200	25.000000
4.715175	2.396571	5.497566	6.064891	1.554307	1.274601	-16.679900	20.800900	25.000000
4.714696	2.396682	5.497787	5.896202	1.102756	4.395446	-16.679900	21.272200	25.000000
4.714696	2.396682	5.497787	3.084834	1.338556	4.675739	-16.679900	22.369900	25.000000
4.715175	2.396571	5.497566	5.103577	1.596271	4.739833	-16.679900	22.841300	25.000000
4.715175	2.396571	5.497566	4.373717	1.860635	4.921483	-16.679900	23.939000	25.000000
4.715175	2.396571	5.497566	4.707483	2.318244	5.337352	-16.679900	24.410400	25.000000
4.715175	2.396571	5.497566	4.697542	2.320207	5.380318	-16.679900	25.508100	25.000000
4.715511	2.396494	5.497853	4.614380	2.501167	5.712284	-15.895400	5.581570	25.000000
4.715511	2.396494	5.497853	4.859650	2.537653	5.704228	-15.895400	6.679270	25.000000
4.715511	2.396494	5.497853	4.700181	2.477058	0.969397	-15.895400	7.150640	25.000000
4.715511	2.396494	5.497853	4.736159	2.467420	0.982794	-15.895400	8.248340	25.000000
4.715511	2.396494	5.497853	5.855322	2.380565	5.300392	-15.895400	8.719700	25.000000
4.715511	2.396494	5.497853	3.038816	0.627452	5.362616	-15.895400	9.817400	25.000000
4.715655	2.396461	5.497787	4.546702	1.090690	5.053745	-15.895400	10.288800	25.000000
4.715655	2.396461	5.497787	4.848134	0.793576	5.287551	-15.895400	11.386500	25.000000
4.715175	2.396571	5.498008	4.726108	0.826995	5.556782	-15.895400	11.857800	25.000000
4.715175	2.396571	5.498008	4.648484	0.897125	5.923126	-15.895400	12.955500	25.000000
4.715655	2.396461	5.497787	4.303905	0.979265	5.709157	-15.895400	13.426900	25.000000
4.715655	2.396461	5.497787	5.173220	1.068631	5.527420	-15.895400	14.524600	25.000000
4.715655	2.396461	5.497787	4.608395	0.561830	5.715519	-15.895400	14.996000	25.000000
4.715655	2.396461	5.497787	4.842458	0.378337	5.410706	-15.895400	16.093700	25.000000
4.715175	2.396571	5.498008	4.994287	0.492810	1.143118	-15.895400	16.565000	25.000000
4.715175	2.396571	5.498008	4.430643	0.324082	5.988334	-15.895400	17.662700	25.000000
4.715655	2.396461	5.497787	5.223227	0.655713	5.742227	-15.895400	18.134100	25.000000
4.715655	2.396461	5.497787	4.026835	1.742997	1.091366	-15.895400	19.231800	25.000000
4.715655	2.396461	5.497787	4.407142	1.566258	0.433200	-15.895400	19.703200	25.000000
4.715655	2.396461	5.497787	4.923007	2.220965	5.077731	-15.895400	20.800900	25.000000
4.715175	2.396571	5.498008	4.465598	1.584905	4.541349	-15.895400	21.272200	25.000000
4.715175	2.396571	5.498008	4.925042	1.524282	4.622833	-15.895400	22.369900	25.000000
4.715655	2.396461	5.497787	4.390900	2.149077	5.102996	-15.895400	22.841300	25.000000
4.715655	2.396461	5.497787	5.100794	2.008061	4.941621	-15.895400	23.939000	25.000000
4.715655	2.396461	5.497787	4.731015	2.342734	5.361790	-15.895400	24.410400	25.000000
4.715655	2.396461	5.497787	4.710297	2.347024	5.398747	-15.895400	25.508100	25.000000
4.715511	2.396494	5.497853	4.675254	2.519722	5.691109	-15.110900	5.581570	25.000000
4.715511	2.396494	5.497853	4.716355	2.544386	5.718191	-15.110900	6.679270	25.000000
4.715511	2.396494	5.497853	4.816025	2.480029	1.149483	-15.110900	7.150640	25.000000
4.715511	2.396494	5.497853	4.609772	2.466981	1.216091	-15.110900	8.248340	25.000000
4.715511	2.396494	5.497853	5.155201	2.616237	5.923509	-15.110900	8.719700	25.000000
4.715511	2.396494	5.497853	4.147590	1.121883	5.423918	-15.110900	9.817400	25.000000
4.715655	2.396461	5.497787	4.855883	1.053829	5.305648	-15.110900	10.288800	25.000000
4.715655	2.396461	5.497787	4.566180	0.730854	5.567442	-15.110900	11.386500	25.000000
4.715175	2.396571	5.498008	4.758582	0.712809	5.701421	-15.110900	11.857800	25.000000
4.715175	2.396571	5.498008	4.626457	0.643921	5.832419	-15.110900	12.955500	25.000000
4.715655	2.396461	5.497787	5.158488	0.901624	5.410292	-15.110900	13.426900	25.000000
4.715655	2.396461	5.497787	4.359312	0.987779	5.314110	-15.110900	14.524600	25.000000
4.715655	2.396461	5.497787	4.438975	0.662478	5.625033	-15.110900	14.996000	25.000000
4.715655	2.396461	5.497787	4.975922	0.670076	5.566486	-15.110900	16.093700	25.000000
4.715175	2.396571	5.498008	5.278531	0.767142	5.983101	-15.110900	16.565000	25.000000
4.715175	2.396571	5.498008	4.124914	0.888836	0.506674	-15.110900	17.662700	25.000000
4.715655	2.396461	5.497787	5.447697	1.041858	6.073280	-15.110900	18.134100	25.000000
4.715655	2.396461	5.497787	3.844041	2.534432	5.860331	-15.110900	19.231800	25.000000
4.715655	2.396461	5.497787	5.443574	2.019212	4.665485	-15.110900	19.703200	25.000000
4.715655	2.396461	5.497787	3.896986	1.974265	5.912005	-15.110900	20.800900	25.000000
4.715175	2.396571	5.498008	5.379898	0.879471	4.147140	-15.110900	21.272200	25.000000
4.715175	2.396571	5.498008	3.904779	1.330315	4.054121	-15.110900	22.369900	25.000000
4.715655	2.396461	5.497787	4.610434	2.196451	5.070533	-15.110900	22.841300	25.000000
4.715655	2.396461	5.497787	4.808960	2.271335	5.227149	-15.110900	23.939000	25.000000
4.715655	2.396461	5.497787	4.762058	2.365958	5.417112	-15.110900	24.410400	25.000000
4.715655	2.396461	5.497787	4.669111	2.355722	5.381929	-15.110900	25.508100	25.000000
4.715031	2.396604	5.497632	4.800469	2.555760	5.650234	-14.326300	5.581570	25.000000
4.715031	2.396604	5.497632	4.627451	2.534283	5.710938	-14.326300	6.679270	25.000000
4.715031	2.396604	5.497632	3.916325	2.443430	1.264120	-14.326300	7.150640	25.000000
4.715031	2.396604	5.497632	5.307777	2.396125	1.556908	-14.326300	8.248340	25.000000
4.715031	2.396604	5.497632	4.069152	1.783748	5.304576	-14.326300	8.719700	25.000000
4.715031	2.396604	5.497632	5.218065	2.468503	0.772355	-14.326300	9.817400	25.000000
4.715175	2.396571	5.497566	4.126027	1.273161	5.751461	-14.326300	10.288800	25.000000
4.715175	2.396571	5.497566	5.247857	0.890751	5.341185	-14.326300	11.386500	25.000000
4.714696	2.396682	5.497787	4.891677	0.613365	5.575715	-14.326300	11.857800	25.000000
4.714696	2.396682	5.497787	4.587636	0.414037	5.234223	-14.326300	12.955500	25.000000
4.715175	2.396571	5.497566	4.932231	0.837842	5.095428	-14.326300	13.426900	25.000000
4.715175	2.396571	5.497566	4.451123	0.628714	5.210211	-14.326300	14.524600	25.000000
4.715175	2.396571	5.497566	5.181853	0.775558	5.686009	-14.326300	14.996000	25.000000
4.715175	2.396571	5.497566	4.156020	0.728902	5.932871	-14.326300	16.093700	25.000000
4.714696	2.396682	5.497787	4.887853	0.925430	0.325314	-14.326300	16.565000	25.000000
4.714696	2.396682	5.497787	4.559801	1.441041	6.050866	-14.326300	17.662700	25.000000
4.715175	2.396571	5.497566	4.710861	1.494303	0.464219	-14.326300	18.134100	25.000000
4.715175	2.396571	5.497566	4.625003	2.046966	5.779489	-14.326300	19.231800	25.000000
4.715175	2.396571	5.497566	4.637219	2.426089	6.194311	-14.326300	19.703200	25.000000
4.715175	2.396571	5.497566	4.743554	2.006033	4.530040	-14.326300	20.800900	25.000000
4.714696	2.396682	5.497787	4.774935	0.836364	3.427644	-14.326300	21.272200	25.000000
4.714696	2.396682	5.497787	4.689787	0.695668	3.407553	-14.326300	22.369900	25.000000
4.715175	2.396571	5.497566	4.917967	2.306365	5.266919	-14.326300	22.841300	25.000000
4.715175	2.396571	5.497566	4.484072	2.334133	5.239575	-14.326300	23.939000	25.000000
4.715175	2.396571	5.497566	4.745408	2.369543	5.427241	-14.326300	24.410400	25.000000
4.715175	2.396571	5.497566	4.621580	2.366050	5.414646	-14.326300	25.508100	25.000000
4.715511	2.396494	5.497853	4.755849	2.570054	5.660676	-13.541800	5.581570	25.000000
4.715511	2.396494	5.497853	4.679156	2.518559	5.625033	-13.541800	6.679270	25.000000
4.715511	2.396494	5.497853	3.957651	2.655924	1.369155	-13.541800	7.150640	25.000000
4.715511	2.396494	5.497853	5.335101	2.689882	1.345607	-13.541800	8.248340	25.000000
4.715511	2.396494	5.497853	6.037880	2.758406	1.446441	-13.541800	8.719700	25.000000
4.715511	2.396494	5.497853	2.766442	1.864167	5.653279	-13.541800	9.817400	25.000000
4.715655	2.396461	5.497787	5.592039	1.396454	5.224778	-13.541800	10.288800	25.000000
4.715655	2.396461	5.497787	3.568417	1.155413	5.805840	-13.541800	11.386500	25.000000
4.715175	2.396571	5.498008	4.945149	0.628563	5.152964	-13.541800	11.857800	25.000000
4.715175	2.396571	5.498008	4.469195	0.671099	5.510509	-13.541800	12.955500	25.000000
4.715655	2.396461	5.497787	4.864535	0.674268	5.158365	-13.541800	13.426900	25.000000
4.715655	2.396461	5.497787	4.496009	0.678575	5.475235	-13.541800	14.524600	25.000000
4.715655	2.396461	5.497787	5.048604	0.776931	5.913172	-13.541800	14.996000	25.000000
4.715655	2.396461	5.497787	4.252811	0.719032	0.028564	-13.541800	16.093700	25.000000
4.715175	2.396571	5.498008	4.693826	1.285731	0.841942	-13.541800	16.565000	25.000000
4.715175	2.396571	5.498008	4.678996	1.205834	6.002686	-13.541800	17.662700	25.000000
4.715655	2.396461	5.497787	4.185490	1.960467	1.346805	-13.541800	18.134100	25.000000
4.715655	2.396461	5.497787	5.035205	1.768701	5.332756	-13.541800	19.231800	25.000000
4.715655	2.396461	5.497787	1.886531	2.068110	4.999802	-13.541800	19.703200	25.000000
4.715655	2.396461	5.497787	6.329242	2.656823	4.945033	-13.541800	20.800900	25.000000
4.715175	2.396571	5.498008	3.875752	2.013411	4.676433	-13.541800	21.272200	25.000000
4.715175	2.396571	5.498008	5.418031	2.052476	4.737863	-13.541800	22.369900	25.000000
4.715655	2.396461	5.497787	4.710584	2.346964	5.298741	-13.541800	22.841300	25.000000
4.715655	2.396461	5.497787	4.640140	2.361979	5.360795	-13.541800	23.939000	25.000000
4.715655	2.396461	5.497787	4.680278	2.383942	5.436191	-13.541800	24.410400	25.000000
4.715655	2.396461	5.497787	4.796926	2.388583	5.435234	-13.541800	25.508100	25.000000
4.715511	2.396494	5.497853	4.613990	2.501280	5.618642	-12.757300	5.581570	25.000000
4.715511	2.396494	5.497853	4.710308	2.546277	5.588932	-12.757300	6.679270	25.000000
4.715511	2.396494	5.497853	4.317059	2.908188	0.130566	-12.757300	7.150640	25.000000
4.715511	2.396494	5.497853	5.033726	2.910575	0.674741	-12.757300	8.248340	25.000000
4.715511	2.396494	5.497853	4.310452	2.079663	5.403726	-12.757300	8.719700	25.000000
4.715511	2.396494	5.497853	5.037787	3.019035	5.277873	-12.757300	9.817400	25.000000
4.715655	2.396461	5.497787	5.654343	1.489353	5.191908	-12.757300	10.288800	25.000000
4.715655	2.396461	5.497787	3.343019	1.593532	5.603772	-12.757300	11.386500	25.000000
4.715175	2.396571	5.498008	5.085273	0.915236	5.515329	-12.757300	11.857800	25.000000
4.715175	2.396571	5.498008	4.357752	1.014794	5.612664	-12.757300	12.955500	25.000000
4.715655	2.396461	5.497787	4.801302	0.973574	5.649759	-12.757300	13.426900	25.000000
4.715655	2.396461	5.497787	4.607602	0.890022	5.656442	-12.757300	14.524600	25.000000
4.715655	2.396461	5.497787	5.030159	0.855233	6.057374	-12.757300	14.996000	25.000000
4.715655	2.396461	5.497787	4.388952	0.964763	6.219383	-12.757300	16.093700	25.000000
4.715175	2.396571	5.498008	3.132475	2.144447	0.763896	-12.757300	16.565000	25.000000
4.715175	2.396571	5.498008	5.804378	0.897371	6.155003	-12.757300	17.662700	25.000000
4.715655	2.396461	5.497787	5.629254	1.629452	0.433402	-12.757300	18.134100	25.000000
4.715655	2.396461	5.497787	3.494639	2.674311	5.173196	-12.757300	19.231800	25.000000
4.715655	2.396461	5.497787	4.182882	1.644976	4.349690	-12.757300	19.703200	25.000000
4.715655	2.396461	5.497787	5.249048	2.024363	4.239263	-12.757300	20.800900	25.000000
4.715175	2.396571	5.498008	4.737309	2.312424	5.191400	-12.757300	21.272200	25.000000
4.715175	2.396571	5.498008	4.690213	2.292881	4.973906	-12.757300	22.369900	25.000000
4.715655	2.396461	5.497787	4.763203	2.365713	5.389471	-12.757300	22.841300	25.000000
4.715655	2.396461	5.497787	4.572045	2.377164	5.372324	-12.757300	23.939000	25.000000
4.715655	2.396461	5.497787	4.674067	2.385348	5.447058	-12.757300	24.410400	25.000000
4.715655	2.396461	5.497787	4.775154	2.393460	5.456416	-12.757300	25.508100	25.000000
4.715031	2.396604	5.497632	4.758077	2.531611	5.547098	-11.972700	5.581570	25.000000
4.715031	2.396604	5.497632	4.643242	2.492871	5.591185	-11.972700	6.679270	25.000000
4.715031	2.396604	5.497632	4.855111	2.888139	5.859957	-11.972700	7.150640	25.000000
4.715031	2.396604	5.497632	4.556424	2.743431	5.806880	-11.972700	8.248340	25.000000
4.715031	2.396604	5.497632	4.857211	2.704225	5.165167	-11.972700	8.719700	25.000000
4.715031	2.396604	5.497632	4.516027	2.831038	5.114426	-11.972700	9.817400	25.000000
4.715175	2.396571	5.497566	4.908982	2.010587	5.256669	-11.972700	10.288800	25.000000
4.715175	2.396571	5.497566	4.563431	1.445563	5.466547	-11.972700	11.386500	25.000000
4.714696	2.396682	5.497787	4.980853	1.352230	5.755111	-11.972700	11.857800	25.000000
4.714696	2.396682	5.497787	4.434276	1.361804	5.691346	-11.972700	12.955500	25.000000
4.715175	2.396571	5.497566	4.953433	1.394245	5.711109	-11.972700	13.426900	25.000000
4.715175	2.396571	5.497566	4.570525	1.425886	5.752246	-11.972700	14.524600	25.000000
4.715175	2.396571	5.497566	4.618452	1.294475	5.950759	-11.972700	14.996000	25.000000
4.715175	2.396571	5.497566	4.763402	1.316132	5.858353	-11.972700	16.093700	25.000000
4.714696	2.396682	5.497787	4.495298	1.348746	0.291457	-11.972700	16.565000	25.000000
4.714696	2.396682	5.497787	4.873120	2.011782	5.525068	-11.972700	17.662700	25.000000
4.715175	2.396571	5.497566	2.596632	2.867923	4.641082	-11.972700	18.134100	25.000000
4.715175	2.396571	5.497566	6.117034	2.179949	5.213486	-11.972700	19.231800	25.000000
4.715175	2.396571	5.497566	4.072469	2.042349	4.588034	-11.972700	19.703200	25.000000
4.715175	2.396571	5.497566	5.241994	1.956068	4.228486	-11.972700	20.800900	25.000000
4.714696	2.396682	5.497787	4.616806	2.398589	5.239081	-11.972700	21.272200	25.000000
4.714696	2.396682	5.497787	4.832763	2.351151	5.277778	-11.972700	22.369900	25.000000
4.715175	2.396571	5.497566	4.662210	2.388048	5.426796	-11.972700	22.841300	25.000000
4.715175	2.396571	5.497566	4.792546	2.389558	5.404781	-11.972700	23.939000	25.000000
4.715175	2.396571	5.497566	4.672440	2.385717	5.464687	-11.972700	24.410400	25.000000
4.715175	2.396571	5.497566	4.687537	2.382307	5.458334	-11.972700	25.508100	25.000000
4.715511	2.396494	5.497853	4.778598	2.525494	5.549024	-11.188200	5.581570	25.000000
4.715511	2.396494	5.497853	4.706092	2.475456	5.534267	-11.188200	6.679270	25.000000
4.715511	2.396494	5.497853	4.782865	2.688375	5.464016	-11.188200	7.150640	25.000000
4.715511	2.396494	5.497853	4.588300	2.676048	5.736937	-11.188200	8.248340	25.000000
4.715511	2.396494	5.497853	5.351346	2.727937	2.267320	-11.188200	8.719700	25.000000
4.715511	2.396494	5.497853	3.963105	2.775160	2.445953	-11.188200	9.817400	25.000000
4.715655	2.396461	5.497787	5.397379	1.970427	5.213822	-11.188200	10.288800	25.000000
4.715655	2.396461	5.497787	3.846362	2.508086	6.079761	-11.188200	11.386500	25.000000
4.715175	2.396571	5.498008	4.475768	1.734629	5.902679	-11.188200	11.857800	25.000000
4.715175	2.396571	5.498008	4.951262	1.739226	5.790215	-11.188200	12.955500	25.000000
4.715655	2.396461	5.497787	5.052564	1.826924	5.746275	-11.188200	13.426900	25.000000
4.715655	2.396461	5.497787	4.337983	2.026725	5.552279	-11.188200	14.524600	25.000000
4.715655	2.396461	5.497787	4.705412	2.016860	5.464466	-11.188200	14.996000	25.000000
4.715655	2.396461	5.497787	4.733920	1.915573	5.481915	-11.188200	16.093700	25.000000
4.715175	2.396571	5.498008	4.873028	2.039202	5.347611	-11.188200	16.565000	25.000000
4.715175	2.396571	5.498008	4.548725	2.559654	4.724388	-11.188200	17.662700	25.000000
4.715655	2.396461	5.497787	4.504587	1.271074	3.578220	-11.188200	18.134100	25.000000
4.715655	2.396461	5.497787	4.864257	1.700677	3.869785	-11.188200	19.231800	25.000000
4.715655	2.396461	5.497787	4.347701	2.432606	5.017381	-11.188200	19.703200	25.000000
4.715655	2.396461	5.497787	5.049752	2.309460	5.068025	-11.188200	20.800900	25.000000
4.715175	2.396571	5.498008	4.706177	2.409390	5.364790	-11.188200	21.272200	25.000000
4.715175	2.396571	5.498008	4.755376	2.367392	5.335436	-11.188200	22.369900	25.000000
4.715655	2.396461	5.497787	4.650699	2.390689	5.439816	-11.188200	22.841300	25.000000
4.715655	2.396461	5.497787	4.772002	2.394172	5.441079	-11.188200	23.939000	25.000000
4.715655	2.396461	5.497787	4.754713	2.398104	5.473616	-11.188200	24.410400	25.000000
4.715655	2.396461	5.497787	4.667162	2.386918	5.471245	-11.188200	25.508100	25.000000
4.715511	2.396494	5.497853	4.719746	2.471784	5.541238	-10.403700	5.581570	25.000000
4.715511	2.396494	5.497853	4.775406	2.491031	5.505122	-10.403700	6.679270	25.000000
4.715511	2.396494	5.497853	4.791033	2.639625	5.503922	-10.403700	7.150640	25.000000
4.715511	2.396494	5.497853	4.690139	2.552656	5.546661	-10.403700	8.248340	25.000000
4.715511	2.396494	5.497853	4.932809	3.026194	4.256615	-10.403700	8.719700	25.000000
4.715511	2.396494	5.497853	4.607049	2.925600	5.692374	-10.403700	9.817400	25.000000
4.715655	2.396461	5.497787	5.140516	2.775571	2.721713	-10.403700	10.288800	25.000000
4.715655	2.396461	5.497787	4.211045	2.696078	5.329435	-10.403700	11.386500	25.000000
4.715175	2.396571	5.498008	4.697968	2.349604	5.988864	-10.403700	11.857800	25.000000
4.715175	2.396571	5.498008	4.713428	2.473479	5.565644	-10.403700	12.955500	25.000000
4.715655	2.396461	5.497787	5.021653	2.429082	5.267436	-10.403700	13.426900	25.000000
4.715655	2.396461	5.497787	4.377682	2.622036	5.930877	-10.403700	14.524600	25.000000
4.715655	2.396461	5.497787	4.549725	2.320415	3.863248	-10.403700	14.996000	25.000000
4.715655	2.396461	5.497787	4.914682	2.363355	4.329192	-10.403700	16.093700	25.000000
4.715175	2.396571	5.498008	3.737358	0.890805	3.206330	-10.403700	16.565000	25.000000
4.715175	2.396571	5.498008	5.510025	1.142187	3.073498	-10.403700	17.662700	25.000000
4.715655	2.396461	5.497787	5.232621	2.356189	4.717254	-10.403700	18.134100	25.000000
4.715655	2.396461	5.497787	4.081034	2.472065	4.873383	-10.403700	19.231800	25.000000
4.715655	2.396461	5.497787	4.762573	2.396311	5.234223	-10.403700	19.703200	25.000000
4.715655	2.396461	5.497787	4.639784	2.425453	5.320425	-10.403700	20.800900	25.000000
4.715175	2.396571	5.498008	4.697499	2.411447	5.400589	-10.403700	21.272200	25.000000
4.715175	2.396571	5.498008	4.782060	2.391906	5.408699	-10.403700	22.369900	25.000000
4.715655	2.396461	5.497787	4.683300	2.383260	5.451666	-10.403700	22.841300	25.000000
4.715655	2.396461	5.497787	4.736507	2.402294	5.460111	-10.403700	23.939000	25.000000
4.715655	2.396461	5.497787	4.740084	2.401466	5.480090	-10.403700	24.410400	25.000000
4.715655	2.396461	5.497787	4.754503	2.398152	5.478010	-10.403700	25.508100	25.000000
4.715367	2.396527	5.497787	4.698606	2.443679	5.504813	-9.619140	5.581570	25.000000
4.715367	2.396527	5.497787	4.713905	2.473350	5.514735	-9.619140	6.679270	25.000000
4.715367	2.396527	5.497787	4.729059	2.540447	5.460767	-9.619140	7.150640	25.000000
4.715367	2.396527	5.497787	4.680021	2.518302	5.539214	-9.619140	8.248340	25.000000
4.715367	2.396527	5.497787	4.729757	2.765973	5.391630	-9.619140	8.719700	25.000000
4.715367	2.396527	5.497787	4.707760	2.627832	5.412108	-9.619140	9.817400	25.000000
4.715511	2.396494	5.497721	4.798896	2.786792	3.747896	-9.619140	10.288800	25.000000
4.715511	2.396494	5.497721	4.632764	3.022592	4.712389	-9.619140	11.386500	25.000000
4.715031	2.396604	5.497942	5.057394	2.362895	2.970150	-9.619140	11.857800	25.000000
4.715031	2.396604	5.497942	4.434388	2.313838	3.342291	-9.619140	12.955500	25.000000
4.715511	2.396494	5.497721	4.670626	1.959473	3.243103	-9.619140	13.426900	25.000000
4.715511	2.396494	5.497721	4.747232	1.708150	3.108838	-9.619140	14.524600	25.000000
4.715511	2.396494	5.497721	5.790406	2.021060	3.490036	-9.619140	14.996000	25.000000
4.715511	2.396494	5.497721	3.307567	1.796436	3.516339	-9.619140	16.093700	25.000000
4.715031	2.396604	5.497942	4.278461	2.570710	4.610568	-9.619140	16.565000	25.000000
4.715031	2.396604	5.497942	5.125725	2.435446	4.837788	-9.619140	17.662700	25.000000
4.715511	2.396494	5.497721	4.830114	2.411817	5.162149	-9.619140	18.134100	25.000000
4.715511	2.396494	5.497721	4.632494	2.460872	5.252808	-9.619140	19.231800	25.000000
4.715511	2.396494	5.497721	4.726701	2.404572	5.397454	-9.619140	19.703200	25.000000
4.715511	2.396494	5.497721	4.767903	2.426525	5.345654	-9.619140	20.800900	25.000000
4.715031	2.396604	5.497942	4.649667	2.390927	5.448719	-9.619140	21.272200	25.000000
4.715031	2.396604	5.497942	4.749579	2.399280	5.429461	-9.619140	22.369900	25.000000
4.715511	2.396494	5.497721	4.745703	2.400171	5.464687	-9.619140	22.841300	25.000000
4.715511	2.396494	5.497721	4.666926	2.386971	5.475667	-9.619140	23.939000	25.000000
4.715511	2.396494	5.497721	4.740084	2.401466	5.480090	-9.619140	24.410400	25.000000
4.715511	2.396494	5.497721	4.739937	2.401501	5.484514	-9.619140	25.508100	25.000000
4.715367	2.396527	5.497787	4.712409	2.440194	5.511740	-8.834610	5.581570	25.000000
4.715367	2.396527	5.497787	4.766686	2.459445	5.495434	-8.834610	6.679270	25.000000
4.715367	2.396527	5.497787	4.722468	2.471057	5.490558	-8.834610	7.150640	25.000000
4.715367	2.396527	5.497787	4.711963	2.508933	5.487635	-8.834610	8.248340	25.000000
4.715367	2.396527	5.497787	4.677286	2.596727	5.427727	-8.834610	8.719700	25.000000
4.715367	2.396527	5.497787	4.750421	2.533921	5.443012	-8.834610	9.817400	25.000000
4.715511	2.396494	5.497721	4.850856	2.660396	5.164085	-8.834610	10.288800	25.000000
4.715511	2.396494	5.497721	4.600402	2.670838	5.378897	-8.834610	11.386500	25.000000
4.715031	2.396604	5.497942	4.655277	2.748380	5.019956	-8.834610	11.857800	25.000000
4.715031	2.396604	5.497942	4.715559	2.669610	4.890574	-8.834610	12.955500	25.000000
4.715511	2.396494	5.497721	4.628920	2.614220	4.871892	-8.834610	13.426900	25.000000
4.715511	2.396494	5.497721	4.705847	2.673669	4.820965	-8.834610	14.524600	25.000000
4.715511	2.396494	5.497721	4.562675	2.595888	4.986048	-8.834610	14.996000	25.000000
4.715511	2.396494	5.497721	4.761397	2.494907	5.057289	-8.834610	16.093700	25.000000
4.715031	2.396604	5.497942	4.572975	2.513418	5.255999	-8.834610	16.565000	25.000000
4.715031	2.396604	5.497942	4.810499	2.448308	5.210957	-8.834610	17.662700	25.000000
4.715511	2.396494	5.497721	4.700521	2.410729	5.323376	-8.834610	18.134100	25.000000
4.715511	2.396494	5.497721	4.640496	2.425277	5.381492	-8.834610	19.231800	25.000000
4.715511	2.396494	5.497721	4.751726	2.398788	5.416290	-8.834610	19.703200	25.000000
4.715511	2.396494	5.497721	4.687750	2.413773	5.429711	-8.834610	20.800900	25.000000
4.715031	2.396604	5.497942	4.746420	2.400006	5.455869	-8.834610	21.272200	25.000000
4.715031	2.396604	5.497942	4.648441	2.391210	5.462088	-8.834610	22.369900	25.000000
4.715511	2.396494	5.497721	4.730560	2.403674	5.480011	-8.834610	22.841300	25.000000
4.715511	2.396494	5.497721	4.740274	2.401423	5.475667	-8.834610	23.939000	25.000000
4.715511	2.396494	5.497721	4.671370	2.385960	5.486750	-8.834610	24.410400	25.000000
4.715511	2.396494	5.497721	4.739937	2.401501	5.484514	-8.834610	25.508100	25.000000
4.715367	2.396527	5.497787	4.725981	2.436801	5.490859	-8.050080	5.581570	25.000000
4.715367	2.396527	5.497787	4.654954	2.421716	5.507003	-8.050080	6.679270	25.000000
4.715367	2.396527	5.497787	4.653483	2.455321	5.504981	-8.050080	7.150640	25.000000
4.715367	2.396527	5.497787	4.685723	2.446964	5.469493	-8.050080	8.248340	25.000000
4.715367	2.396527	5.497787	4.692984	2.514470	5.448983	-8.050080	8.719700	25.000000
4.715367	2.396527	5.497787	4.697372	2.477822	5.461129	-8.050080	9.817400	25.000000
4.715511	2.396494	5.497721	4.775866	2.526302	5.376932	-8.050080	10.288800	25.000000
4.715511	2.396494	5.497721	4.686747	2.553740	5.405157	-8.050080	11.386500	25.000000
4.715031	2.396604	5.497942	4.701064	2.549186	5.329981	-8.050080	11.857800	25.000000
4.715031	2.396604	5.497942	4.700521	2.549358	5.288764	-8.050080	12.955500	25.000000
4.715511	2.396494	5.497721	4.724130	2.541971	5.278543	-8.050080	13.426900	25.000000
4.715511	2.396494	5.497721	4.781642	2.524595	5.268306	-8.050080	14.524600	25.000000
4.715511	2.396494	5.497721	4.673222	2.484457	5.278044	-8.050080	14.996000	25.000000
4.715511	2.396494	5.497721	4.721451	2.471328	5.330657	-8.050080	16.093700	25.000000
4.715031	2.396604	5.497942	4.724426	2.437188	5.386619	-8.050080	16.565000	25.000000
4.715031	2.396604	5.497942	4.690181	2.445824	5.341919	-8.050080	17.662700	25.000000
4.715511	2.396494	5.497721	4.749000	2.431121	5.401753	-8.050080	18.134100	25.000000
4.715511	2.396494	5.497721	4.711613	2.408107	5.428237	-8.050080	19.231800	25.000000
4.715511	2.396494	5.497721	4.712961	2.407790	5.457450	-8.050080	19.703200	25.000000
4.715511	2.396494	5.497721	4.738280	2.401883	5.442411	-8.050080	20.800900	25.000000
4.715031	2.396604	5.497942	4.672141	2.385785	5.469097	-8.050080	21.272200	25.000000
4.715031	2.396604	5.497942	4.726108	2.404710	5.473293	-8.050080	22.369900	25.000000
4.715511	2.396494	5.497721	4.666733	2.387015	5.480090	-8.050080	22.841300	25.000000
4.715367	2.396527	5.497787	4.664226	2.419452	5.493200	-7.265540	5.581570	25.000000
4.715367	2.396527	5.497787	4.682969	2.414920	5.502333	-7.265540	6.679270	25.000000
4.715367	2.396527	5.497787	4.726193	2.436748	5.481622	-7.265540	7.150640	25.000000
4.715367	2.396527	5.497787	4.694039	2.444840	5.493092	-7.265540	8.248340	25.000000
4.715367	2.396527	5.497787	4.681079	2.448155	5.471788	-7.265540	8.719700	25.000000
4.715367	2.396527	5.497787	4.723950	2.470661	5.456846	-7.265540	9.817400	25.000000
4.715511	2.396494	5.497721	4.710000	2.474401	5.422504	-7.265540	10.288800	25.000000
4.715511	2.396494	5.497721	4.698095	2.477625	5.451366	-7.265540	11.386500	25.000000
4.715031	2.396604	5.497942	4.694774	2.478529	5.407127	-7.265540	11.857800	25.000000
4.715031	2.396604	5.497942	4.696435	2.478077	5.397389	-7.265540	12.955500	25.000000
4.715511	2.396494	5.497721	4.710817	2.474181	5.390879	-7.265540	13.426900	25.000000
4.715511	2.396494	5.497721	4.742879	2.465649	5.385551	-7.265540	14.524600	25.000000
4.715511	2.396494	5.497721	4.676345	2.449374	5.398118	-7.265540	14.996000	25.000000
4.715511	2.396494	5.497721	4.730687	2.435632	5.400870	-7.265540	16.093700	25.000000
4.715031	2.396604	5.497942	4.774202	2.425007	5.416519	-7.265540	16.565000	25.000000
4.715031	2.396604	5.497942	4.726119	2.436767	5.428454	-7.265540	17.662700	25.000000
4.715511	2.396494	5.497721	4.698989	2.411093	5.454924	-7.265540	18.134100	25.000000
4.715511	2.396494	5.497721	4.724299	2.405132	5.439816	-7.265540	19.231800	25.000000
4.715511	2.396494	5.497721	4.717171	2.406801	5.464243	-7.265540	19.703200	25.000000
4.715511	2.396494	5.497721	4.735874	2.402440	5.468970	-7.265540	20.800900	25.000000
4.715031	2.396604	5.497942	4.725897	2.404759	5.477745	-7.265540	21.272200	25.000000
4.715031	2.396604	5.497942	4.740084	2.401466	5.480090	-7.265540	22.369900	25.000000
4.715511	2.396494	5.497721	4.661684	2.388168	5.486701	-7.265540	23.939000	25.000000
