4.465586	2.487172	5.786692	4.446403	2.476976	5.793442	-35.689400	9.966830	25.000000
4.465354	2.487240	5.786951	4.446403	2.476976	5.793442	-35.689400	11.064500	25.000000
4.465644	2.487155	5.786628	4.449315	2.476141	5.790230	-35.689400	11.686700	25.000000
4.465644	2.487155	5.786628	4.451854	2.475415	5.795152	-35.689400	12.784400	25.000000
4.465644	2.487155	5.786628	4.449315	2.476141	5.790230	-35.689400	13.406600	25.000000
4.465644	2.487155	5.786628	4.449315	2.476141	5.790230	-35.689400	14.504300	25.000000
4.465644	2.487155	5.786628	4.446819	2.476856	5.785293	-35.689400	16.224200	25.000000
4.465051	2.487329	5.786517	4.443512	2.477807	5.796666	-34.829400	6.527070	25.000000
4.465051	2.487329	5.786517	4.443512	2.477807	5.796666	-34.829400	7.624770	25.000000
4.465051	2.487329	5.786517	4.443512	2.477807	5.796666	-34.829400	8.246950	25.000000
4.465051	2.487329	5.786517	4.451854	2.475415	5.795152	-34.829400	9.344650	25.000000
4.464819	2.487396	5.786776	4.451854	2.475415	5.795152	-34.829400	11.064500	25.000000
4.465109	2.487312	5.786452	4.460224	2.473031	5.793654	-34.829400	11.686700	25.000000
4.465109	2.487312	5.786452	4.451854	2.475415	5.795152	-34.829400	12.784400	25.000000
4.465109	2.487312	5.786452	4.454761	2.474585	5.791947	-34.829400	13.406600	25.000000
4.465109	2.487312	5.786452	4.457690	2.473751	5.788753	-34.829400	14.504300	25.000000
4.465109	2.487312	5.786452	4.449315	2.476141	5.790230	-34.829400	15.126500	25.000000
4.465109	2.487312	5.786452	4.449315	2.476141	5.790230	-34.829400	16.224200	25.000000
4.464819	2.487396	5.786776	4.446819	2.476856	5.785293	-34.829400	16.846300	25.000000
4.465109	2.487312	5.786452	4.452247	2.475302	5.787029	-34.829400	17.944100	25.000000
4.465586	2.487172	5.786692	4.443512	2.477807	5.796666	-33.969500	4.807190	25.000000
4.465586	2.487172	5.786692	4.443512	2.477807	5.796666	-33.969500	5.904890	25.000000
4.465586	2.487172	5.786692	4.448966	2.476241	5.798368	-33.969500	6.527070	25.000000
4.465586	2.487172	5.786692	4.459922	2.473117	5.801740	-33.969500	8.246950	25.000000
4.465586	2.487172	5.786692	4.451573	2.475495	5.803279	-33.969500	9.344650	25.000000
4.465586	2.487172	5.786692	4.465423	2.471558	5.803410	-33.969500	9.966830	25.000000
4.465354	2.487240	5.786951	4.462802	2.472300	5.798539	-33.969500	11.064500	25.000000
4.465644	2.487155	5.786628	4.462802	2.472300	5.798539	-33.969500	11.686700	25.000000
4.465644	2.487155	5.786628	4.468299	2.470746	5.800216	-33.969500	12.784400	25.000000
4.465644	2.487155	5.786628	4.460224	2.473031	5.793654	-33.969500	13.406600	25.000000
4.465644	2.487155	5.786628	4.465703	2.471479	5.795349	-33.969500	14.504300	25.000000
4.465644	2.487155	5.786628	4.466094	2.471369	5.787291	-33.969500	15.126500	25.000000
4.465644	2.487155	5.786628	4.463149	2.472202	5.790467	-33.969500	16.224200	25.000000
4.465354	2.487240	5.786951	4.455199	2.474460	5.783839	-33.969500	16.846300	25.000000
4.465644	2.487155	5.786628	4.457690	2.473751	5.788753	-33.969500	17.944100	25.000000
4.465354	2.487240	5.786951	4.446819	2.476856	5.785293	-33.969500	18.566200	25.000000
4.465354	2.487240	5.786951	4.446819	2.476856	5.785293	-33.969500	19.663900	25.000000
4.465051	2.487329	5.786517	4.446099	2.477063	5.801595	-33.109500	4.807190	25.000000
4.465051	2.487329	5.786517	4.440642	2.478633	5.799900	-33.109500	5.904890	25.000000
4.465051	2.487329	5.786517	4.530618	2.489134	5.803279	-33.109500	6.527070	25.000000
4.465051	2.487329	5.786517	4.457062	2.473930	5.804952	-33.109500	7.624770	25.000000
4.465051	2.487329	5.786517	4.462567	2.472367	5.806614	-33.109500	8.246950	25.000000
4.465051	2.487329	5.786517	4.468087	2.470806	5.808266	-33.109500	9.344650	25.000000
4.465051	2.487329	5.786517	4.482020	2.466898	5.808356	-33.109500	9.966830	25.000000
4.464819	2.487396	5.786776	4.482020	2.466898	5.808356	-33.109500	11.064500	25.000000
4.465109	2.487312	5.786452	4.407289	2.451912	5.805185	-33.109500	11.686700	25.000000
4.465109	2.487312	5.786452	4.493328	2.463758	5.803666	-33.109500	12.784400	25.000000
4.465109	2.487312	5.786452	4.485142	2.466029	5.797213	-33.109500	13.406600	25.000000
4.465109	2.487312	5.786452	4.407550	2.451840	5.797213	-33.109500	14.504300	25.000000
4.465109	2.487312	5.786452	4.482555	2.466749	5.792388	-33.109500	15.126500	25.000000
4.465109	2.487312	5.786452	4.471566	2.469826	5.789001	-33.109500	16.224200	25.000000
4.464819	2.487396	5.786776	4.466094	2.471369	5.787291	-33.109500	16.846300	25.000000
4.465109	2.487312	5.786452	4.457690	2.473751	5.788753	-33.109500	17.944100	25.000000
4.464819	2.487396	5.786776	4.455199	2.474460	5.783839	-33.109500	18.566200	25.000000
4.464819	2.487396	5.786776	4.452247	2.475302	5.787029	-33.109500	19.663900	25.000000
4.465109	2.487312	5.786452	4.446819	2.476856	5.785293	-33.109500	21.383800	25.000000
4.465586	2.487172	5.786692	4.448966	2.476241	5.798368	-32.249600	3.087310	25.000000
4.465586	2.487172	5.786692	4.437792	2.479456	5.803146	-32.249600	4.185010	25.000000
4.465586	2.487172	5.786692	4.445908	2.477118	5.809750	-32.249600	4.807190	25.000000
4.465586	2.487172	5.786692	4.457062	2.473930	5.804952	-32.249600	5.904890	25.000000
4.465586	2.487172	5.786692	4.470794	2.470043	5.813107	-32.249600	6.527070	25.000000
4.465586	2.487172	5.786692	4.541299	2.486062	5.814691	-32.249600	7.624770	25.000000
4.465586	2.487172	5.786692	4.490323	2.464590	5.814768	-32.249600	8.246950	25.000000
4.465586	2.487172	5.786692	4.481930	2.466923	5.824330	-32.249600	9.344650	25.000000
4.465586	2.487172	5.786692	4.429955	2.445732	5.819538	-32.249600	9.966830	25.000000
4.465354	2.487240	5.786951	4.515628	2.457647	5.817970	-32.249600	11.064500	25.000000
4.465644	2.487155	5.786628	4.444378	2.441855	5.811725	-32.249600	11.686700	25.000000
4.465644	2.487155	5.786628	4.450124	2.440323	5.813307	-32.249600	12.784400	25.000000
4.465644	2.487155	5.786628	4.427471	2.446404	5.799036	-32.249600	13.406600	25.000000
4.465644	2.487155	5.786628	4.441824	2.442539	5.799196	-32.249600	14.504300	25.000000
4.465644	2.487155	5.786628	4.496988	2.462748	5.784687	-32.249600	15.126500	25.000000
4.465644	2.487155	5.786628	4.493607	2.463681	5.795733	-32.249600	16.224200	25.000000
4.465354	2.487240	5.786951	4.469060	2.470532	5.784126	-32.249600	16.846300	25.000000
4.465644	2.487155	5.786628	4.482990	2.466628	5.784408	-32.249600	17.944100	25.000000
4.465354	2.487240	5.786951	4.463608	2.472072	5.782398	-32.249600	18.566200	25.000000
4.465644	2.487155	5.786628	4.444367	2.477561	5.780342	-32.249600	20.286100	25.000000
4.465644	2.487155	5.786628	4.452247	2.475302	5.787029	-32.249600	21.383800	25.000000
4.465644	2.487155	5.786628	4.444367	2.477561	5.780342	-32.249600	23.103700	25.000000
4.465586	2.487172	5.786692	4.443253	2.477881	5.804833	-31.389700	3.087310	25.000000
4.465586	2.487172	5.786692	4.451573	2.475495	5.803279	-31.389700	4.185010	25.000000
4.465586	2.487172	5.786692	4.459731	2.473171	5.809829	-31.389700	4.807190	25.000000
4.465586	2.487172	5.786692	4.462432	2.472405	5.822769	-31.389700	5.904890	25.000000
4.465586	2.487172	5.786692	4.490312	2.464593	5.822717	-31.389700	6.527070	25.000000
4.465586	2.487172	5.786692	4.404645	2.452640	5.840301	-31.389700	7.624770	25.000000
4.465586	2.487172	5.786692	4.468120	2.470797	5.832419	-31.389700	8.246950	25.000000
4.465586	2.487172	5.786692	4.461793	2.437232	5.831921	-31.389700	9.344650	25.000000
4.465586	2.487172	5.786692	4.461793	2.437232	5.831921	-31.389700	9.966830	25.000000
4.465354	2.487240	5.786951	4.458980	2.437974	5.835040	-31.389700	11.064500	25.000000
4.465644	2.487155	5.786628	4.476170	2.433460	5.816466	-31.389700	11.686700	25.000000
4.465644	2.487155	5.786628	4.534986	2.418445	5.831460	-31.389700	12.784400	25.000000
4.465644	2.487155	5.786628	4.494096	2.428815	5.798232	-31.389700	13.406600	25.000000
4.465644	2.487155	5.786628	4.406688	2.417139	5.810350	-31.389700	14.504300	25.000000
4.465644	2.487155	5.786628	4.462298	2.437099	5.793228	-31.389700	15.126500	25.000000
4.465644	2.487155	5.786628	4.439561	2.443145	5.786634	-31.389700	16.224200	25.000000
4.465354	2.487240	5.786951	4.413536	2.450198	5.790929	-31.389700	16.846300	25.000000
4.465644	2.487155	5.786628	4.423268	2.447544	5.773684	-31.389700	17.944100	25.000000
4.465354	2.487240	5.786951	4.460639	2.472913	5.785570	-31.389700	18.566200	25.000000
4.465354	2.487240	5.786951	4.475053	2.468847	5.777828	-31.389700	19.663900	25.000000
4.465644	2.487155	5.786628	4.458172	2.473614	5.780659	-31.389700	20.286100	25.000000
4.465644	2.487155	5.786628	4.449775	2.476009	5.782096	-31.389700	21.383800	25.000000
4.465644	2.487155	5.786628	4.444367	2.477561	5.780342	-31.389700	23.103700	25.000000
4.465051	2.487329	5.786517	4.435200	2.480206	5.798194	-30.529700	1.367430	25.000000
4.465051	2.487329	5.786517	4.443253	2.477881	5.804833	-30.529700	2.465130	25.000000
4.465051	2.487329	5.786517	4.456916	2.473971	5.813055	-30.529700	3.087310	25.000000
4.465051	2.487329	5.786517	4.440327	2.478724	5.816264	-30.529700	4.185010	25.000000
4.465051	2.487329	5.786517	4.454256	2.474729	5.832524	-30.529700	4.807190	25.000000
4.465051	2.487329	5.786517	4.410136	2.451130	5.833868	-30.529700	5.904890	25.000000
4.465051	2.487329	5.786517	4.437218	2.443774	5.860331	-30.529700	6.527070	25.000000
4.465051	2.487329	5.786517	4.445222	2.441630	5.850778	-30.529700	7.624770	25.000000
4.465051	2.487329	5.786517	4.470391	2.401180	5.902679	-30.529700	8.246950	25.000000
4.465051	2.487329	5.786517	4.437668	2.409285	5.855721	-30.529700	9.344650	25.000000
4.465051	2.487329	5.786517	4.434817	2.376854	5.860331	-30.529700	9.966830	25.000000
4.464819	2.487396	5.786776	4.418144	2.380795	5.878294	-30.529700	11.064500	25.000000
4.465109	2.487312	5.786452	4.452235	2.372785	5.842655	-30.529700	11.686700	25.000000
4.465109	2.487312	5.786452	4.515795	2.358342	5.856038	-30.529700	12.784400	25.000000
4.465109	2.487312	5.786452	4.482901	2.365739	5.813840	-30.529700	13.406600	25.000000
4.465109	2.487312	5.786452	4.478493	2.399203	5.813629	-30.529700	14.504300	25.000000
4.465109	2.487312	5.786452	4.494096	2.428815	5.798232	-30.529700	15.126500	25.000000
4.465109	2.487312	5.786452	4.441126	2.408420	5.777394	-30.529700	16.224200	25.000000
4.464819	2.487396	5.786776	4.506085	2.460250	5.775402	-30.529700	16.846300	25.000000
4.465109	2.487312	5.786452	4.536849	2.451930	5.780797	-30.529700	17.944100	25.000000
4.464819	2.487396	5.786776	4.489009	2.464954	5.778160	-30.529700	18.566200	25.000000
4.464819	2.487396	5.786776	4.469608	2.470377	5.776087	-30.529700	19.663900	25.000000
4.465109	2.487312	5.786452	4.463608	2.472072	5.782398	-30.529700	20.286100	25.000000
4.465109	2.487312	5.786452	4.452752	2.475158	5.778910	-30.529700	21.383800	25.000000
4.465109	2.487312	5.786452	4.444367	2.477561	5.780342	-30.529700	22.006000	25.000000
4.465109	2.487312	5.786452	4.449775	2.476009	5.782096	-30.529700	23.103700	25.000000
4.465571	2.487177	5.786709	4.440642	2.478633	5.799900	-29.669800	-0.352454	25.000000
4.465586	2.487172	5.786692	4.437623	2.479505	5.811341	-29.669800	1.367430	25.000000
4.465586	2.487172	5.786692	4.525052	2.490746	5.809750	-29.669800	2.465130	25.000000
4.465586	2.487172	5.786692	4.468120	2.470797	5.832419	-29.669800	3.087310	25.000000
4.465586	2.487172	5.786692	4.527693	2.489980	5.822795	-29.669800	4.185010	25.000000
4.465586	2.487172	5.786692	4.481852	2.466945	5.875479	-29.669800	4.807190	25.000000
4.465586	2.487172	5.786692	4.507660	2.459819	5.843155	-29.669800	5.904890	25.000000
4.465586	2.487172	5.786692	4.483793	2.431477	5.889973	-29.669800	6.527070	25.000000
4.465586	2.487172	5.786692	4.455738	2.404786	5.921287	-29.669800	7.624770	25.000000
4.465586	2.487172	5.786692	4.490167	2.364091	5.973482	-29.669800	8.246950	25.000000
4.465586	2.487172	5.786692	4.401011	2.320827	5.911329	-29.669800	9.344650	25.000000
4.465586	2.487172	5.786692	4.384621	2.263468	5.960498	-29.669800	9.966830	25.000000
4.465354	2.487240	5.786951	4.493061	2.272395	5.913501	-29.669800	11.064500	25.000000
4.465644	2.487155	5.786628	4.479743	2.245974	5.868155	-29.669800	11.686700	25.000000
4.465644	2.487155	5.786628	4.443433	2.252534	5.899988	-29.669800	12.784400	25.000000
4.465644	2.487155	5.786628	4.470805	2.306380	5.843824	-29.669800	13.406600	25.000000
4.465644	2.487155	5.786628	4.519126	2.326737	5.792334	-29.669800	14.504300	25.000000
4.465644	2.487155	5.786628	4.421131	2.380085	5.799013	-29.669800	15.126500	25.000000
4.465644	2.487155	5.786628	4.474550	2.400164	5.748441	-29.669800	16.224200	25.000000
4.465354	2.487240	5.786951	4.464717	2.436461	5.762325	-29.669800	16.846300	25.000000
4.465644	2.487155	5.786628	4.498088	2.427788	5.780045	-29.669800	17.944100	25.000000
4.465354	2.487240	5.786951	4.423980	2.447350	5.765792	-29.669800	18.566200	25.000000
4.465354	2.487240	5.786951	4.485989	2.465793	5.781279	-29.669800	19.663900	25.000000
4.465644	2.487155	5.786628	4.461166	2.472764	5.777491	-29.669800	20.286100	25.000000
4.465644	2.487155	5.786628	4.464180	2.471910	5.774334	-29.669800	21.383800	25.000000
4.465644	2.487155	5.786628	4.447348	2.476705	5.777149	-29.669800	22.006000	25.000000
4.465036	2.487333	5.786533	4.517079	2.493067	5.803146	-28.809800	0.745246	25.000000
4.465051	2.487329	5.786517	4.454122	2.474767	5.816291	-28.809800	1.367430	25.000000
4.465051	2.487329	5.786517	4.432076	2.481112	5.817893	-28.809800	2.465130	25.000000
4.465051	2.487329	5.786517	4.465423	2.471558	5.835665	-28.809800	3.087310	25.000000
4.465051	2.487329	5.786517	4.469161	2.470503	5.856558	-28.809800	4.185010	25.000000
4.465051	2.487329	5.786517	4.462163	2.437134	5.918744	-28.809800	4.807190	25.000000
4.465051	2.487329	5.786517	4.496665	2.462837	5.882945	-28.809800	5.904890	25.000000
4.465051	2.487329	5.786517	4.514964	2.358527	5.940584	-28.809800	6.527070	25.000000
4.465051	2.487329	5.786517	4.439595	2.343763	6.061103	-28.809800	7.624770	25.000000
4.465051	2.487329	5.786517	4.451404	2.153625	6.188871	-28.809800	8.246950	25.000000
4.465051	2.487329	5.786517	4.499167	2.115160	6.004172	-28.809800	9.344650	25.000000
4.465051	2.487329	5.786517	4.422047	1.766524	6.151396	-28.809800	9.966830	25.000000
4.464819	2.487396	5.786776	4.461356	1.899453	6.041653	-28.809800	11.064500	25.000000
4.465109	2.487312	5.786452	4.209418	1.874785	6.041830	-28.809800	11.686700	25.000000
4.465109	2.487312	5.786452	4.731860	1.798896	5.914765	-28.809800	12.784400	25.000000
4.465109	2.487312	5.786452	4.274436	2.201300	5.827310	-28.809800	13.406600	25.000000
4.465109	2.487312	5.786452	4.621742	2.035193	5.821702	-28.809800	14.504300	25.000000
4.465109	2.487312	5.786452	4.377317	2.294956	5.797713	-28.809800	15.126500	25.000000
4.465109	2.487312	5.786452	4.590523	2.342125	5.729739	-28.809800	16.224200	25.000000
4.464819	2.487396	5.786776	4.488474	2.396782	5.737129	-28.809800	16.846300	25.000000
4.465109	2.487312	5.786452	4.437894	2.409229	5.780342	-28.809800	17.944100	25.000000
4.464819	2.487396	5.786776	4.530309	2.453682	5.758865	-28.809800	18.566200	25.000000
4.464819	2.487396	5.786776	4.423268	2.447544	5.773684	-28.809800	19.663900	25.000000
4.465109	2.487312	5.786452	4.473343	2.469327	5.764930	-28.809800	20.286100	25.000000
4.465109	2.487312	5.786452	4.466598	2.471226	5.779237	-28.809800	21.383800	25.000000
4.465109	2.487312	5.786452	4.455749	2.474303	5.775735	-28.809800	22.006000	25.000000
4.465109	2.487312	5.786452	4.449775	2.476009	5.782096	-28.809800	23.103700	25.000000
4.465571	2.487177	5.786709	4.511729	2.494633	5.801448	-27.949900	-0.352454	25.000000
4.465571	2.487177	5.786709	4.440428	2.478695	5.808082	-27.949900	0.745246	25.000000
4.465586	2.487172	5.786692	4.443343	2.477855	5.837510	-27.949900	1.367430	25.000000
4.465586	2.487172	5.786692	4.527693	2.489980	5.822795	-27.949900	2.465130	25.000000
4.465586	2.487172	5.786692	4.452550	2.475216	5.887835	-27.949900	3.087310	25.000000
4.465586	2.487172	5.786692	4.506617	2.460104	5.869968	-27.949900	4.185010	25.000000
4.465586	2.487172	5.786692	4.444108	2.407675	5.936998	-27.949900	4.807190	25.000000
4.465586	2.487172	5.786692	4.450180	2.406164	6.043081	-27.949900	5.904890	25.000000
4.465586	2.487172	5.786692	4.316263	2.086886	6.113220	-27.949900	6.527070	25.000000
4.465586	2.487172	5.786692	4.597177	2.166648	0.051008	-27.949900	7.624770	25.000000
4.465586	2.487172	5.786692	5.402157	1.613385	0.190128	-27.949900	8.246950	25.000000
4.465586	2.487172	5.786692	3.280762	1.677682	0.648406	-27.949900	9.344650	25.000000
4.465586	2.487172	5.786692	4.428318	0.729956	0.493941	-27.949900	9.966830	25.000000
4.465354	2.487240	5.786951	4.517256	0.844480	0.408002	-27.949900	11.064500	25.000000
4.465644	2.487155	5.786628	5.202586	0.693758	0.512062	-27.949900	11.686700	25.000000
4.465644	2.487155	5.786628	3.531345	1.163150	6.122093	-27.949900	12.784400	25.000000
4.465644	2.487155	5.786628	4.728234	0.907837	5.745067	-27.949900	13.406600	25.000000
4.465644	2.487155	5.786628	4.209869	1.658799	5.699812	-27.949900	14.504300	25.000000
4.465644	2.487155	5.786628	4.581015	2.217409	5.674700	-27.949900	15.126500	25.000000
4.465644	2.487155	5.786628	4.328972	2.098538	5.793228	-27.949900	16.224200	25.000000
4.465354	2.487240	5.786951	4.480446	2.334907	5.758671	-27.949900	16.846300	25.000000
4.465644	2.487155	5.786628	4.502710	2.393359	5.725970	-27.949900	17.944100	25.000000
4.465354	2.487240	5.786951	4.449506	2.440488	5.769657	-27.949900	18.566200	25.000000
4.465354	2.487240	5.786951	4.467706	2.435676	5.739216	-27.949900	19.663900	25.000000
4.465644	2.487155	5.786628	4.478080	2.467999	5.774696	-27.949900	20.286100	25.000000
4.465644	2.487155	5.786628	4.473343	2.469327	5.764930	-27.949900	21.383800	25.000000
4.465644	2.487155	5.786628	4.455749	2.474303	5.775735	-27.949900	22.006000	25.000000
4.465644	2.487155	5.786628	4.447348	2.476705	5.777149	-27.949900	23.103700	25.000000
4.465571	2.487177	5.786709	4.434839	2.480311	5.814612	-27.090000	-0.352454	25.000000
4.465571	2.487177	5.786709	4.525052	2.490746	5.809750	-27.090000	0.745246	25.000000
4.465586	2.487172	5.786692	4.520730	2.492002	5.857163	-27.090000	1.367430	25.000000
4.465586	2.487172	5.786692	4.457152	2.473904	5.837364	-27.090000	2.465130	25.000000
4.465586	2.487172	5.786692	4.545723	2.449566	5.909081	-27.090000	3.087310	25.000000
4.465586	2.487172	5.786692	4.433960	2.444651	5.961435	-27.090000	4.185010	25.000000
4.465586	2.487172	5.786692	4.406404	2.383597	6.144089	-27.090000	4.807190	25.000000
4.465586	2.487172	5.786692	4.492894	2.243632	6.194844	-27.090000	5.904890	25.000000
4.465586	2.487172	5.786692	5.468720	1.268138	0.635838	-27.090000	6.527070	25.000000
4.465586	2.487172	5.786692	3.216582	1.701744	0.718830	-27.090000	7.624770	25.000000
4.465586	2.487172	5.786692	5.887274	1.355107	0.296453	-27.090000	8.246950	25.000000
4.465586	2.487172	5.786692	2.353423	1.720070	0.812747	-27.090000	9.344650	25.000000
4.465586	2.487172	5.786692	4.995236	0.963629	0.034377	-27.090000	9.966830	25.000000
4.465354	2.487240	5.786951	3.915988	1.237812	0.021888	-27.090000	11.064500	25.000000
4.465644	2.487155	5.786628	1.940876	0.687481	4.900231	-27.090000	11.686700	25.000000
4.465644	2.487155	5.786628	5.950345	0.738539	0.827776	-27.090000	12.784400	25.000000
4.465644	2.487155	5.786628	5.061275	1.251235	6.237384	-27.090000	13.406600	25.000000
4.465644	2.487155	5.786628	3.853907	1.156890	5.677103	-27.090000	14.504300	25.000000
4.465644	2.487155	5.786628	3.920255	1.771100	5.608444	-27.090000	15.126500	25.000000
4.465644	2.487155	5.786628	4.912118	1.536181	5.700832	-27.090000	16.224200	25.000000
4.465354	2.487240	5.786951	4.345354	2.332828	5.745494	-27.090000	16.846300	25.000000
4.465644	2.487155	5.786628	4.565085	2.287844	5.662936	-27.090000	17.944100	25.000000
4.465354	2.487240	5.786951	4.436496	2.409579	5.741031	-27.090000	18.566200	25.000000
4.465354	2.487240	5.786951	4.467706	2.435676	5.739216	-27.090000	19.663900	25.000000
4.465644	2.487155	5.786628	4.484964	2.466078	5.760501	-27.090000	20.286100	25.000000
4.465644	2.487155	5.786628	4.415269	2.449724	5.767122	-27.090000	21.383800	25.000000
4.465644	2.487155	5.786628	4.455749	2.474303	5.775735	-27.090000	22.006000	25.000000
4.465644	2.487155	5.786628	4.453370	2.474982	5.770796	-27.090000	23.103700	25.000000
4.465644	2.487155	5.786628	4.444367	2.477561	5.780342	-27.090000	23.725900	25.000000
4.465051	2.487329	5.786517	4.509202	2.495376	5.796478	-26.230000	-3.792210	25.000000
4.465051	2.487329	5.786517	4.432347	2.481034	5.801448	-26.230000	-2.072330	25.000000
4.465039	2.487332	5.786530	4.508947	2.495451	5.804712	-26.230000	-0.974634	25.000000
4.465036	2.487333	5.786533	4.443073	2.477933	5.821172	-26.230000	-0.352454	25.000000
4.465036	2.487333	5.786533	4.503388	2.497089	5.819538	-26.230000	0.745246	25.000000
4.465051	2.487329	5.786517	4.467941	2.470847	5.875929	-26.230000	1.367430	25.000000
4.465051	2.487329	5.786517	4.510266	2.495063	5.862345	-26.230000	2.465130	25.000000
4.465051	2.487329	5.786517	4.472762	2.400600	6.001246	-26.230000	3.087310	25.000000
4.465051	2.487329	5.786517	4.394588	2.455424	6.036464	-26.230000	4.185010	25.000000
4.465051	2.487329	5.786517	4.748315	1.663594	0.374615	-26.230000	4.807190	25.000000
4.465051	2.487329	5.786517	4.095143	1.891261	0.449840	-26.230000	5.904890	25.000000
4.465051	2.487329	5.786517	5.582349	1.706279	1.018904	-26.230000	6.527070	25.000000
4.465051	2.487329	5.786517	2.814355	1.324565	0.147078	-26.230000	7.624770	25.000000
4.465051	2.487329	5.786517	4.640312	2.756229	5.832358	-26.230000	8.246950	25.000000
4.465051	2.487329	5.786517	4.340984	2.886035	0.401661	-26.230000	9.344650	25.000000
4.465051	2.487329	5.786517	4.375066	2.724503	5.425911	-26.230000	9.966830	25.000000
4.464819	2.487396	5.786776	4.590349	2.472289	5.360806	-26.230000	11.064500	25.000000
4.465109	2.487312	5.786452	4.505663	2.425850	5.397167	-26.230000	11.686700	25.000000
4.465109	2.487312	5.786452	4.464717	2.471758	5.871188	-26.230000	12.784400	25.000000
4.465109	2.487312	5.786452	5.425059	1.702605	5.638940	-26.230000	13.406600	25.000000
4.465109	2.487312	5.786452	3.347117	1.334676	5.974068	-26.230000	14.504300	25.000000
4.465109	2.487312	5.786452	4.640528	0.925763	5.872628	-26.230000	15.126500	25.000000
4.465109	2.487312	5.786452	4.291410	1.160948	5.245401	-26.230000	16.224200	25.000000
4.464819	2.487396	5.786776	4.290233	2.251495	5.709325	-26.230000	16.846300	25.000000
4.465109	2.487312	5.786452	4.695743	2.183387	5.608444	-26.230000	17.944100	25.000000
4.464819	2.487396	5.786776	4.467639	2.401855	5.734793	-26.230000	18.566200	25.000000
4.464819	2.487396	5.786776	4.511341	2.424403	5.709214	-26.230000	19.663900	25.000000
4.465109	2.487312	5.786452	4.505264	2.460474	5.754857	-26.230000	20.286100	25.000000
4.465109	2.487312	5.786452	4.482689	2.466712	5.755625	-26.230000	21.383800	25.000000
4.465109	2.487312	5.786452	4.455749	2.474303	5.775735	-26.230000	22.006000	25.000000
4.465109	2.487312	5.786452	4.461805	2.472583	5.769418	-26.230000	23.103700	25.000000
4.465109	2.487312	5.786452	4.444367	2.477561	5.780342	-26.230000	23.725900	25.000000
4.465109	2.487312	5.786452	4.444367	2.477561	5.780342	-26.230000	24.823600	25.000000
4.465586	2.487172	5.786692	4.434963	2.480275	5.806402	-25.370100	-2.072330	25.000000
4.465574	2.487176	5.786705	4.506185	2.496264	5.807987	-25.370100	-0.974634	25.000000
4.465571	2.487177	5.786709	4.426613	2.482703	5.824488	-25.370100	-0.352454	25.000000
4.465571	2.487177	5.786709	4.517079	2.493067	5.835930	-25.370100	0.745246	25.000000
4.465586	2.487172	5.786692	4.501122	2.497759	5.904053	-25.370100	1.367430	25.000000
4.465586	2.487172	5.786692	4.482365	2.466802	5.902679	-25.370100	2.465130	25.000000
4.465586	2.487172	5.786692	4.535648	2.418280	6.246535	-25.370100	3.087310	25.000000
4.465586	2.487172	5.786692	4.484429	2.365392	6.120130	-25.370100	4.185010	25.000000
4.465586	2.487172	5.786692	4.818547	0.757785	1.655442	-25.370100	4.807190	25.000000
4.465586	2.487172	5.786692	4.024786	0.729690	0.898966	-25.370100	5.904890	25.000000
4.465586	2.487172	5.786692	5.024948	2.491501	6.037409	-25.370100	6.527070	25.000000
4.465586	2.487172	5.786692	3.884019	2.586090	4.257475	-25.370100	7.624770	25.000000
4.465586	2.487172	5.786692	4.538293	2.524017	3.454920	-25.370100	8.246950	25.000000
4.465586	2.487172	5.786692	4.420419	2.522495	3.442385	-25.370100	9.344650	25.000000
4.465586	2.487172	5.786692	4.427516	2.346427	3.911332	-25.370100	9.966830	25.000000
4.465354	2.487240	5.786951	4.543743	2.383681	4.331883	-25.370100	11.064500	25.000000
4.465644	2.487155	5.786628	4.601247	2.542527	3.247398	-25.370100	11.686700	25.000000
4.465644	2.487155	5.786628	4.342376	2.884811	2.541267	-25.370100	12.784400	25.000000
4.465644	2.487155	5.786628	5.891027	1.973733	5.887259	-25.370100	13.406600	25.000000
4.465644	2.487155	5.786628	2.183850	1.263777	4.857003	-25.370100	14.504300	25.000000
4.465644	2.487155	5.786628	5.047187	1.312341	5.512279	-25.370100	15.126500	25.000000
4.465644	2.487155	5.786628	3.852285	1.438018	5.497787	-25.370100	16.224200	25.000000
4.465354	2.487240	5.786951	4.688294	2.135749	5.497787	-25.370100	16.846300	25.000000
4.465644	2.487155	5.786628	4.291853	1.952820	5.604523	-25.370100	17.944100	25.000000
4.465354	2.487240	5.786951	4.443760	2.407762	5.703570	-25.370100	18.566200	25.000000
4.465354	2.487240	5.786951	4.463631	2.370149	5.689835	-25.370100	19.663900	25.000000
4.465644	2.487155	5.786628	4.485844	2.465833	5.752545	-25.370100	20.286100	25.000000
4.465644	2.487155	5.786628	4.435595	2.444211	5.740960	-25.370100	21.383800	25.000000
4.465644	2.487155	5.786628	4.453370	2.474982	5.770796	-25.370100	22.006000	25.000000
4.465644	2.487155	5.786628	4.459473	2.473244	5.764488	-25.370100	23.103700	25.000000
4.465644	2.487155	5.786628	4.447348	2.476705	5.777149	-25.370100	24.823600	25.000000
4.465051	2.487329	5.786517	4.506395	2.496202	5.799738	-24.510100	-3.792210	25.000000
4.465051	2.487329	5.786517	4.511541	2.494689	5.809670	-24.510100	-2.072330	25.000000
4.465039	2.487332	5.786530	4.508803	2.495493	5.812948	-24.510100	-0.974634	25.000000
4.465036	2.487333	5.786533	4.430327	2.481621	5.854120	-24.510100	-0.352454	25.000000
4.465036	2.487333	5.786533	4.432257	2.481060	5.834339	-24.510100	0.745246	25.000000
4.465051	2.487329	5.786517	4.402681	2.489755	5.923538	-24.510100	1.367430	25.000000
4.465051	2.487329	5.786517	4.440225	2.478753	5.970694	-24.510100	2.465130	25.000000
4.465051	2.487329	5.786517	4.262628	2.197518	0.174672	-24.510100	3.087310	25.000000
4.465051	2.487329	5.786517	4.616276	2.307078	0.266252	-24.510100	4.185010	25.000000
4.465051	2.487329	5.786517	4.362751	1.907171	0.507099	-24.510100	4.807190	25.000000
4.465051	2.487329	5.786517	4.575260	1.489838	0.500922	-24.510100	5.904890	25.000000
4.465051	2.487329	5.786517	4.280993	1.953840	3.698857	-24.510100	6.527070	25.000000
4.465051	2.487329	5.786517	4.664258	2.154357	4.322341	-24.510100	7.624770	25.000000
4.465051	2.487329	5.786517	4.102012	1.913909	3.433049	-24.510100	8.246950	25.000000
4.465051	2.487329	5.786517	4.776997	1.805303	3.530092	-24.510100	9.344650	25.000000
4.465051	2.487329	5.786517	4.357637	1.715879	3.524252	-24.510100	9.966830	25.000000
4.464819	2.487396	5.786776	4.547483	1.815112	3.933401	-24.510100	11.064500	25.000000
4.465109	2.487312	5.786452	4.819502	1.835308	2.697173	-24.510100	11.686700	25.000000
4.465109	2.487312	5.786452	4.065821	2.242423	2.378413	-24.510100	12.784400	25.000000
4.465109	2.487312	5.786452	4.524655	1.448939	0.201762	-24.510100	13.406600	25.000000
4.465109	2.487312	5.786452	4.436226	1.858786	5.022988	-24.510100	14.504300	25.000000
4.465109	2.487312	5.786452	1.671825	1.769490	5.415721	-24.510100	15.126500	25.000000
4.465109	2.487312	5.786452	6.067660	0.828864	5.391669	-24.510100	16.224200	25.000000
4.464819	2.487396	5.786776	4.762100	1.731075	5.377163	-24.510100	16.846300	25.000000
4.465109	2.487312	5.786452	3.985198	1.483110	5.426480	-24.510100	17.944100	25.000000
4.464819	2.487396	5.786776	4.445593	2.342448	5.656004	-24.510100	18.566200	25.000000
4.464819	2.487396	5.786776	4.400477	2.385021	5.681409	-24.510100	19.663900	25.000000
4.465109	2.487312	5.786452	4.515141	2.457780	5.725329	-24.510100	20.286100	25.000000
4.465109	2.487312	5.786452	4.503021	2.461089	5.750030	-24.510100	21.383800	25.000000
4.465109	2.487312	5.786452	4.461805	2.472583	5.769418	-24.510100	22.006000	25.000000
4.465109	2.487312	5.786452	4.541409	2.486031	5.761351	-24.510100	23.103700	25.000000
4.465109	2.487312	5.786452	4.444367	2.477561	5.780342	-24.510100	23.725900	25.000000
4.465109	2.487312	5.786452	4.447348	2.476705	5.777149	-24.510100	24.823600	25.000000
4.465586	2.487172	5.786692	4.432347	2.481034	5.801448	-23.650200	-3.792210	25.000000
4.465586	2.487172	5.786692	4.508803	2.495493	5.812948	-23.650200	-2.072330	25.000000
4.465574	2.487176	5.786705	4.511463	2.494711	5.817893	-23.650200	-0.974634	25.000000
4.465571	2.487177	5.786709	4.517743	2.492873	5.852313	-23.650200	-0.352454	25.000000
4.465571	2.487177	5.786709	4.494408	2.499752	5.866093	-23.650200	0.745246	25.000000
4.465586	2.487172	5.786692	4.542863	2.450326	6.024807	-23.650200	1.367430	25.000000
4.465586	2.487172	5.786692	4.409717	2.487667	6.034590	-23.650200	2.465130	25.000000
4.465586	2.487172	5.786692	4.491781	1.244449	1.223029	-23.650200	3.087310	25.000000
4.465586	2.487172	5.786692	4.437071	1.077780	1.242573	-23.650200	4.185010	25.000000
4.465586	2.487172	5.786692	5.181409	2.219411	0.118948	-23.650200	4.807190	25.000000
4.465586	2.487172	5.786692	3.578687	2.043701	5.064914	-23.650200	5.904890	25.000000
4.465586	2.487172	5.786692	5.024191	1.420959	4.012496	-23.650200	6.527070	25.000000
4.465586	2.487172	5.786692	3.771525	1.405657	3.774341	-23.650200	7.624770	25.000000
4.465586	2.487172	5.786692	4.830497	1.321882	3.645372	-23.650200	8.246950	25.000000
4.465586	2.487172	5.786692	4.062228	1.324608	3.408735	-23.650200	9.344650	25.000000
4.465586	2.487172	5.786692	4.448326	1.104471	3.334052	-23.650200	9.966830	25.000000
4.465354	2.487240	5.786951	4.482600	1.239040	3.740720	-23.650200	11.064500	25.000000
4.465644	2.487155	5.786628	4.832101	1.562518	1.943616	-23.650200	11.686700	25.000000
4.465644	2.487155	5.786628	4.047987	1.349123	2.519871	-23.650200	12.784400	25.000000
4.465644	2.487155	5.786628	5.422103	2.008863	0.567666	-23.650200	13.406600	25.000000
4.465644	2.487155	5.786628	3.230805	2.856065	1.570796	-23.650200	14.504300	25.000000
4.465644	2.487155	5.786628	3.217452	0.369758	3.853950	-23.650200	15.126500	25.000000
4.465644	2.487155	5.786628	5.469863	0.945887	5.719568	-23.650200	16.224200	25.000000
4.465354	2.487240	5.786951	3.216349	0.957964	4.395446	-23.650200	16.846300	25.000000
4.465644	2.487155	5.786628	5.389620	1.261605	5.172552	-23.650200	17.944100	25.000000
4.465354	2.487240	5.786951	4.433779	2.377097	5.664451	-23.650200	18.566200	25.000000
4.465354	2.487240	5.786951	4.506129	2.329460	5.601759	-23.650200	19.663900	25.000000
4.465644	2.487155	5.786628	4.449011	2.440619	5.729019	-23.650200	20.286100	25.000000
4.465644	2.487155	5.786628	4.499833	2.461965	5.732457	-23.650200	21.383800	25.000000
4.465644	2.487155	5.786628	4.459473	2.473244	5.764488	-23.650200	22.006000	25.000000
4.465644	2.487155	5.786628	4.465658	2.471492	5.758225	-23.650200	23.103700	25.000000
4.465644	2.487155	5.786628	4.441959	2.478254	5.775377	-23.650200	23.725900	25.000000
4.465586	2.487172	5.786692	4.506395	2.496202	5.799738	-22.790300	-2.694510	25.000000
4.465586	2.487172	5.786692	4.498022	2.498678	5.817879	-22.790300	-2.072330	25.000000
4.465574	2.487176	5.786705	4.508769	2.495503	5.821185	-22.790300	-0.974634	25.000000
4.465571	2.487177	5.786709	4.484128	2.502826	5.871417	-22.790300	-0.352454	25.000000
4.465571	2.487177	5.786709	4.509279	2.495353	5.882162	-22.790300	0.745246	25.000000
4.465586	2.487172	5.786692	4.512250	2.458566	6.099563	-22.790300	1.367430	25.000000
4.465586	2.487172	5.786692	4.512826	2.494312	6.157919	-22.790300	2.465130	25.000000
4.465586	2.487172	5.786692	4.304939	1.034401	1.584309	-22.790300	3.087310	25.000000
4.465586	2.487172	5.786692	4.740475	0.525861	1.311547	-22.790300	4.185010	25.000000
4.465586	2.487172	5.786692	5.014509	1.785830	6.081787	-22.790300	4.807190	25.000000
4.465586	2.487172	5.786692	3.867816	1.435945	5.030839	-22.790300	5.904890	25.000000
4.465586	2.487172	5.786692	4.277336	0.825769	3.872989	-22.790300	6.527070	25.000000
4.465586	2.487172	5.786692	4.682990	1.032711	4.197561	-22.790300	7.624770	25.000000
4.465586	2.487172	5.786692	4.847938	0.929553	3.697463	-22.790300	8.246950	25.000000
4.465586	2.487172	5.786692	4.090538	0.881994	3.548563	-22.790300	9.344650	25.000000
4.465586	2.487172	5.786692	4.928387	0.550610	3.223124	-22.790300	9.966830	25.000000
4.465354	2.487240	5.786951	4.010499	0.725698	3.543031	-22.790300	11.064500	25.000000
4.465644	2.487155	5.786628	5.005797	0.829537	1.971421	-22.790300	11.686700	25.000000
4.465644	2.487155	5.786628	3.771339	1.568145	1.376001	-22.790300	12.784400	25.000000
4.465644	2.487155	5.786628	4.600554	2.261241	6.138896	-22.790300	13.406600	25.000000
4.465644	2.487155	5.786628	4.233178	1.777791	1.852080	-22.790300	14.504300	25.000000
4.465644	2.487155	5.786628	2.264398	0.533257	0.686952	-22.790300	15.126500	25.000000
4.465644	2.487155	5.786628	5.861442	1.015525	4.997307	-22.790300	16.224200	25.000000
4.465354	2.487240	5.786951	4.926875	0.466693	4.386359	-22.790300	16.846300	25.000000
4.465644	2.487155	5.786628	3.846518	0.155679	3.748198	-22.790300	17.944100	25.000000
4.465354	2.487240	5.786951	4.455614	2.372001	5.623557	-22.790300	18.566200	25.000000
4.465354	2.487240	5.786951	4.473142	2.305907	5.570309	-22.790300	19.663900	25.000000
4.465644	2.487155	5.786628	4.450371	2.440257	5.721264	-22.790300	20.286100	25.000000
4.465644	2.487155	5.786628	4.504453	2.460696	5.721595	-22.790300	21.383800	25.000000
4.465644	2.487155	5.786628	4.454099	2.474774	5.762688	-22.790300	22.006000	25.000000
4.465644	2.487155	5.786628	4.463418	2.472125	5.753292	-22.790300	23.103700	25.000000
4.465644	2.487155	5.786628	4.441959	2.478254	5.775377	-22.790300	24.823600	25.000000
4.465051	2.487329	5.786517	4.511729	2.494633	5.801448	-21.930300	-3.792210	25.000000
4.465051	2.487329	5.786517	4.424082	2.483442	5.803010	-21.930300	-2.694510	25.000000
4.465051	2.487329	5.786517	4.492683	2.500266	5.824529	-21.930300	-2.072330	25.000000
4.465039	2.487332	5.786530	4.426613	2.482703	5.824488	-21.930300	-0.974634	25.000000
4.465036	2.487333	5.786533	4.465714	2.508399	5.899165	-21.930300	-0.352454	25.000000
4.465036	2.487333	5.786533	4.502322	2.497404	5.892377	-21.930300	0.745246	25.000000
4.465051	2.487329	5.786517	4.441272	2.515936	6.256269	-21.930300	1.367430	25.000000
4.465051	2.487329	5.786517	4.482403	2.466791	6.267472	-21.930300	2.465130	25.000000
4.465051	2.487329	5.786517	2.949254	2.275255	0.563316	-21.930300	3.087310	25.000000
4.465051	2.487329	5.786517	5.564216	1.700558	1.019498	-21.930300	4.185010	25.000000
4.465051	2.487329	5.786517	5.404221	2.625372	0.075047	-21.930300	4.807190	25.000000
4.465051	2.487329	5.786517	3.334142	2.418584	0.280168	-21.930300	5.904890	25.000000
4.465051	2.487329	5.786517	5.018456	0.798997	4.303481	-21.930300	6.527070	25.000000
4.465051	2.487329	5.786517	3.827532	0.580756	4.712389	-21.930300	7.624770	25.000000
4.465051	2.487329	5.786517	4.420328	0.578942	3.723861	-21.930300	8.246950	25.000000
4.465051	2.487329	5.786517	4.413627	0.616935	3.951916	-21.930300	9.344650	25.000000
4.465051	2.487329	5.786517	4.866421	0.165409	2.973572	-21.930300	9.966830	25.000000
4.464819	2.487396	5.786776	3.989027	0.309082	2.843821	-21.930300	11.064500	25.000000
4.465109	2.487312	5.786452	6.188578	1.031130	1.512372	-21.930300	11.686700	25.000000
4.465109	2.487312	5.786452	1.261428	1.197522	0.749269	-21.930300	12.784400	25.000000
4.465109	2.487312	5.786452	5.262386	1.966824	2.815999	-21.930300	13.406600	25.000000
4.465109	2.487312	5.786452	3.485732	2.362387	3.596842	-21.930300	14.504300	25.000000
4.465109	2.487312	5.786452	4.844843	3.005431	2.366947	-21.930300	15.126500	25.000000
4.465109	2.487312	5.786452	4.034861	1.925141	5.799446	-21.930300	16.224200	25.000000
4.464819	2.487396	5.786776	5.567270	0.843840	4.504150	-21.930300	16.846300	25.000000
4.465109	2.487312	5.786452	3.008953	0.077163	3.011890	-21.930300	17.944100	25.000000
4.464819	2.487396	5.786776	4.576964	2.314889	5.527190	-21.930300	18.566200	25.000000
4.464819	2.487396	5.786776	4.388587	2.355164	5.600400	-21.930300	19.663900	25.000000
4.465109	2.487312	5.786452	4.444502	2.441822	5.706810	-21.930300	20.286100	25.000000
4.465109	2.487312	5.786452	4.504453	2.460696	5.721595	-21.930300	21.383800	25.000000
4.465109	2.487312	5.786452	4.457185	2.473894	5.759545	-21.930300	22.006000	25.000000
4.465109	2.487312	5.786452	4.460291	2.473012	5.756413	-21.930300	23.103700	25.000000
4.465109	2.487312	5.786452	4.441959	2.478254	5.775377	-21.930300	23.725900	25.000000
4.465109	2.487312	5.786452	4.444963	2.477389	5.772187	-21.930300	24.823600	25.000000
4.465586	2.487172	5.786692	4.508947	2.495451	5.804712	-21.070400	-3.792210	25.000000
4.465586	2.487172	5.786692	4.498289	2.498599	5.801298	-21.070400	-2.694510	25.000000
4.465586	2.487172	5.786692	4.487427	2.501837	5.831223	-21.070400	-2.072330	25.000000
4.465574	2.487176	5.786705	4.495420	2.499451	5.829504	-21.070400	-0.974634	25.000000
4.465571	2.487177	5.786709	4.460404	2.510023	5.918192	-21.070400	-0.352454	25.000000
4.465571	2.487177	5.786709	4.488975	2.501373	5.913066	-21.070400	0.745246	25.000000
4.465586	2.487172	5.786692	4.531104	2.488994	0.193832	-21.070400	1.367430	25.000000
4.465586	2.487172	5.786692	4.434242	2.480484	0.128911	-21.070400	2.465130	25.000000
4.465586	2.487172	5.786692	5.155744	2.994408	5.063420	-21.070400	3.087310	25.000000
4.465586	2.487172	5.786692	3.597221	2.094841	5.736158	-21.070400	4.185010	25.000000
4.465586	2.487172	5.786692	4.316967	2.489045	5.841718	-21.070400	4.807190	25.000000
4.465586	2.487172	5.786692	4.545426	1.070594	5.012731	-21.070400	5.904890	25.000000
4.465586	2.487172	5.786692	4.759086	0.888763	4.938985	-21.070400	6.527070	25.000000
4.465586	2.487172	5.786692	4.178516	0.483267	4.919885	-21.070400	7.624770	25.000000
4.465586	2.487172	5.786692	4.393295	0.297739	4.500537	-21.070400	8.246950	25.000000
4.465586	2.487172	5.786692	4.476885	0.353542	4.713034	-21.070400	9.344650	25.000000
4.465586	2.487172	5.786692	4.451741	0.152612	0.974597	-21.070400	9.966830	25.000000
4.465354	2.487240	5.786951	4.410238	0.224057	1.139101	-21.070400	11.064500	25.000000
4.465644	2.487155	5.786628	5.935441	0.596629	1.715535	-21.070400	11.686700	25.000000
4.465644	2.487155	5.786628	2.105919	1.532799	1.506125	-21.070400	12.784400	25.000000
4.465644	2.487155	5.786628	4.588409	0.928397	2.927648	-21.070400	13.406600	25.000000
4.465644	2.487155	5.786628	4.098291	2.460151	0.034870	-21.070400	14.504300	25.000000
4.465644	2.487155	5.786628	3.372017	2.281581	0.502157	-21.070400	15.126500	25.000000
4.465644	2.487155	5.786628	5.382908	2.560711	0.725518	-21.070400	16.224200	25.000000
4.465354	2.487240	5.786951	2.466495	0.967200	4.017651	-21.070400	16.846300	25.000000
4.465644	2.487155	5.786628	5.799733	0.263202	3.987948	-21.070400	17.944100	25.000000
4.465354	2.487240	5.786951	4.282814	2.314645	5.553908	-21.070400	18.566200	25.000000
4.465354	2.487240	5.786951	4.608915	2.338252	5.516975	-21.070400	19.663900	25.000000
4.465644	2.487155	5.786628	4.510876	2.458941	5.702980	-21.070400	20.286100	25.000000
4.465644	2.487155	5.786628	4.419819	2.448482	5.714827	-21.070400	21.383800	25.000000
4.465644	2.487155	5.786628	4.457185	2.473894	5.759545	-21.070400	22.006000	25.000000
4.465644	2.487155	5.786628	4.460291	2.473012	5.756413	-21.070400	23.103700	25.000000
4.465644	2.487155	5.786628	4.436587	2.479805	5.773593	-21.070400	23.725900	25.000000
4.465022	2.487337	5.786550	4.509202	2.495376	5.796478	-20.210400	-5.512100	25.000000
4.465051	2.487329	5.786517	4.503610	2.497024	5.803010	-20.210400	-3.792210	25.000000
4.465051	2.487329	5.786517	4.424082	2.483442	5.803010	-20.210400	-2.694510	25.000000
4.465051	2.487329	5.786517	4.404963	2.489076	5.834587	-20.210400	-2.072330	25.000000
4.465039	2.487332	5.786530	4.415745	2.485888	5.829504	-20.210400	-0.974634	25.000000
4.465036	2.487333	5.786533	4.439110	2.516610	5.933427	-20.210400	-0.352454	25.000000
4.465036	2.487333	5.786533	4.463228	2.509159	5.935062	-20.210400	0.745246	25.000000
4.465051	2.487329	5.786517	4.307679	2.443507	0.444264	-20.210400	1.367430	25.000000
4.465051	2.487329	5.786517	4.533001	2.488446	0.336675	-20.210400	2.465130	25.000000
4.465051	2.487329	5.786517	4.474483	2.249784	5.348998	-20.210400	3.087310	25.000000
4.465051	2.487329	5.786517	4.394656	1.990306	4.794703	-20.210400	4.185010	25.000000
4.465051	2.487329	5.786517	2.520099	1.978835	5.145099	-20.210400	4.807190	25.000000
4.465051	2.487329	5.786517	5.791770	1.145430	4.971160	-20.210400	5.904890	25.000000
4.465051	2.487329	5.786517	3.905189	0.807388	5.505306	-20.210400	6.527070	25.000000
4.465051	2.487329	5.786517	4.955684	0.727833	5.334049	-20.210400	7.624770	25.000000
4.465051	2.487329	5.786517	4.431930	0.622733	5.826458	-20.210400	8.246950	25.000000
4.465051	2.487329	5.786517	4.581615	0.552475	5.741339	-20.210400	9.344650	25.000000
4.465051	2.487329	5.786517	4.692973	0.462466	0.114877	-20.210400	9.966830	25.000000
4.464819	2.487396	5.786776	4.316550	0.318096	0.387384	-20.210400	11.064500	25.000000
4.465109	2.487312	5.786452	5.819952	0.601038	1.597538	-20.210400	11.686700	25.000000
4.465109	2.487312	5.786452	2.499305	0.402062	1.698956	-20.210400	12.784400	25.000000
4.465109	2.487312	5.786452	4.825246	0.744076	5.347934	-20.210400	13.406600	25.000000
4.465109	2.487312	5.786452	3.934832	1.657312	1.183658	-20.210400	14.504300	25.000000
4.465109	2.487312	5.786452	4.869548	1.750422	4.995849	-20.210400	15.126500	25.000000
4.465109	2.487312	5.786452	3.930458	1.878387	6.095214	-20.210400	16.224200	25.000000
4.464819	2.487396	5.786776	5.642429	0.398642	4.082586	-20.210400	16.846300	25.000000
4.465109	2.487312	5.786452	2.958462	0.732314	3.707159	-20.210400	17.944100	25.000000
4.464819	2.487396	5.786776	4.360699	2.361566	5.555460	-20.210400	18.566200	25.000000
4.464819	2.487396	5.786776	4.539879	2.322436	5.482863	-20.210400	19.663900	25.000000
4.465109	2.487312	5.786452	4.488541	2.465084	5.715910	-20.210400	20.286100	25.000000
4.465109	2.487312	5.786452	4.431907	2.445205	5.698110	-20.210400	21.383800	25.000000
4.465109	2.487312	5.786452	4.454941	2.474534	5.754589	-20.210400	22.006000	25.000000
4.465109	2.487312	5.786452	4.451831	2.475421	5.757727	-20.210400	23.103700	25.000000
4.465109	2.487312	5.786452	4.441959	2.478254	5.775377	-20.210400	23.725900	25.000000
4.465109	2.487312	5.786452	4.439595	2.478935	5.770397	-20.210400	24.823600	25.000000
4.465557	2.487181	5.786725	4.503887	2.496942	5.794749	-19.350500	-5.512100	25.000000
4.465586	2.487172	5.786692	4.500844	2.497841	5.806293	-19.350500	-3.792210	25.000000
4.465586	2.487172	5.786692	4.421267	2.484266	5.806293	-19.350500	-2.694510	25.000000
4.465586	2.487172	5.786692	4.482254	2.503389	5.837961	-19.350500	-2.072330	25.000000
4.465574	2.487176	5.786705	4.487427	2.501837	5.831223	-19.350500	-0.974634	25.000000
4.465571	2.487177	5.786709	4.503754	2.534898	5.954046	-19.350500	-0.352454	25.000000
4.465571	2.487177	5.786709	4.522101	2.529076	5.941972	-19.350500	0.745246	25.000000
4.465586	2.487172	5.786692	4.281939	2.380338	0.694305	-19.350500	1.367430	25.000000
4.465586	2.487172	5.786692	4.589662	2.472478	0.534395	-19.350500	2.465130	25.000000
4.465586	2.487172	5.786692	3.648095	1.518691	5.526905	-19.350500	3.087310	25.000000
4.465586	2.487172	5.786692	5.211295	2.241741	5.252808	-19.350500	4.185010	25.000000
4.465586	2.487172	5.786692	5.687223	1.177413	5.023905	-19.350500	4.807190	25.000000
4.465586	2.487172	5.786692	2.578178	1.028775	5.404808	-19.350500	5.904890	25.000000
4.465586	2.487172	5.786692	4.333232	0.773598	5.991729	-19.350500	6.527070	25.000000
4.465586	2.487172	5.786692	4.571652	0.992201	5.702429	-19.350500	7.624770	25.000000
4.465586	2.487172	5.786692	4.312702	1.305685	6.003235	-19.350500	8.246950	25.000000
4.465586	2.487172	5.786692	4.644836	1.132799	6.057812	-19.350500	9.344650	25.000000
4.465586	2.487172	5.786692	5.011597	0.577086	5.783547	-19.350500	9.966830	25.000000
4.465354	2.487240	5.786951	3.970088	0.856750	6.269853	-19.350500	11.064500	25.000000
4.465644	2.487155	5.786628	3.793218	0.851213	0.832510	-19.350500	11.686700	25.000000
4.465644	2.487155	5.786628	5.066379	0.325715	0.372488	-19.350500	12.784400	25.000000
4.465644	2.487155	5.786628	5.551297	2.477057	4.829498	-19.350500	13.406600	25.000000
4.465644	2.487155	5.786628	2.933258	1.557159	4.042973	-19.350500	14.504300	25.000000
4.465644	2.487155	5.786628	5.559865	2.649437	6.168745	-19.350500	15.126500	25.000000
4.465644	2.487155	5.786628	2.918030	2.110691	1.328725	-19.350500	16.224200	25.000000
4.465354	2.487240	5.786951	4.633185	0.778093	4.018438	-19.350500	16.846300	25.000000
4.465644	2.487155	5.786628	4.342177	0.455214	2.914401	-19.350500	17.944100	25.000000
4.465354	2.487240	5.786951	4.325275	2.369880	5.549384	-19.350500	18.566200	25.000000
4.465354	2.487240	5.786951	4.553021	2.350164	5.484687	-19.350500	19.663900	25.000000
4.465644	2.487155	5.786628	4.484797	2.466125	5.706063	-19.350500	20.286100	25.000000
4.465644	2.487155	5.786628	4.486647	2.465610	5.710992	-19.350500	21.383800	25.000000
4.465644	2.487155	5.786628	4.449607	2.476057	5.752753	-19.350500	22.006000	25.000000
4.465644	2.487155	5.786628	4.448741	2.476305	5.760878	-19.350500	23.103700	25.000000
4.465644	2.487155	5.786628	4.436587	2.479805	5.773593	-19.350500	23.725900	25.000000
4.465644	2.487155	5.786628	4.444963	2.477389	5.772187	-19.350500	24.823600	25.000000
4.465022	2.487337	5.786550	4.503887	2.496942	5.794749	-18.490500	-5.512100	25.000000
4.465022	2.487337	5.786550	4.503887	2.496942	5.794749	-18.490500	-4.414400	25.000000
4.465051	2.487329	5.786517	4.495520	2.499421	5.804589	-18.490500	-3.792210	25.000000
4.465051	2.487329	5.786517	4.418473	2.485086	5.809588	-18.490500	-2.694510	25.000000
4.465051	2.487329	5.786517	4.474327	2.505782	5.839737	-18.490500	-2.072330	25.000000
4.465039	2.487332	5.786530	4.399500	2.490703	5.832960	-18.490500	-0.974634	25.000000
4.465036	2.487333	5.786533	4.500222	2.536029	5.949090	-18.490500	-0.352454	25.000000
4.465036	2.487333	5.786533	4.410941	2.525517	5.963916	-18.490500	0.745246	25.000000
4.465051	2.487329	5.786517	4.071376	2.436287	0.675333	-18.490500	1.367430	25.000000
4.465051	2.487329	5.786517	4.731691	2.372525	0.886564	-18.490500	2.465130	25.000000
4.465051	2.487329	5.786517	4.434930	1.475951	0.442374	-18.490500	3.087310	25.000000
4.465051	2.487329	5.786517	4.459305	2.731749	1.147429	-18.490500	4.185010	25.000000
4.465051	2.487329	5.786517	3.949835	0.961640	5.988772	-18.490500	4.807190	25.000000
4.465051	2.487329	5.786517	4.898143	1.371444	5.309635	-18.490500	5.904890	25.000000
4.465051	2.487329	5.786517	4.810239	1.024268	6.214998	-18.490500	6.527070	25.000000
4.465051	2.487329	5.786517	4.089755	0.782591	6.041571	-18.490500	7.624770	25.000000
4.465051	2.487329	5.786517	4.100122	1.271222	6.188597	-18.490500	8.246950	25.000000
4.465051	2.487329	5.786517	4.757489	1.324487	5.856378	-18.490500	9.344650	25.000000
4.465051	2.487329	5.786517	3.977549	1.035188	6.016933	-18.490500	9.966830	25.000000
4.464819	2.487396	5.786776	4.952959	1.001462	5.707815	-18.490500	11.064500	25.000000
4.465109	2.487312	5.786452	4.953443	0.844394	6.242667	-18.490500	11.686700	25.000000
4.465109	2.487312	5.786452	3.908017	1.377685	0.266481	-18.490500	12.784400	25.000000
4.465109	2.487312	5.786452	5.956215	1.046831	1.022063	-18.490500	13.406600	25.000000
4.465109	2.487312	5.786452	1.963390	1.781167	5.898810	-18.490500	14.504300	25.000000
4.465109	2.487312	5.786452	4.754684	2.570435	3.649447	-18.490500	15.126500	25.000000
4.465109	2.487312	5.786452	4.035116	1.898819	1.032622	-18.490500	16.224200	25.000000
4.464819	2.487396	5.786776	3.937207	0.815142	3.483208	-18.490500	16.846300	25.000000
4.465109	2.487312	5.786452	4.915292	0.687086	2.449318	-18.490500	17.944100	25.000000
4.464819	2.487396	5.786776	4.605138	2.401351	5.531942	-18.490500	18.566200	25.000000
4.464819	2.487396	5.786776	4.366349	2.393339	5.521592	-18.490500	19.663900	25.000000
4.465109	2.487312	5.786452	4.490045	2.464667	5.708003	-18.490500	20.286100	25.000000
4.465109	2.487312	5.786452	4.464180	2.471910	5.711197	-18.490500	21.383800	25.000000
4.465109	2.487312	5.786452	4.446493	2.476950	5.755898	-18.490500	22.006000	25.000000
4.465109	2.487312	5.786452	4.445672	2.477186	5.764039	-18.490500	23.103700	25.000000
4.465109	2.487312	5.786452	4.436587	2.479805	5.773593	-18.490500	23.725900	25.000000
4.465051	2.487329	5.786517	4.415846	2.485858	5.804589	-17.630600	-3.792210	25.000000
4.465051	2.487329	5.786517	4.418473	2.485086	5.809588	-17.630600	-2.694510	25.000000
4.465051	2.487329	5.786517	4.476885	2.505008	5.836343	-17.630600	-2.072330	25.000000
4.465039	2.487332	5.786530	4.474327	2.505782	5.839737	-17.630600	-0.974634	25.000000
4.465036	2.487333	5.786533	4.471510	2.545367	5.958916	-17.630600	-0.352454	25.000000
4.465036	2.487333	5.786533	4.403680	2.527850	5.953954	-17.630600	0.745246	25.000000
4.465051	2.487329	5.786517	4.590817	2.404772	1.002575	-17.630600	1.367430	25.000000
4.465051	2.487329	5.786517	4.452247	2.512532	0.696205	-17.630600	2.465130	25.000000
4.465051	2.487329	5.786517	4.356455	1.596049	6.234947	-17.630600	3.087310	25.000000
4.465051	2.487329	5.786517	4.515905	2.736267	1.598879	-17.630600	4.185010	25.000000
4.465051	2.487329	5.786517	4.556852	1.807821	5.789244	-17.630600	4.807190	25.000000
4.465051	2.487329	5.786517	4.386901	1.142995	6.068592	-17.630600	5.904890	25.000000
4.465051	2.487329	5.786517	4.574547	0.884156	6.003100	-17.630600	6.527070	25.000000
4.465051	2.487329	5.786517	4.358945	0.873226	0.156291	-17.630600	7.624770	25.000000
4.465051	2.487329	5.786517	3.820223	0.924719	5.875280	-17.630600	8.246950	25.000000
4.465051	2.487329	5.786517	4.974937	0.669826	5.776087	-17.630600	9.344650	25.000000
4.465051	2.487329	5.786517	4.130375	0.950765	5.886106	-17.630600	9.966830	25.000000
4.464819	2.487396	5.786776	4.772840	0.969513	5.808175	-17.630600	11.064500	25.000000
4.465109	2.487312	5.786452	3.170205	0.928132	0.589095	-17.630600	11.686700	25.000000
4.465109	2.487312	5.786452	5.466672	0.603825	0.355377	-17.630600	12.784400	25.000000
4.465109	2.487312	5.786452	3.858186	0.964027	2.590351	-17.630600	13.406600	25.000000
4.465109	2.487312	5.786452	5.044839	0.655260	2.803383	-17.630600	14.504300	25.000000
4.465109	2.487312	5.786452	4.789363	2.134733	1.417020	-17.630600	15.126500	25.000000
4.465109	2.487312	5.786452	4.222902	2.138319	0.904827	-17.630600	16.224200	25.000000
4.464819	2.487396	5.786776	4.055231	0.620197	3.612830	-17.630600	16.846300	25.000000
4.465109	2.487312	5.786452	4.871642	0.739255	3.365880	-17.630600	17.944100	25.000000
4.464819	2.487396	5.786776	4.459125	2.403949	5.521368	-17.630600	18.566200	25.000000
4.464819	2.487396	5.786776	4.475466	2.433644	5.585367	-17.630600	19.663900	25.000000
4.465109	2.487312	5.786452	4.459428	2.473257	5.722284	-17.630600	20.286100	25.000000
4.465109	2.487312	5.786452	4.464180	2.471910	5.711197	-17.630600	21.383800	25.000000
4.465109	2.487312	5.786452	4.443400	2.477839	5.759055	-17.630600	22.006000	25.000000
4.465109	2.487312	5.786452	4.440327	2.478724	5.762223	-17.630600	23.103700	25.000000
4.465557	2.487181	5.786725	4.501078	2.497772	5.798018	-16.770700	-5.512100	25.000000
4.465586	2.487172	5.786692	4.495520	2.499421	5.804589	-16.770700	-3.792210	25.000000
4.465586	2.487172	5.786692	4.492772	2.500240	5.807891	-16.770700	-2.694510	25.000000
4.465586	2.487172	5.786692	4.466195	2.508253	5.833073	-16.770700	-2.072330	25.000000
4.465574	2.487176	5.786705	4.461087	2.509814	5.839908	-16.770700	-0.974634	25.000000
4.465571	2.487177	5.786709	4.453830	2.551242	5.958884	-16.770700	-0.352454	25.000000
4.465571	2.487177	5.786709	4.475422	2.544080	5.938826	-16.770700	0.745246	25.000000
4.465586	2.487172	5.786692	4.517012	2.570413	0.645958	-16.770700	1.367430	25.000000
4.465586	2.487172	5.786692	4.407233	2.526706	0.944603	-16.770700	2.465130	25.000000
4.465586	2.487172	5.786692	4.033857	2.171491	5.159909	-16.770700	3.087310	25.000000
4.465586	2.487172	5.786692	4.852886	1.717628	4.695724	-16.770700	4.185010	25.000000
4.465586	2.487172	5.786692	2.746871	1.244682	5.571224	-16.770700	4.807190	25.000000
4.465586	2.487172	5.786692	5.680396	1.140407	5.262775	-16.770700	5.904890	25.000000
4.465586	2.487172	5.786692	4.261971	0.756325	6.152893	-16.770700	6.527070	25.000000
4.465586	2.487172	5.786692	4.679701	0.693083	5.702604	-16.770700	7.624770	25.000000
4.465586	2.487172	5.786692	4.792964	0.544434	5.801522	-16.770700	8.246950	25.000000
4.465586	2.487172	5.786692	4.090232	0.782708	5.695183	-16.770700	9.344650	25.000000
4.465586	2.487172	5.786692	4.785071	0.618007	5.659162	-16.770700	9.966830	25.000000
4.465354	2.487240	5.786951	4.111301	0.504047	5.824042	-16.770700	11.064500	25.000000
4.465644	2.487155	5.786628	2.687845	0.674058	1.331890	-16.770700	11.686700	25.000000
4.465644	2.487155	5.786628	5.730140	0.102610	1.724741	-16.770700	12.784400	25.000000
4.465644	2.487155	5.786628	5.927656	1.014513	4.490057	-16.770700	13.406600	25.000000
4.465644	2.487155	5.786628	1.914941	1.333584	1.608413	-16.770700	14.504300	25.000000
4.465644	2.487155	5.786628	4.149506	2.344624	5.407127	-16.770700	15.126500	25.000000
4.465644	2.487155	5.786628	4.764074	2.098754	0.394043	-16.770700	16.224200	25.000000
4.465354	2.487240	5.786951	4.229846	0.878481	2.495635	-16.770700	16.846300	25.000000
4.465644	2.487155	5.786628	4.604617	0.802440	3.401222	-16.770700	17.944100	25.000000
4.465354	2.487240	5.786951	4.550440	2.448316	5.602537	-16.770700	18.566200	25.000000
4.465354	2.487240	5.786951	4.422273	2.447814	5.565353	-16.770700	19.663900	25.000000
4.465644	2.487155	5.786628	4.447629	2.476624	5.726517	-16.770700	20.286100	25.000000
4.465644	2.487155	5.786628	4.546746	2.484506	5.721151	-16.770700	21.383800	25.000000
4.465644	2.487155	5.786628	4.440327	2.478724	5.762223	-16.770700	22.006000	25.000000
4.465644	2.487155	5.786628	4.519569	2.492341	5.762223	-16.770700	23.103700	25.000000
4.465644	2.487155	5.786628	4.436587	2.479805	5.773593	-16.770700	24.823600	25.000000
4.465022	2.487337	5.786550	4.503887	2.496942	5.794749	-15.910700	-5.512100	25.000000
4.465022	2.487337	5.786550	4.503887	2.496942	5.794749	-15.910700	-4.414400	25.000000
4.465051	2.487329	5.786517	4.490212	2.501004	5.802873	-15.910700	-3.792210	25.000000
4.465051	2.487329	5.786517	4.413049	2.486682	5.807891	-15.910700	-2.694510	25.000000
4.465051	2.487329	5.786517	4.388622	2.493964	5.829672	-15.910700	-2.072330	25.000000
4.465039	2.487332	5.786530	4.463631	2.509035	5.836485	-15.910700	-0.974634	25.000000
4.465036	2.487333	5.786533	4.459249	2.549431	5.947459	-15.910700	-0.352454	25.000000
4.465036	2.487333	5.786533	4.444592	2.554351	5.917761	-15.910700	0.745246	25.000000
4.465051	2.487329	5.786517	4.571925	2.636036	0.483847	-15.910700	1.367430	25.000000
4.465051	2.487329	5.786517	4.372654	2.672341	0.717403	-15.910700	2.465130	25.000000
4.465051	2.487329	5.786517	5.208695	1.672726	4.977964	-15.910700	3.087310	25.000000
4.465051	2.487329	5.786517	3.435186	2.160375	5.138437	-15.910700	4.185010	25.000000
4.465051	2.487329	5.786517	1.922316	1.296877	4.946883	-15.910700	4.807190	25.000000
4.465051	2.487329	5.786517	6.001641	0.908624	4.830979	-15.910700	5.904890	25.000000
4.465051	2.487329	5.786517	4.709448	0.556031	5.718616	-15.910700	6.527070	25.000000
4.465051	2.487329	5.786517	4.251882	0.345932	5.591111	-15.910700	7.624770	25.000000
4.465051	2.487329	5.786517	4.990792	0.673827	5.602426	-15.910700	8.246950	25.000000
4.465051	2.487329	5.786517	3.873112	0.684760	5.920115	-15.910700	9.344650	25.000000
4.465051	2.487329	5.786517	4.897316	0.614999	5.226706	-15.910700	9.966830	25.000000
4.464819	2.487396	5.786776	4.095852	0.497165	5.454336	-15.910700	11.064500	25.000000
4.465109	2.487312	5.786452	3.445258	0.622006	5.911004	-15.910700	11.686700	25.000000
4.465109	2.487312	5.786452	5.272836	0.470458	1.148324	-15.910700	12.784400	25.000000
4.465109	2.487312	5.786452	5.040972	2.029041	4.692480	-15.910700	13.406600	25.000000
4.465109	2.487312	5.786452	3.562625	1.393026	2.086759	-15.910700	14.504300	25.000000
4.465109	2.487312	5.786452	5.629138	1.903787	4.625813	-15.910700	15.126500	25.000000
4.465109	2.487312	5.786452	2.711531	2.113337	5.245423	-15.910700	16.224200	25.000000
4.464819	2.487396	5.786776	4.056476	2.188691	5.067620	-15.910700	16.846300	25.000000
4.465109	2.487312	5.786452	4.838440	2.035873	4.818960	-15.910700	17.944100	25.000000
4.464819	2.487396	5.786776	4.526643	2.454668	5.618781	-15.910700	18.566200	25.000000
4.464819	2.487396	5.786776	4.369359	2.462505	5.624379	-15.910700	19.663900	25.000000
4.465109	2.487312	5.786452	4.447629	2.476624	5.726517	-15.910700	20.286100	25.000000
4.465109	2.487312	5.786452	4.448472	2.476382	5.739643	-15.910700	21.383800	25.000000
4.465109	2.487312	5.786452	4.437274	2.479606	5.765403	-15.910700	22.006000	25.000000
4.465109	2.487312	5.786452	4.428905	2.482034	5.766781	-15.910700	23.103700	25.000000
4.465557	2.487181	5.786725	4.503887	2.496942	5.794749	-15.050800	-4.414400	25.000000
4.465586	2.487172	5.786692	4.492983	2.500177	5.799574	-15.050800	-3.792210	25.000000
4.465586	2.487172	5.786692	4.407641	2.488281	5.806183	-15.050800	-2.694510	25.000000
4.465586	2.487172	5.786692	4.466195	2.508253	5.833073	-15.050800	-2.072330	25.000000
4.465574	2.487176	5.786705	4.458161	2.510711	5.826340	-15.050800	-0.974634	25.000000
4.465571	2.487177	5.786709	4.520011	2.569382	5.911025	-15.050800	-0.352454	25.000000
4.465571	2.487177	5.786709	4.471432	2.545393	5.912294	-15.050800	0.745246	25.000000
4.465586	2.487172	5.786692	4.433340	2.751334	0.357383	-15.050800	1.367430	25.000000
4.465586	2.487172	5.786692	4.580437	2.679477	0.247354	-15.050800	2.465130	25.000000
4.465586	2.487172	5.786692	4.959395	2.099129	6.085790	-15.050800	3.087310	25.000000
4.465586	2.487172	5.786692	3.902563	2.334849	5.191908	-15.050800	4.185010	25.000000
4.465586	2.487172	5.786692	4.465871	0.602313	5.598568	-15.050800	4.807190	25.000000
4.465586	2.487172	5.786692	4.393006	1.620897	5.188268	-15.050800	5.904890	25.000000
4.465586	2.487172	5.786692	4.269016	0.418845	5.690390	-15.050800	6.527070	25.000000
4.465586	2.487172	5.786692	4.671028	0.271441	5.801682	-15.050800	7.624770	25.000000
4.465586	2.487172	5.786692	3.655639	0.376193	5.269410	-15.050800	8.246950	25.000000
4.465586	2.487172	5.786692	5.159389	0.375450	5.190220	-15.050800	9.344650	25.000000
4.465586	2.487172	5.786692	4.737278	0.639912	5.482788	-15.050800	9.966830	25.000000
4.465354	2.487240	5.786951	4.104692	0.549697	5.130140	-15.050800	11.064500	25.000000
4.465644	2.487155	5.786628	4.954685	0.833767	5.978674	-15.050800	11.686700	25.000000
4.465644	2.487155	5.786628	3.847960	1.176001	0.749557	-15.050800	12.784400	25.000000
4.465644	2.487155	5.786628	5.549964	2.194182	4.796820	-15.050800	13.406600	25.000000
4.465644	2.487155	5.786628	2.818883	1.421244	0.593973	-15.050800	14.504300	25.000000
4.465644	2.487155	5.786628	2.637139	1.738428	4.700851	-15.050800	15.126500	25.000000
4.465644	2.487155	5.786628	5.767148	2.401886	4.499858	-15.050800	16.224200	25.000000
4.465354	2.487240	5.786951	4.795581	2.358856	5.252808	-15.050800	16.846300	25.000000
4.465644	2.487155	5.786628	4.106446	2.389936	5.182416	-15.050800	17.944100	25.000000
4.465354	2.487240	5.786951	4.427878	2.482334	5.652220	-15.050800	18.566200	25.000000
4.465354	2.487240	5.786951	4.494886	2.463328	5.653868	-15.050800	19.663900	25.000000
4.465644	2.487155	5.786628	4.448472	2.476382	5.739643	-15.050800	20.286100	25.000000
4.465644	2.487155	5.786628	4.428431	2.482173	5.745294	-15.050800	21.383800	25.000000
4.465644	2.487155	5.786628	4.442623	2.478062	5.767212	-15.050800	22.006000	25.000000
4.465644	2.487155	5.786628	4.428905	2.482034	5.766781	-15.050800	23.103700	25.000000
4.465022	2.487337	5.786550	4.501078	2.497772	5.798018	-14.190800	-5.512100	25.000000
4.465051	2.487329	5.786517	4.490212	2.501004	5.802873	-14.190800	-3.792210	25.000000
4.465051	2.487329	5.786517	4.487460	2.501827	5.806183	-14.190800	-2.694510	25.000000
4.465051	2.487329	5.786517	4.463463	2.509087	5.828012	-14.190800	-2.072330	25.000000
4.465039	2.487332	5.786530	4.463407	2.509104	5.819538	-14.190800	-0.974634	25.000000
4.465036	2.487333	5.786533	4.523030	2.568346	5.894352	-14.190800	-0.352454	25.000000
4.465036	2.487333	5.786533	4.478002	2.543234	5.879855	-14.190800	0.745246	25.000000
4.465051	2.487329	5.786517	4.366697	2.675039	6.217860	-14.190800	1.367430	25.000000
4.465051	2.487329	5.786517	4.560755	2.741180	0.093568	-14.190800	2.465130	25.000000
4.465051	2.487329	5.786517	5.499600	2.308751	1.281694	-14.190800	3.087310	25.000000
4.465051	2.487329	5.786517	3.091392	2.232688	2.016838	-14.190800	4.185010	25.000000
4.465051	2.487329	5.786517	4.039468	2.260388	0.102861	-14.190800	4.807190	25.000000
4.465051	2.487329	5.786517	4.875377	1.275253	5.356319	-14.190800	5.904890	25.000000
4.465051	2.487329	5.786517	4.147590	0.609816	6.066799	-14.190800	6.527070	25.000000
4.465051	2.487329	5.786517	4.775144	0.650489	5.132720	-14.190800	7.624770	25.000000
4.465051	2.487329	5.786517	4.021443	0.333402	5.005301	-14.190800	8.246950	25.000000
4.465051	2.487329	5.786517	4.867895	0.333303	4.838302	-14.190800	9.344650	25.000000
4.465051	2.487329	5.786517	4.670782	0.620534	5.788246	-14.190800	9.966830	25.000000
4.464819	2.487396	5.786776	4.269204	0.282482	5.793228	-14.190800	11.064500	25.000000
4.465109	2.487312	5.786452	4.451123	0.927485	5.980970	-14.190800	11.686700	25.000000
4.465109	2.487312	5.786452	4.458307	1.419944	1.021817	-14.190800	12.784400	25.000000
4.465109	2.487312	5.786452	4.041930	1.674895	6.278210	-14.190800	13.406600	25.000000
4.465109	2.487312	5.786452	4.833084	1.986101	1.345014	-14.190800	14.504300	25.000000
4.465109	2.487312	5.786452	4.898622	1.143510	4.206598	-14.190800	15.126500	25.000000
4.465109	2.487312	5.786452	3.863418	1.617404	3.846284	-14.190800	16.224200	25.000000
4.464819	2.487396	5.786776	4.565873	2.444258	5.347705	-14.190800	16.846300	25.000000
4.465109	2.487312	5.786452	4.364734	2.463819	5.479701	-14.190800	17.944100	25.000000
4.464819	2.487396	5.786776	4.524820	2.490813	5.668873	-14.190800	18.566200	25.000000
4.464819	2.487396	5.786776	4.438288	2.479313	5.701280	-14.190800	19.663900	25.000000
4.465109	2.487312	5.786452	4.441171	2.478481	5.754058	-14.190800	20.286100	25.000000
4.465109	2.487312	5.786452	4.433700	2.480641	5.747177	-14.190800	21.383800	25.000000
4.465109	2.487312	5.786452	4.439595	2.478935	5.770397	-14.190800	22.006000	25.000000
4.465109	2.487312	5.786452	4.434242	2.480484	5.768595	-14.190800	23.103700	25.000000
4.465022	2.487337	5.786550	4.498589	2.498510	5.793010	-13.330900	-5.512100	25.000000
4.465051	2.487329	5.786517	4.492983	2.500177	5.799574	-13.330900	-3.792210	25.000000
4.465051	2.487329	5.786517	4.487460	2.501827	5.806183	-13.330900	-2.694510	25.000000
4.465051	2.487329	5.786517	4.468702	2.507489	5.821227	-13.330900	-2.072330	25.000000
4.465039	2.487332	5.786530	4.458127	2.510721	5.817837	-13.330900	-0.974634	25.000000
4.465036	2.487333	5.786533	4.489911	2.539355	5.870550	-13.330900	-0.352454	25.000000
4.465036	2.487333	5.786533	4.459069	2.549491	5.860881	-13.330900	0.745246	25.000000
4.465051	2.487329	5.786517	4.529172	2.702747	6.004172	-13.330900	1.367430	25.000000
4.465051	2.487329	5.786517	4.505685	2.663268	6.167203	-13.330900	2.465130	25.000000
4.465051	2.487329	5.786517	3.771008	1.161710	2.580849	-13.330900	3.087310	25.000000
4.465051	2.487329	5.786517	5.104586	0.202776	2.494201	-13.330900	4.185010	25.000000
4.465051	2.487329	5.786517	2.726097	1.371392	0.763697	-13.330900	4.807190	25.000000
4.465051	2.487329	5.786517	5.596794	2.725832	4.462046	-13.330900	5.904890	25.000000
4.465051	2.487329	5.786517	3.996561	1.188749	5.654786	-13.330900	6.527070	25.000000
4.465051	2.487329	5.786517	4.889744	0.829992	5.368085	-13.330900	7.624770	25.000000
4.465051	2.487329	5.786517	4.478661	0.598574	5.787634	-13.330900	8.246950	25.000000
4.465051	2.487329	5.786517	4.458845	0.703583	5.682683	-13.330900	9.344650	25.000000
4.465051	2.487329	5.786517	4.687483	0.727755	6.007088	-13.330900	9.966830	25.000000
4.464819	2.487396	5.786776	4.184794	0.837814	6.202714	-13.330900	11.064500	25.000000
4.465109	2.487312	5.786452	2.842886	2.185698	0.533034	-13.330900	11.686700	25.000000
4.465109	2.487312	5.786452	5.633649	0.791303	0.231662	-13.330900	12.784400	25.000000
4.465109	2.487312	5.786452	4.327031	2.227006	6.154489	-13.330900	13.406600	25.000000
4.465109	2.487312	5.786452	4.591405	1.905909	0.927756	-13.330900	14.504300	25.000000
4.465109	2.487312	5.786452	3.903242	1.694083	4.334280	-13.330900	15.126500	25.000000
4.465109	2.487312	5.786452	4.996449	1.628870	4.072096	-13.330900	16.224200	25.000000
4.464819	2.487396	5.786776	4.355686	2.504027	5.557824	-13.330900	16.846300	25.000000
4.465109	2.487312	5.786452	4.509457	2.459328	5.522658	-13.330900	17.944100	25.000000
4.464819	2.487396	5.786776	4.441678	2.478335	5.698225	-13.330900	18.566200	25.000000
4.464819	2.487396	5.786776	4.423539	2.483600	5.721843	-13.330900	19.663900	25.000000
4.465109	2.487312	5.786452	4.429684	2.481808	5.758557	-13.330900	20.286100	25.000000
4.465109	2.487312	5.786452	4.432764	2.480912	5.755375	-13.330900	21.383800	25.000000
4.465109	2.487312	5.786452	4.431230	2.481358	5.771798	-13.330900	23.103700	25.000000
4.465557	2.487181	5.786725	4.503887	2.496942	5.794749	-12.471000	-5.512100	25.000000
4.465586	2.487172	5.786692	4.495776	2.499345	5.796286	-12.471000	-3.792210	25.000000
4.465586	2.487172	5.786692	4.492983	2.500177	5.799574	-12.471000	-2.694510	25.000000
4.465586	2.487172	5.786692	4.471432	2.506659	5.809420	-12.471000	-2.072330	25.000000
4.465574	2.487176	5.786705	4.460785	2.509906	5.814444	-12.471000	-0.974634	25.000000
4.465571	2.487177	5.786709	4.471577	2.545345	5.860513	-12.471000	-0.352454	25.000000
4.465571	2.487177	5.786709	4.495787	2.537456	5.833547	-12.471000	0.745246	25.000000
4.465586	2.487172	5.786692	4.398238	2.613922	6.022874	-12.471000	1.367430	25.000000
4.465586	2.487172	5.786692	4.517842	2.658104	5.902679	-12.471000	2.465130	25.000000
4.465586	2.487172	5.786692	4.515329	2.423391	2.135460	-12.471000	3.087310	25.000000
4.465586	2.487172	5.786692	4.438040	2.598731	1.522798	-12.471000	4.185010	25.000000
4.465586	2.487172	5.786692	4.146951	2.531997	1.461069	-12.471000	4.807190	25.000000
4.465586	2.487172	5.786692	4.674676	1.989356	4.951121	-12.471000	5.904890	25.000000
4.465586	2.487172	5.786692	4.828882	1.381213	5.542533	-12.471000	6.527070	25.000000
4.465586	2.487172	5.786692	4.055478	1.288423	5.773593	-12.471000	7.624770	25.000000
4.465586	2.487172	5.786692	4.600054	1.199269	5.915676	-12.471000	8.246950	25.000000
4.465586	2.487172	5.786692	4.351276	1.324713	6.043954	-12.471000	9.344650	25.000000
4.465586	2.487172	5.786692	4.469787	1.365774	5.926019	-12.471000	9.966830	25.000000
4.465354	2.487240	5.786951	4.462567	1.342491	6.022583	-12.471000	11.064500	25.000000
4.465644	2.487155	5.786628	3.290350	2.017023	0.569313	-12.471000	11.686700	25.000000
4.465644	2.487155	5.786628	5.447201	1.519371	5.793228	-12.471000	12.784400	25.000000
4.465644	2.487155	5.786628	2.525411	2.715876	4.964344	-12.471000	13.406600	25.000000
4.465644	2.487155	5.786628	5.748922	2.364817	4.811811	-12.471000	14.504300	25.000000
4.465644	2.487155	5.786628	4.547582	2.449073	5.259306	-12.471000	15.126500	25.000000
4.465644	2.487155	5.786628	4.398011	2.491147	4.947350	-12.471000	16.224200	25.000000
4.465354	2.487240	5.786951	4.462118	2.509498	5.597189	-12.471000	16.846300	25.000000
4.465644	2.487155	5.786628	4.520642	2.492028	5.653582	-12.471000	17.944100	25.000000
4.465354	2.487240	5.786951	4.426805	2.482647	5.718720	-12.471000	18.566200	25.000000
4.465354	2.487240	5.786951	4.429503	2.481860	5.737080	-12.471000	19.663900	25.000000
4.465644	2.487155	5.786628	4.506107	2.496287	5.761751	-12.471000	20.286100	25.000000
4.465644	2.487155	5.786628	4.516569	2.493216	5.765403	-12.471000	21.383800	25.000000
4.465644	2.487155	5.786628	4.431230	2.481358	5.771798	-12.471000	23.103700	25.000000
4.465051	2.487329	5.786517	4.492983	2.500177	5.799574	-11.611000	-2.694510	25.000000
4.465051	2.487329	5.786517	4.471622	2.506602	5.800990	-11.611000	-2.072330	25.000000
4.465039	2.487332	5.786530	4.476718	2.505058	5.811135	-11.611000	-0.974634	25.000000
4.465036	2.487333	5.786533	4.485588	2.540758	5.830119	-11.611000	-0.352454	25.000000
4.465036	2.487333	5.786533	4.516171	2.530947	5.831627	-11.611000	0.745246	25.000000
4.465051	2.487329	5.786517	4.438299	2.598634	5.940748	-11.611000	1.367430	25.000000
4.465051	2.487329	5.786517	4.436812	2.599190	5.841019	-11.611000	2.465130	25.000000
4.465051	2.487329	5.786517	4.456627	2.800581	0.233588	-11.611000	3.087310	25.000000
4.465051	2.487329	5.786517	4.369284	2.963272	6.169393	-11.611000	4.185010	25.000000
4.465051	2.487329	5.786517	4.899847	2.939369	0.735081	-11.611000	4.807190	25.000000
4.465051	2.487329	5.786517	4.053270	2.664147	5.091898	-11.611000	5.904890	25.000000
4.465051	2.487329	5.786517	4.431072	1.964547	5.738575	-11.611000	6.527070	25.000000
4.465051	2.487329	5.786517	4.513291	1.630655	5.912984	-11.611000	7.624770	25.000000
4.465051	2.487329	5.786517	4.463015	1.640312	6.129853	-11.611000	8.246950	25.000000
4.465051	2.487329	5.786517	4.500056	1.992027	6.054744	-11.611000	9.344650	25.000000
4.465051	2.487329	5.786517	4.405599	2.075417	5.791703	-11.611000	9.966830	25.000000
4.464819	2.487396	5.786776	4.545734	2.086066	5.535337	-11.611000	11.064500	25.000000
4.465109	2.487312	5.786452	3.148079	2.437763	5.525558	-11.611000	11.686700	25.000000
4.465109	2.487312	5.786452	5.376105	2.355805	4.672936	-11.611000	12.784400	25.000000
4.465109	2.487312	5.786452	3.677010	1.576236	3.926991	-11.611000	13.406600	25.000000
4.465109	2.487312	5.786452	5.182673	1.866440	3.869910	-11.611000	14.504300	25.000000
4.465109	2.487312	5.786452	4.518916	2.530080	5.372080	-11.611000	15.126500	25.000000
4.465109	2.487312	5.786452	4.430542	2.519296	5.533389	-11.611000	16.224200	25.000000
4.464819	2.487396	5.786776	4.517577	2.492922	5.688069	-11.611000	16.846300	25.000000
4.465109	2.487312	5.786452	4.453370	2.512186	5.674022	-11.611000	17.944100	25.000000
4.464819	2.487396	5.786776	4.414805	2.486165	5.744678	-11.611000	18.566200	25.000000
4.464819	2.487396	5.786776	4.516149	2.493339	5.744024	-11.611000	19.663900	25.000000
4.465109	2.487312	5.786452	4.511330	2.494750	5.763583	-11.611000	20.286100	25.000000
4.465109	2.487312	5.786452	4.425890	2.482914	5.769992	-11.611000	21.383800	25.000000
4.465109	2.487312	5.786452	4.504775	2.496679	5.778239	-11.611000	22.006000	25.000000
4.465557	2.487181	5.786725	4.501422	2.497670	5.789745	-10.751100	-5.512100	25.000000
4.465586	2.487172	5.786692	4.498589	2.498510	5.793010	-10.751100	-3.792210	25.000000
4.465586	2.487172	5.786692	4.492983	2.500177	5.799574	-10.751100	-2.694510	25.000000
4.465586	2.487172	5.786692	4.471622	2.506602	5.800990	-10.751100	-2.072330	25.000000
4.465574	2.487176	5.786705	4.482165	2.503416	5.804463	-10.751100	-0.974634	25.000000
4.465571	2.487177	5.786709	4.516204	2.530937	5.805722	-10.751100	-0.352454	25.000000
4.465571	2.487177	5.786709	4.437173	2.517216	5.828158	-10.751100	0.745246	25.000000
4.465586	2.487172	5.786692	4.483358	2.582203	5.821417	-10.751100	1.367430	25.000000
4.465586	2.487172	5.786692	4.423279	2.561631	5.880460	-10.751100	2.465130	25.000000
4.465586	2.487172	5.786692	4.482243	2.784826	5.951334	-10.751100	3.087310	25.000000
4.465586	2.487172	5.786692	4.467583	2.679987	5.934414	-10.751100	4.185010	25.000000
4.465586	2.487172	5.786692	5.146572	2.721937	2.145572	-10.751100	4.807190	25.000000
4.465586	2.487172	5.786692	3.821060	2.613232	2.736019	-10.751100	5.904890	25.000000
4.465586	2.487172	5.786692	3.818869	2.668835	0.654083	-10.751100	6.527070	25.000000
4.465586	2.487172	5.786692	4.994152	2.861841	4.084552	-10.751100	7.624770	25.000000
4.465586	2.487172	5.786692	4.384130	2.575407	0.038279	-10.751100	8.246950	25.000000
4.465586	2.487172	5.786692	4.605432	2.775352	5.884663	-10.751100	9.344650	25.000000
4.465586	2.487172	5.786692	4.764620	2.395846	3.808604	-10.751100	9.966830	25.000000
4.465354	2.487240	5.786951	4.134610	2.803102	4.362996	-10.751100	11.064500	25.000000
4.465644	2.487155	5.786628	4.142765	1.329490	3.475921	-10.751100	11.686700	25.000000
4.465644	2.487155	5.786628	4.854369	1.436493	3.208161	-10.751100	12.784400	25.000000
4.465644	2.487155	5.786628	4.240106	2.584953	5.342498	-10.751100	13.406600	25.000000
4.465644	2.487155	5.786628	4.640312	2.568929	5.015274	-10.751100	14.504300	25.000000
4.465644	2.487155	5.786628	4.390922	2.531986	5.638889	-10.751100	15.126500	25.000000
4.465644	2.487155	5.786628	4.560482	2.517199	5.572118	-10.751100	16.224200	25.000000
4.465354	2.487240	5.786951	4.488485	2.501520	5.729331	-10.751100	16.846300	25.000000
4.465644	2.487155	5.786628	4.490880	2.500804	5.699315	-10.751100	17.944100	25.000000
4.465354	2.487240	5.786951	4.435865	2.480014	5.752205	-10.751100	18.566200	25.000000
4.465354	2.487240	5.786951	4.495709	2.499365	5.758051	-10.751100	19.663900	25.000000
4.465644	2.487155	5.786628	4.513591	2.494088	5.768595	-10.751100	20.286100	25.000000
4.465644	2.487155	5.786628	4.505386	2.496499	5.769992	-10.751100	21.383800	25.000000
4.465289	2.487259	5.786637	4.501422	2.497670	5.789745	-9.891150	-5.512100	25.000000
4.465318	2.487251	5.786605	4.484919	2.502588	5.801145	-9.891150	-2.072330	25.000000
4.465307	2.487254	5.786618	4.482421	2.503339	5.796091	-9.891150	-0.974634	25.000000
4.465304	2.487255	5.786621	4.463631	2.509035	5.802590	-9.891150	-0.352454	25.000000
4.465304	2.487255	5.786621	4.434524	2.518045	5.814356	-9.891150	0.745246	25.000000
4.465318	2.487251	5.786605	4.468109	2.546490	5.801682	-9.891150	1.367430	25.000000
4.465318	2.487251	5.786605	4.443478	2.554728	5.846804	-9.891150	2.465130	25.000000
4.465318	2.487251	5.786605	4.523594	2.655688	5.779305	-9.891150	3.087310	25.000000
4.465318	2.487251	5.786605	4.394872	2.615238	5.902679	-9.891150	4.185010	25.000000
4.465318	2.487251	5.786605	4.493963	2.936742	5.755898	-9.891150	4.807190	25.000000
4.465318	2.487251	5.786605	4.399966	2.770207	5.836343	-9.891150	5.904890	25.000000
4.465318	2.487251	5.786605	4.783860	2.642364	3.126354	-9.891150	6.527070	25.000000
4.465318	2.487251	5.786605	4.046581	2.989716	3.226796	-9.891150	7.624770	25.000000
4.465318	2.487251	5.786605	4.677321	1.766601	2.945479	-9.891150	8.246950	25.000000
4.465318	2.487251	5.786605	4.174027	1.812726	3.302685	-9.891150	9.344650	25.000000
4.465318	2.487251	5.786605	5.186145	2.338045	3.540505	-9.891150	9.966830	25.000000
4.465086	2.487318	5.786864	3.601403	2.555320	4.001585	-9.891150	11.064500	25.000000
4.465376	2.487234	5.786540	4.104875	2.753754	5.095288	-9.891150	11.686700	25.000000
4.465376	2.487234	5.786540	4.784872	2.599958	5.046959	-9.891150	12.784400	25.000000
4.465376	2.487234	5.786540	4.341716	2.590967	5.538263	-9.891150	13.406600	25.000000
4.465376	2.487234	5.786540	4.527924	2.527248	5.522173	-9.891150	14.504300	25.000000
4.465376	2.487234	5.786540	4.477644	2.504778	5.698308	-9.891150	15.126500	25.000000
4.465376	2.487234	5.786540	4.429447	2.519640	5.662936	-9.891150	16.224200	25.000000
4.465086	2.487318	5.786864	4.491637	2.500578	5.726165	-9.891150	16.846300	25.000000
4.465376	2.487234	5.786540	4.494497	2.499726	5.744678	-9.891150	17.944100	25.000000
4.465086	2.487318	5.786864	4.494942	2.499594	5.766343	-9.891150	18.566200	25.000000
4.465086	2.487318	5.786864	4.506107	2.496287	5.761751	-9.891150	19.663900	25.000000
4.465289	2.487259	5.786637	4.501422	2.497670	5.789745	-9.031210	-5.512100	25.000000
4.465318	2.487251	5.786605	4.498589	2.498510	5.793010	-9.031210	-2.694510	25.000000
4.465307	2.487254	5.786618	4.482421	2.503339	5.796091	-9.031210	-0.974634	25.000000
4.465304	2.487255	5.786621	4.460908	2.509869	5.805956	-9.031210	-0.352454	25.000000
4.465304	2.487255	5.786621	4.455929	2.511397	5.795692	-9.031210	0.745246	25.000000
4.465318	2.487251	5.786605	4.490946	2.539019	5.796695	-9.031210	1.367430	25.000000
4.465318	2.487251	5.786605	4.498189	2.536683	5.821286	-9.031210	2.465130	25.000000
4.465318	2.487251	5.786605	4.456007	2.592084	5.781095	-9.031210	3.087310	25.000000
4.465318	2.487251	5.786605	4.413672	2.564962	5.836265	-9.031210	4.185010	25.000000
4.465318	2.487251	5.786605	4.498366	2.666416	5.701921	-9.031210	4.807190	25.000000
4.465318	2.487251	5.786605	4.476036	2.676205	5.846257	-9.031210	5.904890	25.000000
4.465318	2.487251	5.786605	4.468087	2.732843	5.593494	-9.031210	6.527070	25.000000
4.465318	2.487251	5.786605	4.430463	2.817632	5.618411	-9.031210	7.624770	25.000000
4.465318	2.487251	5.786605	4.467270	2.793930	5.353262	-9.031210	8.246950	25.000000
4.465318	2.487251	5.786605	4.573554	2.793977	5.352039	-9.031210	9.344650	25.000000
4.465318	2.487251	5.786605	4.514377	2.659568	5.382652	-9.031210	9.966830	25.000000
4.465086	2.487318	5.786864	4.449595	2.742547	5.387130	-9.031210	11.064500	25.000000
4.465376	2.487234	5.786540	4.373054	2.623889	5.517392	-9.031210	11.686700	25.000000
4.465376	2.487234	5.786540	4.521703	2.568801	5.555526	-9.031210	12.784400	25.000000
4.465376	2.487234	5.786540	4.452640	2.512411	5.654950	-9.031210	13.406600	25.000000
4.465376	2.487234	5.786540	4.441137	2.555521	5.656784	-9.031210	14.504300	25.000000
4.465376	2.487234	5.786540	4.477164	2.504923	5.733745	-9.031210	15.126500	25.000000
4.465376	2.487234	5.786540	4.462925	2.509251	5.705698	-9.031210	16.224200	25.000000
4.465086	2.487318	5.786864	4.406461	2.488631	5.745969	-9.031210	16.846300	25.000000
4.465376	2.487234	5.786540	4.503909	2.496935	5.756707	-9.031210	17.944100	25.000000
4.465086	2.487318	5.786864	4.508348	2.495627	5.766781	-9.031210	18.566200	25.000000
4.465086	2.487318	5.786864	4.502444	2.497368	5.773213	-9.031210	19.663900	25.000000
4.465289	2.487259	5.786637	4.501422	2.497670	5.789745	-8.171270	-7.231980	25.000000
4.465318	2.487251	5.786605	4.501422	2.497670	5.789745	-8.171270	-3.792210	25.000000
4.465304	2.487255	5.786621	4.471924	2.506510	5.792563	-8.171270	-0.352454	25.000000
4.465304	2.487255	5.786621	4.391515	2.493094	5.800990	-8.171270	0.745246	25.000000
4.465318	2.487251	5.786605	4.521305	2.529327	5.807490	-8.171270	1.367430	25.000000
4.465318	2.487251	5.786605	4.435234	2.517823	5.788460	-8.171270	2.465130	25.000000
4.465318	2.487251	5.786605	4.530088	2.565937	5.779631	-8.171270	3.087310	25.000000
4.465318	2.487251	5.786605	4.472941	2.544896	5.812420	-8.171270	4.185010	25.000000
4.465318	2.487251	5.786605	4.469497	2.587176	5.796728	-8.171270	4.807190	25.000000
4.465318	2.487251	5.786605	4.451539	2.593725	5.744245	-8.171270	5.904890	25.000000
4.465318	2.487251	5.786605	4.399739	2.613337	5.732712	-8.171270	6.527070	25.000000
4.465318	2.487251	5.786605	4.455794	2.636780	5.692609	-8.171270	7.624770	25.000000
4.465318	2.487251	5.786605	4.470861	2.630714	5.640599	-8.171270	8.246950	25.000000
4.465318	2.487251	5.786605	4.462163	2.634202	5.651676	-8.171270	9.344650	25.000000
4.465318	2.487251	5.786605	4.458363	2.591222	5.601077	-8.171270	9.966830	25.000000
4.465086	2.487318	5.786864	4.442128	2.597208	5.661420	-8.171270	11.064500	25.000000
4.465376	2.487234	5.786540	4.454268	2.551096	5.643716	-8.171270	11.686700	25.000000
4.465376	2.487234	5.786540	4.383891	2.534287	5.694074	-8.171270	12.784400	25.000000
4.465376	2.487234	5.786540	4.422409	2.521864	5.711380	-8.171270	13.406600	25.000000
4.465376	2.487234	5.786540	4.471465	2.506649	5.718191	-8.171270	14.504300	25.000000
4.465376	2.487234	5.786540	4.495553	2.499412	5.736396	-8.171270	15.126500	25.000000
4.465376	2.487234	5.786540	4.470000	2.507094	5.748591	-8.171270	16.224200	25.000000
4.465086	2.487318	5.786864	4.494942	2.499594	5.766343	-8.171270	16.846300	25.000000
4.465376	2.487234	5.786540	4.421323	2.484249	5.759907	-8.171270	17.944100	25.000000
4.465086	2.487318	5.786864	4.507693	2.495819	5.775013	-8.171270	18.566200	25.000000
4.465086	2.487318	5.786864	4.502444	2.497368	5.773213	-8.171270	19.663900	25.000000
4.465318	2.487251	5.786605	4.501422	2.497670	5.789745	-7.311330	-2.694510	25.000000
4.465318	2.487251	5.786605	4.496143	2.499236	5.787987	-7.311330	-2.072330	25.000000
4.465304	2.487255	5.786621	4.477164	2.504923	5.794333	-7.311330	-0.352454	25.000000
4.465304	2.487255	5.786621	4.479967	2.504078	5.791022	-7.311330	0.745246	25.000000
4.465318	2.487251	5.786605	4.458397	2.510639	5.800832	-7.311330	1.367430	25.000000
4.465318	2.487251	5.786605	4.456299	2.511283	5.787181	-7.311330	2.465130	25.000000
4.465318	2.487251	5.786605	4.414034	2.524528	5.798525	-7.311330	3.087310	25.000000
4.465318	2.487251	5.786605	4.509457	2.533078	5.781362	-7.311330	4.185010	25.000000
4.465318	2.487251	5.786605	4.476405	2.543758	5.782255	-7.311330	4.807190	25.000000
4.465318	2.487251	5.786605	4.444997	2.554214	5.765046	-7.311330	5.904890	25.000000
4.465318	2.487251	5.786605	4.435200	2.557541	5.737156	-7.311330	6.527070	25.000000
4.465318	2.487251	5.786605	4.495920	2.577756	5.750617	-7.311330	7.624770	25.000000
4.465318	2.487251	5.786605	4.504620	2.574709	5.715822	-7.311330	8.246950	25.000000
4.465318	2.487251	5.786605	4.428160	2.559950	5.714565	-7.311330	9.344650	25.000000
4.465318	2.487251	5.786605	4.477332	2.543454	5.703983	-7.311330	9.966830	25.000000
4.465086	2.487318	5.786864	4.451067	2.552169	5.710876	-7.311330	11.064500	25.000000
4.465376	2.487234	5.786540	4.501111	2.535744	5.714661	-7.311330	11.686700	25.000000
4.465376	2.487234	5.786540	4.440833	2.516073	5.728255	-7.311330	12.784400	25.000000
4.465376	2.487234	5.786540	4.467057	2.507990	5.729796	-7.311330	13.406600	25.000000
4.465376	2.487234	5.786540	4.470000	2.507094	5.748591	-7.311330	14.504300	25.000000
4.465376	2.487234	5.786540	4.419106	2.484899	5.754844	-7.311330	15.126500	25.000000
4.465376	2.487234	5.786540	4.484562	2.502696	5.762648	-7.311330	16.224200	25.000000
4.465086	2.487318	5.786864	4.500156	2.498045	5.768173	-7.311330	16.846300	25.000000
4.465376	2.487234	5.786540	4.502444	2.497368	5.773213	-7.311330	17.944100	25.000000
4.465086	2.487318	5.786864	4.507693	2.495819	5.775013	-7.311330	18.566200	25.000000
4.465318	2.487251	5.786605	4.496143	2.499236	5.787987	-6.451390	-2.072330	25.000000
4.465307	2.487254	5.786618	4.498589	2.498510	5.793010	-6.451390	-0.974634	25.000000
4.465304	2.487255	5.786621	4.479967	2.504078	5.791022	-6.451390	0.745246	25.000000
4.465318	2.487251	5.786605	4.458699	2.510546	5.792334	-6.451390	1.367430	25.000000
4.465318	2.487251	5.786605	4.474729	2.505660	5.789244	-6.451390	2.465130	25.000000
4.465318	2.487251	5.786605	4.456299	2.511283	5.787181	-6.451390	3.087310	25.000000
4.465318	2.487251	5.786605	4.440822	2.516076	5.781690	-6.451390	4.185010	25.000000
4.465318	2.487251	5.786605	4.424986	2.521048	5.784769	-6.451390	4.807190	25.000000
4.465318	2.487251	5.786605	4.423257	2.521595	5.770796	-6.451390	5.904890	25.000000
4.465318	2.487251	5.786605	4.485265	2.540863	5.763061	-6.451390	6.527070	25.000000
4.465318	2.487251	5.786605	4.413899	2.524571	5.758211	-6.451390	7.624770	25.000000
4.465318	2.487251	5.786605	4.412732	2.524944	5.744110	-6.451390	8.246950	25.000000
4.465318	2.487251	5.786605	4.491781	2.538749	5.747480	-6.451390	9.344650	25.000000
4.465318	2.487251	5.786605	4.508392	2.533417	5.736108	-6.451390	9.966830	25.000000
4.465086	2.487318	5.786864	4.438671	2.516747	5.745408	-6.451390	11.064500	25.000000
4.465376	2.487234	5.786540	4.450843	2.512966	5.754561	-6.451390	11.686700	25.000000
4.465376	2.487234	5.786540	4.470995	2.506792	5.740178	-6.451390	12.784400	25.000000
4.465376	2.487234	5.786540	4.490534	2.500907	5.756184	-6.451390	13.406600	25.000000
4.465376	2.487234	5.786540	4.476438	2.505143	5.764039	-6.451390	14.504300	25.000000
4.465376	2.487234	5.786540	4.412256	2.486916	5.769579	-6.451390	15.126500	25.000000
4.465376	2.487234	5.786540	4.500156	2.498045	5.768173	-6.451390	16.224200	25.000000
4.465376	2.487234	5.786540	4.499522	2.498233	5.776447	-6.451390	17.944100	25.000000
4.465086	2.487318	5.786864	4.504775	2.496679	5.778239	-6.451390	19.663900	25.000000
4.465372	2.487235	5.786622	4.496143	2.499236	5.787987	-5.591450	-2.072330	25.000000
4.465360	2.487238	5.786635	4.501422	2.497670	5.789745	-5.591450	-0.974634	25.000000
4.465357	2.487239	5.786639	4.493306	2.500081	5.791259	-5.591450	0.745246	25.000000
4.465372	2.487235	5.786622	4.482789	2.503228	5.787723	-5.591450	1.367430	25.000000
4.465372	2.487235	5.786622	4.477555	2.504805	5.785937	-5.591450	2.465130	25.000000
4.465372	2.487235	5.786622	4.461491	2.509690	5.788987	-5.591450	3.087310	25.000000
4.465372	2.487235	5.786622	4.469989	2.507098	5.779019	-5.591450	4.185010	25.000000
4.465372	2.487235	5.786622	4.453942	2.512009	5.782013	-5.591450	4.807190	25.000000
4.465372	2.487235	5.786622	4.451629	2.512723	5.776829	-5.591450	5.904890	25.000000
4.465372	2.487235	5.786622	4.447134	2.514114	5.766414	-5.591450	6.527070	25.000000
4.465372	2.487235	5.786622	4.525627	2.527968	5.769751	-5.591450	7.624770	25.000000
4.465372	2.487235	5.786622	4.450045	2.513212	5.763091	-5.591450	8.246950	25.000000
4.465372	2.487235	5.786622	4.444952	2.514791	5.761185	-5.591450	9.344650	25.000000
4.465372	2.487235	5.786622	4.455929	2.511397	5.756481	-5.591450	9.966830	25.000000
4.465140	2.487303	5.786881	4.464000	2.508923	5.755111	-5.591450	11.064500	25.000000
4.465430	2.487218	5.786558	4.473500	2.506032	5.767309	-5.591450	11.686700	25.000000
4.465430	2.487218	5.786558	4.482377	2.503352	5.757537	-5.591450	12.784400	25.000000
4.465430	2.487218	5.786558	4.486792	2.502027	5.767745	-5.591450	13.406600	25.000000
4.465430	2.487218	5.786558	4.491993	2.500472	5.769579	-5.591450	14.504300	25.000000
4.465430	2.487218	5.786558	4.502444	2.497368	5.773213	-5.591450	15.126500	25.000000
4.465430	2.487218	5.786558	4.494285	2.499789	5.774643	-5.591450	16.224200	25.000000
4.465372	2.487235	5.786622	4.501422	2.497670	5.789745	-4.731510	-2.694510	25.000000
4.465357	2.487239	5.786639	4.496143	2.499236	5.787987	-4.731510	0.745246	25.000000
4.465372	2.487235	5.786622	4.490880	2.500804	5.786217	-4.731510	1.367430	25.000000
4.465372	2.487235	5.786622	4.490880	2.500804	5.786217	-4.731510	2.465130	25.000000
4.465372	2.487235	5.786622	4.480402	2.503947	5.782642	-4.731510	3.087310	25.000000
4.465372	2.487235	5.786622	4.477555	2.504805	5.785937	-4.731510	4.185010	25.000000
4.465372	2.487235	5.786622	4.469989	2.507098	5.779019	-4.731510	4.807190	25.000000
4.465372	2.487235	5.786622	4.467136	2.507966	5.782330	-4.731510	5.904890	25.000000
4.465372	2.487235	5.786622	4.467684	2.507799	5.773884	-4.731510	6.527070	25.000000
4.465372	2.487235	5.786622	4.467684	2.507799	5.773884	-4.731510	7.624770	25.000000
4.465372	2.487235	5.786622	4.470582	2.506918	5.770590	-4.731510	8.246950	25.000000
4.465372	2.487235	5.786622	4.473500	2.506032	5.767309	-4.731510	9.344650	25.000000
4.465372	2.487235	5.786622	4.481607	2.503584	5.765898	-4.731510	9.966830	25.000000
4.465140	2.487303	5.786881	4.478672	2.504468	5.769160	-4.731510	11.064500	25.000000
4.465430	2.487218	5.786558	4.486792	2.502027	5.767745	-4.731510	11.686700	25.000000
4.465430	2.487218	5.786558	4.489064	2.501347	5.772827	-4.731510	12.784400	25.000000
4.465430	2.487218	5.786558	4.497210	2.498919	5.771402	-4.731510	13.406600	25.000000
4.465430	2.487218	5.786558	4.494285	2.499789	5.774643	-4.731510	14.504300	25.000000
4.465430	2.487218	5.786558	4.504775	2.496679	5.778239	-4.731510	15.126500	25.000000
4.465430	2.487218	5.786558	4.502444	2.497368	5.773213	-4.731510	16.224200	25.000000
4.465430	2.487218	5.786558	4.504775	2.496679	5.778239	-4.731510	17.944100	25.000000
4.465304	2.487255	5.786621	4.496143	2.499236	5.787987	-3.871560	0.745246	25.000000
4.465318	2.487251	5.786605	4.496143	2.499236	5.787987	-3.871560	1.367430	25.000000
4.465318	2.487251	5.786605	4.485633	2.502374	5.784435	-3.871560	3.087310	25.000000
4.465318	2.487251	5.786605	4.480402	2.503947	5.782642	-3.871560	4.807190	25.000000
4.465318	2.487251	5.786605	4.478058	2.504654	5.777546	-3.871560	7.624770	25.000000
4.465318	2.487251	5.786605	4.486156	2.502217	5.776087	-3.871560	8.246950	25.000000
4.465318	2.487251	5.786605	4.480949	2.503782	5.774267	-3.871560	9.344650	25.000000
4.465318	2.487251	5.786605	4.486156	2.502217	5.776087	-3.871560	9.966830	25.000000
4.465086	2.487318	5.786864	4.489064	2.501347	5.772827	-3.871560	11.064500	25.000000
4.465376	2.487234	5.786540	4.494285	2.499789	5.774643	-3.871560	11.686700	25.000000
4.465376	2.487234	5.786540	4.491381	2.500655	5.777895	-3.871560	12.784400	25.000000
4.465376	2.487234	5.786540	4.504775	2.496679	5.778239	-3.871560	16.224200	25.000000
4.465304	2.487255	5.786621	4.501422	2.497670	5.789745	-3.011620	-0.352454	25.000000
4.465318	2.487251	5.786605	4.496143	2.499236	5.787987	-3.011620	1.367430	25.000000
4.465318	2.487251	5.786605	4.496143	2.499236	5.787987	-3.011620	2.465130	25.000000
4.465318	2.487251	5.786605	4.496143	2.499236	5.787987	-3.011620	3.087310	25.000000
4.465318	2.487251	5.786605	4.490880	2.500804	5.786217	-3.011620	4.185010	25.000000
4.465318	2.487251	5.786605	4.493740	2.499951	5.782948	-3.011620	4.807190	25.000000
4.465318	2.487251	5.786605	4.493740	2.499951	5.782948	-3.011620	5.904890	25.000000
4.465318	2.487251	5.786605	4.491381	2.500655	5.777895	-3.011620	7.624770	25.000000
4.465318	2.487251	5.786605	4.491381	2.500655	5.777895	-3.011620	8.246950	25.000000
4.465318	2.487251	5.786605	4.496621	2.499094	5.779692	-3.011620	9.966830	25.000000
4.465086	2.487318	5.786864	4.494285	2.499789	5.774643	-3.011620	11.064500	25.000000
4.465376	2.487234	5.786540	4.504775	2.496679	5.778239	-3.011620	11.686700	25.000000
4.465376	2.487234	5.786540	4.501877	2.497536	5.781477	-3.011620	13.406600	25.000000
4.465376	2.487234	5.786540	4.504775	2.496679	5.778239	-3.011620	14.504300	25.000000
4.465318	2.487251	5.786605	4.499000	2.498388	5.784726	-2.151680	4.185010	25.000000
4.465318	2.487251	5.786605	4.499000	2.498388	5.784726	-2.151680	4.807190	25.000000
4.465318	2.487251	5.786605	4.499000	2.498388	5.784726	-2.151680	5.904890	25.000000
4.465318	2.487251	5.786605	4.501877	2.497536	5.781477	-2.151680	9.344650	25.000000
4.465318	2.487251	5.786605	4.501877	2.497536	5.781477	-2.151680	9.966830	25.000000
4.465086	2.487318	5.786864	4.501877	2.497536	5.781477	-2.151680	11.064500	25.000000
4.465376	2.487234	5.786540	4.501877	2.497536	5.781477	-2.151680	11.686700	25.000000
4.465376	2.487234	5.786540	4.501877	2.497536	5.781477	-2.151680	12.784400	25.000000
4.465318	2.487251	5.786605	4.501877	2.497536	5.781477	-1.291740	7.624770	25.000000
4.465318	2.487251	5.786605	4.501877	2.497536	5.781477	-1.291740	8.246950	25.000000
4.465376	2.487234	5.786540	4.501877	2.497536	5.781477	-1.291740	12.784400	25.000000
4.465324	2.487249	5.786607	4.501877	2.497536	5.781477	-0.431804	9.344650	25.000000
