9.412000	1.570781	1.570478	9.400554	1.570520	1.559946	-12.229000	-4.060910	0.032670
9.412002	1.570769	1.570159	9.300675	1.570528	1.558754	-11.828300	-2.364650	0.054406
9.411343	1.570761	1.569946	9.300582	1.570528	1.559614	-11.540800	-1.305360	0.068061
9.410684	1.570758	1.569840	9.400609	1.570572	1.559414	-11.424400	-0.819322	0.072666
9.410000	1.570796	1.570796	9.400942	1.570318	1.556648	-11.949300	-19.807600	0.000000
9.410000	1.570796	1.570796	9.500918	1.570323	1.556902	-11.949300	-18.709900	0.000000
9.410000	1.570796	1.570796	9.400928	1.570318	1.556755	-11.949300	-18.087300	0.000002
9.410000	1.570796	1.570796	9.400928	1.570318	1.556755	-11.948900	-16.989600	0.000026
9.411000	1.570796	1.570796	9.500918	1.570323	1.556902	-11.947400	-16.362300	0.000155
9.411000	1.570796	1.570796	9.400928	1.570318	1.556755	-11.944500	-15.264600	0.000500
9.411000	1.570796	1.570690	9.400942	1.570318	1.556648	-11.941800	-14.630800	0.000627
9.411000	1.570796	1.570796	9.400942	1.570318	1.556648	-11.934100	-13.533100	0.001039
9.411000	1.570796	1.570796	9.400942	1.570318	1.556648	-11.928600	-12.890800	0.001372
9.411000	1.570796	1.570796	9.400970	1.570307	1.556436	-11.914100	-11.793200	0.001982
9.411000	1.570795	1.570796	9.400970	1.570307	1.556436	-11.901400	-11.136100	0.002547
9.410900	1.570795	1.570796	9.400999	1.570296	1.556223	-11.872200	-10.038800	0.004231
9.411300	1.570794	1.570796	9.401074	1.570286	1.555691	-11.845600	-9.357470	0.005842
9.411300	1.570792	1.570690	9.401059	1.570286	1.555797	-11.782100	-8.261620	0.009801
9.411800	1.570790	1.570584	9.401296	1.570243	1.554202	-11.718900	-7.533440	0.013833
9.411700	1.570786	1.570584	9.401230	1.570254	1.554628	-11.578300	-6.444820	0.022945
9.413101	1.570778	1.570371	9.401687	1.570169	1.551862	-11.417800	-5.631430	0.033457
9.412501	1.570766	1.570265	9.402259	1.570084	1.548885	-11.103800	-4.579780	0.053951
9.419714	1.570696	1.569098	9.305509	1.569722	1.536401	-10.532400	-3.510210	0.090593
9.413428	1.570653	1.568364	9.313444	1.569121	1.517085	-9.784300	-2.708300	0.137992
9.273680	1.570541	1.540771	6.501126	1.552183	0.927295	-5.831550	1.743240	0.197123
9.259575	1.571735	1.539375	7.401520	1.619995	1.046617	-5.440620	2.559640	-0.423861
9.257696	1.569733	1.541433	7.087714	1.616681	0.935770	-5.750050	1.928960	0.091571
9.250943	1.569865	1.540168	6.894223	1.529678	1.087671	-5.365970	2.672400	-0.618869
9.251043	1.569869	1.540168	6.893812	1.531156	1.087671	-5.366250	2.671910	-0.618399
9.257696	1.569738	1.541433	7.087280	1.615327	0.935770	-5.750280	1.928460	0.092050
9.383881	1.574642	1.540132	7.382561	1.577163	1.137442	-5.715430	1.911210	0.163739
9.190176	1.567959	1.526441	7.609703	1.613913	0.953605	-6.668690	1.370970	0.229994
9.410000	1.570796	1.570796	9.402967	1.569797	1.545695	-11.089300	-19.807600	0.000000
9.410000	1.570796	1.570796	9.402967	1.569797	1.545695	-11.089300	-18.709900	0.000000
9.410000	1.570796	1.570796	9.402967	1.569786	1.545695	-11.089200	-18.086400	0.000025
9.410000	1.570796	1.570796	9.402992	1.569786	1.545589	-11.088200	-16.988700	0.000138
9.411000	1.570796	1.570796	9.402992	1.569786	1.545589	-11.086700	-16.359600	0.000219
9.411000	1.570796	1.570796	9.402992	1.569786	1.545589	-11.083200	-15.261900	0.000596
9.411000	1.570796	1.570796	9.403017	1.569786	1.545483	-11.079700	-14.624800	0.000655
9.411000	1.570796	1.570796	9.403043	1.569786	1.545376	-11.071400	-13.527100	0.001334
9.411000	1.570796	1.570796	9.403094	1.569765	1.545164	-11.064400	-12.877600	0.001594
9.411000	1.570795	1.570796	9.403145	1.569775	1.544951	-11.045900	-11.780000	0.002524
9.411000	1.570795	1.570796	9.403356	1.569733	1.544101	-11.030200	-11.107900	0.003535
9.411000	1.570794	1.570690	9.403224	1.569743	1.544632	-10.990800	-10.010900	0.006107
9.411600	1.570792	1.570690	9.403573	1.569701	1.543250	-10.950400	-9.289210	0.008876
9.411600	1.570789	1.570690	9.404028	1.569627	1.541549	-10.854400	-8.195740	0.015648
9.413000	1.570782	1.570584	9.406524	1.569287	1.533579	-10.731900	-7.350150	0.024543
9.412701	1.570772	1.570371	9.404794	1.569531	1.538892	-10.481500	-6.281560	0.043009
9.425721	1.570645	1.568696	9.545514	1.566187	1.473213	-9.739530	-4.845140	0.098741
9.419836	1.570593	1.568026	9.055432	1.567594	1.460139	-8.983640	-4.051280	0.156606
9.257696	1.569729	1.541433	7.029293	1.618201	0.947236	-5.749840	1.929430	0.091130
9.250937	1.569862	1.540189	6.894578	1.528446	1.087671	-5.365700	2.672850	-0.619307
9.257396	1.569709	1.541432	7.194038	1.621736	0.963491	-5.748890	1.931530	0.089168
9.250834	1.569846	1.540200	6.807887	1.522657	1.080839	-5.364540	2.674840	-0.621252
9.257496	1.569709	1.541432	7.112255	1.622322	0.955457	-5.748890	1.931530	0.089166
9.250734	1.569846	1.540199	6.807887	1.522657	1.080839	-5.364540	2.674850	-0.621253
9.250734	1.569846	1.540199	6.807892	1.522642	1.080839	-5.364540	2.674850	-0.621253
9.257496	1.569709	1.541432	7.112255	1.622322	0.955457	-5.748890	1.931530	0.089166
9.250834	1.569847	1.540200	6.807887	1.522657	1.080839	-5.364540	2.674840	-0.621252
9.257396	1.569709	1.541432	7.112255	1.622322	0.955457	-5.748890	1.931530	0.089167
9.258704	1.569777	1.541404	7.248252	1.588871	1.082462	-5.754960	1.917550	0.097162
9.251254	1.569986	1.540125	6.661526	1.559237	0.945311	-5.370080	2.666540	-0.606988
9.411000	1.570796	1.570796	9.411273	1.568533	1.521899	-10.229400	-19.807600	0.000000
9.411000	1.570796	1.570796	9.411273	1.568533	1.521899	-10.229400	-18.709900	0.000006
9.410000	1.570796	1.570796	9.410789	1.568533	1.522961	-10.229200	-18.085200	0.000031
9.410000	1.570796	1.570796	9.410789	1.568533	1.522961	-10.227400	-16.987500	0.000171
9.411000	1.570796	1.570796	9.410789	1.568533	1.522961	-10.226200	-16.356600	0.000371
9.411000	1.570796	1.570690	9.411273	1.568522	1.521899	-10.222000	-15.258900	0.000639
9.411000	1.570796	1.570796	9.411273	1.568512	1.521899	-10.217900	-14.617400	0.000960
9.411000	1.570796	1.570796	9.411273	1.568501	1.521899	-10.208400	-13.519700	0.001477
9.411000	1.570795	1.570796	9.411769	1.568438	1.520838	-10.199700	-12.861400	0.001998
9.411000	1.570795	1.570796	9.411274	1.568480	1.521899	-10.178200	-11.763900	0.003361
9.411000	1.570794	1.570690	9.412791	1.568353	1.518716	-10.157400	-11.068900	0.004830
9.411300	1.570792	1.570796	9.412791	1.568332	1.518716	-10.105000	-9.972500	0.008767
9.412300	1.570789	1.570690	9.414963	1.568141	1.514473	-10.041600	-9.179480	0.013729
9.412200	1.570783	1.570605	9.418539	1.567823	1.508113	-9.897600	-8.091330	0.025346
9.417602	1.570750	1.570191	9.161639	1.565885	1.454835	-9.586350	-6.912360	0.051423
9.416104	1.570722	1.569841	9.643139	1.566130	1.476287	-9.124300	-5.917430	0.090876
9.263038	1.570036	1.541277	6.719085	1.524643	1.073828	-5.776700	1.867800	0.127388
9.253024	1.570530	1.539872	7.254464	1.628862	0.952152	-5.389830	2.637720	-0.552686
9.257396	1.569709	1.541432	7.194038	1.621736	0.963491	-5.748890	1.931530	0.089168
9.250834	1.569846	1.540200	6.807887	1.522657	1.080839	-5.364540	2.674840	-0.621252
9.257496	1.569709	1.541432	7.112255	1.622322	0.955457	-5.748890	1.931530	0.089166
9.250734	1.569846	1.540199	6.807887	1.522657	1.080839	-5.364540	2.674850	-0.621253
9.257496	1.569709	1.541432	7.112255	1.622322	0.955457	-5.748890	1.931530	0.089166
9.250734	1.569846	1.540199	6.807887	1.522657	1.080839	-5.364540	2.674850	-0.621253
9.250734	1.569846	1.540199	6.807887	1.522657	1.080839	-5.364540	2.674850	-0.621253
9.257496	1.569709	1.541432	7.112255	1.622322	0.955457	-5.748890	1.931530	0.089166
9.250734	1.569846	1.540199	6.807887	1.522657	1.080839	-5.364540	2.674850	-0.621253
9.257496	1.569709	1.541432	7.112255	1.622322	0.955457	-5.748890	1.931530	0.089166
9.257496	1.569709	1.541432	7.112255	1.622322	0.955457	-5.748890	1.931530	0.089167
9.250734	1.569846	1.540199	6.807887	1.522657	1.080839	-5.364540	2.674850	-0.621253
9.255774	1.568863	1.541189	7.002529	1.597676	0.927295	-5.738380	1.948770	0.019090
9.246636	1.569897	1.540900	7.024353	1.541779	1.113518	-5.335480	2.732970	-0.634863
9.411000	1.570796	1.570796	9.451090	1.565294	1.466916	-9.369450	-19.807500	0.000000
9.411000	1.570796	1.570796	9.351642	1.565129	1.465807	-9.369350	-18.709800	0.000026
9.410000	1.570796	1.570796	9.350599	1.565128	1.466871	-9.369120	-18.084300	0.000032
9.410000	1.570796	1.570786	9.451096	1.565188	1.466916	-9.367240	-16.986600	0.000254
9.411000	1.570796	1.570796	9.451096	1.565188	1.466916	-9.365760	-16.353000	0.000553
9.411000	1.570796	1.570796	9.351642	1.565129	1.465807	-9.360760	-15.255300	0.000792
9.411000	1.570796	1.570796	9.353765	1.565023	1.463681	-9.356580	-14.609000	0.001199
9.411000	1.570796	1.570775	9.452138	1.565189	1.465864	-9.345750	-13.511400	0.001796
9.411000	1.570795	1.570775	9.456422	1.564980	1.461657	-9.335570	-12.841600	0.002405
9.411000	1.570794	1.570764	9.353771	1.564916	1.463681	-9.310650	-11.744200	0.004355
9.412000	1.570793	1.570743	9.467873	1.564353	1.451158	-9.283620	-11.016200	0.006599
9.411600	1.570790	1.570711	9.360393	1.564600	1.457308	-9.215820	-9.920610	0.012454
9.413600	1.570782	1.570616	9.328335	1.562327	1.404943	-9.110750	-8.996420	0.021965
9.413400	1.570770	1.570488	9.488354	1.563524	1.434414	-8.898230	-7.919680	0.041816
9.160506	1.603083	1.629613	7.597381	1.595808	1.797891	-6.036070	-3.546080	-0.120278
9.286789	1.590237	1.626948	9.092414	1.806124	1.888255	-6.076000	-2.823620	-0.945745
9.257396	1.569710	1.541432	7.112209	1.622195	0.955457	-5.748920	1.931470	0.089225
9.250734	1.569846	1.540199	6.807843	1.522789	1.080839	-5.364570	2.674790	-0.621195
9.257496	1.569709	1.541432	7.112255	1.622322	0.955457	-5.748890	1.931530	0.089166
9.250734	1.569846	1.540199	6.807892	1.522642	1.080839	-5.364540	2.674850	-0.621253
9.257496	1.569709	1.541432	7.112255	1.622322	0.955457	-5.748890	1.931530	0.089166
9.250734	1.569846	1.540199	6.807887	1.522657	1.080839	-5.364540	2.674850	-0.621253
9.257496	1.569709	1.541432	7.112255	1.622322	0.955457	-5.748890	1.931530	0.089166
9.250734	1.569846	1.540199	6.807887	1.522657	1.080839	-5.364540	2.674850	-0.621253
9.257496	1.569709	1.541432	7.112255	1.622322	0.955457	-5.748890	1.931530	0.089166
9.250734	1.569846	1.540199	6.807887	1.522657	1.080839	-5.364540	2.674850	-0.621253
9.250734	1.569846	1.540199	6.807887	1.522657	1.080839	-5.364540	2.674850	-0.621253
9.257496	1.569709	1.541432	7.112255	1.622322	0.955457	-5.748890	1.931530	0.089166
9.250734	1.569846	1.540199	6.807887	1.522657	1.080839	-5.364540	2.674850	-0.621253
9.257496	1.569709	1.541432	7.112255	1.622322	0.955457	-5.748890	1.931530	0.089166
9.257496	1.569709	1.541432	7.112255	1.622322	0.955457	-5.748890	1.931530	0.089165
9.250734	1.569846	1.540199	6.896186	1.523259	1.087671	-5.364540	2.674850	-0.621255
9.411000	1.570796	1.570796	9.341850	1.555595	1.299849	-8.509510	-19.807400	0.000000
9.411000	1.570796	1.570796	9.349923	1.555608	1.296758	-8.509380	-18.709700	0.000030
9.411000	1.570796	1.570796	9.341835	1.555702	1.299849	-8.508830	-18.082700	0.000119
9.411000	1.570796	1.570796	9.465208	1.555793	1.292497	-8.506970	-16.985000	0.000406
9.410000	1.570796	1.570786	9.465208	1.555793	1.292497	-8.505100	-16.348400	0.000584
9.410000	1.570796	1.570796	9.438244	1.555645	1.302686	-8.499900	-15.250700	0.001011
9.411000	1.570796	1.570796	9.493225	1.555416	1.282367	-8.495770	-14.599700	0.001364
9.411000	1.570795	1.570786	9.369107	1.555640	1.289564	-8.483840	-13.502100	0.002068
9.411000	1.570795	1.570786	9.301699	1.554992	1.276250	-8.472930	-12.819000	0.002997
9.411000	1.570794	1.570764	9.493271	1.555100	1.282367	-8.444490	-11.721700	0.005571
9.412000	1.570791	1.570733	9.587382	1.553377	1.219352	-8.409790	-10.946100	0.008918
9.412000	1.570787	1.570690	9.235919	1.554663	1.262744	-8.325390	-9.851650	0.017404
9.416801	1.570763	1.570467	8.780157	1.574669	0.648057	-8.134800	-8.669490	0.037742
9.416301	1.570740	1.570255	9.965536	1.555945	1.021771	-7.832180	-7.614860	0.071241
9.332001	1.566303	1.537389	7.583185	1.522381	0.738703	-6.115410	1.075090	-0.430613
9.341925	1.568012	1.537788	6.707193	1.614644	0.912371	-5.726970	1.978920	0.056359
9.257496	1.569709	1.541432	7.194032	1.621722	0.963491	-5.748890	1.931520	0.089172
9.250834	1.569846	1.540200	6.807882	1.522672	1.080839	-5.364540	2.674840	-0.621248
9.257496	1.569709	1.541432	7.112255	1.622322	0.955457	-5.748890	1.931530	0.089166
9.250734	1.569846	1.540199	6.807892	1.522642	1.080839	-5.364540	2.674850	-0.621253
9.257496	1.569709	1.541432	7.112255	1.622322	0.955457	-5.748890	1.931530	0.089166
9.250734	1.569846	1.540199	6.807887	1.522657	1.080839	-5.364540	2.674850	-0.621253
9.257496	1.569709	1.541432	7.112255	1.622322	0.955457	-5.748890	1.931530	0.089166
9.250734	1.569846	1.540199	6.807887	1.522657	1.080839	-5.364540	2.674850	-0.621253
9.257496	1.569709	1.541432	7.112255	1.622322	0.955457	-5.748890	1.931530	0.089166
9.250734	1.569846	1.540199	6.807887	1.522657	1.080839	-5.364540	2.674850	-0.621253
9.257496	1.569709	1.541432	7.112255	1.622322	0.955457	-5.748890	1.931530	0.089166
9.250734	1.569846	1.540199	6.807887	1.522657	1.080839	-5.364540	2.674850	-0.621253
9.250734	1.569846	1.540199	6.807887	1.522657	1.080839	-5.364540	2.674850	-0.621253
9.257496	1.569709	1.541432	7.112255	1.622322	0.955457	-5.748890	1.931530	0.089166
9.257496	1.569709	1.541432	7.112255	1.622322	0.955457	-5.748890	1.931530	0.089166
9.250734	1.569846	1.540199	6.807892	1.522642	1.080839	-5.364540	2.674850	-0.621253
9.257396	1.569702	1.541432	7.252059	1.622846	0.952152	-5.748550	1.932280	0.088461
9.250831	1.569841	1.540211	6.808475	1.520897	1.080839	-5.364120	2.675560	-0.621950
9.410000	1.570796	1.570796	9.236081	1.578592	0.585000	-7.649570	-19.807200	0.000000
9.410000	1.570796	1.570796	9.572325	1.580930	0.561922	-7.649380	-18.709500	0.000022
9.411000	1.570796	1.570796	9.572356	1.581243	0.561922	-7.648550	-18.081000	0.000143
9.411000	1.570796	1.570796	9.208928	1.577963	0.600050	-7.646990	-16.983300	0.000524
9.410000	1.570796	1.570796	9.652136	1.577116	0.593750	-7.645040	-16.344800	0.000588
9.411000	1.570796	1.570796	9.181440	1.581035	0.575919	-7.640050	-15.247200	0.001173
9.411000	1.570796	1.570786	9.487887	1.581336	0.567538	-7.635600	-14.590200	0.001435
9.411000	1.570795	1.570786	9.220139	1.574159	0.639163	-7.623500	-13.492600	0.002419
9.412000	1.570795	1.570775	9.590107	1.569545	0.689398	-7.611750	-12.793300	0.003619
9.411000	1.570793	1.570754	9.153048	1.580739	0.591033	-7.580830	-11.696000	0.006942
9.412300	1.570789	1.570733	9.334893	1.569157	0.800549	-7.537650	-10.855900	0.011875
9.412600	1.570783	1.570658	9.481197	1.576671	0.658268	-7.438310	-9.762810	0.023746
9.429705	1.570668	1.569810	8.269317	1.626452	1.375776	-7.021960	-7.961610	0.078060
9.428308	1.570609	1.569471	10.366007	1.598776	1.184914	-6.616260	-6.943190	0.134404
9.260308	1.569954	1.541387	7.476676	1.632226	1.005095	-5.763030	1.899860	0.114670
9.252505	1.570125	1.539946	6.530443	1.512114	1.004067	-5.380090	2.649470	-0.589880
9.257496	1.569709	1.541432	7.194032	1.621722	0.963491	-5.748890	1.931520	0.089169
9.250834	1.569846	1.540200	6.807887	1.522657	1.080839	-5.364540	2.674840	-0.621250
9.257496	1.569709	1.541432	7.112255	1.622322	0.955457	-5.748890	1.931530	0.089166
9.250734	1.569846	1.540199	6.807892	1.522642	1.080839	-5.364540	2.674850	-0.621253
9.257496	1.569709	1.541432	7.112255	1.622322	0.955457	-5.748890	1.931530	0.089166
9.250734	1.569846	1.540199	6.807887	1.522657	1.080839	-5.364540	2.674850	-0.621253
9.257496	1.569709	1.541432	7.112255	1.622322	0.955457	-5.748890	1.931530	0.089166
9.250734	1.569846	1.540199	6.807887	1.522657	1.080839	-5.364540	2.674850	-0.621253
9.257496	1.569709	1.541432	7.112255	1.622322	0.955457	-5.748890	1.931530	0.089166
9.250734	1.569846	1.540199	6.807887	1.522657	1.080839	-5.364540	2.674850	-0.621253
9.257496	1.569709	1.541432	7.112255	1.622322	0.955457	-5.748890	1.931530	0.089166
9.250734	1.569846	1.540199	6.807887	1.522657	1.080839	-5.364540	2.674850	-0.621253
9.250734	1.569846	1.540199	6.807887	1.522657	1.080839	-5.364540	2.674850	-0.621253
9.257496	1.569709	1.541432	7.112255	1.622322	0.955457	-5.748890	1.931530	0.089166
9.257496	1.569709	1.541432	7.112255	1.622322	0.955457	-5.748890	1.931530	0.089166
9.250734	1.569846	1.540199	6.807887	1.522657	1.080839	-5.364540	2.674850	-0.621253
9.257496	1.569709	1.541432	7.112255	1.622322	0.955457	-5.748890	1.931530	0.089165
9.250734	1.569846	1.540199	6.896182	1.523274	1.087671	-5.364540	2.674850	-0.621254
9.410000	1.570796	1.570796	9.190854	1.606709	1.321065	-6.789630	-19.807000	0.000002
9.410000	1.570796	1.570796	9.714963	1.605801	1.317824	-6.789410	-18.709300	0.000041
9.411000	1.570796	1.570796	9.210586	1.605546	1.312643	-6.788640	-18.079500	0.000164
9.411000	1.570796	1.570796	9.586949	1.608356	1.328349	-6.787020	-16.981800	0.000546
9.411000	1.570796	1.570796	9.325170	1.605119	1.308120	-6.785200	-16.340900	0.000582
9.410000	1.570796	1.570796	9.532995	1.610668	1.352811	-6.780570	-15.243200	0.001245
9.411000	1.570796	1.570786	9.596885	1.613532	1.372378	-6.776230	-14.580700	0.001604
9.411000	1.570795	1.570786	9.176584	1.607856	1.327405	-6.764670	-13.483000	0.002789
9.411000	1.570794	1.570775	9.722803	1.624304	1.420888	-6.752620	-12.765500	0.004249
9.412000	1.570792	1.570764	9.058675	1.614967	1.388571	-6.721150	-11.668300	0.008373
9.413200	1.570786	1.570711	9.936999	1.652400	1.542622	-6.670150	-10.745700	0.015483
9.413300	1.570776	1.570658	8.841664	1.657994	1.613611	-6.561770	-9.653500	0.031340
7.859530	1.647803	1.679365	7.440087	2.187011	3.295369	-4.760640	-4.528460	-0.202848
7.541475	1.677210	1.722670	9.318396	2.124501	3.429424	-4.544260	-4.136160	-1.204960
9.272936	1.569750	1.540586	6.684357	1.574536	0.891383	-5.826560	1.748670	0.139537
9.256466	1.571941	1.539754	7.296764	1.595604	1.070356	-5.421330	2.602860	-0.418219
9.257496	1.569710	1.541432	7.112240	1.622280	0.955457	-5.748900	1.931510	0.089182
9.250834	1.569847	1.540200	6.807877	1.522686	1.080839	-5.364550	2.674830	-0.621237
9.257496	1.569709	1.541432	7.112255	1.622322	0.955457	-5.748890	1.931530	0.089166
9.250734	1.569846	1.540199	6.807892	1.522642	1.080839	-5.364540	2.674850	-0.621253
9.257496	1.569709	1.541432	7.112255	1.622322	0.955457	-5.748890	1.931530	0.089166
9.250734	1.569846	1.540199	6.807887	1.522657	1.080839	-5.364540	2.674850	-0.621253
9.257496	1.569709	1.541432	7.112255	1.622322	0.955457	-5.748890	1.931530	0.089166
9.250734	1.569846	1.540199	6.807887	1.522657	1.080839	-5.364540	2.674850	-0.621253
9.257496	1.569709	1.541432	7.112255	1.622322	0.955457	-5.748890	1.931530	0.089166
9.250734	1.569846	1.540199	6.807887	1.522657	1.080839	-5.364540	2.674850	-0.621253
9.257496	1.569709	1.541432	7.112255	1.622322	0.955457	-5.748890	1.931530	0.089166
9.250734	1.569846	1.540199	6.807887	1.522657	1.080839	-5.364540	2.674850	-0.621253
9.250734	1.569846	1.540199	6.807887	1.522657	1.080839	-5.364540	2.674850	-0.621253
9.257496	1.569709	1.541432	7.112255	1.622322	0.955457	-5.748890	1.931530	0.089166
9.257496	1.569709	1.541432	7.112255	1.622322	0.955457	-5.748890	1.931530	0.089166
9.250734	1.569846	1.540199	6.807887	1.522657	1.080839	-5.364540	2.674850	-0.621253
9.257496	1.569709	1.541432	7.112255	1.622322	0.955457	-5.748890	1.931530	0.089166
9.250734	1.569846	1.540199	6.807892	1.522642	1.080839	-5.364540	2.674850	-0.621253
9.229993	1.565549	1.540390	7.185209	1.558966	0.963491	-5.659810	2.082370	-0.399210
9.238639	1.571092	1.544729	6.817325	1.547178	1.179391	-5.195770	3.062870	-0.567211
9.411000	1.570796	1.570796	9.263369	1.935039	2.274410	-5.929680	-19.806600	0.000006
9.411000	1.570796	1.570796	9.532051	1.902039	2.158799	-5.929400	-18.708900	0.000097
9.410000	1.570796	1.570796	9.360021	1.942547	2.283154	-5.928870	-18.077900	0.000187
9.410000	1.570796	1.570796	9.453571	1.904896	2.165010	-5.927210	-16.980200	0.000519
9.411000	1.570796	1.570796	9.491575	1.937149	2.284319	-5.925770	-16.337200	0.000706
9.411000	1.570796	1.570786	9.368564	1.896758	2.155674	-5.921600	-15.239500	0.001238
9.411000	1.570796	1.570786	10.052860	1.937036	2.250529	-5.917550	-14.571200	0.001705
9.411000	1.570795	1.570786	8.826098	1.917608	2.202250	-5.907480	-13.473600	0.003094
9.411000	1.570794	1.570775	10.024470	1.959590	2.302810	-5.896160	-12.737900	0.004848
9.411000	1.570791	1.570764	8.770975	1.919880	2.192456	-5.866780	-11.640600	0.009717
9.414900	1.570782	1.570711	8.036790	2.021387	2.434466	-5.811490	-10.620700	0.019558
9.414400	1.570769	1.570637	10.606602	1.957485	2.240768	-5.704930	-9.528320	0.039584
6.733175	1.634503	1.573014	8.239763	1.858748	4.723781	-3.866380	-4.424210	-0.899183
6.708489	1.645854	1.571305	8.277103	1.867503	4.649939	-2.785010	-4.458960	-0.713767
9.234786	1.561922	1.496576	7.294884	1.580804	0.990398	0.178738	-2.139860	-0.000114
9.188215	1.557050	1.486391	7.190283	1.539638	1.200625	0.536802	-1.191350	0.420692
9.257799	1.569747	1.541422	7.027025	1.610824	0.947236	-5.750680	1.927600	0.092960
9.251143	1.569874	1.540168	6.981157	1.536727	1.094329	-5.366770	2.670990	-0.617621
9.257496	1.569709	1.541432	7.112255	1.622322	0.955457	-5.748890	1.931530	0.089166
9.250734	1.569846	1.540199	6.807887	1.522657	1.080839	-5.364540	2.674850	-0.621253
9.257496	1.569709	1.541432	7.112255	1.622322	0.955457	-5.748890	1.931530	0.089166
9.250734	1.569846	1.540199	6.807887	1.522657	1.080839	-5.364540	2.674850	-0.621253
9.257496	1.569709	1.541432	7.112255	1.622322	0.955457	-5.748890	1.931530	0.089166
9.250734	1.569846	1.540199	6.807887	1.522657	1.080839	-5.364540	2.674850	-0.621253
9.250734	1.569846	1.540199	6.807887	1.522657	1.080839	-5.364540	2.674850	-0.621253
9.257496	1.569709	1.541432	7.112255	1.622322	0.955457	-5.748890	1.931530	0.089166
9.257496	1.569709	1.541432	7.112255	1.622322	0.955457	-5.748890	1.931530	0.089166
9.250734	1.569846	1.540199	6.807887	1.522657	1.080839	-5.364540	2.674850	-0.621253
9.257496	1.569709	1.541432	7.112255	1.622322	0.955457	-5.748890	1.931530	0.089166
9.250734	1.569846	1.540199	6.807887	1.522657	1.080839	-5.364540	2.674850	-0.621253
9.257496	1.569709	1.541432	7.112255	1.622322	0.955457	-5.748890	1.931530	0.089166
9.250734	1.569846	1.540199	6.807887	1.522657	1.080839	-5.364540	2.674850	-0.621253
9.250734	1.569846	1.540199	6.807892	1.522642	1.080839	-5.364540	2.674850	-0.621253
9.257496	1.569709	1.541432	7.112255	1.622322	0.955457	-5.748890	1.931530	0.089166
9.257396	1.569705	1.541432	7.112625	1.623319	0.955457	-5.748670	1.932010	0.088715
9.250831	1.569843	1.540211	6.808262	1.521527	1.080839	-5.364270	2.675300	-0.621700
9.411000	1.570796	1.570796	11.039026	2.317752	3.140358	-5.069740	-19.806300	0.000014
9.411000	1.570796	1.570796	7.533233	2.194541	2.397837	-5.069510	-18.708600	0.000122
9.411000	1.570796	1.570786	9.022217	2.185058	2.392647	-5.069140	-18.077100	0.000218
9.411000	1.570796	1.570786	9.732775	2.315999	3.263520	-5.067880	-16.979400	0.000535
9.411000	1.570796	1.570796	11.945832	2.315917	2.938613	-5.066610	-16.334300	0.000805
9.411000	1.570796	1.570796	5.873406	2.274419	2.583940	-5.063430	-15.236600	0.001309
9.411000	1.570795	1.570786	11.796139	2.270876	2.661090	-5.059950	-14.563200	0.001749
9.411000	1.570795	1.570796	6.011356	2.344344	3.160195	-5.051970	-13.465500	0.003312
9.412000	1.570793	1.570786	7.291838	2.326359	3.422222	-5.042560	-12.713200	0.005322
9.412000	1.570790	1.570764	11.012270	2.224855	2.462384	-5.018400	-11.615800	0.010789
9.416100	1.570777	1.570722	7.066569	2.279635	3.717186	-4.966480	-10.494200	0.023560
9.415600	1.570761	1.570658	11.094305	2.207937	2.249740	-4.876220	-9.400430	0.047253
7.770040	1.600492	1.395212	9.757976	1.678609	6.266692	-1.781900	-4.172530	-0.512111
8.316062	1.590927	1.459896	6.041233	1.772450	0.200709	-0.868156	-3.589770	-0.337710
9.054257	1.566609	1.485145	7.020599	1.542732	0.855988	0.653256	-0.888425	0.604319
9.088982	1.569437	1.500632	6.996876	1.617405	0.978825	1.040960	-0.135835	-0.094421
9.089294	1.569449	1.500645	6.767845	1.579810	0.974597	1.039930	-0.138145	-0.092347
9.054264	1.566629	1.485099	7.300345	1.580522	0.853255	0.651977	-0.890606	0.606394
9.257396	1.569709	1.541432	7.194038	1.621736	0.963491	-5.748890	1.931530	0.089168
9.250834	1.569846	1.540200	6.807887	1.522657	1.080839	-5.364540	2.674840	-0.621252
9.257496	1.569709	1.541432	7.112255	1.622322	0.955457	-5.748890	1.931530	0.089166
9.250734	1.569846	1.540199	6.807887	1.522657	1.080839	-5.364540	2.674850	-0.621253
9.257496	1.569709	1.541432	7.112255	1.622322	0.955457	-5.748890	1.931530	0.089166
9.250734	1.569846	1.540199	6.807887	1.522657	1.080839	-5.364540	2.674850	-0.621253
9.257496	1.569709	1.541432	7.112255	1.622322	0.955457	-5.748890	1.931530	0.089166
9.250734	1.569846	1.540199	6.807887	1.522657	1.080839	-5.364540	2.674850	-0.621253
9.257496	1.569709	1.541432	7.112255	1.622322	0.955457	-5.748890	1.931530	0.089166
9.250734	1.569846	1.540199	6.807887	1.522657	1.080839	-5.364540	2.674850	-0.621253
9.257496	1.569709	1.541432	7.112255	1.622322	0.955457	-5.748890	1.931530	0.089166
9.250734	1.569846	1.540199	6.807887	1.522657	1.080839	-5.364540	2.674850	-0.621253
9.250734	1.569846	1.540199	6.807887	1.522657	1.080839	-5.364540	2.674850	-0.621253
9.257496	1.569709	1.541432	7.112255	1.622322	0.955457	-5.748890	1.931530	0.089166
9.250734	1.569846	1.540199	6.807892	1.522642	1.080839	-5.364540	2.674850	-0.621253
9.257496	1.569709	1.541432	7.112255	1.622322	0.955457	-5.748890	1.931530	0.089166
9.257396	1.569709	1.541432	7.112271	1.622364	0.955457	-5.748880	1.931550	0.089150
9.250834	1.569846	1.540200	6.807901	1.522613	1.080839	-5.364530	2.674860	-0.621270
9.411000	1.570796	1.570796	11.397388	2.572329	2.227385	-4.209800	-19.806000	0.000015
9.411000	1.570796	1.570796	5.880805	1.972626	4.550946	-4.209660	-18.708300	0.000128
9.410000	1.570796	1.570796	11.345162	2.563235	2.200043	-4.209470	-18.076300	0.000238
9.410000	1.570796	1.570796	6.061085	1.977919	4.540860	-4.208620	-16.978600	0.000492
9.411000	1.570796	1.570796	5.153853	1.990470	1.664419	-4.207730	-16.331800	0.000863
9.411000	1.570796	1.570796	11.811702	2.549341	4.037459	-4.205650	-15.234100	0.001344
9.411000	1.570795	1.570796	11.740691	2.623516	2.299124	-4.203290	-14.557600	0.001795
9.411000	1.570795	1.570786	5.067339	1.892041	4.591465	-4.198000	-13.459900	0.003433
9.412000	1.570793	1.570786	10.982382	2.531324	2.074886	-4.191620	-12.694300	0.005594
9.412000	1.570790	1.570775	6.491875	1.982859	4.524686	-4.175610	-11.596700	0.011406
9.416800	1.570773	1.570743	5.719822	1.818071	4.545728	-4.138060	-10.388700	0.026544
9.416600	1.570754	1.570701	11.317810	2.617727	1.928079	-4.078800	-9.292890	0.052597
9.113580	1.558251	1.493312	7.409941	1.582268	1.016489	0.466327	-1.371090	0.364082
9.128713	1.571641	1.491191	6.769299	1.593400	0.974597	0.898602	-0.381128	0.559181
9.054245	1.566600	1.485169	6.817672	1.529128	0.868539	0.653919	-0.887290	0.603255
9.088822	1.569430	1.500631	7.196338	1.627661	0.963491	1.041490	-0.134651	-0.095506
9.054249	1.566600	1.485170	6.817672	1.529128	0.868539	0.653935	-0.887264	0.603231
9.088822	1.569429	1.500631	7.139952	1.628392	0.975012	1.041500	-0.134624	-0.095531
9.054249	1.566600	1.485170	6.817672	1.529128	0.868539	0.653935	-0.887264	0.603231
9.088822	1.569429	1.500631	7.139952	1.628392	0.975012	1.041500	-0.134624	-0.095531
9.257496	1.569709	1.541432	7.112255	1.622322	0.955457	-5.748890	1.931530	0.089166
9.250734	1.569846	1.540199	6.807887	1.522657	1.080839	-5.364540	2.674850	-0.621253
9.257496	1.569709	1.541432	7.112255	1.622322	0.955457	-5.748890	1.931530	0.089166
9.250734	1.569846	1.540199	6.807892	1.522642	1.080839	-5.364540	2.674850	-0.621253
9.257496	1.569709	1.541432	7.112255	1.622322	0.955457	-5.748890	1.931530	0.089166
9.250734	1.569846	1.540199	6.807887	1.522657	1.080839	-5.364540	2.674850	-0.621253
9.257496	1.569709	1.541432	7.112255	1.622322	0.955457	-5.748890	1.931530	0.089166
9.250734	1.569846	1.540199	6.807887	1.522657	1.080839	-5.364540	2.674850	-0.621253
9.250734	1.569846	1.540199	6.807887	1.522657	1.080839	-5.364540	2.674850	-0.621253
9.257496	1.569709	1.541432	7.112255	1.622322	0.955457	-5.748890	1.931530	0.089166
9.250734	1.569846	1.540199	6.807887	1.522657	1.080839	-5.364540	2.674850	-0.621253
9.257496	1.569709	1.541432	7.112255	1.622322	0.955457	-5.748890	1.931530	0.089166
9.250734	1.569846	1.540199	6.807887	1.522657	1.080839	-5.364540	2.674850	-0.621253
9.257496	1.569709	1.541432	7.112255	1.622322	0.955457	-5.748890	1.931530	0.089166
9.257496	1.569709	1.541432	7.112255	1.622322	0.955457	-5.748890	1.931530	0.089164
9.250834	1.569846	1.540200	6.896186	1.523259	1.087671	-5.364540	2.674850	-0.621256
9.411000	1.570796	1.570796	7.713624	1.793010	4.792219	-3.349870	-19.805700	0.000015
9.411000	1.570796	1.570796	9.889272	2.530583	1.056679	-3.349860	-18.708000	0.000127
9.410000	1.570796	1.570796	7.010692	2.143646	1.336110	-3.349840	-18.075800	0.000245
9.410000	1.570796	1.570796	10.434831	2.183397	4.953674	-3.349500	-16.978100	0.000450
9.411000	1.570796	1.570796	12.305044	2.608886	5.314594	-3.349140	-16.330300	0.000871
9.411000	1.570796	1.570796	2.722940	1.272596	1.616917	-3.348160	-15.232600	0.001321
9.411000	1.570795	1.570796	4.041398	1.217050	4.606684	-3.347150	-14.554500	0.001792
9.411000	1.570795	1.570796	11.910185	2.794518	0.308480	-3.345030	-13.456800	0.003424
9.412000	1.570793	1.570796	2.592161	1.216212	1.665553	-3.342580	-12.683900	0.005610
9.412000	1.570790	1.570796	12.359862	2.617354	5.371731	-3.336760	-11.586300	0.011441
9.417500	1.570771	1.570775	11.849949	2.697399	0.429390	-3.323620	-10.330300	0.027458
9.417200	1.570752	1.570775	4.429865	1.366206	4.564297	-3.305680	-9.233030	0.053920
9.054976	1.566831	1.484537	7.331690	1.614729	0.891791	0.632916	-0.924090	0.633083
9.092152	1.569748	1.500623	6.581741	1.549676	0.936414	1.026420	-0.167409	-0.057957
9.054252	1.566600	1.485170	6.817672	1.529128	0.868539	0.653934	-0.887266	0.603232
9.088822	1.569429	1.500631	7.139952	1.628392	0.975012	1.041500	-0.134626	-0.095529
9.054249	1.566600	1.485170	6.817672	1.529128	0.868539	0.653935	-0.887264	0.603231
9.088822	1.569429	1.500631	7.139952	1.628392	0.975012	1.041500	-0.134624	-0.095531
9.054249	1.566600	1.485170	6.817672	1.529128	0.868539	0.653935	-0.887264	0.603231
9.088822	1.569429	1.500631	7.139952	1.628392	0.975012	1.041500	-0.134624	-0.095531
9.054249	1.566600	1.485170	6.817672	1.529128	0.868539	0.653935	-0.887264	0.603231
9.088822	1.569429	1.500631	7.139952	1.628392	0.975012	1.041500	-0.134624	-0.095531
9.257496	1.569709	1.541432	7.112255	1.622322	0.955457	-5.748890	1.931530	0.089166
9.250734	1.569846	1.540199	6.807887	1.522657	1.080839	-5.364540	2.674850	-0.621253
9.257496	1.569709	1.541432	7.112255	1.622322	0.955457	-5.748890	1.931530	0.089166
9.250734	1.569846	1.540199	6.807887	1.522657	1.080839	-5.364540	2.674850	-0.621253
9.250734	1.569846	1.540199	6.807887	1.522657	1.080839	-5.364540	2.674850	-0.621253
9.257496	1.569709	1.541432	7.112255	1.622322	0.955457	-5.748890	1.931530	0.089166
9.250734	1.569846	1.540199	6.807887	1.522657	1.080839	-5.364540	2.674850	-0.621253
9.257496	1.569709	1.541432	7.112255	1.622322	0.955457	-5.748890	1.931530	0.089166
9.250734	1.569846	1.540199	6.807887	1.522657	1.080839	-5.364540	2.674850	-0.621253
9.257496	1.569709	1.541432	7.112255	1.622322	0.955457	-5.748890	1.931530	0.089166
9.250734	1.569846	1.540199	6.807887	1.522657	1.080839	-5.364540	2.674850	-0.621253
9.257496	1.569709	1.541432	7.112255	1.622322	0.955457	-5.748890	1.931530	0.089166
9.257496	1.569709	1.541432	7.112255	1.622322	0.955457	-5.748890	1.931530	0.089165
9.250834	1.569846	1.540200	6.896186	1.523259	1.087671	-5.364540	2.674850	-0.621255
9.411000	1.570796	1.570796	5.753990	1.834532	1.221718	-2.489940	-19.805800	0.000015
9.411000	1.570796	1.570796	11.243616	1.982561	5.513572	-2.490090	-18.708100	0.000123
9.410000	1.570796	1.570796	12.322240	2.088677	5.824550	-2.490220	-18.075800	0.000236
9.410000	1.570796	1.570796	2.787185	1.570796	1.642615	-2.490450	-16.978100	0.000438
9.411000	1.570796	1.570796	4.408446	1.479936	4.644003	-2.490600	-16.329700	0.000854
9.411000	1.570796	1.570796	11.870400	2.140231	0.244493	-2.490860	-15.232000	0.001255
9.411000	1.570795	1.570796	12.527314	2.116320	5.944307	-2.491200	-14.554100	0.001730
9.411000	1.570795	1.570796	1.834230	1.294708	1.978664	-2.492440	-13.456400	0.003281
9.412000	1.570793	1.570807	5.234778	1.551692	4.750611	-2.494230	-12.683600	0.005358
9.412000	1.570790	1.570796	11.461976	2.131987	0.354670	-2.499250	-11.585900	0.010873
9.417100	1.570773	1.570828	4.825184	1.529335	4.691645	-2.513860	-10.335500	0.025815
9.417100	1.570755	1.570849	11.607157	2.154819	0.348859	-2.539670	-9.238390	0.050565
9.054275	1.566689	1.484969	6.997301	1.618690	0.978825	0.648300	-0.896842	0.612497
9.090204	1.569484	1.500663	7.020515	1.543160	0.855988	1.036930	-0.144870	-0.086396
9.054247	1.566600	1.485169	6.817714	1.528981	0.868539	0.653934	-0.887264	0.603231
9.088822	1.569429	1.500631	7.139952	1.628392	0.975012	1.041500	-0.134624	-0.095531
9.088822	1.569429	1.500631	7.139952	1.628392	0.975012	1.041500	-0.134624	-0.095531
9.054249	1.566600	1.485170	6.817672	1.529128	0.868539	0.653935	-0.887264	0.603231
9.054249	1.566600	1.485170	6.817672	1.529128	0.868539	0.653935	-0.887264	0.603231
9.088822	1.569429	1.500631	7.139952	1.628392	0.975012	1.041500	-0.134624	-0.095531
9.054249	1.566600	1.485170	6.817672	1.529128	0.868539	0.653935	-0.887264	0.603231
9.088822	1.569429	1.500631	7.139952	1.628392	0.975012	1.041500	-0.134624	-0.095531
9.054246	1.566600	1.485169	6.817672	1.529128	0.868539	0.653934	-0.887264	0.603231
9.088822	1.569429	1.500631	7.139952	1.628392	0.975012	1.041500	-0.134624	-0.095531
9.257496	1.569709	1.541432	7.112255	1.622322	0.955457	-5.748890	1.931530	0.089166
9.250734	1.569846	1.540199	6.807887	1.522657	1.080839	-5.364540	2.674850	-0.621253
9.250734	1.569846	1.540199	6.807887	1.522657	1.080839	-5.364540	2.674850	-0.621253
9.257496	1.569709	1.541432	7.112255	1.622322	0.955457	-5.748890	1.931530	0.089166
9.250734	1.569846	1.540199	6.807887	1.522657	1.080839	-5.364540	2.674850	-0.621253
9.257496	1.569709	1.541432	7.112255	1.622322	0.955457	-5.748890	1.931530	0.089166
9.250734	1.569846	1.540199	6.807887	1.522657	1.080839	-5.364540	2.674850	-0.621253
9.257496	1.569709	1.541432	7.112255	1.622322	0.955457	-5.748890	1.931530	0.089166
9.250734	1.569846	1.540199	6.807892	1.522642	1.080839	-5.364540	2.674850	-0.621253
9.257496	1.569709	1.541432	7.112255	1.622322	0.955457	-5.748890	1.931530	0.089166
9.257496	1.569709	1.541432	7.112260	1.622336	0.955457	-5.748890	1.931530	0.089165
9.250834	1.569846	1.540200	6.896186	1.523259	1.087671	-5.364540	2.674850	-0.621255
9.411000	1.570796	1.570796	12.815011	1.758395	0.174028	-1.630000	-19.806200	0.000006
9.411000	1.570796	1.570796	2.626119	1.719856	5.722953	-1.630260	-18.708500	0.000116
9.411000	1.570796	1.570796	8.483148	1.709158	5.635400	-1.630570	-18.076200	0.000217
9.411000	1.570796	1.570796	9.907396	1.735048	0.646775	-1.631370	-16.978500	0.000411
9.410000	1.570796	1.570796	11.058286	1.735214	5.872035	-1.632020	-16.330400	0.000815
9.410000	1.570796	1.570796	6.989227	1.711476	0.843674	-1.633570	-15.232700	0.001160
9.411000	1.570796	1.570796	11.744062	1.753174	0.429565	-1.635120	-14.556500	0.001612
9.412000	1.570795	1.570807	5.597071	1.688990	5.490154	-1.639530	-13.458900	0.003022
9.412000	1.570794	1.570807	9.765091	1.734349	0.695004	-1.645220	-12.693100	0.004874
9.411000	1.570791	1.570807	8.649717	1.714649	5.630339	-1.660180	-11.595500	0.009794
9.415900	1.570777	1.570860	8.376455	1.720584	0.952652	-1.697250	-10.400700	0.022132
9.416300	1.570762	1.570903	9.729342	1.752694	5.702429	-1.760820	-9.305090	0.043466
9.054266	1.566663	1.485028	7.353273	1.628626	0.910948	0.649976	-0.893991	0.609757
9.089796	1.569467	1.500660	6.706890	1.527991	0.912371	1.038280	-0.141854	-0.089140
9.054248	1.566600	1.485170	6.817672	1.529128	0.868539	0.653935	-0.887264	0.603231
9.088822	1.569429	1.500631	7.139952	1.628392	0.975012	1.041500	-0.134624	-0.095531
9.088822	1.569429	1.500631	7.139952	1.628392	0.975012	1.041500	-0.134624	-0.095531
9.054249	1.566600	1.485170	6.817672	1.529128	0.868539	0.653935	-0.887264	0.603231
9.054249	1.566600	1.485170	6.817672	1.529128	0.868539	0.653935	-0.887264	0.603231
9.088822	1.569429	1.500631	7.139952	1.628392	0.975012	1.041500	-0.134624	-0.095531
9.054249	1.566600	1.485170	6.817672	1.529128	0.868539	0.653935	-0.887264	0.603231
9.088822	1.569429	1.500631	7.139952	1.628392	0.975012	1.041500	-0.134624	-0.095531
9.054249	1.566600	1.485170	6.817672	1.529128	0.868539	0.653935	-0.887264	0.603231
9.088822	1.569429	1.500631	7.139952	1.628392	0.975012	1.041500	-0.134624	-0.095531
9.054249	1.566600	1.485170	6.817672	1.529128	0.868539	0.653935	-0.887264	0.603231
9.088822	1.569429	1.500631	7.139952	1.628392	0.975012	1.041500	-0.134624	-0.095531
9.250734	1.569846	1.540199	6.807887	1.522657	1.080839	-5.364540	2.674850	-0.621253
9.257496	1.569709	1.541432	7.112255	1.622322	0.955457	-5.748890	1.931530	0.089166
9.250734	1.569846	1.540199	6.807887	1.522657	1.080839	-5.364540	2.674850	-0.621253
9.257496	1.569709	1.541432	7.112255	1.622322	0.955457	-5.748890	1.931530	0.089166
9.250734	1.569846	1.540199	6.807887	1.522657	1.080839	-5.364540	2.674850	-0.621253
9.257496	1.569709	1.541432	7.112255	1.622322	0.955457	-5.748890	1.931530	0.089166
9.250734	1.569846	1.540199	6.807892	1.522642	1.080839	-5.364540	2.674850	-0.621253
9.257496	1.569709	1.541432	7.112260	1.622336	0.955457	-5.748890	1.931530	0.089166
9.257499	1.569709	1.541421	7.112260	1.622336	0.955457	-5.748890	1.931530	0.089160
9.250831	1.569846	1.540211	6.896186	1.523259	1.087671	-5.364530	2.674850	-0.621259
9.136498	1.574640	1.568191	8.503939	1.595846	1.553504	-2.246610	6.199510	0.634156
9.410000	1.570796	1.570796	10.501174	1.585748	0.643501	-0.770054	-19.806500	0.000002
9.410000	1.570796	1.570796	8.066192	1.585178	0.341356	-0.770375	-18.708800	0.000104
9.411000	1.570796	1.570796	7.272622	1.585235	0.549853	-0.770842	-18.076900	0.000179
9.411000	1.570796	1.570797	11.142661	1.586054	0.495765	-0.772203	-16.979200	0.000381
9.411000	1.570796	1.570798	10.185527	1.586309	0.340382	-0.773303	-16.332200	0.000760
9.411000	1.570796	1.570800	8.580538	1.585365	0.711155	-0.776007	-15.234500	0.001055
9.411000	1.570796	1.570801	9.860669	1.586110	0.706426	-0.778600	-14.561500	0.001448
9.411000	1.570795	1.570805	9.081421	1.587204	0.290402	-0.785685	-13.463800	0.002678
9.412000	1.570794	1.570811	9.097609	1.591792	0.255645	-0.794382	-12.710900	0.004235
9.411000	1.570792	1.570824	9.701319	1.587290	0.734348	-0.817153	-11.613400	0.008379
9.415000	1.570782	1.570876	5.852598	1.616946	0.224235	-0.866510	-10.505400	0.017557
9.415200	1.570771	1.570938	11.932682	1.598455	0.606605	-0.956051	-9.411510	0.034572
9.054376	1.566741	1.484837	6.881954	1.531989	0.857438	0.644203	-0.903944	0.618641
9.090982	1.569538	1.500669	7.115164	1.629719	0.955457	1.033850	-0.151639	-0.079326
9.054248	1.566600	1.485170	6.817672	1.529128	0.868539	0.653935	-0.887264	0.603231
9.088822	1.569429	1.500631	7.139952	1.628392	0.975012	1.041500	-0.134624	-0.095531
9.088822	1.569429	1.500631	7.139952	1.628392	0.975012	1.041500	-0.134624	-0.095531
9.054249	1.566600	1.485170	6.817672	1.529128	0.868539	0.653935	-0.887264	0.603231
9.088822	1.569429	1.500631	7.139952	1.628392	0.975012	1.041500	-0.134624	-0.095531
9.054249	1.566600	1.485170	6.817672	1.529128	0.868539	0.653935	-0.887264	0.603231
9.088822	1.569429	1.500631	7.139952	1.628392	0.975012	1.041500	-0.134624	-0.095531
9.054249	1.566600	1.485170	6.817672	1.529128	0.868539	0.653935	-0.887264	0.603231
9.054249	1.566600	1.485170	6.817672	1.529128	0.868539	0.653935	-0.887264	0.603231
9.088822	1.569429	1.500631	7.139952	1.628392	0.975012	1.041500	-0.134624	-0.095531
9.054249	1.566600	1.485170	6.817672	1.529128	0.868539	0.653935	-0.887264	0.603231
9.088822	1.569429	1.500631	7.139952	1.628392	0.975012	1.041500	-0.134624	-0.095531
9.054243	1.566600	1.485170	6.817714	1.528981	0.868539	0.653938	-0.887258	0.603226
9.088822	1.569429	1.500631	7.139952	1.628392	0.975012	1.041510	-0.134618	-0.095536
9.257496	1.569709	1.541432	7.112255	1.622322	0.955457	-5.748890	1.931530	0.089166
9.250734	1.569847	1.540199	6.807892	1.522642	1.080839	-5.364540	2.674850	-0.621253
9.250734	1.569846	1.540199	6.807892	1.522642	1.080839	-5.364540	2.674850	-0.621254
9.257496	1.569709	1.541432	7.112255	1.622322	0.955457	-5.748890	1.931530	0.089166
9.257496	1.569709	1.541432	7.112255	1.622322	0.955457	-5.748890	1.931530	0.089166
9.250734	1.569846	1.540199	6.807887	1.522657	1.080839	-5.364540	2.674850	-0.621253
9.257396	1.569709	1.541432	7.170404	1.622001	0.944053	-5.748870	1.931580	0.089121
9.250834	1.569846	1.540200	6.807925	1.522540	1.080839	-5.364510	2.674890	-0.621298
9.167028	1.572322	1.572749	8.701413	1.588725	1.568957	-1.087470	7.014700	-0.405293
9.411000	1.570796	1.570796	10.053661	1.490141	0.941266	0.089892	-19.807000	0.000000
9.411000	1.570796	1.570797	8.857364	1.483753	0.897825	0.089640	-18.709300	0.000040
9.411000	1.570796	1.570797	9.770589	1.480608	0.880005	0.088932	-18.078200	0.000154
9.411000	1.570796	1.570798	9.014433	1.493065	0.967363	0.087216	-16.980500	0.000414
9.411000	1.570796	1.570799	8.843551	1.482482	0.881872	0.085637	-16.334700	0.000692
9.410000	1.570796	1.570800	9.853852	1.491557	0.951730	0.081996	-15.237000	0.000951
9.411000	1.570796	1.570802	9.908204	1.484903	0.878652	0.078591	-14.568400	0.001259
9.411000	1.570795	1.570807	8.930980	1.494583	0.960990	0.069536	-13.470700	0.002287
9.412000	1.570794	1.570814	9.204651	1.499032	0.994878	0.058959	-12.734300	0.003527
9.411000	1.570793	1.570830	9.612617	1.485388	0.866700	0.031185	-11.636900	0.006834
9.414000	1.570787	1.570878	9.367929	1.507774	1.006528	-0.020762	-10.625200	0.013129
9.414100	1.570779	1.570944	9.441340	1.499772	0.837981	-0.122636	-9.532330	0.025755
9.094836	1.561479	1.488111	7.078384	1.611636	0.986715	0.503273	-1.220090	0.575418
9.093522	1.573976	1.496205	6.981897	1.582684	0.907241	0.969033	-0.258695	0.322973
9.054248	1.566600	1.485170	6.817672	1.529128	0.868539	0.653935	-0.887264	0.603231
9.088822	1.569429	1.500631	7.139952	1.628392	0.975012	1.041500	-0.134624	-0.095531
9.088822	1.569429	1.500631	7.139952	1.628392	0.975012	1.041500	-0.134624	-0.095531
9.054249	1.566600	1.485170	6.817672	1.529128	0.868539	0.653935	-0.887264	0.603231
9.088822	1.569429	1.500631	7.139952	1.628392	0.975012	1.041500	-0.134624	-0.095531
9.054249	1.566600	1.485170	6.817672	1.529128	0.868539	0.653935	-0.887264	0.603231
9.054249	1.566600	1.485170	6.817672	1.529128	0.868539	0.653935	-0.887264	0.603231
9.088822	1.569429	1.500631	7.139952	1.628392	0.975012	1.041500	-0.134624	-0.095531
9.088822	1.569429	1.500631	7.139952	1.628392	0.975012	1.041500	-0.134624	-0.095531
9.054249	1.566600	1.485170	6.817672	1.529128	0.868539	0.653935	-0.887264	0.603231
9.054249	1.566600	1.485170	6.817672	1.529128	0.868539	0.653935	-0.887264	0.603231
9.088822	1.569429	1.500631	7.139952	1.628392	0.975012	1.041500	-0.134624	-0.095531
9.054250	1.566600	1.485170	6.817714	1.528981	0.868539	0.653936	-0.887262	0.603229
9.088815	1.569429	1.500642	7.140010	1.628531	0.975012	1.041510	-0.134622	-0.095533
9.054252	1.566599	1.485171	6.817882	1.528395	0.868539	0.653990	-0.887169	0.603141
9.088803	1.569429	1.500630	7.114988	1.629298	0.955457	1.041550	-0.134524	-0.095622
9.245682	1.569627	1.541102	7.192488	1.617320	0.963491	-5.324600	2.749410	-0.662208
9.253362	1.568740	1.541235	6.764054	1.514972	1.093904	-5.726840	1.975110	0.003836
9.257496	1.569709	1.541432	7.112255	1.622322	0.955457	-5.748890	1.931530	0.089163
9.250834	1.569846	1.540200	6.896186	1.523259	1.087671	-5.364540	2.674850	-0.621257
9.257399	1.569702	1.541421	7.194653	1.623387	0.963491	-5.748530	1.932330	0.088407
9.250731	1.569841	1.540210	6.808520	1.520765	1.080839	-5.364090	2.675620	-0.622003
9.411000	1.570796	1.570796	8.909125	1.531501	0.665969	0.949832	-19.807300	0.000000
9.411000	1.570796	1.570797	9.836000	1.533171	0.792592	0.949644	-18.709600	0.000015
9.411000	1.570796	1.570797	8.775853	1.532044	0.769271	0.948771	-18.079200	0.000131
9.411000	1.570796	1.570798	10.034047	1.531919	0.679414	0.946772	-16.981500	0.000385
9.411000	1.570796	1.570798	9.625196	1.531306	0.800103	0.945045	-16.338900	0.000570
9.411000	1.570796	1.570801	9.147508	1.530337	0.645689	0.940679	-15.241200	0.000830
9.411000	1.570796	1.570803	9.068318	1.528880	0.652331	0.936587	-14.576600	0.001057
9.411000	1.570795	1.570808	9.695468	1.530560	0.792697	0.926328	-13.479000	0.001888
9.412000	1.570795	1.570817	8.705998	1.527134	0.777268	0.914981	-12.760400	0.002830
9.411000	1.570793	1.570832	10.087200	1.525178	0.701091	0.885063	-11.663100	0.005338
9.413000	1.570790	1.570872	10.201573	1.510966	0.799286	0.836895	-10.741700	0.009408
9.413300	1.570785	1.570934	8.511175	1.510839	0.735440	0.734722	-9.648830	0.018180
8.597118	1.570180	1.531560	10.526486	1.678352	1.094329	-0.898642	-5.026640	0.183021
8.895281	1.596607	1.465964	5.484742	1.603621	6.024933	-1.358190	-4.029850	0.196640
9.054244	1.566600	1.485169	6.817672	1.529128	0.868539	0.653934	-0.887264	0.603231
9.088822	1.569429	1.500631	7.139952	1.628392	0.975012	1.041500	-0.134624	-0.095530
9.088822	1.569429	1.500631	7.139952	1.628392	0.975012	1.041500	-0.134624	-0.095531
9.054249	1.566600	1.485170	6.817672	1.529128	0.868539	0.653935	-0.887264	0.603231
9.054249	1.566600	1.485170	6.817672	1.529128	0.868539	0.653935	-0.887264	0.603231
9.088822	1.569429	1.500631	7.139952	1.628392	0.975012	1.041500	-0.134624	-0.095531
9.054249	1.566600	1.485170	6.817672	1.529128	0.868539	0.653935	-0.887264	0.603231
9.088822	1.569429	1.500631	7.139952	1.628392	0.975012	1.041500	-0.134624	-0.095531
9.054249	1.566600	1.485170	6.817672	1.529128	0.868539	0.653935	-0.887264	0.603231
9.088822	1.569429	1.500631	7.139952	1.628392	0.975012	1.041500	-0.134624	-0.095531
9.088822	1.569429	1.500631	7.139952	1.628392	0.975012	1.041500	-0.134624	-0.095531
9.054249	1.566600	1.485170	6.817672	1.529128	0.868539	0.653935	-0.887264	0.603231
9.088822	1.569429	1.500631	7.139952	1.628392	0.975012	1.041500	-0.134623	-0.095532
9.054249	1.566600	1.485169	6.817714	1.528981	0.868539	0.653935	-0.887263	0.603230
9.054245	1.566600	1.485170	6.817714	1.528981	0.868539	0.653936	-0.887262	0.603229
9.088815	1.569429	1.500642	7.139952	1.628392	0.975012	1.041510	-0.134622	-0.095533
9.054245	1.566599	1.485171	6.817840	1.528542	0.868539	0.653985	-0.887178	0.603150
9.088803	1.569429	1.500630	7.114930	1.629158	0.955457	1.041540	-0.134534	-0.095613
9.257396	1.569704	1.541432	7.251898	1.622420	0.952152	-5.748650	1.932060	0.088666
9.250831	1.569843	1.540211	6.808301	1.521410	1.080839	-5.364240	2.675350	-0.621748
9.197871	1.569144	1.541089	6.468928	1.616415	1.190290	-5.477260	2.432790	-0.643627
9.225327	1.570714	1.547391	7.616535	1.510365	1.107149	-5.124260	3.359530	-0.173007
9.410000	1.570796	1.570796	11.086068	1.483187	0.618144	1.809770	-19.807400	0.000000
9.410000	1.570796	1.570796	7.528114	1.484346	0.643501	1.809660	-18.709700	0.000022
9.411000	1.570796	1.570796	10.435157	1.489251	0.751398	1.808980	-18.081300	0.000105
9.411000	1.570796	1.570796	8.220274	1.476988	0.469112	1.806720	-16.983600	0.000378
9.410000	1.570796	1.570796	10.356452	1.492504	0.771700	1.804870	-16.343100	0.000385
9.410000	1.570796	1.570796	8.356680	1.476120	0.447520	1.799930	-15.245400	0.000725
9.411000	1.570796	1.570796	9.349465	1.479756	0.420405	1.795380	-14.585400	0.000863
9.411000	1.570796	1.570818	9.505262	1.497086	0.815240	1.784670	-13.487700	0.001509
9.411000	1.570795	1.570818	8.665339	1.502656	0.850878	1.773450	-12.786800	0.002196
9.411000	1.570794	1.570828	9.977455	1.484495	0.414139	1.743820	-11.689500	0.004011
9.412400	1.570792	1.570871	8.204901	1.512261	0.310168	1.702390	-10.844700	0.006537
9.412500	1.570789	1.570924	10.498781	1.511707	0.839400	1.608420	-9.751060	0.012279
9.424502	1.570751	1.571486	11.493668	1.516827	0.723748	1.260980	-8.062160	0.034076
9.423504	1.570731	1.571766	6.579704	1.578396	0.753151	0.891528	-7.028790	0.058738
9.054245	1.566600	1.485169	6.817672	1.529128	0.868539	0.653931	-0.887269	0.603236
9.088812	1.569429	1.500631	7.196395	1.627800	0.963491	1.041500	-0.134629	-0.095526
9.054249	1.566600	1.485170	6.817672	1.529128	0.868539	0.653935	-0.887264	0.603231
9.088822	1.569429	1.500631	7.139952	1.628392	0.975012	1.041500	-0.134624	-0.095531
9.054249	1.566600	1.485170	6.817672	1.529128	0.868539	0.653935	-0.887264	0.603231
9.088822	1.569429	1.500631	7.139952	1.628392	0.975012	1.041500	-0.134624	-0.095531
9.054249	1.566600	1.485170	6.817672	1.529128	0.868539	0.653935	-0.887264	0.603231
9.088822	1.569429	1.500631	7.139952	1.628392	0.975012	1.041500	-0.134624	-0.095531
9.054249	1.566600	1.485170	6.817672	1.529128	0.868539	0.653935	-0.887264	0.603231
9.088822	1.569429	1.500631	7.139952	1.628392	0.975012	1.041500	-0.134624	-0.095531
9.054249	1.566600	1.485170	6.817672	1.529128	0.868539	0.653935	-0.887264	0.603231
9.088822	1.569429	1.500631	7.139952	1.628392	0.975012	1.041500	-0.134624	-0.095531
9.054249	1.566600	1.485170	6.817672	1.529128	0.868539	0.653935	-0.887264	0.603231
9.088822	1.569429	1.500631	7.139952	1.628392	0.975012	1.041500	-0.134624	-0.095531
9.054251	1.566599	1.485170	6.817714	1.528981	0.868539	0.653935	-0.887264	0.603230
9.088812	1.569429	1.500631	7.139952	1.628392	0.975012	1.041500	-0.134623	-0.095531
9.054250	1.566600	1.485170	6.817714	1.528981	0.868539	0.653937	-0.887260	0.603227
9.088812	1.569429	1.500631	7.139952	1.628392	0.975012	1.041510	-0.134619	-0.095535
9.057976	1.565470	1.487055	7.452641	1.585409	0.870903	0.686901	-0.839137	0.514543
9.074610	1.569412	1.499769	6.546369	1.560057	0.970083	1.077310	-0.051425	-0.142749
9.248735	1.577901	1.585513	8.439342	1.613467	1.657483	1.329150	4.662380	0.938840
9.239665	1.578665	1.586770	8.161164	1.625963	1.680234	0.619188	5.497830	0.992875
9.410000	1.570796	1.570796	9.639237	1.483542	1.547675	2.669710	-19.807500	0.000000
9.410000	1.570796	1.570796	9.132571	1.486383	1.567390	2.669650	-18.709800	0.000014
9.411000	1.570796	1.570796	9.231526	1.488376	1.577209	2.669380	-18.083700	0.000023
9.411000	1.570796	1.570807	9.545156	1.480576	1.534286	2.667140	-16.986000	0.000302
9.411000	1.570796	1.570796	9.644023	1.481503	1.536643	2.664750	-16.346500	0.000284
9.411000	1.570796	1.570807	9.133193	1.486388	1.558599	2.659600	-15.248800	0.000598
9.411000	1.570796	1.570807	9.433568	1.486955	1.561222	2.655140	-14.594600	0.000741
9.411000	1.570796	1.570818	9.465078	1.476627	1.500699	2.644370	-13.497000	0.001172
9.411000	1.570795	1.570807	9.047187	1.482255	1.519730	2.633890	-12.811600	0.001657
9.411000	1.570795	1.570839	9.701649	1.471682	1.464943	2.606310	-11.714300	0.002916
9.412300	1.570794	1.570849	8.695125	1.462478	1.332552	2.572260	-10.930400	0.004437
9.412000	1.570792	1.570903	10.066305	1.469294	1.419438	2.491130	-9.835680	0.007998
9.416300	1.570783	1.571094	9.416268	1.444080	0.656348	2.311390	-8.645030	0.015686
9.415801	1.570774	1.571274	9.370960	1.509933	1.463681	2.031470	-7.583690	0.027928
9.054251	1.566604	1.485160	6.881648	1.533151	0.857438	0.653689	-0.887683	0.603625
9.088882	1.569432	1.500631	7.138611	1.625035	0.975012	1.041310	-0.135062	-0.095130
9.054249	1.566600	1.485170	6.817672	1.529128	0.868539	0.653935	-0.887264	0.603231
9.088822	1.569429	1.500631	7.139952	1.628392	0.975012	1.041500	-0.134624	-0.095531
9.054249	1.566600	1.485170	6.817672	1.529128	0.868539	0.653935	-0.887264	0.603231
9.088822	1.569429	1.500631	7.139952	1.628392	0.975012	1.041500	-0.134624	-0.095531
9.054249	1.566600	1.485170	6.817672	1.529128	0.868539	0.653935	-0.887264	0.603231
9.088822	1.569429	1.500631	7.139952	1.628392	0.975012	1.041500	-0.134624	-0.095531
9.054249	1.566600	1.485170	6.817672	1.529128	0.868539	0.653935	-0.887264	0.603231
9.088822	1.569429	1.500631	7.139952	1.628392	0.975012	1.041500	-0.134624	-0.095531
9.054249	1.566600	1.485170	6.817672	1.529128	0.868539	0.653935	-0.887264	0.603231
9.088822	1.569429	1.500631	7.139952	1.628392	0.975012	1.041500	-0.134624	-0.095531
9.088822	1.569429	1.500631	7.139952	1.628392	0.975012	1.041500	-0.134624	-0.095531
9.054249	1.566600	1.485170	6.817672	1.529128	0.868539	0.653935	-0.887264	0.603231
9.054250	1.566600	1.485170	6.817714	1.528981	0.868539	0.653935	-0.887264	0.603231
9.088822	1.569429	1.500631	7.139952	1.628392	0.975012	1.041500	-0.134624	-0.095531
9.054251	1.566600	1.485169	6.817714	1.528981	0.868539	0.653935	-0.887263	0.603230
9.088822	1.569429	1.500631	7.139952	1.628392	0.975012	1.041500	-0.134623	-0.095532
9.054243	1.566599	1.485172	6.817925	1.528249	0.868539	0.653995	-0.887161	0.603134
9.088812	1.569429	1.500631	7.114930	1.629158	0.955457	1.041550	-0.134517	-0.095629
9.316561	1.575142	1.582818	8.377858	1.635297	1.767019	1.789320	3.525880	0.842753
9.299333	1.577317	1.588369	8.083594	1.628972	1.702529	1.396750	4.547360	0.928787
9.410000	1.570796	1.570796	9.330038	1.609391	1.967238	3.529650	-19.807600	-0.000000
9.410000	1.570796	1.570796	9.330429	1.610462	1.967238	3.529650	-18.709900	-0.000000
9.411000	1.570796	1.570796	9.460951	1.608857	1.972910	3.529470	-18.085100	0.000017
9.411000	1.570796	1.570796	9.422293	1.609013	1.963136	3.527600	-16.987400	0.000146
9.411000	1.570796	1.570807	9.330429	1.610462	1.967238	3.525120	-16.350700	0.000316
9.411000	1.570796	1.570796	9.422293	1.609013	1.963136	3.520000	-15.253000	0.000576
9.411000	1.570796	1.570796	9.369466	1.610297	1.977091	3.515520	-14.603400	0.000596
9.411000	1.570796	1.570818	9.461733	1.610969	1.972910	3.505180	-13.505700	0.000900
9.411000	1.570796	1.570818	9.451455	1.613130	1.996547	3.495770	-12.833800	0.001219
9.411000	1.570795	1.570828	9.369466	1.610297	1.977091	3.471260	-11.736400	0.002059
9.411000	1.570795	1.570839	9.132804	1.615705	2.024640	3.444070	-10.998700	0.002954
9.411700	1.570793	1.570881	9.670703	1.617345	2.043703	3.377230	-9.903090	0.005057
9.413600	1.570791	1.570966	9.455602	1.600413	2.091255	3.271130	-8.949980	0.008163
9.413500	1.570787	1.571083	9.278491	1.622552	2.077895	3.066140	-7.871610	0.013955
9.250962	1.561800	1.500591	6.711968	1.567399	1.140470	0.132732	-2.216280	0.228492
9.200244	1.558417	1.485354	7.925911	1.569737	1.056345	0.508322	-1.226090	0.517287
9.054245	1.566600	1.485169	6.817714	1.528981	0.868539	0.653934	-0.887264	0.603231
9.088822	1.569429	1.500631	7.139952	1.628392	0.975012	1.041500	-0.134624	-0.095531
9.054249	1.566600	1.485170	6.817672	1.529128	0.868539	0.653935	-0.887264	0.603231
9.088822	1.569429	1.500631	7.139952	1.628392	0.975012	1.041500	-0.134624	-0.095531
9.088822	1.569429	1.500631	7.139952	1.628392	0.975012	1.041500	-0.134624	-0.095531
9.054249	1.566600	1.485170	6.817672	1.529128	0.868539	0.653935	-0.887264	0.603231
9.054249	1.566600	1.485170	6.817672	1.529128	0.868539	0.653935	-0.887264	0.603231
9.088822	1.569429	1.500631	7.139952	1.628392	0.975012	1.041500	-0.134624	-0.095531
9.054249	1.566600	1.485170	6.817672	1.529128	0.868539	0.653935	-0.887264	0.603231
9.088822	1.569429	1.500631	7.139952	1.628392	0.975012	1.041500	-0.134624	-0.095531
9.088822	1.569429	1.500631	7.139952	1.628392	0.975012	1.041500	-0.134624	-0.095531
9.054249	1.566600	1.485170	6.817714	1.528981	0.868539	0.653935	-0.887264	0.603231
9.054249	1.566600	1.485170	6.817714	1.528981	0.868539	0.653935	-0.887264	0.603231
9.088822	1.569429	1.500631	7.139952	1.628392	0.975012	1.041500	-0.134624	-0.095531
9.054245	1.566600	1.485170	6.817672	1.529128	0.868539	0.653935	-0.887263	0.603230
9.088822	1.569429	1.500631	7.139952	1.628392	0.975012	1.041500	-0.134623	-0.095532
9.054244	1.566599	1.485171	6.817840	1.528542	0.868539	0.653975	-0.887194	0.603165
9.088812	1.569429	1.500631	7.114871	1.629017	0.955457	1.041540	-0.134551	-0.095597
9.261742	1.577550	1.585719	8.086241	1.628953	1.704985	1.448170	4.452400	0.921611
9.250761	1.578485	1.587482	8.339382	1.615179	1.657327	0.797552	5.334060	0.987389
9.410000	1.570796	1.570796	9.388114	1.580490	1.707571	4.389590	-19.807600	0.000000
9.410000	1.570796	1.570796	9.389482	1.580488	1.708627	4.389590	-18.709900	0.000000
9.411000	1.570796	1.570796	9.388124	1.580596	1.707571	4.389570	-18.085900	0.000002
9.411000	1.570796	1.570796	9.389492	1.580595	1.708627	4.387850	-16.988200	0.000106
9.411000	1.570796	1.570796	9.390881	1.580700	1.709681	4.386430	-16.355100	0.000265
9.410000	1.570796	1.570796	9.389492	1.580595	1.708627	4.380650	-15.257400	0.000486
9.410000	1.570796	1.570796	9.390881	1.580700	1.709681	4.376760	-14.611800	0.000504
9.411000	1.570796	1.570807	9.392281	1.580805	1.710736	4.366730	-13.514200	0.000671
9.411000	1.570796	1.570807	9.396532	1.581013	1.713897	4.358550	-12.852900	0.000876
9.411000	1.570796	1.570828	9.397984	1.581224	1.714951	4.337560	-11.755400	0.001418
9.411000	1.570795	1.570839	9.403845	1.581537	1.719160	4.316240	-11.051800	0.001933
9.411400	1.570795	1.570860	9.416092	1.582373	1.727564	4.263050	-9.955400	0.003117
9.412400	1.570794	1.570903	9.247527	1.584963	1.749102	4.195930	-9.133310	0.004440
9.412300	1.570792	1.570988	9.571827	1.585528	1.759995	4.049690	-8.045400	0.006997
9.418602	1.570784	1.571433	9.839126	1.599258	1.902193	3.689130	-6.722650	0.012233
9.417304	1.570778	1.571741	8.867446	1.631731	2.130593	3.223500	-5.728630	0.019068
9.054245	1.566600	1.485168	6.882511	1.529957	0.857438	0.653889	-0.887342	0.603304
9.088832	1.569430	1.500631	7.139723	1.627832	0.975012	1.041470	-0.134706	-0.095456
9.054249	1.566600	1.485170	6.817714	1.528981	0.868539	0.653935	-0.887264	0.603231
9.088822	1.569429	1.500631	7.139952	1.628392	0.975012	1.041500	-0.134624	-0.095531
9.088822	1.569429	1.500631	7.139952	1.628392	0.975012	1.041500	-0.134624	-0.095531
9.054249	1.566600	1.485170	6.817672	1.529128	0.868539	0.653935	-0.887264	0.603231
9.054249	1.566600	1.485170	6.817672	1.529128	0.868539	0.653935	-0.887264	0.603231
9.088822	1.569429	1.500631	7.139952	1.628392	0.975012	1.041500	-0.134624	-0.095531
9.054249	1.566600	1.485170	6.817672	1.529128	0.868539	0.653935	-0.887264	0.603231
9.088822	1.569429	1.500631	7.139952	1.628392	0.975012	1.041500	-0.134624	-0.095531
9.054249	1.566600	1.485170	6.817714	1.528981	0.868539	0.653935	-0.887264	0.603231
9.088822	1.569429	1.500631	7.139952	1.628392	0.975012	1.041500	-0.134624	-0.095531
9.054249	1.566600	1.485170	6.817714	1.528981	0.868539	0.653935	-0.887264	0.603231
9.088822	1.569429	1.500631	7.139952	1.628392	0.975012	1.041500	-0.134624	-0.095531
9.054247	1.566600	1.485169	6.817714	1.528981	0.868539	0.653935	-0.887263	0.603230
9.088822	1.569429	1.500631	7.139952	1.628392	0.975012	1.041500	-0.134623	-0.095532
9.054233	1.566584	1.485212	6.628546	1.526126	0.903131	0.655081	-0.885305	0.601388
9.088550	1.569417	1.500617	7.292157	1.628287	0.921801	1.042420	-0.132573	-0.097400
9.410000	1.570796	1.570796	9.417320	1.574194	1.631360	5.249530	-19.807600	0.000000
9.410000	1.570796	1.570796	9.417317	1.574088	1.631360	5.249530	-18.709900	0.000000
9.411000	1.570796	1.570796	9.417320	1.574194	1.631360	5.249530	-18.087400	0.000000
9.411000	1.570796	1.570796	9.417317	1.574088	1.631360	5.249170	-16.989700	0.000011
9.411000	1.570796	1.570796	9.417320	1.574194	1.631360	5.247270	-16.359400	0.000122
9.411000	1.570796	1.570807	9.417320	1.574194	1.631360	5.242530	-15.261700	0.000229
9.411000	1.570796	1.570807	9.318123	1.574231	1.633081	5.238320	-14.619300	0.000477
9.410000	1.570796	1.570807	9.417934	1.574300	1.632420	5.228910	-13.521600	0.000468
9.411000	1.570796	1.570818	9.418556	1.574300	1.633480	5.221800	-12.868800	0.000618
9.411000	1.570796	1.570818	9.417934	1.574300	1.632420	5.204320	-11.771200	0.000957
9.411000	1.570796	1.570828	9.419837	1.574512	1.635599	5.187820	-11.092200	0.001246
9.411100	1.570795	1.570849	9.419837	1.574512	1.635599	5.146570	-9.995240	0.001880
9.411800	1.570795	1.570881	9.327157	1.575299	1.646993	5.102220	-9.249770	0.002444
9.411800	1.570794	1.570924	9.422523	1.574829	1.639835	4.999570	-8.156880	0.003459
9.413700	1.570793	1.571041	9.334479	1.576153	1.656607	4.849990	-7.224410	0.004365
9.413301	1.570792	1.571211	9.358239	1.578383	1.682162	4.571630	-6.162590	0.005301
9.588021	1.570694	1.596717	5.844495	1.664354	0.332620	2.020560	-3.094600	0.014617
9.573318	1.570862	1.597906	10.911255	1.484448	1.082462	1.136060	-2.444560	0.020903
9.054244	1.566600	1.485169	6.817672	1.529128	0.868539	0.653934	-0.887264	0.603231
9.088812	1.569429	1.500631	7.139952	1.628392	0.975012	1.041500	-0.134624	-0.095530
9.088822	1.569429	1.500631	7.139952	1.628392	0.975012	1.041500	-0.134624	-0.095531
9.054249	1.566600	1.485170	6.817714	1.528981	0.868539	0.653935	-0.887264	0.603231
9.088822	1.569429	1.500631	7.139952	1.628392	0.975012	1.041500	-0.134624	-0.095531
9.054249	1.566600	1.485170	6.817672	1.529128	0.868539	0.653935	-0.887264	0.603231
9.054249	1.566600	1.485170	6.817672	1.529128	0.868539	0.653935	-0.887264	0.603231
9.088822	1.569429	1.500631	7.139952	1.628392	0.975012	1.041500	-0.134624	-0.095531
9.054249	1.566600	1.485170	6.817714	1.528981	0.868539	0.653935	-0.887264	0.603231
9.088822	1.569429	1.500631	7.139952	1.628392	0.975012	1.041500	-0.134624	-0.095531
9.054250	1.566600	1.485170	6.817714	1.528981	0.868539	0.653935	-0.887264	0.603231
9.088822	1.569429	1.500631	7.139952	1.628392	0.975012	1.041500	-0.134624	-0.095531
9.054250	1.566600	1.485170	6.817714	1.528981	0.868539	0.653938	-0.887259	0.603226
9.088812	1.569429	1.500631	7.139952	1.628392	0.975012	1.041510	-0.134618	-0.095536
9.135720	1.564970	1.515358	8.804855	1.600103	1.722495	1.503390	0.958317	0.467210
9.241546	1.569577	1.558147	6.308922	1.570796	1.256564	1.814720	1.985520	0.697147
9.410000	1.570796	1.570796	9.404481	1.572189	1.601638	6.109470	-19.807600	0.000000
9.410000	1.570796	1.570796	9.404481	1.572179	1.601638	6.109470	-18.709900	0.000000
9.411000	1.570796	1.570796	9.404481	1.572189	1.601638	6.109470	-18.087700	0.000000
9.411000	1.570796	1.570796	9.404178	1.572189	1.600575	6.109390	-16.990000	0.000010
9.411000	1.570796	1.570796	9.404481	1.572189	1.601638	6.108740	-16.362800	0.000043
9.411000	1.570796	1.570796	9.404178	1.572189	1.600575	6.103960	-15.265100	0.000230
9.410000	1.570796	1.570796	9.504434	1.572185	1.601313	6.100660	-14.626500	0.000309
9.411000	1.570796	1.570807	9.404482	1.572211	1.601638	6.091600	-13.528900	0.000395
9.411000	1.570796	1.570807	9.404482	1.572232	1.601638	6.085330	-12.881900	0.000432
9.411000	1.570796	1.570818	9.404482	1.572232	1.601638	6.070970	-11.784300	0.000631
9.412000	1.570796	1.570818	9.404797	1.572296	1.602700	6.058290	-11.122500	0.000790
9.411000	1.570796	1.570828	9.404796	1.572264	1.602700	6.026890	-10.025200	0.001110
9.411300	1.570796	1.570860	9.305177	1.572376	1.604117	5.996760	-9.325920	0.001338
9.411400	1.570795	1.570892	9.405458	1.572455	1.604826	5.925350	-8.230550	0.001659
9.412200	1.570795	1.570945	9.407698	1.572869	1.611200	5.846380	-7.449890	0.001718
9.412100	1.570795	1.571030	9.506461	1.572637	1.607622	5.677590	-6.365250	0.001210
9.415101	1.570796	1.571285	9.323480	1.575194	1.641645	5.406260	-5.346170	-0.000936
9.414003	1.570798	1.571551	9.413867	1.573771	1.624999	4.969740	-4.339010	-0.005694
9.186675	1.566465	1.503315	6.915031	1.521174	0.970746	0.941945	-0.415409	-0.257256
9.035721	1.568090	1.488114	7.173035	1.599519	0.874272	0.749143	-0.654691	0.796555
9.088822	1.569429	1.500631	7.139952	1.628392	0.975012	1.041500	-0.134623	-0.095532
9.054251	1.566600	1.485169	6.817714	1.528981	0.868539	0.653935	-0.887263	0.603230
9.088822	1.569429	1.500631	7.139952	1.628392	0.975012	1.041500	-0.134624	-0.095531
9.054249	1.566600	1.485170	6.817714	1.528981	0.868539	0.653935	-0.887264	0.603231
9.088822	1.569429	1.500631	7.139952	1.628392	0.975012	1.041500	-0.134624	-0.095531
9.054249	1.566600	1.485170	6.817714	1.528981	0.868539	0.653935	-0.887264	0.603231
9.054249	1.566600	1.485170	6.817714	1.528981	0.868539	0.653935	-0.887264	0.603231
9.088822	1.569429	1.500631	7.139952	1.628392	0.975012	1.041500	-0.134624	-0.095531
9.054252	1.566599	1.485169	6.817714	1.528981	0.868539	0.653935	-0.887263	0.603229
9.088805	1.569429	1.500642	7.139952	1.628392	0.975012	1.041510	-0.134622	-0.095532
9.054220	1.566561	1.485268	6.546275	1.561478	0.970083	0.656661	-0.882586	0.598927
9.088178	1.569400	1.500604	7.313166	1.595412	0.872555	1.043660	-0.129808	-0.100001
9.410000	1.570796	1.570796	9.401313	1.571435	1.587497	6.969410	-19.807600	0.000000
9.410000	1.570796	1.570796	9.501299	1.571428	1.587321	6.969410	-18.709900	0.000000
9.410000	1.570796	1.570796	9.401313	1.571435	1.587497	6.969410	-18.087700	-0.000000
9.410000	1.570796	1.570796	9.501299	1.571428	1.587321	6.969410	-16.990000	-0.000000
9.411000	1.570796	1.570796	9.401313	1.571435	1.587497	6.969290	-16.365800	0.000013
9.411000	1.570796	1.570796	9.401330	1.571435	1.587603	6.966610	-15.268100	0.000105
9.410000	1.570796	1.570796	9.401313	1.571435	1.587497	6.962920	-14.633100	0.000225
9.411000	1.570796	1.570807	9.401347	1.571445	1.587710	6.955170	-13.535500	0.000291
9.411000	1.570796	1.570807	9.401364	1.571445	1.587816	6.948830	-12.892400	0.000282
9.411000	1.570796	1.570807	9.401364	1.571456	1.587816	6.937110	-11.794800	0.000407
9.411000	1.570796	1.570818	9.401381	1.571456	1.587922	6.927460	-11.145000	0.000492
9.410800	1.570796	1.570828	9.401415	1.571477	1.588135	6.903850	-10.047500	0.000642
9.411200	1.570796	1.570839	9.401486	1.571498	1.588560	6.883010	-9.376640	0.000720
9.411100	1.570796	1.570860	9.401468	1.571498	1.588454	6.833530	-8.280050	0.000753
9.411500	1.570796	1.570881	9.401765	1.571615	1.590156	6.786980	-7.571370	0.000621
9.411500	1.570796	1.570934	9.401650	1.571552	1.589518	6.682650	-6.478640	-0.000088
9.412300	1.570797	1.570998	9.402418	1.571817	1.593452	6.572620	-5.699900	-0.001346
9.412100	1.570798	1.571115	9.402305	1.571764	1.592920	6.349220	-4.625180	-0.004929
9.415102	1.570805	1.571465	9.305522	1.572752	1.605191	6.028740	-3.666230	-0.011858
9.413405	1.570813	1.571806	9.406162	1.572604	1.606951	5.516600	-2.695410	-0.024914
9.075256	1.568874	1.499852	7.155488	1.533546	0.834863	1.081510	-0.044780	-0.172976
9.054652	1.565811	1.487370	6.994273	1.608593	0.978825	0.701703	-0.806693	0.519973
9.088812	1.569429	1.500631	7.114871	1.629017	0.955457	1.041530	-0.134557	-0.095592
9.054251	1.566599	1.485171	6.882759	1.529086	0.857438	0.653972	-0.887200	0.603170
9.088822	1.569429	1.500631	7.140010	1.628531	0.975012	1.041510	-0.134611	-0.095543
9.054243	1.566600	1.485170	6.817714	1.528981	0.868539	0.653942	-0.887251	0.603219
9.054251	1.566599	1.485170	6.817756	1.528835	0.868539	0.653954	-0.887231	0.603199
9.088812	1.569429	1.500631	7.114755	1.628737	0.955457	1.041520	-0.134589	-0.095563
9.054208	1.566549	1.485299	6.713020	1.588822	0.986926	0.657500	-0.881146	0.597596
9.087979	1.569391	1.500602	7.158912	1.570238	0.854594	1.044330	-0.128321	-0.101376
9.411000	1.570796	1.570839	9.400481	1.571137	1.580902	7.728820	-8.313670	0.000306
9.411200	1.570796	1.570849	9.400491	1.571147	1.581009	7.699730	-7.642400	0.000153
9.411200	1.570796	1.570892	9.400511	1.571158	1.581221	7.634060	-6.546670	-0.000441
9.411500	1.570797	1.570924	9.400587	1.571201	1.581966	7.576900	-5.851680	-0.001198
9.411400	1.570798	1.570977	9.400554	1.571190	1.581647	7.454730	-4.760800	-0.003389
9.412000	1.570799	1.571041	9.400742	1.571307	1.583349	7.345580	-4.040390	-0.005902
9.411801	1.570802	1.571158	9.400692	1.571275	1.582923	7.127000	-2.964690	-0.012108
9.412901	1.570807	1.571317	9.401264	1.571562	1.587178	6.925960	-2.226100	-0.018964
9.411983	1.570817	1.571583	9.401000	1.571424	1.585370	6.551840	-1.194230	-0.033838
9.415099	1.570843	1.572156	9.403634	1.572328	1.598555	6.195440	-0.460941	-0.050236
9.410830	1.570878	1.572858	9.402048	1.571828	1.591644	5.601400	0.461609	-0.081204
9.416051	1.570968	1.574386	9.308631	1.573450	1.613781	5.164770	0.998341	-0.106749
9.405948	1.571104	1.576389	9.207876	1.573414	1.612077	4.643270	1.963340	-0.148816
9.412467	1.571014	1.574568	9.402424	1.572307	1.593452	4.933120	2.409890	-0.139909
9.401829	1.570927	1.573296	9.302333	1.572033	1.593158	5.658670	3.233000	-0.108134
