7.202687	1.570796	0.194626	7.232733	1.571460	0.254368	-10.499800	-10.624900	-0.000265
7.203179	1.570796	0.194542	7.235254	1.571059	0.255706	-10.454500	-9.528110	-0.000433
7.202864	1.570797	0.194607	6.760220	1.574347	0.509972	-10.420500	-8.972950	-0.000556
7.203845	1.570797	0.194581	7.600704	1.574296	0.569756	-10.321400	-7.879740	-0.000896
7.203921	1.570797	0.194706	8.457689	1.529402	0.362926	-10.232900	-7.243870	-0.001179
7.205452	1.570797	0.194636	5.571514	1.563258	0.367174	-10.006500	-6.169790	-0.001833
7.209934	1.570799	0.195135	4.877715	1.548243	5.792022	-9.674700	-5.279310	-0.002643
7.212961	1.570800	0.194755	8.868624	1.395121	5.124799	-9.101460	-4.343180	-0.003894
6.028743	1.560748	0.082570	6.458436	1.485533	4.816697	-5.773000	-2.381360	0.102730
6.391233	1.564222	0.121215	4.996459	1.492662	4.374767	-5.093460	-3.239780	0.182040
5.688465	1.574261	0.254222	5.264862	1.596821	2.892006	-6.131680	-1.362280	0.016656
5.936096	1.573455	0.242493	6.338473	1.612143	2.690656	-6.121180	-0.268174	-0.071498
6.998373	1.577171	0.269029	3.120211	1.577206	0.113701	-5.207260	1.551270	-0.223129
7.140688	1.573489	0.226361	7.151819	1.544786	6.165562	-4.368780	2.256630	-0.289144
7.191105	1.569142	0.200121	4.722078	1.545805	5.912513	-1.553130	3.046690	-0.109960
7.192530	1.570301	0.189848	4.737352	1.492614	5.808175	-2.608380	2.846520	-0.336503
7.195927	1.572709	0.217486	3.707294	1.524115	5.950334	-4.084140	2.416190	-0.302134
7.084889	1.576360	0.258049	6.939571	1.546153	6.179214	-4.980050	1.784500	-0.245001
7.213341	1.570782	0.193587	7.605922	1.569810	5.790134	-8.852210	2.763350	0.008992
7.209289	1.570789	0.193315	6.762411	1.568726	5.872468	-9.496410	3.652140	0.005407
7.204774	1.570794	0.194230	7.242128	1.570299	0.107912	-9.917660	4.614240	0.003258
7.203362	1.570795	0.194240	7.142721	1.569662	0.109420	-10.174600	5.681430	0.001969
7.203653	1.570795	0.194374	7.207468	1.570674	0.172904	-10.278800	6.333200	0.001445
7.203241	1.570796	0.194371	7.207468	1.570637	0.172904	-10.393000	7.424950	0.000867
7.202785	1.570796	0.194624	7.232731	1.571087	0.254368	-9.697690	-10.583400	-0.000395
7.203021	1.570797	0.194575	7.120928	1.571316	0.249747	-9.635600	-9.487420	-0.000679
7.203353	1.570797	0.194665	6.711969	1.574223	0.496969	-9.580530	-8.869600	-0.000928
7.203922	1.570797	0.194635	7.666190	1.573640	0.533708	-9.429570	-7.782330	-0.001589
7.206367	1.570798	0.194993	7.021442	1.525063	0.180619	-9.215060	-6.915020	-0.002488
7.208155	1.570800	0.194816	7.374988	1.551405	0.360358	-8.802900	-5.897630	-0.004163
6.563699	1.561253	0.085900	7.284566	1.492469	5.380678	-5.116770	-3.218090	0.179843
6.830643	1.565281	0.132131	3.589220	1.501087	5.656442	-4.223630	-3.852070	0.252634
7.287965	1.569478	0.177928	5.260124	1.633574	0.704494	-2.465800	-4.286660	0.332718
7.296526	1.572540	0.199358	5.045047	1.640227	0.855705	-1.376810	-4.150310	0.311700
6.289676	1.564335	0.123294	4.822499	1.485675	4.666588	-5.240130	-3.095720	0.167891
5.927499	1.561206	0.089317	6.625104	1.498281	4.317831	-5.867480	-2.198600	0.086876
7.174380	1.569680	0.191300	5.013680	1.486527	5.833861	-2.417550	2.868980	-0.424417
7.173256	1.569772	0.199103	4.485969	1.562102	5.865414	-1.445240	3.083430	0.037722
7.169107	1.569202	0.192337	5.103947	1.477793	5.844181	-2.351410	2.875610	-0.516351
7.171778	1.570043	0.198590	4.411305	1.569890	5.847928	-1.493130	3.079570	0.136869
7.171709	1.570064	0.198549	4.751419	1.593739	5.896815	-1.500030	3.078710	0.146110
7.168652	1.569166	0.192449	4.791641	1.447562	5.795083	-2.344350	2.876440	-0.525582
7.178423	1.569472	0.199598	4.482982	1.547372	5.867453	-1.459200	3.074530	-0.040772
7.180631	1.570054	0.190521	5.081837	1.500291	5.849538	-2.485400	2.862000	-0.367424
7.207981	1.570788	0.193831	7.004478	1.568712	0.035699	-8.590210	4.286820	0.007691
7.205610	1.570792	0.193740	7.308875	1.569743	0.049275	-9.073720	5.272290	0.004393
7.203655	1.570795	0.194303	7.202368	1.570584	0.168801	-9.357690	6.218810	0.002569
7.203047	1.570795	0.194305	7.202368	1.570652	0.168801	-9.536180	7.301900	0.001456
7.202883	1.570797	0.194621	7.210610	1.571018	0.242288	-8.892150	-10.524900	-0.000590
7.203158	1.570797	0.194599	7.222770	1.571295	0.249008	-8.808630	-9.430390	-0.001062
7.204018	1.570797	0.194774	7.424970	1.572588	0.445577	-8.712550	-8.694350	-0.001607
7.204862	1.570798	0.194723	6.879744	1.575113	0.567844	-8.484650	-7.620570	-0.002889
7.245459	1.570837	0.198768	4.436136	1.597850	0.764667	-7.321830	-5.556360	-0.010247
7.247064	1.570864	0.198470	8.897309	1.498802	0.198501	-6.588780	-4.739330	-0.016261
7.171649	1.572018	0.197456	5.169472	1.623244	0.799096	-1.033730	-4.057440	0.451526
7.171037	1.571720	0.190112	4.463492	1.611359	0.832981	-0.069976	-3.897170	-0.048918
7.166763	1.572412	0.196468	5.094691	1.595530	0.757628	-0.976283	-4.040770	0.532200
7.169942	1.571478	0.190510	4.481545	1.646288	0.864597	-0.115645	-3.910780	-0.136641
7.274359	1.573087	0.197814	5.040675	1.626373	0.715092	-0.954382	-4.047800	0.277082
7.275717	1.570582	0.189624	4.964121	1.641361	0.813962	-2.028880	-4.264710	0.334880
7.170923	1.569353	0.191961	4.775458	1.459583	5.798806	-2.375090	2.873040	-0.483191
7.172035	1.569964	0.198782	4.750535	1.583216	5.896815	-1.470970	3.082120	0.103140
7.167922	1.569128	0.192583	4.791641	1.447562	5.795083	-2.335620	2.877500	-0.536501
7.171738	1.570088	0.198477	4.755172	1.593510	5.894867	-1.508620	3.077620	0.157009
7.171727	1.570103	0.198421	4.963398	1.451847	5.815908	-1.514290	3.076890	0.163901
7.167664	1.569104	0.192689	4.483029	1.594666	5.867453	-2.329880	2.878210	-0.543410
7.171757	1.570092	0.198463	4.424039	1.569666	5.841779	-1.510320	3.077400	0.159098
7.167862	1.569121	0.192613	5.095702	1.477248	5.847749	-2.333900	2.877710	-0.538595
7.229225	1.571192	0.212051	5.282753	1.474295	5.739504	-3.890290	2.507870	-0.304008
7.135458	1.578233	0.249741	5.706630	1.619005	0.000000	-4.811630	1.950600	-0.090631
7.204541	1.570793	0.194137	7.194137	1.570589	0.161949	-8.356250	6.019070	0.004751
7.203502	1.570794	0.194123	7.190939	1.570508	0.159205	-8.634400	7.080950	0.002589
7.202653	1.570796	0.194387	7.221662	1.570763	0.183817	-8.864870	8.963310	0.000890
7.203175	1.570797	0.194755	7.201118	1.571028	0.236895	-8.082970	-10.443200	-0.000880
7.203412	1.570797	0.194635	7.217867	1.571220	0.246323	-7.973540	-9.350940	-0.001649
7.205640	1.570799	0.195055	7.684460	1.574765	0.609660	-7.784420	-8.372230	-0.003011
7.206819	1.570800	0.194952	6.664857	1.573482	0.483779	-7.448510	-7.327190	-0.005483
7.192514	1.571311	0.199272	4.529597	1.613418	0.785398	-1.245690	-4.115950	0.351248
7.190908	1.572479	0.188886	5.029556	1.629284	0.799482	-0.193217	-3.903360	0.123114
7.165090	1.572505	0.196102	4.480081	1.641837	0.864597	-0.953800	-4.034720	0.560335
7.169895	1.571417	0.190668	5.093378	1.600251	0.785398	-0.138438	-3.916710	-0.165066
7.169905	1.571418	0.190668	5.170843	1.628072	0.799096	-0.137774	-3.916540	-0.164294
7.165119	1.572503	0.196101	4.396464	1.609473	0.849825	-0.954452	-4.034890	0.559568
7.170668	1.571670	0.190178	4.979956	1.665114	0.842479	-0.074867	-3.899010	-0.064369
7.170767	1.572093	0.197310	4.525508	1.567482	0.785398	-1.024000	-4.054540	0.464693
7.169836	1.569255	0.192204	4.695008	1.452952	5.786920	-2.360610	2.874570	-0.503844
7.171847	1.570015	0.198659	4.754569	1.586992	5.894867	-1.484280	3.080640	0.124268
7.167625	1.569110	0.192662	4.854520	1.583774	5.898853	-2.331330	2.878030	-0.541679
7.171737	1.570098	0.198449	4.684765	1.454198	5.790700	-1.512850	3.077070	0.162173
7.167388	1.569097	0.192711	4.392421	1.523424	5.807306	-2.328050	2.878450	-0.545553
7.171678	1.570106	0.198422	5.123034	1.517287	5.877267	-1.516080	3.076650	0.166038
7.171717	1.570108	0.198407	5.104611	1.528469	5.884473	-1.516330	3.076620	0.166327
7.167487	1.569097	0.192708	4.321091	1.509431	5.790500	-2.327810	2.878480	-0.545842
7.171758	1.570070	0.198519	4.387713	1.524058	5.809334	-1.502210	3.078440	0.148928
7.168415	1.569154	0.192498	5.123034	1.517287	5.877267	-2.342130	2.876700	-0.528402
7.206514	1.570787	0.193659	7.167316	1.570252	0.137161	-7.189480	5.613440	0.009540
7.204829	1.570791	0.193620	7.273301	1.570494	0.142091	-7.613750	6.625820	0.005280
7.203164	1.570795	0.194316	7.219841	1.570722	0.182455	-7.905390	7.769560	0.002555
7.203371	1.570797	0.194749	7.203472	1.570984	0.238245	-7.270190	-10.330100	-0.001312
7.203823	1.570798	0.194709	7.208218	1.571217	0.240941	-7.131940	-9.241100	-0.002528
7.212177	1.570806	0.196134	5.780153	1.573045	0.920375	-6.657240	-7.631860	-0.007027
7.213590	1.570812	0.195982	8.321861	1.577766	0.999459	-6.186040	-6.640450	-0.011945
7.165608	1.572479	0.196216	4.991054	1.686259	0.842479	-0.961005	-4.036630	0.551701
7.169917	1.571437	0.190625	4.526796	1.546715	0.785398	-0.131102	-3.914820	-0.156373
7.164425	1.572528	0.195950	4.459843	1.567657	0.832981	-0.944570	-4.032310	0.570888
7.169920	1.571396	0.190752	5.115984	1.665347	0.813169	-0.147842	-3.919120	-0.175675
7.169902	1.571402	0.190724	4.641643	1.688049	0.862170	-0.145152	-3.918430	-0.172698
7.164601	1.572523	0.195988	4.880126	1.555427	0.770906	-0.947210	-4.032990	0.567926
7.169951	1.571473	0.190539	4.925859	1.688407	0.857735	-0.117374	-3.911240	-0.138960
7.166645	1.572422	0.196443	4.668297	1.546374	0.785398	-0.974560	-4.040300	0.534481
7.169758	1.569245	0.192220	5.081343	1.490614	5.851329	-2.358980	2.874750	-0.506103
7.171798	1.570020	0.198661	4.428855	1.555216	5.839737	-1.485830	3.080450	0.126553
7.167566	1.569104	0.192692	4.486703	1.590857	5.865414	-2.329680	2.878240	-0.543646
7.171679	1.570102	0.198436	5.041546	1.457094	5.828466	-1.514480	3.076860	0.164136
7.167310	1.569093	0.192727	4.577115	1.463317	5.786118	-2.326720	2.878620	-0.547106
7.171727	1.570110	0.198407	4.961822	1.572610	5.898936	-1.517400	3.076480	0.167588
7.171678	1.570112	0.198408	4.854856	1.588305	5.898853	-1.517920	3.076410	0.168204
7.167329	1.569091	0.192741	4.696796	1.449781	5.786920	-2.326190	2.878680	-0.547723
7.171718	1.570103	0.198421	5.187080	1.476964	5.855917	-1.515080	3.076780	0.164845
7.167467	1.569101	0.192695	4.333835	1.571950	5.831921	-2.329070	2.878320	-0.544357
7.234803	1.570631	0.183226	6.140092	1.566399	5.753939	-5.082780	3.824990	0.033345
7.236264	1.570675	0.183329	7.749287	1.565893	5.941029	-5.689290	4.739840	0.022255
7.203421	1.570794	0.194210	7.219841	1.570730	0.182455	-7.031640	7.622310	0.003989
7.202813	1.570795	0.194213	7.218033	1.570724	0.181093	-7.212840	8.704950	0.002058
7.203663	1.570797	0.194883	7.215435	1.571098	0.244979	-6.454340	-10.175700	-0.001957
7.204253	1.570798	0.194796	7.194137	1.571077	0.232842	-6.287960	-9.090670	-0.003811
7.241302	1.567363	0.159278	4.817427	1.624793	0.755995	-3.052450	-4.241140	0.296562
7.283898	1.571130	0.191534	5.854238	1.637464	0.906750	-1.955350	-4.254800	0.330307
7.164464	1.572527	0.195963	4.456595	1.547009	0.801270	-0.945295	-4.032500	0.570078
7.169901	1.571397	0.190739	5.057502	1.684337	0.827627	-0.147102	-3.918930	-0.174861
7.169890	1.571386	0.190767	4.740454	1.539571	0.770474	-0.152091	-3.920190	-0.180290
7.164102	1.572538	0.195874	4.930587	1.696262	0.857735	-0.940396	-4.031230	0.575482
7.169891	1.571395	0.190739	5.178938	1.650821	0.799096	-0.148261	-3.919220	-0.176135
7.164376	1.572530	0.195937	4.318915	1.583531	0.834539	-0.944158	-4.032200	0.571346
7.169906	1.571425	0.190653	4.787162	1.694146	0.859887	-0.135091	-3.915850	-0.161148
7.165325	1.572493	0.196153	4.739688	1.545264	0.770474	-0.957086	-4.035590	0.556441
7.170035	1.569280	0.192127	4.758132	1.583617	5.892921	-2.364450	2.874160	-0.498470
7.171897	1.570003	0.198686	4.688432	1.456222	5.788808	-1.480660	3.081060	0.118816
7.167487	1.569100	0.192708	4.352217	1.551724	5.823649	-2.328620	2.878370	-0.544890
7.171747	1.570105	0.198420	5.068264	1.491990	5.856722	-1.515530	3.076720	0.165377
7.167348	1.569090	0.192755	4.793634	1.444250	5.795083	-2.325750	2.878740	-0.548238
7.171698	1.570112	0.198407	4.755485	1.596243	5.894867	-1.518360	3.076350	0.168717
7.164762	1.569015	0.193309	4.597621	1.451758	5.780342	-2.287740	2.883940	-0.587998
7.171735	1.570191	0.198108	4.954715	1.582906	5.902679	-1.555930	3.071260	0.208436
7.171727	1.570108	0.198407	5.086739	1.542090	5.891722	-1.516640	3.076580	0.166692
7.167389	1.569096	0.192711	4.437530	1.494780	5.791234	-2.327490	2.878520	-0.546208
7.171878	1.569997	0.198715	4.415759	1.560605	5.845874	-1.478540	3.081330	0.115990
7.170310	1.569294	0.192106	5.087331	1.486369	5.849538	-2.366300	2.873970	-0.495428
7.203700	1.570792	0.194047	7.214458	1.570720	0.178366	-6.140240	7.403340	0.006205
7.202974	1.570794	0.194038	7.216239	1.570697	0.179730	-6.367530	8.477250	0.003220
7.204131	1.570798	0.194997	7.196451	1.571091	0.234194	-5.637180	-9.968650	-0.002919
7.204779	1.570800	0.194951	7.215435	1.571083	0.244979	-5.449010	-8.887200	-0.005623
7.167565	1.572359	0.196645	4.924007	1.685180	0.857735	-0.986231	-4.043550	0.518576
7.170004	1.571510	0.190452	4.597826	1.549045	0.770015	-0.105718	-3.908130	-0.122754
7.164269	1.572534	0.195912	4.418112	1.649191	0.881872	-0.942686	-4.031820	0.572975
7.169901	1.571390	0.190753	5.094594	1.594746	0.757628	-0.149760	-3.919600	-0.177772
7.169900	1.571388	0.190767	4.880272	1.553583	0.770906	-0.151089	-3.919940	-0.179212
7.164181	1.572536	0.195886	4.718666	1.688260	0.876058	-0.941381	-4.031480	0.574408
7.169901	1.571390	0.190753	5.163201	1.588809	0.771700	-0.149910	-3.919640	-0.177935
7.164269	1.572534	0.195912	4.484487	1.654516	0.864597	-0.942539	-4.031780	0.573137
7.169903	1.571407	0.190710	4.394983	1.599469	0.849825	-0.142917	-3.917860	-0.170190
7.164748	1.572517	0.196012	5.173680	1.636948	0.799096	-0.949404	-4.033560	0.565431
7.170449	1.569311	0.192059	4.511375	1.497582	5.807610	-2.369080	2.873660	-0.491889
7.171917	1.569986	0.198728	4.994373	1.542360	5.884080	-1.476370	3.081540	0.112099
7.167388	1.569097	0.192711	4.426525	1.499574	5.795226	-2.327590	2.878510	-0.546092
7.171727	1.570109	0.198421	5.091240	1.537792	5.889906	-1.516540	3.076590	0.166577
7.167250	1.569087	0.192758	4.965444	1.448448	5.815908	-2.324970	2.878840	-0.549133
7.171717	1.570114	0.198393	4.575066	1.597684	5.876284	-1.519130	3.076250	0.169611
7.167013	1.569077	0.192807	4.969588	1.560936	5.895205	-2.321800	2.879250	-0.552752
7.171688	1.570121	0.198365	4.469671	1.473544	5.781327	-1.522260	3.075840	0.173222
7.171698	1.570109	0.198407	5.062264	1.561709	5.902679	-1.517100	3.076520	0.167238
7.167310	1.569094	0.192727	4.562082	1.475080	5.789990	-2.327020	2.878580	-0.546756
7.171748	1.570084	0.198491	4.965645	1.565359	5.897069	-1.507660	3.077740	0.155820
7.168118	1.569131	0.192578	4.568458	1.471475	5.788052	-2.336600	2.877380	-0.535309
7.204022	1.570789	0.193699	7.112496	1.570689	0.178093	-5.229290	7.064420	0.009686
7.203199	1.570792	0.193693	7.207468	1.570660	0.172904	-5.499310	8.128380	0.005227
7.204794	1.570800	0.195248	7.118462	1.571191	0.248386	-4.822920	-9.696380	-0.004342
7.205363	1.570802	0.195218	7.203472	1.571017	0.238245	-4.626080	-8.616480	-0.008099
7.165100	1.572503	0.196102	4.401102	1.630817	0.849825	-0.954041	-4.034780	0.560050
7.169895	1.571418	0.190668	5.166393	1.610293	0.771700	-0.138192	-3.916650	-0.164780
7.164249	1.572534	0.195912	4.425289	1.667665	0.881872	-0.942240	-4.031710	0.573466
7.169891	1.571390	0.190753	5.021115	1.578763	0.771315	-0.150214	-3.919720	-0.178265
7.173765	1.571333	0.198207	4.611857	1.639152	0.831519	-1.064230	-4.069690	0.349661
7.171513	1.571855	0.189886	4.950778	1.591199	0.785398	-0.025270	-3.884480	0.047672
7.169891	1.571388	0.190753	4.952366	1.555248	0.756835	-0.151018	-3.919920	-0.179135
7.164181	1.572537	0.195886	4.641877	1.688477	0.862170	-0.941451	-4.031500	0.574332
7.169901	1.571397	0.190739	5.122422	1.677786	0.813169	-0.147359	-3.918990	-0.175144
7.164445	1.572528	0.195949	4.456034	1.553067	0.801270	-0.945044	-4.032430	0.570360
7.170272	1.569303	0.192078	4.782353	1.455535	5.796943	-2.367880	2.873790	-0.493599
7.171917	1.569990	0.198714	4.750776	1.586794	5.896815	-1.477470	3.081420	0.113849
7.167329	1.569093	0.192741	4.598337	1.450463	5.780342	-2.326320	2.878670	-0.547576
7.171708	1.570110	0.198393	4.854602	1.585010	5.898853	-1.517800	3.076430	0.168057
7.167171	1.569086	0.192774	5.030507	1.461044	5.832059	-2.324350	2.878920	-0.549844
7.171717	1.570116	0.198393	4.494466	1.585927	5.861346	-1.519740	3.076170	0.170320
7.166618	1.569063	0.192888	4.332170	1.503805	5.786424	-2.316960	2.879890	-0.558147
7.171648	1.570133	0.198323	5.099819	1.532943	5.886281	-1.527030	3.075210	0.178607
7.171669	1.570106	0.198422	5.118939	1.517831	5.879064	-1.516090	3.076650	0.166051
7.167388	1.569098	0.192711	4.304024	1.521753	5.796649	-2.328040	2.878450	-0.545566
7.171747	1.570094	0.198449	4.371686	1.537851	5.815444	-1.510970	3.077320	0.159891
7.167783	1.569117	0.192629	5.142681	1.505219	5.870105	-2.333240	2.877790	-0.539391
7.204637	1.570780	0.192833	7.190939	1.570560	0.159205	-4.283660	6.483130	0.015672
7.203794	1.570785	0.192814	7.098761	1.570616	0.167001	-4.584250	7.538850	0.009161
7.205808	1.570803	0.195673	7.113572	1.571162	0.245661	-4.020040	-9.346530	-0.006400
7.206279	1.570806	0.195646	7.227725	1.571120	0.251690	-3.833670	-8.264780	-0.011368
7.164699	1.572519	0.196014	5.164936	1.602361	0.771700	-0.948569	-4.033350	0.566383
7.169893	1.571404	0.190711	4.479177	1.638942	0.864597	-0.143767	-3.918080	-0.171148
7.164259	1.572534	0.195912	4.421077	1.657308	0.881872	-0.942496	-4.031770	0.573184
7.169891	1.571390	0.190753	5.021693	1.587923	0.771315	-0.149953	-3.919650	-0.177982
7.164239	1.572536	0.195912	4.566671	1.667516	0.878875	-0.942164	-4.031690	0.573549
7.169910	1.571390	0.190767	5.021029	1.576174	0.771315	-0.150291	-3.919740	-0.178348
7.169900	1.571386	0.190767	4.740454	1.539571	0.770474	-0.152079	-3.920190	-0.180277
7.164102	1.572538	0.195874	4.790559	1.699740	0.859887	-0.940408	-4.031230	0.575469
7.169920	1.571392	0.190767	5.091964	1.588472	0.785398	-0.149929	-3.919650	-0.177955
7.164259	1.572534	0.195912	4.420733	1.656407	0.881872	-0.942520	-4.031780	0.573158
7.170746	1.569343	0.191980	5.081504	1.490221	5.851329	-2.373630	2.873190	-0.485319
7.171957	1.569969	0.198756	4.420209	1.556769	5.843824	-1.472260	3.081990	0.105342
7.167250	1.569089	0.192758	4.965444	1.448448	5.815908	-2.324990	2.878840	-0.549108
7.171707	1.570114	0.198379	4.575093	1.597903	5.876284	-1.519110	3.076260	0.169586
7.167092	1.569082	0.192790	5.148252	1.500813	5.868322	-2.323260	2.879060	-0.551087
7.171678	1.570119	0.198379	4.277468	1.542037	5.806986	-1.520810	3.076030	0.171561
7.166322	1.569052	0.192968	5.231291	1.503458	5.879551	-2.311840	2.880570	-0.563710
7.171677	1.570144	0.198294	4.286936	1.540000	5.802838	-1.532090	3.074530	0.184163
7.171757	1.570099	0.198448	4.881117	1.447149	5.804765	-1.513450	3.076990	0.162894
7.167625	1.569108	0.192662	4.755460	1.596033	5.894867	-2.330730	2.878110	-0.542401
7.171669	1.570091	0.198465	4.486495	1.588406	5.865414	-1.509760	3.077470	0.158422
7.167862	1.569122	0.192613	5.035842	1.459363	5.830261	-2.334460	2.877640	-0.537917
7.207157	1.570677	0.184756	7.112416	1.569657	0.059086	-3.128410	4.906260	0.033323
7.208705	1.570703	0.184772	6.810062	1.569783	0.054358	-3.437790	5.959410	0.022547
7.207291	1.570808	0.196424	7.041939	1.571265	0.262889	-3.243190	-8.913210	-0.009251
7.207409	1.570813	0.196435	7.235254	1.571156	0.255706	-3.089610	-7.826330	-0.015519
7.164582	1.572523	0.195974	4.884369	1.553598	0.741947	-0.947140	-4.032970	0.568005
7.169912	1.571402	0.190724	4.642704	1.689974	0.862170	-0.145224	-3.918450	-0.172778
7.164317	1.572531	0.195924	4.332344	1.616515	0.867183	-0.943426	-4.032010	0.572157
7.169910	1.571393	0.190753	5.098376	1.623976	0.785398	-0.149006	-3.919410	-0.176950
7.164327	1.572533	0.195924	4.331727	1.613286	0.867183	-0.943491	-4.032030	0.572087
7.169910	1.571393	0.190753	5.170170	1.625754	0.771700	-0.148941	-3.919400	-0.176879
7.169908	1.571379	0.190795	4.332074	1.615131	0.867183	-0.155191	-3.920980	-0.183589
7.163897	1.572545	0.195822	5.169790	1.624403	0.799096	-0.937352	-4.030450	0.578767
7.169910	1.571389	0.190767	4.880051	1.556452	0.770906	-0.150960	-3.919910	-0.179072
7.164190	1.572537	0.195900	4.641177	1.687193	0.862170	-0.941507	-4.031520	0.574270
7.170844	1.569347	0.191978	4.957172	1.462864	5.815908	-2.374410	2.873110	-0.484190
7.171966	1.569967	0.198770	4.565969	1.584594	5.880307	-1.471570	3.082060	0.104174
7.167250	1.569086	0.192758	5.037190	1.456995	5.830261	-2.324540	2.878900	-0.549628
7.171649	1.570116	0.198380	4.490748	1.590616	5.863378	-1.519550	3.076200	0.170105
7.166795	1.569068	0.192869	4.347148	1.562515	5.825710	-2.318220	2.879720	-0.556754
7.171697	1.570130	0.198336	5.080630	1.482504	5.853124	-1.525790	3.075370	0.177217
7.165946	1.569038	0.193063	4.395649	1.530518	5.805282	-2.305240	2.881470	-0.570667
7.171706	1.570158	0.198236	5.128855	1.510903	5.875472	-1.538620	3.073650	0.191111
7.171699	1.570071	0.198521	4.545783	1.480038	5.795827	-1.503030	3.078330	0.149993
7.168434	1.569152	0.192512	5.069973	1.557384	5.899016	-2.341290	2.876800	-0.529465
7.171748	1.570068	0.198520	4.433170	1.555006	5.837699	-1.501660	3.078510	0.148228
7.168494	1.569159	0.192482	5.073192	1.490089	5.854921	-2.342680	2.876640	-0.527694
7.168452	1.571586	0.199281	4.828519	1.651655	5.773060	-1.622080	3.016900	-0.641052
7.167574	1.571271	0.192194	4.777880	1.449314	5.900721	-2.228240	2.950450	0.271690
7.209230	1.570819	0.197771	7.096543	1.571445	0.290107	-2.514140	-8.424880	-0.012809
7.208641	1.570826	0.197787	7.148910	1.571230	0.264657	-2.414230	-7.331760	-0.020352
7.164660	1.572521	0.196000	5.162880	1.584936	0.771700	-0.948125	-4.033230	0.566889
7.169893	1.571403	0.190711	4.486204	1.658958	0.864597	-0.144220	-3.918190	-0.171656
7.164454	1.572527	0.195949	4.526919	1.545611	0.785398	-0.945396	-4.032520	0.569966
7.169911	1.571397	0.190738	4.991866	1.687652	0.842479	-0.147000	-3.918900	-0.174748
7.164718	1.572519	0.196013	5.167092	1.613580	0.799096	-0.948839	-4.033420	0.566076
7.169903	1.571404	0.190710	4.334860	1.627807	0.867183	-0.143493	-3.918010	-0.170839
7.169897	1.571368	0.190824	5.183715	1.661590	0.799096	-0.160795	-3.922390	-0.189415
7.163525	1.572554	0.195747	4.393177	1.570569	0.849825	-0.931845	-4.029050	0.584570
7.164034	1.572541	0.195861	5.056490	1.682569	0.827627	-0.939189	-4.030920	0.576791
7.169909	1.571384	0.190781	4.456347	1.549477	0.801270	-0.153321	-3.920510	-0.181605
7.170626	1.569321	0.192040	4.489880	1.573246	5.863378	-2.370440	2.873520	-0.489936
7.171937	1.569981	0.198742	5.023610	1.474302	5.832059	-1.475130	3.081680	0.110096
7.166855	1.569072	0.192839	4.483523	1.598903	5.867453	-2.319550	2.879550	-0.555281
7.171678	1.570127	0.198351	5.054750	1.449823	5.824885	-1.524480	3.075550	0.175747
7.166855	1.569070	0.192839	4.578849	1.596133	5.874277	-2.319390	2.879570	-0.555457
7.171717	1.570127	0.198350	4.960252	1.449538	5.817721	-1.524640	3.075520	0.175922
7.165848	1.569035	0.193066	4.360896	1.489531	5.776310	-2.304270	2.881610	-0.571666
7.171638	1.570160	0.198224	5.082499	1.545216	5.893542	-1.539570	3.073520	0.192110
7.160695	1.569100	0.194331	5.199724	1.517499	5.891950	-2.212400	2.895630	-0.647794
7.171772	1.570299	0.197495	4.336774	1.523970	5.782365	-1.630670	3.060400	0.268389
7.160162	1.569130	0.194459	4.696765	1.434107	5.790700	-2.201830	2.897390	-0.654593
7.171782	1.570310	0.197424	4.775884	1.604933	5.885171	-1.641180	3.058800	0.275226
7.165611	1.569031	0.193115	4.890391	1.439757	5.802934	-2.301380	2.882010	-0.574462
7.171628	1.570167	0.198210	4.667956	1.603793	5.884767	-1.542270	3.073160	0.195057
7.210107	1.570833	0.199430	7.033465	1.571521	0.309161	-1.851760	-8.033070	-0.015928
7.208931	1.570844	0.199463	7.172978	1.571326	0.276768	-1.819160	-6.935880	-0.024404
7.164875	1.572513	0.196051	4.992569	1.688845	0.842479	-0.951040	-4.033990	0.563548
7.169903	1.571410	0.190696	4.527074	1.544286	0.785398	-0.141249	-3.917430	-0.168298
7.164826	1.572514	0.196038	5.051875	1.674110	0.827627	-0.950407	-4.033830	0.564278
7.169903	1.571409	0.190696	4.528003	1.559091	0.816638	-0.141895	-3.917600	-0.169032
7.169601	1.572155	0.197115	4.778299	1.678154	0.859887	-1.011820	-4.051080	0.477482
7.170158	1.571599	0.190263	4.738523	1.558134	0.770474	-0.079151	-3.900930	-0.081558
7.169918	1.571382	0.190795	4.318843	1.582142	0.834539	-0.154389	-3.920780	-0.182740
7.163946	1.572544	0.195835	5.179421	1.651976	0.799096	-0.938140	-4.030650	0.577922
7.169899	1.571381	0.190781	4.318843	1.582142	0.834539	-0.154383	-3.920770	-0.182734
7.163946	1.572543	0.195835	5.179502	1.652168	0.799096	-0.938146	-4.030650	0.577915
7.169913	1.571347	0.190909	4.576355	1.687309	0.878875	-0.172137	-3.925230	-0.200687
7.162763	1.572565	0.195569	4.879943	1.558091	0.770906	-0.920693	-4.026250	0.595808
7.166757	1.569070	0.192842	4.403848	1.591462	5.852047	-2.319100	2.879610	-0.555778
7.171658	1.570128	0.198337	5.037418	1.456601	5.830261	-1.524920	3.075490	0.176243
7.167092	1.569082	0.192790	5.220471	1.512531	5.883081	-2.323000	2.879100	-0.551391
7.171717	1.570119	0.198364	4.386616	1.529751	5.809334	-1.521080	3.076000	0.171864
7.166085	1.569044	0.193017	4.484033	1.602693	5.867453	-2.307770	2.881130	-0.568031
7.171716	1.570152	0.198265	4.967925	1.444452	5.815908	-1.536120	3.073980	0.188478
7.165908	1.569039	0.193036	4.424236	1.580290	5.841779	-2.306580	2.881290	-0.569269
7.171716	1.570156	0.198250	5.104922	1.467378	5.845963	-1.537290	3.073830	0.189715
7.166262	1.569045	0.192998	4.858278	1.583764	5.896945	-2.309510	2.880890	-0.566198
7.171697	1.570149	0.198265	4.597740	1.451542	5.780342	-1.534400	3.074220	0.186647
7.167408	1.569094	0.192725	4.490096	1.461001	5.775434	-2.326700	2.878620	-0.547103
7.171678	1.570110	0.198408	4.958084	1.572813	5.900806	-1.517390	3.076480	0.167612
7.207606	1.570833	0.199387	7.138551	1.571175	0.259249	-1.227340	-8.031930	-0.016023
7.206273	1.570842	0.199424	7.088019	1.571361	0.286051	-1.264070	-6.934880	-0.024478
7.165706	1.572474	0.196227	4.573405	1.681663	0.878875	-0.962560	-4.037040	0.549776
7.169898	1.571439	0.190611	4.951937	1.562517	0.756835	-0.129505	-3.914410	-0.154445
7.168935	1.572234	0.196949	4.810886	1.556661	0.755995	-1.003030	-4.048430	0.492397
7.170096	1.571566	0.190336	4.779600	1.680650	0.859887	-0.088158	-3.903420	-0.096614
7.169987	1.571282	0.191205	4.880952	1.546823	0.770906	-0.213729	-3.935440	-0.236858
7.160242	1.572548	0.194955	4.659512	1.696462	0.892677	-0.879723	-4.016340	0.631964
7.169899	1.571382	0.190781	4.386352	1.572848	0.817645	-0.154137	-3.920710	-0.182473
7.163975	1.572543	0.195849	5.113864	1.660870	0.813169	-0.938387	-4.030720	0.577656
7.164523	1.572526	0.195976	4.598993	1.539480	0.770015	-0.946031	-4.032690	0.569254
7.169911	1.571399	0.190738	4.929964	1.695256	0.857735	-0.146353	-3.918740	-0.174033
7.162763	1.572565	0.195569	4.879956	1.557886	0.770906	-0.920693	-4.026250	0.595808
7.169923	1.571347	0.190909	4.576355	1.687309	0.878875	-0.172138	-3.925230	-0.200687
7.156161	1.570405	0.196963	4.846081	1.558415	5.850922	-1.961360	2.942310	-0.735120
7.170785	1.570496	0.195418	4.755809	1.508516	5.845922	-1.881790	3.018990	0.357003
7.167013	1.569077	0.192807	4.961822	1.572610	5.898936	-2.321470	2.879300	-0.553119
7.171678	1.570123	0.198365	4.577222	1.463099	5.786118	-1.522580	3.075800	0.173589
7.166224	1.569049	0.192970	5.095595	1.534875	5.888092	-2.310980	2.880690	-0.564630
7.171697	1.570147	0.198294	4.342465	1.501425	5.782365	-1.532940	3.074410	0.185081
7.166539	1.569059	0.192905	4.705243	1.443574	5.785036	-2.315030	2.880150	-0.560262
7.171697	1.570138	0.198322	4.759083	1.594543	5.892921	-1.528940	3.074950	0.180720
7.166697	1.569065	0.192872	4.303452	1.524538	5.796649	-2.317400	2.879830	-0.557666
7.171668	1.570133	0.198337	5.123634	1.515143	5.877267	-1.526600	3.075260	0.178128
7.167862	1.569124	0.192613	4.880994	1.447352	5.804765	-2.334990	2.877570	-0.537246
7.171767	1.570089	0.198477	4.571039	1.597052	5.878294	-1.509220	3.077540	0.157770
7.204317	1.570818	0.197752	7.099218	1.571015	0.237463	-0.564253	-8.412920	-0.013139
7.203317	1.570823	0.197766	7.111146	1.571066	0.244297	-0.663289	-7.319720	-0.020685
7.170073	1.571212	0.191728	4.393232	1.575804	0.849825	-0.283642	-3.952050	-0.283154
7.156974	1.572347	0.194049	5.180408	1.654284	0.799096	-0.810604	-4.000690	0.678558
7.169921	1.571337	0.190937	5.115049	1.663401	0.813169	-0.176851	-3.926400	-0.205179
7.162450	1.572569	0.195492	4.318566	1.569870	0.834539	-0.916056	-4.025100	0.600290
7.169913	1.571347	0.190909	4.497788	1.684430	0.864597	-0.171925	-3.925180	-0.200482
7.162773	1.572567	0.195569	4.949917	1.562513	0.785398	-0.920902	-4.026300	0.595604
7.163868	1.572545	0.195823	5.094210	1.605352	0.785398	-0.936820	-4.030320	0.579335
7.169908	1.571379	0.190795	4.414278	1.637221	0.881872	-0.155733	-3.921120	-0.184159
7.164063	1.572541	0.195860	4.928855	1.693444	0.857735	-0.939700	-4.031050	0.576239
7.169890	1.571385	0.190767	4.527497	1.540974	0.785398	-0.152801	-3.920370	-0.181050
7.162763	1.572565	0.195569	4.879956	1.557886	0.770906	-0.920693	-4.026250	0.595808
7.169913	1.571347	0.190909	4.576355	1.687309	0.878875	-0.172137	-3.925230	-0.200687
7.171698	1.570113	0.198407	4.663442	1.599320	5.886744	-1.518730	3.076300	0.169149
7.167250	1.569089	0.192758	4.887313	1.444626	5.802934	-2.325370	2.878790	-0.548670
7.171668	1.570116	0.198380	4.329522	1.575185	5.833999	-1.520070	3.076130	0.170705
7.167171	1.569084	0.192774	5.102402	1.472252	5.845963	-2.324010	2.878970	-0.550230
7.164605	1.569013	0.193342	4.882316	1.437886	5.806599	-2.285180	2.884310	-0.590408
7.171686	1.570197	0.198081	4.488688	1.606672	5.865414	-1.558460	3.070910	0.210846
7.166757	1.569069	0.192842	4.491071	1.593955	5.863378	-2.319240	2.879590	-0.555621
7.171658	1.570128	0.198337	5.043386	1.453942	5.828466	-1.524780	3.075510	0.176086
7.166934	1.569075	0.192823	4.759155	1.595173	5.892921	-2.320580	2.879410	-0.554123
7.171688	1.570124	0.198365	4.705624	1.442941	5.785036	-1.523460	3.075680	0.174591
7.168494	1.569160	0.192482	5.111256	1.471637	5.842401	-2.343130	2.876580	-0.527059
7.171758	1.570067	0.198519	4.407173	1.576696	5.849985	-1.501160	3.078580	0.147638
7.202692	1.570807	0.196452	7.165256	1.570893	0.215187	0.162062	-8.886020	-0.009768
7.201863	1.570810	0.196461	7.076362	1.570931	0.223727	0.014124	-7.798350	-0.016140
7.169914	1.571354	0.190880	4.386445	1.563957	0.817645	-0.168045	-3.924210	-0.196697
7.163037	1.572562	0.195633	5.117519	1.668460	0.813169	-0.924718	-4.027260	0.591828
7.169906	1.571367	0.190838	5.170672	1.627492	0.799096	-0.161910	-3.922670	-0.190552
7.163438	1.572555	0.195721	4.322109	1.611297	0.834539	-0.930749	-4.028770	0.585704
7.169915	1.571364	0.190852	5.093928	1.588465	0.757628	-0.163129	-3.922980	-0.191789
7.163369	1.572557	0.195709	4.420905	1.656858	0.881872	-0.929552	-4.028470	0.586936
7.163995	1.572541	0.195848	5.118903	1.671182	0.813169	-0.938753	-4.030810	0.577262
7.169899	1.571382	0.190781	4.386563	1.560766	0.817645	-0.153765	-3.920620	-0.182078
7.164053	1.572540	0.195861	4.928855	1.693444	0.857735	-0.939694	-4.031050	0.576244
7.169909	1.571385	0.190781	4.457349	1.540729	0.801270	-0.152806	-3.920380	-0.181055
7.164660	1.572521	0.196000	5.093777	1.586699	0.757628	-0.948168	-4.033240	0.566840
7.169893	1.571404	0.190711	4.421425	1.658210	0.881872	-0.144176	-3.918180	-0.171606
7.171659	1.570113	0.198408	4.659591	1.599343	5.888724	-1.518730	3.076300	0.169153
7.167250	1.569089	0.192758	4.887313	1.444626	5.802934	-2.325370	2.878790	-0.548675
7.171649	1.570114	0.198395	4.571146	1.597926	5.878294	-1.519120	3.076250	0.169607
7.167152	1.569087	0.192760	4.969923	1.448559	5.814098	-2.324970	2.878840	-0.549129
7.171717	1.570113	0.198393	4.663413	1.599106	5.886744	-1.518640	3.076320	0.169039
7.167329	1.569090	0.192741	4.799565	1.442306	5.793228	-2.325470	2.878780	-0.548560
7.167032	1.569076	0.192820	4.958111	1.574628	5.900806	-2.321410	2.879300	-0.553191
7.171658	1.570121	0.198366	4.583166	1.460825	5.784189	-1.522640	3.075790	0.173660
7.167111	1.569080	0.192804	5.187801	1.536478	5.895516	-2.322430	2.879170	-0.552038
7.171727	1.570120	0.198378	4.337963	1.500429	5.784392	-1.521640	3.075920	0.172510
7.169738	1.569257	0.192207	4.788986	1.452121	5.795083	-2.359860	2.874680	-0.504023
7.171789	1.570021	0.198661	4.747301	1.590177	5.898767	-1.484190	3.080720	0.125023
7.202140	1.570802	0.195703	7.152685	1.570851	0.206992	0.933754	-9.308490	-0.006986
7.201336	1.570804	0.195711	7.254661	1.570856	0.206857	0.755074	-8.225440	-0.012172
7.169908	1.571375	0.190810	4.721417	1.693098	0.876058	-0.157688	-3.921610	-0.186206
7.163741	1.572550	0.195798	4.880722	1.548872	0.770906	-0.934898	-4.029830	0.581374
7.169917	1.571375	0.190809	4.574975	1.684704	0.878875	-0.157157	-3.921480	-0.185652
7.163760	1.572548	0.195798	4.952040	1.560295	0.756835	-0.935420	-4.029960	0.580822
7.169908	1.571374	0.190810	4.723395	1.696460	0.876058	-0.157887	-3.921660	-0.186413
7.163731	1.572550	0.195798	4.739739	1.544843	0.770474	-0.934703	-4.029780	0.581580
7.164063	1.572540	0.195860	4.929716	1.694854	0.857735	-0.939859	-4.031090	0.576066
7.169890	1.571385	0.190767	4.527711	1.539429	0.785398	-0.152638	-3.920330	-0.180876
7.164200	1.572536	0.195899	4.641643	1.688049	0.862170	-0.941472	-4.031510	0.574308
7.169900	1.571389	0.190767	4.952320	1.555853	0.756835	-0.150996	-3.919920	-0.179111
7.164660	1.572520	0.196000	5.093793	1.586895	0.757628	-0.948171	-4.033240	0.566836
7.169893	1.571404	0.190711	4.421425	1.658210	0.881872	-0.144173	-3.918180	-0.171603
7.171718	1.570092	0.198464	4.411443	1.578730	5.847928	-1.510090	3.077430	0.158821
7.167862	1.569121	0.192613	5.107918	1.469801	5.844181	-2.334130	2.877680	-0.538317
7.171717	1.570113	0.198393	4.663442	1.599320	5.886744	-1.518790	3.076300	0.169215
7.167250	1.569089	0.192758	4.882737	1.444507	5.804765	-2.325310	2.878800	-0.548736
7.171708	1.570114	0.198393	4.575231	1.598995	5.876284	-1.518990	3.076270	0.169449
7.167250	1.569087	0.192758	4.966180	1.447249	5.815908	-2.325110	2.878820	-0.548971
7.167111	1.569080	0.192804	5.109664	1.523417	5.882667	-2.322720	2.879130	-0.551707
7.171707	1.570120	0.198379	4.403292	1.516037	5.803262	-1.521350	3.075960	0.172179
7.167171	1.569084	0.192774	5.096837	1.474904	5.847749	-2.323930	2.878980	-0.550330
7.171707	1.570116	0.198379	4.329483	1.571951	5.833999	-1.520160	3.076120	0.170805
7.171979	1.569753	0.191478	4.479287	1.514284	5.819538	-2.394840	2.872510	-0.417385
7.171115	1.569944	0.198907	5.015520	1.533304	5.874888	-1.425450	3.089250	0.049790
7.169909	1.571385	0.190781	4.598900	1.540132	0.800782	-0.152652	-3.920340	-0.180891
7.164083	1.572540	0.195874	4.929716	1.694854	0.857735	-0.939846	-4.031090	0.576080
7.169889	1.571379	0.190782	4.331234	1.610518	0.867183	-0.155086	-3.920950	-0.183478
7.163917	1.572544	0.195836	5.099766	1.628871	0.785398	-0.937455	-4.030480	0.578656
7.169899	1.571379	0.190796	4.333405	1.621587	0.867183	-0.155339	-3.921020	-0.183745
7.163887	1.572545	0.195823	5.238511	1.618347	0.785398	-0.937206	-4.030410	0.578923
7.164141	1.572538	0.195887	4.855362	1.697179	0.844154	-0.940572	-4.031280	0.575291
7.169900	1.571388	0.190767	4.740331	1.540414	0.770474	-0.151913	-3.920150	-0.180098
7.164210	1.572537	0.195899	4.574185	1.683184	0.878875	-0.941701	-4.031570	0.574058
7.169910	1.571389	0.190767	5.021149	1.562033	0.771315	-0.150763	-3.919860	-0.178859
7.164679	1.572520	0.196014	5.021417	1.584339	0.771315	-0.948104	-4.033230	0.566913
7.169912	1.571404	0.190724	4.486558	1.659846	0.864597	-0.144242	-3.918200	-0.171680
7.171708	1.570082	0.198492	5.108626	1.527915	5.882667	-1.506830	3.077850	0.154792
7.168099	1.569135	0.192564	4.409050	1.511565	5.801247	-2.337430	2.877270	-0.534277
7.171659	1.570112	0.198408	4.755265	1.594351	5.894867	-1.518200	3.076370	0.168534
7.167231	1.569091	0.192744	4.787613	1.446406	5.796943	-2.325900	2.878720	-0.548054
7.171727	1.570113	0.198392	4.571341	1.599457	5.878294	-1.518910	3.076280	0.169353
7.167250	1.569089	0.192758	4.970782	1.447161	5.814098	-2.325190	2.878810	-0.548875
7.167171	1.569084	0.192774	5.095983	1.476662	5.847749	-2.323870	2.878980	-0.550391
7.171678	1.570116	0.198379	4.424038	1.569892	5.841779	-1.520210	3.076110	0.170866
7.167250	1.569089	0.192758	4.799309	1.442720	5.793228	-2.325500	2.878770	-0.548523
7.171639	1.570113	0.198395	4.659534	1.598914	5.888724	-1.518600	3.076320	0.169002
7.049397	1.571609	0.186875	5.722810	1.574536	6.193949	-0.072413	3.272670	-0.007156
7.131643	1.570059	0.162827	5.956946	1.561899	6.145087	0.809889	3.923490	0.046881
7.169913	1.571414	0.190696	4.880493	1.551125	0.770906	-0.139882	-3.917090	-0.166742
7.164963	1.572509	0.196063	4.719968	1.690575	0.876058	-0.952373	-4.034340	0.561993
7.169899	1.571382	0.190781	4.528131	1.556883	0.816638	-0.153615	-3.920580	-0.181919
7.164024	1.572543	0.195861	5.052916	1.676079	0.827627	-0.938900	-4.030850	0.577104
7.169899	1.571384	0.190781	4.386616	1.559626	0.817645	-0.153724	-3.920610	-0.182034
7.163995	1.572543	0.195848	5.119407	1.672153	0.813169	-0.938793	-4.030820	0.577219
7.164132	1.572538	0.195873	4.724405	1.698140	0.876058	-0.940837	-4.031340	0.575003
7.169900	1.571388	0.190767	4.739981	1.542945	0.770474	-0.151643	-3.920080	-0.179808
7.164230	1.572536	0.195898	4.492805	1.674257	0.864597	-0.942025	-4.031650	0.573703
7.169901	1.571389	0.190753	5.020957	1.571394	0.771315	-0.150434	-3.919770	-0.178503
7.164758	1.572517	0.196026	5.172901	1.634634	0.799096	-0.949346	-4.033550	0.565496
7.169903	1.571406	0.190710	4.320769	1.602741	0.834539	-0.142975	-3.917880	-0.170256
7.171748	1.570067	0.198520	4.419781	1.568986	5.843824	-1.501360	3.078550	0.147849
7.168494	1.569160	0.192482	5.099538	1.478106	5.845963	-2.342980	2.876600	-0.527307
7.171639	1.570109	0.198409	5.066194	1.557966	5.900846	-1.517000	3.076530	0.167127
7.167408	1.569094	0.192725	4.467959	1.477554	5.781327	-2.327120	2.878570	-0.546644
7.171747	1.570112	0.198406	4.755511	1.596454	5.894867	-1.518370	3.076350	0.168722
7.167250	1.569090	0.192758	4.793634	1.444250	5.795083	-2.325740	2.878740	-0.548243
7.167250	1.569087	0.192758	4.970535	1.447560	5.814098	-2.325120	2.878820	-0.548965
7.171659	1.570114	0.198394	4.571284	1.599020	5.878294	-1.518980	3.076270	0.169443
7.167467	1.569098	0.192695	4.282420	1.539267	5.804910	-2.328380	2.878410	-0.545175
7.171659	1.570106	0.198423	5.143346	1.503279	5.870105	-1.515760	3.076690	0.165661
7.169316	1.571562	0.190271	4.462946	1.608224	0.832981	-0.055288	-3.896020	-0.062092
7.169521	1.571964	0.197288	5.098323	1.623780	0.785398	-1.014600	-4.052830	0.447879
7.169900	1.571386	0.190767	4.810165	1.543143	0.785398	-0.151687	-3.920090	-0.179856
7.164122	1.572538	0.195873	4.788905	1.697048	0.859887	-0.940793	-4.031330	0.575050
7.169890	1.571385	0.190767	4.527711	1.539429	0.785398	-0.152642	-3.920330	-0.180880
7.164063	1.572540	0.195860	4.929716	1.694854	0.857735	-0.939856	-4.031090	0.576069
7.164161	1.572537	0.195886	4.645743	1.695318	0.862170	-0.941141	-4.031420	0.574670
7.169900	1.571388	0.190767	4.739397	1.547796	0.770474	-0.151333	-3.920000	-0.179475
7.164259	1.572534	0.195912	4.483258	1.651182	0.864597	-0.942615	-4.031800	0.573053
7.169901	1.571390	0.190753	5.022139	1.592502	0.771315	-0.149832	-3.919620	-0.177850
7.164816	1.572516	0.196039	5.114134	1.661454	0.813169	-0.950036	-4.033730	0.564706
7.169913	1.571407	0.190710	4.318567	1.571954	0.834539	-0.142273	-3.917700	-0.169462
7.171818	1.570015	0.198674	5.074089	1.552861	5.897189	-1.483140	3.080820	0.123208
7.169798	1.569264	0.192177	4.445974	1.484544	5.789244	-2.361210	2.874530	-0.502397
7.171688	1.570105	0.198422	5.169983	1.487140	5.861216	-1.515370	3.076740	0.165193
7.167585	1.569101	0.192706	4.347298	1.559065	5.825710	-2.328780	2.878350	-0.544706
7.171717	1.570110	0.198407	4.950808	1.578876	5.904554	-1.517590	3.076450	0.167812
7.167329	1.569093	0.192741	4.590053	1.456826	5.782264	-2.326530	2.878640	-0.547331
7.167329	1.569091	0.192741	4.596561	1.453702	5.780342	-2.326430	2.878650	-0.547447
7.171727	1.570110	0.198407	4.858170	1.581912	5.896945	-1.517690	3.076440	0.167928
7.167922	1.569129	0.192583	4.683956	1.455682	5.790700	-2.336100	2.877440	-0.535911
7.171699	1.570087	0.198478	4.854446	1.582538	5.898853	-1.508140	3.077680	0.156422
7.197013	1.570807	0.196722	7.052773	1.570840	0.208519	3.459570	-7.352950	-0.009462
7.194973	1.570808	0.196651	7.158911	1.570861	0.211093	2.985770	-6.362790	-0.014824
7.169910	1.571396	0.190753	5.113684	1.660480	0.813169	-0.147998	-3.919160	-0.175847
7.164415	1.572530	0.195950	4.386354	1.573076	0.817645	-0.944416	-4.032270	0.571060
7.169910	1.571388	0.190767	4.881000	1.546414	0.770906	-0.151452	-3.920030	-0.179602
7.164161	1.572537	0.195886	4.722771	1.695410	0.876058	-0.941025	-4.031390	0.574797
7.164229	1.572536	0.195913	4.572527	1.679924	0.878875	-0.941809	-4.031600	0.573939
7.169910	1.571389	0.190767	4.949832	1.564938	0.785398	-0.150653	-3.919830	-0.178740
7.164317	1.572533	0.195924	4.333610	1.622508	0.867183	-0.943293	-4.031980	0.572305
7.169910	1.571392	0.190753	5.096965	1.618490	0.785398	-0.149142	-3.919450	-0.177099
7.164904	1.572512	0.196065	4.920001	1.692438	0.828849	-0.951202	-4.034040	0.563361
7.169903	1.571411	0.190696	4.598576	1.542523	0.770015	-0.141085	-3.917390	-0.168110
7.171616	1.569911	0.198950	4.569475	1.568608	5.878294	-1.431040	3.087840	0.049636
7.172451	1.569720	0.191451	5.019300	1.483622	5.832059	-2.398690	2.871800	-0.421454
7.171728	1.570099	0.198449	4.684882	1.453986	5.790700	-1.512850	3.077070	0.162175
7.167625	1.569110	0.192662	4.854534	1.583980	5.898853	-2.331330	2.878030	-0.541680
7.171727	1.570109	0.198421	5.091240	1.537792	5.889906	-1.516540	3.076590	0.166576
7.167388	1.569097	0.192711	4.426454	1.499800	5.795226	-2.327590	2.878510	-0.546091
7.167487	1.569100	0.192708	4.347253	1.559985	5.825710	-2.328800	2.878350	-0.544682
7.171698	1.570105	0.198422	5.083663	1.485123	5.851329	-1.515350	3.076750	0.165169
7.171993	1.569567	0.191634	4.757802	1.575841	5.892921	-2.391280	2.871930	-0.446204
7.171841	1.569929	0.198901	4.673160	1.467470	5.792595	-1.446790	3.085510	0.070776
7.169908	1.571441	0.190611	4.879668	1.563829	0.770906	-0.129459	-3.914400	-0.154412
7.165726	1.572474	0.196241	4.636809	1.678839	0.862170	-0.962582	-4.037050	0.549724
7.169901	1.571392	0.190753	5.094421	1.606529	0.785398	-0.149452	-3.919530	-0.177437
7.164308	1.572533	0.195925	4.337257	1.636785	0.867183	-0.942988	-4.031900	0.572642
7.164278	1.572533	0.195911	4.340380	1.646900	0.867183	-0.942774	-4.031840	0.572878
7.169901	1.571392	0.190753	5.022908	1.598672	0.771315	-0.149670	-3.919580	-0.177674
7.164396	1.572530	0.195937	4.393199	1.573983	0.849825	-0.944392	-4.032260	0.571087
7.169901	1.571396	0.190739	5.182289	1.658515	0.799096	-0.148023	-3.919160	-0.175874
7.165031	1.572506	0.196090	4.492805	1.674257	0.864597	-0.953072	-4.034530	0.561186
7.169904	1.571416	0.190682	5.020957	1.571394	0.771315	-0.139178	-3.916900	-0.165923
7.090799	1.570156	0.177555	5.585063	1.557725	5.962567	0.596838	3.250500	-0.065095
7.105721	1.570508	0.187682	5.084222	1.560175	6.101221	-0.500665	3.271220	-0.066658
7.171649	1.570087	0.198466	4.751419	1.593739	5.896815	-1.508630	3.077620	0.157031
7.167941	1.569126	0.192597	4.791764	1.447355	5.795083	-2.335600	2.877500	-0.536523
7.167546	1.569105	0.192678	4.663274	1.598034	5.886744	-2.330300	2.878160	-0.542904
7.171659	1.570101	0.198437	4.881861	1.445929	5.804765	-1.513860	3.076940	0.163395
7.168020	1.569132	0.192580	4.550911	1.479038	5.793877	-2.336770	2.877350	-0.535094
7.171767	1.570084	0.198491	5.069921	1.558173	5.899016	-1.507490	3.077760	0.155607
7.057729	1.570782	0.180239	6.219336	1.569832	0.078868	1.576120	2.899180	-0.126614
7.065474	1.569838	0.173986	5.901386	1.563306	0.020336	2.570420	3.301580	0.106601
7.090983	1.570791	0.211819	5.608351	1.581495	0.697021	1.903580	-3.266580	0.005046
7.105882	1.570806	0.201979	5.215367	1.572139	0.566729	0.899107	-3.707380	0.045962
7.169903	1.571407	0.190710	4.320612	1.601584	0.834539	-0.142949	-3.917870	-0.170226
7.164758	1.572517	0.196026	5.243367	1.634921	0.785398	-0.949372	-4.033560	0.565466
7.169901	1.571396	0.190739	5.114044	1.661259	0.813169	-0.147974	-3.919150	-0.175820
7.164386	1.572530	0.195937	4.386347	1.572164	0.817645	-0.944440	-4.032270	0.571033
7.164572	1.572524	0.195989	4.811952	1.545440	0.755995	-0.946723	-4.032870	0.568475
7.169902	1.571402	0.190724	4.723145	1.696040	0.876058	-0.145648	-3.918560	-0.173250
7.165550	1.572482	0.196203	5.113595	1.660285	0.813169	-0.960136	-4.036400	0.552743
7.169916	1.571434	0.190639	4.318574	1.572880	0.834539	-0.131968	-3.915050	-0.157438
7.024659	1.570218	0.176439	5.815604	1.566498	0.073145	2.645450	2.229750	-0.062632
7.032427	1.570154	0.177527	5.600259	1.564368	6.276043	1.750120	2.864780	-0.071416
7.171749	1.570052	0.198577	4.690761	1.451986	5.788808	-1.495510	3.079280	0.140192
7.168968	1.569189	0.192384	4.758380	1.587189	5.892921	-2.348890	2.875900	-0.519606
7.168257	1.569145	0.192531	4.566957	1.595761	5.880307	-2.339580	2.877010	-0.531602
7.171728	1.570077	0.198506	4.968594	1.450756	5.814098	-1.504710	3.078120	0.152127
7.172358	1.569890	0.191312	4.507298	1.549940	5.855272	-2.401860	2.872410	-0.395362
7.171008	1.569908	0.198967	5.080600	1.503825	5.849538	-1.413230	3.090800	0.028748
7.169963	1.571566	0.190311	5.047433	1.665242	0.827627	-0.081373	-3.901860	-0.089373
7.169111	1.572181	0.197029	4.525547	1.565493	0.785398	-1.006210	-4.049510	0.483185
7.169904	1.571416	0.190682	5.020961	1.572190	0.771315	-0.139153	-3.916900	-0.165894
7.165022	1.572506	0.196076	4.492394	1.673371	0.864597	-0.953097	-4.034530	0.561157
7.165051	1.572505	0.196089	4.486558	1.659846	0.864597	-0.953413	-4.034620	0.560786
7.169904	1.571416	0.190682	5.021417	1.584339	0.771315	-0.138830	-3.916820	-0.165522
7.166753	1.572412	0.196469	5.022139	1.592502	0.771315	-0.976037	-4.040710	0.532224
7.169941	1.571476	0.190525	4.482859	1.650070	0.864597	-0.115598	-3.910800	-0.136888
7.018849	1.571231	0.210445	5.897690	1.573475	0.319070	2.998340	-2.230910	0.052619
7.013707	1.571188	0.211039	5.519319	1.574329	0.341805	3.507240	-1.258460	0.034858
7.171155	1.569907	0.198963	4.430530	1.539192	5.839737	-1.417340	3.090090	0.033271
7.172396	1.569852	0.191339	5.057134	1.512034	5.858525	-2.401590	2.872210	-0.401157
7.172396	1.569864	0.191339	4.939346	1.480784	5.819538	-2.401700	2.872260	-0.399420
7.171116	1.569907	0.198964	4.565539	1.572330	5.880307	-1.416120	3.090300	0.031909
7.021460	1.569909	0.178415	5.911672	1.565552	0.062630	1.969320	2.741060	-0.105887
7.015903	1.570403	0.177718	5.505761	1.565347	0.045423	2.821540	2.052530	-0.038062
7.168929	1.571616	0.190211	4.596749	1.568621	0.770015	-0.029306	-3.889600	-0.023478
7.170205	1.571701	0.197582	4.902540	1.658619	0.828849	-1.025540	-4.057240	0.405883
7.169992	1.571524	0.190424	4.667625	1.553228	0.785398	-0.098241	-3.906250	-0.113290
7.168005	1.572310	0.196747	4.921544	1.680739	0.857735	-0.992239	-4.045300	0.508301
7.166408	1.571232	0.197517	5.023733	1.604045	0.799482	-0.995059	-4.052740	0.336625
7.164388	1.571515	0.190575	4.605831	1.616189	0.831519	0.041529	-3.876900	0.021171
7.010623	1.571196	0.209456	5.891446	1.573427	0.315846	3.113950	-2.060260	0.050681
7.007176	1.571156	0.209818	5.575226	1.573630	0.315511	3.569960	-1.061980	0.029950
7.075191	1.570127	0.177103	5.537319	1.562128	6.167343	0.873278	3.195090	-0.065698
7.060410	1.570151	0.173752	5.600118	1.564546	0.001786	1.892120	2.786590	-0.071119
7.027771	1.570165	0.177863	5.501051	1.564616	0.018543	1.841680	2.815640	-0.071436
7.020935	1.570229	0.176953	5.912342	1.566568	0.064487	2.720010	2.157330	-0.060899
7.048793	1.571283	0.214936	5.470925	1.575366	0.370323	3.087800	-2.099890	0.051014
7.061515	1.571320	0.212485	5.877282	1.575731	0.446906	2.364970	-2.925990	0.053191
7.033936	1.571278	0.211702	5.523138	1.575431	0.393955	2.785890	-2.502550	0.054159
7.025836	1.571232	0.212838	5.900837	1.573626	0.320679	3.377810	-1.578190	0.042163
6.985572	1.571025	0.204367	5.906993	1.572151	0.265510	3.478310	-1.337110	0.036700
6.987067	1.570998	0.204271	5.690488	1.572044	0.259470	3.699130	-0.262229	0.008201
6.978146	1.570495	0.187916	5.761577	1.568540	0.146315	3.082180	1.734180	-0.049504
6.980282	1.570523	0.187992	5.869422	1.568956	0.153945	3.571110	0.751788	-0.021352
