18.359912	2.336482	1.291801	18.358649	2.327220	1.282209	-20.393500	-33.524700	25.000000
18.359912	2.336482	1.291801	18.358649	2.327220	1.282209	-20.393500	-32.427000	25.000000
18.359912	2.336482	1.291801	18.310106	2.329725	1.272851	-20.393500	-31.907200	25.000000
18.359912	2.336482	1.291801	18.310106	2.329725	1.272851	-20.393500	-30.809500	25.000000
18.359912	2.336482	1.291801	18.310106	2.329725	1.272851	-20.393500	-30.289600	25.000000
18.359912	2.336482	1.291801	18.379064	2.333673	1.272851	-20.393500	-29.191900	25.000000
18.359912	2.336482	1.291801	18.448306	2.330091	1.275045	-20.393500	-28.672100	25.000000
18.359912	2.336482	1.291801	18.379064	2.333673	1.272851	-20.393500	-27.574400	25.000000
18.359714	2.336493	1.291874	18.358649	2.327220	1.282209	-19.584700	-36.759800	25.000000
18.359714	2.336493	1.291874	18.311199	2.322169	1.275045	-19.584700	-35.142300	25.000000
18.359714	2.336493	1.291874	18.379608	2.326145	1.275045	-19.584700	-34.044600	25.000000
18.359714	2.336493	1.291874	18.401087	2.325046	1.267911	-19.584700	-33.524700	25.000000
18.359714	2.336493	1.291874	18.401087	2.325046	1.267911	-19.584700	-32.427000	25.000000
18.359714	2.336493	1.291874	18.354836	2.319950	1.260810	-19.584700	-31.907200	25.000000
18.359714	2.336493	1.291874	18.354836	2.319950	1.260810	-19.584700	-30.809500	25.000000
18.359714	2.336493	1.291874	18.353746	2.327472	1.258524	-19.584700	-30.289600	25.000000
18.359714	2.336493	1.291874	18.445596	2.322781	1.253741	-19.584700	-29.191900	25.000000
18.359714	2.336493	1.291874	18.307376	2.329867	1.249046	-19.584700	-28.672100	25.000000
18.359714	2.336493	1.291874	18.422541	2.331419	1.258524	-19.584700	-27.574400	25.000000
18.359714	2.336493	1.291874	18.422541	2.331419	1.258524	-19.584700	-27.054500	25.000000
18.359714	2.336493	1.291874	18.331667	2.336147	1.263399	-19.584700	-25.956800	25.000000
18.359714	2.336493	1.291874	18.310106	2.337279	1.270625	-19.584700	-25.437000	25.000000
18.359714	2.336493	1.291874	18.400543	2.332558	1.265671	-19.584700	-24.339300	25.000000
18.359714	2.336493	1.291874	18.379608	2.341199	1.270625	-19.584700	-23.819400	25.000000
18.359714	2.336493	1.291874	18.289068	2.330817	1.280062	-18.775900	-38.377400	25.000000
18.359714	2.336493	1.291874	18.358649	2.327220	1.282209	-18.775900	-37.279700	25.000000
18.359714	2.336493	1.291874	18.381240	2.318615	1.277207	-18.775900	-36.759800	25.000000
18.359714	2.336493	1.291874	18.379608	2.326145	1.275045	-18.775900	-35.662100	25.000000
18.359714	2.336493	1.291874	18.311199	2.322169	1.275045	-18.775900	-35.142300	25.000000
18.359714	2.336493	1.291874	18.357015	2.312427	1.263064	-18.775900	-34.044600	25.000000
18.359714	2.336493	1.291874	18.379608	2.311301	1.256039	-18.775900	-33.524700	25.000000
18.359714	2.336493	1.291874	18.335485	2.306124	1.249046	-18.775900	-32.427000	25.000000
18.359714	2.336493	1.291874	18.408150	2.302559	1.228264	-18.775900	-31.907200	25.000000
18.359714	2.336493	1.291874	18.313383	2.307216	1.232730	-18.775900	-30.809500	25.000000
18.359714	2.336493	1.291874	18.456435	2.307503	1.212026	-18.775900	-30.289600	25.000000
18.359714	2.336493	1.291874	18.293988	2.308178	1.216347	-18.775900	-29.191900	25.000000
18.359714	2.336493	1.291874	18.249658	2.317829	1.204159	-18.775900	-28.672100	25.000000
18.359714	2.336493	1.291874	18.360283	2.319674	1.213766	-18.775900	-27.574400	25.000000
18.359714	2.336493	1.291874	18.334939	2.328441	1.218177	-18.775900	-27.054500	25.000000
18.359714	2.336493	1.291874	18.423083	2.331391	1.234829	-18.775900	-25.956800	25.000000
18.359714	2.336493	1.291874	18.377432	2.341314	1.246648	-18.775900	-25.437000	25.000000
18.359714	2.336493	1.291874	18.399457	2.332614	1.241920	-18.775900	-24.339300	25.000000
18.359714	2.336493	1.291874	18.332758	2.343682	1.261093	-18.775900	-23.819400	25.000000
18.359714	2.336493	1.291874	18.401087	2.340066	1.263399	-18.775900	-22.721700	25.000000
18.359714	2.336493	1.291874	18.358649	2.342307	1.277884	-18.775900	-22.201900	25.000000
18.359714	2.336493	1.291874	18.358649	2.342307	1.277884	-18.775900	-21.104200	25.000000
18.359714	2.336493	1.291874	18.289068	2.338388	1.277884	-18.775900	-20.584300	25.000000
18.359912	2.336482	1.291801	18.358649	2.327220	1.282209	-17.967200	-38.897200	25.000000
18.359912	2.336482	1.291801	18.381240	2.318615	1.277207	-17.967200	-38.377400	25.000000
18.359912	2.336482	1.291801	18.405434	2.310020	1.272297	-17.967200	-36.759800	25.000000
18.359912	2.336482	1.291801	18.264720	2.317066	1.267911	-17.967200	-35.662100	25.000000
18.359912	2.336482	1.291801	18.433936	2.294044	1.246757	-17.967200	-35.142300	25.000000
18.359912	2.336482	1.291801	18.312291	2.307271	1.256039	-17.967200	-34.044600	25.000000
18.359912	2.336482	1.291801	18.435292	2.272475	1.215351	-17.967200	-33.524700	25.000000
18.359912	2.336482	1.291801	18.234583	2.289076	1.221403	-17.967200	-32.427000	25.000000
18.359912	2.336482	1.291801	18.257327	2.273543	1.164962	-17.967200	-31.907200	25.000000
18.359912	2.336482	1.291801	18.518639	2.254664	1.185115	-17.967200	-30.809500	25.000000
18.359912	2.336482	1.291801	18.414125	2.266352	1.132460	-17.967200	-30.289600	25.000000
18.359912	2.336482	1.291801	18.215927	2.268285	1.142391	-17.967200	-29.191900	25.000000
18.359912	2.336482	1.291801	18.402717	2.288308	1.123276	-17.967200	-28.672100	25.000000
18.359912	2.336482	1.291801	18.403532	2.302785	1.133287	-17.967200	-27.574400	25.000000
18.359912	2.336482	1.291801	18.351022	2.327613	1.154094	-17.967200	-27.054500	25.000000
18.359912	2.336482	1.291801	18.408694	2.309858	1.146602	-17.967200	-25.956800	25.000000
18.359912	2.336482	1.291801	18.440445	2.330496	1.187512	-17.967200	-25.437000	25.000000
18.359912	2.336482	1.291801	18.230195	2.349183	1.200304	-17.967200	-24.339300	25.000000
18.359912	2.336482	1.291801	18.356470	2.342423	1.229817	-17.967200	-23.819400	25.000000
18.359912	2.336482	1.291801	18.424712	2.346399	1.253853	-17.967200	-22.721700	25.000000
18.359912	2.336482	1.291801	18.264720	2.347321	1.258754	-17.967200	-22.201900	25.000000
18.359912	2.336482	1.291801	18.401087	2.340066	1.263399	-17.967200	-21.104200	25.000000
18.359912	2.336482	1.291801	18.358649	2.342307	1.277884	-17.967200	-19.486600	25.000000
18.359912	2.336482	1.291801	18.428511	2.323649	1.284325	-17.158400	-39.994900	25.000000
18.359912	2.336482	1.291801	18.358649	2.327220	1.282209	-17.158400	-38.897200	25.000000
18.359912	2.336482	1.291801	18.451558	2.315086	1.279340	-17.158400	-38.377400	25.000000
18.359912	2.336482	1.291801	18.243081	2.318163	1.275045	-17.158400	-37.279700	25.000000
18.359912	2.336482	1.291801	18.431224	2.301436	1.267477	-17.158400	-36.759800	25.000000
18.359912	2.336482	1.291801	18.344209	2.291094	1.253633	-17.158400	-35.662100	25.000000
18.359912	2.336482	1.291801	18.342573	2.255455	1.211202	-17.158400	-35.142300	25.000000
18.359912	2.336482	1.291801	18.308741	2.278332	1.249046	-17.158400	-34.044600	25.000000
18.359912	2.336482	1.291801	18.520529	2.233859	1.199196	-17.158400	-33.524700	25.000000
18.359912	2.336482	1.291801	18.298087	2.229492	1.165905	-17.158400	-32.427000	25.000000
18.359912	2.336482	1.291801	17.694349	2.331575	1.212026	-17.158400	-31.907200	25.000000
18.359912	2.336482	1.291801	18.965759	2.249066	1.246904	-17.158400	-30.809500	25.000000
18.359912	2.336482	1.291801	18.454495	2.337268	1.360123	-17.158400	-30.289600	25.000000
18.359912	2.336482	1.291801	18.277585	2.338994	1.341317	-17.158400	-29.191900	25.000000
18.359912	2.336482	1.291801	17.770113	2.433652	1.472850	-17.158400	-28.672100	25.000000
18.359912	2.336482	1.291801	18.932039	2.364674	1.465880	-17.158400	-27.574400	25.000000
18.359912	2.336482	1.291801	18.797085	2.312624	1.238549	-17.158400	-27.054500	25.000000
18.359912	2.336482	1.291801	17.940190	2.405879	1.489310	-17.158400	-25.956800	25.000000
18.359912	2.336482	1.291801	18.148278	2.338216	1.127694	-17.158400	-25.437000	25.000000
18.359912	2.336482	1.291801	18.513239	2.334217	1.130556	-17.158400	-24.339300	25.000000
18.359912	2.336482	1.291801	18.119051	2.363079	1.166937	-17.158400	-23.819400	25.000000
18.359912	2.336482	1.291801	18.552089	2.339688	1.194468	-17.158400	-22.721700	25.000000
18.359912	2.336482	1.291801	18.470246	2.343985	1.239477	-17.158400	-22.201900	25.000000
18.359912	2.336482	1.291801	18.222514	2.357339	1.246589	-17.158400	-21.104200	25.000000
18.359912	2.336482	1.291801	18.401087	2.340066	1.263399	-17.158400	-20.584300	25.000000
18.359912	2.336482	1.291801	18.311199	2.344831	1.268367	-17.158400	-19.486600	25.000000
18.359912	2.336482	1.291801	18.358649	2.342307	1.277884	-17.158400	-18.966800	25.000000
18.359714	2.336493	1.291874	18.339847	2.320711	1.291473	-16.349600	-39.994900	25.000000
18.359714	2.336493	1.291874	18.360283	2.319674	1.284325	-16.349600	-38.897200	25.000000
18.359714	2.336493	1.291874	18.293441	2.300845	1.265286	-16.349600	-38.377400	25.000000
18.359714	2.336493	1.291874	18.433936	2.308611	1.288468	-16.349600	-37.279700	25.000000
18.359714	2.336493	1.291874	18.255136	2.288092	1.260540	-16.349600	-36.759800	25.000000
18.359714	2.336493	1.291874	18.495946	2.255665	1.251253	-16.349600	-35.662100	25.000000
18.359714	2.336493	1.291874	17.984994	2.235951	1.202100	-16.349600	-35.142300	25.000000
18.359714	2.336493	1.291874	18.697861	2.193156	1.207403	-16.349600	-34.044600	25.000000
18.359714	2.336493	1.291874	16.876315	2.387411	1.161359	-16.349600	-33.524700	25.000000
18.359714	2.336493	1.291874	19.734994	2.243699	1.261340	-16.349600	-32.427000	25.000000
18.359714	2.336493	1.291874	15.509997	2.797341	1.455920	-16.349600	-31.907200	25.000000
18.359714	2.336493	1.291874	20.667124	2.456209	2.361600	-16.349600	-30.809500	25.000000
18.359714	2.336493	1.291874	19.399742	2.155022	2.514159	-16.349600	-30.289600	25.000000
18.359714	2.336493	1.291874	17.216852	2.302247	2.618574	-16.349600	-29.191900	25.000000
18.359714	2.336493	1.291874	19.021567	2.112043	2.286741	-16.349600	-28.672100	25.000000
18.359714	2.336493	1.291874	17.683891	2.091658	2.263865	-16.349600	-27.574400	25.000000
18.359714	2.336493	1.291874	19.607652	2.019174	2.440333	-16.349600	-27.054500	25.000000
18.359714	2.336493	1.291874	17.021457	2.033641	2.295803	-16.349600	-25.956800	25.000000
18.359714	2.336493	1.291874	15.888578	2.157786	1.947793	-16.349600	-25.437000	25.000000
18.359714	2.336493	1.291874	20.371914	2.243889	1.312418	-16.349600	-24.339300	25.000000
18.359714	2.336493	1.291874	18.435292	2.361138	1.124388	-16.349600	-23.819400	25.000000
18.359714	2.336493	1.291874	18.278676	2.369829	1.124691	-16.349600	-22.721700	25.000000
18.359714	2.336493	1.291874	18.573906	2.353629	1.205804	-16.349600	-22.201900	25.000000
18.359714	2.336493	1.291874	18.182134	2.375301	1.188817	-16.349600	-21.104200	25.000000
18.359714	2.336493	1.291874	18.200275	2.358564	1.253972	-16.349600	-20.584300	25.000000
18.359714	2.336493	1.291874	18.424712	2.346399	1.253853	-16.349600	-19.486600	25.000000
18.359714	2.336493	1.291874	18.290161	2.345956	1.275674	-16.349600	-18.966800	25.000000
18.359714	2.336493	1.291874	18.428511	2.346197	1.277884	-16.349600	-17.869100	25.000000
18.359714	2.336493	1.291874	18.289068	2.338388	1.277884	-16.349600	-17.349200	25.000000
18.359714	2.336493	1.291874	18.408150	2.324686	1.291473	-15.540800	-41.612500	25.000000
18.359714	2.336493	1.291874	18.428511	2.323649	1.284325	-15.540800	-40.514800	25.000000
18.359714	2.336493	1.291874	18.410323	2.317151	1.293513	-15.540800	-39.994900	25.000000
18.359714	2.336493	1.291874	18.292348	2.315670	1.284325	-15.540800	-38.897200	25.000000
18.359714	2.336493	1.291874	18.133395	2.301343	1.270120	-15.540800	-38.377400	25.000000
18.359714	2.336493	1.291874	18.492431	2.284082	1.280709	-15.540800	-37.279700	25.000000
18.359714	2.336493	1.291874	18.104696	2.216867	1.224980	-15.540800	-36.759800	25.000000
18.359714	2.336493	1.291874	18.545619	2.253479	1.260034	-15.540800	-35.662100	25.000000
18.359714	2.336493	1.291874	18.682880	2.240673	1.272799	-15.540800	-35.142300	25.000000
18.359714	2.336493	1.291874	18.009997	2.200075	1.205595	-15.540800	-34.044600	25.000000
18.359714	2.336493	1.291874	19.080356	2.356799	1.459320	-15.540800	-33.524700	25.000000
18.359714	2.336493	1.291874	17.595707	2.613654	1.895758	-15.540800	-32.427000	25.000000
18.359714	2.336493	1.291874	20.670242	2.137678	2.870462	-15.540800	-31.907200	25.000000
18.359714	2.336493	1.291874	14.305331	2.694625	4.187225	-15.540800	-30.809500	25.000000
18.359714	2.336493	1.291874	17.974496	1.478870	3.459810	-15.540800	-30.289600	25.000000
18.359714	2.336493	1.291874	18.798926	1.777598	3.245047	-15.540800	-29.191900	25.000000
18.359714	2.336493	1.291874	15.071709	1.542926	2.525973	-15.540800	-28.672100	25.000000
18.359714	2.336493	1.291874	21.064510	1.358422	2.634494	-15.540800	-27.574400	25.000000
18.359714	2.336493	1.291874	18.883615	1.409643	2.543174	-15.540800	-27.054500	25.000000
18.359714	2.336493	1.291874	17.828191	1.592112	2.380000	-15.540800	-25.956800	25.000000
18.359714	2.336493	1.291874	21.352180	1.484515	2.158799	-15.540800	-25.437000	25.000000
18.359714	2.336493	1.291874	14.518350	1.875092	1.901679	-15.540800	-24.339300	25.000000
18.359714	2.336493	1.291874	18.448306	2.118084	1.653410	-15.540800	-23.819400	25.000000
18.359714	2.336493	1.291874	18.255763	2.340149	1.318790	-15.540800	-22.721700	25.000000
18.359714	2.336493	1.291874	18.315567	2.383514	1.171118	-15.540800	-22.201900	25.000000
18.359714	2.336493	1.291874	18.325938	2.375017	1.149377	-15.540800	-21.104200	25.000000
18.359714	2.336493	1.291874	18.212908	2.373547	1.224051	-15.540800	-20.584300	25.000000
18.359714	2.336493	1.291874	18.500270	2.357597	1.227257	-15.540800	-19.486600	25.000000
18.359714	2.336493	1.291874	18.334939	2.351212	1.258754	-15.540800	-18.966800	25.000000
18.359714	2.336493	1.291874	18.358649	2.342307	1.277884	-15.540800	-17.869100	25.000000
18.359714	2.336493	1.291874	18.428511	2.346197	1.277884	-15.540800	-17.349200	25.000000
18.359714	2.336493	1.291874	18.408150	2.324686	1.291473	-14.732000	-40.514800	25.000000
18.359714	2.336493	1.291874	18.321026	2.299498	1.281442	-14.732000	-39.994900	25.000000
18.359714	2.336493	1.291874	18.339847	2.320711	1.291473	-14.732000	-38.897200	25.000000
18.359714	2.336493	1.291874	18.471058	2.285083	1.287575	-14.732000	-38.377400	25.000000
18.359714	2.336493	1.291874	18.351567	2.262107	1.269177	-14.732000	-37.279700	25.000000
18.359714	2.336493	1.291874	17.958007	2.209101	1.231504	-14.732000	-36.759800	25.000000
18.359714	2.336493	1.291874	18.661726	2.194546	1.255309	-14.732000	-35.662100	25.000000
18.359714	2.336493	1.291874	18.758998	2.705081	1.812717	-14.732000	-35.142300	25.000000
18.359714	2.336493	1.291874	17.840336	2.323814	1.237384	-14.732000	-34.044600	25.000000
18.359714	2.336493	1.291874	14.308864	2.662821	3.440315	-14.732000	-33.524700	25.000000
18.359714	2.336493	1.291874	21.396077	2.290284	2.613429	-14.732000	-32.427000	25.000000
18.359714	2.336493	1.291874	19.710403	1.775154	2.852617	-14.732000	-31.907200	25.000000
18.359714	2.336493	1.291874	16.883720	1.965989	3.038731	-14.732000	-30.809500	25.000000
18.359714	2.336493	1.291874	20.701208	1.099457	3.016565	-14.732000	-30.289600	25.000000
18.359714	2.336493	1.291874	14.595890	1.321580	3.946988	-14.732000	-29.191900	25.000000
18.359714	2.336493	1.291874	16.556739	0.751273	3.155751	-14.732000	-28.672100	25.000000
18.359714	2.336493	1.291874	19.979862	0.773141	2.769737	-14.732000	-27.574400	25.000000
18.359714	2.336493	1.291874	18.051316	1.105463	2.391268	-14.732000	-27.054500	25.000000
18.359714	2.336493	1.291874	18.651273	1.109611	2.313847	-14.732000	-25.956800	25.000000
18.359714	2.336493	1.291874	18.477283	1.341486	1.887275	-14.732000	-25.437000	25.000000
18.359714	2.336493	1.291874	18.191756	1.109335	2.247455	-14.732000	-24.339300	25.000000
18.359714	2.336493	1.291874	17.743720	1.806289	1.969600	-14.732000	-23.819400	25.000000
18.359714	2.336493	1.291874	18.858950	1.682381	1.731559	-14.732000	-22.721700	25.000000
18.359714	2.336493	1.291874	21.710000	2.230169	1.292737	-14.732000	-22.201900	25.000000
18.359714	2.336493	1.291874	14.142026	2.215605	1.760384	-14.732000	-21.104200	25.000000
18.359714	2.336493	1.291874	18.643229	2.372813	1.183127	-14.732000	-20.584300	25.000000
18.359714	2.336493	1.291874	18.122086	2.403018	1.184202	-14.732000	-19.486600	25.000000
18.359714	2.336493	1.291874	18.271289	2.362425	1.253972	-14.732000	-18.966800	25.000000
18.359714	2.336493	1.291874	18.383960	2.356239	1.266076	-14.732000	-17.869100	25.000000
18.359714	2.336493	1.291874	18.339847	2.350947	1.283013	-14.732000	-17.349200	25.000000
18.359714	2.336493	1.291874	18.428511	2.346197	1.277884	-14.732000	-16.251500	25.000000
18.359714	2.336493	1.291874	18.358649	2.342307	1.277884	-14.732000	-15.731700	25.000000
18.359912	2.336482	1.291801	18.339847	2.320711	1.291473	-13.923300	-41.612500	25.000000
18.359912	2.336482	1.291801	18.408150	2.324686	1.291473	-13.923300	-40.514800	25.000000
18.359912	2.336482	1.291801	18.505134	2.305119	1.290497	-13.923300	-39.994900	25.000000
18.359912	2.336482	1.291801	18.249658	2.302994	1.279340	-13.923300	-38.897200	25.000000
18.359912	2.336482	1.291801	18.536451	2.233188	1.279340	-13.923300	-38.377400	25.000000
18.359912	2.336482	1.291801	18.159846	2.270876	1.278650	-13.923300	-37.279700	25.000000
18.359912	2.336482	1.291801	18.152135	2.214898	1.255582	-13.923300	-36.759800	25.000000
18.359912	2.336482	1.291801	18.618539	2.202857	1.259572	-13.923300	-35.662100	25.000000
18.359912	2.336482	1.291801	15.665427	2.561180	1.161244	-13.923300	-35.142300	25.000000
18.359912	2.336482	1.291801	20.278801	2.948005	3.682856	-13.923300	-34.044600	25.000000
18.359912	2.336482	1.291801	15.746428	2.317903	4.617027	-13.923300	-33.524700	25.000000
18.359912	2.336482	1.291801	16.700299	1.788067	3.110927	-13.923300	-32.427000	25.000000
18.359912	2.336482	1.291801	18.122086	1.370813	3.415252	-13.923300	-31.907200	25.000000
18.359912	2.336482	1.291801	18.519719	1.171495	3.348183	-13.923300	-30.809500	25.000000
18.359912	2.336482	1.291801	20.147953	0.823075	2.723368	-13.923300	-30.289600	25.000000
18.359912	2.336482	1.291801	16.309813	1.065152	3.043319	-13.923300	-29.191900	25.000000
18.359912	2.336482	1.291801	18.478056	0.490436	3.169402	-13.923300	-28.672100	25.000000
18.359912	2.336482	1.291801	18.228957	0.384206	3.043817	-13.923300	-27.574400	25.000000
18.359912	2.336482	1.291801	16.406706	0.741430	2.208882	-13.923300	-27.054500	25.000000
18.359912	2.336482	1.291801	20.110942	0.690819	2.167457	-13.923300	-25.956800	25.000000
18.359912	2.336482	1.291801	16.216966	1.103868	1.800701	-13.923300	-25.437000	25.000000
18.359912	2.336482	1.291801	20.279546	0.955824	1.947939	-13.923300	-24.339300	25.000000
18.359912	2.336482	1.291801	18.932776	1.411670	1.748257	-13.923300	-23.819400	25.000000
18.359912	2.336482	1.291801	17.661257	1.260066	2.039763	-13.923300	-22.721700	25.000000
18.359912	2.336482	1.291801	10.391867	2.139907	1.681832	-13.923300	-22.201900	25.000000
18.359912	2.336482	1.291801	23.429947	1.738028	1.665297	-13.923300	-21.104200	25.000000
18.359912	2.336482	1.291801	18.526198	2.395130	1.153379	-13.923300	-20.584300	25.000000
18.359912	2.336482	1.291801	18.173057	2.416383	1.170262	-13.923300	-19.486600	25.000000
18.359912	2.336482	1.291801	18.559634	2.377481	1.229344	-13.923300	-18.966800	25.000000
18.359912	2.336482	1.291801	18.182959	2.367356	1.258996	-13.923300	-17.869100	25.000000
18.359912	2.336482	1.291801	18.292348	2.353520	1.273431	-13.923300	-17.349200	25.000000
18.359912	2.336482	1.291801	18.498649	2.350058	1.277884	-13.923300	-16.251500	25.000000
18.359714	2.336493	1.291874	18.408150	2.324686	1.291473	-13.114500	-43.230000	25.000000
18.359714	2.336493	1.291874	18.339847	2.320711	1.291473	-13.114500	-41.612500	25.000000
18.359714	2.336493	1.291874	18.339847	2.320711	1.291473	-13.114500	-40.514800	25.000000
18.359714	2.336493	1.291874	18.233486	2.296436	1.288468	-13.114500	-39.994900	25.000000
18.359714	2.336493	1.291874	18.509997	2.297629	1.292497	-13.114500	-38.897200	25.000000
18.359714	2.336493	1.291874	17.988885	2.228737	1.271264	-13.114500	-38.377400	25.000000
18.359714	2.336493	1.291874	18.828967	2.241303	1.296221	-13.114500	-37.279700	25.000000
18.359714	2.336493	1.291874	17.475411	2.367836	1.280124	-13.114500	-36.759800	25.000000
18.359714	2.336493	1.291874	19.201302	2.200001	1.310194	-13.114500	-35.662100	25.000000
18.359714	2.336493	1.291874	20.989731	2.762567	4.137957	-13.114500	-35.142300	25.000000
18.359714	2.336493	1.291874	14.610544	2.731655	1.096396	-13.114500	-34.044600	25.000000
18.359714	2.336493	1.291874	20.481389	1.579585	4.519303	-13.114500	-33.524700	25.000000
18.359714	2.336493	1.291874	5.470695	2.959251	2.492043	-13.114500	-32.427000	25.000000
18.359714	2.336493	1.291874	18.799468	0.912564	4.191575	-13.114500	-31.907200	25.000000
18.359714	2.336493	1.291874	17.924564	0.767451	3.926991	-13.114500	-30.809500	25.000000
18.359714	2.336493	1.291874	15.742300	0.723380	2.673653	-13.114500	-30.289600	25.000000
18.359714	2.336493	1.291874	20.577901	0.598593	2.724244	-13.114500	-29.191900	25.000000
18.359714	2.336493	1.291874	15.981865	0.352351	2.750986	-13.114500	-28.672100	25.000000
18.359714	2.336493	1.291874	20.382345	0.652109	2.253113	-13.114500	-27.574400	25.000000
18.359714	2.336493	1.291874	19.507540	0.617947	1.589378	-13.114500	-27.054500	25.000000
18.359714	2.336493	1.291874	17.143188	0.398488	1.695897	-13.114500	-25.956800	25.000000
18.359714	2.336493	1.291874	17.827622	0.961676	1.516739	-13.114500	-25.437000	25.000000
18.359714	2.336493	1.291874	18.904785	0.790450	1.498534	-13.114500	-24.339300	25.000000
18.359714	2.336493	1.291874	16.400305	0.960439	1.795922	-13.114500	-23.819400	25.000000
18.359714	2.336493	1.291874	20.083326	1.193439	1.770293	-13.114500	-22.721700	25.000000
18.359714	2.336493	1.291874	14.763380	1.256077	1.848607	-13.114500	-22.201900	25.000000
18.359714	2.336493	1.291874	21.207841	1.741371	1.573189	-13.114500	-21.104200	25.000000
18.359714	2.336493	1.291874	17.676538	2.405497	1.209067	-13.114500	-20.584300	25.000000
18.359714	2.336493	1.291874	18.906613	2.279126	1.317372	-13.114500	-19.486600	25.000000
18.359714	2.336493	1.291874	18.399185	2.378726	1.234122	-13.114500	-18.966800	25.000000
18.359714	2.336493	1.291874	18.345844	2.405820	1.205372	-13.114500	-17.869100	25.000000
18.359714	2.336493	1.291874	18.360283	2.349846	1.275674	-13.114500	-17.349200	25.000000
18.359714	2.336493	1.291874	18.387768	2.363751	1.263751	-13.114500	-16.251500	25.000000
18.359714	2.336493	1.291874	18.408150	2.347282	1.285175	-13.114500	-15.731700	25.000000
18.359714	2.336493	1.291874	18.339847	2.320711	1.291473	-12.305700	-41.612500	25.000000
18.359714	2.336493	1.291874	18.410323	2.317151	1.293513	-12.305700	-40.514800	25.000000
18.359714	2.336493	1.291874	18.233486	2.296436	1.288468	-12.305700	-39.994900	25.000000
18.359714	2.336493	1.291874	18.495675	2.291101	1.301390	-12.305700	-38.897200	25.000000
18.359714	2.336493	1.291874	18.890474	2.212031	1.303386	-12.305700	-38.377400	25.000000
18.359714	2.336493	1.291874	17.882114	2.226286	1.284745	-12.305700	-37.279700	25.000000
18.359714	2.336493	1.291874	15.122751	2.487346	1.149924	-12.305700	-36.759800	25.000000
18.359714	2.336493	1.291874	21.074926	2.425614	1.502064	-12.305700	-35.662100	25.000000
18.359714	2.336493	1.291874	20.781325	2.284230	3.182525	-12.305700	-35.142300	25.000000
18.359714	2.336493	1.291874	13.511339	2.964491	0.391818	-12.305700	-34.044600	25.000000
18.359714	2.336493	1.291874	13.354774	1.608245	3.224112	-12.305700	-33.524700	25.000000
18.359714	2.336493	1.291874	19.784297	1.711778	4.427778	-12.305700	-32.427000	25.000000
18.359714	2.336493	1.291874	14.588352	0.777175	3.830073	-12.305700	-31.907200	25.000000
18.359714	2.336493	1.291874	21.379897	0.844406	4.465893	-12.305700	-30.809500	25.000000
18.359714	2.336493	1.291874	16.421949	0.317726	2.840801	-12.305700	-30.289600	25.000000
18.359714	2.336493	1.291874	20.137527	0.271478	3.141593	-12.305700	-29.191900	25.000000
18.359714	2.336493	1.291874	17.262966	0.540743	1.903223	-12.305700	-28.672100	25.000000
18.359714	2.336493	1.291874	19.398454	0.662068	1.868679	-12.305700	-27.574400	25.000000
18.359714	2.336493	1.291874	18.552089	0.860290	1.161236	-12.305700	-27.054500	25.000000
18.359714	2.336493	1.291874	18.160121	0.608548	1.445247	-12.305700	-25.956800	25.000000
18.359714	2.336493	1.291874	19.103403	0.884864	1.204108	-12.305700	-25.437000	25.000000
18.359714	2.336493	1.291874	17.636610	0.822484	1.114069	-12.305700	-24.339300	25.000000
18.359714	2.336493	1.291874	17.117900	0.760650	1.583508	-12.305700	-23.819400	25.000000
18.359714	2.336493	1.291874	19.442829	0.925088	1.510225	-12.305700	-22.721700	25.000000
18.359714	2.336493	1.291874	19.110468	1.539395	1.581267	-12.305700	-22.201900	25.000000
18.359714	2.336493	1.291874	17.401770	1.047256	1.667824	-12.305700	-21.104200	25.000000
18.359714	2.336493	1.291874	22.481717	2.144401	1.397290	-12.305700	-20.584300	25.000000
18.359714	2.336493	1.291874	12.682764	2.223231	1.446441	-12.305700	-19.486600	25.000000
18.359714	2.336493	1.291874	18.001667	2.410396	1.222736	-12.305700	-18.966800	25.000000
18.359714	2.336493	1.291874	18.706416	2.424549	1.187269	-12.305700	-17.869100	25.000000
18.359714	2.336493	1.291874	18.224709	2.357218	1.271155	-12.305700	-17.349200	25.000000
18.359714	2.336493	1.291874	18.414125	2.370057	1.253972	-12.305700	-16.251500	25.000000
18.359714	2.336493	1.291874	18.408150	2.347282	1.285175	-12.305700	-15.731700	25.000000
18.359714	2.336493	1.291874	18.408150	2.347282	1.285175	-12.305700	-14.634000	25.000000
18.359912	2.336482	1.291801	18.269647	2.324296	1.289404	-11.497000	-43.230000	25.000000
18.359912	2.336482	1.291801	18.390487	2.318149	1.300643	-11.497000	-41.612500	25.000000
18.359912	2.336482	1.291801	18.339847	2.320711	1.291473	-11.497000	-40.514800	25.000000
18.359912	2.336482	1.291801	18.634109	2.291721	1.303291	-11.497000	-39.994900	25.000000
18.359912	2.336482	1.291801	18.218946	2.289826	1.297507	-11.497000	-38.897200	25.000000
18.359912	2.336482	1.291801	18.869552	2.212859	1.309768	-11.497000	-38.377400	25.000000
18.359912	2.336482	1.291801	17.714683	2.198248	1.295370	-11.497000	-37.279700	25.000000
18.359912	2.336482	1.291801	16.948006	2.864172	0.887644	-11.497000	-36.759800	25.000000
18.359912	2.336482	1.291801	19.689695	2.413708	1.323226	-11.497000	-35.662100	25.000000
18.359912	2.336482	1.291801	19.675619	1.880678	3.923217	-11.497000	-35.142300	25.000000
18.359912	2.336482	1.291801	12.597619	2.889678	5.633315	-11.497000	-34.044600	25.000000
18.359912	2.336482	1.291801	21.782791	1.114401	3.726758	-11.497000	-33.524700	25.000000
18.359912	2.336482	1.291801	13.683201	1.607346	4.114245	-11.497000	-32.427000	25.000000
18.359912	2.336482	1.291801	16.693112	0.759980	4.068888	-11.497000	-31.907200	25.000000
18.359912	2.336482	1.291801	19.848174	0.658347	3.468551	-11.497000	-30.809500	25.000000
18.359912	2.336482	1.291801	19.069001	0.244903	3.102651	-11.497000	-30.289600	25.000000
18.359912	2.336482	1.291801	17.513004	0.156124	1.618554	-11.497000	-29.191900	25.000000
18.359912	2.336482	1.291801	16.510678	0.693209	1.277524	-11.497000	-28.672100	25.000000
18.359912	2.336482	1.291801	19.952945	0.704721	1.431087	-11.497000	-27.574400	25.000000
18.359912	2.336482	1.291801	17.908657	0.851442	1.253741	-11.497000	-27.054500	25.000000
18.359912	2.336482	1.291801	18.787762	0.958385	1.273732	-11.497000	-25.956800	25.000000
18.359912	2.336482	1.291801	18.020821	0.834639	1.211149	-11.497000	-25.437000	25.000000
18.359912	2.336482	1.291801	18.612093	0.735563	1.150133	-11.497000	-24.339300	25.000000
18.359912	2.336482	1.291801	18.164801	0.757319	1.193266	-11.497000	-23.819400	25.000000
18.359912	2.336482	1.291801	18.501081	0.799233	1.167885	-11.497000	-22.721700	25.000000
18.359912	2.336482	1.291801	18.740854	1.256146	1.522519	-11.497000	-22.201900	25.000000
18.359912	2.336482	1.291801	18.042406	0.893995	1.376189	-11.497000	-21.104200	25.000000
18.359912	2.336482	1.291801	20.050436	2.218652	1.350092	-11.497000	-20.584300	25.000000
18.359912	2.336482	1.291801	16.103801	1.589427	1.559617	-11.497000	-19.486600	25.000000
18.359912	2.336482	1.291801	18.513239	2.436601	1.204221	-11.497000	-18.966800	25.000000
18.359912	2.336482	1.291801	18.226080	2.421387	1.222736	-11.497000	-17.869100	25.000000
18.359912	2.336482	1.291801	18.267731	2.386284	1.254096	-11.497000	-17.349200	25.000000
18.359912	2.336482	1.291801	18.438275	2.368712	1.271155	-11.497000	-16.251500	25.000000
18.359912	2.336482	1.291801	18.360283	2.349846	1.275674	-11.497000	-15.731700	25.000000
18.359912	2.336482	1.291801	18.339847	2.350947	1.283013	-11.497000	-14.634000	25.000000
18.359912	2.336482	1.291801	18.408150	2.347282	1.285175	-11.497000	-14.114100	25.000000
18.359912	2.336482	1.291801	18.388312	2.325699	1.298650	-10.688200	-42.132300	25.000000
18.359912	2.336482	1.291801	18.390487	2.318149	1.300643	-10.688200	-41.612500	25.000000
18.359912	2.336482	1.291801	18.339847	2.320711	1.291473	-10.688200	-40.514800	25.000000
18.359912	2.336482	1.291801	18.192856	2.298419	1.302608	-10.688200	-39.994900	25.000000
18.359912	2.336482	1.291801	18.502703	2.283601	1.303291	-10.688200	-38.897200	25.000000
18.359912	2.336482	1.291801	18.168930	2.228035	1.310642	-10.688200	-38.377400	25.000000
18.359912	2.336482	1.291801	18.644034	2.162552	1.322683	-10.688200	-37.279700	25.000000
18.359912	2.336482	1.291801	17.256303	2.307997	1.244095	-10.688200	-36.759800	25.000000
18.359912	2.336482	1.291801	19.326666	2.645846	0.800782	-10.688200	-35.662100	25.000000
18.359912	2.336482	1.291801	11.096846	2.471890	5.405269	-10.688200	-35.142300	25.000000
18.359912	2.336482	1.291801	22.634708	1.784483	4.949692	-10.688200	-34.044600	25.000000
18.359912	2.336482	1.291801	7.738579	1.012416	4.996549	-10.688200	-33.524700	25.000000
18.359912	2.336482	1.291801	23.984337	0.942356	4.697957	-10.688200	-32.427000	25.000000
18.359912	2.336482	1.291801	17.844786	0.289933	4.430320	-10.688200	-31.907200	25.000000
18.359912	2.336482	1.291801	18.917561	0.329480	4.513391	-10.688200	-30.809500	25.000000
18.359912	2.336482	1.291801	17.129241	0.122919	1.556512	-10.688200	-30.289600	25.000000
18.359912	2.336482	1.291801	19.529078	0.371060	1.419113	-10.688200	-29.191900	25.000000
18.359912	2.336482	1.291801	17.013230	0.804352	1.194835	-10.688200	-28.672100	25.000000
18.359912	2.336482	1.291801	19.612751	0.937938	1.229048	-10.688200	-27.574400	25.000000
18.359912	2.336482	1.291801	18.435292	0.869117	1.282741	-10.688200	-27.054500	25.000000
18.359912	2.336482	1.291801	18.267457	0.846805	1.116952	-10.688200	-25.956800	25.000000
18.359912	2.336482	1.291801	18.159846	0.819174	1.334958	-10.688200	-25.437000	25.000000
18.359912	2.336482	1.291801	18.560442	0.809806	1.260810	-10.688200	-24.339300	25.000000
18.359912	2.336482	1.291801	17.890221	0.724226	1.088283	-10.688200	-23.819400	25.000000
18.359912	2.336482	1.291801	18.854708	0.846025	1.170556	-10.688200	-22.721700	25.000000
18.359912	2.336482	1.291801	20.602427	0.817036	1.238520	-10.688200	-22.201900	25.000000
18.359912	2.336482	1.291801	15.825612	1.011270	1.322201	-10.688200	-21.104200	25.000000
18.359912	2.336482	1.291801	22.398437	1.660207	1.404174	-10.688200	-20.584300	25.000000
18.359912	2.336482	1.291801	12.747157	2.034382	1.193547	-10.688200	-19.486600	25.000000
18.359912	2.336482	1.291801	18.376888	2.428565	1.222736	-10.688200	-18.966800	25.000000
18.359912	2.336482	1.291801	18.400272	2.435431	1.193400	-10.688200	-17.869100	25.000000
18.359912	2.336482	1.291801	18.267731	2.386284	1.254096	-10.688200	-17.349200	25.000000
18.359912	2.336482	1.291801	18.464561	2.375029	1.261391	-10.688200	-16.251500	25.000000
18.359912	2.336482	1.291801	18.360283	2.349846	1.275674	-10.688200	-15.731700	25.000000
18.359912	2.336482	1.291801	18.271836	2.354637	1.280820	-10.688200	-14.634000	25.000000
18.359912	2.336482	1.291801	18.408150	2.347282	1.285175	-10.688200	-14.114100	25.000000
18.359793	2.336488	1.291845	18.390487	2.318149	1.300643	-9.879410	-41.612500	25.000000
18.359793	2.336488	1.291845	18.251849	2.317718	1.298650	-9.879410	-40.514800	25.000000
18.359793	2.336488	1.291845	18.264994	2.294907	1.304544	-9.879410	-39.994900	25.000000
18.359793	2.336488	1.291845	18.482965	2.284525	1.310194	-9.879410	-38.897200	25.000000
18.359793	2.336488	1.291845	17.710167	2.205427	1.315614	-9.879410	-38.377400	25.000000
18.359793	2.336488	1.291845	18.965495	2.189526	1.328957	-9.879410	-37.279700	25.000000
18.359793	2.336488	1.291845	20.226221	2.301576	1.322597	-9.879410	-36.759800	25.000000
18.359793	2.336488	1.291845	16.318701	2.590177	1.149009	-9.879410	-35.662100	25.000000
18.359793	2.336488	1.291845	19.617084	2.222591	4.965144	-9.879410	-35.142300	25.000000
18.359793	2.336488	1.291845	14.806080	2.055589	0.000000	-9.879410	-34.044600	25.000000
18.359793	2.336488	1.291845	14.509997	1.043613	6.049812	-9.879410	-33.524700	25.000000
18.359793	2.336488	1.291845	20.996190	1.320528	5.237633	-9.879410	-32.427000	25.000000
18.359793	2.336488	1.291845	19.474599	0.550253	5.973856	-9.879410	-31.907200	25.000000
18.359793	2.336488	1.291845	17.193313	0.695489	5.872334	-9.879410	-30.809500	25.000000
18.359793	2.336488	1.291845	19.363884	0.454273	0.463648	-9.879410	-30.289600	25.000000
18.359793	2.336488	1.291845	17.332051	0.524751	0.899652	-9.879410	-29.191900	25.000000
18.359793	2.336488	1.291845	19.164812	0.880736	1.289709	-9.879410	-28.672100	25.000000
18.359793	2.336488	1.291845	17.525410	0.870063	1.360224	-9.879410	-27.574400	25.000000
18.359793	2.336488	1.291845	17.269047	0.818519	1.188817	-9.879410	-27.054500	25.000000
18.359793	2.336488	1.291845	19.418290	0.830344	1.324126	-9.879410	-25.956800	25.000000
18.359793	2.336488	1.291845	18.988944	0.866175	1.203126	-9.879410	-25.437000	25.000000
18.359793	2.336488	1.291845	17.602273	0.836092	1.127694	-9.879410	-24.339300	25.000000
18.359793	2.336488	1.291845	19.417940	0.735370	1.383939	-9.879410	-23.819400	25.000000
18.359793	2.336488	1.291845	17.164545	0.729177	1.263425	-9.879410	-22.721700	25.000000
18.359793	2.336488	1.291845	19.906280	1.090361	1.277712	-9.879410	-22.201900	25.000000
18.359793	2.336488	1.291845	16.621071	0.737690	1.195273	-9.879410	-21.104200	25.000000
18.359793	2.336488	1.291845	14.762791	2.209423	1.126014	-9.879410	-20.584300	25.000000
18.359793	2.336488	1.291845	21.138354	1.641817	1.297057	-9.879410	-19.486600	25.000000
18.359793	2.336488	1.291845	18.546698	2.451248	1.198151	-9.879410	-18.966800	25.000000
18.359793	2.336488	1.291845	18.205768	2.456689	1.216091	-9.879410	-17.869100	25.000000
18.359793	2.336488	1.291845	18.616659	2.389892	1.258996	-9.879410	-17.349200	25.000000
18.359793	2.336488	1.291845	18.043558	2.391408	1.256758	-9.879410	-16.251500	25.000000
18.359793	2.336488	1.291845	18.410323	2.354808	1.283013	-9.879410	-15.731700	25.000000
18.359793	2.336488	1.291845	18.271836	2.354637	1.280820	-9.879410	-14.634000	25.000000
18.359793	2.336488	1.291845	18.410323	2.317151	1.293513	-9.070630	-41.612500	25.000000
18.359793	2.336488	1.291845	18.410323	2.317151	1.293513	-9.070630	-40.514800	25.000000
18.359793	2.336488	1.291845	18.556131	2.281115	1.312025	-9.070630	-39.994900	25.000000
18.359793	2.336488	1.291845	18.264994	2.294907	1.304544	-9.070630	-38.897200	25.000000
18.359793	2.336488	1.291845	17.809548	2.215299	1.322411	-9.070630	-38.377400	25.000000
18.359793	2.336488	1.291845	18.869552	2.186643	1.341564	-9.070630	-37.279700	25.000000
18.359793	2.336488	1.291845	13.997857	2.600748	1.063698	-9.070630	-36.759800	25.000000
18.359793	2.336488	1.291845	21.880165	2.513163	1.411527	-9.070630	-35.662100	25.000000
18.359793	2.336488	1.291845	10.952849	2.926304	4.527566	-9.070630	-35.142300	25.000000
18.359793	2.336488	1.291845	22.194468	1.983405	4.483157	-9.070630	-34.044600	25.000000
18.359793	2.336488	1.291845	18.738626	0.615482	4.401454	-9.070630	-33.524700	25.000000
18.359793	2.336488	1.291845	16.430280	1.613413	4.755655	-9.070630	-32.427000	25.000000
18.359793	2.336488	1.291845	17.433419	0.523344	5.089698	-9.070630	-31.907200	25.000000
18.359793	2.336488	1.291845	19.242308	0.346298	5.118487	-9.070630	-30.809500	25.000000
18.359793	2.336488	1.291845	19.171030	0.284573	0.325276	-9.070630	-30.289600	25.000000
18.359793	2.336488	1.291845	17.510286	0.389312	0.741762	-9.070630	-29.191900	25.000000
18.359793	2.336488	1.291845	16.795833	0.816613	1.272297	-9.070630	-28.672100	25.000000
18.359793	2.336488	1.291845	19.832801	0.779957	1.264917	-9.070630	-27.574400	25.000000
18.359793	2.336488	1.291845	17.991665	0.870109	1.313473	-9.070630	-27.054500	25.000000
18.359793	2.336488	1.291845	18.653954	0.959896	1.319469	-9.070630	-25.956800	25.000000
18.359793	2.336488	1.291845	16.657131	0.800430	1.238464	-9.070630	-25.437000	25.000000
18.359793	2.336488	1.291845	19.856989	0.752150	1.256039	-9.070630	-24.339300	25.000000
18.359793	2.336488	1.291845	18.310926	0.725471	1.217806	-9.070630	-23.819400	25.000000
18.359793	2.336488	1.291845	18.471058	0.727086	1.212979	-9.070630	-22.721700	25.000000
18.359793	2.336488	1.291845	21.006190	0.927516	1.324375	-9.070630	-22.201900	25.000000
18.359793	2.336488	1.291845	15.337862	1.029713	1.340577	-9.070630	-21.104200	25.000000
18.359793	2.336488	1.291845	12.377968	2.022233	1.363716	-9.070630	-20.584300	25.000000
18.359793	2.336488	1.291845	22.687741	1.716767	1.456498	-9.070630	-19.486600	25.000000
18.359793	2.336488	1.291845	18.416840	2.459830	1.246321	-9.070630	-18.966800	25.000000
18.359793	2.336488	1.291845	18.318570	2.466467	1.232473	-9.070630	-17.869100	25.000000
18.359793	2.336488	1.291845	18.328666	2.415031	1.262032	-9.070630	-17.349200	25.000000
18.359793	2.336488	1.291845	18.357287	2.381117	1.274041	-9.070630	-16.251500	25.000000
18.359793	2.336488	1.291845	18.275120	2.362213	1.278594	-9.070630	-15.731700	25.000000
18.359793	2.336488	1.291845	18.410323	2.354808	1.283013	-9.070630	-14.634000	25.000000
18.359793	2.336488	1.291845	18.388312	2.348342	1.292497	-9.070630	-14.114100	25.000000
18.359793	2.336488	1.291845	18.408150	2.324686	1.291473	-8.261860	-43.230000	25.000000
18.359793	2.336488	1.291845	18.251849	2.317718	1.298650	-8.261860	-41.612500	25.000000
18.359793	2.336488	1.291845	18.390487	2.318149	1.300643	-8.261860	-40.514800	25.000000
18.359793	2.336488	1.291845	18.548585	2.288600	1.310194	-8.261860	-39.994900	25.000000
18.359793	2.336488	1.291845	18.245547	2.295850	1.311609	-8.261860	-38.897200	25.000000
18.359793	2.336488	1.291845	18.834808	2.227579	1.333948	-8.261860	-38.377400	25.000000
18.359793	2.336488	1.291845	17.868688	2.185146	1.335784	-8.261860	-37.279700	25.000000
18.359793	2.336488	1.291845	17.962739	2.622893	0.960990	-8.261860	-36.759800	25.000000
18.359793	2.336488	1.291845	18.702941	2.281416	1.284745	-8.261860	-35.662100	25.000000
18.359793	2.336488	1.291845	12.789449	2.431709	5.240463	-8.261860	-35.142300	25.000000
18.359793	2.336488	1.291845	22.265220	1.867046	4.949395	-8.261860	-34.044600	25.000000
18.359793	2.336488	1.291845	16.448784	0.407786	4.627975	-8.261860	-33.524700	25.000000
18.359793	2.336488	1.291845	18.170680	1.532263	4.791780	-8.261860	-32.427000	25.000000
18.359793	2.336488	1.291845	17.421894	0.376752	4.527233	-8.261860	-31.907200	25.000000
18.359793	2.336488	1.291845	19.267527	0.318250	4.505234	-8.261860	-30.809500	25.000000
18.359793	2.336488	1.291845	19.024513	0.329675	1.343146	-8.261860	-30.289600	25.000000
18.359793	2.336488	1.291845	17.772574	0.090402	1.495936	-8.261860	-29.191900	25.000000
18.359793	2.336488	1.291845	19.961463	0.854939	1.322597	-8.261860	-28.672100	25.000000
18.359793	2.336488	1.291845	16.631296	0.879739	1.170003	-8.261860	-27.574400	25.000000
18.359793	2.336488	1.291845	19.059381	0.882972	1.195334	-8.261860	-27.054500	25.000000
18.359793	2.336488	1.291845	17.566730	0.810961	1.308676	-8.261860	-25.956800	25.000000
18.359793	2.336488	1.291845	18.750083	0.819395	1.399168	-8.261860	-25.437000	25.000000
18.359793	2.336488	1.291845	17.936301	0.751944	1.367798	-8.261860	-24.339300	25.000000
18.359793	2.336488	1.291845	18.864252	0.817793	1.214577	-8.261860	-23.819400	25.000000
18.359793	2.336488	1.291845	17.807021	0.718928	1.149109	-8.261860	-22.721700	25.000000
18.359793	2.336488	1.291845	15.685343	0.766392	1.243232	-8.261860	-22.201900	25.000000
18.359793	2.336488	1.291845	20.696860	0.891668	1.319794	-8.261860	-21.104200	25.000000
18.359793	2.336488	1.291845	21.834262	1.857283	1.417893	-8.261860	-20.584300	25.000000
18.359793	2.336488	1.291845	13.865731	1.399760	1.374118	-8.261860	-19.486600	25.000000
18.359793	2.336488	1.291845	18.624983	2.413296	1.259249	-8.261860	-18.966800	25.000000
18.359793	2.336488	1.291845	18.113255	2.436996	1.240960	-8.261860	-17.869100	25.000000
18.359793	2.336488	1.291845	18.604838	2.414511	1.266947	-8.261860	-17.349200	25.000000
18.359793	2.336488	1.291845	18.160947	2.392549	1.266947	-8.261860	-16.251500	25.000000
18.359793	2.336488	1.291845	18.410323	2.354808	1.283013	-8.261860	-15.731700	25.000000
18.359793	2.336488	1.291845	18.275120	2.362213	1.278594	-8.261860	-14.634000	25.000000
18.359793	2.336488	1.291845	18.408150	2.347282	1.285175	-8.261860	-14.114100	25.000000
18.359793	2.336488	1.291845	18.458602	2.322123	1.300643	-7.453080	-41.612500	25.000000
18.359793	2.336488	1.291845	18.319934	2.321723	1.298650	-7.453080	-40.514800	25.000000
18.359793	2.336488	1.291845	18.307102	2.307527	1.309719	-7.453080	-39.994900	25.000000
18.359793	2.336488	1.291845	18.390759	2.288875	1.315310	-7.453080	-38.897200	25.000000
18.359793	2.336488	1.291845	18.724583	2.238910	1.337368	-7.453080	-38.377400	25.000000
18.359793	2.336488	1.291845	17.947980	2.195706	1.349147	-7.453080	-37.279700	25.000000
18.359793	2.336488	1.291845	15.397480	2.312351	1.286932	-7.453080	-36.759800	25.000000
18.359793	2.336488	1.291845	20.818360	2.454914	1.357798	-7.453080	-35.662100	25.000000
18.359793	2.336488	1.291845	14.558503	2.796461	4.814078	-7.453080	-35.142300	25.000000
18.359793	2.336488	1.291845	20.324616	1.959351	5.671588	-7.453080	-34.044600	25.000000
18.359793	2.336488	1.291845	13.108776	1.786052	5.387130	-7.453080	-33.524700	25.000000
18.359793	2.336488	1.291845	21.445046	0.895853	5.620571	-7.453080	-32.427000	25.000000
18.359793	2.336488	1.291845	17.850490	0.687101	5.978193	-7.453080	-31.907200	25.000000
18.359793	2.336488	1.291845	18.872997	0.548954	5.714898	-7.453080	-30.809500	25.000000
18.359793	2.336488	1.291845	17.670597	0.410861	0.362087	-7.453080	-30.289600	25.000000
18.359793	2.336488	1.291845	19.097906	0.461499	0.851966	-7.453080	-29.191900	25.000000
18.359793	2.336488	1.291845	17.318672	0.813279	1.323505	-7.453080	-28.672100	25.000000
18.359793	2.336488	1.291845	19.352160	0.908514	1.385609	-7.453080	-27.574400	25.000000
18.359793	2.336488	1.291845	19.115441	0.808559	1.389714	-7.453080	-27.054500	25.000000
18.359793	2.336488	1.291845	17.601420	0.789094	1.261703	-7.453080	-25.956800	25.000000
18.359793	2.336488	1.291845	18.904497	0.805214	1.242085	-7.453080	-25.437000	25.000000
18.359793	2.336488	1.291845	17.771044	0.859591	1.190290	-7.453080	-24.339300	25.000000
18.359793	2.336488	1.291845	18.497462	0.652277	1.419704	-7.453080	-23.819400	25.000000
18.359793	2.336488	1.291845	18.264668	0.801915	1.347252	-7.453080	-22.721700	25.000000
18.359793	2.336488	1.291845	16.100932	0.992555	1.206817	-7.453080	-22.201900	25.000000
18.359793	2.336488	1.291845	20.334699	0.741205	1.387686	-7.453080	-21.104200	25.000000
18.359793	2.336488	1.291845	11.918473	1.705448	1.133658	-7.453080	-20.584300	25.000000
18.359793	2.336488	1.291845	22.897380	1.795413	1.354071	-7.453080	-19.486600	25.000000
18.359793	2.336488	1.291845	18.287154	2.442715	1.232918	-7.453080	-18.966800	25.000000
18.359793	2.336488	1.291845	18.554245	2.459258	1.249046	-7.453080	-17.869100	25.000000
18.359793	2.336488	1.291845	18.159570	2.408950	1.269876	-7.453080	-17.349200	25.000000
18.359793	2.336488	1.291845	18.649129	2.395901	1.274041	-7.453080	-16.251500	25.000000
18.359793	2.336488	1.291845	18.271836	2.354637	1.280820	-7.453080	-15.731700	25.000000
18.359793	2.336488	1.291845	18.465102	2.367223	1.288241	-7.453080	-14.634000	25.000000
18.359793	2.336488	1.291845	18.388312	2.348342	1.292497	-7.453080	-14.114100	25.000000
18.359793	2.336488	1.291845	18.408150	2.347282	1.285175	-7.453080	-13.016400	25.000000
18.359793	2.336488	1.291845	18.319934	2.321723	1.298650	-6.644310	-41.612500	25.000000
18.359793	2.336488	1.291845	18.388312	2.325699	1.298650	-6.644310	-40.514800	25.000000
18.359793	2.336488	1.291845	18.374439	2.311558	1.309719	-6.644310	-39.994900	25.000000
18.359793	2.336488	1.291845	18.245547	2.295850	1.311609	-6.644310	-38.897200	25.000000
18.359793	2.336488	1.291845	18.522149	2.213401	1.360174	-6.644310	-38.377400	25.000000
18.359793	2.336488	1.291845	18.113531	2.258655	1.332750	-6.644310	-37.279700	25.000000
18.359793	2.336488	1.291845	19.281922	2.696103	1.346253	-6.644310	-36.759800	25.000000
18.359793	2.336488	1.291845	17.459954	2.297457	1.338828	-6.644310	-35.662100	25.000000
18.359793	2.336488	1.291845	12.704806	2.858752	5.274576	-6.644310	-35.142300	25.000000
18.359793	2.336488	1.291845	21.501686	2.054521	4.321639	-6.644310	-34.044600	25.000000
18.359793	2.336488	1.291845	23.761080	1.108385	4.633778	-6.644310	-33.524700	25.000000
18.359793	2.336488	1.291845	4.955038	1.242000	4.427060	-6.644310	-32.427000	25.000000
18.359793	2.336488	1.291845	17.614769	0.562581	5.038515	-6.644310	-31.907200	25.000000
18.359793	2.336488	1.291845	19.100513	0.356433	4.995223	-6.644310	-30.809500	25.000000
18.359793	2.336488	1.291845	19.762328	0.259629	0.435436	-6.644310	-30.289600	25.000000
18.359793	2.336488	1.291845	16.807736	0.311279	0.507099	-6.644310	-29.191900	25.000000
18.359793	2.336488	1.291845	20.046446	0.769395	1.317122	-6.644310	-28.672100	25.000000
18.359793	2.336488	1.291845	16.486661	0.755599	1.302217	-6.644310	-27.574400	25.000000
18.359793	2.336488	1.291845	19.110406	0.898611	1.386516	-6.644310	-27.054500	25.000000
18.359793	2.336488	1.291845	17.608521	0.903304	1.352127	-6.644310	-25.956800	25.000000
18.359793	2.336488	1.291845	20.108207	0.743627	1.295524	-6.644310	-25.437000	25.000000
18.359793	2.336488	1.291845	16.525738	0.809538	1.291349	-6.644310	-24.339300	25.000000
18.359793	2.336488	1.291845	18.233486	0.703885	1.278528	-6.644310	-23.819400	25.000000
18.359793	2.336488	1.291845	18.562327	0.699770	1.264917	-6.644310	-22.721700	25.000000
18.359793	2.336488	1.291845	16.311346	0.805474	1.321694	-6.644310	-22.201900	25.000000
18.359793	2.336488	1.291845	20.274883	1.009034	1.396833	-6.644310	-21.104200	25.000000
18.359793	2.336488	1.291845	21.463728	1.942715	1.472621	-6.644310	-20.584300	25.000000
18.359793	2.336488	1.291845	14.380351	1.456503	1.460680	-6.644310	-19.486600	25.000000
18.359793	2.336488	1.291845	18.094665	2.464241	1.291164	-6.644310	-18.966800	25.000000
18.359793	2.336488	1.291845	18.590546	2.423514	1.304401	-6.644310	-17.869100	25.000000
18.359793	2.336488	1.291845	18.364368	2.421061	1.277759	-6.644310	-17.349200	25.000000
18.359793	2.336488	1.291845	18.344481	2.389799	1.279340	-6.644310	-16.251500	25.000000
18.359793	2.336488	1.291845	18.251849	2.355729	1.288241	-6.644310	-15.731700	25.000000
18.359793	2.336488	1.291845	18.461311	2.359715	1.290385	-6.644310	-14.634000	25.000000
18.359793	2.336488	1.291845	18.408150	2.347282	1.285175	-6.644310	-14.114100	25.000000
18.359793	2.336488	1.291845	18.319934	2.352023	1.290385	-6.644310	-13.016400	25.000000
18.359793	2.336488	1.291845	18.388312	2.325699	1.298650	-5.835530	-41.612500	25.000000
18.359793	2.336488	1.291845	18.368996	2.326689	1.305857	-5.835530	-40.514800	25.000000
18.359793	2.336488	1.291845	18.307102	2.307527	1.309719	-5.835530	-39.994900	25.000000
18.359793	2.336488	1.291845	18.445867	2.308023	1.311609	-5.835530	-38.897200	25.000000
18.359793	2.336488	1.291845	18.222308	2.275172	1.334551	-5.835530	-38.377400	25.000000
18.359793	2.336488	1.291845	18.610481	2.236905	1.357316	-5.835530	-37.279700	25.000000
18.359793	2.336488	1.291845	19.517684	2.559184	1.127979	-5.835530	-36.759800	25.000000
18.359793	2.336488	1.291845	17.042594	2.295675	1.333422	-5.835530	-35.662100	25.000000
18.359793	2.336488	1.291845	15.692673	1.854992	5.071937	-5.835530	-35.142300	25.000000
18.359793	2.336488	1.291845	20.566721	2.367058	4.972544	-5.835530	-34.044600	25.000000
18.359793	2.336488	1.291845	3.872426	1.028070	4.977644	-5.835530	-33.524700	25.000000
18.359793	2.336488	1.291845	23.462888	1.073160	4.671591	-5.835530	-32.427000	25.000000
18.359793	2.336488	1.291845	18.568094	0.340832	4.348338	-5.835530	-31.907200	25.000000
18.359793	2.336488	1.291845	18.140882	0.441679	4.512464	-5.835530	-30.809500	25.000000
18.359793	2.336488	1.291845	19.419506	0.253268	1.521454	-5.835530	-30.289600	25.000000
18.359793	2.336488	1.291845	17.240312	0.068398	1.886642	-5.835530	-29.191900	25.000000
18.359793	2.336488	1.291845	18.123190	0.705241	1.365054	-5.835530	-28.672100	25.000000
18.359793	2.336488	1.291845	18.594085	0.937772	1.265922	-5.835530	-27.574400	25.000000
18.359793	2.336488	1.291845	19.093978	0.884460	1.268315	-5.835530	-27.054500	25.000000
18.359793	2.336488	1.291845	17.529689	0.801037	1.321964	-5.835530	-25.956800	25.000000
18.359793	2.336488	1.291845	19.052779	0.745423	1.432620	-5.835530	-25.437000	25.000000
18.359793	2.336488	1.291845	17.595116	0.804635	1.459355	-5.835530	-24.339300	25.000000
18.359793	2.336488	1.291845	18.863192	0.803107	1.279340	-5.835530	-23.819400	25.000000
18.359793	2.336488	1.291845	17.844047	0.704155	1.207973	-5.835530	-22.721700	25.000000
18.359793	2.336488	1.291845	16.201543	0.718165	1.275746	-5.835530	-22.201900	25.000000
18.359793	2.336488	1.291845	20.196534	0.871506	1.355636	-5.835530	-21.104200	25.000000
18.359793	2.336488	1.291845	15.846173	1.305159	1.462017	-5.835530	-20.584300	25.000000
18.359793	2.336488	1.291845	20.533117	1.831872	1.453069	-5.835530	-19.486600	25.000000
18.359793	2.336488	1.291845	17.650496	2.415620	1.303047	-5.835530	-18.966800	25.000000
18.359793	2.336488	1.291845	19.087692	2.371347	1.327642	-5.835530	-17.869100	25.000000
18.359793	2.336488	1.291845	18.390759	2.387111	1.289225	-5.835530	-17.349200	25.000000
18.359793	2.336488	1.291845	18.289341	2.417454	1.277759	-5.835530	-16.251500	25.000000
18.359793	2.336488	1.291845	18.322664	2.359590	1.288241	-5.835530	-15.731700	25.000000
18.359793	2.336488	1.291845	18.465102	2.367223	1.288241	-5.835530	-14.634000	25.000000
18.359793	2.336488	1.291845	18.388312	2.348342	1.292497	-5.835530	-14.114100	25.000000
18.359793	2.336488	1.291845	18.339847	2.350947	1.283013	-5.835530	-13.016400	25.000000
18.359793	2.336488	1.291845	18.388312	2.325699	1.298650	-5.026760	-41.612500	25.000000
18.359793	2.336488	1.291845	18.388312	2.325699	1.298650	-5.026760	-40.514800	25.000000
18.359793	2.336488	1.291845	18.513239	2.312022	1.311609	-5.026760	-39.994900	25.000000
18.359793	2.336488	1.291845	18.281685	2.323678	1.313091	-5.026760	-38.897200	25.000000
18.359793	2.336488	1.291845	18.503848	2.283548	1.331362	-5.026760	-38.377400	25.000000
18.359793	2.336488	1.291845	18.200275	2.261855	1.355221	-5.026760	-37.279700	25.000000
18.359793	2.336488	1.291845	17.684739	2.249340	1.373401	-5.026760	-36.759800	25.000000
18.359793	2.336488	1.291845	19.012101	2.302308	1.291526	-5.026760	-35.662100	25.000000
18.359793	2.336488	1.291845	13.097042	2.894733	0.505581	-5.026760	-35.142300	25.000000
18.359793	2.336488	1.291845	21.531837	2.069584	6.134557	-5.026760	-34.044600	25.000000
18.359793	2.336488	1.291845	10.700467	1.953916	6.212596	-5.026760	-33.524700	25.000000
18.359793	2.336488	1.291845	21.892622	1.140615	5.551117	-5.026760	-32.427000	25.000000
18.359793	2.336488	1.291845	19.818678	0.577933	5.914685	-5.026760	-31.907200	25.000000
18.359793	2.336488	1.291845	16.734694	0.736274	5.771765	-5.026760	-30.809500	25.000000
18.359793	2.336488	1.291845	19.793686	0.416691	0.424561	-5.026760	-30.289600	25.000000
18.359793	2.336488	1.291845	16.789878	0.394535	0.708626	-5.026760	-29.191900	25.000000
18.359793	2.336488	1.291845	19.992811	0.862904	1.375337	-5.026760	-28.672100	25.000000
18.359793	2.336488	1.291845	16.539347	0.801943	1.393200	-5.026760	-27.574400	25.000000
18.359793	2.336488	1.291845	18.896690	0.804817	1.353959	-5.026760	-27.054500	25.000000
18.359793	2.336488	1.291845	17.884655	0.765135	1.451848	-5.026760	-25.956800	25.000000
18.359793	2.336488	1.291845	18.961540	0.808102	1.297507	-5.026760	-25.437000	25.000000
18.359793	2.336488	1.291845	17.716094	0.795499	1.274041	-5.026760	-24.339300	25.000000
18.359793	2.336488	1.291845	18.055329	0.782814	1.378791	-5.026760	-23.819400	25.000000
18.359793	2.336488	1.291845	18.592334	0.676304	1.490795	-5.026760	-22.721700	25.000000
18.359793	2.336488	1.291845	20.936571	0.857464	1.399417	-5.026760	-22.201900	25.000000
18.359793	2.336488	1.291845	15.267285	0.784991	1.210941	-5.026760	-21.104200	25.000000
18.359793	2.336488	1.291845	20.914961	1.482707	1.323489	-5.026760	-20.584300	25.000000
18.359793	2.336488	1.291845	15.211972	2.033489	1.202568	-5.026760	-19.486600	25.000000
18.359793	2.336488	1.291845	18.518369	2.395587	1.296868	-5.026760	-18.966800	25.000000
18.359793	2.336488	1.291845	18.233486	2.437708	1.278528	-5.026760	-17.869100	25.000000
18.359793	2.336488	1.291845	18.416840	2.409660	1.282452	-5.026760	-17.349200	25.000000
18.359793	2.336488	1.291845	18.252123	2.387192	1.287002	-5.026760	-16.251500	25.000000
18.359793	2.336488	1.291845	18.393749	2.363421	1.288241	-5.026760	-15.731700	25.000000
18.359793	2.336488	1.291845	18.251849	2.355729	1.288241	-5.026760	-14.634000	25.000000
18.359793	2.336488	1.291845	18.388312	2.348342	1.292497	-5.026760	-13.016400	25.000000
18.359793	2.336488	1.291845	18.388312	2.325699	1.298650	-4.217980	-40.514800	25.000000
18.359793	2.336488	1.291845	18.458602	2.322123	1.300643	-4.217980	-39.994900	25.000000
18.359793	2.336488	1.291845	18.352384	2.320074	1.314988	-4.217980	-38.897200	25.000000
18.359793	2.336488	1.291845	18.309833	2.285489	1.352127	-4.217980	-38.377400	25.000000
18.359793	2.336488	1.291845	18.498919	2.305422	1.320517	-4.217980	-37.279700	25.000000
18.359793	2.336488	1.291845	17.952058	2.237391	1.398423	-4.217980	-36.759800	25.000000
18.359793	2.336488	1.291845	18.707870	2.226061	1.393234	-4.217980	-35.662100	25.000000
18.359793	2.336488	1.291845	18.671101	2.311544	1.191638	-4.217980	-35.142300	25.000000
18.359793	2.336488	1.291845	17.794943	2.513617	0.261219	-4.217980	-34.044600	25.000000
18.359793	2.336488	1.291845	15.638593	2.223670	0.189502	-4.217980	-33.524700	25.000000
18.359793	2.336488	1.291845	20.304879	1.649677	5.960966	-4.217980	-32.427000	25.000000
18.359793	2.336488	1.291845	18.217299	1.332508	6.266238	-4.217980	-31.907200	25.000000
18.359793	2.336488	1.291845	18.488916	1.012140	5.876618	-4.217980	-30.809500	25.000000
18.359793	2.336488	1.291845	18.196494	0.530007	0.295622	-4.217980	-30.289600	25.000000
18.359793	2.336488	1.291845	18.561347	0.764208	0.082624	-4.217980	-29.191900	25.000000
18.359793	2.336488	1.291845	20.252901	0.772817	1.224442	-4.217980	-28.672100	25.000000
18.359793	2.336488	1.291845	16.231451	0.662280	1.147486	-4.217980	-27.574400	25.000000
18.359793	2.336488	1.291845	17.824803	0.847314	1.415984	-4.217980	-27.054500	25.000000
18.359793	2.336488	1.291845	18.933927	0.884362	1.429672	-4.217980	-25.956800	25.000000
18.359793	2.336488	1.291845	20.051574	0.725646	1.355714	-4.217980	-25.437000	25.000000
18.359793	2.336488	1.291845	16.510905	0.808682	1.368475	-4.217980	-24.339300	25.000000
18.359793	2.336488	1.291845	18.933106	0.714699	1.347320	-4.217980	-23.819400	25.000000
18.359793	2.336488	1.291845	17.730677	0.722564	1.300580	-4.217980	-22.721700	25.000000
18.359793	2.336488	1.291845	21.502325	1.049943	1.327118	-4.217980	-22.201900	25.000000
18.359793	2.336488	1.291845	14.712580	1.067198	1.138389	-4.217980	-21.104200	25.000000
18.359793	2.336488	1.291845	20.962824	2.239724	1.337617	-4.217980	-20.584300	25.000000
18.359793	2.336488	1.291845	14.981989	1.664378	1.164144	-4.217980	-19.486600	25.000000
18.359793	2.336488	1.291845	18.343544	2.447544	1.298116	-4.217980	-18.966800	25.000000
18.359793	2.336488	1.291845	18.505675	2.471145	1.306833	-4.217980	-17.869100	25.000000
18.359793	2.336488	1.291845	18.384232	2.379577	1.291414	-4.217980	-17.349200	25.000000
18.359793	2.336488	1.291845	18.435021	2.400493	1.302430	-4.217980	-16.251500	25.000000
18.359793	2.336488	1.291845	18.458602	2.352203	1.292497	-4.217980	-15.731700	25.000000
18.359793	2.336488	1.291845	18.322664	2.359590	1.288241	-4.217980	-14.634000	25.000000
18.359793	2.336488	1.291845	18.319934	2.352023	1.290385	-4.217980	-14.114100	25.000000
18.359793	2.336488	1.291845	18.368996	2.326689	1.305857	-3.409210	-39.994900	25.000000
18.359793	2.336488	1.291845	18.300546	2.322713	1.305857	-3.409210	-38.897200	25.000000
18.359793	2.336488	1.291845	18.498919	2.305422	1.320517	-3.409210	-38.377400	25.000000
18.359793	2.336488	1.291845	18.112979	2.309798	1.329441	-3.409210	-37.279700	25.000000
18.359793	2.336488	1.291845	17.897153	2.268631	1.394139	-3.409210	-36.759800	25.000000
18.359793	2.336488	1.291845	18.880614	2.252705	1.382766	-3.409210	-35.662100	25.000000
18.359793	2.336488	1.291845	20.942302	2.389965	1.176005	-3.409210	-35.142300	25.000000
18.359793	2.336488	1.291845	15.161135	2.683801	0.912371	-3.409210	-34.044600	25.000000
18.359793	2.336488	1.291845	19.868568	1.671629	5.810488	-3.409210	-33.524700	25.000000
18.359793	2.336488	1.291845	13.340540	2.883887	5.793228	-3.409210	-32.427000	25.000000
18.359793	2.336488	1.291845	22.149718	1.003620	5.626837	-3.409210	-31.907200	25.000000
18.359793	2.336488	1.291845	13.232536	1.533002	5.751845	-3.409210	-30.809500	25.000000
18.359793	2.336488	1.291845	18.430829	0.772467	6.184213	-3.409210	-30.289600	25.000000
18.359793	2.336488	1.291845	18.396244	0.705905	0.075570	-3.409210	-29.191900	25.000000
18.359793	2.336488	1.291845	19.265254	0.837127	0.726062	-3.409210	-28.672100	25.000000
18.359793	2.336488	1.291845	17.433301	0.887985	0.900674	-3.409210	-27.574400	25.000000
18.359793	2.336488	1.291845	17.772451	0.758538	1.339706	-3.409210	-27.054500	25.000000
18.359793	2.336488	1.291845	18.950726	0.836373	1.049887	-3.409210	-25.956800	25.000000
18.359793	2.336488	1.291845	18.026048	0.740960	1.465403	-3.409210	-25.437000	25.000000
18.359793	2.336488	1.291845	18.776914	0.806070	1.485816	-3.409210	-24.339300	25.000000
18.359793	2.336488	1.291845	16.568947	0.795252	1.171454	-3.409210	-23.819400	25.000000
18.359793	2.336488	1.291845	19.888690	1.067077	1.194554	-3.409210	-22.721700	25.000000
18.359793	2.336488	1.291845	21.279333	1.314223	1.139746	-3.409210	-22.201900	25.000000
18.359793	2.336488	1.291845	14.725149	1.400192	1.011467	-3.409210	-21.104200	25.000000
18.359793	2.336488	1.291845	22.137073	2.132989	1.382825	-3.409210	-20.584300	25.000000
18.359793	2.336488	1.291845	13.309395	2.263535	1.115882	-3.409210	-19.486600	25.000000
18.359793	2.336488	1.291845	18.112220	2.437063	1.298937	-3.409210	-18.966800	25.000000
18.359793	2.336488	1.291845	18.637030	2.462306	1.340733	-3.409210	-17.869100	25.000000
18.359793	2.336488	1.291845	18.492701	2.389144	1.306626	-3.409210	-17.349200	25.000000
18.359793	2.336488	1.291845	18.312018	2.375807	1.291414	-3.409210	-16.251500	25.000000
18.359793	2.336488	1.291845	18.458602	2.352203	1.292497	-3.409210	-15.731700	25.000000
18.359793	2.336488	1.291845	18.232389	2.356796	1.295695	-3.409210	-14.634000	25.000000
18.359773	2.336490	1.291852	18.368996	2.326689	1.305857	-2.600430	-39.994900	25.000000
18.359773	2.336490	1.291852	18.437733	2.330635	1.305857	-2.600430	-38.897200	25.000000
18.359773	2.336490	1.291852	18.195054	2.320612	1.320353	-2.600430	-38.377400	25.000000
18.359773	2.336490	1.291852	18.494594	2.312945	1.318700	-2.600430	-37.279700	25.000000
18.359773	2.336490	1.291852	18.529352	2.296700	1.342970	-2.600430	-36.759800	25.000000
18.359773	2.336490	1.291852	18.182959	2.284263	1.380533	-2.600430	-35.662100	25.000000
18.359773	2.336490	1.291852	18.897418	2.314939	1.329656	-2.600430	-35.142300	25.000000
18.359773	2.336490	1.291852	17.794662	2.273471	1.408069	-2.600430	-34.044600	25.000000
18.359773	2.336490	1.291852	21.337594	2.011391	0.144022	-2.600430	-33.524700	25.000000
18.359773	2.336490	1.291852	13.394402	2.869048	0.588003	-2.600430	-32.427000	25.000000
18.359773	2.336490	1.291852	20.365598	1.435846	0.089314	-2.600430	-31.907200	25.000000
18.359773	2.336490	1.291852	15.809178	1.571429	5.700446	-2.600430	-30.809500	25.000000
18.359773	2.336490	1.291852	17.845448	1.099662	0.407369	-2.600430	-30.289600	25.000000
18.359773	2.336490	1.291852	18.873526	1.073719	0.151274	-2.600430	-29.191900	25.000000
18.359773	2.336490	1.291852	16.660732	1.143790	0.487242	-2.600430	-28.672100	25.000000
18.359773	2.336490	1.291852	19.844395	0.958840	0.663203	-2.600430	-27.574400	25.000000
18.359773	2.336490	1.291852	18.807977	0.723215	0.893546	-2.600430	-27.054500	25.000000
18.359773	2.336490	1.291852	17.864210	0.739349	0.590307	-2.600430	-25.956800	25.000000
18.359773	2.336490	1.291852	17.808144	0.926234	1.151145	-2.600430	-25.437000	25.000000
18.359773	2.336490	1.291852	18.810635	0.865093	1.138389	-2.600430	-24.339300	25.000000
18.359773	2.336490	1.291852	19.400515	1.483057	1.132606	-2.600430	-23.819400	25.000000
18.359773	2.336490	1.291852	17.085959	1.109835	1.139301	-2.600430	-22.721700	25.000000
18.359773	2.336490	1.291852	15.037703	1.788639	0.945005	-2.600430	-22.201900	25.000000
18.359773	2.336490	1.291852	21.164130	1.640783	1.088083	-2.600430	-21.104200	25.000000
18.359773	2.336490	1.291852	19.958206	2.362408	1.391581	-2.600430	-20.584300	25.000000
18.359773	2.336490	1.291852	16.611743	2.286518	1.203622	-2.600430	-19.486600	25.000000
18.359773	2.336490	1.291852	18.589180	2.431813	1.342636	-2.600430	-18.966800	25.000000
18.359773	2.336490	1.291852	18.152289	2.417675	1.304836	-2.600430	-17.869100	25.000000
18.359773	2.336490	1.291852	18.423355	2.361792	1.305221	-2.600430	-17.349200	25.000000
18.359773	2.336490	1.291852	18.293168	2.376879	1.299004	-2.600430	-16.251500	25.000000
18.359773	2.336490	1.291852	18.368996	2.349378	1.299849	-2.600430	-15.731700	25.000000
18.359773	2.336490	1.291852	18.300546	2.353074	1.297788	-2.600430	-14.634000	25.000000
18.359793	2.336488	1.291845	18.298907	2.330306	1.303883	-1.791660	-39.994900	25.000000
18.359793	2.336488	1.291845	18.368996	2.326689	1.305857	-1.791660	-38.377400	25.000000
18.359793	2.336488	1.291845	18.281685	2.323678	1.313091	-1.791660	-37.279700	25.000000
18.359793	2.336488	1.291845	18.473700	2.306656	1.330423	-1.791660	-36.759800	25.000000
18.359793	2.336488	1.291845	18.218123	2.311967	1.345671	-1.791660	-35.662100	25.000000
18.359793	2.336488	1.291845	17.989097	2.293629	1.402479	-1.791660	-35.142300	25.000000
18.359793	2.336488	1.291845	18.727053	2.266316	1.413652	-1.791660	-34.044600	25.000000
18.359793	2.336488	1.291845	20.282751	2.234816	1.137951	-1.791660	-33.524700	25.000000
18.359793	2.336488	1.291845	16.101553	2.430564	1.291189	-1.791660	-32.427000	25.000000
18.359793	2.336488	1.291845	20.835067	1.949342	0.642468	-1.791660	-31.907200	25.000000
18.359793	2.336488	1.291845	15.586533	2.226227	0.416581	-1.791660	-30.809500	25.000000
18.359793	2.336488	1.291845	16.555978	1.632445	0.275806	-1.791660	-30.289600	25.000000
18.359793	2.336488	1.291845	20.038802	1.592755	0.557541	-1.791660	-29.191900	25.000000
18.359793	2.336488	1.291845	19.376986	1.184527	0.326684	-1.791660	-28.672100	25.000000
18.359793	2.336488	1.291845	17.281713	0.925053	0.017390	-1.791660	-27.574400	25.000000
18.359793	2.336488	1.291845	16.056774	1.056406	0.524470	-1.791660	-27.054500	25.000000
18.359793	2.336488	1.291845	20.425719	0.972766	0.634023	-1.791660	-25.956800	25.000000
18.359793	2.336488	1.291845	19.057020	1.244970	0.887405	-1.791660	-25.437000	25.000000
18.359793	2.336488	1.291845	17.682760	1.272312	0.877573	-1.791660	-24.339300	25.000000
18.359793	2.336488	1.291845	21.513242	1.600550	1.194608	-1.791660	-23.819400	25.000000
18.359793	2.336488	1.291845	14.493447	1.772247	0.980841	-1.791660	-22.721700	25.000000
18.359793	2.336488	1.291845	16.261611	2.382754	1.147127	-1.791660	-22.201900	25.000000
18.359793	2.336488	1.291845	20.147705	2.028331	1.136843	-1.791660	-21.104200	25.000000
18.359793	2.336488	1.291845	18.470939	2.439297	1.373401	-1.791660	-20.584300	25.000000
18.359793	2.336488	1.291845	18.297639	2.442033	1.351759	-1.791660	-19.486600	25.000000
18.359793	2.336488	1.291845	18.257064	2.411207	1.320242	-1.791660	-18.966800	25.000000
18.359793	2.336488	1.291845	18.529352	2.387034	1.321614	-1.791660	-17.869100	25.000000
18.359793	2.336488	1.291845	18.355653	2.365529	1.303180	-1.791660	-17.349200	25.000000
18.359793	2.336488	1.291845	18.371173	2.356935	1.297788	-1.791660	-16.251500	25.000000
18.359793	2.336488	1.291845	18.439360	2.353239	1.299849	-1.791660	-15.731700	25.000000
18.359793	2.336488	1.291845	18.319934	2.352023	1.290385	-1.791660	-14.634000	25.000000
18.359791	2.336489	1.291846	18.298907	2.330306	1.303883	-0.982885	-38.377400	25.000000
18.359791	2.336489	1.291846	18.298907	2.330306	1.303883	-0.982885	-37.279700	25.000000
18.359791	2.336489	1.291846	18.405162	2.317410	1.324022	-0.982885	-36.759800	25.000000
18.359791	2.336489	1.291846	18.331939	2.328596	1.320353	-0.982885	-35.662100	25.000000
18.359791	2.336489	1.291846	18.125311	2.316664	1.353512	-0.982885	-35.142300	25.000000
18.359791	2.336489	1.291846	18.468960	2.299606	1.369842	-0.982885	-34.044600	25.000000
18.359791	2.336489	1.291846	18.424429	2.272974	1.473957	-0.982885	-33.524700	25.000000
18.359791	2.336489	1.291846	18.320887	2.292212	1.419750	-0.982885	-32.427000	25.000000
18.359791	2.336489	1.291846	15.758490	2.497374	1.292497	-0.982885	-31.907200	25.000000
18.359791	2.336489	1.291846	20.609706	2.278616	1.078585	-0.982885	-30.809500	25.000000
18.359791	2.336489	1.291846	14.630448	2.190729	6.148414	-0.982885	-30.289600	25.000000
18.359791	2.336489	1.291846	21.242881	1.921591	0.560193	-0.982885	-29.191900	25.000000
18.359791	2.336489	1.291846	18.279103	1.562043	0.203833	-0.982885	-28.672100	25.000000
18.359791	2.336489	1.291846	18.428771	1.387447	0.320005	-0.982885	-27.574400	25.000000
18.359791	2.336489	1.291846	19.623529	1.454859	0.716417	-0.982885	-27.054500	25.000000
18.359791	2.336489	1.291846	17.041870	1.696643	0.756118	-0.982885	-25.956800	25.000000
18.359791	2.336489	1.291846	17.901117	1.682755	0.853024	-0.982885	-25.437000	25.000000
18.359791	2.336489	1.291846	18.796172	1.687575	0.792974	-0.982885	-24.339300	25.000000
18.359791	2.336489	1.291846	22.024078	2.021819	1.300120	-0.982885	-23.819400	25.000000
18.359791	2.336489	1.291846	13.594484	2.146397	0.953605	-0.982885	-22.721700	25.000000
18.359791	2.336489	1.291846	18.353477	2.438426	1.402323	-0.982885	-22.201900	25.000000
18.359791	2.336489	1.291846	18.299249	2.450458	1.402829	-0.982885	-21.104200	25.000000
18.359791	2.336489	1.291846	18.169923	2.424917	1.333133	-0.982885	-20.584300	25.000000
18.359791	2.336489	1.291846	18.649193	2.419921	1.381360	-0.982885	-19.486600	25.000000
18.359791	2.336489	1.291846	18.446138	2.376067	1.325818	-0.982885	-18.966800	25.000000
18.359791	2.336489	1.291846	18.274846	2.377925	1.306626	-0.982885	-17.869100	25.000000
18.359791	2.336489	1.291846	18.352384	2.357961	1.305221	-0.982885	-17.349200	25.000000
18.359791	2.336489	1.291846	18.300546	2.353074	1.297788	-0.982885	-16.251500	25.000000
18.359791	2.336489	1.291846	18.388312	2.348342	1.292497	-0.982885	-15.731700	25.000000
18.359791	2.336489	1.291846	18.298907	2.345487	1.299849	-0.982885	-14.634000	25.000000
18.359791	2.336489	1.291846	18.350204	2.327655	1.313091	-0.174110	-36.759800	25.000000
18.359791	2.336489	1.291846	18.280044	2.331286	1.311167	-0.174110	-35.662100	25.000000
18.359791	2.336489	1.291846	18.402445	2.324977	1.322201	-0.174110	-35.142300	25.000000
18.359791	2.336489	1.291846	18.370357	2.319165	1.338430	-0.174110	-34.044600	25.000000
18.359791	2.336489	1.291846	18.608710	2.307336	1.366999	-0.174110	-33.524700	25.000000
18.359791	2.336489	1.291846	18.186599	2.321045	1.395515	-0.174110	-32.427000	25.000000
18.359791	2.336489	1.291846	18.246372	2.317996	1.457747	-0.174110	-31.907200	25.000000
18.359791	2.336489	1.291846	18.488310	2.305940	1.442100	-0.174110	-30.809500	25.000000
18.359791	2.336489	1.291846	17.066341	2.410065	1.340710	-0.174110	-30.289600	25.000000
18.359791	2.336489	1.291846	19.522807	2.259005	1.139778	-0.174110	-29.191900	25.000000
18.359791	2.336489	1.291846	19.037069	2.199783	0.993604	-0.174110	-28.672100	25.000000
18.359791	2.336489	1.291846	17.790447	2.188252	0.986618	-0.174110	-27.574400	25.000000
18.359791	2.336489	1.291846	18.120430	2.216213	1.042225	-0.174110	-27.054500	25.000000
18.359791	2.336489	1.291846	18.579559	2.191102	1.089399	-0.174110	-25.956800	25.000000
18.359791	2.336489	1.291846	17.178184	2.296461	1.058407	-0.174110	-25.437000	25.000000
18.359791	2.336489	1.291846	19.476653	2.196066	1.132639	-0.174110	-24.339300	25.000000
18.359791	2.336489	1.291846	18.894084	2.351704	1.389477	-0.174110	-23.819400	25.000000
18.359791	2.336489	1.291846	17.731105	2.436226	1.386197	-0.174110	-22.721700	25.000000
18.359791	2.336489	1.291846	18.450314	2.423975	1.422721	-0.174110	-22.201900	25.000000
18.359791	2.336489	1.291846	18.247783	2.420033	1.365266	-0.174110	-21.104200	25.000000
18.359791	2.336489	1.291846	18.308525	2.376005	1.323141	-0.174110	-20.584300	25.000000
18.359791	2.336489	1.291846	18.330783	2.390598	1.348312	-0.174110	-19.486600	25.000000
18.359791	2.336489	1.291846	18.337393	2.366544	1.310696	-0.174110	-18.966800	25.000000
18.359791	2.336489	1.291846	18.420641	2.354249	1.307232	-0.174110	-17.869100	25.000000
18.359791	2.336489	1.291846	18.300546	2.353074	1.297788	-0.174110	-17.349200	25.000000
18.359791	2.336489	1.291846	18.439360	2.353239	1.299849	-0.174110	-16.251500	25.000000
18.359789	2.336489	1.291846	18.298907	2.330306	1.303883	0.634665	-35.662100	25.000000
18.359789	2.336489	1.291846	18.280044	2.331286	1.311167	0.634665	-35.142300	25.000000
18.359789	2.336489	1.291846	18.402445	2.324977	1.322201	0.634665	-34.044600	25.000000
18.359789	2.336489	1.291846	18.367692	2.334265	1.334225	0.634665	-33.524700	25.000000
18.359789	2.336489	1.291846	18.435195	2.323309	1.339876	0.634665	-32.427000	25.000000
18.359789	2.336489	1.291846	18.460339	2.322035	1.362498	0.634665	-31.907200	25.000000
18.359789	2.336489	1.291846	18.326091	2.328898	1.394035	0.634665	-30.809500	25.000000
18.359789	2.336489	1.291846	18.250449	2.340431	1.443035	0.634665	-30.289600	25.000000
18.359789	2.336489	1.291846	18.429596	2.323594	1.421539	0.634665	-29.191900	25.000000
18.359789	2.336489	1.291846	18.230538	2.349165	1.458863	0.634665	-28.672100	25.000000
18.359789	2.336489	1.291846	18.495245	2.357869	1.477987	0.634665	-27.574400	25.000000
18.359789	2.336489	1.291846	18.508041	2.388259	1.472700	0.634665	-27.054500	25.000000
18.359789	2.336489	1.291846	18.211798	2.373611	1.480566	0.634665	-25.956800	25.000000
18.359789	2.336489	1.291846	18.248893	2.403526	1.457351	0.634665	-25.437000	25.000000
18.359789	2.336489	1.291846	18.543649	2.394113	1.441128	0.634665	-24.339300	25.000000
18.359789	2.336489	1.291846	18.513781	2.395855	1.410097	0.634665	-23.819400	25.000000
18.359789	2.336489	1.291846	18.195879	2.406735	1.389477	0.634665	-22.721700	25.000000
18.359789	2.336489	1.291846	18.273193	2.385966	1.340528	0.634665	-22.201900	25.000000
18.359789	2.336489	1.291846	18.447829	2.375971	1.359594	0.634665	-21.104200	25.000000
18.359789	2.336489	1.291846	18.319662	2.367533	1.318242	0.634665	-20.584300	25.000000
18.359789	2.336489	1.291846	18.334121	2.358961	1.312685	0.634665	-19.486600	25.000000
18.359789	2.336489	1.291846	18.352384	2.357961	1.305221	0.634665	-18.966800	25.000000
18.359789	2.336489	1.291846	18.350204	2.350389	1.307232	0.634665	-17.869100	25.000000
18.359793	2.336488	1.291845	18.349114	2.335234	1.311167	1.443440	-34.044600	25.000000
18.359793	2.336488	1.291845	18.419012	2.331602	1.313091	1.443440	-33.524700	25.000000
18.359793	2.336488	1.291845	18.349114	2.335234	1.311167	1.443440	-32.427000	25.000000
18.359793	2.336488	1.291845	18.287496	2.338470	1.336877	1.443440	-31.907200	25.000000
18.359793	2.336488	1.291845	18.453455	2.329826	1.329441	1.443440	-30.809500	25.000000
18.359793	2.336488	1.291845	18.406966	2.332225	1.349848	1.443440	-30.289600	25.000000
18.359793	2.336488	1.291845	18.233872	2.341313	1.362159	1.443440	-29.191900	25.000000
18.359793	2.336488	1.291845	18.417950	2.346759	1.377130	1.443440	-28.672100	25.000000
18.359793	2.336488	1.291845	18.271574	2.354651	1.377948	1.443440	-27.574400	25.000000
18.359793	2.336488	1.291845	18.400120	2.363070	1.385543	1.443440	-27.054500	25.000000
18.359793	2.336488	1.291845	18.400120	2.363070	1.385543	1.443440	-25.956800	25.000000
18.359793	2.336488	1.291845	18.296910	2.368806	1.363421	1.443440	-25.437000	25.000000
18.359793	2.336488	1.291845	18.412021	2.370175	1.378748	1.443440	-24.339300	25.000000
18.359793	2.336488	1.291845	18.345640	2.366086	1.339037	1.443440	-23.819400	25.000000
18.359793	2.336488	1.291845	18.452848	2.367902	1.356670	1.443440	-22.721700	25.000000
18.359793	2.336488	1.291845	18.319891	2.359743	1.318678	1.443440	-22.201900	25.000000
18.359793	2.336488	1.291845	18.435195	2.361143	1.331053	1.443440	-21.104200	25.000000
18.359793	2.336488	1.291845	18.281685	2.354100	1.305221	1.443440	-20.584300	25.000000
18.359793	2.336488	1.291845	18.419012	2.346703	1.309214	1.443440	-19.486600	25.000000
18.359793	2.336488	1.291845	18.368996	2.349378	1.299849	1.443440	-18.966800	25.000000
18.359793	2.336488	1.291845	18.298907	2.345487	1.299849	1.443440	-17.869100	25.000000
18.359793	2.336488	1.291845	18.368996	2.349378	1.299849	1.443440	-17.349200	25.000000
18.359793	2.336488	1.291845	18.279497	2.338893	1.309214	2.252210	-31.907200	25.000000
18.359793	2.336488	1.291845	18.330848	2.336190	1.318478	2.252210	-30.809500	25.000000
18.359793	2.336488	1.291845	18.382600	2.341041	1.325818	2.252210	-30.289600	25.000000
18.359793	2.336488	1.291845	18.330848	2.336190	1.318478	2.252210	-29.191900	25.000000
18.359793	2.336488	1.291845	18.372251	2.341587	1.330234	2.252210	-28.672100	25.000000
18.359793	2.336488	1.291845	18.365457	2.341947	1.333184	2.252210	-27.574400	25.000000
18.359793	2.336488	1.291845	18.290842	2.345919	1.333614	2.252210	-27.054500	25.000000
18.359793	2.336488	1.291845	18.359292	2.349899	1.334358	2.252210	-25.956800	25.000000
18.359793	2.336488	1.291845	18.360961	2.349810	1.333614	2.252210	-25.437000	25.000000
18.359793	2.336488	1.291845	18.303814	2.352897	1.326565	2.252210	-24.339300	25.000000
18.359793	2.336488	1.291845	18.383144	2.348619	1.323966	2.252210	-23.819400	25.000000
18.359793	2.336488	1.291845	18.331939	2.351374	1.314645	2.252210	-22.721700	25.000000
18.359793	2.336488	1.291845	18.331939	2.351374	1.314645	2.252210	-22.201900	25.000000
18.359793	2.336488	1.291845	18.350204	2.350389	1.307232	2.252210	-21.104200	25.000000
18.359793	2.336488	1.291845	18.349114	2.342813	1.309214	2.252210	-20.584300	25.000000
18.359793	2.336488	1.291845	18.298907	2.345487	1.299849	2.252210	-19.486600	25.000000
18.359793	2.336488	1.291845	18.349114	2.335234	1.311167	3.060990	-30.809500	25.000000
18.359793	2.336488	1.291845	18.349114	2.335234	1.311167	3.060990	-30.289600	25.000000
18.359793	2.336488	1.291845	18.349114	2.335234	1.311167	3.060990	-29.191900	25.000000
18.359793	2.336488	1.291845	18.400272	2.340109	1.318478	3.060990	-28.672100	25.000000
18.359793	2.336488	1.291845	18.400272	2.340109	1.318478	3.060990	-27.574400	25.000000
18.359793	2.336488	1.291845	18.330848	2.343783	1.316576	3.060990	-27.054500	25.000000
18.359793	2.336488	1.291845	18.349114	2.342813	1.309214	3.060990	-25.956800	25.000000
18.359793	2.336488	1.291845	18.349114	2.342813	1.309214	3.060990	-25.437000	25.000000
18.359793	2.336488	1.291845	18.419012	2.346703	1.309214	3.060990	-24.339300	25.000000
18.359793	2.336488	1.291845	18.280044	2.346498	1.307232	3.060990	-23.819400	25.000000
18.359793	2.336488	1.291845	18.419012	2.346703	1.309214	3.060990	-22.721700	25.000000
18.359793	2.336488	1.291845	18.419012	2.346703	1.309214	3.060990	-22.201900	25.000000
18.359793	2.336488	1.291845	18.298907	2.345487	1.299849	3.869760	-20.584300	25.000000
