9.814955	2.186318	0.785310	9.875728	2.161470	0.785398	-35.570400	-35.726900	25.000000
9.814955	2.186318	0.785310	9.820387	2.153013	0.785398	-35.570400	-34.629200	25.000000
9.815532	2.186276	0.785398	9.771898	2.131920	0.776851	-35.570400	-34.157900	25.000000
9.815532	2.186276	0.785398	9.820387	2.153013	0.785398	-35.570400	-33.060200	25.000000
9.815532	2.186276	0.785398	9.832599	2.128045	0.768451	-35.570400	-32.588800	25.000000
9.815532	2.186276	0.785398	9.841748	2.115542	0.760193	-35.570400	-31.491100	25.000000
9.814955	2.186318	0.785310	9.845811	2.115292	0.743406	-35.570400	-31.019700	25.000000
9.814955	2.186318	0.785310	9.845811	2.115292	0.743406	-35.570400	-29.922000	25.000000
9.815532	2.186276	0.785398	9.840732	2.127530	0.734594	-35.570400	-29.450700	25.000000
9.815532	2.186276	0.785398	9.731393	2.122427	0.725640	-35.570400	-28.353000	25.000000
9.815532	2.186276	0.785398	9.885848	2.148660	0.742689	-35.570400	-27.881600	25.000000
9.815532	2.186276	0.785398	9.719053	2.147568	0.724604	-35.570400	-26.783900	25.000000
9.814955	2.186318	0.785310	9.823441	2.165044	0.741947	-35.570400	-26.312500	25.000000
9.814955	2.186318	0.785310	9.819369	2.165324	0.759317	-35.570400	-25.214800	25.000000
9.815532	2.186276	0.785398	9.819369	2.177669	0.750325	-35.570400	-24.743500	25.000000
9.815532	2.186276	0.785398	9.816313	2.177885	0.767856	-35.570400	-23.645800	25.000000
9.815532	2.186276	0.785398	9.700515	2.186201	0.767543	-35.570400	-23.174400	25.000000
9.815532	2.186276	0.785398	9.816313	2.177885	0.767856	-35.570400	-22.076700	25.000000
9.814377	2.186359	0.785398	9.761660	2.156979	0.794094	-34.785800	-35.726900	25.000000
9.814377	2.186359	0.785398	9.765756	2.144460	0.785398	-34.785800	-34.629200	25.000000
9.814955	2.186318	0.785486	9.659710	2.127000	0.768158	-34.785800	-34.157900	25.000000
9.814955	2.186318	0.785486	9.900000	2.111981	0.785398	-34.785800	-33.060200	25.000000
9.814955	2.186318	0.785486	9.743716	2.097733	0.743406	-34.785800	-32.588800	25.000000
9.814955	2.186318	0.785486	9.888377	2.066108	0.761013	-34.785800	-31.491100	25.000000
9.814377	2.186359	0.785398	9.859513	2.056188	0.712358	-34.785800	-31.019700	25.000000
9.814377	2.186359	0.785398	9.785704	2.060170	0.736257	-34.785800	-29.922000	25.000000
9.814955	2.186318	0.785486	9.813256	2.058676	0.687353	-34.785800	-29.450700	25.000000
9.814955	2.186318	0.785486	9.897474	2.077128	0.703614	-34.785800	-28.353000	25.000000
9.814955	2.186318	0.785486	9.697938	2.112473	0.691657	-34.785800	-27.881600	25.000000
9.814955	2.186318	0.785486	9.946356	2.085920	0.703614	-34.785800	-26.783900	25.000000
9.814377	2.186359	0.785398	9.719053	2.159892	0.715338	-34.785800	-26.312500	25.000000
9.814377	2.186359	0.785398	9.901010	2.135658	0.717705	-34.785800	-25.214800	25.000000
9.814955	2.186318	0.785486	9.879777	2.161196	0.750929	-34.785800	-24.743500	25.000000
9.814955	2.186318	0.785486	9.706699	2.173193	0.741179	-34.785800	-23.645800	25.000000
9.814955	2.186318	0.785486	9.873702	2.186204	0.767856	-34.785800	-23.174400	25.000000
9.814955	2.186318	0.785486	9.816313	2.177885	0.767856	-34.785800	-22.076700	25.000000
9.814377	2.186359	0.785398	9.873702	2.186204	0.767856	-34.785800	-20.507600	25.000000
9.814955	2.186318	0.785310	9.765756	2.144460	0.785398	-34.001300	-35.726900	25.000000
9.814955	2.186318	0.785310	9.832599	2.128045	0.802346	-34.001300	-34.629200	25.000000
9.815532	2.186276	0.785398	9.910096	2.099641	0.793662	-34.001300	-34.157900	25.000000
9.815532	2.186276	0.785398	9.714422	2.064082	0.777134	-34.001300	-33.060200	25.000000
9.815532	2.186276	0.785398	9.873702	2.032672	0.777398	-34.001300	-32.588800	25.000000
9.815532	2.186276	0.785398	9.722654	1.994797	0.713522	-34.001300	-31.491100	25.000000
9.814955	2.186318	0.785310	9.827004	1.945866	0.715744	-34.001300	-31.019700	25.000000
9.814955	2.186318	0.785310	9.808670	1.924775	0.654370	-34.001300	-29.922000	25.000000
9.815532	2.186276	0.785398	9.662298	1.930379	0.612538	-34.001300	-29.450700	25.000000
9.815532	2.186276	0.785398	9.972963	1.940111	0.632749	-34.001300	-28.353000	25.000000
9.815532	2.186276	0.785398	9.707729	2.041201	0.588003	-34.001300	-27.881600	25.000000
9.815532	2.186276	0.785398	9.942334	1.984846	0.621527	-34.001300	-26.783900	25.000000
9.814955	2.186318	0.785310	9.921693	2.075775	0.671144	-34.001300	-26.312500	25.000000
9.814955	2.186318	0.785310	9.673676	2.126103	0.638635	-34.001300	-25.214800	25.000000
9.815532	2.186276	0.785398	9.675226	2.162923	0.688359	-34.001300	-24.743500	25.000000
9.815532	2.186276	0.785398	9.954898	2.144143	0.717705	-34.001300	-23.645800	25.000000
9.815532	2.186276	0.785398	9.817332	2.190269	0.758856	-34.001300	-23.174400	25.000000
9.815532	2.186276	0.785398	9.819369	2.177669	0.750325	-34.001300	-22.076700	25.000000
9.814955	2.186318	0.785310	9.816313	2.177885	0.767856	-34.001300	-21.605300	25.000000
9.814955	2.186318	0.785310	9.817332	2.190269	0.758856	-34.001300	-20.507600	25.000000
9.814955	2.186318	0.785310	9.780082	2.119367	0.802346	-33.216800	-35.726900	25.000000
9.814955	2.186318	0.785310	9.825477	2.140537	0.793945	-33.216800	-34.629200	25.000000
9.815532	2.186276	0.785398	9.623409	2.045661	0.760610	-33.216800	-34.157900	25.000000
9.815532	2.186276	0.785398	10.035935	2.046937	0.832981	-33.216800	-33.060200	25.000000
9.815532	2.186276	0.785398	10.200980	1.910599	0.800103	-33.216800	-32.588800	25.000000
9.815532	2.186276	0.785398	9.274697	1.866188	0.697624	-33.216800	-31.491100	25.000000
9.814955	2.186318	0.785310	9.957113	1.751550	0.698660	-33.216800	-31.019700	25.000000
9.814955	2.186318	0.785310	9.578225	1.709049	0.605545	-33.216800	-29.922000	25.000000
9.815532	2.186276	0.785398	9.945295	1.755857	0.536911	-33.216800	-29.450700	25.000000
9.815532	2.186276	0.785398	9.643075	1.692427	0.561922	-33.216800	-28.353000	25.000000
9.815532	2.186276	0.785398	10.065784	1.811547	0.536911	-33.216800	-27.881600	25.000000
9.815532	2.186276	0.785398	9.687621	1.853243	0.444419	-33.216800	-26.783900	25.000000
9.814955	2.186318	0.785310	9.806630	2.047523	0.556166	-33.216800	-26.312500	25.000000
9.814955	2.186318	0.785310	9.851903	1.944871	0.488033	-33.216800	-25.214800	25.000000
9.815532	2.186276	0.785398	9.868131	2.137771	0.674741	-33.216800	-24.743500	25.000000
9.815532	2.186276	0.785398	9.850888	2.103157	0.601074	-33.216800	-23.645800	25.000000
9.815532	2.186276	0.785398	9.885848	2.173008	0.724604	-33.216800	-23.174400	25.000000
9.815532	2.186276	0.785398	9.725225	2.184406	0.696349	-33.216800	-22.076700	25.000000
9.814955	2.186318	0.785310	9.873702	2.186204	0.767856	-33.216800	-21.605300	25.000000
9.814955	2.186318	0.785310	9.759611	2.181926	0.758856	-33.216800	-20.507600	25.000000
9.815532	2.186276	0.785398	9.873702	2.186204	0.767856	-33.216800	-18.938600	25.000000
9.814377	2.186359	0.785398	9.802551	2.094245	0.818719	-32.432200	-35.726900	25.000000
9.814377	2.186359	0.785398	9.712878	2.135744	0.802638	-32.432200	-34.629200	25.000000
9.814955	2.186318	0.785486	10.131634	1.965932	0.845930	-32.432200	-34.157900	25.000000
9.814955	2.186318	0.785486	9.360556	2.024178	0.776995	-32.432200	-33.060200	25.000000
9.814955	2.186318	0.785486	9.819043	1.834562	0.815240	-32.432200	-32.588800	25.000000
9.814955	2.186318	0.785486	9.862028	1.635737	0.735081	-32.432200	-31.491100	25.000000
9.814377	2.186359	0.785398	9.898000	1.880853	0.717832	-32.432200	-31.019700	25.000000
9.814377	2.186359	0.785398	9.717618	1.685272	0.697391	-32.432200	-29.922000	25.000000
9.814955	2.186318	0.785486	9.664885	2.043456	0.678371	-32.432200	-29.450700	25.000000
9.814955	2.186318	0.785486	10.006998	1.992936	0.746658	-32.432200	-28.353000	25.000000
9.814955	2.186318	0.785486	9.577578	2.144724	0.670857	-32.432200	-27.881600	25.000000
9.814955	2.186318	0.785486	10.024470	2.175610	0.682317	-32.432200	-26.783900	25.000000
9.814377	2.186359	0.785398	9.497895	2.052467	0.415812	-32.432200	-26.312500	25.000000
9.814377	2.186359	0.785398	10.247439	2.069364	0.643501	-32.432200	-25.214800	25.000000
9.814955	2.186318	0.785486	10.060318	2.001469	0.527287	-32.432200	-24.743500	25.000000
9.814955	2.186318	0.785486	9.565041	2.096507	0.463648	-32.432200	-23.645800	25.000000
9.814955	2.186318	0.785486	9.898485	2.135820	0.641109	-32.432200	-23.174400	25.000000
9.814955	2.186318	0.785486	9.800510	2.179006	0.670857	-32.432200	-22.076700	25.000000
9.814377	2.186359	0.785398	9.824459	2.177309	0.732815	-32.432200	-21.605300	25.000000
9.814377	2.186359	0.785398	9.763708	2.181632	0.741179	-32.432200	-20.507600	25.000000
9.814955	2.186318	0.785486	9.759611	2.181926	0.758856	-32.432200	-20.036300	25.000000
9.814955	2.186318	0.785486	9.873702	2.186204	0.767856	-32.432200	-18.938600	25.000000
9.814955	2.186318	0.785486	9.873702	2.186204	0.767856	-32.432200	-17.369500	25.000000
9.814955	2.186318	0.785310	9.960924	2.120037	0.835357	-31.647700	-35.726900	25.000000
9.814955	2.186318	0.785310	9.689685	2.089059	0.810603	-31.647700	-34.629200	25.000000
9.815532	2.186276	0.785398	10.388936	1.924658	0.894453	-31.647700	-34.157900	25.000000
9.815532	2.186276	0.785398	9.207063	1.949032	0.793662	-31.647700	-33.060200	25.000000
9.815532	2.186276	0.785398	10.059205	1.694381	0.835003	-31.647700	-32.588800	25.000000
9.815532	2.186276	0.785398	9.639793	1.710255	0.792805	-31.647700	-31.491100	25.000000
9.814955	2.186318	0.785310	10.718209	2.164935	0.945311	-31.647700	-31.019700	25.000000
9.814955	2.186318	0.785310	8.709765	2.224981	0.547864	-31.647700	-29.922000	25.000000
9.815532	2.186276	0.785398	9.358419	2.500458	1.243396	-31.647700	-29.450700	25.000000
9.815532	2.186276	0.785398	10.119412	2.515501	1.069431	-31.647700	-28.353000	25.000000
9.815532	2.186276	0.785398	10.220866	2.535444	1.364981	-31.647700	-27.881600	25.000000
9.815532	2.186276	0.785398	9.418896	2.424628	1.214295	-31.647700	-26.783900	25.000000
9.814955	2.186318	0.785310	10.326684	2.488255	1.332773	-31.647700	-26.312500	25.000000
9.814955	2.186318	0.785310	9.366237	2.683366	1.307084	-31.647700	-25.214800	25.000000
9.815532	2.186276	0.785398	11.080162	2.111143	0.859887	-31.647700	-24.743500	25.000000
9.815532	2.186276	0.785398	8.287943	2.312683	0.368349	-31.647700	-23.645800	25.000000
9.815532	2.186276	0.785398	9.946356	2.097512	0.578325	-31.647700	-23.174400	25.000000
9.815532	2.186276	0.785398	9.585927	2.144161	0.491418	-31.647700	-22.076700	25.000000
9.814955	2.186318	0.785310	9.715966	2.185077	0.714091	-31.647700	-21.605300	25.000000
9.814955	2.186318	0.785310	9.851903	2.175378	0.680521	-31.647700	-20.507600	25.000000
9.815532	2.186276	0.785398	9.761660	2.194342	0.749699	-31.647700	-20.036300	25.000000
9.815532	2.186276	0.785398	9.819369	2.177669	0.750325	-31.647700	-18.938600	25.000000
9.815532	2.186276	0.785398	9.873702	2.186204	0.767856	-31.647700	-18.467200	25.000000
9.815532	2.186276	0.785398	9.873702	2.186204	0.767856	-31.647700	-17.369500	25.000000
9.814955	2.186318	0.785310	9.768316	2.072759	0.826697	-30.863200	-35.726900	25.000000
9.814955	2.186318	0.785310	9.909087	2.111430	0.835357	-30.863200	-34.629200	25.000000
9.815532	2.186276	0.785398	9.364828	1.965373	0.850878	-30.863200	-34.157900	25.000000
9.815532	2.186276	0.785398	10.242558	1.797281	0.913268	-30.863200	-33.060200	25.000000
9.815532	2.186276	0.785398	9.994498	1.971661	0.831519	-30.863200	-32.588800	25.000000
9.815532	2.186276	0.785398	9.565041	1.686053	0.859887	-30.863200	-31.491100	25.000000
9.814955	2.186318	0.785310	11.158405	2.624580	1.180189	-30.863200	-31.019700	25.000000
9.814955	2.186318	0.785310	8.173738	2.260338	0.256517	-30.863200	-29.922000	25.000000
9.815532	2.186276	0.785398	10.901835	2.731984	2.359452	-30.863200	-29.450700	25.000000
9.815532	2.186276	0.785398	8.597052	2.927075	3.152521	-30.863200	-28.353000	25.000000
9.815532	2.186276	0.785398	10.102475	2.295888	1.921827	-30.863200	-27.881600	25.000000
9.815532	2.186276	0.785398	9.493155	2.464678	2.308611	-30.863200	-26.783900	25.000000
9.814955	2.186318	0.785310	9.798980	2.381200	2.047688	-30.863200	-26.312500	25.000000
9.814955	2.186318	0.785310	9.845303	2.436860	2.422763	-30.863200	-25.214800	25.000000
9.815532	2.186276	0.785398	11.185276	2.246982	1.981106	-30.863200	-24.743500	25.000000
9.815532	2.186276	0.785398	8.145944	2.494671	1.277389	-30.863200	-23.645800	25.000000
9.815532	2.186276	0.785398	9.224966	2.209566	0.602983	-30.863200	-23.174400	25.000000
9.815532	2.186276	0.785398	10.292716	2.111719	0.616297	-30.863200	-22.076700	25.000000
9.814955	2.186318	0.785310	9.940322	2.157119	0.648332	-30.863200	-21.605300	25.000000
9.814955	2.186318	0.785310	9.664885	2.188810	0.577440	-30.863200	-20.507600	25.000000
9.815532	2.186276	0.785398	9.827512	2.189530	0.723530	-30.863200	-20.036300	25.000000
9.815532	2.186276	0.785398	9.881801	2.185624	0.732815	-30.863200	-18.938600	25.000000
9.815532	2.186276	0.785398	9.759611	2.181926	0.758856	-30.863200	-18.467200	25.000000
9.815532	2.186276	0.785398	9.873702	2.186204	0.767856	-30.863200	-17.369500	25.000000
9.814377	2.186359	0.785398	9.731393	2.110406	0.819283	-30.078600	-35.726900	25.000000
9.814377	2.186359	0.785398	9.897474	2.077128	0.867183	-30.078600	-34.629200	25.000000
9.814955	2.186318	0.785486	9.906563	1.753509	0.945774	-30.078600	-34.157900	25.000000
9.814955	2.186318	0.785486	9.675743	1.952028	0.911706	-30.078600	-33.060200	25.000000
9.814955	2.186318	0.785486	11.067068	1.979670	1.010109	-30.078600	-32.588800	25.000000
9.814955	2.186318	0.785486	8.360622	2.153398	0.663556	-30.078600	-31.491100	25.000000
9.814377	2.186359	0.785398	10.136074	2.847198	5.328686	-30.078600	-31.019700	25.000000
9.814377	2.186359	0.785398	9.406997	2.195271	0.707489	-30.078600	-29.922000	25.000000
9.814955	2.186318	0.785486	9.014433	2.344626	4.297314	-30.078600	-29.450700	25.000000
9.814955	2.186318	0.785486	10.447966	2.572275	3.034857	-30.078600	-28.353000	25.000000
9.814955	2.186318	0.785486	10.863038	2.049103	2.968602	-30.078600	-27.881600	25.000000
9.814955	2.186318	0.785486	8.625433	2.027016	2.731105	-30.078600	-26.783900	25.000000
9.814377	2.186359	0.785398	10.624500	1.977205	2.370686	-30.078600	-26.312500	25.000000
9.814377	2.186359	0.785398	8.923564	2.023107	2.605447	-30.078600	-25.214800	25.000000
9.814955	2.186318	0.785486	10.418253	1.954484	2.691833	-30.078600	-24.743500	25.000000
9.814955	2.186318	0.785486	9.196195	2.020793	2.313485	-30.078600	-23.645800	25.000000
9.814955	2.186318	0.785486	12.736169	2.026053	1.028878	-30.078600	-23.174400	25.000000
9.814955	2.186318	0.785486	5.269725	2.558853	1.570796	-30.078600	-22.076700	25.000000
9.814377	2.186359	0.785398	10.016986	2.128337	0.489957	-30.078600	-21.605300	25.000000
9.814377	2.186359	0.785398	9.516302	2.199954	0.486899	-30.078600	-20.507600	25.000000
9.814955	2.186318	0.785486	9.909087	2.183681	0.680521	-30.078600	-20.036300	25.000000
9.814955	2.186318	0.785486	9.773945	2.193438	0.714091	-30.078600	-18.938600	25.000000
9.814955	2.186318	0.785486	9.759611	2.181926	0.758856	-30.078600	-18.467200	25.000000
9.814955	2.186318	0.785486	9.817332	2.190269	0.758856	-30.078600	-17.369500	25.000000
9.814955	2.186318	0.785310	9.642614	2.091845	0.853091	-29.294100	-35.726900	25.000000
9.814955	2.186318	0.785310	9.967949	2.119606	0.851966	-29.294100	-34.629200	25.000000
9.815532	2.186276	0.785398	8.883130	1.832698	0.934288	-29.294100	-34.157900	25.000000
9.815532	2.186276	0.785398	10.600472	1.897307	0.991081	-29.294100	-33.060200	25.000000
9.815532	2.186276	0.785398	11.407015	2.187797	1.126377	-29.294100	-32.588800	25.000000
9.815532	2.186276	0.785398	7.847293	2.329712	0.534395	-29.294100	-31.491100	25.000000
9.814955	2.186318	0.785310	9.510520	2.323280	5.436639	-29.294100	-31.019700	25.000000
9.814955	2.186318	0.785310	10.028779	2.684677	0.942665	-29.294100	-29.922000	25.000000
9.815532	2.186276	0.785398	7.513880	2.411762	5.714007	-29.294100	-29.450700	25.000000
9.815532	2.186276	0.785398	11.040928	1.902929	3.742350	-29.294100	-28.353000	25.000000
9.815532	2.186276	0.785398	10.577911	1.598215	3.323223	-29.294100	-27.881600	25.000000
9.815532	2.186276	0.785398	8.958956	1.596472	3.424494	-29.294100	-26.783900	25.000000
9.814955	2.186318	0.785310	8.608584	1.665145	2.413981	-29.294100	-26.312500	25.000000
9.814955	2.186318	0.785310	10.934823	1.519012	2.492597	-29.294100	-25.214800	25.000000
9.815532	2.186276	0.785398	9.482761	1.551708	2.682662	-29.294100	-24.743500	25.000000
9.815532	2.186276	0.785398	10.171112	1.574631	2.616349	-29.294100	-23.645800	25.000000
9.815532	2.186276	0.785398	11.365685	1.858039	1.568961	-29.294100	-23.174400	25.000000
9.815532	2.186276	0.785398	7.805338	1.690229	2.235461	-29.294100	-22.076700	25.000000
9.814955	2.186318	0.785310	9.886354	2.185299	0.546789	-29.294100	-21.605300	25.000000
9.814955	2.186318	0.785310	9.798980	2.142271	0.621660	-29.294100	-20.507600	25.000000
9.815532	2.186276	0.785398	9.739096	2.208731	0.612820	-29.294100	-20.036300	25.000000
9.815532	2.186276	0.785398	9.866104	2.199221	0.661043	-29.294100	-18.938600	25.000000
9.815532	2.186276	0.785398	9.934787	2.194206	0.750325	-29.294100	-18.467200	25.000000
9.815532	2.186276	0.785398	9.706699	2.198420	0.740384	-29.294100	-17.369500	25.000000
9.814955	2.186318	0.785310	9.817332	2.190269	0.758856	-29.294100	-16.898100	25.000000
9.814955	2.186318	0.785310	9.817332	2.190269	0.758856	-29.294100	-15.800400	25.000000
9.814955	2.186318	0.785310	9.901010	2.135658	0.853091	-28.509600	-35.726900	25.000000
9.814955	2.186318	0.785310	9.642614	2.091845	0.853091	-28.509600	-34.629200	25.000000
9.815532	2.186276	0.785398	10.273753	1.836725	1.030377	-28.509600	-34.157900	25.000000
9.815532	2.186276	0.785398	9.341306	1.954848	0.941151	-28.509600	-33.060200	25.000000
9.815532	2.186276	0.785398	9.826495	2.057961	0.899652	-28.509600	-32.588800	25.000000
9.815532	2.186276	0.785398	9.715966	2.814234	0.694738	-28.509600	-31.491100	25.000000
9.814955	2.186318	0.785310	10.345463	2.786485	2.768830	-28.509600	-31.019700	25.000000
9.814955	2.186318	0.785310	8.876689	2.253465	5.503947	-28.509600	-29.922000	25.000000
9.815532	2.186276	0.785398	12.355808	1.973295	5.169742	-28.509600	-29.450700	25.000000
9.815532	2.186276	0.785398	3.804589	1.518204	2.792372	-28.509600	-28.353000	25.000000
9.815532	2.186276	0.785398	10.276673	1.192035	3.904772	-28.509600	-27.881600	25.000000
9.815532	2.186276	0.785398	9.309135	1.219891	3.764502	-28.509600	-26.783900	25.000000
9.814955	2.186318	0.785310	11.515642	1.062952	2.677945	-28.509600	-26.312500	25.000000
9.814955	2.186318	0.785310	7.759510	1.173830	2.565217	-28.509600	-25.214800	25.000000
9.815532	2.186276	0.785398	10.141499	1.270489	2.363494	-28.509600	-24.743500	25.000000
9.815532	2.186276	0.785398	9.432921	1.167727	2.662482	-28.509600	-23.645800	25.000000
9.815532	2.186276	0.785398	7.453355	1.221616	2.325901	-28.509600	-23.174400	25.000000
9.815532	2.186276	0.785398	11.654167	1.366883	1.995248	-28.509600	-22.076700	25.000000
9.814955	2.186318	0.785310	11.795762	2.174871	0.602287	-28.509600	-21.605300	25.000000
9.814955	2.186318	0.785310	7.193052	1.838112	1.308337	-28.509600	-20.507600	25.000000
9.815532	2.186276	0.785398	10.131140	2.204624	0.540420	-28.509600	-20.036300	25.000000
9.815532	2.186276	0.785398	9.497895	2.241057	0.535811	-28.509600	-18.938600	25.000000
9.815532	2.186276	0.785398	9.885848	2.197771	0.723530	-28.509600	-18.467200	25.000000
9.815532	2.186276	0.785398	9.719053	2.210261	0.712799	-28.509600	-17.369500	25.000000
9.814955	2.186318	0.785310	9.702577	2.198729	0.758378	-28.509600	-16.898100	25.000000
9.814955	2.186318	0.785310	9.931767	2.194425	0.767856	-28.509600	-15.800400	25.000000
9.814377	2.186359	0.785398	10.073728	2.136545	0.851966	-27.725000	-35.726900	25.000000
9.814377	2.186359	0.785398	9.667988	2.126468	0.837076	-27.725000	-34.629200	25.000000
9.814955	2.186318	0.785486	10.572606	1.948598	1.025141	-27.725000	-34.157900	25.000000
9.814955	2.186318	0.785486	8.983318	1.923125	0.979504	-27.725000	-33.060200	25.000000
9.814955	2.186318	0.785486	10.944405	2.855643	0.434670	-27.725000	-32.588800	25.000000
9.814955	2.186318	0.785486	8.389279	2.095133	0.668289	-27.725000	-31.491100	25.000000
9.814377	2.186359	0.785398	9.326328	2.228338	4.989572	-27.725000	-31.019700	25.000000
9.814377	2.186359	0.785398	9.741278	2.449511	2.674348	-27.725000	-29.922000	25.000000
9.814955	2.186318	0.785486	12.428455	1.503158	4.714808	-27.725000	-29.450700	25.000000
9.814955	2.186318	0.785486	4.504187	2.396274	0.098366	-27.725000	-28.353000	25.000000
9.814955	2.186318	0.785486	11.793850	0.892528	4.270170	-27.725000	-27.881600	25.000000
9.814955	2.186318	0.785486	7.309200	1.055802	4.573604	-27.725000	-26.783900	25.000000
9.814377	2.186359	0.785398	11.100432	0.640544	2.777882	-27.725000	-26.312500	25.000000
9.814377	2.186359	0.785398	8.269680	0.605389	3.090573	-27.725000	-25.214800	25.000000
9.814955	2.186318	0.785486	9.282241	0.895858	2.453921	-27.725000	-24.743500	25.000000
9.814955	2.186318	0.785486	10.309219	0.996549	2.274410	-27.725000	-23.645800	25.000000
9.814955	2.186318	0.785486	9.291932	0.854649	2.406657	-27.725000	-23.174400	25.000000
9.814955	2.186318	0.785486	10.317461	1.064873	1.945130	-27.725000	-22.076700	25.000000
9.814377	2.186359	0.785398	13.250660	1.853790	1.166937	-27.725000	-21.605300	25.000000
9.814377	2.186359	0.785398	3.722486	1.879224	0.705568	-27.725000	-20.507600	25.000000
9.814955	2.186318	0.785486	9.706699	2.263648	0.457660	-27.725000	-20.036300	25.000000
9.814955	2.186318	0.785486	9.986992	2.240569	0.435084	-27.725000	-18.938600	25.000000
9.814955	2.186318	0.785486	9.687621	2.225627	0.674741	-27.725000	-18.467200	25.000000
9.814955	2.186318	0.785486	9.891916	2.209863	0.714091	-27.725000	-17.369500	25.000000
9.814377	2.186359	0.785398	9.817332	2.190269	0.758856	-27.725000	-16.898100	25.000000
9.814377	2.186359	0.785398	9.761660	2.207019	0.758378	-27.725000	-15.800400	25.000000
9.814955	2.186318	0.785310	9.891916	2.148260	0.845156	-26.940500	-35.726900	25.000000
9.814955	2.186318	0.785310	9.664885	2.138895	0.846193	-26.940500	-34.629200	25.000000
9.815532	2.186276	0.785398	9.869650	1.933307	1.048962	-26.940500	-34.157900	25.000000
9.815532	2.186276	0.785398	9.754999	2.061847	0.950547	-26.940500	-33.060200	25.000000
9.815532	2.186276	0.785398	11.502174	2.415365	0.766882	-26.940500	-32.588800	25.000000
9.815532	2.186276	0.785398	7.710383	2.365026	0.037020	-26.940500	-31.491100	25.000000
9.814955	2.186318	0.785310	11.097842	1.939526	4.139659	-26.940500	-31.019700	25.000000
9.814955	2.186318	0.785310	6.913762	2.422074	0.503901	-26.940500	-29.922000	25.000000
9.815532	2.186276	0.785398	3.415993	2.026383	3.473652	-26.940500	-29.450700	25.000000
9.815532	2.186276	0.785398	13.081329	1.446714	4.439380	-26.940500	-28.353000	25.000000
9.815532	2.186276	0.785398	8.186134	1.336560	4.969917	-26.940500	-27.881600	25.000000
9.815532	2.186276	0.785398	11.073930	0.573863	4.388903	-26.940500	-26.783900	25.000000
9.814955	2.186318	0.785310	8.946116	0.279074	3.308743	-26.940500	-26.312500	25.000000
9.814955	2.186318	0.785310	10.664469	0.223169	3.858031	-26.940500	-25.214800	25.000000
9.815532	2.186276	0.785398	9.899495	0.629840	2.111216	-26.940500	-24.743500	25.000000
9.815532	2.186276	0.785398	9.633795	0.787176	2.179121	-26.940500	-23.645800	25.000000
9.815532	2.186276	0.785398	8.672946	0.688001	2.083186	-26.940500	-23.174400	25.000000
9.815532	2.186276	0.785398	10.742905	0.885405	1.888745	-26.940500	-22.076700	25.000000
9.814955	2.186318	0.785310	12.513487	1.750042	1.205372	-26.940500	-21.605300	25.000000
9.814955	2.186318	0.785310	5.931829	1.217746	1.260409	-26.940500	-20.507600	25.000000
9.815532	2.186276	0.785398	9.037699	2.239063	0.865228	-26.940500	-20.036300	25.000000
9.815532	2.186276	0.785398	10.489519	2.215047	0.684052	-26.940500	-18.938600	25.000000
9.815532	2.186276	0.785398	9.798469	2.229814	0.684821	-26.940500	-18.467200	25.000000
9.815532	2.186276	0.785398	9.792855	2.243245	0.627837	-26.940500	-17.369500	25.000000
9.814955	2.186318	0.785310	9.820387	2.202609	0.749699	-26.940500	-16.898100	25.000000
9.814955	2.186318	0.785310	9.765756	2.206709	0.740384	-26.940500	-15.800400	25.000000
9.814955	2.186318	0.785310	9.767804	2.156561	0.828849	-26.156000	-35.726900	25.000000
9.814955	2.186318	0.785310	9.884837	2.160853	0.837076	-26.156000	-34.629200	25.000000
9.815532	2.186276	0.785398	10.084146	2.022311	1.013365	-26.156000	-34.157900	25.000000
9.815532	2.186276	0.785398	9.468896	2.090199	0.932161	-26.156000	-33.060200	25.000000
9.815532	2.186276	0.785398	7.690904	2.133054	0.807134	-26.156000	-32.588800	25.000000
9.815532	2.186276	0.785398	11.496956	2.236426	0.667833	-26.156000	-31.491100	25.000000
9.814955	2.186318	0.785310	13.376711	1.970055	5.123034	-26.156000	-31.019700	25.000000
9.814955	2.186318	0.785310	2.295997	2.070419	3.842684	-26.156000	-29.922000	25.000000
9.815532	2.186276	0.785398	9.027735	1.581874	4.634767	-26.156000	-29.450700	25.000000
9.815532	2.186276	0.785398	10.383159	1.046261	3.745026	-26.156000	-28.353000	25.000000
9.815532	2.186276	0.785398	6.642560	0.718610	3.807048	-26.156000	-27.881600	25.000000
9.815532	2.186276	0.785398	12.144221	0.873326	4.754300	-26.156000	-26.783900	25.000000
9.814955	2.186318	0.785310	9.627736	0.261670	4.841226	-26.156000	-26.312500	25.000000
9.814955	2.186318	0.785310	10.035417	0.217030	4.851668	-26.156000	-25.214800	25.000000
9.815532	2.186276	0.785398	9.271683	0.550894	1.822771	-26.156000	-24.743500	25.000000
9.815532	2.186276	0.785398	10.349802	0.382983	1.758050	-26.156000	-23.645800	25.000000
9.815532	2.186276	0.785398	9.437738	0.634653	1.755925	-26.156000	-23.174400	25.000000
9.815532	2.186276	0.785398	10.116323	0.792825	1.612439	-26.156000	-22.076700	25.000000
9.814955	2.186318	0.785310	10.661993	1.656250	1.174557	-26.156000	-21.605300	25.000000
9.814955	2.186318	0.785310	8.862443	1.073222	1.350735	-26.156000	-20.507600	25.000000
9.815532	2.186276	0.785398	6.088514	2.183221	0.671606	-26.156000	-20.036300	25.000000
9.815532	2.186276	0.785398	12.479583	2.045130	1.062823	-26.156000	-18.938600	25.000000
9.815532	2.186276	0.785398	10.020479	2.263594	0.591600	-26.156000	-18.467200	25.000000
9.815532	2.186276	0.785398	9.615612	2.271538	0.591776	-26.156000	-17.369500	25.000000
9.814955	2.186318	0.785310	9.825477	2.214897	0.740384	-26.156000	-16.898100	25.000000
9.814955	2.186318	0.785310	9.879777	2.198216	0.741179	-26.156000	-15.800400	25.000000
9.814377	2.186359	0.785398	9.935794	2.169557	0.819867	-25.371400	-35.726900	25.000000
9.814377	2.186359	0.785398	9.706699	2.173193	0.829617	-25.371400	-34.629200	25.000000
9.814955	2.186318	0.785486	9.921189	2.087357	0.966718	-25.371400	-34.157900	25.000000
9.814955	2.186318	0.785486	9.814785	2.129176	0.896055	-25.371400	-33.060200	25.000000
9.814955	2.186318	0.785486	10.707941	2.035620	1.008875	-25.371400	-32.588800	25.000000
9.814955	2.186318	0.785486	8.936442	2.047436	1.028217	-25.371400	-31.491100	25.000000
9.814377	2.186359	0.785398	10.217632	1.492420	5.525558	-25.371400	-31.019700	25.000000
9.814377	2.186359	0.785398	9.392550	2.335105	5.633785	-25.371400	-29.922000	25.000000
9.814955	2.186318	0.785486	12.965435	1.249048	4.716454	-25.371400	-29.450700	25.000000
9.814955	2.186318	0.785486	3.875887	0.302414	6.196447	-25.371400	-28.353000	25.000000
9.814955	2.186318	0.785486	10.049005	0.460993	4.077836	-25.371400	-27.881600	25.000000
9.814955	2.186318	0.785486	9.526935	0.760832	4.567263	-25.371400	-26.783900	25.000000
9.814377	2.186359	0.785398	10.413630	0.246048	5.400060	-25.371400	-26.312500	25.000000
9.814377	2.186359	0.785398	9.116935	0.264449	4.851319	-25.371400	-25.214800	25.000000
9.814955	2.186318	0.785486	9.470924	0.502531	1.169934	-25.371400	-24.743500	25.000000
9.814955	2.186318	0.785486	10.209584	0.317279	0.954926	-25.371400	-23.645800	25.000000
9.814955	2.186318	0.785486	9.976973	0.750006	1.272297	-25.371400	-23.174400	25.000000
9.814955	2.186318	0.785486	9.629642	0.661243	1.243698	-25.371400	-22.076700	25.000000
9.814377	2.186359	0.785398	8.627862	1.477940	1.138389	-25.371400	-21.605300	25.000000
9.814377	2.186359	0.785398	10.885311	1.083180	1.275355	-25.371400	-20.507600	25.000000
9.814955	2.186318	0.785486	6.730527	2.207200	0.438859	-25.371400	-20.036300	25.000000
9.814955	2.186318	0.785486	11.960769	1.832970	1.207973	-25.371400	-18.938600	25.000000
9.814955	2.186318	0.785486	10.056838	2.313330	0.554307	-25.371400	-18.467200	25.000000
9.814955	2.186318	0.785486	9.479451	2.297749	0.533156	-25.371400	-17.369500	25.000000
9.814377	2.186359	0.785398	9.839715	2.226571	0.712799	-25.371400	-16.898100	25.000000
9.814377	2.186359	0.785398	9.765756	2.206709	0.740384	-25.371400	-15.800400	25.000000
9.814955	2.186318	0.785310	9.762684	2.169255	0.820471	-24.586900	-35.726900	25.000000
9.814955	2.186318	0.785310	9.816313	2.177885	0.802940	-24.586900	-34.629200	25.000000
9.815532	2.186276	0.785398	9.900000	2.147728	0.862170	-24.586900	-34.157900	25.000000
9.815532	2.186276	0.785398	9.657122	2.127167	0.915101	-24.586900	-33.060200	25.000000
9.815532	2.186276	0.785398	9.403723	2.045715	1.112496	-24.586900	-32.588800	25.000000
9.815532	2.186276	0.785398	10.253780	2.025129	1.121711	-24.586900	-31.491100	25.000000
9.814955	2.186318	0.785310	7.087940	2.505096	0.078410	-24.586900	-31.019700	25.000000
9.814955	2.186318	0.785310	11.881755	1.782787	0.233703	-24.586900	-29.922000	25.000000
9.815532	2.186276	0.785398	8.791365	0.753754	0.374334	-24.586900	-29.450700	25.000000
9.815532	2.186276	0.785398	10.133158	1.722365	5.269930	-24.586900	-28.353000	25.000000
9.815532	2.186276	0.785398	10.851088	0.320069	5.068417	-24.586900	-27.881600	25.000000
9.815532	2.186276	0.785398	8.768124	0.646252	5.142151	-24.586900	-26.783900	25.000000
9.814955	2.186318	0.785310	9.564962	0.116614	5.567737	-24.586900	-26.312500	25.000000
9.814955	2.186318	0.785310	10.003164	0.284877	5.964809	-24.586900	-25.214800	25.000000
9.815532	2.186276	0.785398	10.791663	0.584520	0.856706	-24.586900	-24.743500	25.000000
9.815532	2.186276	0.785398	8.698276	0.615900	0.543832	-24.586900	-23.645800	25.000000
9.815532	2.186276	0.785398	9.888377	0.853516	0.870903	-24.586900	-23.174400	25.000000
9.815532	2.186276	0.785398	9.768316	0.869849	0.889779	-24.586900	-22.076700	25.000000
9.814955	2.186318	0.785310	10.724738	1.258022	1.146602	-24.586900	-21.605300	25.000000
9.814955	2.186318	0.785310	8.714356	1.028167	1.005095	-24.586900	-20.507600	25.000000
9.815532	2.186276	0.785398	9.318932	1.447076	1.194306	-24.586900	-20.036300	25.000000
9.815532	2.186276	0.785398	10.226749	2.147935	0.843185	-24.586900	-18.938600	25.000000
9.815532	2.186276	0.785398	9.971961	2.348954	0.564569	-24.586900	-18.467200	25.000000
9.815532	2.186276	0.785398	9.677810	2.335475	0.508489	-24.586900	-17.369500	25.000000
9.814955	2.186318	0.785310	9.666954	2.227269	0.711459	-24.586900	-16.898100	25.000000
9.814955	2.186318	0.785310	9.962931	2.242483	0.712799	-24.586900	-15.800400	25.000000
9.814955	2.186318	0.785310	9.759611	2.181926	0.811941	-23.802400	-35.726900	25.000000
9.814955	2.186318	0.785310	9.932774	2.182005	0.811479	-23.802400	-34.629200	25.000000
9.815532	2.186276	0.785398	9.946859	2.156683	0.845156	-23.802400	-34.157900	25.000000
9.815532	2.186276	0.785398	9.664885	2.163642	0.864876	-23.802400	-33.060200	25.000000
9.815532	2.186276	0.785398	9.373367	2.059425	1.134169	-23.802400	-32.588800	25.000000
9.815532	2.186276	0.785398	10.265476	2.101978	1.010999	-23.802400	-31.491100	25.000000
9.814955	2.186318	0.785310	7.406754	2.387750	0.384169	-23.802400	-31.019700	25.000000
9.814955	2.186318	0.785310	11.795762	2.036794	0.765267	-23.802400	-29.922000	25.000000
9.815532	2.186276	0.785398	8.680904	2.163611	0.533273	-23.802400	-29.450700	25.000000
9.815532	2.186276	0.785398	10.560346	1.210810	6.043115	-23.802400	-28.353000	25.000000
9.815532	2.186276	0.785398	10.989795	0.595192	5.893638	-23.802400	-27.881600	25.000000
9.815532	2.186276	0.785398	8.370072	1.072542	6.020393	-23.802400	-26.783900	25.000000
9.814955	2.186318	0.785310	9.670491	0.427549	0.069886	-23.802400	-26.312500	25.000000
9.814955	2.186318	0.785310	9.960266	0.418671	0.156217	-23.802400	-25.214800	25.000000
9.815532	2.186276	0.785398	8.469357	0.731972	0.558599	-23.802400	-24.743500	25.000000
9.815532	2.186276	0.785398	10.985900	0.856103	0.862170	-23.802400	-23.645800	25.000000
9.815532	2.186276	0.785398	9.833107	1.072446	0.736257	-23.802400	-23.174400	25.000000
9.815532	2.186276	0.785398	9.912114	0.982582	0.682317	-23.802400	-22.076700	25.000000
9.814955	2.186318	0.785310	8.654479	1.129044	0.957976	-23.802400	-21.605300	25.000000
9.814955	2.186318	0.785310	10.774507	1.045831	0.899405	-23.802400	-20.507600	25.000000
9.815532	2.186276	0.785398	7.158135	1.829320	0.652171	-23.802400	-20.036300	25.000000
9.815532	2.186276	0.785398	11.925183	1.621131	1.155982	-23.802400	-18.938600	25.000000
9.815532	2.186276	0.785398	9.811218	2.336555	0.584081	-23.802400	-18.467200	25.000000
9.815532	2.186276	0.785398	9.874209	2.358759	0.560121	-23.802400	-17.369500	25.000000
9.814955	2.186318	0.785310	9.617692	2.244456	0.710069	-23.802400	-16.898100	25.000000
9.814955	2.186318	0.785310	9.966945	2.255043	0.721266	-23.802400	-15.800400	25.000000
9.814377	2.186359	0.785398	9.873702	2.186204	0.802940	-23.017800	-35.726900	25.000000
9.814377	2.186359	0.785398	9.816313	2.177885	0.802940	-23.017800	-34.629200	25.000000
9.814955	2.186318	0.785486	9.763708	2.181632	0.829617	-23.017800	-34.157900	25.000000
9.814955	2.186318	0.785486	9.885848	2.173008	0.846193	-23.017800	-33.060200	25.000000
9.814955	2.186318	0.785486	9.394147	2.157401	0.957976	-23.017800	-32.588800	25.000000
9.814955	2.186318	0.785486	10.177426	2.130088	0.966718	-23.017800	-31.491100	25.000000
9.814377	2.186359	0.785398	10.301942	2.317855	0.451814	-23.017800	-31.019700	25.000000
9.814377	2.186359	0.785398	9.323626	2.162436	0.997130	-23.017800	-29.922000	25.000000
9.814955	2.186318	0.785486	11.419387	1.755747	0.241089	-23.017800	-29.450700	25.000000
9.814955	2.186318	0.785486	7.805825	2.093964	6.064035	-23.017800	-28.353000	25.000000
9.814955	2.186318	0.785486	8.374783	1.378565	6.003019	-23.017800	-27.881600	25.000000
9.814955	2.186318	0.785486	11.006451	1.227953	0.226990	-23.017800	-26.783900	25.000000
9.814377	2.186359	0.785398	10.470057	0.785864	0.288870	-23.017800	-26.312500	25.000000
9.814377	2.186359	0.785398	9.069735	0.818123	0.077119	-23.017800	-25.214800	25.000000
9.814955	2.186318	0.785486	10.401923	0.806291	0.728855	-23.017800	-24.743500	25.000000
9.814955	2.186318	0.785486	9.197282	1.008931	0.821746	-23.017800	-23.645800	25.000000
9.814955	2.186318	0.785486	10.400961	0.990794	0.809784	-23.017800	-23.174400	25.000000
9.814955	2.186318	0.785486	9.202717	0.943716	0.699893	-23.017800	-22.076700	25.000000
9.814377	2.186359	0.785398	10.117806	0.935999	0.724604	-23.017800	-21.605300	25.000000
9.814377	2.186359	0.785398	9.443516	1.156668	0.850878	-23.017800	-20.507600	25.000000
9.814955	2.186318	0.785486	11.782398	1.661735	1.053764	-23.017800	-20.036300	25.000000
9.814955	2.186318	0.785486	7.343051	1.843818	0.501604	-23.017800	-18.938600	25.000000
9.814955	2.186318	0.785486	9.828021	2.378098	0.575758	-23.017800	-18.467200	25.000000
9.814955	2.186318	0.785486	9.790812	2.382077	0.563316	-23.017800	-17.369500	25.000000
9.814377	2.186359	0.785398	9.904040	2.247219	0.721266	-23.017800	-16.898100	25.000000
9.814377	2.186359	0.785398	9.709274	2.276887	0.689539	-23.017800	-15.800400	25.000000
9.814955	2.186318	0.785310	9.873702	2.186204	0.802940	-22.233300	-35.726900	25.000000
9.815532	2.186276	0.785398	9.873702	2.186204	0.802940	-22.233300	-34.157900	25.000000
9.815532	2.186276	0.785398	9.819369	2.177669	0.820471	-22.233300	-33.060200	25.000000
9.815532	2.186276	0.785398	9.667988	2.175949	0.874448	-22.233300	-32.588800	25.000000
9.815532	2.186276	0.785398	9.990996	2.153754	0.912908	-22.233300	-31.491100	25.000000
9.814955	2.186318	0.785310	9.534674	2.160201	1.056345	-22.233300	-31.019700	25.000000
9.814955	2.186318	0.785310	10.067770	2.136921	1.107149	-22.233300	-29.922000	25.000000
9.815532	2.186276	0.785398	7.072404	2.583691	5.920038	-22.233300	-29.450700	25.000000
9.815532	2.186276	0.785398	11.737513	1.630470	0.141209	-22.233300	-28.353000	25.000000
9.815532	2.186276	0.785398	8.555729	1.589498	6.038774	-22.233300	-27.881600	25.000000
9.815532	2.186276	0.785398	10.931203	1.277530	6.172106	-22.233300	-26.783900	25.000000
9.814955	2.186318	0.785310	9.812747	0.912905	0.129147	-22.233300	-26.312500	25.000000
9.814955	2.186318	0.785310	9.772492	1.160284	0.116326	-22.233300	-25.214800	25.000000
9.815532	2.186276	0.785398	9.362692	0.916250	0.813962	-22.233300	-24.743500	25.000000
9.815532	2.186276	0.785398	10.218610	0.906478	0.563869	-22.233300	-23.645800	25.000000
9.815532	2.186276	0.785398	10.141992	0.822570	0.832981	-22.233300	-23.174400	25.000000
9.815532	2.186276	0.785398	9.532051	0.929815	0.924677	-22.233300	-22.076700	25.000000
9.814955	2.186318	0.785310	9.965942	1.306854	0.814801	-22.233300	-21.605300	25.000000
9.814955	2.186318	0.785310	9.667988	0.888022	0.747680	-22.233300	-20.507600	25.000000
9.815532	2.186276	0.785398	11.396052	2.177756	0.861011	-22.233300	-20.036300	25.000000
9.815532	2.186276	0.785398	7.990620	1.545764	0.598419	-22.233300	-18.938600	25.000000
9.815532	2.186276	0.785398	9.913123	2.460282	0.556902	-22.233300	-18.467200	25.000000
9.815532	2.186276	0.785398	9.693297	2.408011	0.588003	-22.233300	-17.369500	25.000000
9.814955	2.186318	0.785310	9.897474	2.300752	0.708626	-22.233300	-16.898100	25.000000
9.814955	2.186318	0.785310	9.731393	2.248284	0.720071	-22.233300	-15.800400	25.000000
9.814955	2.186318	0.785310	9.873702	2.186204	0.802940	-21.448800	-35.726900	25.000000
9.815532	2.186276	0.785398	9.817332	2.190269	0.811941	-21.448800	-34.157900	25.000000
9.815532	2.186276	0.785398	9.824459	2.177309	0.837981	-21.448800	-32.588800	25.000000
9.815532	2.186276	0.785398	9.778037	2.180607	0.864876	-21.448800	-31.491100	25.000000
9.814955	2.186318	0.785310	10.237676	2.149572	0.976321	-21.448800	-31.019700	25.000000
9.814955	2.186318	0.785310	9.394147	2.196257	1.048393	-21.448800	-29.922000	25.000000
9.815532	2.186276	0.785398	9.878259	2.066661	0.208682	-21.448800	-29.450700	25.000000
9.815532	2.186276	0.785398	9.725739	2.171847	0.944750	-21.448800	-28.353000	25.000000
9.815532	2.186276	0.785398	11.389579	1.191234	6.160941	-21.448800	-27.881600	25.000000
9.815532	2.186276	0.785398	7.757353	2.108043	0.139245	-21.448800	-26.783900	25.000000
9.814955	2.186318	0.785310	9.987612	1.180490	0.088896	-21.448800	-26.312500	25.000000
9.814955	2.186318	0.785310	9.640975	1.037648	6.256685	-21.448800	-25.214800	25.000000
9.815532	2.186276	0.785398	9.725739	0.969745	0.626047	-21.448800	-24.743500	25.000000
9.815532	2.186276	0.785398	9.946859	1.008853	0.415812	-21.448800	-23.645800	25.000000
9.815532	2.186276	0.785398	9.879777	0.968162	0.828849	-21.448800	-23.174400	25.000000
9.815532	2.186276	0.785398	9.706699	0.993197	0.776703	-21.448800	-22.076700	25.000000
9.814955	2.186318	0.785310	7.887966	1.274915	0.606383	-21.448800	-21.605300	25.000000
9.814955	2.186318	0.785310	11.439406	1.296372	0.972718	-21.448800	-20.507600	25.000000
9.815532	2.186276	0.785398	9.014433	2.477743	0.407256	-21.448800	-20.036300	25.000000
9.815532	2.186276	0.785398	10.528533	1.849846	0.911486	-21.448800	-18.938600	25.000000
9.815532	2.186276	0.785398	9.796938	2.426966	0.652847	-21.448800	-18.467200	25.000000
9.815532	2.186276	0.785398	9.849365	2.518770	0.549374	-21.448800	-17.369500	25.000000
9.814955	2.186318	0.785310	9.716481	2.289852	0.698241	-21.448800	-16.898100	25.000000
9.814955	2.186318	0.785310	9.904040	2.260235	0.748378	-21.448800	-15.800400	25.000000
9.814955	2.186318	0.785486	9.700515	2.186201	0.803253	-20.664200	-34.157900	25.000000
9.814955	2.186318	0.785486	9.873702	2.186204	0.802940	-20.664200	-33.060200	25.000000
9.814955	2.186318	0.785486	9.761660	2.194342	0.821097	-20.664200	-32.588800	25.000000
9.814955	2.186318	0.785486	9.935794	2.169557	0.819867	-20.664200	-31.491100	25.000000
9.814377	2.186359	0.785398	9.897980	2.184470	0.872894	-20.664200	-31.019700	25.000000
9.814377	2.186359	0.785398	9.716481	2.185040	0.937370	-20.664200	-29.922000	25.000000
9.814955	2.186318	0.785486	9.729851	2.222298	1.101368	-20.664200	-29.450700	25.000000
9.814955	2.186318	0.785486	10.002500	2.189347	1.057738	-20.664200	-28.353000	25.000000
9.814955	2.186318	0.785486	10.642368	1.627205	0.315798	-20.664200	-27.881600	25.000000
9.814955	2.186318	0.785486	8.848729	2.300652	0.710271	-20.664200	-26.783900	25.000000
9.814377	2.186359	0.785398	10.300704	1.288438	0.282743	-20.664200	-26.312500	25.000000
9.814377	2.186359	0.785398	9.227535	1.500297	0.211245	-20.664200	-25.214800	25.000000
9.814955	2.186318	0.785486	9.601042	1.318144	0.555179	-20.664200	-24.743500	25.000000
9.814955	2.186318	0.785486	10.030952	1.298268	0.449760	-20.664200	-23.645800	25.000000
9.814955	2.186318	0.785486	9.822775	1.299744	0.673091	-20.664200	-23.174400	25.000000
9.814955	2.186318	0.785486	9.844923	1.329768	0.651869	-20.664200	-22.076700	25.000000
9.814377	2.186359	0.785398	8.400466	1.717986	0.691657	-20.664200	-21.605300	25.000000
9.814377	2.186359	0.785398	11.081939	1.440305	0.856247	-20.664200	-20.507600	25.000000
9.814955	2.186318	0.785486	9.722654	1.994797	0.857274	-20.664200	-20.036300	25.000000
9.814955	2.186318	0.785486	9.954396	2.575211	0.665969	-20.664200	-18.938600	25.000000
9.814955	2.186318	0.785486	9.960422	2.438769	0.752443	-20.664200	-18.467200	25.000000
9.814955	2.186318	0.785486	9.565041	2.472050	0.569313	-20.664200	-17.369500	25.000000
9.814377	2.186359	0.785398	9.788258	2.256751	0.738703	-20.664200	-16.898100	25.000000
9.814377	2.186359	0.785398	9.940322	2.296902	0.737815	-20.664200	-15.800400	25.000000
9.815532	2.186276	0.785398	9.876740	2.185986	0.820471	-19.879700	-32.588800	25.000000
9.815532	2.186276	0.785398	9.817332	2.190269	0.811941	-19.879700	-31.491100	25.000000
9.814955	2.186318	0.785310	9.712878	2.197959	0.848378	-19.879700	-31.019700	25.000000
9.814955	2.186318	0.785310	9.942837	2.181296	0.846193	-19.879700	-29.922000	25.000000
9.815532	2.186276	0.785398	9.489995	2.241717	0.986525	-19.879700	-29.450700	25.000000
9.815532	2.186276	0.785398	10.165628	2.177972	0.972827	-19.879700	-28.353000	25.000000
9.815532	2.186276	0.785398	10.136567	2.216526	1.123722	-19.879700	-27.881600	25.000000
9.815532	2.186276	0.785398	9.617692	2.244456	0.993863	-19.879700	-26.783900	25.000000
9.814955	2.186318	0.785310	8.855507	2.052160	0.595070	-19.879700	-26.312500	25.000000
9.814955	2.186318	0.785310	10.668177	1.895159	0.778405	-19.879700	-25.214800	25.000000
9.815532	2.186276	0.785398	9.772763	1.815749	0.658268	-19.879700	-24.743500	25.000000
9.815532	2.186276	0.785398	9.822021	1.816595	0.681298	-19.879700	-23.645800	25.000000
9.815532	2.186276	0.785398	9.973465	1.721768	0.641473	-19.879700	-23.174400	25.000000
9.815532	2.186276	0.785398	9.645082	1.805179	0.626445	-19.879700	-22.076700	25.000000
9.814955	2.186318	0.785310	8.623804	2.053113	0.646119	-19.879700	-21.605300	25.000000
9.814955	2.186318	0.785310	10.811568	1.794646	0.818943	-19.879700	-20.507600	25.000000
9.815532	2.186276	0.785398	10.239141	2.350662	0.921801	-19.879700	-20.036300	25.000000
9.815532	2.186276	0.785398	9.300538	2.473332	0.674741	-19.879700	-18.938600	25.000000
9.815532	2.186276	0.785398	9.850888	2.361141	0.764993	-19.879700	-18.467200	25.000000
9.815532	2.186276	0.785398	9.712878	2.453047	0.705111	-19.879700	-17.369500	25.000000
9.814955	2.186318	0.785310	9.893938	2.248039	0.757882	-19.879700	-16.898100	25.000000
9.814955	2.186318	0.785310	9.808670	2.281654	0.737815	-19.879700	-15.800400	25.000000
9.815532	2.186276	0.785398	9.816313	2.177885	0.802940	-19.095200	-32.588800	25.000000
9.815532	2.186276	0.785398	9.758586	2.194568	0.803253	-19.095200	-31.491100	25.000000
9.814955	2.186318	0.785310	9.881801	2.185624	0.837981	-19.095200	-31.019700	25.000000
9.814955	2.186318	0.785310	9.817332	2.190269	0.811941	-19.095200	-29.922000	25.000000
9.815532	2.186276	0.785398	9.960924	2.180026	0.880760	-19.095200	-29.450700	25.000000
9.815532	2.186276	0.785398	9.676260	2.226529	0.877727	-19.095200	-28.353000	25.000000
9.815532	2.186276	0.785398	9.381897	2.278629	0.975012	-19.095200	-27.881600	25.000000
9.815532	2.186276	0.785398	10.200980	2.224064	1.068494	-19.095200	-26.783900	25.000000
9.814955	2.186318	0.785310	10.030454	2.329395	1.205595	-19.095200	-26.312500	25.000000
9.814955	2.186318	0.785310	9.581753	2.330641	1.171576	-19.095200	-25.214800	25.000000
9.815532	2.186276	0.785398	9.396276	2.379932	1.107149	-19.095200	-24.743500	25.000000
9.815532	2.186276	0.785398	10.225947	2.311428	1.012197	-19.095200	-23.645800	25.000000
9.815532	2.186276	0.785398	9.880283	2.288791	0.851966	-19.095200	-23.174400	25.000000
9.815532	2.186276	0.785398	9.712878	2.223631	0.739559	-19.095200	-22.076700	25.000000
9.814955	2.186318	0.785310	9.655568	2.493882	0.882651	-19.095200	-21.605300	25.000000
9.814955	2.186318	0.785310	9.935794	2.219153	0.785398	-19.095200	-20.507600	25.000000
9.815532	2.186276	0.785398	9.952387	2.504498	0.917160	-19.095200	-20.036300	25.000000
9.815532	2.186276	0.785398	9.679359	2.507886	0.748378	-19.095200	-18.938600	25.000000
9.815532	2.186276	0.785398	9.895454	2.385623	0.785398	-19.095200	-18.467200	25.000000
9.815532	2.186276	0.785398	9.730879	2.316179	0.735934	-19.095200	-17.369500	25.000000
9.814955	2.186318	0.785310	9.954898	2.256030	0.776224	-19.095200	-16.898100	25.000000
9.814955	2.186318	0.785310	9.731393	2.261544	0.747680	-19.095200	-15.800400	25.000000
9.814377	2.186359	0.785398	9.758586	2.194568	0.803253	-18.310600	-31.019700	25.000000
9.814377	2.186359	0.785398	9.816313	2.177885	0.802940	-18.310600	-29.922000	25.000000
9.814955	2.186318	0.785486	9.765756	2.206709	0.830413	-18.310600	-29.450700	25.000000
9.814955	2.186318	0.785486	9.939819	2.193842	0.837981	-18.310600	-28.353000	25.000000
9.814955	2.186318	0.785486	9.824968	2.227727	0.922154	-18.310600	-27.881600	25.000000
9.814955	2.186318	0.785486	9.839715	2.213811	0.866302	-18.310600	-26.783900	25.000000
9.814377	2.186359	0.785398	9.533625	2.278815	0.952152	-18.310600	-26.312500	25.000000
9.814377	2.186359	0.785398	10.040418	2.288084	1.059847	-18.310600	-25.214800	25.000000
9.814955	2.186318	0.785486	9.687621	2.363494	1.080839	-18.310600	-24.743500	25.000000
9.814955	2.186318	0.785486	9.985489	2.420508	1.181839	-18.310600	-23.645800	25.000000
9.814955	2.186318	0.785486	9.922197	2.475296	1.150916	-18.310600	-23.174400	25.000000
9.814955	2.186318	0.785486	9.755511	2.497339	1.091883	-18.310600	-22.076700	25.000000
9.814377	2.186359	0.785398	9.939819	2.473045	0.946773	-18.310600	-21.605300	25.000000
9.814377	2.186359	0.785398	9.638983	2.531489	1.017955	-18.310600	-20.507600	25.000000
9.814955	2.186318	0.785486	9.823950	2.378531	0.806228	-18.310600	-20.036300	25.000000
9.814955	2.186318	0.785486	9.790301	2.459537	0.865685	-18.310600	-18.938600	25.000000
9.814955	2.186318	0.785486	9.913627	2.326670	0.805003	-18.310600	-18.467200	25.000000
9.814955	2.186318	0.785486	9.749872	2.286858	0.766170	-18.310600	-17.369500	25.000000
9.814377	2.186359	0.785398	9.664885	2.253832	0.766532	-18.310600	-16.898100	25.000000
9.814377	2.186359	0.785398	9.823441	2.227847	0.785398	-18.310600	-15.800400	25.000000
9.814955	2.186318	0.785310	9.758586	2.194568	0.803253	-17.526100	-31.019700	25.000000
9.814955	2.186318	0.785310	9.873702	2.186204	0.802940	-17.526100	-29.922000	25.000000
9.815532	2.186276	0.785398	9.817332	2.190269	0.811941	-17.526100	-29.450700	25.000000
9.815532	2.186276	0.785398	9.761660	2.194342	0.821097	-17.526100	-28.353000	25.000000
9.815532	2.186276	0.785398	9.879777	2.198216	0.829617	-17.526100	-27.881600	25.000000
9.815532	2.186276	0.785398	9.711848	2.210813	0.839890	-17.526100	-26.783900	25.000000
9.814955	2.186318	0.785310	9.934284	2.231959	0.911990	-17.526100	-26.312500	25.000000
9.814955	2.186318	0.785310	9.790301	2.243452	0.859337	-17.526100	-25.214800	25.000000
9.815532	2.186276	0.785398	10.024470	2.289473	0.964413	-17.526100	-24.743500	25.000000
9.815532	2.186276	0.785398	9.633795	2.297391	0.913407	-17.526100	-23.645800	25.000000
9.815532	2.186276	0.785398	9.902525	2.341712	0.955457	-17.526100	-23.174400	25.000000
9.815532	2.186276	0.785398	9.729851	2.359099	0.930211	-17.526100	-22.076700	25.000000
9.814955	2.186318	0.785310	9.843272	2.361923	0.918625	-17.526100	-21.605300	25.000000
9.814955	2.186318	0.785310	9.804591	2.351461	0.887087	-17.526100	-20.507600	25.000000
9.815532	2.186276	0.785398	9.621330	2.326740	0.795499	-17.526100	-20.036300	25.000000
9.815532	2.186276	0.785398	9.805101	2.323094	0.854594	-17.526100	-18.938600	25.000000
9.815532	2.186276	0.785398	9.964939	2.268229	0.803915	-17.526100	-18.467200	25.000000
9.815532	2.186276	0.785398	9.737556	2.274413	0.775875	-17.526100	-17.369500	25.000000
9.814955	2.186318	0.785310	9.767804	2.232248	0.776224	-17.526100	-16.898100	25.000000
9.814955	2.186318	0.785310	9.879777	2.223455	0.794407	-17.526100	-15.800400	25.000000
9.814955	2.186318	0.785310	9.873702	2.186204	0.802940	-16.741600	-29.922000	25.000000
9.815532	2.186276	0.785398	9.817332	2.190269	0.811941	-16.741600	-29.450700	25.000000
9.815532	2.186276	0.785398	9.873702	2.186204	0.802940	-16.741600	-28.353000	25.000000
9.815532	2.186276	0.785398	9.761660	2.194342	0.821097	-16.741600	-27.881600	25.000000
9.815532	2.186276	0.785398	9.934787	2.194206	0.820471	-16.741600	-26.783900	25.000000
9.814955	2.186318	0.785310	9.765756	2.206709	0.830413	-16.741600	-26.312500	25.000000
9.814955	2.186318	0.785310	9.780082	2.231271	0.849530	-16.741600	-25.214800	25.000000
9.815532	2.186276	0.785398	9.839715	2.226571	0.857998	-16.741600	-24.743500	25.000000
9.815532	2.186276	0.785398	9.739610	2.247605	0.869313	-16.741600	-23.645800	25.000000
9.815532	2.186276	0.785398	9.866104	2.263409	0.869313	-16.741600	-23.174400	25.000000
9.815532	2.186276	0.785398	9.807650	2.268364	0.860727	-16.741600	-22.076700	25.000000
9.814955	2.186318	0.785310	9.865090	2.276740	0.841942	-16.741600	-21.605300	25.000000
9.814955	2.186318	0.785310	9.814785	2.281118	0.851966	-16.741600	-20.507600	25.000000
9.815532	2.186276	0.785398	9.851903	2.264605	0.832093	-16.741600	-20.036300	25.000000
9.815532	2.186276	0.785398	9.739610	2.274234	0.813962	-16.741600	-18.938600	25.000000
9.815532	2.186276	0.785398	9.831582	2.240112	0.812914	-16.741600	-18.467200	25.000000
9.815532	2.186276	0.785398	9.719053	2.249306	0.794744	-16.741600	-17.369500	25.000000
9.814955	2.186318	0.785310	9.759611	2.207174	0.776389	-16.741600	-16.898100	25.000000
9.814955	2.186318	0.785310	9.823441	2.227847	0.785398	-16.741600	-15.800400	25.000000
9.814955	2.186318	0.785486	9.873702	2.198662	0.794247	-15.957000	-27.881600	25.000000
9.814955	2.186318	0.785486	9.817332	2.190269	0.811941	-15.957000	-26.783900	25.000000
9.814377	2.186359	0.785398	9.821405	2.215209	0.812419	-15.957000	-26.312500	25.000000
9.814377	2.186359	0.785398	9.875728	2.198513	0.811941	-15.957000	-25.214800	25.000000
9.814955	2.186318	0.785486	9.825477	2.214897	0.830413	-15.957000	-24.743500	25.000000
9.814955	2.186318	0.785486	9.825477	2.214897	0.830413	-15.957000	-23.645800	25.000000
9.814955	2.186318	0.785486	9.773945	2.231759	0.831238	-15.957000	-23.174400	25.000000
9.814955	2.186318	0.785486	9.835649	2.239785	0.831238	-15.957000	-22.076700	25.000000
9.814377	2.186359	0.785398	9.831582	2.240112	0.812914	-15.957000	-21.605300	25.000000
9.814377	2.186359	0.785398	9.778037	2.244452	0.822418	-15.957000	-20.507600	25.000000
9.814955	2.186318	0.785486	9.767804	2.232248	0.794572	-15.957000	-20.036300	25.000000
9.814955	2.186318	0.785486	9.831582	2.240112	0.812914	-15.957000	-18.938600	25.000000
9.814955	2.186318	0.785486	9.819369	2.215364	0.794407	-15.957000	-18.467200	25.000000
9.814955	2.186318	0.785486	9.823441	2.227847	0.785398	-15.957000	-17.369500	25.000000
9.814377	2.186359	0.785398	9.819369	2.215364	0.794407	-15.957000	-16.898100	25.000000
9.814377	2.186359	0.785398	9.759611	2.207174	0.776389	-15.957000	-15.800400	25.000000
