10.868244	1.570720	1.959108	10.863242	1.570299	1.947884	-10.532400	-3.510210	0.090593
10.860882	1.570690	1.958788	10.863242	1.570354	1.947884	-9.784300	-2.708300	0.137992
10.538909	1.569293	1.931528	8.916243	1.561487	1.791290	-5.831550	1.743240	0.197123
10.531329	1.570142	1.931667	8.866459	1.570571	1.764874	-5.440620	2.559640	-0.423861
10.527292	1.568583	1.932554	8.830395	1.556527	1.799293	-5.750050	1.928960	0.091571
10.526565	1.568644	1.932560	8.782403	1.565445	1.774891	-5.365970	2.672400	-0.618869
10.526565	1.568647	1.932560	8.782409	1.565331	1.774891	-5.366250	2.671910	-0.618399
10.527292	1.568587	1.932554	8.925552	1.556903	1.795664	-5.750280	1.928460	0.092050
10.596185	1.572143	1.930750	8.869554	1.571867	1.817963	-5.715430	1.911210	0.163739
10.549980	1.568904	1.929847	9.618819	1.571774	1.784504	-6.668690	1.370970	0.229994
10.867807	1.570785	1.960417	10.863241	1.570602	1.947884	-10.731900	-7.350150	0.024543
10.871993	1.570682	1.958639	10.863243	1.570097	1.947884	-9.739530	-4.845140	0.098741
10.865083	1.570645	1.958372	10.791208	1.569592	1.930652	-8.983640	-4.051280	0.156606
10.527292	1.568580	1.932554	8.925594	1.556567	1.795664	-5.749840	1.929430	0.091130
10.526507	1.568642	1.932572	8.780372	1.565671	1.773776	-5.365700	2.672850	-0.619307
10.527047	1.568565	1.932573	8.925727	1.555559	1.795664	-5.748890	1.931530	0.089168
10.526543	1.568628	1.932581	8.782360	1.566469	1.774891	-5.364540	2.674840	-0.621252
10.527047	1.568565	1.932573	8.925711	1.555671	1.795664	-5.748890	1.931530	0.089166
10.526449	1.568628	1.932585	8.782360	1.566469	1.774891	-5.364540	2.674850	-0.621253
10.526449	1.568628	1.932585	8.782360	1.566469	1.774891	-5.364540	2.674850	-0.621253
10.527047	1.568565	1.932573	8.925711	1.555671	1.795664	-5.748890	1.931530	0.089166
10.526543	1.568628	1.932581	8.782360	1.566469	1.774891	-5.364540	2.674840	-0.621252
10.527047	1.568565	1.932573	8.925711	1.555671	1.795664	-5.748890	1.931530	0.089167
10.527991	1.568621	1.932489	8.826262	1.553801	1.797086	-5.754960	1.917550	0.097162
10.526702	1.568739	1.932515	8.882251	1.568882	1.773712	-5.370080	2.666540	-0.606988
10.870271	1.570760	1.959976	10.863242	1.570235	1.947884	-9.586350	-6.912360	0.051423
10.867930	1.570739	1.959766	10.920168	1.570036	1.935998	-9.124300	-5.917430	0.090876
10.531010	1.568841	1.932228	8.784868	1.559527	1.776006	-5.776700	1.867800	0.127388
10.527447	1.569171	1.932274	8.915960	1.565973	1.791290	-5.389830	2.637720	-0.552686
10.527047	1.568565	1.932573	8.925727	1.555559	1.795664	-5.748890	1.931530	0.089168
10.526543	1.568628	1.932581	8.782360	1.566469	1.774891	-5.364540	2.674840	-0.621252
10.527047	1.568564	1.932573	8.925711	1.555671	1.795664	-5.748890	1.931530	0.089166
10.526449	1.568628	1.932585	8.782360	1.566469	1.774891	-5.364540	2.674850	-0.621253
10.527047	1.568564	1.932573	8.925711	1.555671	1.795664	-5.748890	1.931530	0.089166
10.526449	1.568628	1.932585	8.782360	1.566469	1.774891	-5.364540	2.674850	-0.621253
10.526449	1.568628	1.932585	8.782360	1.566469	1.774891	-5.364540	2.674850	-0.621253
10.527047	1.568564	1.932573	8.925711	1.555671	1.795664	-5.748890	1.931530	0.089166
10.526449	1.568628	1.932585	8.782360	1.566469	1.774891	-5.364540	2.674850	-0.621253
10.527047	1.568564	1.932573	8.925711	1.555671	1.795664	-5.748890	1.931530	0.089166
10.527047	1.568565	1.932573	8.925727	1.555559	1.795664	-5.748890	1.931530	0.089167
10.526449	1.568628	1.932585	8.782360	1.566469	1.774891	-5.364540	2.674850	-0.621253
10.525495	1.567927	1.932528	8.922696	1.563624	1.794571	-5.738380	1.948770	0.019090
10.524760	1.568614	1.933153	8.693696	1.555382	1.781729	-5.335480	2.732970	-0.634863
10.867077	1.570791	1.960544	10.863241	1.570502	1.947884	-9.215820	-9.920610	0.012454
10.868438	1.570785	1.960413	10.863243	1.570143	1.947884	-9.110750	-8.996420	0.021965
10.867797	1.570776	1.960318	10.863242	1.570364	1.947884	-8.898230	-7.919680	0.041816
10.881267	1.579566	1.969928	9.849258	1.553840	1.744292	-6.036070	-3.546080	-0.120278
10.925644	1.574467	1.964334	10.105448	1.538927	1.711853	-6.076000	-2.823620	-0.945745
10.527012	1.568565	1.932564	8.925711	1.555671	1.795664	-5.748920	1.931470	0.089225
10.526449	1.568628	1.932585	8.782364	1.566356	1.774891	-5.364570	2.674790	-0.621195
10.527047	1.568565	1.932573	8.925711	1.555671	1.795664	-5.748890	1.931530	0.089166
10.526449	1.568628	1.932585	8.782360	1.566469	1.774891	-5.364540	2.674850	-0.621253
10.527047	1.568564	1.932573	8.925711	1.555671	1.795664	-5.748890	1.931530	0.089166
10.526449	1.568628	1.932585	8.782360	1.566469	1.774891	-5.364540	2.674850	-0.621253
10.527047	1.568564	1.932573	8.925711	1.555671	1.795664	-5.748890	1.931530	0.089166
10.526449	1.568628	1.932585	8.782360	1.566469	1.774891	-5.364540	2.674850	-0.621253
10.527047	1.568564	1.932573	8.925711	1.555671	1.795664	-5.748890	1.931530	0.089166
10.526449	1.568628	1.932585	8.782360	1.566469	1.774891	-5.364540	2.674850	-0.621253
10.526449	1.568628	1.932585	8.782360	1.566469	1.774891	-5.364540	2.674850	-0.621253
10.527047	1.568564	1.932573	8.925711	1.555671	1.795664	-5.748890	1.931530	0.089166
10.526449	1.568628	1.932585	8.782360	1.566469	1.774891	-5.364540	2.674850	-0.621253
10.527047	1.568564	1.932573	8.925711	1.555671	1.795664	-5.748890	1.931530	0.089166
10.527141	1.568564	1.932570	8.927961	1.555563	1.796756	-5.748890	1.931530	0.089165
10.526449	1.568628	1.932585	8.782360	1.566469	1.774891	-5.364540	2.674850	-0.621255
10.867250	1.570795	1.960607	10.863241	1.570566	1.947884	-8.472930	-12.819000	0.002997
10.867278	1.570789	1.960516	10.863243	1.570189	1.947884	-8.325390	-9.851650	0.017404
10.870681	1.570769	1.960189	10.733601	1.569539	1.942652	-8.134800	-8.669490	0.037742
10.869367	1.570751	1.960040	10.920180	1.569130	1.935998	-7.832180	-7.614860	0.071241
10.597293	1.566347	1.929071	8.952387	1.556833	1.755046	-6.115410	1.075090	-0.430613
10.585724	1.567471	1.927129	9.049310	1.553999	1.751935	-5.726970	1.978920	0.056359
10.527141	1.568565	1.932570	8.925711	1.555671	1.795664	-5.748890	1.931520	0.089172
10.526449	1.568628	1.932585	8.782356	1.566583	1.774891	-5.364540	2.674840	-0.621248
10.527047	1.568564	1.932573	8.925711	1.555671	1.795664	-5.748890	1.931530	0.089166
10.526449	1.568628	1.932585	8.782360	1.566469	1.774891	-5.364540	2.674850	-0.621253
10.527047	1.568564	1.932573	8.925711	1.555671	1.795664	-5.748890	1.931530	0.089166
10.526449	1.568628	1.932585	8.782360	1.566469	1.774891	-5.364540	2.674850	-0.621253
10.527047	1.568564	1.932573	8.925711	1.555671	1.795664	-5.748890	1.931530	0.089166
10.526449	1.568628	1.932585	8.782360	1.566469	1.774891	-5.364540	2.674850	-0.621253
10.527047	1.568564	1.932573	8.925711	1.555671	1.795664	-5.748890	1.931530	0.089166
10.526449	1.568628	1.932585	8.782360	1.566469	1.774891	-5.364540	2.674850	-0.621253
10.527047	1.568564	1.932573	8.925711	1.555671	1.795664	-5.748890	1.931530	0.089166
10.526449	1.568628	1.932585	8.782360	1.566469	1.774891	-5.364540	2.674850	-0.621253
10.526449	1.568628	1.932585	8.782360	1.566469	1.774891	-5.364540	2.674850	-0.621253
10.527047	1.568564	1.932573	8.925711	1.555671	1.795664	-5.748890	1.931530	0.089166
10.527047	1.568564	1.932573	8.925711	1.555671	1.795664	-5.748890	1.931530	0.089166
10.526449	1.568628	1.932585	8.782360	1.566469	1.774891	-5.364540	2.674850	-0.621253
10.527047	1.568559	1.932573	8.925757	1.555335	1.795664	-5.748550	1.932280	0.088461
10.526485	1.568624	1.932594	8.782351	1.566697	1.774891	-5.364120	2.675560	-0.621950
10.866363	1.570796	1.960651	10.863241	1.570597	1.947884	-7.645040	-16.344800	0.000588
10.866325	1.570796	1.960642	10.863241	1.570539	1.947884	-7.635600	-14.590200	0.001435
10.867212	1.570795	1.960599	10.863242	1.570318	1.947884	-7.611750	-12.793300	0.003619
10.867174	1.570793	1.960590	10.863243	1.570189	1.947884	-7.580830	-11.696000	0.006942
10.867708	1.570790	1.960540	10.920170	1.569816	1.935998	-7.537650	-10.855900	0.011875
10.867719	1.570785	1.960470	10.826827	1.569531	1.939296	-7.438310	-9.762810	0.023746
10.879548	1.570693	1.959269	10.700813	1.562759	1.845245	-7.021960	-7.961610	0.078060
10.877003	1.570646	1.959037	10.973258	1.566331	1.895429	-6.616260	-6.943190	0.134404
10.529156	1.568760	1.932406	9.018183	1.561703	1.791029	-5.763030	1.899860	0.114670
10.527268	1.568858	1.932362	8.780577	1.562255	1.773776	-5.380090	2.649470	-0.589880
10.527141	1.568565	1.932570	8.925711	1.555671	1.795664	-5.748890	1.931520	0.089169
10.526449	1.568628	1.932585	8.782360	1.566469	1.774891	-5.364540	2.674840	-0.621250
10.527047	1.568564	1.932573	8.925711	1.555671	1.795664	-5.748890	1.931530	0.089166
10.526449	1.568628	1.932585	8.782360	1.566469	1.774891	-5.364540	2.674850	-0.621253
10.527047	1.568564	1.932573	8.925711	1.555671	1.795664	-5.748890	1.931530	0.089166
10.526449	1.568628	1.932585	8.782360	1.566469	1.774891	-5.364540	2.674850	-0.621253
10.527047	1.568564	1.932573	8.925711	1.555671	1.795664	-5.748890	1.931530	0.089166
10.526449	1.568628	1.932585	8.782360	1.566469	1.774891	-5.364540	2.674850	-0.621253
10.527047	1.568564	1.932573	8.925711	1.555671	1.795664	-5.748890	1.931530	0.089166
10.526449	1.568628	1.932585	8.782360	1.566469	1.774891	-5.364540	2.674850	-0.621253
10.527047	1.568564	1.932573	8.925711	1.555671	1.795664	-5.748890	1.931530	0.089166
10.526449	1.568628	1.932585	8.782360	1.566469	1.774891	-5.364540	2.674850	-0.621253
10.526449	1.568628	1.932585	8.782360	1.566469	1.774891	-5.364540	2.674850	-0.621253
10.527047	1.568564	1.932573	8.925711	1.555671	1.795664	-5.748890	1.931530	0.089166
10.527047	1.568564	1.932573	8.925711	1.555671	1.795664	-5.748890	1.931530	0.089166
10.526449	1.568628	1.932585	8.782360	1.566469	1.774891	-5.364540	2.674850	-0.621253
10.527141	1.568565	1.932570	8.927961	1.555563	1.796756	-5.748890	1.931530	0.089165
10.526449	1.568628	1.932585	8.782360	1.566469	1.774891	-5.364540	2.674850	-0.621254
10.866363	1.570796	1.960651	10.863241	1.570600	1.947884	-6.787020	-16.981800	0.000546
10.866363	1.570796	1.960651	10.863241	1.570493	1.947884	-6.785200	-16.340900	0.000582
10.867250	1.570796	1.960607	10.863242	1.570308	1.947884	-6.776230	-14.580700	0.001604
10.866325	1.570795	1.960642	10.956279	1.570112	1.944523	-6.764670	-13.483000	0.002789
10.867212	1.570794	1.960599	10.826827	1.569577	1.939296	-6.752620	-12.765500	0.004249
10.867174	1.570793	1.960590	10.920171	1.569771	1.935998	-6.721150	-11.668300	0.008373
10.868464	1.570788	1.960492	10.816710	1.567561	1.910089	-6.670150	-10.745700	0.015483
10.868329	1.570780	1.960437	10.884874	1.568775	1.927416	-6.561770	-9.653500	0.031340
10.246897	1.610667	2.053712	9.726767	1.862793	2.625110	-4.760640	-4.528460	-0.202848
10.181101	1.620566	2.075696	10.225947	1.807703	2.727454	-4.544260	-4.136160	-1.204960
10.537689	1.568719	1.931461	8.992374	1.572687	1.778006	-5.826560	1.748670	0.139537
10.529921	1.570259	1.932012	8.791291	1.557146	1.779347	-5.421330	2.602860	-0.418219
10.527105	1.568565	1.932561	8.925711	1.555671	1.795664	-5.748900	1.931510	0.089182
10.526449	1.568628	1.932585	8.782360	1.566469	1.774891	-5.364550	2.674830	-0.621237
10.527047	1.568564	1.932573	8.925711	1.555671	1.795664	-5.748890	1.931530	0.089166
10.526449	1.568628	1.932585	8.782360	1.566469	1.774891	-5.364540	2.674850	-0.621253
10.527047	1.568564	1.932573	8.925711	1.555671	1.795664	-5.748890	1.931530	0.089166
10.526449	1.568628	1.932585	8.782360	1.566469	1.774891	-5.364540	2.674850	-0.621253
10.527047	1.568564	1.932573	8.925711	1.555671	1.795664	-5.748890	1.931530	0.089166
10.526449	1.568628	1.932585	8.782360	1.566469	1.774891	-5.364540	2.674850	-0.621253
10.527047	1.568564	1.932573	8.925711	1.555671	1.795664	-5.748890	1.931530	0.089166
10.526449	1.568628	1.932585	8.782360	1.566469	1.774891	-5.364540	2.674850	-0.621253
10.527047	1.568564	1.932573	8.925711	1.555671	1.795664	-5.748890	1.931530	0.089166
10.526449	1.568628	1.932585	8.782360	1.566469	1.774891	-5.364540	2.674850	-0.621253
10.526449	1.568628	1.932585	8.782360	1.566469	1.774891	-5.364540	2.674850	-0.621253
10.527047	1.568564	1.932573	8.925711	1.555671	1.795664	-5.748890	1.931530	0.089166
10.527047	1.568564	1.932573	8.925711	1.555671	1.795664	-5.748890	1.931530	0.089166
10.526449	1.568628	1.932585	8.782360	1.566469	1.774891	-5.364540	2.674850	-0.621253
10.527047	1.568565	1.932573	8.925711	1.555671	1.795664	-5.748890	1.931530	0.089166
10.526449	1.568628	1.932585	8.782360	1.566469	1.774891	-5.364540	2.674850	-0.621253
10.507912	1.565305	1.933481	8.987324	1.555218	1.774739	-5.659810	2.082370	-0.399210
10.526623	1.569458	1.936105	8.786304	1.554406	1.826266	-5.195770	3.062870	-0.567211
10.866363	1.570796	1.960651	10.863242	1.570419	1.947884	-5.928870	-18.077900	0.000187
10.866363	1.570796	1.960651	10.863243	1.570226	1.947884	-5.925770	-16.337200	0.000706
10.866325	1.570796	1.960642	10.826822	1.570048	1.939296	-5.921600	-15.239500	0.001238
10.866363	1.570796	1.960651	10.826826	1.569660	1.939296	-5.917550	-14.571200	0.001705
10.867250	1.570795	1.960607	10.826828	1.569494	1.939296	-5.907480	-13.473600	0.003094
10.867212	1.570794	1.960599	10.850372	1.568584	1.918780	-5.896160	-12.737900	0.004848
10.867174	1.570792	1.960590	10.850387	1.568031	1.918780	-5.866780	-11.640600	0.009717
10.869999	1.570784	1.960424	10.977093	1.563417	1.866616	-5.811490	-10.620700	0.019558
10.869308	1.570773	1.960390	10.720757	1.564453	1.883698	-5.704930	-9.528320	0.039584
8.828589	1.619122	2.071829	9.390953	1.862423	4.213930	-3.866380	-4.424210	-0.899183
7.753806	1.660596	2.164161	10.404326	1.863291	3.763009	-2.785010	-4.458960	-0.713767
9.319676	1.548521	1.771464	9.182679	1.457296	0.453844	0.178738	-2.139860	-0.000114
9.151775	1.534036	1.753086	9.066002	1.424678	0.538507	0.536802	-1.191350	0.420692
10.527350	1.568594	1.932542	8.828025	1.557429	1.798190	-5.750680	1.927600	0.092960
10.526623	1.568652	1.932548	8.880377	1.564941	1.772609	-5.366770	2.670990	-0.617621
10.527047	1.568565	1.932573	8.925711	1.555671	1.795664	-5.748890	1.931530	0.089166
10.526449	1.568628	1.932585	8.782360	1.566469	1.774891	-5.364540	2.674850	-0.621253
10.527047	1.568564	1.932573	8.925711	1.555671	1.795664	-5.748890	1.931530	0.089166
10.526449	1.568628	1.932585	8.782360	1.566469	1.774891	-5.364540	2.674850	-0.621253
10.527047	1.568564	1.932573	8.925711	1.555671	1.795664	-5.748890	1.931530	0.089166
10.526449	1.568628	1.932585	8.782360	1.566469	1.774891	-5.364540	2.674850	-0.621253
10.526449	1.568628	1.932585	8.782360	1.566469	1.774891	-5.364540	2.674850	-0.621253
10.527047	1.568564	1.932573	8.925711	1.555671	1.795664	-5.748890	1.931530	0.089166
10.527047	1.568564	1.932573	8.925711	1.555671	1.795664	-5.748890	1.931530	0.089166
10.526449	1.568628	1.932585	8.782360	1.566469	1.774891	-5.364540	2.674850	-0.621253
10.527047	1.568564	1.932573	8.925711	1.555671	1.795664	-5.748890	1.931530	0.089166
10.526449	1.568628	1.932585	8.782360	1.566469	1.774891	-5.364540	2.674850	-0.621253
10.527047	1.568564	1.932573	8.925711	1.555671	1.795664	-5.748890	1.931530	0.089166
10.526449	1.568628	1.932585	8.782360	1.566469	1.774891	-5.364540	2.674850	-0.621253
10.526449	1.568628	1.932585	8.782360	1.566469	1.774891	-5.364540	2.674850	-0.621253
10.527047	1.568564	1.932573	8.925711	1.555671	1.795664	-5.748890	1.931530	0.089166
10.527047	1.568561	1.932573	8.925742	1.555447	1.795664	-5.748670	1.932010	0.088715
10.526485	1.568626	1.932594	8.782351	1.566697	1.774891	-5.364270	2.675300	-0.621700
10.866363	1.570796	1.960651	10.863244	1.569986	1.947884	-5.069140	-18.077100	0.000218
10.866363	1.570796	1.960651	10.863243	1.570124	1.947884	-5.067880	-16.979400	0.000535
10.867288	1.570796	1.960616	10.920173	1.569569	1.935998	-5.066610	-16.334300	0.000805
10.867288	1.570796	1.960616	10.826831	1.569291	1.939296	-5.063430	-15.236600	0.001309
10.867250	1.570796	1.960607	10.884881	1.568500	1.927416	-5.059950	-14.563200	0.001749
10.866363	1.570795	1.960651	10.816707	1.567653	1.910089	-5.051970	-13.465500	0.003312
10.868175	1.570794	1.960572	10.720818	1.563614	1.883698	-5.042560	-12.713200	0.005322
10.868099	1.570791	1.960555	11.036894	1.565813	1.883951	-5.018400	-11.615800	0.010789
10.871147	1.570779	1.960390	11.454447	1.550366	1.733935	-4.966480	-10.494200	0.023560
10.870456	1.570766	1.960357	10.197779	1.552556	1.767230	-4.876220	-9.400430	0.047253
7.004833	1.628980	1.830654	8.887947	1.816280	5.621125	-1.781900	-4.172530	-0.512111
7.422549	1.627217	1.849539	10.594338	1.741527	5.647347	-0.868156	-3.589770	-0.337710
9.014002	1.553535	1.746677	8.896067	1.559555	0.367981	0.653256	-0.888425	0.604319
9.179776	1.560686	1.780381	8.849232	1.495011	0.407868	1.040960	-0.135835	-0.094421
9.179980	1.560674	1.780354	8.742134	1.521589	0.350728	1.039930	-0.138145	-0.092347
9.013705	1.553554	1.746637	8.911930	1.531513	0.428486	0.651977	-0.890606	0.606394
10.527047	1.568565	1.932573	8.925711	1.555671	1.795664	-5.748890	1.931530	0.089168
10.526543	1.568628	1.932581	8.782360	1.566469	1.774891	-5.364540	2.674840	-0.621252
10.527047	1.568564	1.932573	8.925711	1.555671	1.795664	-5.748890	1.931530	0.089166
10.526449	1.568628	1.932585	8.782360	1.566469	1.774891	-5.364540	2.674850	-0.621253
10.527047	1.568564	1.932573	8.925711	1.555671	1.795664	-5.748890	1.931530	0.089166
10.526449	1.568628	1.932585	8.782360	1.566469	1.774891	-5.364540	2.674850	-0.621253
10.527047	1.568564	1.932573	8.925711	1.555671	1.795664	-5.748890	1.931530	0.089166
10.526449	1.568628	1.932585	8.782360	1.566469	1.774891	-5.364540	2.674850	-0.621253
10.527047	1.568564	1.932573	8.925711	1.555671	1.795664	-5.748890	1.931530	0.089166
10.526449	1.568628	1.932585	8.782360	1.566469	1.774891	-5.364540	2.674850	-0.621253
10.527047	1.568564	1.932573	8.925711	1.555671	1.795664	-5.748890	1.931530	0.089166
10.526449	1.568628	1.932585	8.782360	1.566469	1.774891	-5.364540	2.674850	-0.621253
10.526449	1.568628	1.932585	8.782360	1.566469	1.774891	-5.364540	2.674850	-0.621253
10.527047	1.568564	1.932573	8.925711	1.555671	1.795664	-5.748890	1.931530	0.089166
10.526449	1.568628	1.932585	8.782360	1.566469	1.774891	-5.364540	2.674850	-0.621253
10.527047	1.568564	1.932573	8.925711	1.555671	1.795664	-5.748890	1.931530	0.089166
10.527047	1.568564	1.932573	8.828284	1.555391	1.798190	-5.748880	1.931550	0.089150
10.526449	1.568628	1.932585	8.782360	1.566469	1.774891	-5.364530	2.674860	-0.621270
10.867326	1.570796	1.960624	10.826823	1.569845	1.939296	-4.209800	-19.806000	0.000015
10.867288	1.570796	1.960616	10.863244	1.570078	1.947884	-4.209660	-18.708300	0.000128
10.866363	1.570796	1.960651	10.791216	1.569101	1.930652	-4.209470	-18.076300	0.000238
10.866363	1.570796	1.960651	10.920176	1.569386	1.935998	-4.208620	-16.978600	0.000492
10.866363	1.570796	1.960651	10.884883	1.568408	1.927416	-4.207730	-16.331800	0.000863
10.866363	1.570796	1.960651	10.816732	1.567006	1.910089	-4.205650	-15.234100	0.001344
10.867288	1.570796	1.960616	10.756762	1.562522	1.863144	-4.203290	-14.557600	0.001795
10.867250	1.570795	1.960607	10.941802	1.565770	1.886767	-4.198000	-13.459900	0.003433
10.867250	1.570794	1.960607	11.048526	1.558849	1.822361	-4.191620	-12.694300	0.005594
10.867212	1.570791	1.960599	10.667571	1.549797	1.747044	-4.175610	-11.596700	0.011406
10.871963	1.570776	1.960379	10.801536	1.554131	1.573389	-4.138060	-10.388700	0.026544
10.871626	1.570759	1.960352	10.906658	1.535948	1.573365	-4.078800	-9.292890	0.052597
9.149393	1.533122	1.764750	8.753536	1.442496	0.427581	0.466327	-1.371090	0.364082
9.141578	1.559797	1.756518	9.092304	1.515777	0.468574	0.898602	-0.381128	0.559181
9.014147	1.553525	1.746698	8.738970	1.529590	0.350728	0.653919	-0.887290	0.603255
9.179674	1.560691	1.780397	8.914488	1.524788	0.428486	1.041490	-0.134651	-0.095506
9.014154	1.553526	1.746699	8.833284	1.528897	0.346835	0.653935	-0.887264	0.603231
9.179670	1.560691	1.780395	8.914488	1.524788	0.428486	1.041500	-0.134624	-0.095531
9.014154	1.553526	1.746699	8.833284	1.528897	0.346835	0.653935	-0.887264	0.603231
9.179670	1.560691	1.780395	8.914488	1.524788	0.428486	1.041500	-0.134624	-0.095531
10.527047	1.568565	1.932573	8.925711	1.555671	1.795664	-5.748890	1.931530	0.089166
10.526449	1.568628	1.932585	8.780338	1.566468	1.773776	-5.364540	2.674850	-0.621253
10.527047	1.568564	1.932573	8.925711	1.555671	1.795664	-5.748890	1.931530	0.089166
10.526449	1.568628	1.932585	8.782360	1.566469	1.774891	-5.364540	2.674850	-0.621253
10.527047	1.568564	1.932573	8.925711	1.555671	1.795664	-5.748890	1.931530	0.089166
10.526449	1.568628	1.932585	8.782360	1.566469	1.774891	-5.364540	2.674850	-0.621253
10.527047	1.568564	1.932573	8.925711	1.555671	1.795664	-5.748890	1.931530	0.089166
10.526449	1.568628	1.932585	8.782360	1.566469	1.774891	-5.364540	2.674850	-0.621253
10.526449	1.568628	1.932585	8.782360	1.566469	1.774891	-5.364540	2.674850	-0.621253
10.527047	1.568564	1.932573	8.925711	1.555671	1.795664	-5.748890	1.931530	0.089166
10.526449	1.568628	1.932585	8.782360	1.566469	1.774891	-5.364540	2.674850	-0.621253
10.527047	1.568564	1.932573	8.925711	1.555671	1.795664	-5.748890	1.931530	0.089166
10.526449	1.568628	1.932585	8.782360	1.566469	1.774891	-5.364540	2.674850	-0.621253
10.527047	1.568564	1.932573	8.925711	1.555671	1.795664	-5.748890	1.931530	0.089166
10.527141	1.568564	1.932570	8.925711	1.555671	1.795664	-5.748890	1.931530	0.089164
10.526449	1.568628	1.932585	8.782360	1.566469	1.774891	-5.364540	2.674850	-0.621256
10.866401	1.570796	1.960659	10.920185	1.568892	1.935998	-3.349870	-19.805700	0.000015
10.866363	1.570796	1.960651	10.826833	1.569143	1.939296	-3.349860	-18.708000	0.000127
10.866363	1.570796	1.960651	11.005533	1.566980	1.904041	-3.349840	-18.075800	0.000245
10.866363	1.570796	1.960651	10.816710	1.567561	1.910089	-3.349500	-16.978100	0.000450
10.867288	1.570796	1.960616	11.044378	1.562557	1.855315	-3.349140	-16.330300	0.000871
10.867288	1.570796	1.960616	10.720803	1.563801	1.883698	-3.348160	-15.232600	0.001321
10.867288	1.570796	1.960616	10.825311	1.557586	1.816223	-3.347150	-14.554500	0.001792
10.867288	1.570795	1.960616	10.935813	1.548025	1.726923	-3.345030	-13.456800	0.003424
10.867288	1.570793	1.960616	10.826165	1.539386	1.632846	-3.342580	-12.683900	0.005610
10.868175	1.570791	1.960572	10.834165	1.533868	1.500450	-3.336760	-11.586300	0.011441
10.872855	1.570774	1.960385	11.475557	1.638819	1.909120	-3.323620	-10.330300	0.027458
10.872539	1.570756	1.960387	10.274726	1.806557	2.292451	-3.305680	-9.233030	0.053920
9.011113	1.553666	1.746260	8.916075	1.561824	0.403419	0.632916	-0.924090	0.633083
9.178913	1.560718	1.779735	8.641504	1.494346	0.380506	1.026420	-0.167409	-0.057957
9.014157	1.553525	1.746698	8.833284	1.528897	0.346835	0.653934	-0.887266	0.603232
9.179679	1.560691	1.780395	8.914034	1.525908	0.428486	1.041500	-0.134626	-0.095529
9.014154	1.553526	1.746699	8.833284	1.528897	0.346835	0.653935	-0.887264	0.603231
9.179670	1.560691	1.780395	8.914488	1.524788	0.428486	1.041500	-0.134624	-0.095531
9.014154	1.553526	1.746699	8.833284	1.528897	0.346835	0.653935	-0.887264	0.603231
9.179670	1.560691	1.780395	8.914488	1.524788	0.428486	1.041500	-0.134624	-0.095531
9.014154	1.553526	1.746699	8.833284	1.528897	0.346835	0.653935	-0.887264	0.603231
9.179670	1.560691	1.780395	8.914488	1.524788	0.428486	1.041500	-0.134624	-0.095531
10.527047	1.568564	1.932573	8.925711	1.555671	1.795664	-5.748890	1.931530	0.089166
10.526449	1.568628	1.932585	8.782360	1.566469	1.774891	-5.364540	2.674850	-0.621253
10.527047	1.568564	1.932573	8.925711	1.555671	1.795664	-5.748890	1.931530	0.089166
10.526449	1.568628	1.932585	8.782360	1.566469	1.774891	-5.364540	2.674850	-0.621253
10.526449	1.568628	1.932585	8.782360	1.566469	1.774891	-5.364540	2.674850	-0.621253
10.527047	1.568564	1.932573	8.925711	1.555671	1.795664	-5.748890	1.931530	0.089166
10.526449	1.568628	1.932585	8.782360	1.566469	1.774891	-5.364540	2.674850	-0.621253
10.527047	1.568564	1.932573	8.925711	1.555671	1.795664	-5.748890	1.931530	0.089166
10.526449	1.568628	1.932585	8.782360	1.566469	1.774891	-5.364540	2.674850	-0.621253
10.527047	1.568564	1.932573	8.925711	1.555671	1.795664	-5.748890	1.931530	0.089166
10.526449	1.568628	1.932585	8.782360	1.566469	1.774891	-5.364540	2.674850	-0.621253
10.527047	1.568564	1.932573	8.925711	1.555671	1.795664	-5.748890	1.931530	0.089166
10.527141	1.568564	1.932570	8.927961	1.555563	1.796756	-5.748890	1.931530	0.089165
10.526449	1.568628	1.932585	8.782360	1.566469	1.774891	-5.364540	2.674850	-0.621255
10.866363	1.570796	1.960651	10.850402	1.567571	1.918780	-2.489940	-19.805800	0.000015
10.866363	1.570796	1.960651	10.878558	1.565740	1.898361	-2.490090	-18.708100	0.000123
10.866363	1.570796	1.960651	11.016814	1.561628	1.846602	-2.490220	-18.075800	0.000236
10.866401	1.570796	1.960659	10.661090	1.561979	1.865847	-2.490450	-16.978100	0.000438
10.866363	1.570796	1.960651	10.241559	1.547458	1.735624	-2.490600	-16.329700	0.000854
10.866363	1.570796	1.960651	11.386338	1.551737	1.750964	-2.490860	-15.232000	0.001255
10.867288	1.570796	1.960616	10.710542	1.536244	1.598640	-2.491200	-14.554100	0.001730
10.867288	1.570795	1.960616	11.021004	1.538126	1.518390	-2.492440	-13.456400	0.003281
10.867326	1.570794	1.960624	10.347565	1.727023	2.104505	-2.494230	-12.683600	0.005358
10.867288	1.570791	1.960616	11.334302	1.607860	1.811492	-2.499250	-11.585900	0.010873
10.872637	1.570775	1.960433	13.894603	2.193164	2.817041	-2.513860	-10.335500	0.025815
10.872767	1.570759	1.960438	6.087693	1.719180	2.297439	-2.539670	-9.238390	0.050565
9.012848	1.553617	1.746530	9.048342	1.554218	0.409246	0.648300	-0.896842	0.612497
9.180559	1.560636	1.780266	8.694372	1.500578	0.365518	1.036930	-0.144870	-0.086396
9.014150	1.553525	1.746697	8.833284	1.528897	0.346835	0.653934	-0.887264	0.603231
9.179670	1.560691	1.780395	8.914488	1.524788	0.428486	1.041500	-0.134624	-0.095531
9.179670	1.560691	1.780395	8.914488	1.524788	0.428486	1.041500	-0.134624	-0.095531
9.014154	1.553526	1.746699	8.833284	1.528897	0.346835	0.653935	-0.887264	0.603231
9.014154	1.553526	1.746699	8.833284	1.528897	0.346835	0.653935	-0.887264	0.603231
9.179670	1.560691	1.780395	8.914488	1.524788	0.428486	1.041500	-0.134624	-0.095531
9.014154	1.553526	1.746699	8.833284	1.528897	0.346835	0.653935	-0.887264	0.603231
9.179670	1.560691	1.780395	8.914488	1.524788	0.428486	1.041500	-0.134624	-0.095531
9.014149	1.553525	1.746697	8.833284	1.528897	0.346835	0.653934	-0.887264	0.603231
9.179670	1.560691	1.780395	8.914034	1.525908	0.428486	1.041500	-0.134624	-0.095531
10.527047	1.568564	1.932573	8.925711	1.555671	1.795664	-5.748890	1.931530	0.089166
10.526449	1.568628	1.932585	8.782360	1.566469	1.774891	-5.364540	2.674850	-0.621253
10.526449	1.568628	1.932585	8.782360	1.566469	1.774891	-5.364540	2.674850	-0.621253
10.527047	1.568564	1.932573	8.925711	1.555671	1.795664	-5.748890	1.931530	0.089166
10.526449	1.568628	1.932585	8.782360	1.566469	1.774891	-5.364540	2.674850	-0.621253
10.527047	1.568564	1.932573	8.925711	1.555671	1.795664	-5.748890	1.931530	0.089166
10.526449	1.568628	1.932585	8.782360	1.566469	1.774891	-5.364540	2.674850	-0.621253
10.527047	1.568564	1.932573	8.925711	1.555671	1.795664	-5.748890	1.931530	0.089166
10.526449	1.568628	1.932585	8.782360	1.566469	1.774891	-5.364540	2.674850	-0.621253
10.527047	1.568564	1.932573	8.925711	1.555671	1.795664	-5.748890	1.931530	0.089166
10.527141	1.568565	1.932570	8.927946	1.555675	1.796756	-5.748890	1.931530	0.089165
10.526449	1.568628	1.932585	8.782360	1.566469	1.774891	-5.364540	2.674850	-0.621255
10.866363	1.570796	1.960651	10.842570	1.557330	1.822486	-1.630000	-19.806200	0.000006
10.866363	1.570796	1.960651	10.852537	1.562780	1.860488	-1.630260	-18.708500	0.000116
10.866363	1.570796	1.960651	11.249107	1.542346	1.659846	-1.630570	-18.076200	0.000217
10.866363	1.570796	1.960651	10.388532	1.551543	1.760639	-1.631370	-16.978500	0.000411
10.866363	1.570796	1.960651	10.704915	1.540899	1.565843	-1.632020	-16.330400	0.000815
10.866363	1.570796	1.960651	11.004545	1.543531	1.561706	-1.633570	-15.232700	0.001160
10.866363	1.570796	1.960651	9.858626	1.759568	2.187444	-1.635120	-14.556500	0.001612
10.867326	1.570795	1.960624	11.793596	1.641232	1.881795	-1.639530	-13.458900	0.003022
10.867326	1.570794	1.960624	10.149384	1.779211	2.169972	-1.645220	-12.693100	0.004874
10.867326	1.570791	1.960624	11.390347	2.156877	3.004167	-1.660180	-11.595500	0.009794
10.871733	1.570779	1.960497	8.039855	1.993749	4.151476	-1.697250	-10.400700	0.022132
10.872255	1.570765	1.960517	12.364816	2.339942	2.327617	-1.760820	-9.305090	0.043466
9.013226	1.553591	1.746578	8.742134	1.521589	0.350728	0.649976	-0.893991	0.609757
9.180335	1.560652	1.780309	9.002161	1.534130	0.423868	1.038280	-0.141854	-0.089140
9.014154	1.553525	1.746699	8.833284	1.528897	0.346835	0.653935	-0.887264	0.603231
9.179670	1.560691	1.780395	8.914488	1.524788	0.428486	1.041500	-0.134624	-0.095531
9.179670	1.560691	1.780395	8.914488	1.524788	0.428486	1.041500	-0.134624	-0.095531
9.014154	1.553526	1.746699	8.833284	1.528897	0.346835	0.653935	-0.887264	0.603231
9.014154	1.553526	1.746699	8.833284	1.528897	0.346835	0.653935	-0.887264	0.603231
9.179670	1.560691	1.780395	8.914488	1.524788	0.428486	1.041500	-0.134624	-0.095531
9.014154	1.553526	1.746699	8.833284	1.528897	0.346835	0.653935	-0.887264	0.603231
9.179670	1.560691	1.780395	8.914488	1.524788	0.428486	1.041500	-0.134624	-0.095531
9.014154	1.553526	1.746699	8.833284	1.528897	0.346835	0.653935	-0.887264	0.603231
9.179670	1.560691	1.780395	8.914488	1.524788	0.428486	1.041500	-0.134624	-0.095531
9.014154	1.553526	1.746699	8.833284	1.528897	0.346835	0.653935	-0.887264	0.603231
9.179670	1.560691	1.780395	8.914488	1.524788	0.428486	1.041500	-0.134624	-0.095531
10.526449	1.568628	1.932585	8.782360	1.566469	1.774891	-5.364540	2.674850	-0.621253
10.527047	1.568564	1.932573	8.925711	1.555671	1.795664	-5.748890	1.931530	0.089166
10.526449	1.568628	1.932585	8.782360	1.566469	1.774891	-5.364540	2.674850	-0.621253
10.527047	1.568564	1.932573	8.925711	1.555671	1.795664	-5.748890	1.931530	0.089166
10.526449	1.568628	1.932585	8.782360	1.566469	1.774891	-5.364540	2.674850	-0.621253
10.527047	1.568564	1.932573	8.925711	1.555671	1.795664	-5.748890	1.931530	0.089166
10.526449	1.568628	1.932585	8.782360	1.566469	1.774891	-5.364540	2.674850	-0.621253
10.527047	1.568564	1.932573	8.925711	1.555671	1.795664	-5.748890	1.931530	0.089166
10.527105	1.568565	1.932561	8.830543	1.555395	1.799293	-5.748890	1.931530	0.089160
10.526485	1.568628	1.932594	8.782360	1.566469	1.774891	-5.364530	2.674850	-0.621259
10.595266	1.574195	1.967543	9.902328	1.589985	1.975688	-2.246610	6.199510	0.634156
10.637651	1.572965	1.967014	9.981070	1.575004	1.994107	-1.638010	6.616770	-0.178526
10.866386	1.570796	1.960656	10.851129	1.549599	1.736551	-0.770054	-19.806500	0.000002
10.866382	1.570796	1.960655	10.809080	1.534708	1.590238	-0.770375	-18.708800	0.000104
10.866356	1.570796	1.960649	10.410885	1.531885	1.546762	-0.770842	-18.076900	0.000179
10.866390	1.570796	1.960656	11.335877	1.574854	1.650275	-0.772203	-16.979200	0.000381
10.867315	1.570796	1.960622	8.912037	1.783344	2.299345	-0.773303	-16.332200	0.000760
10.867300	1.570796	1.960618	12.572176	1.719287	2.020056	-0.776007	-15.234500	0.001055
10.867288	1.570796	1.960616	12.962639	2.226155	2.955647	-0.778600	-14.561500	0.001448
10.866382	1.570795	1.960655	7.972453	1.721889	2.193996	-0.785685	-13.463800	0.002678
10.867357	1.570794	1.960631	9.410531	2.093749	4.082871	-0.794382	-12.710900	0.004235
10.867391	1.570792	1.960639	11.425123	2.252594	2.225255	-0.817153	-11.613400	0.008379
10.870977	1.570783	1.960546	8.812491	2.507610	1.862253	-0.866510	-10.505400	0.017557
10.871386	1.570773	1.960589	11.346295	1.988233	4.594492	-0.956051	-9.411510	0.034572
9.012127	1.553659	1.746433	9.008046	1.563025	0.399061	0.644203	-0.903944	0.618641
9.180689	1.560625	1.780144	8.773602	1.492070	0.386876	1.033850	-0.151639	-0.079326
9.014154	1.553525	1.746699	8.833284	1.528897	0.346835	0.653935	-0.887264	0.603231
9.179670	1.560691	1.780395	8.914488	1.524788	0.428486	1.041500	-0.134624	-0.095531
9.179670	1.560691	1.780395	8.914488	1.524788	0.428486	1.041500	-0.134624	-0.095531
9.014154	1.553526	1.746699	8.833284	1.528897	0.346835	0.653935	-0.887264	0.603231
9.179670	1.560691	1.780395	8.914488	1.524788	0.428486	1.041500	-0.134624	-0.095531
9.014154	1.553526	1.746699	8.833284	1.528897	0.346835	0.653935	-0.887264	0.603231
9.179670	1.560691	1.780395	8.914488	1.524788	0.428486	1.041500	-0.134624	-0.095531
9.014154	1.553526	1.746699	8.833284	1.528897	0.346835	0.653935	-0.887264	0.603231
9.014154	1.553526	1.746699	8.833284	1.528897	0.346835	0.653935	-0.887264	0.603231
9.179670	1.560691	1.780395	8.914488	1.524788	0.428486	1.041500	-0.134624	-0.095531
9.014154	1.553526	1.746699	8.833284	1.528897	0.346835	0.653935	-0.887264	0.603231
9.179670	1.560691	1.780395	8.914488	1.524788	0.428486	1.041500	-0.134624	-0.095531
9.014149	1.553526	1.746699	8.833284	1.528897	0.346835	0.653938	-0.887258	0.603226
9.179684	1.560691	1.780402	9.004999	1.526362	0.423868	1.041510	-0.134618	-0.095536
10.527047	1.568565	1.932573	8.925711	1.555671	1.795664	-5.748890	1.931530	0.089166
10.526449	1.568628	1.932585	8.782360	1.566469	1.774891	-5.364540	2.674850	-0.621253
10.526449	1.568628	1.932585	8.782360	1.566469	1.774891	-5.364540	2.674850	-0.621254
10.527141	1.568564	1.932570	8.927961	1.555563	1.796756	-5.748890	1.931530	0.089166
10.527047	1.568565	1.932573	8.925711	1.555671	1.795664	-5.748890	1.931530	0.089166
10.526449	1.568628	1.932585	8.782360	1.566469	1.774891	-5.364540	2.674850	-0.621253
10.527012	1.568564	1.932564	8.830528	1.555508	1.799293	-5.748870	1.931580	0.089121
10.526449	1.568628	1.932585	8.782360	1.566469	1.774891	-5.364510	2.674890	-0.621298
10.619531	1.573132	1.969976	9.940590	1.578140	1.984935	-1.555910	6.409700	0.381778
10.647425	1.572102	1.970246	10.164059	1.579651	1.986024	-1.087470	7.014700	-0.405293
10.866369	1.570796	1.960652	9.819920	1.538713	1.625843	0.089892	-19.807000	0.000000
10.866369	1.570796	1.960652	11.843944	1.607110	1.722611	0.089640	-18.709300	0.000040
10.867293	1.570796	1.960617	10.818175	1.926753	2.496119	0.088932	-18.078200	0.000154
10.867296	1.570796	1.960617	10.839857	1.677086	2.021996	0.087216	-16.980500	0.000414
10.866374	1.570796	1.960653	9.676776	1.821429	2.158799	0.085637	-16.334700	0.000692
10.866383	1.570796	1.960655	11.703418	2.255307	3.263212	0.081996	-15.237000	0.000951
10.866388	1.570796	1.960656	4.886553	1.488847	3.880513	0.078591	-14.568400	0.001259
10.866405	1.570795	1.960660	13.907440	2.687819	2.695551	0.069536	-13.470700	0.002287
10.868281	1.570795	1.960596	7.420674	2.347238	1.842350	0.058959	-12.734300	0.003527
10.867413	1.570793	1.960643	12.193953	2.066494	4.642410	0.031185	-11.636900	0.006834
10.870085	1.570787	1.960588	3.533964	1.828304	2.321012	-0.020762	-10.625200	0.013129
10.870410	1.570780	1.960637	13.717930	2.114806	5.295193	-0.122636	-9.532330	0.025755
9.099946	1.540830	1.755438	8.782033	1.480718	0.386876	0.503273	-1.220090	0.575418
9.116543	1.565242	1.768615	8.950285	1.543978	0.438653	0.969033	-0.258695	0.322973
9.014153	1.553525	1.746699	8.833284	1.528897	0.346835	0.653935	-0.887264	0.603231
9.179670	1.560691	1.780395	8.914488	1.524788	0.428486	1.041500	-0.134624	-0.095531
9.179670	1.560691	1.780395	8.914488	1.524788	0.428486	1.041500	-0.134624	-0.095531
9.014154	1.553526	1.746699	8.833284	1.528897	0.346835	0.653935	-0.887264	0.603231
9.179670	1.560691	1.780395	8.914488	1.524788	0.428486	1.041500	-0.134624	-0.095531
9.014154	1.553526	1.746699	8.833284	1.528897	0.346835	0.653935	-0.887264	0.603231
9.014154	1.553526	1.746699	8.833284	1.528897	0.346835	0.653935	-0.887264	0.603231
9.179670	1.560691	1.780395	8.914488	1.524788	0.428486	1.041500	-0.134624	-0.095531
9.179670	1.560691	1.780395	8.914488	1.524788	0.428486	1.041500	-0.134624	-0.095531
9.014154	1.553526	1.746699	8.833284	1.528897	0.346835	0.653935	-0.887264	0.603231
9.014154	1.553526	1.746699	8.833284	1.528897	0.346835	0.653935	-0.887264	0.603231
9.179670	1.560691	1.780395	8.914488	1.524788	0.428486	1.041500	-0.134624	-0.095531
9.014155	1.553526	1.746698	8.833284	1.528897	0.346835	0.653936	-0.887262	0.603229
9.179698	1.560691	1.780404	9.004999	1.526362	0.423868	1.041510	-0.134622	-0.095533
9.014169	1.553524	1.746699	8.740257	1.526160	0.350728	0.653990	-0.887169	0.603141
9.179672	1.560692	1.780401	9.003716	1.529691	0.423868	1.041550	-0.134524	-0.095622
10.524491	1.568401	1.933326	8.707025	1.551615	1.788469	-5.324600	2.749410	-0.662208
10.523852	1.567823	1.932679	8.915960	1.565973	1.791290	-5.726840	1.975110	0.003836
10.527105	1.568564	1.932561	8.828284	1.555391	1.798190	-5.748890	1.931530	0.089163
10.526449	1.568628	1.932585	8.782360	1.566469	1.774891	-5.364540	2.674850	-0.621257
10.527012	1.568559	1.932564	8.925773	1.555223	1.795664	-5.748530	1.932330	0.088407
10.526391	1.568623	1.932597	8.782347	1.566811	1.774891	-5.364090	2.675620	-0.622003
10.867292	1.570796	1.960616	9.349866	1.977656	2.683153	0.949832	-19.807300	0.000000
10.867296	1.570796	1.960617	12.163470	1.777805	2.128505	0.949644	-18.709600	0.000015
10.866371	1.570796	1.960652	8.700397	2.141477	3.619900	0.948771	-18.079200	0.000131
10.866375	1.570796	1.960653	12.370614	2.058788	2.266120	0.946772	-16.981500	0.000385
10.866375	1.570796	1.960653	14.053003	2.771199	3.741045	0.945045	-16.338900	0.000570
10.866382	1.570796	1.960655	3.862693	1.308927	2.875811	0.940679	-15.241200	0.000830
10.866390	1.570796	1.960656	6.579392	2.263158	1.826311	0.936587	-14.576600	0.001057
10.867334	1.570795	1.960626	12.682665	2.090636	4.748737	0.926328	-13.479000	0.001888
10.867364	1.570795	1.960633	13.042239	1.914913	5.070206	0.914981	-12.760400	0.002830
10.867421	1.570794	1.960645	5.353737	2.165612	1.446441	0.885063	-11.663100	0.005338
10.869142	1.570790	1.960619	5.733420	1.906725	1.131937	0.836895	-10.741700	0.009408
10.869555	1.570785	1.960663	12.942241	1.762035	5.324404	0.734722	-9.648830	0.018180
8.659677	1.569271	1.958085	4.567768	1.363526	4.712389	-0.898642	-5.026640	0.183021
8.741224	1.639867	1.820790	12.989049	1.920475	6.261058	-1.358190	-4.029850	0.196640
9.014148	1.553525	1.746698	8.833284	1.528897	0.346835	0.653934	-0.887264	0.603231
9.179670	1.560691	1.780395	8.914034	1.525908	0.428486	1.041500	-0.134624	-0.095530
9.179670	1.560691	1.780395	8.914488	1.524788	0.428486	1.041500	-0.134624	-0.095531
9.014154	1.553526	1.746699	8.833284	1.528897	0.346835	0.653935	-0.887264	0.603231
9.014154	1.553526	1.746699	8.833284	1.528897	0.346835	0.653935	-0.887264	0.603231
9.179670	1.560691	1.780395	8.914488	1.524788	0.428486	1.041500	-0.134624	-0.095531
9.014154	1.553526	1.746699	8.833284	1.528897	0.346835	0.653935	-0.887264	0.603231
9.179670	1.560691	1.780395	8.914488	1.524788	0.428486	1.041500	-0.134624	-0.095531
9.014154	1.553526	1.746699	8.833284	1.528897	0.346835	0.653935	-0.887264	0.603231
9.179670	1.560691	1.780395	8.914488	1.524788	0.428486	1.041500	-0.134624	-0.095531
9.179670	1.560691	1.780395	8.914488	1.524788	0.428486	1.041500	-0.134624	-0.095531
9.014154	1.553526	1.746699	8.833284	1.528897	0.346835	0.653935	-0.887264	0.603231
9.179668	1.560691	1.780394	9.005448	1.525253	0.423868	1.041500	-0.134623	-0.095532
9.014152	1.553525	1.746697	8.833284	1.528897	0.346835	0.653935	-0.887263	0.603230
9.014151	1.553525	1.746699	8.833284	1.528897	0.346835	0.653936	-0.887262	0.603229
9.179688	1.560691	1.780404	9.005448	1.525253	0.423868	1.041510	-0.134622	-0.095533
9.014161	1.553524	1.746700	8.740709	1.525017	0.350728	0.653985	-0.887178	0.603150
9.179660	1.560691	1.780395	9.004132	1.528581	0.423868	1.041540	-0.134534	-0.095613
10.527047	1.568561	1.932573	8.925742	1.555447	1.795664	-5.748650	1.932060	0.088666
10.526485	1.568626	1.932594	8.782356	1.566583	1.774891	-5.364240	2.675350	-0.621748
10.483301	1.567994	1.935572	8.914269	1.545890	1.789100	-5.477260	2.432790	-0.643627
10.532020	1.569760	1.939530	9.052121	1.574110	1.850613	-5.124260	3.359530	-0.173007
10.866363	1.570796	1.960651	14.078835	2.456265	3.190991	1.809770	-19.807400	0.000000
10.866401	1.570796	1.960659	5.329062	1.608335	2.338932	1.809660	-18.709700	0.000022
10.866363	1.570796	1.960651	4.491058	1.481612	2.585837	1.808980	-18.081300	0.000105
10.866363	1.570796	1.960651	13.788169	2.689012	4.266544	1.806720	-16.983600	0.000378
10.866363	1.570796	1.960651	7.788259	1.442042	4.118210	1.804870	-16.343100	0.000385
10.866401	1.570796	1.960659	11.899399	2.728821	6.220296	1.799930	-15.245400	0.000725
10.867288	1.570796	1.960616	10.991360	1.698516	4.694042	1.795380	-14.585400	0.000863
10.866439	1.570796	1.960668	8.856636	2.198306	0.526066	1.784670	-13.487700	0.001509
10.867364	1.570795	1.960633	5.075786	1.681349	4.472218	1.773450	-12.786800	0.002196
10.867440	1.570794	1.960650	13.742620	1.838865	6.131683	1.743820	-11.689500	0.004011
10.868479	1.570793	1.960640	3.696823	1.769570	6.020805	1.702390	-10.844700	0.006537
10.868762	1.570789	1.960679	14.723220	1.661935	6.093815	1.608420	-9.751060	0.012279
10.883179	1.570753	1.960712	1.432370	1.695388	0.685730	1.260980	-8.062160	0.034076
10.883308	1.570730	1.960982	14.741213	1.566862	0.296005	0.891528	-7.028790	0.058738
9.014148	1.553525	1.746698	8.833284	1.528897	0.346835	0.653931	-0.887269	0.603236
9.179674	1.560691	1.780397	8.914488	1.524788	0.428486	1.041500	-0.134629	-0.095526
9.014154	1.553526	1.746699	8.833284	1.528897	0.346835	0.653935	-0.887264	0.603231
9.179670	1.560691	1.780395	8.914488	1.524788	0.428486	1.041500	-0.134624	-0.095531
9.014154	1.553526	1.746699	8.833284	1.528897	0.346835	0.653935	-0.887264	0.603231
9.179670	1.560691	1.780395	8.914488	1.524788	0.428486	1.041500	-0.134624	-0.095531
9.014154	1.553526	1.746699	8.833284	1.528897	0.346835	0.653935	-0.887264	0.603231
9.179670	1.560691	1.780395	8.914488	1.524788	0.428486	1.041500	-0.134624	-0.095531
9.014154	1.553526	1.746699	8.833284	1.528897	0.346835	0.653935	-0.887264	0.603231
9.179670	1.560691	1.780395	8.914488	1.524788	0.428486	1.041500	-0.134624	-0.095531
9.014154	1.553526	1.746699	8.833284	1.528897	0.346835	0.653935	-0.887264	0.603231
9.179670	1.560691	1.780395	8.914488	1.524788	0.428486	1.041500	-0.134624	-0.095531
9.014154	1.553526	1.746699	8.833284	1.528897	0.346835	0.653935	-0.887264	0.603231
9.179670	1.560691	1.780395	8.914488	1.524788	0.428486	1.041500	-0.134624	-0.095531
9.014157	1.553525	1.746698	8.833284	1.528897	0.346835	0.653935	-0.887264	0.603230
9.179668	1.560691	1.780394	8.914488	1.524788	0.428486	1.041500	-0.134623	-0.095531
9.014156	1.553525	1.746698	8.832870	1.530028	0.346835	0.653937	-0.887260	0.603227
9.179686	1.560691	1.780403	9.004999	1.526362	0.423868	1.041510	-0.134619	-0.095535
9.032120	1.551993	1.748874	9.088146	1.557592	0.419342	0.686901	-0.839137	0.514543
9.160208	1.561793	1.780315	8.631918	1.489613	0.343806	1.077310	-0.051425	-0.142749
10.785940	1.574424	1.970140	9.674446	1.615258	2.066840	1.329150	4.662380	0.938840
10.765187	1.576868	1.976674	9.994243	1.613834	2.083731	0.619188	5.497830	0.992875
10.866363	1.570796	1.960651	10.886308	2.691056	1.883875	2.669710	-19.807500	0.000000
10.866363	1.570796	1.960651	9.534029	1.792881	4.339271	2.669650	-18.709800	0.000014
10.866363	1.570796	1.960651	13.338519	2.396042	5.465742	2.669380	-18.083700	0.000023
10.866401	1.570796	1.960659	4.524423	1.437791	3.186206	2.667140	-16.986000	0.000302
10.866363	1.570796	1.960651	12.068554	1.754113	4.924659	2.664750	-16.346500	0.000284
10.866401	1.570796	1.960659	7.354590	2.113770	0.751703	2.659600	-15.248800	0.000598
10.866401	1.570796	1.960659	3.114482	2.073300	0.496423	2.655140	-14.594600	0.000741
10.867364	1.570796	1.960633	14.557544	1.735719	5.641077	2.644370	-13.497000	0.001172
10.866401	1.570796	1.960659	10.611093	1.690770	0.160155	2.633890	-12.811600	0.001657
10.867440	1.570795	1.960650	11.029461	1.613422	5.770005	2.606310	-11.714300	0.002916
10.868349	1.570794	1.960635	9.268635	1.544900	0.119000	2.572260	-10.930400	0.004437
10.868131	1.570792	1.960683	12.223964	1.548707	0.263238	2.491130	-9.835680	0.007998
10.873331	1.570783	1.960686	9.413522	1.477177	0.694738	2.311390	-8.645030	0.015686
10.873552	1.570774	1.960856	12.147053	1.444504	0.303380	2.031470	-7.583690	0.027928
9.014095	1.553529	1.746690	8.829071	1.542477	0.346835	0.653689	-0.887683	0.603625
9.179723	1.560689	1.780396	8.829519	1.511869	0.433200	1.041310	-0.135062	-0.095130
9.014154	1.553526	1.746699	8.833284	1.528897	0.346835	0.653935	-0.887264	0.603231
9.179670	1.560691	1.780395	8.914488	1.524788	0.428486	1.041500	-0.134624	-0.095531
9.014154	1.553526	1.746699	8.833284	1.528897	0.346835	0.653935	-0.887264	0.603231
9.179670	1.560691	1.780395	8.914488	1.524788	0.428486	1.041500	-0.134624	-0.095531
9.014154	1.553526	1.746699	8.833284	1.528897	0.346835	0.653935	-0.887264	0.603231
9.179670	1.560691	1.780395	8.914488	1.524788	0.428486	1.041500	-0.134624	-0.095531
9.014154	1.553526	1.746699	8.833284	1.528897	0.346835	0.653935	-0.887264	0.603231
9.179670	1.560691	1.780395	8.914488	1.524788	0.428486	1.041500	-0.134624	-0.095531
9.014154	1.553526	1.746699	8.833284	1.528897	0.346835	0.653935	-0.887264	0.603231
9.179670	1.560691	1.780395	8.914488	1.524788	0.428486	1.041500	-0.134624	-0.095531
9.179670	1.560691	1.780395	8.914488	1.524788	0.428486	1.041500	-0.134624	-0.095531
9.014154	1.553526	1.746699	8.833284	1.528897	0.346835	0.653935	-0.887264	0.603231
9.014155	1.553526	1.746699	8.833284	1.528897	0.346835	0.653935	-0.887264	0.603231
9.179670	1.560691	1.780395	8.914488	1.524788	0.428486	1.041500	-0.134624	-0.095531
9.014154	1.553526	1.746697	8.833284	1.528897	0.346835	0.653935	-0.887263	0.603230
9.179677	1.560691	1.780393	9.005448	1.525253	0.423868	1.041500	-0.134623	-0.095532
9.014163	1.553524	1.746701	8.740709	1.525017	0.350728	0.653995	-0.887161	0.603134
9.179666	1.560692	1.780398	9.003716	1.529691	0.423868	1.041550	-0.134517	-0.095629
10.816668	1.568109	1.950278	9.758873	1.605643	2.061960	1.789320	3.525880	0.842753
10.824010	1.573759	1.969473	9.822469	1.618664	2.093735	1.396750	4.547360	0.928787
10.866363	1.570796	1.960651	13.490159	2.107707	5.169864	3.529650	-19.807600	-0.000000
10.866363	1.570796	1.960651	4.184364	1.963163	2.166690	3.529650	-18.709900	-0.000000
10.866363	1.570796	1.960651	2.383275	2.003791	2.553590	3.529470	-18.085100	0.000017
10.866363	1.570796	1.960651	14.080128	1.896103	5.582689	3.527600	-16.987400	0.000146
10.867326	1.570796	1.960624	7.144935	1.853048	0.326359	3.525120	-16.350700	0.000316
10.866363	1.570796	1.960651	13.380957	1.683132	5.476514	3.520000	-15.253000	0.000576
10.867326	1.570796	1.960624	13.215389	1.610912	6.157140	3.515520	-14.603400	0.000596
10.866439	1.570796	1.960668	7.966260	1.662562	6.192297	3.505180	-13.505700	0.000900
10.866439	1.570796	1.960668	9.994443	1.553786	0.315422	3.495770	-12.833800	0.001219
10.867402	1.570795	1.960641	11.624926	1.499337	0.226152	3.471260	-11.736400	0.002059
10.867201	1.570795	1.960669	11.320530	1.448590	0.563316	3.444070	-10.998700	0.002954
10.867777	1.570794	1.960677	10.363537	1.403080	0.349607	3.377230	-9.903090	0.005057
10.870154	1.570791	1.960676	9.682773	1.395361	0.222082	3.271130	-8.949980	0.008163
10.870425	1.570787	1.960785	11.848211	1.400326	0.590378	3.066140	-7.871610	0.013955
9.379279	1.545934	1.780074	9.408640	1.416066	0.555179	0.132732	-2.216280	0.228492
9.178872	1.534487	1.751612	8.830266	1.450464	0.448343	0.508322	-1.226090	0.517287
9.014149	1.553525	1.746698	8.833284	1.528897	0.346835	0.653934	-0.887264	0.603231
9.179670	1.560691	1.780395	8.914034	1.525908	0.428486	1.041500	-0.134624	-0.095531
9.014154	1.553526	1.746699	8.833284	1.528897	0.346835	0.653935	-0.887264	0.603231
9.179670	1.560691	1.780395	8.914488	1.524788	0.428486	1.041500	-0.134624	-0.095531
9.179670	1.560691	1.780395	8.914488	1.524788	0.428486	1.041500	-0.134624	-0.095531
9.014154	1.553526	1.746699	8.833284	1.528897	0.346835	0.653935	-0.887264	0.603231
9.014154	1.553526	1.746699	8.833284	1.528897	0.346835	0.653935	-0.887264	0.603231
9.179670	1.560691	1.780395	8.914488	1.524788	0.428486	1.041500	-0.134624	-0.095531
9.014154	1.553526	1.746699	8.833284	1.528897	0.346835	0.653935	-0.887264	0.603231
9.179670	1.560691	1.780395	8.914488	1.524788	0.428486	1.041500	-0.134624	-0.095531
9.179670	1.560691	1.780395	8.914488	1.524788	0.428486	1.041500	-0.134624	-0.095531
9.014154	1.553526	1.746699	8.833284	1.528897	0.346835	0.653935	-0.887264	0.603231
9.014154	1.553526	1.746699	8.833284	1.528897	0.346835	0.653935	-0.887264	0.603231
9.179670	1.560691	1.780395	8.914488	1.524788	0.428486	1.041500	-0.134624	-0.095531
9.014151	1.553525	1.746699	8.833284	1.528897	0.346835	0.653935	-0.887263	0.603230
9.179668	1.560691	1.780394	8.914488	1.524788	0.428486	1.041500	-0.134623	-0.095532
9.014158	1.553524	1.746700	8.834144	1.526635	0.346835	0.653975	-0.887194	0.603165
9.179676	1.560691	1.780404	9.046110	1.527671	0.433953	1.041540	-0.134551	-0.095597
10.798913	1.573549	1.967794	9.850198	1.613448	2.057167	1.448170	4.452400	0.921611
10.779029	1.576458	1.976096	9.958961	1.618008	2.097424	0.797552	5.334060	0.987389
10.866363	1.570796	1.960651	14.126925	1.806571	5.446286	4.389590	-19.807600	0.000000
10.866363	1.570796	1.960651	3.238827	2.160069	1.307802	4.389590	-18.709900	0.000000
10.866363	1.570796	1.960651	9.758939	1.660064	5.351775	4.389570	-18.085900	0.000002
10.866401	1.570796	1.960659	11.553618	1.761501	0.088266	4.387850	-16.988200	0.000106
10.866363	1.570796	1.960651	12.035402	1.573289	6.133063	4.386430	-16.355100	0.000265
10.866363	1.570796	1.960651	9.498179	1.647729	0.121735	4.380650	-15.257400	0.000486
10.866401	1.570796	1.960659	10.202941	1.531582	0.371399	4.376760	-14.611800	0.000504
10.867326	1.570796	1.960624	11.500870	1.475005	0.310701	4.366730	-13.514200	0.000671
10.866439	1.570796	1.960668	9.954878	1.433751	0.531724	4.358550	-12.852900	0.000876
10.866477	1.570796	1.960676	11.690462	1.387573	0.374044	4.337560	-11.755400	0.001418
10.867440	1.570795	1.960650	12.039169	1.442529	0.377396	4.316240	-11.051800	0.001933
10.867424	1.570795	1.960670	9.532807	1.400028	0.439843	4.263050	-9.955400	0.003117
10.868724	1.570794	1.960671	9.214467	1.525200	0.297700	4.195930	-9.133310	0.004440
10.868935	1.570792	1.960742	12.400016	1.532077	0.441990	4.049690	-8.045400	0.006997
10.877235	1.570784	1.960906	14.629505	1.550015	0.445301	3.689130	-6.722650	0.012233
10.877027	1.570777	1.961222	3.900593	1.588230	0.394791	3.223500	-5.728630	0.019068
9.014139	1.553525	1.746697	8.738564	1.530733	0.350728	0.653889	-0.887342	0.603304
9.179690	1.560691	1.780400	8.915430	1.522547	0.428486	1.041470	-0.134706	-0.095456
9.014154	1.553526	1.746699	8.833284	1.528897	0.346835	0.653935	-0.887264	0.603231
9.179670	1.560691	1.780395	8.914488	1.524788	0.428486	1.041500	-0.134624	-0.095531
9.179670	1.560691	1.780395	8.914488	1.524788	0.428486	1.041500	-0.134624	-0.095531
9.014154	1.553526	1.746699	8.833284	1.528897	0.346835	0.653935	-0.887264	0.603231
9.014154	1.553526	1.746699	8.833284	1.528897	0.346835	0.653935	-0.887264	0.603231
9.179670	1.560691	1.780395	8.914488	1.524788	0.428486	1.041500	-0.134624	-0.095531
9.014154	1.553526	1.746699	8.833284	1.528897	0.346835	0.653935	-0.887264	0.603231
9.179670	1.560691	1.780395	8.914488	1.524788	0.428486	1.041500	-0.134624	-0.095531
9.014154	1.553526	1.746699	8.833284	1.528897	0.346835	0.653935	-0.887264	0.603231
9.179670	1.560691	1.780395	8.914488	1.524788	0.428486	1.041500	-0.134624	-0.095531
9.014154	1.553526	1.746699	8.833284	1.528897	0.346835	0.653935	-0.887264	0.603231
9.179670	1.560691	1.780395	8.914488	1.524788	0.428486	1.041500	-0.134624	-0.095531
9.014152	1.553525	1.746699	8.833284	1.528897	0.346835	0.653935	-0.887263	0.603230
9.179668	1.560691	1.780394	9.005448	1.525253	0.423868	1.041500	-0.134623	-0.095532
9.014413	1.553509	1.746735	8.721473	1.489298	0.401871	0.655081	-0.885305	0.601388
9.179507	1.560700	1.780422	8.932239	1.562959	0.378427	1.042420	-0.132573	-0.097400
10.866363	1.570796	1.960651	14.214429	1.662381	5.876438	5.249530	-19.807600	0.000000
10.866363	1.570796	1.960651	5.863310	1.790875	6.195690	5.249530	-18.709900	0.000000
10.866363	1.570796	1.960651	10.017510	1.565905	6.224254	5.249530	-18.087400	0.000000
10.866363	1.570796	1.960651	11.741388	1.597202	0.153103	5.249170	-16.989700	0.000011
10.867288	1.570796	1.960616	10.076626	1.493312	0.387900	5.247270	-16.359400	0.000122
10.867326	1.570796	1.960624	11.577996	1.466965	0.401471	5.242530	-15.261700	0.000229
10.866401	1.570796	1.960659	12.059722	1.393244	0.407104	5.238320	-14.619300	0.000477
10.866401	1.570796	1.960659	9.654268	1.407449	0.468342	5.228910	-13.521600	0.000468
10.867364	1.570796	1.960633	11.929631	1.470879	0.407104	5.221800	-12.868800	0.000618
10.866439	1.570796	1.960668	9.687105	1.425766	0.407632	5.204320	-11.771200	0.000957
10.867402	1.570796	1.960641	10.984393	1.558961	0.183111	5.187820	-11.092200	0.001246
10.867108	1.570795	1.960672	10.785639	1.533701	0.471946	5.146570	-9.995240	0.001880
10.867962	1.570795	1.960670	8.902460	1.533719	0.335614	5.102220	-9.249770	0.002444
10.868060	1.570794	1.960716	12.472482	1.492142	0.146902	4.999570	-8.156880	0.003459
10.870551	1.570793	1.960741	13.112014	1.423066	0.297365	4.849990	-7.224410	0.004365
10.870735	1.570792	1.960903	8.010843	1.438086	0.542579	4.571630	-6.162590	0.005301
11.149315	1.570688	1.976788	12.071520	1.491186	0.269167	2.020560	-3.094600	0.014617
11.142618	1.570617	1.977820	7.704388	1.539640	1.583783	1.136060	-2.444560	0.020903
9.014147	1.553525	1.746698	8.833284	1.528897	0.346835	0.653934	-0.887264	0.603231
9.179670	1.560691	1.780395	8.914034	1.525908	0.428486	1.041500	-0.134624	-0.095530
9.179670	1.560691	1.780395	8.914488	1.524788	0.428486	1.041500	-0.134624	-0.095531
9.014154	1.553526	1.746699	8.833284	1.528897	0.346835	0.653935	-0.887264	0.603231
9.179670	1.560691	1.780395	8.914488	1.524788	0.428486	1.041500	-0.134624	-0.095531
9.014154	1.553526	1.746699	8.833284	1.528897	0.346835	0.653935	-0.887264	0.603231
9.014154	1.553526	1.746699	8.833284	1.528897	0.346835	0.653935	-0.887264	0.603231
9.179670	1.560691	1.780395	8.914488	1.524788	0.428486	1.041500	-0.134624	-0.095531
9.014154	1.553526	1.746699	8.833284	1.528897	0.346835	0.653935	-0.887264	0.603231
9.179670	1.560691	1.780395	8.914488	1.524788	0.428486	1.041500	-0.134624	-0.095531
9.014155	1.553526	1.746699	8.833284	1.528897	0.346835	0.653935	-0.887264	0.603231
9.179670	1.560691	1.780395	8.914488	1.524788	0.428486	1.041500	-0.134624	-0.095531
9.014156	1.553525	1.746698	8.833284	1.528897	0.346835	0.653938	-0.887259	0.603226
9.179684	1.560691	1.780402	9.004999	1.526362	0.423868	1.041510	-0.134618	-0.095536
9.633254	1.540495	1.791946	8.800119	1.444325	1.398115	1.503390	0.958317	0.467210
10.213197	1.554414	1.891147	9.853426	1.387087	0.778099	1.814720	1.985520	0.697147
10.866363	1.570796	1.960651	10.708438	1.593491	0.239541	6.109470	-19.807600	0.000000
10.866363	1.570796	1.960651	11.022480	1.527780	0.047238	6.109470	-18.709900	0.000000
10.866363	1.570796	1.960651	11.559343	1.465057	0.479211	6.109470	-18.087700	0.000000
10.866363	1.570796	1.960651	10.085514	1.447536	0.378651	6.109390	-16.990000	0.000010
10.867326	1.570796	1.960624	11.531266	1.395593	0.341247	6.108740	-16.362800	0.000043
10.867326	1.570796	1.960624	10.097173	1.398612	0.526627	6.103960	-15.265100	0.000230
10.866401	1.570796	1.960659	11.897584	1.490863	0.425930	6.100660	-14.626500	0.000309
10.867326	1.570796	1.960624	9.771003	1.463128	0.357566	6.091600	-13.528900	0.000395
10.867326	1.570796	1.960624	10.562451	1.550629	0.429762	6.085330	-12.881900	0.000432
10.867364	1.570796	1.960633	11.118842	1.547231	0.144442	6.070970	-11.784300	0.000631
10.867364	1.570796	1.960633	10.326781	1.456280	0.176366	6.058290	-11.122500	0.000790
10.866978	1.570796	1.960667	11.415888	1.496270	0.321751	6.026890	-10.025200	0.001110
10.867424	1.570796	1.960670	11.499430	1.384494	0.634652	5.996760	-9.325920	0.001338
10.867538	1.570795	1.960696	10.188209	1.387203	0.557541	5.925350	-8.230550	0.001659
10.868598	1.570795	1.960715	11.177656	1.363548	1.176708	5.846380	-7.449890	0.001718
10.868848	1.570795	1.960795	10.567521	1.365912	0.998878	5.677590	-6.365250	0.001210
10.873019	1.570796	1.960906	10.595820	1.364539	1.302430	5.406260	-5.346170	-0.000936
10.872882	1.570798	1.961190	11.158181	1.382377	1.399348	4.969740	-4.339010	-0.005694
9.387286	1.553913	1.778359	8.915767	1.511316	0.453598	0.941945	-0.415409	-0.257256
9.001969	1.556260	1.751864	8.881019	1.508827	0.418224	0.749143	-0.654691	0.796555
9.179677	1.560691	1.780393	9.005448	1.525253	0.423868	1.041500	-0.134623	-0.095532
9.014154	1.553526	1.746697	8.833284	1.528897	0.346835	0.653935	-0.887263	0.603230
9.179670	1.560691	1.780395	8.914488	1.524788	0.428486	1.041500	-0.134624	-0.095531
9.014154	1.553526	1.746699	8.833284	1.528897	0.346835	0.653935	-0.887264	0.603231
9.179670	1.560691	1.780395	8.914488	1.524788	0.428486	1.041500	-0.134624	-0.095531
9.014154	1.553526	1.746699	8.833284	1.528897	0.346835	0.653935	-0.887264	0.603231
9.014155	1.553526	1.746699	8.833284	1.528897	0.346835	0.653935	-0.887264	0.603231
9.179670	1.560691	1.780395	8.914488	1.524788	0.428486	1.041500	-0.134624	-0.095531
9.014156	1.553525	1.746697	8.833284	1.528897	0.346835	0.653935	-0.887263	0.603229
9.179688	1.560691	1.780404	9.005448	1.525253	0.423868	1.041510	-0.134622	-0.095532
9.014770	1.553488	1.746787	9.048033	1.556428	0.409246	0.656661	-0.882586	0.598927
9.179277	1.560709	1.780456	8.697270	1.495990	0.365518	1.043660	-0.129808	-0.100001
10.866363	1.570796	1.960651	11.075762	1.402978	0.365201	6.969410	-19.807600	0.000000
10.866363	1.570796	1.960651	10.634547	1.470955	0.535557	6.969410	-18.709900	0.000000
10.866363	1.570796	1.960651	9.689835	1.391296	0.421419	6.969410	-18.087700	-0.000000
10.866363	1.570796	1.960651	12.019655	1.412899	0.407104	6.969410	-16.990000	-0.000000
10.866363	1.570796	1.960651	9.736858	1.476169	0.380506	6.969290	-16.365800	0.000013
10.866363	1.570796	1.960651	11.934861	1.526374	0.396081	6.966610	-15.268100	0.000105
10.866363	1.570796	1.960651	10.866481	1.526609	0.101502	6.962920	-14.633100	0.000225
10.867326	1.570796	1.960624	10.794424	1.557826	0.409758	6.955170	-13.535500	0.000291
10.866401	1.570796	1.960659	10.401832	1.465814	0.294235	6.948830	-12.892400	0.000282
10.866401	1.570796	1.960659	11.236588	1.434210	0.310387	6.937110	-11.794800	0.000407
10.867364	1.570796	1.960633	10.859673	1.390254	0.619161	6.927460	-11.145000	0.000492
10.866755	1.570796	1.960666	10.790273	1.355993	0.906425	6.903850	-10.047500	0.000642
10.867163	1.570796	1.960660	8.970831	1.353959	1.452954	6.883010	-9.376640	0.000720
10.867146	1.570796	1.960681	12.462941	1.389266	1.296531	6.833530	-8.280050	0.000753
10.867723	1.570796	1.960689	8.850175	1.475740	2.029368	6.786980	-7.571370	0.000621
10.867913	1.570796	1.960731	12.577317	1.477637	1.887496	6.682650	-6.478640	-0.000088
10.868919	1.570797	1.960763	10.794559	1.584693	2.264348	6.572620	-5.699900	-0.001346
10.869190	1.570798	1.960872	10.918649	1.604690	2.291350	6.349220	-4.625180	-0.004929
10.873780	1.570805	1.961076	10.711998	1.605344	2.283475	6.028740	-3.666230	-0.011858
10.873393	1.570813	1.961449	10.919345	1.606520	2.291350	5.516600	-2.695410	-0.024914
9.166108	1.560953	1.780719	9.017627	1.541960	0.339293	1.081510	-0.044780	-0.172976
9.029273	1.552743	1.749269	8.701615	1.502941	0.427581	0.701703	-0.806693	0.519973
9.179670	1.560691	1.780395	9.004560	1.527471	0.423868	1.041530	-0.134557	-0.095592
9.014165	1.553524	1.746699	8.834144	1.526635	0.346835	0.653972	-0.887200	0.603170
9.179678	1.560691	1.780399	9.004999	1.526362	0.423868	1.041510	-0.134611	-0.095543
9.014150	1.553525	1.746699	8.833284	1.528897	0.346835	0.653942	-0.887251	0.603219
9.014159	1.553524	1.746698	8.739817	1.527303	0.350728	0.653954	-0.887231	0.603199
9.179678	1.560691	1.780399	9.004560	1.527471	0.423868	1.041520	-0.134589	-0.095563
9.014961	1.553476	1.746815	8.989683	1.557447	0.363979	0.657500	-0.881146	0.597596
9.179163	1.560715	1.780477	8.796732	1.496838	0.422854	1.044330	-0.128321	-0.101376
10.862155	1.570894	1.962393	10.885315	1.571577	1.976894	5.473370	6.004060	-0.091327
10.866363	1.570796	1.960651	10.323221	1.392584	0.503274	7.829350	-19.807600	0.000000
10.866363	1.570796	1.960651	11.417986	1.440811	0.332923	7.829350	-18.709900	0.000000
10.866401	1.570796	1.960659	9.627481	1.495941	0.384375	7.829360	-18.087700	-0.000000
10.866363	1.570796	1.960651	12.058093	1.549232	0.355858	7.829350	-16.990000	-0.000000
10.866363	1.570796	1.960651	12.130973	1.510583	0.186058	7.829350	-16.367500	-0.000000
10.866363	1.570796	1.960651	9.383954	1.550548	0.286352	7.828860	-15.269800	0.000004
10.866363	1.570796	1.960651	10.708109	1.388619	0.399904	7.826300	-14.639100	0.000096
10.866401	1.570796	1.960659	11.077730	1.463166	0.361959	7.818590	-13.541500	0.000281
10.866401	1.570796	1.960659	10.533641	1.354565	1.085413	7.813560	-12.902000	0.000248
10.866439	1.570796	1.960668	11.242638	1.380187	0.746956	7.802730	-11.804400	0.000258
10.866439	1.570796	1.960668	12.657535	1.424911	1.631522	7.795270	-11.161600	0.000297
10.866477	1.570796	1.960676	8.726173	1.346603	1.411445	7.777670	-10.064000	0.000361
10.866940	1.570796	1.960659	12.486989	1.565190	2.127698	7.763080	-9.410830	0.000375
10.867016	1.570796	1.960676	9.010239	1.501931	2.134113	7.728820	-8.313670	0.000306
10.867239	1.570796	1.960677	11.165523	1.600356	2.203545	7.699730	-7.642400	0.000153
10.867391	1.570796	1.960711	10.594602	1.602894	2.255861	7.634060	-6.546670	-0.000441
10.867875	1.570797	1.960723	10.841581	1.583802	2.092231	7.576900	-5.851680	-0.001198
10.868010	1.570797	1.960777	10.824472	1.589089	2.125478	7.454730	-4.760800	-0.003389
10.868793	1.570799	1.960807	10.913175	1.578677	2.046738	7.345580	-4.040390	-0.005902
10.869103	1.570802	1.960925	10.782857	1.580070	2.063481	7.127000	-2.964690	-0.012108
10.870821	1.570807	1.961019	10.822875	1.577079	2.030312	6.925960	-2.226100	-0.018964
10.870953	1.570817	1.961293	10.822863	1.576895	2.030312	6.551840	-1.194230	-0.033838
10.876615	1.570843	1.961695	10.824328	1.578002	2.050971	6.195440	-0.460941	-0.050236
10.875030	1.570880	1.962511	10.867589	1.576961	2.038559	5.601400	0.461609	-0.081204
10.886848	1.570974	1.963722	10.782820	1.579699	2.063481	5.164770	0.998341	-0.106749
10.884201	1.571115	1.965983	10.830503	1.579937	2.071617	4.643270	1.963340	-0.148816
10.883629	1.571021	1.964014	10.783815	1.573207	2.001261	4.933120	2.409890	-0.139909
10.867075	1.570928	1.963271	10.916594	1.574919	2.005763	5.658670	3.233000	-0.108134
10.869145	1.570853	1.961660	10.885314	1.571449	1.976894	6.162720	3.937560	-0.084099
10.866363	1.570796	1.960651	11.424097	1.562043	0.238609	8.689290	-19.807600	0.000000
10.866363	1.570796	1.960651	10.256340	1.517145	0.454914	8.689290	-18.709900	0.000000
10.866401	1.570796	1.960659	12.070427	1.499487	0.238129	8.689300	-18.087700	-0.000000
10.866363	1.570796	1.960651	9.513364	1.522424	0.206683	8.689290	-16.990000	-0.000000
10.866363	1.570796	1.960651	10.344801	1.369336	0.538727	8.689290	-16.367800	-0.000000
10.866401	1.570796	1.960659	11.420595	1.439074	0.428089	8.689280	-15.270100	-0.000002
10.866363	1.570796	1.960651	12.612569	1.381765	1.110759	8.688780	-14.644100	-0.000001
10.866401	1.570796	1.960659	8.809745	1.337114	0.976321	8.682980	-13.546400	0.000114
10.866363	1.570796	1.960651	12.739439	1.427442	1.608081	8.677920	-12.909600	0.000239
10.867364	1.570796	1.960633	8.627033	1.412492	1.845388	8.667740	-11.812000	0.000143
10.867326	1.570796	1.960624	11.502638	1.592215	2.214297	8.661830	-11.173900	0.000165
10.866347	1.570796	1.960671	10.244534	1.546789	2.196721	8.648740	-10.076200	0.000193
10.866847	1.570796	1.960662	11.085378	1.601472	2.208882	8.638440	-9.434120	0.000183
10.866885	1.570796	1.960671	10.625164	1.590562	2.148355	8.614670	-8.336680	0.000092
10.866885	1.570796	1.960671	11.015503	1.584051	2.083186	8.595860	-7.685920	-0.000037
10.867054	1.570796	1.960684	10.735824	1.579086	2.055274	8.553830	-6.589030	-0.000471
10.867222	1.570797	1.960698	10.735572	1.575454	2.013614	8.520930	-5.930250	-0.000935
10.867391	1.570797	1.960711	10.912554	1.576478	2.026247	8.450620	-4.834810	-0.002231
10.867635	1.570798	1.960742	10.916554	1.573911	2.005763	8.397530	-4.175220	-0.003452
10.867825	1.570799	1.960784	10.874775	1.573279	1.997424	8.289970	-3.082810	-0.006478
10.868032	1.570800	1.960806	10.833756	1.572282	1.989021	8.215640	-2.441630	-0.008966
10.868169	1.570803	1.960871	10.925218	1.572599	1.985303	8.074450	-1.353060	-0.014556
10.868294	1.570804	1.960916	10.793521	1.571732	1.980554	7.994470	-0.761946	-0.018252
10.868534	1.570808	1.960986	10.925207	1.571940	1.985303	7.861280	0.327618	-0.025623
10.868148	1.570810	1.961031	10.885314	1.571449	1.976894	7.813850	0.851192	-0.028952
10.866363	1.570796	1.960651	10.197671	1.467649	0.168390	9.549230	-19.807600	0.000000
10.866363	1.570796	1.960651	11.443234	1.504333	0.302362	9.549230	-18.709900	0.000000
10.866363	1.570796	1.960651	11.101013	1.366698	0.687671	9.549230	-18.087700	0.000000
10.866363	1.570796	1.960651	10.687488	1.412948	0.472122	9.549230	-16.990000	0.000000
10.866363	1.570796	1.960651	8.784788	1.335267	1.096678	9.549230	-16.367800	-0.000000
10.866363	1.570796	1.960651	12.578553	1.386911	1.266947	9.549230	-15.270100	-0.000000
10.866363	1.570796	1.960651	9.440662	1.497643	2.105751	9.549210	-14.646900	-0.000002
10.866363	1.570796	1.960651	12.084821	1.427148	1.671297	9.547110	-13.549200	0.000042
10.867288	1.570796	1.960616	10.810629	1.595219	2.251318	9.544130	-12.917900	0.000059
10.866363	1.570796	1.960651	10.965549	1.589766	2.239839	9.533900	-11.820200	0.000120
10.866401	1.570796	1.960659	10.514327	1.592292	2.166714	9.527570	-11.183100	0.000083
10.866956	1.570796	1.960638	11.185070	1.589930	2.126552	9.517560	-10.085500	0.000086
10.866717	1.570796	1.960657	11.048068	1.579757	2.050637	9.510210	-9.450130	0.000074
10.866755	1.570796	1.960666	10.647397	1.578686	2.059649	9.493630	-8.352560	-0.000005
10.866755	1.570796	1.960666	10.778803	1.575528	2.021996	9.481190	-7.713420	-0.000102
10.866793	1.570796	1.960674	10.783841	1.574042	2.001261	9.453890	-6.616060	-0.000403
10.866923	1.570797	1.960679	10.925221	1.572764	1.985303	9.433900	-5.974680	-0.000690
10.867092	1.570797	1.960693	10.742463	1.572891	1.992801	9.391900	-4.877790	-0.001456
10.867130	1.570797	1.960701	10.925210	1.572114	1.985303	9.362740	-4.239980	-0.002106
10.867244	1.570798	1.960727	10.885316	1.571733	1.976894	9.304930	-3.143810	-0.003661
10.867282	1.570798	1.960735	10.754072	1.571568	1.972025	9.268600	-2.520460	-0.004814
10.866439	1.570796	1.960668	10.088528	1.348929	0.835715	10.409200	-19.807600	0.000000
10.866439	1.570796	1.960668	11.617814	1.403025	0.592845	10.409200	-18.709900	0.000000
10.866439	1.570796	1.960668	11.709505	1.393083	1.504805	10.409200	-18.087700	0.000000
10.866439	1.570796	1.960668	9.863255	1.353129	1.127582	10.409200	-16.990000	0.000000
10.866439	1.570796	1.960668	10.920183	1.568965	2.219792	10.409200	-16.367800	0.000000
10.866439	1.570796	1.960668	10.695532	1.418746	1.751496	10.409200	-15.270100	-0.000000
10.866477	1.570796	1.960676	11.144757	1.601309	2.273580	10.409200	-14.647900	-0.000000
10.866363	1.570796	1.960651	10.704957	1.599759	2.223643	10.409100	-13.550200	-0.000005
10.866363	1.570796	1.960651	10.548710	1.585870	2.119346	10.408600	-12.924200	-0.000011
10.866515	1.570796	1.960685	11.132332	1.588493	2.118920	10.401000	-11.826500	-0.000044
10.867440	1.570796	1.960650	10.959409	1.579282	2.054849	10.394900	-11.191500	0.000125
10.866684	1.570796	1.960698	10.822812	1.576063	2.030312	10.384700	-10.093800	0.000031
10.866831	1.570796	1.960683	10.874777	1.573371	1.997424	10.379300	-9.461260	0.000006
10.866679	1.570796	1.960649	10.916586	1.574735	2.005763	10.367600	-8.363620	-0.000051
10.866679	1.570796	1.960649	10.833754	1.572172	1.989021	10.359200	-7.731190	-0.000116
10.866641	1.570796	1.960640	10.833764	1.572753	1.989021	10.341200	-6.633640	-0.000317
10.866679	1.570797	1.960649	10.885317	1.571834	1.976894	10.302800	-4.903730	-0.000952
10.866831	1.570797	1.960683	10.885313	1.571403	1.976894	10.252900	-3.177690	-0.002148
10.866439	1.570796	1.960668	12.875003	1.414039	1.518875	11.269100	-19.807600	0.000000
10.866439	1.570796	1.960668	8.523784	1.342390	1.413568	11.269100	-18.709900	0.000000
10.866439	1.570796	1.960668	12.706963	1.541674	2.045007	11.269100	-18.087700	0.000000
10.866439	1.570796	1.960668	8.727823	1.505441	2.168353	11.269100	-16.990000	0.000000
10.866439	1.570796	1.960668	10.594286	1.601950	2.255861	11.269100	-16.367800	-0.000000
10.866439	1.570796	1.960668	11.245995	1.599255	2.198285	11.269100	-15.270100	-0.000000
10.867364	1.570796	1.960633	10.618174	1.582569	2.093447	11.269100	-14.648000	-0.000000
10.867364	1.570796	1.960633	11.152005	1.585592	2.086605	11.269100	-13.550300	-0.000001
10.866439	1.570796	1.960668	10.778794	1.575342	2.021996	11.269100	-12.927800	-0.000004
10.866439	1.570796	1.960668	10.956997	1.577733	2.034444	11.268500	-11.830100	-0.000016
10.866984	1.570796	1.960547	10.965897	1.573532	1.993650	11.264800	-11.200200	-0.000021
10.866347	1.570796	1.960671	10.783826	1.573578	2.001261	11.252500	-10.102500	-0.000009
10.866717	1.570796	1.960657	10.925216	1.572481	1.985303	11.246400	-9.469140	-0.000022
10.866624	1.570796	1.960661	10.793524	1.571945	1.980554	11.238000	-8.371470	-0.000077
10.866717	1.570796	1.960657	10.885314	1.571531	1.976894	11.232200	-7.742920	-0.000120
10.866624	1.570796	1.960661	10.793520	1.571630	1.980554	11.220200	-6.645280	-0.000245
10.866624	1.570797	1.960661	10.885313	1.571302	1.976894	11.195800	-4.919840	-0.000628
10.866439	1.570796	1.960668	10.982041	1.516499	2.075238	12.129100	-19.807600	0.000000
10.866439	1.570796	1.960668	10.720787	1.598037	2.270314	12.129100	-18.709900	0.000000
10.866439	1.570796	1.960668	11.350599	1.598111	2.180800	12.129100	-18.087700	0.000000
10.866439	1.570796	1.960668	10.384744	1.596799	2.198884	12.129100	-16.990000	0.000000
10.866439	1.570796	1.960668	11.064936	1.584443	2.091064	12.129100	-16.367800	0.000000
10.866439	1.570796	1.960668	10.694770	1.579212	2.067904	12.129100	-15.270100	0.000000
10.866439	1.570796	1.960668	10.735530	1.574522	2.013614	12.129100	-14.648000	-0.000000
10.866439	1.570796	1.960668	10.912572	1.576753	2.026247	12.129100	-13.550300	-0.000000
10.866439	1.570796	1.960668	10.925220	1.572718	1.985303	12.129100	-12.928000	-0.000001
10.866439	1.570796	1.960668	10.874786	1.573647	1.997424	12.129000	-11.830300	-0.000006
10.866439	1.570796	1.960668	10.885316	1.571779	1.976894	12.128900	-11.206800	-0.000012
10.866347	1.570796	1.960671	10.885323	1.572248	1.976894	12.125100	-10.109100	-0.000064
10.866624	1.570796	1.960661	10.885315	1.571586	1.976894	12.117400	-9.476920	-0.000142
10.866624	1.570796	1.960661	10.885313	1.571357	1.976894	12.105700	-8.379280	-0.000097
10.866439	1.570796	1.960668	10.966367	1.598339	2.194227	12.989000	-19.807600	0.000000
10.866439	1.570796	1.960668	10.739343	1.587837	2.130383	12.989000	-18.709900	0.000000
10.866439	1.570796	1.960668	11.006562	1.581699	2.062892	12.989000	-18.087700	0.000000
10.866439	1.570796	1.960668	10.735746	1.578155	2.055274	12.989000	-16.990000	0.000000
10.866439	1.570796	1.960668	10.778772	1.574878	2.021996	12.989000	-16.367800	0.000000
10.866439	1.570796	1.960668	10.959107	1.574903	2.014039	12.989000	-15.270100	0.000000
10.866439	1.570796	1.960668	10.793532	1.572483	1.980554	12.989000	-14.648000	-0.000000
10.866439	1.570796	1.960668	10.965886	1.573131	1.993650	12.989000	-13.550300	-0.000000
10.866439	1.570796	1.960668	10.885319	1.572018	1.976894	12.989000	-12.928100	-0.000000
10.866439	1.570796	1.960668	10.793521	1.571714	1.980554	12.989000	-11.830400	-0.000001
10.866624	1.570796	1.960661	10.977250	1.571188	1.973296	12.988600	-9.485610	-0.000028
10.866059	1.570796	1.960582	10.824397	1.578834	2.050971	13.848900	-19.807600	0.000000
10.866059	1.570796	1.960582	11.046542	1.577857	2.030395	13.848900	-18.709900	0.000000
10.866059	1.570796	1.960582	10.916564	1.574186	2.005763	13.848900	-18.087700	0.000000
10.866059	1.570796	1.960582	10.735526	1.574429	2.013614	13.848900	-16.990000	0.000000
10.866059	1.570796	1.960582	10.833766	1.572836	1.989021	13.848900	-16.367800	0.000000
10.866059	1.570796	1.960582	10.833755	1.572264	1.989021	13.848900	-15.270100	0.000000
10.866059	1.570796	1.960582	10.793521	1.571741	1.980554	13.848900	-14.648000	0.000000
10.866059	1.570796	1.960582	10.885316	1.571724	1.976894	13.848900	-13.550300	0.000000
10.866059	1.570796	1.960582	10.885313	1.571384	1.976894	13.848900	-11.830400	-0.000000
10.866439	1.570796	1.960668	10.916575	1.574460	2.005763	14.708900	-19.807600	0.000000
10.866439	1.570796	1.960668	10.833775	1.573196	1.989021	14.708900	-18.709900	0.000000
10.866439	1.570796	1.960668	10.885322	1.572211	1.976894	14.708900	-18.087700	0.000000
10.866439	1.570796	1.960668	10.925214	1.572407	1.985303	14.708900	-16.990000	0.000000
10.866439	1.570796	1.960668	10.885316	1.571761	1.976894	14.708900	-15.270100	0.000000
10.866439	1.570796	1.960668	10.833754	1.572190	1.989021	15.568800	-19.807600	0.000000
10.866439	1.570796	1.960668	10.925209	1.572041	1.985303	15.568800	-18.709900	0.000000
10.866439	1.570796	1.960668	10.885315	1.571577	1.976894	15.568800	-18.087700	0.000000
10.866439	1.570796	1.960668	10.885314	1.571540	1.976894	16.428800	-19.807600	0.000000
