10.866672	2.336489	6.004237	10.823239	2.323636	6.007494	-42.968900	9.711410	25.000000
10.866672	2.336489	6.004237	10.827230	2.323291	6.005059	-42.108900	12.529000	25.000000
10.866672	2.336489	6.004237	10.889761	2.317928	6.013310	-41.249000	9.089220	25.000000
10.866672	2.336489	6.004237	10.825230	2.323464	6.006276	-41.249000	9.711410	25.000000
10.866672	2.336489	6.004237	10.827230	2.323291	6.005059	-41.249000	10.809100	25.000000
10.866672	2.336489	6.004237	10.829238	2.323117	6.003843	-41.249000	12.529000	25.000000
10.866672	2.336489	6.004237	10.833282	2.322768	6.001413	-41.249000	14.248900	25.000000
10.866672	2.336489	6.004237	10.813418	2.324488	6.013596	-40.389000	5.649460	25.000000
10.866672	2.336489	6.004237	10.819284	2.323979	6.009933	-40.389000	7.369340	25.000000
10.866672	2.336489	6.004237	10.889761	2.317928	6.013310	-40.389000	7.991520	25.000000
10.866672	2.336489	6.004237	10.893691	2.317594	6.010899	-40.389000	9.089220	25.000000
10.866672	2.336489	6.004237	10.897656	2.317257	6.008491	-40.389000	9.711410	25.000000
10.866672	2.336489	6.004237	10.897656	2.317257	6.008491	-40.389000	10.809100	25.000000
10.866672	2.336489	6.004237	10.905691	2.316576	6.003685	-40.389000	11.431300	25.000000
10.866672	2.336489	6.004237	10.901656	2.316918	6.006087	-40.389000	12.529000	25.000000
10.866672	2.336489	6.004237	10.833282	2.322768	6.001413	-40.389000	13.151200	25.000000
10.866672	2.336489	6.004237	10.809551	2.324823	6.016043	-39.529100	4.551760	25.000000
10.866672	2.336489	6.004237	10.885867	2.318260	6.015725	-39.529100	6.271640	25.000000
10.866672	2.336489	6.004237	10.880092	2.318752	6.019352	-39.529100	7.369340	25.000000
10.866672	2.336489	6.004237	10.822056	2.311149	6.013310	-39.529100	7.991520	25.000000
10.866672	2.336489	6.004237	10.889541	2.305501	6.018996	-39.529100	9.089220	25.000000
10.866672	2.336489	6.004237	10.834025	2.310140	6.006087	-39.529100	9.711410	25.000000
10.866672	2.336489	6.004237	10.901326	2.304525	6.011842	-39.529100	10.809100	25.000000
10.866672	2.336489	6.004237	10.835317	2.322592	6.000200	-39.529100	11.431300	25.000000
10.866672	2.336489	6.004237	10.842182	2.309454	6.001287	-39.529100	12.529000	25.000000
10.866672	2.336489	6.004237	10.905691	2.316576	6.003685	-39.529100	13.151200	25.000000
10.866871	2.336471	6.004114	10.833282	2.322768	6.001413	-39.529100	15.968800	25.000000
10.866672	2.336489	6.004237	10.876286	2.319076	6.021775	-38.669200	3.929580	25.000000
10.866672	2.336489	6.004237	10.865082	2.320034	6.029061	-38.669200	4.551760	25.000000
10.866672	2.336489	6.004237	10.883933	2.318424	6.016933	-38.669200	5.649460	25.000000
10.866672	2.336489	6.004237	10.881861	2.306139	6.023780	-38.669200	6.271640	25.000000
10.866672	2.336489	6.004237	10.938012	2.313850	6.030980	-38.669200	7.369340	25.000000
10.866672	2.336489	6.004237	10.823419	2.286283	6.025737	-38.669200	7.991520	25.000000
10.866672	2.336489	6.004237	10.835110	2.285346	6.018648	-38.669200	9.089220	25.000000
10.866672	2.336489	6.004237	10.776553	2.290069	6.007088	-38.669200	9.711410	25.000000
10.866672	2.336489	6.004237	10.849152	2.284224	6.010411	-38.669200	10.809100	25.000000
10.866672	2.336489	6.004237	10.846313	2.309107	5.998893	-38.669200	11.431300	25.000000
10.866672	2.336489	6.004237	10.855086	2.295994	5.999982	-38.669200	12.529000	25.000000
10.866672	2.336489	6.004237	10.848392	2.308933	5.997696	-38.669200	13.151200	25.000000
10.866672	2.336489	6.004237	10.913867	2.315884	5.998893	-38.669200	14.248900	25.000000
10.866672	2.336489	6.004237	10.773695	2.327954	5.991729	-38.669200	14.871000	25.000000
10.866871	2.336471	6.004114	10.833282	2.322768	6.001413	-38.669200	15.968800	25.000000
10.866672	2.336489	6.004237	10.874397	2.319238	6.022987	-37.809200	2.831880	25.000000
10.866672	2.336489	6.004237	10.801926	2.325487	6.020946	-37.809200	3.929580	25.000000
10.866672	2.336489	6.004237	10.794517	2.300978	6.037000	-37.809200	4.551760	25.000000
10.866672	2.336489	6.004237	10.863245	2.320191	6.030278	-37.809200	5.649460	25.000000
10.866672	2.336489	6.004237	10.870621	2.294728	6.037611	-37.809200	6.271640	25.000000
10.866672	2.336489	6.004237	10.879963	2.269708	6.048107	-37.809200	7.369340	25.000000
10.866672	2.336489	6.004237	10.836166	2.261081	6.035304	-37.809200	7.991520	25.000000
10.866672	2.336489	6.004237	10.857716	2.247572	6.032476	-37.809200	9.089220	25.000000
10.866672	2.336489	6.004237	10.863522	2.259003	6.019128	-37.809200	9.711410	25.000000
10.866672	2.336489	6.004237	10.892608	2.256809	6.003093	-37.809200	10.809100	25.000000
10.866672	2.336489	6.004237	10.817116	2.286790	5.984686	-37.809200	11.431300	25.000000
10.866672	2.336489	6.004237	10.874010	2.270168	6.004390	-37.809200	12.529000	25.000000
10.866672	2.336489	6.004237	10.848392	2.308933	5.997696	-37.809200	13.151200	25.000000
10.866672	2.336489	6.004237	10.941408	2.313565	5.983409	-37.809200	14.248900	25.000000
10.866672	2.336489	6.004237	10.920092	2.315359	5.995307	-37.809200	14.871000	25.000000
10.866672	2.336489	6.004237	10.872557	2.332023	6.019719	-36.949300	2.209700	25.000000
10.866672	2.336489	6.004237	10.930732	2.314462	6.035795	-36.949300	2.831880	25.000000
10.866672	2.336489	6.004237	10.861404	2.333002	6.027093	-36.949300	3.929580	25.000000
10.866672	2.336489	6.004237	10.823123	2.298615	6.071228	-36.949300	4.551760	25.000000
10.866672	2.336489	6.004237	10.877978	2.281932	6.040561	-36.949300	5.649460	25.000000
10.866672	2.336489	6.004237	10.850811	2.236313	6.047868	-36.949300	6.271640	25.000000
10.866672	2.336489	6.004237	10.735157	2.221174	6.099563	-36.949300	7.369340	25.000000
10.866672	2.336489	6.004237	10.880023	2.165980	6.067285	-36.949300	7.991520	25.000000
10.866672	2.336489	6.004237	10.941042	2.184395	6.048510	-36.949300	9.089220	25.000000
10.866672	2.336489	6.004237	10.867111	2.200534	6.028817	-36.949300	9.711410	25.000000
10.866672	2.336489	6.004237	10.980965	2.170761	5.999126	-36.949300	10.809100	25.000000
10.866672	2.336489	6.004237	10.891855	2.256866	5.963311	-36.949300	11.431300	25.000000
10.866672	2.336489	6.004237	10.865859	2.223589	6.005045	-36.949300	12.529000	25.000000
10.866672	2.336489	6.004237	10.876217	2.306608	5.982224	-36.949300	13.151200	25.000000
10.866672	2.336489	6.004237	10.826061	2.286071	5.980008	-36.949300	14.248900	25.000000
10.866672	2.336489	6.004237	10.856155	2.320799	5.988111	-36.949300	14.871000	25.000000
10.866871	2.336471	6.004114	10.783974	2.314381	5.990522	-36.949300	15.968800	25.000000
10.866672	2.336489	6.004237	10.870676	2.332188	6.020946	-36.089300	1.112000	25.000000
10.866672	2.336489	6.004237	10.870644	2.319558	6.025414	-36.089300	2.209700	25.000000
10.866672	2.336489	6.004237	10.865100	2.307535	6.034590	-36.089300	2.831880	25.000000
10.866672	2.336489	6.004237	10.894843	2.317496	6.061261	-36.089300	3.929580	25.000000
10.866672	2.336489	6.004237	10.828947	2.285840	6.074996	-36.089300	4.551760	25.000000
10.866672	2.336489	6.004237	10.914582	2.231734	6.118800	-36.089300	5.649460	25.000000
10.866672	2.336489	6.004237	10.906530	2.131511	6.194290	-36.089300	6.271640	25.000000
10.866672	2.336489	6.004237	10.850903	2.113071	6.078404	-36.089300	7.369340	25.000000
10.866672	2.336489	6.004237	10.857205	1.978008	6.098577	-36.089300	7.991520	25.000000
10.866672	2.336489	6.004237	10.842620	2.019141	6.095826	-36.089300	9.089220	25.000000
10.866672	2.336489	6.004237	10.852189	1.988265	6.028427	-36.089300	9.711410	25.000000
10.866672	2.336489	6.004237	10.848502	2.070686	5.984686	-36.089300	10.809100	25.000000
10.866672	2.336489	6.004237	10.858177	2.212583	5.979615	-36.089300	11.431300	25.000000
10.866672	2.336489	6.004237	10.959471	2.139271	5.940890	-36.089300	12.529000	25.000000
10.866672	2.336489	6.004237	10.802777	2.275728	5.999877	-36.089300	13.151200	25.000000
10.866672	2.336489	6.004237	10.984535	2.273605	5.942569	-36.089300	14.248900	25.000000
10.866672	2.336489	6.004237	10.812326	2.311972	5.974915	-36.089300	14.871000	25.000000
10.866871	2.336471	6.004114	10.851917	2.321163	5.990522	-36.089300	15.968800	25.000000
10.866672	2.336489	6.004237	10.777889	2.327586	5.989284	-36.089300	16.590900	25.000000
10.866672	2.336489	6.004237	10.798167	2.325814	6.023402	-35.229400	1.112000	25.000000
10.866672	2.336489	6.004237	10.781693	2.327253	6.034495	-35.229400	2.209700	25.000000
10.866672	2.336489	6.004237	10.865767	2.319976	6.084557	-35.229400	2.831880	25.000000
10.866672	2.336489	6.004237	10.912493	2.279211	6.070406	-35.229400	3.929580	25.000000
10.866672	2.336489	6.004237	10.930233	2.119392	6.208058	-35.229400	4.551760	25.000000
10.866672	2.336489	6.004237	10.808279	2.239405	6.144790	-35.229400	5.649460	25.000000
10.866672	2.336489	6.004237	10.818022	1.999808	6.195654	-35.229400	6.271640	25.000000
10.866672	2.336489	6.004237	10.977814	2.033484	6.213909	-35.229400	7.369340	25.000000
10.866672	2.336489	6.004237	10.829594	2.009495	6.078788	-35.229400	7.991520	25.000000
10.866672	2.336489	6.004237	10.828855	1.999351	6.108690	-35.229400	9.089220	25.000000
10.866672	2.336489	6.004237	10.853110	1.998330	6.006276	-35.229400	9.711410	25.000000
10.866672	2.336489	6.004237	10.898165	1.926961	5.964531	-35.229400	10.809100	25.000000
10.866672	2.336489	6.004237	10.533755	2.109050	5.968428	-35.229400	11.431300	25.000000
10.866672	2.336489	6.004237	11.199107	1.984297	5.871892	-35.229400	12.529000	25.000000
10.866672	2.336489	6.004237	10.806480	2.263352	5.965237	-35.229400	13.151200	25.000000
10.866672	2.336489	6.004237	10.973149	2.216134	5.921744	-35.229400	14.248900	25.000000
10.866672	2.336489	6.004237	10.894076	2.305125	5.972776	-35.229400	14.871000	25.000000
10.866871	2.336471	6.004114	10.876217	2.306608	5.982224	-35.229400	15.968800	25.000000
10.866672	2.336489	6.004237	10.912035	2.328582	5.995354	-35.229400	16.590900	25.000000
10.866672	2.336489	6.004237	10.784248	2.327029	5.985624	-35.229400	17.688600	25.000000
10.866676	2.336489	6.004234	10.872557	2.332023	6.019719	-34.369500	-0.607879	25.000000
10.866676	2.336489	6.004234	10.876346	2.331691	6.017267	-34.369500	0.489821	25.000000
10.866672	2.336489	6.004237	10.841905	2.322025	6.044941	-34.369500	1.112000	25.000000
10.866672	2.336489	6.004237	10.776363	2.327720	6.038207	-34.369500	2.209700	25.000000
10.866672	2.336489	6.004237	10.883768	2.305980	6.148997	-34.369500	2.831880	25.000000
10.866672	2.336489	6.004237	10.966882	2.251277	6.112251	-34.369500	3.929580	25.000000
10.866672	2.336489	6.004237	10.830125	2.157970	6.223257	-34.369500	4.551760	25.000000
10.866672	2.336489	6.004237	10.832733	2.157810	6.217723	-34.369500	5.649460	25.000000
10.866672	2.336489	6.004237	10.621130	2.618339	6.230404	-34.369500	6.271640	25.000000
10.866672	2.336489	6.004237	11.084782	2.458839	5.868155	-34.369500	7.369340	25.000000
10.866672	2.336489	6.004237	11.087380	2.617642	5.795349	-34.369500	7.991520	25.000000
10.866672	2.336489	6.004237	10.696261	2.684886	5.724586	-34.369500	9.089220	25.000000
10.866672	2.336489	6.004237	11.109383	2.374760	6.050163	-34.369500	9.711410	25.000000
10.866672	2.336489	6.004237	10.632163	2.675910	5.787683	-34.369500	10.809100	25.000000
10.866672	2.336489	6.004237	10.708408	2.004496	5.870186	-34.369500	11.431300	25.000000
10.866672	2.336489	6.004237	10.933435	1.984972	5.904534	-34.369500	12.529000	25.000000
10.866672	2.336489	6.004237	10.987720	2.159358	5.878294	-34.369500	13.151200	25.000000
10.866672	2.336489	6.004237	10.742439	2.232403	5.946510	-34.369500	14.248900	25.000000
10.866672	2.336489	6.004237	10.837440	2.285159	5.974180	-34.369500	14.871000	25.000000
10.866871	2.336471	6.004114	10.914435	2.315836	5.957099	-34.369500	15.968800	25.000000
10.866672	2.336489	6.004237	10.860428	2.320433	5.985704	-34.369500	16.590900	25.000000
10.866672	2.336489	6.004237	10.916176	2.328223	5.992936	-34.369500	17.688600	25.000000
10.866676	2.336489	6.004234	10.872557	2.332023	6.019719	-33.509500	-0.607879	25.000000
10.866676	2.336489	6.004234	10.865086	2.332678	6.024631	-33.509500	0.489821	25.000000
10.866672	2.336489	6.004237	10.882555	2.331148	6.065892	-33.509500	1.112000	25.000000
10.866672	2.336489	6.004237	10.904316	2.304278	6.060365	-33.509500	2.209700	25.000000
10.866672	2.336489	6.004237	10.772725	2.253926	6.168034	-33.509500	2.831880	25.000000
10.866672	2.336489	6.004237	10.881953	2.199541	6.268414	-33.509500	3.929580	25.000000
10.866672	2.336489	6.004237	11.154950	2.451141	5.344911	-33.509500	4.551760	25.000000
10.866672	2.336489	6.004237	10.384681	2.310501	0.135997	-33.509500	5.649460	25.000000
10.866672	2.336489	6.004237	10.577325	2.912097	3.968144	-33.509500	6.271640	25.000000
10.866672	2.336489	6.004237	11.157948	2.796468	3.806818	-33.509500	7.369340	25.000000
10.866672	2.336489	6.004237	10.841125	2.678647	3.809882	-33.509500	7.991520	25.000000
10.866672	2.336489	6.004237	10.900459	2.709804	4.258545	-33.509500	9.089220	25.000000
10.866672	2.336489	6.004237	11.092633	2.954958	3.637837	-33.509500	9.711410	25.000000
10.866672	2.336489	6.004237	10.558982	2.814751	1.437660	-33.509500	10.809100	25.000000
10.866672	2.336489	6.004237	11.031772	2.382089	5.919792	-33.509500	11.431300	25.000000
10.866672	2.336489	6.004237	10.699533	1.994603	6.013336	-33.509500	12.529000	25.000000
10.866672	2.336489	6.004237	10.732195	2.065994	5.857434	-33.509500	13.151200	25.000000
10.866672	2.336489	6.004237	11.058933	2.199084	5.844532	-33.509500	14.248900	25.000000
10.866672	2.336489	6.004237	10.822661	2.274166	5.949941	-33.509500	14.871000	25.000000
10.866871	2.336471	6.004114	10.948516	2.300645	5.945932	-33.509500	15.968800	25.000000
10.866672	2.336489	6.004237	10.920353	2.327861	5.990522	-33.509500	16.590900	25.000000
10.866672	2.336489	6.004237	10.866904	2.319878	5.982100	-33.509500	17.688600	25.000000
10.866676	2.336489	6.004234	10.787103	2.326780	6.030790	-32.649600	-0.607879	25.000000
10.866676	2.336489	6.004234	10.865086	2.332678	6.024631	-32.649600	0.489821	25.000000
10.866672	2.336489	6.004237	10.946145	2.300839	6.086992	-32.649600	1.112000	25.000000
10.866672	2.336489	6.004237	10.778757	2.327510	6.095799	-32.649600	2.209700	25.000000
10.866672	2.336489	6.004237	10.891033	2.245117	0.041506	-32.649600	2.831880	25.000000
10.866672	2.336489	6.004237	10.792215	2.138176	0.016262	-32.649600	3.929580	25.000000
10.866672	2.336489	6.004237	12.788937	2.178283	4.700009	-32.649600	4.551760	25.000000
10.866672	2.336489	6.004237	8.368393	2.887643	5.840811	-32.649600	5.649460	25.000000
10.866672	2.336489	6.004237	10.999164	2.225769	3.368220	-32.649600	6.271640	25.000000
10.866672	2.336489	6.004237	10.747763	2.208650	3.420847	-32.649600	7.369340	25.000000
10.866672	2.336489	6.004237	10.670052	2.101441	3.473652	-32.649600	7.991520	25.000000
10.866672	2.336489	6.004237	10.971326	2.117104	3.729595	-32.649600	9.089220	25.000000
10.866672	2.336489	6.004237	11.449454	2.153453	2.489724	-32.649600	9.711410	25.000000
10.866672	2.336489	6.004237	10.200490	2.592312	2.169215	-32.649600	10.809100	25.000000
10.866672	2.336489	6.004237	11.025265	2.201304	0.302901	-32.649600	11.431300	25.000000
10.866672	2.336489	6.004237	10.688521	2.571822	5.797865	-32.649600	12.529000	25.000000
10.866672	2.336489	6.004237	11.405700	2.094107	5.728878	-32.649600	13.151200	25.000000
10.866672	2.336489	6.004237	10.291744	2.012552	5.838766	-32.649600	14.248900	25.000000
10.866672	2.336489	6.004237	10.798148	2.276092	5.961435	-32.649600	14.871000	25.000000
10.866871	2.336471	6.004114	10.960383	2.287511	5.911667	-32.649600	15.968800	25.000000
10.866672	2.336489	6.004237	10.875661	2.319130	5.977306	-32.649600	16.590900	25.000000
10.866672	2.336489	6.004237	10.858287	2.320616	5.986907	-32.649600	17.688600	25.000000
10.866676	2.336489	6.004234	10.780765	2.340167	6.031317	-31.789600	-0.607879	25.000000
10.866676	2.336489	6.004234	10.919084	2.327971	6.038818	-31.789600	0.489821	25.000000
10.866672	2.336489	6.004237	10.822056	2.298703	6.142864	-31.789600	1.112000	25.000000
10.866672	2.336489	6.004237	10.828855	2.323151	6.119284	-31.789600	2.209700	25.000000
10.866672	2.336489	6.004237	10.994549	2.249242	6.164916	-31.789600	2.831880	25.000000
10.866672	2.336489	6.004237	10.748902	2.267804	6.182309	-31.789600	3.929580	25.000000
10.866672	2.336489	6.004237	13.223464	1.776425	4.349098	-31.789600	4.551760	25.000000
10.866672	2.336489	6.004237	7.653104	2.282771	4.341498	-31.789600	5.649460	25.000000
10.866672	2.336489	6.004237	10.691815	1.657889	3.359243	-31.789600	6.271640	25.000000
10.866672	2.336489	6.004237	10.931153	1.615637	3.419892	-31.789600	7.369340	25.000000
10.866672	2.336489	6.004237	10.216775	1.585479	3.543914	-31.789600	7.991520	25.000000
10.866672	2.336489	6.004237	11.399895	1.461808	3.418680	-31.789600	9.089220	25.000000
10.866672	2.336489	6.004237	9.003338	2.029927	2.162235	-31.789600	9.711410	25.000000
10.866672	2.336489	6.004237	12.379435	1.650043	2.224022	-31.789600	10.809100	25.000000
10.866672	2.336489	6.004237	12.259690	2.208619	0.720740	-31.789600	11.431300	25.000000
10.866672	2.336489	6.004237	9.114275	2.715674	6.096206	-31.789600	12.529000	25.000000
10.866672	2.336489	6.004237	11.044456	2.071313	5.740996	-31.789600	13.151200	25.000000
10.866672	2.336489	6.004237	10.785639	2.116721	5.785570	-31.789600	14.248900	25.000000
10.866672	2.336489	6.004237	10.887148	2.269153	5.889317	-31.789600	14.871000	25.000000
10.866871	2.336471	6.004114	10.841587	2.284828	5.934414	-31.789600	15.968800	25.000000
10.866672	2.336489	6.004237	10.880092	2.318752	5.974915	-31.789600	16.590900	25.000000
10.866672	2.336489	6.004237	10.868160	2.332409	5.977115	-31.789600	17.688600	25.000000
10.866672	2.336489	6.004237	10.912035	2.328582	5.995354	-31.789600	19.408500	25.000000
10.866672	2.336489	6.004237	10.876346	2.331691	6.017267	-30.929700	-1.230060	25.000000
10.866676	2.336489	6.004234	10.834925	2.335338	6.045651	-30.929700	-0.607879	25.000000
10.866676	2.336489	6.004234	10.843528	2.334577	6.039445	-30.929700	0.489821	25.000000
10.866672	2.336489	6.004237	10.912603	2.315991	6.212056	-30.929700	1.112000	25.000000
10.866672	2.336489	6.004237	10.873403	2.306843	6.162524	-30.929700	2.209700	25.000000
10.866672	2.336489	6.004237	10.279105	2.319914	5.944630	-30.929700	2.831880	25.000000
10.866672	2.336489	6.004237	11.347246	2.235581	5.688972	-30.929700	3.929580	25.000000
10.866672	2.336489	6.004237	8.271765	1.584095	4.455681	-30.929700	4.551760	25.000000
10.866672	2.336489	6.004237	12.916428	1.353076	4.252287	-30.929700	5.649460	25.000000
10.866672	2.336489	6.004237	11.123848	1.104608	3.501541	-30.929700	6.271640	25.000000
10.866672	2.336489	6.004237	10.566456	1.182560	3.421297	-30.929700	7.369340	25.000000
10.866672	2.336489	6.004237	10.985267	1.003821	3.493037	-30.929700	7.991520	25.000000
10.866672	2.336489	6.004237	10.745957	0.955793	3.274144	-30.929700	9.089220	25.000000
10.866672	2.336489	6.004237	7.695453	1.466651	1.876019	-30.929700	9.711410	25.000000
10.866672	2.336489	6.004237	13.312415	1.341948	1.892547	-30.929700	10.809100	25.000000
10.866672	2.336489	6.004237	8.801136	2.509367	6.263957	-30.929700	11.431300	25.000000
10.866672	2.336489	6.004237	12.396774	2.132226	1.436985	-30.929700	12.529000	25.000000
10.866672	2.336489	6.004237	10.996818	2.333819	5.909688	-30.929700	13.151200	25.000000
10.866672	2.336489	6.004237	10.640489	2.158541	5.814487	-30.929700	14.248900	25.000000
10.866672	2.336489	6.004237	10.824509	2.286196	5.907224	-30.929700	14.871000	25.000000
10.866871	2.336471	6.004114	10.820813	2.250315	5.867374	-30.929700	15.968800	25.000000
10.866672	2.336489	6.004237	10.817232	2.324157	5.967447	-30.929700	16.590900	25.000000
10.866672	2.336489	6.004237	10.873459	2.319318	5.978503	-30.929700	17.688600	25.000000
10.866672	2.336489	6.004237	10.912035	2.328582	5.995354	-30.929700	19.408500	25.000000
10.865979	2.336550	6.004202	10.872557	2.332023	6.019719	-30.069700	-1.230060	25.000000
10.865983	2.336550	6.004199	10.966043	2.336506	6.054775	-30.069700	-0.607879	25.000000
10.865983	2.336550	6.004199	10.824897	2.336226	6.053122	-30.069700	0.489821	25.000000
10.865979	2.336550	6.004202	10.915017	2.291138	6.253925	-30.069700	1.112000	25.000000
10.865979	2.336550	6.004202	10.822909	2.336403	6.255884	-30.069700	2.209700	25.000000
10.865979	2.336550	6.004202	8.143709	1.974624	5.307799	-30.069700	2.831880	25.000000
10.865979	2.336550	6.004202	12.941793	2.267031	5.801522	-30.069700	3.929580	25.000000
10.865979	2.336550	6.004202	12.617214	1.223024	4.610204	-30.069700	4.551760	25.000000
10.865979	2.336550	6.004202	8.861992	0.901253	4.505115	-30.069700	5.649460	25.000000
10.865979	2.336550	6.004202	10.925200	0.693733	3.554003	-30.069700	6.271640	25.000000
10.865979	2.336550	6.004202	10.883014	0.797726	3.651185	-30.069700	7.369340	25.000000
10.865979	2.336550	6.004202	11.437766	0.449820	3.313353	-30.069700	7.991520	25.000000
10.865979	2.336550	6.004202	10.125493	0.574498	3.170675	-30.069700	9.089220	25.000000
10.865979	2.336550	6.004202	13.601559	1.249138	1.545995	-30.069700	9.711410	25.000000
10.865979	2.336550	6.004202	6.965334	1.010778	1.592149	-30.069700	10.809100	25.000000
10.865979	2.336550	6.004202	6.752044	2.168557	2.677144	-30.069700	11.431300	25.000000
10.865979	2.336550	6.004202	13.359356	2.053408	1.242098	-30.069700	12.529000	25.000000
10.865979	2.336550	6.004202	11.253782	2.454469	6.179335	-30.069700	13.151200	25.000000
10.865979	2.336550	6.004202	10.384609	2.247115	5.968073	-30.069700	14.248900	25.000000
10.865979	2.336550	6.004202	10.782857	2.289557	5.891238	-30.069700	14.871000	25.000000
10.866178	2.336533	6.004079	10.877959	2.257912	5.840811	-30.069700	15.968800	25.000000
10.865979	2.336550	6.004202	10.814971	2.324353	5.968652	-30.069700	16.590900	25.000000
10.865979	2.336550	6.004202	10.812719	2.324548	5.969858	-30.069700	17.688600	25.000000
10.865979	2.336550	6.004202	10.912035	2.341275	5.991729	-30.069700	19.408500	25.000000
10.866672	2.336489	6.004237	10.799116	2.338523	6.018852	-29.209800	-2.327760	25.000000
10.866672	2.336489	6.004237	10.870676	2.332188	6.020946	-29.209800	-1.230060	25.000000
10.866676	2.336489	6.004234	10.947096	2.338171	6.069610	-29.209800	-0.607879	25.000000
10.866676	2.336489	6.004234	10.820005	2.336661	6.056867	-29.209800	0.489821	25.000000
10.866672	2.336489	6.004237	10.832046	2.322875	0.051095	-29.209800	1.112000	25.000000
10.866672	2.336489	6.004237	10.830339	2.310450	0.009875	-29.209800	2.209700	25.000000
10.866672	2.336489	6.004237	14.508618	2.154834	5.380678	-29.209800	2.831880	25.000000
10.866672	2.336489	6.004237	4.554119	1.725115	5.639684	-29.209800	3.929580	25.000000
10.866672	2.336489	6.004237	12.702460	1.087752	4.805866	-29.209800	4.551760	25.000000
10.866672	2.336489	6.004237	8.782232	0.834145	5.067201	-29.209800	5.649460	25.000000
10.866672	2.336489	6.004237	10.982714	0.468357	3.984072	-29.209800	6.271640	25.000000
10.866672	2.336489	6.004237	10.767079	0.427074	3.879408	-29.209800	7.369340	25.000000
10.866672	2.336489	6.004237	11.365509	0.107419	2.736701	-29.209800	7.991520	25.000000
10.866672	2.336489	6.004237	10.352377	0.261660	2.496598	-29.209800	9.089220	25.000000
10.866672	2.336489	6.004237	12.894628	1.130139	1.358098	-29.209800	9.711410	25.000000
10.866672	2.336489	6.004237	8.268388	0.875002	1.948084	-29.209800	10.809100	25.000000
10.866672	2.336489	6.004237	14.516370	1.691644	1.608972	-29.209800	11.431300	25.000000
10.866672	2.336489	6.004237	3.712061	2.001552	2.349905	-29.209800	12.529000	25.000000
10.866672	2.336489	6.004237	11.529792	2.349740	6.122845	-29.209800	13.151200	25.000000
10.866672	2.336489	6.004237	10.156481	2.291186	6.190035	-29.209800	14.248900	25.000000
10.866672	2.336489	6.004237	10.938464	2.289258	5.857563	-29.209800	14.871000	25.000000
10.866871	2.336471	6.004114	10.814805	2.250764	5.840811	-29.209800	15.968800	25.000000
10.866672	2.336489	6.004237	10.817232	2.324157	5.967447	-29.209800	16.590900	25.000000
10.866672	2.336489	6.004237	10.883639	2.331053	5.968652	-29.209800	17.688600	25.000000
10.866672	2.336489	6.004237	10.866941	2.332516	6.023402	-28.349900	-2.327760	25.000000
10.866672	2.336489	6.004237	10.866941	2.345310	6.020095	-28.349900	-1.230060	25.000000
10.866676	2.336489	6.004234	10.875459	2.344544	6.068142	-28.349900	-0.607879	25.000000
10.866676	2.336489	6.004234	10.798245	2.338601	6.074429	-28.349900	0.489821	25.000000
10.866672	2.336489	6.004237	10.903252	2.342057	0.067844	-28.349900	1.112000	25.000000
10.866672	2.336489	6.004237	10.829538	2.323091	0.041748	-28.349900	2.209700	25.000000
10.866672	2.336489	6.004237	14.401736	1.852242	5.082158	-28.349900	2.831880	25.000000
10.866672	2.336489	6.004237	4.659399	1.809128	5.750341	-28.349900	3.929580	25.000000
10.866672	2.336489	6.004237	8.998333	0.994949	5.270988	-28.349900	4.551760	25.000000
10.866672	2.336489	6.004237	12.467959	0.984333	4.985398	-28.349900	5.649460	25.000000
10.866672	2.336489	6.004237	10.874102	0.296377	4.931399	-28.349900	6.271640	25.000000
10.866672	2.336489	6.004237	10.841015	0.317254	4.932982	-28.349900	7.369340	25.000000
10.866672	2.336489	6.004237	10.618380	0.245499	0.950547	-28.349900	7.991520	25.000000
10.866672	2.336489	6.004237	11.056518	0.215828	0.713665	-28.349900	9.089220	25.000000
10.866672	2.336489	6.004237	10.586858	1.046481	1.451909	-28.349900	9.711410	25.000000
10.866672	2.336489	6.004237	11.075907	0.622241	1.702222	-28.349900	10.809100	25.000000
10.866672	2.336489	6.004237	2.872629	0.810324	0.737815	-28.349900	11.431300	25.000000
10.866672	2.336489	6.004237	14.693077	1.580325	1.408781	-28.349900	12.529000	25.000000
10.866672	2.336489	6.004237	10.400404	2.376222	0.038869	-28.349900	13.151200	25.000000
10.866672	2.336489	6.004237	11.302407	2.344747	6.017801	-28.349900	14.248900	25.000000
10.866672	2.336489	6.004237	11.035398	2.281604	5.824885	-28.349900	14.871000	25.000000
10.866871	2.336471	6.004114	10.642368	2.276214	5.863708	-28.349900	15.968800	25.000000
10.866672	2.336489	6.004237	10.879173	2.331444	5.971065	-28.349900	16.590900	25.000000
10.866672	2.336489	6.004237	10.821779	2.323763	5.965039	-28.349900	17.688600	25.000000
10.866672	2.336489	6.004237	10.932520	2.339458	6.025862	-27.489900	-2.327760	25.000000
10.866672	2.336489	6.004237	10.866941	2.332516	6.023402	-27.489900	-1.230060	25.000000
10.866676	2.336489	6.004234	10.789462	2.352361	6.079388	-27.489900	-0.607879	25.000000
10.866676	2.336489	6.004234	10.935177	2.352021	6.076949	-27.489900	0.489821	25.000000
10.866672	2.336489	6.004237	10.829169	2.348729	0.060963	-27.489900	1.112000	25.000000
10.866672	2.336489	6.004237	10.907080	2.354579	0.080346	-27.489900	2.209700	25.000000
10.866672	2.336489	6.004237	12.252383	2.033583	5.381432	-27.489900	2.831880	25.000000
10.866672	2.336489	6.004237	8.999028	1.091493	5.097546	-27.489900	3.929580	25.000000
10.866672	2.336489	6.004237	9.955903	1.044638	5.248824	-27.489900	4.551760	25.000000
10.866672	2.336489	6.004237	11.599138	0.867678	5.312930	-27.489900	5.649460	25.000000
10.866672	2.336489	6.004237	10.827280	0.572647	5.766153	-27.489900	6.271640	25.000000
10.866672	2.336489	6.004237	10.946232	0.589289	5.841593	-27.489900	7.369340	25.000000
10.866672	2.336489	6.004237	10.561955	0.550783	0.287991	-27.489900	7.991520	25.000000
10.866672	2.336489	6.004237	11.146035	0.392135	0.167464	-27.489900	9.089220	25.000000
10.866672	2.336489	6.004237	10.245799	0.763750	1.198151	-27.489900	9.711410	25.000000
10.866672	2.336489	6.004237	11.401246	0.585850	1.210912	-27.489900	10.809100	25.000000
10.866672	2.336489	6.004237	11.593054	1.059755	1.076185	-27.489900	11.431300	25.000000
10.866672	2.336489	6.004237	9.198505	2.126169	0.064015	-27.489900	12.529000	25.000000
10.866672	2.336489	6.004237	9.828576	2.293396	0.140171	-27.489900	13.151200	25.000000
10.866672	2.336489	6.004237	11.774808	2.711003	0.461828	-27.489900	14.248900	25.000000
10.866672	2.336489	6.004237	10.934350	2.289587	5.830407	-27.489900	14.871000	25.000000
10.866871	2.336471	6.004114	10.839280	2.297287	5.863708	-27.489900	15.968800	25.000000
10.866672	2.336489	6.004237	10.885885	2.330857	5.967447	-27.489900	16.590900	25.000000
10.866672	2.336489	6.004237	10.808242	2.324937	5.972273	-27.489900	17.688600	25.000000
10.866672	2.336489	6.004237	10.861404	2.345809	6.023828	-26.630000	-2.327760	25.000000
10.866672	2.336489	6.004237	10.865086	2.332678	6.024631	-26.630000	-1.230060	25.000000
10.866676	2.336489	6.004234	10.850811	2.346766	6.089588	-26.630000	-0.607879	25.000000
10.866676	2.336489	6.004234	10.862085	2.345748	6.079472	-26.630000	0.489821	25.000000
10.866672	2.336489	6.004237	10.916886	2.379872	0.095707	-26.630000	1.112000	25.000000
10.866672	2.336489	6.004237	10.855731	2.372460	0.115484	-26.630000	2.209700	25.000000
10.866672	2.336489	6.004237	10.767990	1.176160	5.347842	-26.630000	2.831880	25.000000
10.866672	2.336489	6.004237	10.721399	2.079307	5.757417	-26.630000	3.929580	25.000000
10.866672	2.336489	6.004237	11.670476	0.948790	5.542533	-26.630000	4.551760	25.000000
10.866672	2.336489	6.004237	10.018483	0.877834	5.506961	-26.630000	5.649460	25.000000
10.866672	2.336489	6.004237	10.798611	0.936428	6.133158	-26.630000	6.271640	25.000000
10.866672	2.336489	6.004237	10.872093	0.952724	5.959293	-26.630000	7.369340	25.000000
10.866672	2.336489	6.004237	10.313142	0.667445	0.162058	-26.630000	7.991520	25.000000
10.866672	2.336489	6.004237	11.382987	0.803741	6.013937	-26.630000	9.089220	25.000000
10.866672	2.336489	6.004237	10.866462	0.743343	0.390607	-26.630000	9.711410	25.000000
10.866672	2.336489	6.004237	10.858177	0.929010	0.777268	-26.630000	10.809100	25.000000
10.866672	2.336489	6.004237	13.465140	1.593078	0.848472	-26.630000	11.431300	25.000000
10.866672	2.336489	6.004237	7.528539	1.256141	0.854594	-26.630000	12.529000	25.000000
10.866672	2.336489	6.004237	10.603301	2.602594	0.356620	-26.630000	13.151200	25.000000
10.866672	2.336489	6.004237	11.022704	2.258873	0.584745	-26.630000	14.248900	25.000000
10.866672	2.336489	6.004237	10.834205	2.297704	5.836111	-26.630000	14.871000	25.000000
10.866871	2.336471	6.004114	10.905962	2.316553	5.858624	-26.630000	15.968800	25.000000
10.866672	2.336489	6.004237	10.874741	2.331832	5.973482	-26.630000	16.590900	25.000000
10.866672	2.336489	6.004237	10.879173	2.331444	5.971065	-26.630000	17.688600	25.000000
10.866672	2.336489	6.004237	10.865086	2.332678	6.024631	-25.770100	-2.327760	25.000000
10.866672	2.336489	6.004237	10.791668	2.339189	6.023828	-25.770100	-1.230060	25.000000
10.866676	2.336489	6.004234	10.849442	2.346890	6.090856	-25.770100	-0.607879	25.000000
10.866676	2.336489	6.004234	10.865915	2.358362	6.074278	-25.770100	0.489821	25.000000
10.866672	2.336489	6.004237	10.955478	2.430443	0.119151	-25.770100	1.112000	25.000000
10.866672	2.336489	6.004237	10.772019	2.394079	0.079286	-25.770100	2.209700	25.000000
10.866672	2.336489	6.004237	11.992081	1.487311	5.491870	-25.770100	2.831880	25.000000
10.866672	2.336489	6.004237	9.596713	2.043578	5.998455	-25.770100	3.929580	25.000000
10.866672	2.336489	6.004237	10.932978	0.945442	5.864961	-25.770100	4.551760	25.000000
10.866672	2.336489	6.004237	10.799074	1.078940	5.730154	-25.770100	5.649460	25.000000
10.866672	2.336489	6.004237	11.129241	0.902068	6.052095	-25.770100	6.271640	25.000000
10.866672	2.336489	6.004237	10.627323	0.947885	6.108513	-25.770100	7.369340	25.000000
10.866672	2.336489	6.004237	10.338452	0.939700	6.095188	-25.770100	7.991520	25.000000
10.866672	2.336489	6.004237	11.363138	0.838163	6.040504	-25.770100	9.089220	25.000000
10.866672	2.336489	6.004237	10.515227	1.086042	0.444419	-25.770100	9.711410	25.000000
10.866672	2.336489	6.004237	11.183023	0.950547	0.394791	-25.770100	10.809100	25.000000
10.866672	2.336489	6.004237	10.573722	0.915925	1.032422	-25.770100	11.431300	25.000000
10.866672	2.336489	6.004237	11.073504	1.738649	1.074374	-25.770100	12.529000	25.000000
10.866672	2.336489	6.004237	10.598755	2.317639	0.268056	-25.770100	13.151200	25.000000
10.866672	2.336489	6.004237	11.077292	2.314558	0.113096	-25.770100	14.248900	25.000000
10.866672	2.336489	6.004237	10.771258	2.315467	5.853423	-25.770100	14.871000	25.000000
10.866871	2.336471	6.004114	10.914669	2.315817	5.886477	-25.770100	15.968800	25.000000
10.866672	2.336489	6.004237	10.865984	2.332600	5.978328	-25.770100	16.590900	25.000000
10.866672	2.336489	6.004237	10.874741	2.331832	5.973482	-25.770100	17.688600	25.000000
10.866672	2.336489	6.004237	10.865086	2.345477	6.021339	-24.910100	-2.327760	25.000000
10.866672	2.336489	6.004237	10.861404	2.345809	6.023828	-24.910100	-1.230060	25.000000
10.866676	2.336489	6.004234	10.867382	2.358227	6.073003	-24.910100	-0.607879	25.000000
10.866676	2.336489	6.004234	10.853110	2.359548	6.085790	-24.910100	0.489821	25.000000
10.866672	2.336489	6.004237	11.020259	2.437551	0.096879	-24.910100	1.112000	25.000000
10.866672	2.336489	6.004237	10.848322	2.427789	0.026754	-24.910100	2.209700	25.000000
10.866672	2.336489	6.004237	10.597118	1.492393	5.571479	-24.910100	2.831880	25.000000
10.866672	2.336489	6.004237	11.072597	1.957901	5.490891	-24.910100	3.929580	25.000000
10.866672	2.336489	6.004237	10.640019	1.027552	5.947547	-24.910100	4.551760	25.000000
10.866672	2.336489	6.004237	11.048077	1.229297	5.737824	-24.910100	5.649460	25.000000
10.866672	2.336489	6.004237	10.802315	0.764010	6.067419	-24.910100	6.271640	25.000000
10.866672	2.336489	6.004237	10.876217	0.784181	5.966787	-24.910100	7.369340	25.000000
10.866672	2.336489	6.004237	11.288406	0.820144	6.089354	-24.910100	7.991520	25.000000
10.866672	2.336489	6.004237	10.403004	0.819625	6.118037	-24.910100	9.089220	25.000000
10.866672	2.336489	6.004237	10.139527	0.887706	0.848378	-24.910100	9.711410	25.000000
10.866672	2.336489	6.004237	11.453384	0.623248	0.604599	-24.910100	10.809100	25.000000
10.866672	2.336489	6.004237	7.356011	0.720060	0.144812	-24.910100	11.431300	25.000000
10.866672	2.336489	6.004237	13.045156	1.623714	1.151793	-24.910100	12.529000	25.000000
10.866672	2.336489	6.004237	11.351211	2.269340	5.881315	-24.910100	14.248900	25.000000
10.866672	2.336489	6.004237	10.751744	2.329885	5.888394	-24.910100	14.871000	25.000000
10.866871	2.336471	6.004114	10.954908	2.324885	5.898028	-24.910100	15.968800	25.000000
10.866672	2.336489	6.004237	10.790686	2.339277	5.978147	-24.910100	16.590900	25.000000
10.866672	2.336489	6.004237	10.865984	2.332600	5.978328	-24.910100	17.688600	25.000000
10.866672	2.336489	6.004237	10.859576	2.345974	6.025074	-24.050200	-2.327760	25.000000
10.866672	2.336489	6.004237	10.868804	2.345143	6.018852	-24.050200	-1.230060	25.000000
10.866676	2.336489	6.004234	10.864456	2.358497	6.075555	-24.050200	-0.607879	25.000000
10.866676	2.336489	6.004234	10.874599	2.370670	6.066377	-24.050200	0.489821	25.000000
10.866672	2.336489	6.004237	10.921245	2.420114	0.061035	-24.050200	1.112000	25.000000
10.866672	2.336489	6.004237	10.824971	2.473850	0.029842	-24.050200	2.209700	25.000000
10.866672	2.336489	6.004237	13.420790	1.590170	5.159371	-24.050200	2.831880	25.000000
10.866672	2.336489	6.004237	7.194748	1.763799	6.069125	-24.050200	3.929580	25.000000
10.866672	2.336489	6.004237	11.627983	0.987957	5.563386	-24.050200	4.551760	25.000000
10.866672	2.336489	6.004237	10.220567	0.931245	5.627490	-24.050200	5.649460	25.000000
10.866672	2.336489	6.004237	10.812696	0.854447	5.987030	-24.050200	6.271640	25.000000
10.866672	2.336489	6.004237	10.919084	0.788109	6.032568	-24.050200	7.369340	25.000000
10.866672	2.336489	6.004237	10.421905	0.847223	6.114669	-24.050200	7.991520	25.000000
10.866672	2.336489	6.004237	11.170233	0.603036	6.009873	-24.050200	9.089220	25.000000
10.866672	2.336489	6.004237	10.911920	0.616993	0.513252	-24.050200	9.711410	25.000000
10.866672	2.336489	6.004237	10.821275	0.765837	0.747680	-24.050200	10.809100	25.000000
10.866672	2.336489	6.004237	10.829723	2.246096	0.453066	-24.050200	11.431300	25.000000
10.866672	2.336489	6.004237	10.328354	1.001200	0.150027	-24.050200	12.529000	25.000000
10.866672	2.336489	6.004237	10.952169	2.325120	5.622142	-24.050200	13.151200	25.000000
10.866672	2.336489	6.004237	10.888985	2.317994	5.684766	-24.050200	14.248900	25.000000
10.866672	2.336489	6.004237	10.808793	2.337659	5.928926	-24.050200	14.871000	25.000000
10.866871	2.336471	6.004114	10.929776	2.339701	5.905043	-24.050200	15.968800	25.000000
10.866672	2.336489	6.004237	10.922454	2.340349	5.985624	-24.050200	16.590900	25.000000
10.866672	2.336489	6.004237	10.928811	2.339786	5.981972	-24.050200	17.688600	25.000000
10.866672	2.336489	6.004237	10.863241	2.345644	6.022583	-23.190200	-2.327760	25.000000
10.866672	2.336489	6.004237	10.868804	2.345143	6.018852	-23.190200	-1.230060	25.000000
10.866676	2.336489	6.004234	10.880666	2.370096	6.061228	-23.190200	-0.607879	25.000000
10.866676	2.336489	6.004234	10.879449	2.357114	6.062823	-23.190200	0.489821	25.000000
10.866672	2.336489	6.004237	10.912390	2.421037	6.280963	-23.190200	1.112000	25.000000
10.866672	2.336489	6.004237	10.920596	2.492545	0.014696	-23.190200	2.209700	25.000000
10.866672	2.336489	6.004237	9.923613	1.254153	5.686359	-23.190200	2.831880	25.000000
10.866672	2.336489	6.004237	11.498300	2.343906	5.803235	-23.190200	3.929580	25.000000
10.866672	2.336489	6.004237	10.709342	0.998477	5.568535	-23.190200	4.551760	25.000000
10.866672	2.336489	6.004237	10.882555	0.835512	5.691746	-23.190200	5.649460	25.000000
10.866672	2.336489	6.004237	10.988453	0.714626	6.046290	-23.190200	6.271640	25.000000
10.866672	2.336489	6.004237	10.737323	0.757672	6.007306	-23.190200	7.369340	25.000000
10.866672	2.336489	6.004237	11.251116	0.700735	5.969281	-23.190200	7.991520	25.000000
10.866672	2.336489	6.004237	10.446531	0.783611	5.922827	-23.190200	9.089220	25.000000
10.866672	2.336489	6.004237	10.344564	1.256296	0.299246	-23.190200	9.711410	25.000000
10.866672	2.336489	6.004237	11.266321	0.830405	0.317948	-23.190200	10.809100	25.000000
10.866672	2.336489	6.004237	11.153576	1.606667	6.191908	-23.190200	11.431300	25.000000
10.866672	2.336489	6.004237	10.463582	2.441149	0.207282	-23.190200	12.529000	25.000000
10.866672	2.336489	6.004237	11.090086	2.338262	5.622142	-23.190200	13.151200	25.000000
10.866672	2.336489	6.004237	10.483320	2.368025	5.721692	-23.190200	14.248900	25.000000
10.866672	2.336489	6.004237	10.876580	2.331671	5.933330	-23.190200	14.871000	25.000000
10.866871	2.336471	6.004114	10.787029	2.352585	5.936646	-23.190200	15.968800	25.000000
10.866672	2.336489	6.004237	10.850995	2.333918	5.986843	-23.190200	16.590900	25.000000
10.866672	2.336489	6.004237	10.918260	2.340722	5.988063	-23.190200	17.688600	25.000000
10.866672	2.336489	6.004237	10.866941	2.345310	6.020095	-22.330300	-2.327760	25.000000
10.866672	2.336489	6.004237	10.868804	2.345143	6.018852	-22.330300	-1.230060	25.000000
10.866676	2.336489	6.004234	10.810754	2.363500	6.059942	-22.330300	-0.607879	25.000000
10.866676	2.336489	6.004234	10.904696	2.367833	6.042026	-22.330300	0.489821	25.000000
10.866672	2.336489	6.004237	10.789884	2.493179	6.212534	-22.330300	1.112000	25.000000
10.866672	2.336489	6.004237	10.780654	2.420896	6.219890	-22.330300	2.209700	25.000000
10.866672	2.336489	6.004237	11.158244	2.540119	6.216617	-22.330300	2.831880	25.000000
10.866672	2.336489	6.004237	10.462031	1.782662	5.903587	-22.330300	3.929580	25.000000
10.866672	2.336489	6.004237	10.227903	1.373985	5.926748	-22.330300	4.551760	25.000000
10.866672	2.336489	6.004237	11.490431	1.031572	5.641713	-22.330300	5.649460	25.000000
10.866672	2.336489	6.004237	11.123848	0.672762	5.819538	-22.330300	6.271640	25.000000
10.866672	2.336489	6.004237	10.591978	0.606977	6.066312	-22.330300	7.369340	25.000000
10.866672	2.336489	6.004237	10.930069	0.694268	5.905334	-22.330300	7.991520	25.000000
10.866672	2.336489	6.004237	10.773040	0.800731	6.189950	-22.330300	9.089220	25.000000
10.866672	2.336489	6.004237	10.580170	1.457132	0.484921	-22.330300	9.711410	25.000000
10.866672	2.336489	6.004237	11.162885	1.165639	0.176366	-22.330300	10.809100	25.000000
10.866672	2.336489	6.004237	10.228788	2.453297	6.035967	-22.330300	11.431300	25.000000
10.866672	2.336489	6.004237	11.488364	1.781254	0.387944	-22.330300	12.529000	25.000000
10.866672	2.336489	6.004237	10.634378	2.380477	5.831732	-22.330300	13.151200	25.000000
10.866672	2.336489	6.004237	11.080614	2.364502	5.727314	-22.330300	14.248900	25.000000
10.866672	2.336489	6.004237	10.846884	2.347121	5.944681	-22.330300	14.871000	25.000000
10.866871	2.336471	6.004114	10.882321	2.343929	5.965901	-22.330300	15.968800	25.000000
10.866672	2.336489	6.004237	10.848889	2.334104	5.988063	-22.330300	16.590900	25.000000
10.866672	2.336489	6.004237	10.912035	2.341275	5.991729	-22.330300	17.688600	25.000000
10.865979	2.336550	6.004202	10.868804	2.345143	6.018852	-21.470300	-2.327760	25.000000
10.865979	2.336550	6.004202	10.874447	2.331858	6.018493	-21.470300	-1.230060	25.000000
10.865983	2.336550	6.004199	10.890477	2.356100	6.053953	-21.470300	-0.607879	25.000000
10.865983	2.336550	6.004199	10.918333	2.366555	6.031858	-21.470300	0.489821	25.000000
10.865979	2.336550	6.004202	10.872723	2.439323	6.095563	-21.470300	1.112000	25.000000
10.865979	2.336550	6.004202	10.874838	2.439093	6.196262	-21.470300	2.209700	25.000000
10.865979	2.336550	6.004202	10.903376	2.394574	5.875103	-21.470300	2.831880	25.000000
10.865979	2.336550	6.004202	10.837550	2.414938	6.276241	-21.470300	3.929580	25.000000
10.865979	2.336550	6.004202	11.880762	1.659290	5.563560	-21.470300	4.551760	25.000000
10.865979	2.336550	6.004202	9.755286	1.381044	6.040738	-21.470300	5.649460	25.000000
10.865979	2.336550	6.004202	10.758253	0.956600	5.947047	-21.470300	6.271640	25.000000
10.865979	2.336550	6.004202	10.959471	0.866049	5.953859	-21.470300	7.369340	25.000000
10.865979	2.336550	6.004202	10.578488	0.921029	6.209509	-21.470300	7.991520	25.000000
10.865979	2.336550	6.004202	11.168635	1.076351	6.203761	-21.470300	9.089220	25.000000
10.865979	2.336550	6.004202	11.380338	1.314038	0.431139	-21.470300	9.711410	25.000000
10.865979	2.336550	6.004202	10.273758	1.667308	0.157110	-21.470300	10.809100	25.000000
10.865979	2.336550	6.004202	11.428053	2.144236	0.002083	-21.470300	11.431300	25.000000
10.865979	2.336550	6.004202	10.227923	2.438147	5.972907	-21.470300	12.529000	25.000000
10.865979	2.336550	6.004202	10.954908	2.363152	5.825352	-21.470300	13.151200	25.000000
10.865979	2.336550	6.004202	10.841587	2.360619	5.907545	-21.470300	14.248900	25.000000
10.865979	2.336550	6.004202	10.805651	2.350875	5.966787	-21.470300	14.871000	25.000000
10.866178	2.336533	6.004079	10.879173	2.331444	5.971065	-21.470300	15.968800	25.000000
10.866672	2.336489	6.004237	10.870676	2.344974	6.017610	-20.610400	-2.327760	25.000000
10.866676	2.336489	6.004234	10.850571	2.346788	6.031317	-20.610400	-0.607879	25.000000
10.866676	2.336489	6.004234	10.911444	2.367200	6.036935	-20.610400	0.489821	25.000000
10.866672	2.336489	6.004237	10.829755	2.429771	6.060837	-20.610400	1.112000	25.000000
10.866672	2.336489	6.004237	10.821017	2.402830	6.128867	-20.610400	2.209700	25.000000
10.866672	2.336489	6.004237	10.921154	2.589747	6.188730	-20.610400	2.831880	25.000000
10.866672	2.336489	6.004237	10.910403	2.524795	6.224523	-20.610400	3.929580	25.000000
10.866672	2.336489	6.004237	10.596698	2.161297	5.911118	-20.610400	4.551760	25.000000
10.866672	2.336489	6.004237	11.071134	1.606934	5.762918	-20.610400	5.649460	25.000000
10.866672	2.336489	6.004237	10.785291	1.426583	6.056386	-20.610400	6.271640	25.000000
10.866672	2.336489	6.004237	10.949014	1.430599	6.031495	-20.610400	7.369340	25.000000
10.866672	2.336489	6.004237	10.779573	1.511390	6.177044	-20.610400	7.991520	25.000000
10.866672	2.336489	6.004237	10.957304	1.518753	6.121642	-20.610400	9.089220	25.000000
10.866672	2.336489	6.004237	10.343544	2.166071	0.196251	-20.610400	9.711410	25.000000
10.866672	2.336489	6.004237	11.369525	1.711992	6.030881	-20.610400	10.809100	25.000000
10.866672	2.336489	6.004237	10.882555	2.467168	5.707427	-20.610400	11.431300	25.000000
10.866672	2.336489	6.004237	10.859098	2.398988	5.770796	-20.610400	12.529000	25.000000
10.866672	2.336489	6.004237	10.999545	2.346234	5.905043	-20.610400	13.151200	25.000000
10.866672	2.336489	6.004237	10.798148	2.377985	5.927549	-20.610400	14.248900	25.000000
10.866672	2.336489	6.004237	10.865984	2.332600	5.978328	-20.610400	14.871000	25.000000
10.866871	2.336471	6.004114	10.858287	2.346091	5.979377	-20.610400	15.968800	25.000000
10.866676	2.336489	6.004234	10.855989	2.359281	6.025529	-19.750500	-0.607879	25.000000
10.866676	2.336489	6.004234	10.855948	2.346302	6.027569	-19.750500	0.489821	25.000000
10.866672	2.336489	6.004237	10.834339	2.387895	6.042132	-19.750500	1.112000	25.000000
10.866672	2.336489	6.004237	10.869756	2.411611	6.080379	-19.750500	2.209700	25.000000
10.866672	2.336489	6.004237	10.816326	2.505360	6.084264	-19.750500	2.831880	25.000000
10.866672	2.336489	6.004237	10.930970	2.571119	6.250993	-19.750500	3.929580	25.000000
10.866672	2.336489	6.004237	11.494473	2.470247	5.734371	-19.750500	4.551760	25.000000
10.866672	2.336489	6.004237	10.262865	2.147969	0.009302	-19.750500	5.649460	25.000000
10.866672	2.336489	6.004237	10.881434	2.090080	6.106551	-19.750500	6.271640	25.000000
10.866672	2.336489	6.004237	10.824029	1.979330	6.066045	-19.750500	7.369340	25.000000
10.866672	2.336489	6.004237	10.713543	2.222710	6.009724	-19.750500	7.991520	25.000000
10.866672	2.336489	6.004237	11.048077	2.177588	5.957950	-19.750500	9.089220	25.000000
10.866672	2.336489	6.004237	10.797222	2.351648	5.895415	-19.750500	9.711410	25.000000
10.866672	2.336489	6.004237	10.854032	2.500672	5.695183	-19.750500	10.809100	25.000000
10.866672	2.336489	6.004237	10.937550	2.377893	5.860934	-19.750500	11.431300	25.000000
10.866672	2.336489	6.004237	10.760112	2.451783	5.780342	-19.750500	12.529000	25.000000
10.866672	2.336489	6.004237	10.830586	2.374862	5.949651	-19.750500	13.151200	25.000000
10.866672	2.336489	6.004237	10.905086	2.341894	5.953752	-19.750500	14.248900	25.000000
10.866672	2.336489	6.004237	10.916176	2.340907	5.989284	-19.750500	14.871000	25.000000
10.866871	2.336471	6.004114	10.854032	2.346475	5.981840	-19.750500	15.968800	25.000000
10.866676	2.336489	6.004234	10.927987	2.352674	6.026321	-18.890500	-0.607879	25.000000
10.866676	2.336489	6.004234	10.872516	2.357753	6.014191	-18.890500	0.489821	25.000000
10.866672	2.336489	6.004237	10.857882	2.372256	6.023436	-18.890500	1.112000	25.000000
10.866672	2.336489	6.004237	10.883731	2.383072	6.059590	-18.890500	2.209700	25.000000
10.866672	2.336489	6.004237	10.857329	2.455411	6.131420	-18.890500	2.831880	25.000000
10.866672	2.336489	6.004237	10.913295	2.478398	6.027377	-18.890500	3.929580	25.000000
10.866672	2.336489	6.004237	10.859945	2.564297	6.075863	-18.890500	4.551760	25.000000
10.866672	2.336489	6.004237	10.835354	2.639879	6.076381	-18.890500	5.649460	25.000000
10.866672	2.336489	6.004237	10.879839	2.651663	5.875472	-18.890500	6.271640	25.000000
10.866672	2.336489	6.004237	10.800468	2.626674	5.995330	-18.890500	7.369340	25.000000
10.866672	2.336489	6.004237	10.885311	2.650721	5.705993	-18.890500	7.991520	25.000000
10.866672	2.336489	6.004237	10.678015	2.609177	5.761751	-18.890500	9.089220	25.000000
10.866672	2.336489	6.004237	11.111256	2.470254	5.735322	-18.890500	9.711410	25.000000
10.866672	2.336489	6.004237	10.616026	2.531362	5.841593	-18.890500	10.809100	25.000000
10.866672	2.336489	6.004237	10.791663	2.365297	5.932154	-18.890500	11.431300	25.000000
10.866672	2.336489	6.004237	10.866462	2.398249	5.892578	-18.890500	12.529000	25.000000
10.866672	2.336489	6.004237	10.788239	2.352474	5.976717	-18.890500	13.151200	25.000000
10.866672	2.336489	6.004237	10.956847	2.350062	5.963463	-18.890500	14.248900	25.000000
10.866871	2.336471	6.004114	10.843546	2.347424	5.988013	-18.890500	15.968800	25.000000
10.866676	2.336489	6.004234	10.872557	2.344805	6.016369	-18.030600	-0.607879	25.000000
10.866676	2.336489	6.004234	10.870644	2.357925	6.015447	-18.030600	0.489821	25.000000
10.866672	2.336489	6.004237	10.861473	2.371914	6.020878	-18.030600	1.112000	25.000000
10.866672	2.336489	6.004237	10.843634	2.360428	6.034395	-18.030600	2.209700	25.000000
10.866672	2.336489	6.004237	10.931281	2.433016	6.037525	-18.030600	2.831880	25.000000
10.866672	2.336489	6.004237	10.902642	2.394647	6.046065	-18.030600	3.929580	25.000000
10.866672	2.336489	6.004237	10.805998	2.491213	6.073800	-18.030600	4.551760	25.000000
10.866672	2.336489	6.004237	10.941737	2.505225	5.976998	-18.030600	5.649460	25.000000
10.866672	2.336489	6.004237	10.846732	2.549443	5.939495	-18.030600	6.271640	25.000000
10.866672	2.336489	6.004237	10.872447	2.562534	5.938579	-18.030600	7.369340	25.000000
10.866672	2.336489	6.004237	10.907135	2.541260	5.893638	-18.030600	7.991520	25.000000
10.866672	2.336489	6.004237	10.883933	2.481859	5.866483	-18.030600	9.089220	25.000000
10.866672	2.336489	6.004237	10.760576	2.423023	5.952506	-18.030600	9.711410	25.000000
10.866672	2.336489	6.004237	10.918333	2.420418	5.869186	-18.030600	10.809100	25.000000
10.866672	2.336489	6.004237	10.763015	2.381401	5.946510	-18.030600	11.431300	25.000000
10.866672	2.336489	6.004237	10.889559	2.356184	5.959381	-18.030600	12.529000	25.000000
10.866672	2.336489	6.004237	10.843546	2.347424	5.988013	-18.030600	13.151200	25.000000
10.866672	2.336489	6.004237	10.862578	2.345703	5.976918	-18.030600	14.248900	25.000000
10.865983	2.336550	6.004199	10.876346	2.344465	6.013890	-17.170600	0.489821	25.000000
10.865979	2.336550	6.004202	10.866927	2.358269	6.017963	-17.170600	1.112000	25.000000
10.865979	2.336550	6.004202	10.863245	2.358609	6.020481	-17.170600	2.209700	25.000000
10.865979	2.336550	6.004202	10.870607	2.371048	6.014501	-17.170600	2.831880	25.000000
10.865979	2.336550	6.004202	10.849995	2.399902	6.032250	-17.170600	3.929580	25.000000
10.865979	2.336550	6.004202	10.967228	2.415361	6.003565	-17.170600	4.551760	25.000000
10.865979	2.336550	6.004202	10.824306	2.444626	6.015166	-17.170600	5.649460	25.000000
10.865979	2.336550	6.004202	10.951913	2.444932	5.976735	-17.170600	6.271640	25.000000
10.865979	2.336550	6.004202	10.816048	2.445539	5.971010	-17.170600	7.369340	25.000000
10.865979	2.336550	6.004202	10.881562	2.424270	5.967624	-17.170600	7.991520	25.000000
10.865979	2.336550	6.004202	10.875679	2.424890	5.928674	-17.170600	9.089220	25.000000
10.865979	2.336550	6.004202	10.918832	2.379685	5.940875	-17.170600	9.711410	25.000000
10.865979	2.336550	6.004202	10.798537	2.391434	5.968307	-17.170600	10.809100	25.000000
10.865979	2.336550	6.004202	10.915933	2.353771	5.986777	-17.170600	11.431300	25.000000
10.865979	2.336550	6.004202	10.945775	2.351061	5.969565	-17.170600	12.529000	25.000000
10.865979	2.336550	6.004202	10.837361	2.347985	5.991729	-17.170600	13.151200	25.000000
10.865979	2.336550	6.004202	10.847714	2.347046	5.985541	-17.170600	14.248900	25.000000
10.866178	2.336533	6.004079	10.837361	2.347985	5.991729	-17.170600	15.968800	25.000000
10.866672	2.336489	6.004237	10.878185	2.357230	6.010427	-16.310700	1.112000	25.000000
10.866672	2.336489	6.004237	10.868804	2.345143	6.018852	-16.310700	2.209700	25.000000
10.866672	2.336489	6.004237	10.883768	2.369803	6.005609	-16.310700	2.831880	25.000000
10.866672	2.336489	6.004237	10.863282	2.371743	6.019601	-16.310700	3.929580	25.000000
10.866672	2.336489	6.004237	10.823419	2.388970	5.998202	-16.310700	4.551760	25.000000
10.866672	2.336489	6.004237	10.874282	2.383989	6.012238	-16.310700	5.649460	25.000000
10.866672	2.336489	6.004237	10.845391	2.400366	5.985188	-16.310700	6.271640	25.000000
10.866672	2.336489	6.004237	10.839077	2.387429	5.987857	-16.310700	7.369340	25.000000
10.866672	2.336489	6.004237	10.782745	2.379479	5.977576	-16.310700	7.991520	25.000000
10.866672	2.336489	6.004237	10.938652	2.391098	5.971184	-16.310700	9.089220	25.000000
10.866672	2.336489	6.004237	10.861400	2.371921	5.973986	-16.310700	9.711410	25.000000
10.866672	2.336489	6.004237	10.924285	2.353010	5.981840	-16.310700	10.809100	25.000000
10.866672	2.336489	6.004237	10.924285	2.353010	5.981840	-16.310700	11.431300	25.000000
10.866672	2.336489	6.004237	10.907722	2.354520	5.991729	-16.310700	12.529000	25.000000
10.866672	2.336489	6.004237	10.833282	2.348355	5.994210	-16.310700	13.151200	25.000000
10.866672	2.336489	6.004237	10.950256	2.350656	6.011413	-15.450800	2.209700	25.000000
10.866672	2.336489	6.004237	10.945433	2.364031	6.012936	-15.450800	2.831880	25.000000
10.866672	2.336489	6.004237	10.883933	2.356701	6.006671	-15.450800	3.929580	25.000000
10.866672	2.336489	6.004237	10.822056	2.362441	5.999286	-15.450800	4.551760	25.000000
10.866672	2.336489	6.004237	10.883768	2.369803	6.005609	-15.450800	5.649460	25.000000
10.866672	2.336489	6.004237	10.832617	2.374667	5.991729	-15.450800	6.271640	25.000000
10.866672	2.336489	6.004237	10.830628	2.374858	5.993003	-15.450800	7.369340	25.000000
10.866672	2.336489	6.004237	10.913428	2.367014	5.986709	-15.450800	7.991520	25.000000
10.866672	2.336489	6.004237	10.838086	2.360945	5.989217	-15.450800	9.089220	25.000000
10.866672	2.336489	6.004237	10.835317	2.348170	5.992969	-15.450800	9.711410	25.000000
10.866672	2.336489	6.004237	10.779745	2.353256	5.981705	-15.450800	10.809100	25.000000
10.866672	2.336489	6.004237	10.843546	2.347424	5.988013	-15.450800	11.431300	25.000000
10.866672	2.336489	6.004237	10.833282	2.348355	5.994210	-15.450800	12.529000	25.000000
10.866672	2.336489	6.004237	10.813418	2.350165	6.006671	-14.590800	2.209700	25.000000
10.866672	2.336489	6.004237	10.885867	2.356523	6.005421	-14.590800	2.831880	25.000000
10.866672	2.336489	6.004237	10.815364	2.349987	6.005421	-14.590800	3.929580	25.000000
10.866672	2.336489	6.004237	10.751135	2.355905	5.999286	-14.590800	4.551760	25.000000
10.866672	2.336489	6.004237	10.885867	2.356523	6.005421	-14.590800	5.649460	25.000000
10.866672	2.336489	6.004237	10.828001	2.361885	5.995503	-14.590800	6.271640	25.000000
10.866672	2.336489	6.004237	10.895669	2.355623	5.999184	-14.590800	7.369340	25.000000
10.866672	2.336489	6.004237	10.832008	2.361511	5.992986	-14.590800	7.991520	25.000000
10.866672	2.336489	6.004237	10.907722	2.354520	5.991729	-14.590800	9.089220	25.000000
10.866672	2.336489	6.004237	10.835317	2.348170	5.992969	-14.590800	9.711410	25.000000
10.866672	2.336489	6.004237	10.905691	2.354706	5.992969	-14.590800	10.809100	25.000000
10.866672	2.336489	6.004237	10.837361	2.347985	5.991729	-14.590800	11.431300	25.000000
10.866672	2.336489	6.004237	10.819284	2.349630	6.002923	-13.730900	2.831880	25.000000
10.866672	2.336489	6.004237	10.891722	2.355985	6.001676	-13.730900	5.649460	25.000000
10.866672	2.336489	6.004237	10.963831	2.349433	6.002774	-13.730900	7.369340	25.000000
10.866672	2.336489	6.004237	10.829238	2.348723	5.996695	-13.730900	7.991520	25.000000
10.866672	2.336489	6.004237	10.833282	2.348355	5.994210	-13.730900	9.711410	25.000000
10.865979	2.336550	6.004202	10.819284	2.349630	6.002923	-12.870900	3.929580	25.000000
10.865979	2.336550	6.004202	10.821257	2.349450	6.001676	-12.870900	4.551760	25.000000
10.865979	2.336550	6.004202	10.825230	2.349088	5.999184	-12.870900	6.271640	25.000000
10.865979	2.336550	6.004202	10.825230	2.349088	5.999184	-12.870900	7.369340	25.000000
10.865979	2.336550	6.004202	10.829238	2.348723	5.996695	-12.870900	7.991520	25.000000
10.866672	2.336489	6.004237	10.825230	2.349088	5.999184	-12.011000	5.649460	25.000000
