10.866527	2.070829	3.719599	10.841587	2.081577	3.723730	18.634800	6.290080	25.000000
10.866479	2.070831	3.719590	10.867382	2.080247	3.709130	18.634800	12.071900	25.000000
10.866479	2.070831	3.719590	10.867382	2.080247	3.709130	18.634800	13.169600	25.000000
10.866479	2.070831	3.719590	10.841587	2.081577	3.723730	18.634800	13.791800	25.000000
10.866479	2.070831	3.719590	10.841587	2.081577	3.723730	18.634800	14.889500	25.000000
10.866479	2.070831	3.719590	10.890822	2.089587	3.723730	18.634800	16.609400	25.000000
10.866959	2.070807	3.719678	10.841587	2.081577	3.723730	18.634800	18.329300	25.000000
10.866479	2.070831	3.719590	10.841587	2.081577	3.723730	18.634800	18.951400	25.000000
10.866479	2.070831	3.719590	10.841587	2.081577	3.723730	18.634800	20.049100	25.000000
10.866479	2.070831	3.719590	10.889904	2.079092	3.732511	18.634800	20.671300	25.000000
10.866479	2.070831	3.719590	10.841587	2.081577	3.723730	18.634800	21.769000	25.000000
10.866479	2.070831	3.719590	10.889904	2.079092	3.732511	18.634800	23.488900	25.000000
10.866479	2.070831	3.719590	10.889904	2.079092	3.732511	18.634800	24.111100	25.000000
10.866479	2.070831	3.719590	10.841587	2.081577	3.723730	18.634800	25.208800	25.000000
10.865744	2.070868	3.719647	10.841587	2.081577	3.723730	19.494700	13.791800	25.000000
10.865744	2.070868	3.719647	10.841587	2.081577	3.723730	19.494700	15.511700	25.000000
10.865744	2.070868	3.719647	10.890822	2.089587	3.723730	19.494700	17.231500	25.000000
10.866224	2.070844	3.719735	10.890822	2.089587	3.723730	19.494700	18.329300	25.000000
10.865744	2.070868	3.719647	10.890822	2.089587	3.723730	19.494700	18.951400	25.000000
10.865744	2.070868	3.719647	10.889904	2.079092	3.732511	19.494700	20.049100	25.000000
10.865744	2.070868	3.719647	10.866922	2.090843	3.738419	19.494700	20.671300	25.000000
10.865744	2.070868	3.719647	10.938921	2.087078	3.732511	19.494700	21.769000	25.000000
10.865744	2.070868	3.719647	10.889904	2.079092	3.732511	19.494700	22.391200	25.000000
10.865744	2.070868	3.719647	10.889904	2.079092	3.732511	19.494700	23.488900	25.000000
10.865744	2.070868	3.719647	10.841587	2.071035	3.732511	19.494700	25.830900	25.000000
10.865744	2.070868	3.719647	10.841587	2.081577	3.723730	19.494700	30.368400	25.000000
10.865744	2.070868	3.719647	10.841587	2.071035	3.732511	19.494700	33.808200	25.000000
10.866479	2.070831	3.719590	10.867382	2.080247	3.709130	20.354700	13.791800	25.000000
10.866479	2.070831	3.719590	10.963576	2.085802	3.717968	20.354700	14.889500	25.000000
10.866479	2.070831	3.719590	10.890822	2.089587	3.723730	20.354700	15.511700	25.000000
10.866479	2.070831	3.719590	10.843431	2.092084	3.714847	20.354700	16.609400	25.000000
10.866479	2.070831	3.719590	10.890822	2.089587	3.723730	20.354700	17.231500	25.000000
10.866959	2.070807	3.719678	10.818503	2.093408	3.729595	20.354700	18.329300	25.000000
10.866479	2.070831	3.719590	10.890822	2.089587	3.723730	20.354700	18.951400	25.000000
10.866479	2.070831	3.719590	10.818503	2.093408	3.729595	20.354700	20.049100	25.000000
10.866479	2.070831	3.719590	10.890822	2.089587	3.723730	20.354700	20.671300	25.000000
10.866479	2.070831	3.719590	10.817578	2.082821	3.738419	20.354700	21.769000	25.000000
10.866479	2.070831	3.719590	10.889904	2.079092	3.732511	20.354700	22.391200	25.000000
10.866479	2.070831	3.719590	10.841587	2.081577	3.723730	20.354700	23.488900	25.000000
10.866479	2.070831	3.719590	10.889904	2.079092	3.732511	20.354700	24.111100	25.000000
10.866479	2.070831	3.719590	10.841587	2.071035	3.732511	20.354700	25.208800	25.000000
10.866479	2.070831	3.719590	10.889904	2.079092	3.732511	20.354700	25.830900	25.000000
10.866959	2.070807	3.719678	10.889904	2.079092	3.732511	20.354700	26.928700	25.000000
10.866479	2.070831	3.719590	10.793980	2.084050	3.714847	21.214600	13.169600	25.000000
10.866479	2.070831	3.719590	10.793980	2.084050	3.714847	21.214600	13.791800	25.000000
10.866479	2.070831	3.719590	10.843431	2.092084	3.714847	21.214600	14.889500	25.000000
10.866479	2.070831	3.719590	10.843431	2.092084	3.714847	21.214600	15.511700	25.000000
10.866479	2.070831	3.719590	10.893576	2.100045	3.714847	21.214600	16.609400	25.000000
10.866479	2.070831	3.719590	10.868763	2.101381	3.729595	21.214600	17.231500	25.000000
10.866959	2.070807	3.719678	10.821275	2.103957	3.720667	21.214600	18.329300	25.000000
10.866479	2.070831	3.719590	10.797222	2.105272	3.735565	21.214600	18.951400	25.000000
10.866479	2.070831	3.719590	10.797222	2.105272	3.735565	21.214600	20.049100	25.000000
10.866479	2.070831	3.719590	10.845736	2.102627	3.744431	21.214600	20.671300	25.000000
10.866479	2.070831	3.719590	10.868763	2.101381	3.729595	21.214600	21.769000	25.000000
10.866479	2.070831	3.719590	10.866922	2.090843	3.738419	21.214600	22.391200	25.000000
10.866479	2.070831	3.719590	10.866922	2.090843	3.738419	21.214600	23.488900	25.000000
10.866479	2.070831	3.719590	10.889904	2.079092	3.732511	21.214600	24.111100	25.000000
10.866479	2.070831	3.719590	10.841587	2.081577	3.723730	21.214600	25.208800	25.000000
10.866479	2.070831	3.719590	10.889904	2.079092	3.732511	21.214600	25.830900	25.000000
10.866959	2.070807	3.719678	10.841587	2.071035	3.732511	21.214600	26.928700	25.000000
10.866479	2.070831	3.719590	10.841587	2.071035	3.732511	21.214600	27.550800	25.000000
10.866959	2.070807	3.719678	10.841587	2.081577	3.723730	21.214600	34.430400	25.000000
10.866575	2.070826	3.719608	10.841587	2.081577	3.723730	22.074600	8.632150	25.000000
10.866479	2.070831	3.719590	10.867382	2.080247	3.709130	22.074600	11.449700	25.000000
10.866479	2.070831	3.719590	10.867382	2.080247	3.709130	22.074600	12.071900	25.000000
10.866479	2.070831	3.719590	10.963576	2.085802	3.717968	22.074600	13.169600	25.000000
10.866479	2.070831	3.719590	10.963576	2.085802	3.717968	22.074600	13.791800	25.000000
10.866479	2.070831	3.719590	10.843431	2.092084	3.714847	22.074600	14.889500	25.000000
10.866479	2.070831	3.719590	10.940750	2.097525	3.723730	22.074600	15.511700	25.000000
10.866479	2.070831	3.719590	10.847119	2.102552	3.705861	22.074600	16.609400	25.000000
10.866479	2.070831	3.719590	10.853110	2.123741	3.726592	22.074600	17.231500	25.000000
10.866959	2.070807	3.719678	10.919707	2.109279	3.729595	22.074600	18.329300	25.000000
10.866479	2.070831	3.719590	10.782393	2.127793	3.732626	22.074600	18.951400	25.000000
10.866479	2.070831	3.719590	10.900459	2.121062	3.735565	22.074600	20.049100	25.000000
10.866479	2.070831	3.719590	10.948516	2.118372	3.744431	22.074600	20.671300	25.000000
10.866479	2.070831	3.719590	10.777755	2.117166	3.741643	22.074600	21.769000	25.000000
10.866479	2.070831	3.719590	10.896789	2.110536	3.744431	22.074600	22.391200	25.000000
10.866479	2.070831	3.719590	10.916959	2.098792	3.738419	22.074600	23.488900	25.000000
10.866479	2.070831	3.719590	10.866922	2.090843	3.738419	22.074600	24.111100	25.000000
10.866479	2.070831	3.719590	10.817578	2.082821	3.738419	22.074600	25.208800	25.000000
10.866479	2.070831	3.719590	10.889904	2.079092	3.732511	22.074600	25.830900	25.000000
10.866959	2.070807	3.719678	10.817578	2.082821	3.738419	22.074600	26.928700	25.000000
10.866479	2.070831	3.719590	10.889904	2.079092	3.732511	22.074600	27.550800	25.000000
10.866479	2.070831	3.719590	10.841587	2.071035	3.732511	22.074600	28.648500	25.000000
10.866527	2.070829	3.719599	10.841587	2.081577	3.723730	22.934500	6.912260	25.000000
10.866479	2.070831	3.719590	10.793980	2.084050	3.714847	22.934500	13.169600	25.000000
10.866479	2.070831	3.719590	10.843431	2.092084	3.714847	22.934500	13.791800	25.000000
10.866479	2.070831	3.719590	10.796759	2.094568	3.705861	22.934500	14.889500	25.000000
10.866479	2.070831	3.719590	10.898165	2.110461	3.705861	22.934500	15.511700	25.000000
10.866479	2.070831	3.719590	10.893576	2.100045	3.714847	22.934500	16.609400	25.000000
10.866479	2.070831	3.719590	10.806480	2.126406	3.717511	22.934500	17.231500	25.000000
10.866959	2.070807	3.719678	10.889444	2.143384	3.732626	22.934500	18.329300	25.000000
10.866479	2.070831	3.719590	10.943948	2.151064	3.732626	22.934500	18.951400	25.000000
10.866479	2.070831	3.719590	10.874741	2.155242	3.738769	22.934500	20.049100	25.000000
10.866479	2.070831	3.719590	10.847119	2.145902	3.763119	22.934500	20.671300	25.000000
10.866479	2.070831	3.719590	10.798611	2.148816	3.754130	22.934500	21.769000	25.000000
10.866479	2.070831	3.719590	10.858177	2.123453	3.765616	22.934500	22.391200	25.000000
10.866479	2.070831	3.719590	10.793053	2.138127	3.763119	22.934500	23.488900	25.000000
10.866479	2.070831	3.719590	10.894953	2.099971	3.753190	22.934500	24.111100	25.000000
10.866479	2.070831	3.719590	10.874741	2.101058	3.768038	22.934500	25.208800	25.000000
10.866479	2.070831	3.719590	10.866922	2.090843	3.738419	22.934500	25.830900	25.000000
10.866959	2.070807	3.719678	10.889904	2.079092	3.732511	22.934500	26.928700	25.000000
10.866479	2.070831	3.719590	10.841587	2.071035	3.732511	22.934500	27.550800	25.000000
10.866479	2.070831	3.719590	10.841587	2.081577	3.723730	22.934500	32.088300	25.000000
10.866575	2.070826	3.719608	10.867382	2.080247	3.709130	23.794500	8.632150	25.000000
10.866383	2.070836	3.719572	10.867382	2.080247	3.709130	23.794500	10.352000	25.000000
10.866479	2.070831	3.719590	10.867382	2.080247	3.709130	23.794500	12.071900	25.000000
10.866479	2.070831	3.719590	10.793980	2.084050	3.714847	23.794500	13.169600	25.000000
10.866479	2.070831	3.719590	10.916501	2.088244	3.709130	23.794500	13.791800	25.000000
10.866479	2.070831	3.719590	10.916501	2.088244	3.709130	23.794500	14.889500	25.000000
10.866479	2.070831	3.719590	10.832359	2.124923	3.702493	23.794500	15.511700	25.000000
10.866479	2.070831	3.719590	10.898165	2.110461	3.705861	23.794500	16.609400	25.000000
10.866479	2.070831	3.719590	10.863241	2.167026	3.704909	23.794500	17.231500	25.000000
10.866959	2.070807	3.719678	10.913295	2.141976	3.717511	23.794500	18.329300	25.000000
10.866479	2.070831	3.719590	10.839280	2.191023	3.717017	23.794500	18.951400	25.000000
10.866479	2.070831	3.719590	10.853571	2.201444	3.748580	23.794500	20.049100	25.000000
10.866479	2.070831	3.719590	10.828666	2.214621	3.771238	23.794500	20.671300	25.000000
10.866479	2.070831	3.719590	10.876121	2.211350	3.780507	23.794500	21.769000	25.000000
10.866479	2.070831	3.719590	10.907795	2.164257	3.809425	23.794500	22.391200	25.000000
10.866479	2.070831	3.719590	10.813880	2.181370	3.782836	23.794500	23.488900	25.000000
10.866479	2.070831	3.719590	10.842509	2.135223	3.771994	23.794500	24.111100	25.000000
10.866479	2.070831	3.719590	10.908254	2.120624	3.774341	23.794500	25.208800	25.000000
10.866479	2.070831	3.719590	10.916043	2.088268	3.747137	23.794500	25.830900	25.000000
10.866959	2.070807	3.719678	10.824509	2.103781	3.759348	23.794500	26.928700	25.000000
10.866479	2.070831	3.719590	10.889904	2.079092	3.732511	23.794500	27.550800	25.000000
10.866479	2.070831	3.719590	10.889904	2.079092	3.732511	23.794500	28.648500	25.000000
10.866479	2.070831	3.719590	10.841587	2.071035	3.732511	23.794500	30.368400	25.000000
10.866959	2.070807	3.719678	10.841587	2.081577	3.723730	23.794500	34.430400	25.000000
10.866479	2.070831	3.719590	10.867382	2.080247	3.709130	24.654400	12.071900	25.000000
10.866479	2.070831	3.719590	10.867382	2.080247	3.709130	24.654400	13.169600	25.000000
10.866479	2.070831	3.719590	10.843431	2.092084	3.714847	24.654400	13.791800	25.000000
10.866479	2.070831	3.719590	10.796759	2.094568	3.705861	24.654400	14.889500	25.000000
10.866479	2.070831	3.719590	10.807868	2.115472	3.687578	24.654400	15.511700	25.000000
10.866479	2.070831	3.719590	10.930691	2.130124	3.711633	24.654400	16.609400	25.000000
10.866479	2.070831	3.719590	10.830051	2.203030	3.723246	24.654400	17.231500	25.000000
10.866959	2.070807	3.719678	10.889904	2.165365	3.689617	24.654400	18.329300	25.000000
10.866479	2.070831	3.719590	10.984535	2.238332	3.745671	24.654400	18.951400	25.000000
10.866479	2.070831	3.719590	10.815729	2.299224	3.733032	24.654400	20.049100	25.000000
10.866479	2.070831	3.719590	10.942120	2.313505	3.795019	24.654400	20.671300	25.000000
10.866479	2.070831	3.719590	10.861860	2.320310	3.837941	24.654400	21.769000	25.000000
10.866479	2.070831	3.719590	10.724272	2.245609	3.842447	24.654400	22.391200	25.000000
10.866479	2.070831	3.719590	10.973149	2.286498	3.884282	24.654400	23.488900	25.000000
10.866479	2.070831	3.719590	11.047624	2.166639	3.857336	24.654400	24.111100	25.000000
10.866479	2.070831	3.719590	10.691118	2.177993	3.789650	24.654400	25.208800	25.000000
10.866479	2.070831	3.719590	10.890822	2.110864	3.797941	24.654400	25.830900	25.000000
10.866959	2.070807	3.719678	10.824509	2.103781	3.759348	24.654400	26.928700	25.000000
10.866479	2.070831	3.719590	10.844814	2.092011	3.753190	24.654400	27.550800	25.000000
10.866479	2.070831	3.719590	10.817578	2.082821	3.738419	24.654400	28.648500	25.000000
10.866479	2.070831	3.719590	10.889904	2.079092	3.732511	24.654400	29.270700	25.000000
10.866479	2.070831	3.719590	10.889904	2.079092	3.732511	24.654400	30.368400	25.000000
10.866479	2.070831	3.719590	10.841587	2.071035	3.732511	24.654400	30.990600	25.000000
10.866383	2.070836	3.719572	10.793980	2.084050	3.714847	25.514300	10.352000	25.000000
10.866479	2.070831	3.719590	10.867382	2.080247	3.709130	25.514300	12.071900	25.000000
10.866479	2.070831	3.719590	10.867382	2.080247	3.709130	25.514300	13.169600	25.000000
10.866479	2.070831	3.719590	10.870143	2.090674	3.700192	25.514300	13.791800	25.000000
10.866479	2.070831	3.719590	10.796759	2.094568	3.705861	25.514300	14.889500	25.000000
10.866479	2.070831	3.719590	10.816192	2.125849	3.678281	25.514300	15.511700	25.000000
10.866479	2.070831	3.719590	10.984079	2.137840	3.711633	25.514300	16.609400	25.000000
10.866479	2.070831	3.719590	10.786102	2.252917	3.653331	25.514300	17.231500	25.000000
10.866959	2.070807	3.719678	10.991360	2.192321	3.695447	25.514300	18.329300	25.000000
10.866479	2.070831	3.719590	10.753139	2.423814	3.725674	25.514300	18.951400	25.000000
10.866479	2.070831	3.719590	10.830051	2.323047	3.701532	25.514300	20.049100	25.000000
10.866479	2.070831	3.719590	10.896789	2.436717	3.796425	25.514300	20.671300	25.000000
10.866479	2.070831	3.719590	10.911920	2.435089	3.867063	25.514300	21.769000	25.000000
10.866479	2.070831	3.719590	11.022250	2.383000	3.992318	25.514300	22.391200	25.000000
10.866479	2.070831	3.719590	10.649883	2.406535	3.936891	25.514300	23.488900	25.000000
10.866479	2.070831	3.719590	11.005908	2.308197	3.987785	25.514300	24.111100	25.000000
10.866479	2.070831	3.719590	10.747093	2.220330	3.902203	25.514300	25.208800	25.000000
10.866479	2.070831	3.719590	11.035398	2.113578	3.829556	25.514300	25.830900	25.000000
10.866959	2.070807	3.719678	10.658330	2.168735	3.830517	25.514300	26.928700	25.000000
10.866479	2.070831	3.719590	10.774043	2.095787	3.759348	25.514300	27.550800	25.000000
10.866479	2.070831	3.719590	10.945775	2.086723	3.770389	25.514300	28.648500	25.000000
10.866479	2.070831	3.719590	10.817578	2.082821	3.738419	25.514300	29.270700	25.000000
10.866479	2.070831	3.719590	10.889904	2.079092	3.732511	25.514300	30.368400	25.000000
10.866959	2.070807	3.719678	10.841587	2.081577	3.723730	25.514300	34.430400	25.000000
10.866479	2.070831	3.719590	10.889904	2.079092	3.732511	25.514300	42.407600	25.000000
10.866383	2.070836	3.719572	10.867382	2.080247	3.709130	26.374300	10.352000	25.000000
10.866479	2.070831	3.719590	10.820813	2.082653	3.700192	26.374300	12.071900	25.000000
10.866479	2.070831	3.719590	10.963576	2.085802	3.717968	26.374300	13.169600	25.000000
10.866479	2.070831	3.719590	10.970871	2.106496	3.700192	26.374300	13.791800	25.000000
10.866479	2.070831	3.719590	10.796759	2.094568	3.705861	26.374300	14.889500	25.000000
10.866479	2.070831	3.719590	10.700000	2.132596	3.674437	26.374300	15.511700	25.000000
10.866479	2.070831	3.719590	10.948973	2.150764	3.693248	26.374300	16.609400	25.000000
10.866479	2.070831	3.719590	11.067972	2.279073	3.706497	26.374300	17.231500	25.000000
10.866959	2.070807	3.719678	10.715876	2.246236	3.599893	26.374300	18.329300	25.000000
10.866479	2.070831	3.719590	10.719142	2.358893	3.622990	26.374300	18.951400	25.000000
10.866479	2.070831	3.719590	11.035851	2.343015	3.747137	26.374300	20.049100	25.000000
10.866479	2.070831	3.719590	11.187046	2.105421	3.749765	26.374300	20.671300	25.000000
10.866479	2.070831	3.719590	10.649413	2.102578	3.653982	26.374300	21.769000	25.000000
10.866479	2.070831	3.719590	10.568822	2.174515	3.796588	26.374300	22.391200	25.000000
10.866479	2.070831	3.719590	11.148543	2.097062	3.787168	26.374300	23.488900	25.000000
10.866479	2.070831	3.719590	11.222299	2.210585	3.997739	26.374300	24.111100	25.000000
10.866479	2.070831	3.719590	10.475209	2.252426	3.900910	26.374300	25.208800	25.000000
10.866479	2.070831	3.719590	10.404807	2.221177	3.884282	26.374300	25.830900	25.000000
10.866959	2.070807	3.719678	11.326959	2.181998	3.980375	26.374300	26.928700	25.000000
10.866479	2.070831	3.719590	11.014082	2.093657	3.808150	26.374300	27.550800	25.000000
10.866479	2.070831	3.719590	10.770794	2.117559	3.795963	26.374300	28.648500	25.000000
10.866479	2.070831	3.719590	10.795369	2.083978	3.753190	26.374300	29.270700	25.000000
10.866479	2.070831	3.719590	10.938921	2.076598	3.741189	26.374300	30.368400	25.000000
10.866479	2.070831	3.719590	10.841587	2.071035	3.732511	26.374300	32.088300	25.000000
10.866383	2.070836	3.719572	10.867382	2.080247	3.709130	27.234200	10.352000	25.000000
10.866479	2.070831	3.719590	10.820813	2.082653	3.700192	27.234200	12.071900	25.000000
10.866479	2.070831	3.719590	10.843431	2.092084	3.714847	27.234200	13.169600	25.000000
10.866479	2.070831	3.719590	10.843431	2.092084	3.714847	27.234200	13.791800	25.000000
10.866479	2.070831	3.719590	10.874741	2.101058	3.691153	27.234200	14.889500	25.000000
10.866479	2.070831	3.719590	10.835590	2.168759	3.655199	27.234200	15.511700	25.000000
10.866479	2.070831	3.719590	10.860018	2.123348	3.687578	27.234200	16.609400	25.000000
10.866479	2.070831	3.719590	10.681760	2.273078	3.544874	27.234200	17.231500	25.000000
10.866959	2.070807	3.719678	11.120252	2.348188	3.656044	27.234200	18.329300	25.000000
10.866479	2.070831	3.719590	9.211949	2.144532	3.389706	27.234200	18.951400	25.000000
10.866479	2.070831	3.719590	12.243366	2.169498	3.947967	27.234200	20.049100	25.000000
10.866479	2.070831	3.719590	11.033354	1.700769	3.777781	27.234200	20.671300	25.000000
10.866479	2.070831	3.719590	10.799764	1.530970	3.654992	27.234200	21.769000	25.000000
10.866479	2.070831	3.719590	10.845036	1.599191	3.663027	27.234200	22.391200	25.000000
10.866479	2.070831	3.719590	10.861103	1.539763	3.683592	27.234200	23.488900	25.000000
10.866479	2.070831	3.719590	11.345047	1.658170	3.680495	27.234200	24.111100	25.000000
10.866479	2.070831	3.719590	10.372314	1.771715	3.556820	27.234200	25.208800	25.000000
10.866479	2.070831	3.719590	9.812747	2.215872	3.800399	27.234200	25.830900	25.000000
10.866959	2.070807	3.719678	11.813552	2.026587	3.913658	27.234200	26.928700	25.000000
10.866479	2.070831	3.719590	10.610844	2.137894	3.832039	27.234200	27.550800	25.000000
10.866479	2.070831	3.719590	11.102252	2.131077	3.919472	27.234200	28.648500	25.000000
10.866479	2.070831	3.719590	10.703738	2.099595	3.765616	27.234200	29.270700	25.000000
10.866479	2.070831	3.719590	10.896789	2.078740	3.770389	27.234200	30.368400	25.000000
10.866479	2.070831	3.719590	10.817578	2.082821	3.738419	27.234200	30.990600	25.000000
10.866479	2.070831	3.719590	10.841587	2.071035	3.732511	27.234200	32.088300	25.000000
10.866479	2.070831	3.719590	10.841587	2.071035	3.732511	27.234200	33.808200	25.000000
10.865744	2.070868	3.719647	10.867382	2.080247	3.709130	28.094100	12.071900	25.000000
10.865744	2.070868	3.719647	10.867382	2.080247	3.709130	28.094100	13.169600	25.000000
10.865744	2.070868	3.719647	10.920165	2.098621	3.700192	28.094100	13.791800	25.000000
10.865744	2.070868	3.719647	10.830051	2.103479	3.682012	28.094100	14.889500	25.000000
10.865744	2.070868	3.719647	10.835590	2.168759	3.655199	28.094100	15.511700	25.000000
10.865744	2.070868	3.719647	10.899541	2.131914	3.663427	28.094100	16.609400	25.000000
10.865744	2.070868	3.719647	10.966312	2.401826	3.544708	28.094100	17.231500	25.000000
10.866224	2.070844	3.719735	10.742905	2.292815	3.549742	28.094100	18.329300	25.000000
10.865744	2.070868	3.719647	9.945351	2.309976	3.403071	28.094100	18.951400	25.000000
10.865744	2.070868	3.719647	11.704700	1.777307	3.939336	28.094100	20.049100	25.000000
10.865744	2.070868	3.719647	10.233768	1.104599	3.668880	28.094100	20.671300	25.000000
10.865744	2.070868	3.719647	11.462548	1.350928	3.876401	28.094100	21.769000	25.000000
10.865744	2.070868	3.719647	11.055315	1.101486	3.783065	28.094100	22.391200	25.000000
10.865744	2.070868	3.719647	10.634378	1.123467	3.665913	28.094100	23.488900	25.000000
10.865744	2.070868	3.719647	10.683632	1.363390	3.402811	28.094100	24.111100	25.000000
10.865744	2.070868	3.719647	10.973149	1.197672	3.491200	28.094100	25.208800	25.000000
10.865744	2.070868	3.719647	9.318396	1.727037	3.108996	28.094100	25.830900	25.000000
10.866224	2.070844	3.719735	12.162138	1.714356	3.731899	28.094100	26.928700	25.000000
10.865744	2.070868	3.719647	10.876580	2.122409	3.934624	28.094100	27.550800	25.000000
10.865744	2.070868	3.719647	10.877500	2.177283	4.006190	28.094100	28.648500	25.000000
10.865744	2.070868	3.719647	10.668177	2.101544	3.795963	28.094100	29.270700	25.000000
10.865744	2.070868	3.719647	10.969959	2.075031	3.816334	28.094100	30.368400	25.000000
10.865744	2.070868	3.719647	10.890822	2.068565	3.741189	28.094100	30.990600	25.000000
10.865744	2.070868	3.719647	10.916959	2.077712	3.755752	28.094100	32.088300	25.000000
10.865744	2.070868	3.719647	10.889904	2.079092	3.732511	28.094100	32.710500	25.000000
10.866224	2.070844	3.719735	10.841587	2.071035	3.732511	28.094100	34.430400	25.000000
10.866479	2.070831	3.719590	10.867382	2.080247	3.709130	28.954100	12.071900	25.000000
10.866479	2.070831	3.719590	10.867382	2.080247	3.709130	28.954100	13.169600	25.000000
10.866479	2.070831	3.719590	10.874741	2.101058	3.691153	28.954100	13.791800	25.000000
10.866479	2.070831	3.719590	10.820813	2.082653	3.700192	28.954100	14.889500	25.000000
10.866479	2.070831	3.719590	10.773115	2.128330	3.668880	28.954100	15.511700	25.000000
10.866479	2.070831	3.719590	10.867842	2.166739	3.640052	28.954100	16.609400	25.000000
10.866479	2.070831	3.719590	10.947146	2.338167	3.559817	28.954100	17.231500	25.000000
10.866959	2.070807	3.719678	10.833282	2.348355	3.430568	28.954100	18.329300	25.000000
10.866479	2.070831	3.719590	11.055315	1.516497	3.888548	28.954100	18.951400	25.000000
10.866479	2.070831	3.719590	10.544193	2.187706	3.548011	28.954100	20.049100	25.000000
10.866479	2.070831	3.719590	11.579292	0.899758	3.864572	28.954100	20.671300	25.000000
10.866479	2.070831	3.719590	10.018483	1.170946	3.663427	28.954100	21.769000	25.000000
10.866479	2.070831	3.719590	11.282287	0.890138	3.926991	28.954100	22.391200	25.000000
10.866479	2.070831	3.719590	10.468047	0.925004	3.782701	28.954100	23.488900	25.000000
10.866479	2.070831	3.719590	11.046266	1.151216	3.453939	28.954100	24.111100	25.000000
10.866479	2.070831	3.719590	10.697663	0.975360	3.585041	28.954100	25.208800	25.000000
10.866479	2.070831	3.719590	11.813251	1.337592	3.325337	28.954100	25.830900	25.000000
10.866959	2.070807	3.719678	9.804591	1.570796	3.110990	28.954100	26.928700	25.000000
10.866479	2.070831	3.719590	11.673046	1.994571	3.847161	28.954100	27.550800	25.000000
10.866479	2.070831	3.719590	9.911609	1.942508	3.228331	28.954100	28.648500	25.000000
10.866479	2.070831	3.719590	11.109005	2.078409	3.861392	28.954100	29.270700	25.000000
10.866479	2.070831	3.719590	10.585367	2.128256	3.903373	28.954100	30.368400	25.000000
10.866479	2.070831	3.719590	10.818503	2.072201	3.747137	28.954100	30.990600	25.000000
10.866479	2.070831	3.719590	10.896789	2.078740	3.770389	28.954100	32.088300	25.000000
10.866479	2.070831	3.719590	10.890822	2.068565	3.741189	28.954100	32.710500	25.000000
10.866479	2.070831	3.719590	10.841587	2.071035	3.732511	28.954100	33.808200	25.000000
10.866383	2.070836	3.719572	10.867382	2.080247	3.709130	29.814000	10.352000	25.000000
10.866479	2.070831	3.719590	10.867382	2.080247	3.709130	29.814000	11.449700	25.000000
10.866479	2.070831	3.719590	10.867382	2.080247	3.709130	29.814000	12.071900	25.000000
10.866479	2.070831	3.719590	10.867382	2.080247	3.709130	29.814000	13.169600	25.000000
10.866479	2.070831	3.719590	10.943948	2.086818	3.694624	29.814000	13.791800	25.000000
10.866479	2.070831	3.719590	10.779610	2.095488	3.682012	29.814000	14.889500	25.000000
10.866479	2.070831	3.719590	10.953082	2.139644	3.663427	29.814000	15.511700	25.000000
10.866479	2.070831	3.719590	10.846197	2.156984	3.625040	29.814000	16.609400	25.000000
10.866479	2.070831	3.719590	10.702336	2.283739	3.455531	29.814000	17.231500	25.000000
10.866959	2.070807	3.719678	10.991360	2.346965	3.479471	29.814000	18.329300	25.000000
10.866479	2.070831	3.719590	11.940201	1.421162	4.035003	29.814000	18.951400	25.000000
10.866479	2.070831	3.719590	9.712384	1.886982	3.542217	29.814000	20.049100	25.000000
10.866479	2.070831	3.719590	11.347687	0.939206	3.693248	29.814000	20.671300	25.000000
10.866479	2.070831	3.719590	10.383159	1.057352	3.754130	29.814000	21.769000	25.000000
10.866479	2.070831	3.719590	11.473448	0.999910	3.838983	29.814000	22.391200	25.000000
10.866479	2.070831	3.719590	10.216164	0.990644	3.752319	29.814000	23.488900	25.000000
10.866479	2.070831	3.719590	10.974972	0.914130	3.543463	29.814000	24.111100	25.000000
10.866479	2.070831	3.719590	10.773115	0.911405	3.726338	29.814000	25.208800	25.000000
10.866479	2.070831	3.719590	10.942034	1.033532	3.151167	29.814000	25.830900	25.000000
10.866959	2.070807	3.719678	10.771555	1.468497	3.384761	29.814000	26.928700	25.000000
10.866479	2.070831	3.719590	11.015444	1.616203	3.168859	29.814000	27.550800	25.000000
10.866479	2.070831	3.719590	10.673800	2.090408	3.711633	29.814000	28.648500	25.000000
10.866479	2.070831	3.719590	11.404385	2.074041	3.990734	29.814000	29.270700	25.000000
10.866479	2.070831	3.719590	10.363880	2.141635	4.000031	29.814000	30.368400	25.000000
10.866479	2.070831	3.719590	11.006362	2.062869	3.795403	29.814000	30.990600	25.000000
10.866479	2.070831	3.719590	10.756393	2.086021	3.782957	29.814000	32.088300	25.000000
10.866479	2.070831	3.719590	10.768937	2.074726	3.738419	29.814000	32.710500	25.000000
10.866479	2.070831	3.719590	10.938921	2.076598	3.741189	29.814000	33.808200	25.000000
10.866479	2.070831	3.719590	10.867382	2.080247	3.709130	30.674000	12.071900	25.000000
10.866479	2.070831	3.719590	10.870143	2.090674	3.700192	30.674000	13.791800	25.000000
10.866479	2.070831	3.719590	10.824509	2.093088	3.691153	30.674000	14.889500	25.000000
10.866479	2.070831	3.719590	10.846197	2.156984	3.625040	30.674000	15.511700	25.000000
10.866479	2.070831	3.719590	10.804629	2.126512	3.653982	30.674000	16.609400	25.000000
10.866479	2.070831	3.719590	10.887608	2.281171	3.474837	30.674000	17.231500	25.000000
10.866959	2.070807	3.719678	10.810180	2.263068	3.497550	30.674000	18.329300	25.000000
10.866479	2.070831	3.719590	8.746062	1.463111	3.672151	30.674000	18.951400	25.000000
10.866479	2.070831	3.719590	12.592462	1.571590	4.113374	30.674000	20.049100	25.000000
10.866479	2.070831	3.719590	10.451316	1.082819	3.834944	30.674000	20.671300	25.000000
10.866479	2.070831	3.719590	11.336225	1.023412	3.720999	30.674000	21.769000	25.000000
10.866479	2.070831	3.719590	11.082419	1.112811	3.777046	30.674000	22.391200	25.000000
10.866479	2.070831	3.719590	10.632497	1.070527	3.682012	30.674000	23.488900	25.000000
10.866479	2.070831	3.719590	11.772425	0.857843	3.751399	30.674000	24.111100	25.000000
10.866479	2.070831	3.719590	9.891916	0.840337	3.459051	30.674000	25.208800	25.000000
10.866479	2.070831	3.719590	10.215400	1.002256	3.185750	30.674000	25.830900	25.000000
10.866959	2.070807	3.719678	11.447796	0.651932	3.026881	30.674000	26.928700	25.000000
10.866479	2.070831	3.719590	10.532644	1.336036	2.973876	30.674000	27.550800	25.000000
10.866479	2.070831	3.719590	11.036177	1.842330	3.702984	30.674000	28.648500	25.000000
10.866479	2.070831	3.719590	10.316976	2.099047	3.942862	30.674000	29.270700	25.000000
10.866479	2.070831	3.719590	11.347246	2.107304	3.632756	30.674000	30.368400	25.000000
10.866479	2.070831	3.719590	10.584895	2.084339	3.850219	30.674000	30.990600	25.000000
10.866479	2.070831	3.719590	11.148543	2.066213	3.825887	30.674000	32.088300	25.000000
10.866479	2.070831	3.719590	10.818503	2.072201	3.747137	30.674000	32.710500	25.000000
10.866479	2.070831	3.719590	10.940750	2.066087	3.749765	30.674000	33.808200	25.000000
10.866479	2.070831	3.719590	10.989995	2.084442	3.703514	31.533900	13.791800	25.000000
10.866479	2.070831	3.719590	10.898624	2.089178	3.685635	31.533900	14.889500	25.000000
10.866479	2.070831	3.719590	10.710742	2.120975	3.644436	31.533900	15.511700	25.000000
10.866479	2.070831	3.719590	10.911462	2.142084	3.653982	31.533900	16.609400	25.000000
10.866479	2.070831	3.719590	10.830512	2.237785	3.489360	31.533900	17.231500	25.000000
10.866959	2.070807	3.719678	10.920165	2.266618	3.444478	31.533900	18.329300	25.000000
10.866479	2.070831	3.719590	9.280221	1.576184	3.789404	31.533900	18.951400	25.000000
10.866479	2.070831	3.719590	12.191427	1.609358	4.049186	31.533900	20.049100	25.000000
10.866479	2.070831	3.719590	11.723907	1.130200	3.813388	31.533900	20.671300	25.000000
10.866479	2.070831	3.719590	9.888883	1.187308	3.629626	31.533900	21.769000	25.000000
10.866479	2.070831	3.719590	11.388152	1.036424	3.774890	31.533900	22.391200	25.000000
10.866479	2.070831	3.719590	10.202451	1.103054	3.683895	31.533900	23.488900	25.000000
10.866479	2.070831	3.719590	11.210709	0.941318	3.526197	31.533900	24.111100	25.000000
10.866479	2.070831	3.719590	10.523307	1.107804	3.676548	31.533900	25.208800	25.000000
10.866479	2.070831	3.719590	10.547967	0.617509	2.953831	31.533900	25.830900	25.000000
10.866959	2.070807	3.719678	11.105066	0.740099	2.987420	31.533900	26.928700	25.000000
10.866479	2.070831	3.719590	8.664231	1.686471	3.179946	31.533900	27.550800	25.000000
10.866479	2.070831	3.719590	12.493198	0.719084	2.688814	31.533900	28.648500	25.000000
10.866479	2.070831	3.719590	12.179901	1.914122	3.877648	31.533900	29.270700	25.000000
10.866479	2.070831	3.719590	9.365362	2.047822	3.371995	31.533900	30.368400	25.000000
10.866479	2.070831	3.719590	11.311057	2.048484	3.898829	31.533900	30.990600	25.000000
10.866479	2.070831	3.719590	10.513325	2.077272	3.942374	31.533900	32.088300	25.000000
10.866479	2.070831	3.719590	10.919707	2.067128	3.764263	31.533900	32.710500	25.000000
10.866479	2.070831	3.719590	10.797222	2.073282	3.761842	31.533900	33.808200	25.000000
10.866959	2.070807	3.719678	10.841587	2.071035	3.732511	31.533900	34.430400	25.000000
10.866959	2.070807	3.719678	10.890822	2.068565	3.741189	31.533900	35.528100	25.000000
10.866479	2.070831	3.719590	10.841587	2.071035	3.732511	31.533900	37.247900	25.000000
10.866479	2.070831	3.719590	10.867382	2.080247	3.709130	32.393900	12.071900	25.000000
10.866479	2.070831	3.719590	10.941207	2.076482	3.703514	32.393900	13.169600	25.000000
10.866479	2.070831	3.719590	10.820813	2.082653	3.700192	32.393900	13.791800	25.000000
10.866479	2.070831	3.719590	10.943948	2.086818	3.694624	32.393900	14.889500	25.000000
10.866479	2.070831	3.719590	10.890822	2.132417	3.639208	32.393900	15.511700	25.000000
10.866479	2.070831	3.719590	10.817578	2.104159	3.658076	32.393900	16.609400	25.000000
10.866479	2.070831	3.719590	11.036014	2.281556	3.437630	32.393900	17.231500	25.000000
10.866959	2.070807	3.719678	10.717854	2.222403	3.417313	32.393900	18.329300	25.000000
10.866479	2.070831	3.719590	9.874254	1.624497	3.783065	32.393900	18.951400	25.000000
10.866479	2.070831	3.719590	11.802779	1.813802	3.914646	32.393900	20.049100	25.000000
10.866479	2.070831	3.719590	9.883825	1.294106	3.529911	32.393900	20.671300	25.000000
10.866479	2.070831	3.719590	11.711960	1.231320	3.759737	32.393900	21.769000	25.000000
10.866479	2.070831	3.719590	11.159301	1.106206	3.632140	32.393900	22.391200	25.000000
10.866479	2.070831	3.719590	10.502381	1.231040	3.718391	32.393900	23.488900	25.000000
10.866479	2.070831	3.719590	11.273864	1.061167	3.582517	32.393900	24.111100	25.000000
10.866479	2.070831	3.719590	10.348430	1.194794	3.712306	32.393900	25.208800	25.000000
10.866479	2.070831	3.719590	11.261085	0.977076	3.226869	32.393900	25.830900	25.000000
10.866959	2.070807	3.719678	10.515573	0.975115	3.109649	32.393900	26.928700	25.000000
10.866479	2.070831	3.719590	9.306987	1.138409	2.448370	32.393900	27.550800	25.000000
10.866479	2.070831	3.719590	12.226610	0.667821	2.553590	32.393900	28.648500	25.000000
10.866479	2.070831	3.719590	10.522704	1.989679	2.553879	32.393900	29.270700	25.000000
10.866479	2.070831	3.719590	10.949475	1.399171	3.443703	32.393900	30.368400	25.000000
10.866479	2.070831	3.719590	11.314150	2.018710	3.982489	32.393900	30.990600	25.000000
10.866479	2.070831	3.719590	10.357606	2.030986	4.064578	32.393900	32.088300	25.000000
10.866479	2.070831	3.719590	10.712143	2.067005	3.791463	32.393900	32.710500	25.000000
10.866479	2.070831	3.719590	10.971326	2.064582	3.772672	32.393900	33.808200	25.000000
10.866959	2.070807	3.719678	10.841587	2.071035	3.732511	32.393900	34.430400	25.000000
10.866959	2.070807	3.719678	10.843431	2.060462	3.741189	32.393900	35.528100	25.000000
10.866479	2.070831	3.719590	10.841587	2.071035	3.732511	32.393900	36.150200	25.000000
10.866479	2.070831	3.719590	10.867382	2.080247	3.709130	33.253800	11.449700	25.000000
10.866479	2.070831	3.719590	10.941207	2.076482	3.703514	33.253800	13.791800	25.000000
10.866479	2.070831	3.719590	10.820813	2.082653	3.700192	33.253800	14.889500	25.000000
10.866479	2.070831	3.719590	10.978616	2.095520	3.671182	33.253800	15.511700	25.000000
10.866479	2.070831	3.719590	10.901835	2.110259	3.643499	33.253800	16.609400	25.000000
10.866479	2.070831	3.719590	10.736801	2.209407	3.415272	33.253800	17.231500	25.000000
10.866959	2.070807	3.719678	10.954584	2.252186	3.411659	33.253800	18.329300	25.000000
10.866479	2.070831	3.719590	12.459759	1.759723	3.955885	33.253800	18.951400	25.000000
10.866479	2.070831	3.719590	8.739731	1.828806	3.504518	33.253800	20.049100	25.000000
10.866479	2.070831	3.719590	10.595282	1.183673	3.664531	33.253800	20.671300	25.000000
10.866479	2.070831	3.719590	11.136427	1.279342	3.820726	33.253800	21.769000	25.000000
10.866479	2.070831	3.719590	11.266765	1.226775	3.643197	33.253800	22.391200	25.000000
10.866479	2.070831	3.719590	10.436954	1.319030	3.591967	33.253800	23.488900	25.000000
10.866479	2.070831	3.719590	10.713543	1.178087	3.659486	33.253800	24.111100	25.000000
10.866479	2.070831	3.719590	11.003636	0.833208	3.572285	33.253800	25.208800	25.000000
10.866479	2.070831	3.719590	11.457421	0.902454	3.348803	33.253800	25.830900	25.000000
10.866959	2.070807	3.719678	10.242797	0.920649	3.027278	33.253800	26.928700	25.000000
10.866479	2.070831	3.719590	11.230316	0.827471	2.580429	33.253800	27.550800	25.000000
10.866479	2.070831	3.719590	10.559356	1.232946	2.803970	33.253800	28.648500	25.000000
10.866479	2.070831	3.719590	10.030578	2.218248	2.823795	33.253800	29.270700	25.000000
10.866479	2.070831	3.719590	10.678675	0.819387	2.109018	33.253800	30.368400	25.000000
10.866479	2.070831	3.719590	10.513800	2.034240	3.919472	33.253800	30.990600	25.000000
10.866479	2.070831	3.719590	11.143608	2.016109	3.983269	33.253800	32.088300	25.000000
10.866479	2.070831	3.719590	10.747093	2.054704	3.837677	33.253800	32.710500	25.000000
10.866479	2.070831	3.719590	11.013628	2.052244	3.803534	33.253800	33.808200	25.000000
10.866959	2.070807	3.719678	10.818503	2.072201	3.747137	33.253800	34.430400	25.000000
10.866959	2.070807	3.719678	10.793980	2.062905	3.732511	33.253800	35.528100	25.000000
10.866479	2.070831	3.719590	10.841587	2.071035	3.732511	33.253800	36.150200	25.000000
10.866479	2.070831	3.719590	10.841587	2.071035	3.732511	33.253800	37.247900	25.000000
10.866479	2.070831	3.719590	10.841587	2.071035	3.732511	33.253800	42.407600	25.000000
10.866479	2.070831	3.719590	10.941207	2.076482	3.703514	34.113700	14.889500	25.000000
10.866479	2.070831	3.719590	10.860479	2.101828	3.667361	34.113700	15.511700	25.000000
10.866479	2.070831	3.719590	10.760576	2.085801	3.667361	34.113700	16.609400	25.000000
10.866479	2.070831	3.719590	10.778683	2.172359	3.474019	34.113700	17.231500	25.000000
10.866959	2.070807	3.719678	10.988630	2.203740	3.427644	34.113700	18.329300	25.000000
10.866479	2.070831	3.719590	13.367872	2.011300	3.921143	34.113700	18.951400	25.000000
10.866479	2.070831	3.719590	7.463243	1.503751	3.399600	34.113700	20.049100	25.000000
10.866479	2.070831	3.719590	10.038924	1.256867	3.949209	34.113700	20.671300	25.000000
10.866479	2.070831	3.719590	11.683749	1.138028	3.926991	34.113700	21.769000	25.000000
10.866479	2.070831	3.719590	10.847119	1.039041	3.705861	34.113700	22.391200	25.000000
10.866479	2.070831	3.719590	10.843431	1.049508	3.714847	34.113700	23.488900	25.000000
10.866479	2.070831	3.719590	10.259630	0.765157	3.383158	34.113700	24.111100	25.000000
10.866479	2.070831	3.719590	11.496521	0.871508	3.691758	34.113700	25.208800	25.000000
10.866479	2.070831	3.719590	11.348674	0.528554	2.933916	34.113700	25.830900	25.000000
10.866959	2.070807	3.719678	10.430288	0.601440	2.879353	34.113700	26.928700	25.000000
10.866479	2.070831	3.719590	9.118465	1.515935	2.929119	34.113700	27.550800	25.000000
10.866479	2.070831	3.719590	12.253934	0.733824	2.916712	34.113700	28.648500	25.000000
10.866479	2.070831	3.719590	11.447841	1.719927	2.129396	34.113700	29.270700	25.000000
10.866479	2.070831	3.719590	9.638166	1.393355	3.463343	34.113700	30.368400	25.000000
10.866479	2.070831	3.719590	12.783583	2.113306	3.428675	34.113700	30.990600	25.000000
10.866479	2.070831	3.719590	8.617424	2.106671	3.514580	34.113700	32.088300	25.000000
10.866479	2.070831	3.719590	10.525208	2.033699	3.874408	34.113700	32.710500	25.000000
10.866479	2.070831	3.719590	11.180787	2.034424	3.849134	34.113700	33.808200	25.000000
10.866959	2.070807	3.719678	10.893576	2.058010	3.749765	34.113700	34.430400	25.000000
10.866959	2.070807	3.719678	10.843431	2.060462	3.741189	34.113700	35.528100	25.000000
10.866479	2.070831	3.719590	10.841587	2.071035	3.732511	34.113700	36.150200	25.000000
10.866479	2.070831	3.719590	10.841587	2.071035	3.732511	34.113700	37.247900	25.000000
10.866479	2.070831	3.719590	10.941207	2.076482	3.703514	34.973700	13.791800	25.000000
10.866479	2.070831	3.719590	10.867382	2.080247	3.709130	34.973700	14.889500	25.000000
10.866479	2.070831	3.719590	10.849424	2.081172	3.685635	34.973700	15.511700	25.000000
10.866479	2.070831	3.719590	10.885311	2.089876	3.662051	34.973700	16.609400	25.000000
10.866479	2.070831	3.719590	10.668177	2.145604	3.495135	34.973700	17.231500	25.000000
10.866959	2.070807	3.719678	11.103603	2.163225	3.507987	34.973700	18.329300	25.000000
10.866479	2.070831	3.719590	6.484597	1.400339	3.493037	34.973700	18.951400	25.000000
10.866479	2.070831	3.719590	13.796376	2.028785	3.932705	34.973700	20.049100	25.000000
10.866479	2.070831	3.719590	9.475759	1.259761	4.084408	34.973700	20.671300	25.000000
10.866479	2.070831	3.719590	12.054460	1.152189	4.147053	34.973700	21.769000	25.000000
10.866479	2.070831	3.719590	10.670989	0.817430	3.963338	34.973700	22.391200	25.000000
10.866479	2.070831	3.719590	10.904586	0.705716	3.946988	34.973700	23.488900	25.000000
10.866479	2.070831	3.719590	10.042410	0.580018	3.572731	34.973700	24.111100	25.000000
10.866479	2.070831	3.719590	11.680325	0.526240	3.658625	34.973700	25.208800	25.000000
10.866479	2.070831	3.719590	11.123848	0.580768	2.530867	34.973700	25.830900	25.000000
10.866959	2.070807	3.719678	10.532806	0.375222	2.503273	34.973700	26.928700	25.000000
10.866479	2.070831	3.719590	12.210651	0.449066	2.195432	34.973700	27.550800	25.000000
10.866479	2.070831	3.719590	9.345587	1.092677	2.279423	34.973700	28.648500	25.000000
10.866479	2.070831	3.719590	11.448340	1.611862	2.476409	34.973700	29.270700	25.000000
10.866479	2.070831	3.719590	9.897293	1.613245	3.636904	34.973700	30.368400	25.000000
10.866479	2.070831	3.719590	9.300538	2.203545	3.141593	34.973700	30.990600	25.000000
10.866479	2.070831	3.719590	12.218838	2.284617	2.556593	34.973700	32.088300	25.000000
10.866479	2.070831	3.719590	10.735455	2.013614	3.875940	34.973700	32.710500	25.000000
10.866479	2.070831	3.719590	10.898624	1.966405	3.983269	34.973700	33.808200	25.000000
10.866959	2.070807	3.719678	10.924285	2.056522	3.772672	34.973700	34.430400	25.000000
10.866959	2.070807	3.719678	10.821275	2.061553	3.755752	34.973700	35.528100	25.000000
10.866479	2.070831	3.719590	10.841587	2.071035	3.732511	34.973700	37.870100	25.000000
10.866479	2.070831	3.719590	10.893117	2.068451	3.703514	35.833600	14.889500	25.000000
10.866479	2.070831	3.719590	10.973149	2.085309	3.680217	35.833600	15.511700	25.000000
10.866479	2.070831	3.719590	10.849424	2.081172	3.685635	35.833600	16.609400	25.000000
10.866479	2.070831	3.719590	10.709342	2.121055	3.570940	35.833600	17.231500	25.000000
10.866959	2.070807	3.719678	11.066165	2.133124	3.547887	35.833600	18.329300	25.000000
10.866479	2.070831	3.719590	14.002143	1.966714	4.014677	35.833600	18.951400	25.000000
10.866479	2.070831	3.719590	6.112283	1.669118	3.619945	35.833600	20.049100	25.000000
10.866479	2.070831	3.719590	8.811924	1.223403	4.194740	35.833600	20.671300	25.000000
10.866479	2.070831	3.719590	12.597619	1.322164	4.263392	35.833600	21.769000	25.000000
10.866479	2.070831	3.719590	10.564450	0.494279	4.357822	35.833600	22.391200	25.000000
10.866479	2.070831	3.719590	11.081647	0.724266	4.325560	35.833600	23.488900	25.000000
10.866479	2.070831	3.719590	10.003404	0.318594	4.180179	35.833600	24.111100	25.000000
10.866479	2.070831	3.719590	11.599138	0.348971	4.124386	35.833600	25.208800	25.000000
10.866479	2.070831	3.719590	10.559356	0.451769	2.432966	35.833600	25.830900	25.000000
10.866959	2.070807	3.719678	11.146300	0.533028	2.306236	35.833600	26.928700	25.000000
10.866479	2.070831	3.719590	9.536226	0.493138	1.650626	35.833600	27.550800	25.000000
10.866479	2.070831	3.719590	12.009833	1.008776	1.749858	35.833600	28.648500	25.000000
10.866479	2.070831	3.719590	12.649253	1.496415	2.013171	35.833600	29.270700	25.000000
10.866479	2.070831	3.719590	6.820381	1.462084	3.790993	35.833600	30.368400	25.000000
10.866479	2.070831	3.719590	10.973605	2.193480	2.387930	35.833600	30.990600	25.000000
10.866479	2.070831	3.719590	10.711676	2.400177	3.238510	35.833600	32.088300	25.000000
10.866479	2.070831	3.719590	10.496190	1.890621	4.040783	35.833600	32.710500	25.000000
10.866479	2.070831	3.719590	11.289376	1.971153	3.947396	35.833600	33.808200	25.000000
10.866959	2.070807	3.719678	10.813880	2.041060	3.787168	35.833600	34.430400	25.000000
10.866959	2.070807	3.719678	10.995908	2.053086	3.766615	35.833600	35.528100	25.000000
10.866479	2.070831	3.719590	10.843431	2.060462	3.741189	35.833600	36.150200	25.000000
10.866479	2.070831	3.719590	10.916501	2.056898	3.735342	35.833600	37.247900	25.000000
10.866479	2.070831	3.719590	10.867382	2.080247	3.709130	36.693600	13.791800	25.000000
10.866479	2.070831	3.719590	10.867382	2.080247	3.709130	36.693600	14.889500	25.000000
10.866479	2.070831	3.719590	10.726136	2.076928	3.691153	36.693600	15.511700	25.000000
10.866479	2.070831	3.719590	10.849424	2.081172	3.685635	36.693600	16.609400	25.000000
10.866479	2.070831	3.719590	10.640019	2.103098	3.605240	36.693600	17.231500	25.000000
10.866959	2.070807	3.719678	11.049887	2.102256	3.609935	36.693600	18.329300	25.000000
10.866479	2.070831	3.719590	12.646343	1.994551	3.908588	36.693600	18.951400	25.000000
10.866479	2.070831	3.719590	8.766413	1.969088	3.777668	36.693600	20.049100	25.000000
10.866479	2.070831	3.719590	10.626331	1.167534	4.367989	36.693600	20.671300	25.000000
10.866479	2.070831	3.719590	11.169337	1.641585	4.216624	36.693600	21.769000	25.000000
10.866479	2.070831	3.719590	10.976963	0.727230	4.548727	36.693600	22.391200	25.000000
10.866479	2.070831	3.719590	10.659785	0.449692	4.953180	36.693600	23.488900	25.000000
10.866479	2.070831	3.719590	10.323570	0.376626	5.173681	36.693600	24.111100	25.000000
10.866479	2.070831	3.719590	11.330706	0.408142	4.920687	36.693600	25.208800	25.000000
10.866479	2.070831	3.719590	10.390038	0.440091	2.109279	36.693600	25.830900	25.000000
10.866959	2.070807	3.719678	11.326959	0.275439	2.194819	36.693600	26.928700	25.000000
10.866479	2.070831	3.719590	5.744397	1.000768	1.693100	36.693600	27.550800	25.000000
10.866479	2.070831	3.719590	14.142139	0.925994	1.838523	36.693600	28.648500	25.000000
10.866479	2.070831	3.719590	3.480589	1.688867	3.869677	36.693600	29.270700	25.000000
10.866479	2.070831	3.719590	13.693082	1.455152	1.586236	36.693600	30.368400	25.000000
10.866479	2.070831	3.719590	10.399332	2.061429	3.496791	36.693600	30.990600	25.000000
10.866479	2.070831	3.719590	11.312400	2.109137	2.932081	36.693600	32.088300	25.000000
10.866479	2.070831	3.719590	10.317461	1.865827	4.020245	36.693600	32.710500	25.000000
10.866479	2.070831	3.719590	11.465165	1.917884	4.005775	36.693600	33.808200	25.000000
10.866959	2.070807	3.719678	10.877959	2.027798	3.803534	36.693600	34.430400	25.000000
10.866959	2.070807	3.719678	10.760576	2.043580	3.778831	36.693600	35.528100	25.000000
10.866479	2.070831	3.719590	10.793980	2.062905	3.732511	36.693600	36.150200	25.000000
10.866479	2.070831	3.719590	10.893576	2.058010	3.749765	36.693600	37.247900	25.000000
10.866479	2.070831	3.719590	10.841587	2.071035	3.732511	36.693600	37.870100	25.000000
10.866479	2.070831	3.719590	10.841587	2.071035	3.732511	36.693600	39.590000	25.000000
10.866479	2.070831	3.719590	10.893117	2.068451	3.703514	37.553500	14.889500	25.000000
10.866479	2.070831	3.719590	10.894953	2.078834	3.694624	37.553500	15.511700	25.000000
10.866479	2.070831	3.719590	10.772186	2.074560	3.700192	37.553500	16.609400	25.000000
10.866479	2.070831	3.719590	10.835590	2.092500	3.629045	37.553500	17.231500	25.000000
10.866959	2.070807	3.719678	10.793053	2.084099	3.652823	37.553500	18.329300	25.000000
10.866479	2.070831	3.719590	10.821275	2.093260	3.524079	37.553500	18.951400	25.000000
10.866479	2.070831	3.719590	10.839742	2.102952	3.514147	37.553500	20.049100	25.000000
10.866479	2.070831	3.719590	13.472494	1.726556	4.184855	37.553500	20.671300	25.000000
10.866479	2.070831	3.719590	7.344386	1.420456	4.316539	37.553500	21.769000	25.000000
10.866479	2.070831	3.719590	12.412014	0.782731	4.953488	37.553500	22.391200	25.000000
10.866479	2.070831	3.719590	9.115832	0.476591	5.008427	37.553500	23.488900	25.000000
10.866479	2.070831	3.719590	10.527108	0.563415	5.384352	37.553500	24.111100	25.000000
10.866479	2.070831	3.719590	11.204017	0.591582	5.588447	37.553500	25.208800	25.000000
10.866479	2.070831	3.719590	11.856631	0.208437	0.678560	37.553500	25.830900	25.000000
10.866959	2.070807	3.719678	9.773055	0.312409	0.846642	37.553500	26.928700	25.000000
10.866479	2.070831	3.719590	14.471351	1.104968	1.797015	37.553500	27.550800	25.000000
10.866479	2.070831	3.719590	4.060788	0.938476	2.926235	37.553500	28.648500	25.000000
10.866479	2.070831	3.719590	14.346794	1.690973	1.648807	37.553500	29.270700	25.000000
10.866479	2.070831	3.719590	2.980889	1.668237	6.215720	37.553500	30.368400	25.000000
10.866479	2.070831	3.719590	11.062097	2.405757	2.696015	37.553500	30.990600	25.000000
10.866479	2.070831	3.719590	10.744301	2.013223	2.576443	37.553500	32.088300	25.000000
10.866479	2.070831	3.719590	10.933435	1.877404	4.001682	37.553500	32.710500	25.000000
10.866479	2.070831	3.719590	10.752209	1.912205	3.989845	37.553500	33.808200	25.000000
10.866959	2.070807	3.719678	11.116204	2.017286	3.821006	37.553500	34.430400	25.000000
10.866959	2.070807	3.719678	10.707941	2.025200	3.801724	37.553500	35.528100	25.000000
10.866479	2.070831	3.719590	10.843431	2.060462	3.741189	37.553500	36.150200	25.000000
10.866479	2.070831	3.719590	10.843431	2.060462	3.741189	37.553500	37.247900	25.000000
10.866479	2.070831	3.719590	10.867382	2.059288	3.726705	37.553500	37.870100	25.000000
10.866479	2.070831	3.719590	10.841587	2.071035	3.732511	37.553500	38.967800	25.000000
10.866479	2.070831	3.719590	10.893117	2.068451	3.703514	38.413400	15.511700	25.000000
10.866479	2.070831	3.719590	10.893117	2.068451	3.703514	38.413400	16.609400	25.000000
10.866479	2.070831	3.719590	10.960839	2.085944	3.656838	38.413400	17.231500	25.000000
10.866959	2.070807	3.719678	10.755929	2.075393	3.676548	38.413400	18.329300	25.000000
10.866479	2.070831	3.719590	10.949886	2.076043	3.460043	38.413400	18.951400	25.000000
10.866479	2.070831	3.719590	10.780538	2.106189	3.425818	38.413400	20.049100	25.000000
10.866479	2.070831	3.719590	13.631214	1.978116	3.932640	38.413400	20.671300	25.000000
10.866479	2.070831	3.719590	7.044147	1.670334	3.977453	38.413400	21.769000	25.000000
10.866479	2.070831	3.719590	12.839393	0.984853	5.075536	38.413400	22.391200	25.000000
10.866479	2.070831	3.719590	8.348054	0.733721	5.176037	38.413400	23.488900	25.000000
10.866479	2.070831	3.719590	11.410083	0.830046	5.632558	38.413400	24.111100	25.000000
10.866479	2.070831	3.719590	10.312129	0.756418	5.876438	38.413400	25.208800	25.000000
10.866479	2.070831	3.719590	11.731330	0.581991	0.122816	38.413400	25.830900	25.000000
10.866959	2.070807	3.719678	9.963614	0.671566	6.028817	38.413400	26.928700	25.000000
10.866479	2.070831	3.719590	12.165529	1.438895	1.778762	38.413400	27.550800	25.000000
10.866479	2.070831	3.719590	9.258450	0.568938	1.229391	38.413400	28.648500	25.000000
10.866479	2.070831	3.719590	9.847558	1.481315	1.281293	38.413400	29.270700	25.000000
10.866479	2.070831	3.719590	11.033114	2.107363	2.659079	38.413400	30.368400	25.000000
10.866479	2.070831	3.719590	9.417006	3.081486	3.926991	38.413400	30.990600	25.000000
10.866479	2.070831	3.719590	11.801695	1.989658	2.434978	38.413400	32.088300	25.000000
10.866479	2.070831	3.719590	11.434159	1.881890	4.037648	38.413400	32.710500	25.000000
10.866479	2.070831	3.719590	10.155787	1.850119	3.955968	38.413400	33.808200	25.000000
10.866959	2.070807	3.719678	10.763364	2.022686	3.809882	38.413400	34.430400	25.000000
10.866959	2.070807	3.719678	10.985445	1.982891	3.856684	38.413400	35.528100	25.000000
10.866479	2.070831	3.719590	10.723805	2.055846	3.747137	38.413400	36.150200	25.000000
10.866479	2.070831	3.719590	10.893576	2.058010	3.749765	38.413400	37.247900	25.000000
10.866479	2.070831	3.719590	10.843431	2.060462	3.741189	38.413400	37.870100	25.000000
10.866479	2.070831	3.719590	10.893117	2.068451	3.703514	39.273400	15.511700	25.000000
10.866479	2.070831	3.719590	10.951712	2.065546	3.674895	39.273400	17.231500	25.000000
10.866959	2.070807	3.719678	10.800926	2.073093	3.685635	39.273400	18.329300	25.000000
10.866479	2.070831	3.719590	11.047624	2.071156	3.522099	39.273400	18.951400	25.000000
10.866479	2.070831	3.719590	10.644247	2.091997	3.542217	39.273400	20.049100	25.000000
10.866479	2.070831	3.719590	8.570881	1.940876	3.918141	39.273400	20.671300	25.000000
10.866479	2.070831	3.719590	12.723993	2.044103	3.648691	39.273400	21.769000	25.000000
10.866479	2.070831	3.719590	12.397580	1.384195	4.885635	39.273400	22.391200	25.000000
10.866479	2.070831	3.719590	8.933644	1.106554	5.310808	39.273400	23.488900	25.000000
10.866479	2.070831	3.719590	10.123734	1.143000	5.916791	39.273400	24.111100	25.000000
10.866479	2.070831	3.719590	11.549459	0.993834	5.935297	39.273400	25.208800	25.000000
10.866479	2.070831	3.719590	9.055937	1.088535	5.886477	39.273400	25.830900	25.000000
10.866959	2.070807	3.719678	12.431010	1.029974	5.958467	39.273400	26.928700	25.000000
10.866479	2.070831	3.719590	10.874282	1.357678	1.225241	39.273400	27.550800	25.000000
10.866479	2.070831	3.719590	10.909170	1.155643	0.835003	39.273400	28.648500	25.000000
10.866479	2.070831	3.719590	14.750593	1.895081	2.136977	39.273400	29.270700	25.000000
10.866479	2.070831	3.719590	3.518522	2.107817	2.544416	39.273400	30.368400	25.000000
10.866479	2.070831	3.719590	10.338394	2.570893	4.403095	39.273400	30.990600	25.000000
10.866479	2.070831	3.719590	10.782838	2.217814	2.162667	39.273400	32.088300	25.000000
10.866479	2.070831	3.719590	11.325352	1.844387	3.978892	39.273400	32.710500	25.000000
10.866479	2.070831	3.719590	10.473896	1.719329	4.008998	39.273400	33.808200	25.000000
10.866959	2.070807	3.719678	10.724738	1.942974	3.863248	39.273400	34.430400	25.000000
10.866959	2.070807	3.719678	10.960839	2.003885	3.827322	39.273400	35.528100	25.000000
10.866479	2.070831	3.719590	10.728467	2.045111	3.755752	39.273400	36.150200	25.000000
10.866479	2.070831	3.719590	10.893576	2.058010	3.749765	39.273400	37.247900	25.000000
10.866479	2.070831	3.719590	10.841587	2.071035	3.732511	39.273400	37.870100	25.000000
10.866479	2.070831	3.719590	10.916501	2.056898	3.735342	39.273400	38.967800	25.000000
10.866479	2.070831	3.719590	10.893117	2.068451	3.703514	40.133300	15.511700	25.000000
10.866479	2.070831	3.719590	10.894953	2.078834	3.694624	40.133300	17.231500	25.000000
10.866959	2.070807	3.719678	10.846658	2.070779	3.694624	40.133300	18.329300	25.000000
10.866479	2.070831	3.719590	10.696728	2.078452	3.619593	40.133300	18.951400	25.000000
10.866479	2.070831	3.719590	10.971326	2.064582	3.591352	40.133300	20.049100	25.000000
10.866479	2.070831	3.719590	11.289818	2.039505	3.560825	40.133300	20.671300	25.000000
10.866479	2.070831	3.719590	10.450359	2.113822	3.630235	40.133300	21.769000	25.000000
10.866479	2.070831	3.719590	7.114106	1.615793	5.162192	40.133300	22.391200	25.000000
10.866479	2.070831	3.719590	13.469885	1.740128	4.604476	40.133300	23.488900	25.000000
10.866479	2.070831	3.719590	10.196730	1.340255	5.988834	40.133300	24.111100	25.000000
10.866479	2.070831	3.719590	11.366750	1.412661	6.133855	40.133300	25.208800	25.000000
10.866479	2.070831	3.719590	10.096534	1.501410	5.863953	40.133300	25.830900	25.000000
10.866959	2.070807	3.719678	11.589668	1.442747	5.803975	40.133300	26.928700	25.000000
10.866479	2.070831	3.719590	11.150651	1.503215	0.612935	40.133300	27.550800	25.000000
10.866479	2.070831	3.719590	10.643571	1.632845	0.577559	40.133300	28.648500	25.000000
10.866479	2.070831	3.719590	7.539231	2.099055	0.741947	40.133300	29.270700	25.000000
10.866479	2.070831	3.719590	12.492398	1.991331	2.677945	40.133300	30.368400	25.000000
10.866479	2.070831	3.719590	11.069761	2.432302	4.090527	40.133300	30.990600	25.000000
10.866479	2.070831	3.719590	10.352700	2.469314	2.182031	40.133300	32.088300	25.000000
10.866479	2.070831	3.719590	10.123162	1.697578	3.941074	40.133300	32.710500	25.000000
10.866479	2.070831	3.719590	11.571932	1.732230	4.007561	40.133300	33.808200	25.000000
10.866959	2.070807	3.719678	10.656923	1.905432	3.856684	40.133300	34.430400	25.000000
10.866959	2.070807	3.719678	11.164676	1.985651	3.843850	40.133300	35.528100	25.000000
10.866479	2.070831	3.719590	10.728467	2.045111	3.755752	40.133300	36.150200	25.000000
10.866479	2.070831	3.719590	10.944405	2.055551	3.758241	40.133300	37.247900	25.000000
10.866479	2.070831	3.719590	10.843431	2.060462	3.741189	40.133300	37.870100	25.000000
10.866479	2.070831	3.719590	10.841587	2.071035	3.732511	40.133300	38.967800	25.000000
10.866479	2.070831	3.719590	10.846658	2.070779	3.694624	40.993300	17.231500	25.000000
10.866959	2.070807	3.719678	10.820813	2.082653	3.700192	40.993300	18.329300	25.000000
10.866479	2.070831	3.719590	10.983624	2.063979	3.660739	40.993300	18.951400	25.000000
10.866479	2.070831	3.719590	10.820813	2.072084	3.647668	40.993300	20.049100	25.000000
10.866479	2.070831	3.719590	10.707941	2.046095	3.440092	40.993300	20.671300	25.000000
10.866479	2.070831	3.719590	11.047624	1.990322	3.381764	40.993300	21.769000	25.000000
10.866479	2.070831	3.719590	12.177438	2.011990	3.739670	40.993300	22.391200	25.000000
10.866479	2.070831	3.719590	9.021086	1.933416	4.891182	40.993300	23.488900	25.000000
10.866479	2.070831	3.719590	8.913473	1.820191	5.928480	40.993300	24.111100	25.000000
10.866479	2.070831	3.719590	12.477981	1.731773	5.874029	40.993300	25.208800	25.000000
10.866479	2.070831	3.719590	11.118003	1.834687	5.819538	40.993300	25.830900	25.000000
10.866959	2.070807	3.719678	10.520932	1.840179	6.064516	40.993300	26.928700	25.000000
10.866479	2.070831	3.719590	11.140579	1.899845	0.090231	40.993300	27.550800	25.000000
10.866479	2.070831	3.719590	10.619044	1.987702	0.291457	40.993300	28.648500	25.000000
10.866479	2.070831	3.719590	11.959699	2.227341	1.090153	40.993300	29.270700	25.000000
10.866479	2.070831	3.719590	8.667347	2.319536	3.299750	40.993300	30.368400	25.000000
10.866479	2.070831	3.719590	12.189032	2.532924	3.891473	40.993300	30.990600	25.000000
10.866479	2.070831	3.719590	9.242191	2.221714	2.878800	40.993300	32.088300	25.000000
10.866479	2.070831	3.719590	10.788160	1.606027	4.005775	40.993300	32.710500	25.000000
10.866479	2.070831	3.719590	10.962796	1.732961	3.920455	40.993300	33.808200	25.000000
10.866959	2.070807	3.719678	11.245444	1.924961	3.880045	40.993300	34.430400	25.000000
10.866959	2.070807	3.719678	10.475209	1.942026	3.803534	40.993300	35.528100	25.000000
10.866479	2.070831	3.719590	10.860018	2.028610	3.766615	40.993300	36.150200	25.000000
10.866479	2.070831	3.719590	10.898165	2.047432	3.758241	40.993300	37.247900	25.000000
10.866479	2.070831	3.719590	10.963576	2.064963	3.735342	40.993300	37.870100	25.000000
10.866479	2.070831	3.719590	10.793980	2.062905	3.732511	40.993300	38.967800	25.000000
10.866479	2.070831	3.719590	10.893117	2.068451	3.703514	41.853200	17.231500	25.000000
10.866479	2.070831	3.719590	10.951712	2.065546	3.674895	41.853200	18.951400	25.000000
10.866479	2.070831	3.719590	10.831436	2.071547	3.671182	41.853200	20.049100	25.000000
10.866479	2.070831	3.719590	10.765686	2.053797	3.563012	41.853200	20.671300	25.000000
10.866479	2.070831	3.719590	11.024518	2.011220	3.510926	41.853200	21.769000	25.000000
10.866479	2.070831	3.719590	8.252272	2.268223	3.826210	41.853200	22.391200	25.000000
10.866479	2.070831	3.719590	13.019217	1.931918	3.704544	41.853200	23.488900	25.000000
10.866479	2.070831	3.719590	12.482788	2.081364	5.241785	41.853200	24.111100	25.000000
10.866479	2.070831	3.719590	9.008885	2.299642	5.645637	41.853200	25.208800	25.000000
10.866479	2.070831	3.719590	11.096396	2.207798	5.632958	41.853200	25.830900	25.000000
10.866959	2.070807	3.719678	10.585840	2.243975	6.076311	41.853200	26.928700	25.000000
10.866479	2.070831	3.719590	11.875184	2.344706	6.069625	41.853200	27.550800	25.000000
10.866479	2.070831	3.719590	9.700515	2.305096	5.807116	41.853200	28.648500	25.000000
10.866479	2.070831	3.719590	9.390421	2.678172	2.925508	41.853200	29.270700	25.000000
10.866479	2.070831	3.719590	12.091423	2.590291	0.746312	41.853200	30.368400	25.000000
10.866479	2.070831	3.719590	9.684007	1.962835	3.459810	41.853200	30.990600	25.000000
10.866479	2.070831	3.719590	11.872658	2.512532	3.554003	41.853200	32.088300	25.000000
10.866479	2.070831	3.719590	10.984535	1.634565	3.907638	41.853200	32.710500	25.000000
10.866479	2.070831	3.719590	10.756398	1.569867	3.966444	41.853200	33.808200	25.000000
10.866959	2.070807	3.719678	11.118003	1.958178	3.837575	41.853200	34.430400	25.000000
10.866959	2.070807	3.719678	10.587256	1.858092	3.836331	41.853200	35.528100	25.000000
10.866479	2.070831	3.719590	11.002272	2.042553	3.774890	41.853200	36.150200	25.000000
10.866479	2.070831	3.719590	10.807868	2.030989	3.758241	41.853200	37.247900	25.000000
10.866479	2.070831	3.719590	10.793980	2.062905	3.732511	41.853200	37.870100	25.000000
10.866479	2.070831	3.719590	10.843431	2.060462	3.741189	41.853200	38.967800	25.000000
10.866479	2.070831	3.719590	10.893117	2.068451	3.703514	42.713100	16.609400	25.000000
10.866959	2.070807	3.719678	10.893117	2.068451	3.703514	42.713100	18.329300	25.000000
10.866479	2.070831	3.719590	10.876121	2.069300	3.680217	42.713100	18.951400	25.000000
10.866479	2.070831	3.719590	10.893117	2.068451	3.703514	42.713100	20.049100	25.000000
10.866479	2.070831	3.719590	11.002272	2.042553	3.641754	42.713100	20.671300	25.000000
10.866479	2.070831	3.719590	10.718675	2.056098	3.600523	42.713100	21.769000	25.000000
10.866479	2.070831	3.719590	10.812030	1.979811	3.396351	42.713100	22.391200	25.000000
10.866479	2.070831	3.719590	10.898165	1.926961	3.460247	42.713100	23.488900	25.000000
10.866479	2.070831	3.719590	9.248805	2.594738	4.926096	42.713100	24.111100	25.000000
10.866479	2.070831	3.719590	12.250816	2.130077	4.171144	42.713100	25.208800	25.000000
10.866479	2.070831	3.719590	10.644247	2.596197	5.665041	42.713100	25.830900	25.000000
10.866959	2.070807	3.719678	11.029506	2.664918	5.623875	42.713100	26.928700	25.000000
10.866479	2.070831	3.719590	11.205802	2.533962	5.148072	42.713100	27.550800	25.000000
10.866479	2.070831	3.719590	10.442222	2.648849	5.266696	42.713100	28.648500	25.000000
10.866479	2.070831	3.719590	9.792456	2.857522	2.725218	42.713100	29.270700	25.000000
10.866479	2.070831	3.719590	11.766520	2.928347	5.095132	42.713100	30.368400	25.000000
10.866479	2.070831	3.719590	11.819475	2.314270	3.796588	42.713100	30.990600	25.000000
10.866479	2.070831	3.719590	9.845811	1.934225	3.473652	42.713100	32.088300	25.000000
10.866479	2.070831	3.719590	10.957924	1.461985	3.901023	42.713100	32.710500	25.000000
10.866479	2.070831	3.719590	10.892791	1.595586	3.926991	42.713100	33.808200	25.000000
10.866959	2.070807	3.719678	11.058933	1.960359	3.830073	42.713100	34.430400	25.000000
10.866959	2.070807	3.719678	10.675205	1.855658	3.816334	42.713100	35.528100	25.000000
10.866479	2.070831	3.719590	10.957189	2.034423	3.774890	42.713100	36.150200	25.000000
10.866479	2.070831	3.719590	10.830051	2.029974	3.743880	42.713100	37.247900	25.000000
10.866479	2.070831	3.719590	10.867382	2.059288	3.726705	42.713100	37.870100	25.000000
10.866479	2.070831	3.719590	10.870143	2.048764	3.735342	42.713100	38.967800	25.000000
10.866479	2.070831	3.719590	10.793980	2.062905	3.732511	42.713100	40.687700	25.000000
10.866479	2.070831	3.719590	10.841587	2.071035	3.732511	42.713100	42.407600	25.000000
10.866479	2.070831	3.719590	10.893117	2.068451	3.703514	43.573100	18.951400	25.000000
10.866479	2.070831	3.719590	10.893117	2.068451	3.703514	43.573100	20.049100	25.000000
10.866479	2.070831	3.719590	10.787493	2.073778	3.662051	43.573100	20.671300	25.000000
10.866479	2.070831	3.719590	11.057577	2.050169	3.664531	43.573100	21.769000	25.000000
10.866479	2.070831	3.719590	10.676142	2.026656	3.493037	43.573100	22.391200	25.000000
10.866479	2.070831	3.719590	11.143608	1.947572	3.527475	43.573100	23.488900	25.000000
10.866479	2.070831	3.719590	8.907300	2.294785	3.477560	43.573100	24.111100	25.000000
10.866479	2.070831	3.719590	12.448695	1.897918	3.715479	43.573100	25.208800	25.000000
10.866479	2.070831	3.719590	11.691262	2.667163	4.588498	43.573100	25.830900	25.000000
10.866959	2.070807	3.719678	9.893538	2.689596	4.126312	43.573100	26.928700	25.000000
10.866479	2.070831	3.719590	11.338236	2.580534	4.433634	43.573100	27.550800	25.000000
10.866479	2.070831	3.719590	10.465376	2.732069	4.289535	43.573100	28.648500	25.000000
10.866479	2.070831	3.719590	10.215674	2.691891	4.086904	43.573100	29.270700	25.000000
10.866479	2.070831	3.719590	11.489996	2.513926	3.832536	43.573100	30.368400	25.000000
10.866479	2.070831	3.719590	10.439828	2.148362	3.682012	43.573100	30.990600	25.000000
10.866479	2.070831	3.719590	11.148094	1.769443	3.744823	43.573100	32.088300	25.000000
10.866479	2.070831	3.719590	11.964034	1.410465	3.909029	43.573100	32.710500	25.000000
10.866479	2.070831	3.719590	9.655511	1.588404	3.838983	43.573100	33.808200	25.000000
10.866959	2.070807	3.719678	10.690650	1.874784	3.794897	43.573100	34.430400	25.000000
10.866959	2.070807	3.719678	11.072488	1.959856	3.816334	43.573100	35.528100	25.000000
10.866479	2.070831	3.719590	10.763828	2.022665	3.758241	43.573100	36.150200	25.000000
10.866479	2.070831	3.719590	10.977249	2.033510	3.760659	43.573100	37.247900	25.000000
10.866479	2.070831	3.719590	10.870143	2.048764	3.735342	43.573100	37.870100	25.000000
10.866479	2.070831	3.719590	10.916501	2.056898	3.735342	43.573100	38.967800	25.000000
10.866479	2.070831	3.719590	10.867382	2.059288	3.726705	43.573100	39.590000	25.000000
10.866479	2.070831	3.719590	10.867382	2.059288	3.726705	43.573100	40.687700	25.000000
10.866479	2.070831	3.719590	10.893117	2.068451	3.703514	44.433000	20.049100	25.000000
10.866479	2.070831	3.719590	10.800926	2.073093	3.685635	44.433000	20.671300	25.000000
10.866479	2.070831	3.719590	10.949886	2.055288	3.683782	44.433000	21.769000	25.000000
10.866479	2.070831	3.719590	10.863241	2.008043	3.582517	44.433000	22.391200	25.000000
10.866479	2.070831	3.719590	10.881636	2.048217	3.637636	44.433000	23.488900	25.000000
10.866479	2.070831	3.719590	10.953082	1.867276	3.502598	44.433000	24.111100	25.000000
10.866479	2.070831	3.719590	10.823123	1.880633	3.386571	44.433000	25.208800	25.000000
10.866479	2.070831	3.719590	9.651425	2.202582	3.414601	44.433000	25.830900	25.000000
10.866959	2.070807	3.719678	11.890753	2.051659	3.805964	44.433000	26.928700	25.000000
10.866479	2.070831	3.719590	10.532806	2.310521	3.790235	44.433000	27.550800	25.000000
10.866479	2.070831	3.719590	11.122050	2.386609	3.806088	44.433000	28.648500	25.000000
10.866479	2.070831	3.719590	10.784248	2.217716	3.819963	44.433000	29.270700	25.000000
10.866479	2.070831	3.719590	10.916959	2.098792	3.738419	44.433000	30.368400	25.000000
10.866479	2.070831	3.719590	10.998314	1.778686	3.801821	44.433000	30.990600	25.000000
10.866479	2.070831	3.719590	10.730801	1.523252	3.680412	44.433000	32.088300	25.000000
10.866479	2.070831	3.719590	12.103006	1.555841	3.886078	44.433000	32.710500	25.000000
10.866479	2.070831	3.719590	9.486866	1.573432	3.747137	44.433000	33.808200	25.000000
10.866959	2.070807	3.719678	10.555094	1.939081	3.746495	44.433000	34.430400	25.000000
10.866959	2.070807	3.719678	11.191068	1.917242	3.819301	44.433000	35.528100	25.000000
10.866479	2.070831	3.719590	10.977249	2.033510	3.760659	44.433000	36.150200	25.000000
10.866479	2.070831	3.719590	10.735455	2.023948	3.735342	44.433000	37.247900	25.000000
10.866479	2.070831	3.719590	10.870143	2.048764	3.735342	44.433000	37.870100	25.000000
10.866479	2.070831	3.719590	10.916501	2.056898	3.735342	44.433000	38.967800	25.000000
10.866479	2.070831	3.719590	10.793980	2.062905	3.732511	44.433000	39.590000	25.000000
10.866479	2.070831	3.719590	10.841587	2.071035	3.732511	44.433000	41.309900	25.000000
10.865744	2.070868	3.719647	10.893117	2.068451	3.703514	45.292900	18.951400	25.000000
10.865744	2.070868	3.719647	10.874282	2.058951	3.689155	45.292900	20.671300	25.000000
10.865744	2.070868	3.719647	10.771258	2.064036	3.709130	45.292900	21.769000	25.000000
10.865744	2.070868	3.719647	10.878879	2.038025	3.646691	45.292900	22.391200	25.000000
10.865744	2.070868	3.719647	10.904586	2.057475	3.674895	45.292900	23.488900	25.000000
10.865744	2.070868	3.719647	10.679419	1.995452	3.531641	45.292900	24.111100	25.000000
10.865744	2.070868	3.719647	11.104053	1.910504	3.575335	45.292900	25.208800	25.000000
10.865744	2.070868	3.719647	10.758945	1.798621	3.412029	45.292900	25.830900	25.000000
10.866224	2.070844	3.719735	10.928042	1.765098	3.483989	45.292900	26.928700	25.000000
10.865744	2.070868	3.719647	10.989995	1.800285	3.555073	45.292900	27.550800	25.000000
10.865744	2.070868	3.719647	10.733592	1.834713	3.527475	45.292900	28.648500	25.000000
10.865744	2.070868	3.719647	11.210959	1.690609	3.689716	45.292900	29.270700	25.000000
10.865744	2.070868	3.719647	10.449900	1.668561	3.536384	45.292900	30.368400	25.000000
10.865744	2.070868	3.719647	10.467015	1.405722	3.691979	45.292900	30.990600	25.000000
10.865744	2.070868	3.719647	11.219541	1.444790	3.689716	45.292900	32.088300	25.000000
10.865744	2.070868	3.719647	10.737788	1.806733	3.777431	45.292900	32.710500	25.000000
10.865744	2.070868	3.719647	11.025534	1.599824	3.772390	45.292900	33.808200	25.000000
10.866224	2.070844	3.719735	10.813418	1.920019	3.773283	45.292900	34.430400	25.000000
10.866224	2.070844	3.719735	10.850806	1.978262	3.763009	45.292900	35.528100	25.000000
10.865744	2.070868	3.719647	10.925658	2.035867	3.752319	45.292900	36.150200	25.000000
10.865744	2.070868	3.719647	10.786102	2.021663	3.743880	45.292900	37.247900	25.000000
10.865744	2.070868	3.719647	10.870143	2.048764	3.735342	45.292900	37.870100	25.000000
10.865744	2.070868	3.719647	10.916501	2.056898	3.735342	45.292900	38.967800	25.000000
10.865744	2.070868	3.719647	10.793980	2.062905	3.732511	45.292900	39.590000	25.000000
10.866479	2.070831	3.719590	10.893117	2.068451	3.703514	46.152900	20.671300	25.000000
10.866479	2.070831	3.719590	10.828666	2.061189	3.680217	46.152900	22.391200	25.000000
10.866479	2.070831	3.719590	10.949886	2.055288	3.683782	46.152900	23.488900	25.000000
10.866479	2.070831	3.719590	10.707474	2.035642	3.619258	46.152900	24.111100	25.000000
10.866479	2.070831	3.719590	11.029053	2.001027	3.640939	46.152900	25.208800	25.000000
10.866479	2.070831	3.719590	11.079260	1.835632	3.575960	46.152900	25.830900	25.000000
10.866959	2.070807	3.719678	10.759182	1.931771	3.507340	46.152900	26.928700	25.000000
10.866479	2.070831	3.719590	11.047280	1.645091	3.552444	46.152900	27.550800	25.000000
10.866479	2.070831	3.719590	10.606526	1.686075	3.430322	46.152900	28.648500	25.000000
10.866479	2.070831	3.719590	10.763480	1.463749	3.555073	46.152900	29.270700	25.000000
10.866479	2.070831	3.719590	11.033476	1.549043	3.532200	46.152900	30.368400	25.000000
10.866479	2.070831	3.719590	11.621482	1.562708	3.724822	46.152900	30.990600	25.000000
10.866479	2.070831	3.719590	10.109285	1.589988	3.614090	46.152900	32.088300	25.000000
10.866479	2.070831	3.719590	10.508092	1.870263	3.721308	46.152900	32.710500	25.000000
10.866479	2.070831	3.719590	11.180787	1.768855	3.765023	46.152900	33.808200	25.000000
10.866959	2.070807	3.719678	10.998636	1.982367	3.779141	46.152900	34.430400	25.000000
10.866959	2.070807	3.719678	10.730331	1.952794	3.726810	46.152900	35.528100	25.000000
10.866479	2.070831	3.719590	10.954908	2.024347	3.746495	46.152900	36.150200	25.000000
10.866479	2.070831	3.719590	10.824509	2.040561	3.735342	46.152900	37.247900	25.000000
10.866479	2.070831	3.719590	10.870143	2.048764	3.735342	46.152900	37.870100	25.000000
10.866479	2.070831	3.719590	10.867382	2.059288	3.726705	46.152900	38.967800	25.000000
10.866479	2.070831	3.719590	10.867382	2.059288	3.726705	46.152900	41.309900	25.000000
10.865744	2.070868	3.719647	10.771258	2.064036	3.709130	47.012800	20.671300	25.000000
10.865744	2.070868	3.719647	10.845736	2.060349	3.703514	47.012800	21.769000	25.000000
10.865744	2.070868	3.719647	10.893117	2.068451	3.703514	47.012800	22.391200	25.000000
10.865744	2.070868	3.719647	10.874282	2.058951	3.689155	47.012800	23.488900	25.000000
10.865744	2.070868	3.719647	10.860018	2.059648	3.665913	47.012800	24.111100	25.000000
10.865744	2.070868	3.719647	10.934807	2.035447	3.678503	47.012800	25.208800	25.000000
10.865744	2.070868	3.719647	10.907795	1.996047	3.645759	47.012800	25.830900	25.000000
10.866224	2.070844	3.719735	10.865542	1.957718	3.605240	47.012800	26.928700	25.000000
10.865744	2.070868	3.719647	10.745697	1.844060	3.549023	47.012800	27.550800	25.000000
10.865744	2.070868	3.719647	10.933435	1.877404	3.630986	47.012800	28.648500	25.000000
10.865744	2.070868	3.719647	10.931336	1.781849	3.596872	47.012800	29.270700	25.000000
10.865744	2.070868	3.719647	10.776530	1.751804	3.622116	47.012800	30.368400	25.000000
10.865744	2.070868	3.719647	10.896862	1.759117	3.659580	47.012800	30.990600	25.000000
10.865744	2.070868	3.719647	10.797634	1.820665	3.695126	47.012800	32.088300	25.000000
10.865744	2.070868	3.719647	11.071585	1.873456	3.745342	47.012800	32.710500	25.000000
10.865744	2.070868	3.719647	10.728467	1.922904	3.707560	47.012800	33.808200	25.000000
10.866224	2.070844	3.719735	10.920623	2.005588	3.754800	47.012800	34.430400	25.000000
10.866224	2.070844	3.719735	10.806480	1.969968	3.726810	47.012800	35.528100	25.000000
10.865744	2.070868	3.719647	10.904128	2.026618	3.738094	47.012800	36.150200	25.000000
10.865744	2.070868	3.719647	10.824509	2.040561	3.735342	47.012800	37.247900	25.000000
10.865744	2.070868	3.719647	10.916501	2.056898	3.735342	47.012800	37.870100	25.000000
10.865744	2.070868	3.719647	10.894953	2.047585	3.720999	47.012800	38.967800	25.000000
10.865744	2.070868	3.719647	10.867382	2.059288	3.726705	47.012800	39.590000	25.000000
10.866479	2.070831	3.719590	10.845736	2.060349	3.703514	47.872800	20.671300	25.000000
10.866479	2.070831	3.719590	10.893117	2.068451	3.703514	47.872800	21.769000	25.000000
10.866479	2.070831	3.719590	10.845736	2.060349	3.703514	47.872800	22.391200	25.000000
10.866479	2.070831	3.719590	10.771258	2.064036	3.709130	47.872800	23.488900	25.000000
10.866479	2.070831	3.719590	10.920623	2.056699	3.697997	47.872800	24.111100	25.000000
10.866479	2.070831	3.719590	10.904586	2.057475	3.674895	47.872800	25.208800	25.000000
10.866479	2.070831	3.719590	10.970415	2.013545	3.682012	47.872800	25.830900	25.000000
10.866959	2.070807	3.719678	10.711676	2.025030	3.651718	47.872800	26.928700	25.000000
10.866479	2.070831	3.719590	10.958102	1.964139	3.658288	47.872800	27.550800	25.000000
10.866479	2.070831	3.719590	10.739646	1.982734	3.627964	47.872800	28.648500	25.000000
10.866479	2.070831	3.719590	10.953082	1.905696	3.657142	47.872800	29.270700	25.000000
10.866479	2.070831	3.719590	10.929318	1.925901	3.640161	47.872800	30.368400	25.000000
10.866479	2.070831	3.719590	10.918333	1.906804	3.670365	47.872800	30.990600	25.000000
10.866479	2.070831	3.719590	10.854032	1.908874	3.697086	47.872800	32.088300	25.000000
10.866479	2.070831	3.719590	10.952169	1.934881	3.732305	47.872800	32.710500	25.000000
10.866479	2.070831	3.719590	10.783784	1.970856	3.704461	47.872800	33.808200	25.000000
10.866959	2.070807	3.719678	10.876580	1.997347	3.718391	47.872800	34.430400	25.000000
10.866959	2.070807	3.719678	10.985900	2.012877	3.740768	47.872800	35.528100	25.000000
10.866479	2.070831	3.719590	10.948516	2.034819	3.738094	47.872800	36.150200	25.000000
10.866479	2.070831	3.719590	10.943948	2.045274	3.729595	47.872800	37.247900	25.000000
10.866479	2.070831	3.719590	10.820813	2.051127	3.726705	47.872800	37.870100	25.000000
10.866479	2.070831	3.719590	10.867382	2.059288	3.726705	47.872800	38.967800	25.000000
10.866479	2.070831	3.719590	10.793980	2.062905	3.732511	47.872800	42.407600	25.000000
10.866479	2.070831	3.719590	10.845736	2.060349	3.703514	48.732700	24.111100	25.000000
10.866479	2.070831	3.719590	10.920623	2.056699	3.697997	48.732700	25.208800	25.000000
10.866479	2.070831	3.719590	10.827742	2.050794	3.689155	48.732700	25.830900	25.000000
10.866959	2.070807	3.719678	10.904586	2.036836	3.692575	48.732700	26.928700	25.000000
10.866479	2.070831	3.719590	10.881636	2.007253	3.673317	48.732700	27.550800	25.000000
10.866479	2.070831	3.719590	10.890363	2.027238	3.678503	48.732700	28.648500	25.000000
10.866479	2.070831	3.719590	10.837435	1.978795	3.668220	48.732700	29.270700	25.000000
10.866479	2.070831	3.719590	10.931148	1.975092	3.685425	48.732700	30.368400	25.000000
10.866479	2.070831	3.719590	10.940293	1.964815	3.693896	48.732700	30.990600	25.000000
10.866479	2.070831	3.719590	10.813418	1.969698	3.690618	48.732700	32.088300	25.000000
10.866479	2.070831	3.719590	10.774507	1.981321	3.695900	48.732700	32.710500	25.000000
10.866479	2.070831	3.719590	10.885771	1.986897	3.726810	48.732700	33.808200	25.000000
10.866959	2.070807	3.719678	10.854032	2.028882	3.729595	48.732700	34.430400	25.000000
10.866959	2.070807	3.719678	10.842509	2.008937	3.723946	48.732700	35.528100	25.000000
10.866479	2.070831	3.719590	10.849424	2.039395	3.720999	48.732700	36.150200	25.000000
10.866479	2.070831	3.719590	10.943948	2.045274	3.729595	48.732700	37.247900	25.000000
10.866479	2.070831	3.719590	10.941207	2.055705	3.720999	48.732700	37.870100	25.000000
10.866479	2.070831	3.719590	10.894953	2.047585	3.720999	48.732700	38.967800	25.000000
10.866479	2.070831	3.719590	10.867382	2.059288	3.726705	48.732700	41.309900	25.000000
10.866479	2.070831	3.719590	10.893117	2.058033	3.712306	49.592700	22.391200	25.000000
10.866479	2.070831	3.719590	10.893117	2.068451	3.703514	49.592700	24.111100	25.000000
10.866479	2.070831	3.719590	10.893117	2.058033	3.712306	49.592700	25.208800	25.000000
10.866479	2.070831	3.719590	10.874282	2.048567	3.697997	49.592700	25.830900	25.000000
10.866959	2.070807	3.719678	10.752209	2.054454	3.694624	49.592700	26.928700	25.000000
10.866479	2.070831	3.719590	10.858177	2.038987	3.683782	49.592700	27.550800	25.000000
10.866479	2.070831	3.719590	10.904586	2.036836	3.692575	49.592700	28.648500	25.000000
10.866479	2.070831	3.719590	10.860018	2.028610	3.692575	49.592700	29.270700	25.000000
10.866479	2.070831	3.719590	10.769401	2.022414	3.683782	49.592700	30.368400	25.000000
10.866479	2.070831	3.719590	10.897706	2.006565	3.695900	49.592700	30.990600	25.000000
10.866479	2.070831	3.719590	10.897706	2.006565	3.695900	49.592700	32.088300	25.000000
10.866479	2.070831	3.719590	10.918333	2.005685	3.718391	49.592700	32.710500	25.000000
10.866479	2.070831	3.719590	10.787493	2.021601	3.706742	49.592700	33.808200	25.000000
10.866959	2.070807	3.719678	10.849424	2.039395	3.720999	49.592700	34.430400	25.000000
10.866959	2.070807	3.719678	10.836051	2.019433	3.715392	49.592700	35.528100	25.000000
10.866479	2.070831	3.719590	10.820813	2.051127	3.726705	49.592700	36.150200	25.000000
10.866479	2.070831	3.719590	10.849424	2.039395	3.720999	49.592700	37.247900	25.000000
10.866479	2.070831	3.719590	10.820813	2.051127	3.726705	49.592700	37.870100	25.000000
10.866479	2.070831	3.719590	10.867382	2.059288	3.726705	49.592700	39.590000	25.000000
10.866479	2.070831	3.719590	10.893117	2.058033	3.712306	50.452600	25.208800	25.000000
10.866479	2.070831	3.719590	10.893117	2.058033	3.712306	50.452600	25.830900	25.000000
10.866959	2.070807	3.719678	10.845736	2.060349	3.703514	50.452600	26.928700	25.000000
10.866479	2.070831	3.719590	10.874282	2.048567	3.697997	50.452600	27.550800	25.000000
10.866479	2.070831	3.719590	10.921538	2.046328	3.706742	50.452600	28.648500	25.000000
10.866479	2.070831	3.719590	10.860018	2.028610	3.692575	50.452600	29.270700	25.000000
10.866479	2.070831	3.719590	10.921538	2.046328	3.706742	50.452600	30.368400	25.000000
10.866479	2.070831	3.719590	10.831436	2.029911	3.706742	50.452600	30.990600	25.000000
10.866479	2.070831	3.719590	10.907337	2.026474	3.701274	50.452600	32.088300	25.000000
10.866479	2.070831	3.719590	10.924285	2.035930	3.715392	50.452600	32.710500	25.000000
10.866479	2.070831	3.719590	10.879798	2.027715	3.715392	50.452600	33.808200	25.000000
10.866959	2.070807	3.719678	10.898624	2.037112	3.729595	50.452600	34.430400	25.000000
10.866959	2.070807	3.719678	10.849424	2.039395	3.720999	50.452600	35.528100	25.000000
10.866479	2.070831	3.719590	10.894953	2.047585	3.720999	50.452600	36.150200	25.000000
10.866479	2.070831	3.719590	10.867382	2.059288	3.726705	50.452600	37.247900	25.000000
10.866479	2.070831	3.719590	10.867382	2.059288	3.726705	50.452600	38.967800	25.000000
10.866479	2.070831	3.719590	10.867382	2.059288	3.726705	50.452600	39.590000	25.000000
10.865744	2.070868	3.719647	10.893117	2.068451	3.703514	51.312500	25.830900	25.000000
10.865744	2.070868	3.719647	10.845736	2.060349	3.703514	51.312500	27.550800	25.000000
10.865744	2.070868	3.719647	10.845736	2.060349	3.703514	51.312500	28.648500	25.000000
10.865744	2.070868	3.719647	10.893117	2.058033	3.712306	51.312500	29.270700	25.000000
10.865744	2.070868	3.719647	10.921538	2.046328	3.706742	51.312500	30.368400	25.000000
10.865744	2.070868	3.719647	10.800926	2.041670	3.712306	51.312500	30.990600	25.000000
10.865744	2.070868	3.719647	10.800926	2.041670	3.712306	51.312500	32.088300	25.000000
10.865744	2.070868	3.719647	10.876121	2.038153	3.706742	51.312500	32.710500	25.000000
10.865744	2.070868	3.719647	10.921538	2.046328	3.706742	51.312500	33.808200	25.000000
10.866224	2.070844	3.719735	10.894953	2.047585	3.720999	51.312500	34.430400	25.000000
10.866224	2.070844	3.719735	10.846658	2.049886	3.712306	51.312500	35.528100	25.000000
10.865744	2.070868	3.719647	10.820813	2.051127	3.726705	51.312500	36.150200	25.000000
10.865744	2.070868	3.719647	10.846658	2.049886	3.712306	51.312500	37.247900	25.000000
10.865744	2.070868	3.719647	10.867382	2.059288	3.726705	51.312500	38.967800	25.000000
10.866479	2.070831	3.719590	10.771258	2.064036	3.709130	52.172500	25.830900	25.000000
10.866479	2.070831	3.719590	10.771258	2.064036	3.709130	52.172500	27.550800	25.000000
10.866479	2.070831	3.719590	10.893117	2.058033	3.712306	52.172500	29.270700	25.000000
10.866479	2.070831	3.719590	10.893117	2.058033	3.712306	52.172500	30.368400	25.000000
10.866479	2.070831	3.719590	10.846658	2.049886	3.712306	52.172500	30.990600	25.000000
10.866479	2.070831	3.719590	10.893117	2.058033	3.712306	52.172500	32.088300	25.000000
10.866479	2.070831	3.719590	10.846658	2.049886	3.712306	52.172500	32.710500	25.000000
10.866479	2.070831	3.719590	10.893117	2.058033	3.712306	52.172500	33.808200	25.000000
10.866959	2.070807	3.719678	10.941207	2.055705	3.720999	52.172500	34.430400	25.000000
10.866959	2.070807	3.719678	10.941207	2.055705	3.720999	52.172500	35.528100	25.000000
10.866479	2.070831	3.719590	10.893117	2.058033	3.712306	52.172500	36.150200	25.000000
10.866479	2.070831	3.719590	10.893117	2.058033	3.712306	52.172500	37.247900	25.000000
10.866479	2.070831	3.719590	10.841587	2.071035	3.732511	53.032400	16.609400	25.000000
10.866479	2.070831	3.719590	10.893117	2.058033	3.712306	53.032400	27.550800	25.000000
10.866479	2.070831	3.719590	10.893117	2.058033	3.712306	53.032400	30.990600	25.000000
10.866479	2.070831	3.719590	10.846658	2.049886	3.712306	53.032400	32.088300	25.000000
10.866479	2.070831	3.719590	10.893117	2.058033	3.712306	53.032400	32.710500	25.000000
10.866479	2.070831	3.719590	10.820813	2.051127	3.726705	53.032400	33.808200	25.000000
10.866959	2.070807	3.719678	10.893117	2.058033	3.712306	53.032400	34.430400	25.000000
10.866479	2.070831	3.719590	10.867382	2.059288	3.726705	53.032400	36.150200	25.000000
10.866479	2.070831	3.719590	10.941207	2.055705	3.720999	53.032400	37.247900	25.000000
10.866479	2.070831	3.719590	10.941207	2.055705	3.720999	53.032400	38.967800	25.000000
10.866479	2.070831	3.719590	10.941207	2.055705	3.720999	53.032400	39.590000	25.000000
10.866479	2.070831	3.719590	10.893117	2.058033	3.712306	53.892400	30.990600	25.000000
10.866479	2.070831	3.719590	10.941207	2.055705	3.720999	53.892400	33.808200	25.000000
10.866959	2.070807	3.719678	10.893117	2.058033	3.712306	53.892400	34.430400	25.000000
10.866959	2.070807	3.719678	10.893117	2.058033	3.712306	53.892400	35.528100	25.000000
10.866479	2.070831	3.719590	10.867382	2.059288	3.726705	53.892400	38.967800	25.000000
10.866479	2.070831	3.719590	10.893117	2.058033	3.712306	54.752300	32.088300	25.000000
10.866959	2.070807	3.719678	10.893117	2.058033	3.712306	54.752300	34.430400	25.000000
10.866479	2.070831	3.719590	10.867382	2.059288	3.726705	54.752300	37.870100	25.000000
10.865744	2.070868	3.719647	10.893117	2.058033	3.712306	55.612200	30.990600	25.000000
10.865744	2.070868	3.719647	10.941207	2.055705	3.720999	55.612200	33.808200	25.000000
